-4.823	-1.8513	-0.21091	4.7026	0.11737	1.2529	0.22785	-1.911	0.0063881	-1.1939	-0.20351	0.21668	0.52794	-1.4419	0	0	0	0	0	0	0	0	0	0	0	0	0	0
-3.4042	13.498	5.0797	3.3912	0.51101	2.571	0.66301	-0.97472	-0.91417	-2.7326	0.5464	1.2086	-0.34905	-1.669	56.749	613.95	211.62	-52.455	15.745	52.725	17.406	37.452	-36.822	-61.547	29.996	39.676	-35.079	-9.0836
-2.4574	21.764	7.6785	-0.27648	2.0838	3.2094	0.13942	0.14229	-1.583	-3.4241	0.23439	1.7224	-0.94961	-0.95928	37.872	330.65	103.95	-146.71	62.91	25.536	-20.944	44.68	-26.753	-27.662	-12.48	20.554	-24.023	28.387
-2.3172	22.894	9.7943	-1.6563	2.1289	3.3691	-0.007495	-0.12108	-0.87281	-3.5019	-0.66022	2.06	-1.342	-0.58282	5.6073	45.199	84.631	-55.192	1.8051	6.3871	-5.8765	-10.535	28.408	-3.112	-35.785	13.502	-15.693	15.058
-2.6813	21.56	7.1082	1.1911	1.3154	3.1434	0.67298	-0.61407	-0.46811	-3.8092	-0.16409	1.6983	-0.92539	-1.3737	-14.564	-53.329	-107.44	113.89	-32.54	-9.0248	27.219	-19.72	16.188	-12.292	19.845	-14.467	16.662	-31.634
-3.2687	14.327	-6.9915	10.599	-1.1633	1.3535	3.4552	-4.6369	-0.60488	-3.5151	-0.56613	4.0367	-0.24386	-1.7598	-23.495	-289.36	-563.99	376.32	-99.146	-71.597	111.29	-160.91	-5.471	11.766	-16.082	93.536	27.261	-15.445
-3.2326	8.9792	-18.873	10.39	-3.4315	-1.0004	4.529	-2.4516	2.3244	-0.44397	-0.4174	1.0618	-0.41517	-0.26126	1.4444	-213.9	-475.28	-8.3722	-90.728	-94.156	42.953	87.412	117.17	122.84	5.949	-119	-6.8523	59.942
-2.9947	13.316	-22.218	6.9526	-5.0112	0.52437	4.3166	-1.9556	2.4434	1.993	0.34252	-0.020032	-2.1656	0.33561	9.5173	173.46	-133.77	-137.48	-63.19	60.99	-8.4961	19.842	4.7615	97.477	30.397	-43.272	-70.017	23.875
-2.8899	12.437	-21.883	6.8883	-5.3998	-1.9109	4.2861	0.082494	2.7183	2.5063	1.1184	1.2952	-2.1127	0.14886	4.1928	-35.148	13.393	-2.5705	-15.545	-97.412	-1.2221	81.522	10.995	20.535	31.037	52.607	2.115	-7.4698
-2.8599	9.463	-24.064	6.7119	-5.4645	-1.7014	4.38	-2.4967	3.9945	4.7385	0.54536	1.0519	-0.33257	0.17084	1.1995	-118.95	-87.264	-7.0567	-2.5857	8.3826	3.7574	-103.17	51.047	89.287	-22.923	-9.7288	71.206	0.87905
-2.8062	11.426	-22.487	9.9416	-3.1015	-0.96387	4.6698	0.22309	3.2443	2.3546	-0.69274	1.0383	0.36316	0.70045	2.1469	78.518	63.108	129.19	94.519	29.5	11.592	108.79	-30.006	-95.354	-49.524	-0.54634	27.829	21.185
-2.6691	11.888	-22.079	10.643	-1.9819	-1.0091	4.3278	1.4976	1.7128	2.2565	-0.7052	0.3577	0.20792	1.2036	5.4839	18.467	16.296	28.056	44.785	-1.8078	-13.679	50.98	-61.262	-3.9254	-0.49841	-27.223	-6.2095	20.126
-2.2619	14.251	-22.942	11.865	-2.7287	-2.366	2.7864	-0.75327	1.2463	2.2858	0.43942	2.2844	0.12773	-0.50605	16.289	94.514	-34.495	48.892	-29.871	-54.279	-61.655	-90.035	-18.657	1.173	45.785	77.067	-3.2075	-68.386
-1.7424	20.759	-21.842	12.956	-2.5458	-3.238	3.3987	-0.63227	1.2654	2.6547	-1.5835	0.45703	0.25129	-0.53018	20.779	260.33	43.986	43.648	7.3161	-34.879	24.492	4.8401	0.76343	14.753	-80.917	-73.094	4.9424	-0.9653
-1.305	26.769	-23.217	9.334	-1.6057	-2.651	4.0825	-2.2846	0.11038	4.3013	-0.84003	2.1594	0.21664	0.23311	17.496	240.4	-55.009	-144.9	37.603	23.48	27.35	-66.093	-46.201	65.867	29.739	68.097	-1.3861	30.532
-1.4635	24.608	-22.907	8.6362	-2.3104	-0.58342	5.4045	-3.7229	-0.34826	2.7094	-1.8311	0.98801	-1.5546	-0.61894	-6.3373	-86.411	12.397	-27.916	-28.189	82.704	52.879	-57.535	-18.346	-63.676	-39.642	-46.858	-70.851	-34.082
-2.5231	21.454	-18.043	6.0445	-1.5947	-2.7558	2.9064	-2.707	0.27674	2.7499	-0.14726	2.0937	-0.17686	0.16296	-42.384	-126.19	194.58	-103.67	28.629	-86.895	-99.923	40.639	25	1.6186	67.352	44.228	55.111	31.276
-3.2727	14.39	-9.5806	8.7726	0.62711	-0.13871	4.8607	-2.3366	0.39527	1.719	-0.25692	0.68453	-1.0807	-1.9112	-29.985	-282.53	338.49	109.13	88.872	104.68	78.174	14.814	4.7414	-41.235	-4.3861	-56.367	-36.152	-82.965
-2.2476	22.353	3.7077	3.9179	4.2836	2.2763	0.35377	-3.1521	-2.0481	-1.1765	-0.067855	1.6176	-2.8246	-2.5452	41.005	318.49	531.53	-194.19	146.26	96.6	-180.28	-32.619	-97.736	-115.82	7.5624	37.322	-69.759	-25.362
-1.6759	29.338	6.2013	-0.12603	3.2206	3.1939	-2.2895	-1.9847	-3.01	-2.3167	0.48182	1.1888	-2.0967	-1.7298	22.866	279.43	99.744	-161.76	-42.518	36.706	-105.73	46.696	-38.473	-45.611	21.987	-17.152	29.116	32.617
-1.4468	28.272	6.5031	0.59247	2.9083	3.0103	-2.1552	-1.6521	-4.289	-2.0182	1.7604	1.573	-3.2534	-1.9439	9.1639	-42.66	12.071	28.74	-12.491	-7.347	5.3727	13.306	-51.164	11.939	51.143	15.368	-46.267	-8.5648
-1.307	32.311	6.3678	-1.565	3.1706	3.7111	-2.2545	-1.2316	-4.507	-2.0731	1.2512	1.5135	-2.0906	-1.7682	5.5907	161.56	-5.4142	-86.299	10.492	28.035	-3.9733	16.817	-8.7179	-2.1952	-20.366	-2.381	46.511	7.0293
-1.2638	34.226	7.9757	-4.6058	4.007	3.5982	-2.1461	-0.43136	-4.4545	-1.7779	0.051085	0.62972	-0.46451	-1.1837	1.7295	76.586	64.316	-121.63	33.454	-4.5182	4.3354	32.011	2.1015	11.809	-48.006	-35.349	65.045	23.38
-1.4487	41.276	4.6368	-2.2673	3.6958	-0.5371	-0.61763	-1.1153	-3.9689	-0.80117	0.55345	0.66997	-1.6648	-1.9506	-7.3946	282.02	-133.55	93.541	-12.447	-165.41	61.139	-27.357	19.424	39.069	20.094	1.6101	-48.011	-30.677
-1.8718	36.482	-4.9998	4.4294	0.39341	-2.4167	2.4802	-2.6619	-2.9751	1.4145	-1.539	1.3205	-1.3582	-1.0662	-16.925	-191.78	-385.47	267.87	-132.1	-75.184	123.91	-61.864	39.75	88.626	-83.699	26.021	12.261	35.375
-2.5926	29.155	-13.998	6.2612	0.56908	-1.7475	3.0028	0.49504	-0.59597	3.1809	0.36419	0.69212	-0.016324	-2.3666	-28.834	-293.05	-359.94	73.271	7.0271	26.77	20.906	126.28	95.165	70.656	76.129	-25.135	53.677	-52.012
-2.4102	32.597	-16.317	5.3938	-1.2956	-5.1088	-0.17818	-0.59299	0.94475	2.8185	0.31318	1.6377	0.60872	-0.83335	7.2961	137.67	-92.759	-34.697	-74.588	-134.45	-127.24	-43.521	61.629	-14.495	-2.0404	37.822	25.002	61.328
-2.3902	25.253	-20.619	6.9151	-2.3692	-3.0449	0.79003	-2.5277	-0.53114	2.4678	-1.28	-1.1734	-0.88968	0.37407	0.80019	-293.76	-172.05	60.853	-42.942	82.557	38.728	-77.389	-59.036	-14.031	-63.729	-112.44	-59.936	48.296
-2.8678	14.043	-22.332	7.2842	-1.9123	-1.6547	4.7394	-0.84766	0.8226	4.4379	-1.7128	-0.97686	-1.0072	0.29187	-19.101	-448.42	-68.532	14.764	18.275	55.608	157.97	67.203	54.15	78.805	-17.312	7.8615	-4.7005	-3.2878
-4.0673	-4.5598	-19.914	6.7815	-2.031	-0.90413	4.0419	-0.68395	1.8779	2.7758	-1.9879	1.0377	-0.75709	0.48232	-47.983	-744.1	96.715	-20.107	-4.7474	30.023	-27.9	6.5481	42.213	-66.485	-11.004	80.583	10.004	7.618
-6.5174	-42.22	-17.825	6.8407	-0.5527	-0.28207	4.3504	0.51801	2.451	1.1837	-0.49564	1.9945	-0.09821	0.21165	-98.004	-1506.4	83.545	2.3682	59.131	24.882	12.341	48.079	22.921	-63.681	59.692	38.272	26.355	-10.827
-11.45	-84.583	-13.831	6.002	-2.7532	2.2915	1.7382	0.12154	1.0938	1.4629	-0.67183	1.6322	0.27213	1.2019	-197.3	-1694.5	159.78	-33.55	-88.021	102.94	-104.49	-15.859	-54.285	11.167	-7.0473	-14.492	14.813	39.611
-7.8474	-55.07	-15.191	-4.0403	-1.5814	-3.733	2.2283	-1.3333	1.4898	1.1314	-1.0562	0.33367	-0.60731	-0.027871	144.1	1180.5	-54.407	-401.69	46.875	-240.98	19.606	-58.194	15.839	-13.259	-15.373	-51.941	-35.178	-49.192
-5.7564	3.1647	-13.843	-1.5126	-2.9475	-3.6106	0.1888	-3.8224	1.1883	2.1682	1.0196	1.0846	0.70569	0.42154	83.64	2329.4	53.937	101.11	-54.644	4.8952	-81.58	-99.565	-12.059	41.472	83.028	30.038	52.52	17.977
-5.1417	3.1878	-17.047	2.0596	-3.7431	-2.166	0.66579	-4.4732	0.53101	2.2371	0.58929	1.5968	-0.28512	-0.13759	24.587	0.92577	-128.17	142.89	-31.826	57.787	19.079	-26.03	-26.293	2.7563	-17.21	20.485	-39.632	-22.365
-5.558	-3.2089	-18.603	0.94421	-3.2796	-1.8473	1.7798	-1.8945	2.3665	2.8134	1.0315	1.0874	-2.4024	-0.24769	-16.652	-255.87	-62.229	-44.617	18.542	12.746	44.561	103.15	73.421	23.052	17.69	-20.373	-84.691	-4.4039
-4.4227	-10.504	-2.9792	6.8746	2.1405	1.4296	3.3282	-3.1523	-0.028218	0.70595	-1.4313	1.0838	-0.75608	-1.1726	45.412	-291.82	624.94	237.22	216.8	131.08	61.934	-50.315	-95.79	-84.298	-98.512	-0.14428	65.852	-36.995
-2.1615	8.9213	11.937	3.8667	0.92232	-0.77634	-0.30484	-1.6624	-1.9544	-2.0611	-1.6651	0.91299	-0.35711	-0.50546	90.449	777.02	596.67	-120.31	-48.727	-88.237	-145.32	59.597	-77.048	-110.68	-9.3512	-6.8336	15.959	26.684
-1.7747	24.926	9.9437	0.4222	1.4205	-1.282	-3.3258	-1.4159	-2.313	-2.7005	0.15042	0.12405	-0.82114	-0.76282	15.474	640.17	-79.75	-137.78	19.929	-20.228	-120.84	9.86	-14.342	-25.575	72.619	-31.558	-18.561	-10.294
-1.995	18.648	11.155	-1.289	2.5501	-1.2791	-2.3593	-0.24881	-1.9776	-2.4225	1.9633	-0.21196	-0.49187	-1.35	-8.8146	-251.11	48.47	-68.449	45.182	0.11587	38.661	46.683	13.415	11.12	72.516	-13.44	13.171	-23.487
-2.8101	8.4382	13.075	-0.66645	-0.15011	0.024053	0.2851	-1.5892	0.57401	-4.4839	2.9015	-1.5234	0.35265	-1.4616	-32.604	-408.39	76.792	24.904	-108.01	52.127	105.78	-53.614	102.07	-82.454	37.527	-52.459	33.781	-4.4652
-3.6638	-1.7345	9.8186	0.90047	2.0076	2.0673	2.5305	-4.455	4.4599	-4.0338	-2.0575	-1.3589	2.8745	-1.893	-34.147	-406.91	-130.27	62.677	86.31	81.729	89.815	-114.63	155.43	18.001	-198.36	6.5799	100.87	-17.253
-3.7795	-0.23809	9.1691	-0.77293	2.0401	3.0774	2.1103	-3.7484	3.6502	-3.7409	-2.5898	-0.81208	3.4692	-1.6168	-4.6267	59.855	-25.982	-66.936	1.2972	40.403	-16.808	28.262	-32.387	11.719	-21.29	21.874	23.79	11.047
-3.9255	-0.98173	9.0584	-1.9534	2.364	3.9811	2.3161	-4.5087	4.0406	-4.0493	-2.1335	-0.64708	3.0382	-0.8183	-5.841	-29.746	-4.4287	-47.219	12.956	36.152	8.2348	-30.413	15.618	-12.337	18.25	6.6001	-17.239	31.94
-4.0855	-1.1478	9.1086	-3.3696	2.9247	4.6119	1.779	-3.6316	3.1661	-3.6684	-1.9189	0.46147	2.6541	-0.63584	-6.3983	-6.6426	2.0101	-56.646	22.429	25.23	-21.484	35.083	-34.983	15.236	8.5845	44.342	-15.364	7.2986
-4.1553	0.10586	8.2027	-3.5896	3.191	3.9417	2.7152	-4.3306	2.2934	-2.6816	-2.1722	1.129	2.5291	-0.72668	-2.795	50.146	-36.238	-8.8001	10.652	-26.809	37.447	-27.958	-34.906	39.469	-10.132	26.7	-5.0029	-3.634
-4.124	0.51591	8.7807	-4.0671	3.1299	3.4576	2.3068	-4.1581	2.9007	-2.98	-1.8111	1.1757	2.1955	-0.65204	1.253	16.402	23.121	-19.103	-2.4436	-19.364	-16.336	6.9	24.29	-11.935	14.442	1.8692	-13.341	2.9858
-4.1873	-1.7934	10.343	-4.4744	3.4361	3.4584	1.4226	-3.9645	3.1603	-2.4349	-2.414	1.4365	2.1937	-0.60642	-2.5334	-92.37	62.48	-16.288	12.249	0.034857	-35.367	7.7443	10.384	21.805	-24.114	10.433	-0.074296	1.8249
-4.0622	-0.61544	9.8093	-4.3315	3.6517	3.3958	1.1886	-3.9499	3.1115	-2.1432	-2.3662	0.81959	2.3127	-0.25971	5.0053	47.116	-21.335	5.7148	8.6244	-2.507	-9.3618	0.58187	-1.9513	11.667	1.9137	-24.678	4.7606	13.868
-4.124	-1.0068	10.304	-4.6454	3.6601	3.5757	1.351	-4.3288	3.5311	-2.422	-2.1502	0.64519	1.7186	0.48805	-2.4733	-15.655	19.792	-12.556	0.33527	7.1993	6.4986	-15.154	16.785	-11.15	8.6372	-6.9763	-23.763	29.911
-3.7613	-1.4013	9.9625	-3.651	3.4105	3.2139	2.1464	-4.4223	3.4713	-2.7745	-2.2458	0.43944	1.815	1.1089	14.509	-15.779	-13.665	39.777	-9.9848	-14.475	31.815	-3.7414	-2.3937	-14.101	-3.8217	-8.23	3.856	24.833
-2.5566	20.444	12.128	-8.1555	-0.54058	2.4657	-1.3817	-0.91644	-1.2124	-2.3316	1.6237	0.058189	0.13449	0.35994	48.188	873.8	86.624	-180.18	-158.04	-29.924	-141.12	140.24	-187.35	17.715	154.78	-15.25	-67.221	-29.958
-1.8478	29.934	10.424	-8.0831	0.080357	1.8377	-4.578	-0.66824	-2.7664	0.01338	2.2659	-0.21795	-1.3075	0.54154	28.354	379.6	-68.145	2.8931	24.838	-25.122	-127.85	9.9281	-62.159	93.8	25.69	-11.045	-57.68	7.2641
-1.6781	29.796	9.9683	-6.442	-0.43593	2.4318	-5.0217	-2.039	-0.77684	0.75755	1.6437	-0.70758	-1.9334	1.3608	6.786	-5.5254	-18.247	65.647	-20.652	23.763	-17.751	-54.83	79.581	29.767	-24.889	-19.585	-25.037	32.77
-1.4702	31.185	9.9111	-6.9024	0.69008	2.2528	-5.3241	-2.5098	-0.53073	0.84309	1.8839	-0.60678	-2.5005	2.0239	8.3175	55.579	-2.2868	-18.417	45.041	-7.1591	-12.096	-18.831	9.8445	3.4217	9.6077	4.032	-22.684	26.522
-1.5805	31.194	9.2958	-6.1628	1.7058	2.2689	-5.1697	-2.5085	-0.82075	0.19988	1.2429	-1.4912	-1.3145	1.878	-4.4125	0.36767	-24.612	29.585	40.63	0.64559	6.1756	0.048874	-11.601	-25.728	-25.637	-35.378	47.439	-5.8331
-1.6113	31.728	7.8527	-5.3289	3.0213	1.993	-4.6773	-2.7601	-1.167	0.39787	0.61011	-1.2389	-1.3946	1.6238	-1.2311	21.34	-57.725	33.353	52.619	-11.037	19.697	-10.062	-13.848	7.9194	-25.312	10.093	-3.2018	-10.17
-1.4543	32.174	7.3684	-5.9207	4.413	3.8635	-5.176	-2.4348	-1.4775	-0.086608	0.67858	-2.4453	-1.3551	1.8735	6.2776	17.832	-19.373	-23.671	55.669	74.819	-19.946	13.01	-12.423	-19.379	2.7387	-48.257	1.5785	9.9907
-1.556	29.79	8.8245	-6.1177	5.2556	4.7623	-5.1594	-1.4171	-1.7578	-0.42456	0.43463	-2.7728	-1.523	1.4892	-4.0663	-95.346	58.243	-7.8782	33.701	35.953	0.66416	40.71	-11.211	-13.518	-9.7577	-13.096	-6.7156	-15.374
-1.6541	28.084	9.8493	-5.8702	5.1254	6.4788	-3.8869	-0.78707	-2.9544	0.15101	0.14796	-2.5837	-2.3628	1.2	-3.9255	-68.234	40.992	9.899	-5.2077	68.659	50.898	25.201	-47.862	23.023	-11.467	7.5618	-33.59	-11.566
-2.1403	17.544	12.38	-6.5554	3.7141	7.3368	-1.6849	-0.18477	-4.2176	-0.056923	0.35439	-1.8505	-3.1717	0.15476	-19.448	-421.62	101.23	-27.409	-56.45	34.32	88.079	24.092	-50.53	-8.3173	8.257	29.327	-32.357	-41.811
-4.3131	-28.518	13.51	-2.3792	0.13903	3.6627	0.95185	2.338	0.05953	-0.23482	0.32166	0.11555	-0.3573	0.91787	-86.91	-1842.5	45.196	167.05	-143	-146.97	105.47	100.91	171.09	-7.1158	-1.3091	78.643	112.58	30.524
-7.5645	-57.439	11.163	6.0865	1.7801	2.1159	3.7204	2.3279	3.3915	1.347	-1.0663	-2.0536	-0.63714	0.73498	-130.06	-1156.8	-93.86	338.63	65.643	-61.87	110.74	-0.40336	133.28	63.272	-55.52	-86.765	-11.194	-7.3158
-8.0378	-67.389	10.067	10.311	1.5108	1.3176	3.0252	2.7483	4.6771	1.5375	-2.1208	-2.1136	-0.50984	0.52632	-18.933	-398	-43.862	168.98	-10.773	-31.932	-27.808	16.819	51.423	7.6223	-42.176	-2.4015	5.0921	-8.3464
-8.6612	-71.293	5.3252	11.762	2.4663	1.4934	4.0928	2.9972	3.2445	1.7269	-1.8691	-1.0366	-1.0199	-0.7385	-24.933	-156.18	-189.67	58.06	38.223	7.0322	42.705	9.9548	-57.304	7.5758	10.064	43.082	-20.403	-50.593
-9.5002	-77.399	0.89773	8.0719	3.5635	3.6314	4.8687	2.9737	2.6303	2.285	-0.87505	0.00028062	-1.4594	-1.4678	-33.562	-244.23	-177.1	-147.62	43.888	85.518	31.037	-0.94083	-24.57	22.323	39.764	41.474	-17.581	-29.173
-11.017	-82.168	-4.2329	7.8419	1.4274	3.1143	3.6399	2.5368	2.3415	2.6125	0.44845	0.64037	0.367	-1.6772	-60.682	-190.77	-205.22	-9.2016	-85.445	-20.684	-49.153	-17.478	-11.55	13.099	52.94	25.603	73.058	-8.375
-12.514	-84.357	-8.159	3.8821	-1.2167	1.3376	2.8193	-1.2408	1.6269	2.3024	0.43847	1.5036	1.1022	-1.2132	-59.884	-87.533	-157.04	-158.39	-105.76	-71.067	-32.825	-151.1	-28.584	-12.402	-0.39922	34.531	29.409	18.56
-11.082	-82.677	-9.3692	1.6635	-2.3642	-0.01837	4.6439	0.3801	0.64709	1.661	0.20968	0.23932	-0.58698	-0.46359	57.297	67.193	-48.408	-88.745	-45.898	-54.24	72.983	64.838	-39.192	-25.657	-9.1516	-50.573	-67.569	29.985
-9.273	-37.892	-4.6678	-0.069137	-2.7222	0.38251	1.7136	0.085008	1.6165	1.0886	0.11302	0.37231	-0.499	-1.1648	72.355	1791.4	188.06	-69.306	-14.323	16.035	-117.21	-11.804	38.777	-22.897	-3.8665	5.3196	3.5196	-28.05
-7.0234	-22.781	-2.9054	-1.8254	-5.0865	0.58229	2.3084	-0.63659	1.1898	-0.034966	1.3919	-0.43623	0.8519	0.41444	89.987	604.44	70.495	-70.252	-94.573	7.9911	23.792	-28.864	-17.069	-44.942	51.155	-32.342	54.036	63.171
-5.6326	-4.4176	-3.6873	-1.2994	-3.1694	1.2403	4.2161	0.4512	0.53142	-2.9024	1.2333	-0.46769	1.1921	0.55246	55.629	734.54	-31.275	21.041	76.685	26.32	76.309	43.512	-26.335	-114.7	-6.3441	-1.2581	13.608	5.5207
-3.1668	-0.3811	15.298	2.7283	-7.3109	0.64958	2.7492	1.9213	-1.3047	-2.0604	0.0483	-2.3066	-0.83211	1.565	98.633	161.46	759.43	161.11	-165.66	-23.629	-58.676	58.806	-73.445	33.681	-47.4	-73.556	-80.969	40.503
-2.0004	8.3055	20.295	0.69391	-9.2295	0.83041	0.68952	4.8651	-5.4163	-4.1297	1.2535	-2.2908	-2.1723	3.2797	46.659	347.46	199.88	-81.376	-76.742	7.2333	-82.388	117.75	-164.47	-82.772	48.209	0.63186	-53.609	68.587
-1.5111	12.855	19.446	-0.26582	-8.7518	1.1272	0.37123	3.9702	-6.3371	-4.1563	1.7372	-2.1599	-1.5266	3.1787	19.57	181.96	-33.982	-38.389	19.108	11.873	-12.731	-35.795	-36.83	-1.0633	19.346	5.2364	25.828	-4.0392
-1.4141	16.415	19.741	-3.0319	-8.0375	2.2354	-0.021786	4.0495	-7.7425	-3.2958	2.2162	-2.0727	-0.95256	3.1365	3.8811	142.41	11.829	-110.64	28.57	44.327	-15.721	3.1712	-56.215	34.42	19.16	3.4862	22.963	-1.6895
-1.3541	20.972	17.622	-4.7313	-5.8848	2.5507	-0.21807	2.7467	-7.5801	-2.42	2.714	-2.2799	-0.62349	2.1705	2.401	182.27	-84.79	-67.979	86.11	12.613	-7.8514	-52.111	6.4948	35.033	19.914	-8.2859	13.163	-38.639
-1.4781	22.921	16.382	-5.5071	-4.6259	4.3647	-1.559	1.5219	-6.9456	-1.5451	3.4293	-2.6713	-0.98374	2.2684	-4.9635	77.984	-49.594	-31.031	50.353	72.56	-53.637	-48.99	25.379	34.996	28.611	-15.657	-14.41	3.914
-1.5516	23.715	15.59	-7.3774	-1.9488	4.8876	-2.3157	0.15977	-6.2812	-0.68951	3.1639	-3.0331	-0.88137	1.9278	-2.9397	31.754	-31.663	-74.813	107.09	20.917	-30.269	-54.487	26.576	34.223	-10.614	-14.472	4.0949	-13.623
-1.7236	24.154	13.576	-7.0466	0.57551	4.5315	-2.596	-0.7331	-5.641	0.086436	2.7784	-3.3153	-1.4185	2.1881	-6.8768	17.546	-80.591	13.232	100.97	-14.245	-11.212	-35.715	25.61	31.038	-15.42	-11.29	-21.483	10.415
-1.8573	21.427	12.225	-6.2736	2.8783	5.1965	-3.2108	-0.65783	-5.1582	1.4661	1.6137	-4.0327	-1.7998	2.7378	-5.3483	-109.07	-54.035	30.923	92.113	26.6	-24.591	3.011	19.309	55.186	-46.588	-28.697	-15.254	21.988
-2.421	17.487	10.553	-5.254	5.0646	6.1689	-3.5676	-0.51797	-4.0818	2.9726	0.17145	-4.4606	-2.1946	2.7521	-22.549	-157.6	-66.885	40.782	87.449	38.898	-14.274	5.5941	43.058	60.259	-57.692	-17.116	-15.793	0.56925
-3.0321	12.446	6.8213	-4.0133	7.0883	6.3393	-2.3979	-0.80676	-2.2504	3.7505	-0.51539	-4.5136	-1.5655	2.1794	-24.446	-201.65	-149.25	49.626	80.949	6.815	46.789	-11.551	73.255	31.116	-27.474	-2.1192	25.166	-22.909
-3.773	0.3375	5.1522	-4.0795	8.7003	7.0041	-2.765	-1.5228	-1.2342	3.0649	0.73239	-3.6783	0.054652	1.6435	-29.633	-484.32	-66.763	-2.645	64.48	26.591	-14.682	-28.642	40.648	-27.421	49.911	33.414	64.805	-21.434
-4.6327	-3.0104	1.1636	-4.1173	8.3646	6.8712	-2.8168	0.080682	-1.0874	2.6614	-0.96831	-3.3817	0.060801	0.59402	-34.39	-133.92	-159.54	-1.5126	-13.426	-5.3181	-2.0731	64.14	5.8732	-16.141	-68.028	11.862	0.24598	-41.979
-5.5814	-9.2123	-3.2441	-3.1381	8.7018	7.6284	-0.99806	-0.27313	0.19974	2.2521	-1.5979	-4.633	-1.1316	0.52907	-37.949	-248.08	-176.31	39.166	13.486	30.288	72.749	-14.153	51.484	-16.371	-25.185	-50.052	-47.697	-2.598
-7.4827	-44.301	-3.0774	1.5604	2.9432	7.249	3.4973	-4.1481	-0.67433	1.7299	-0.7317	-2.6949	-1.0079	1.6524	-76.049	-1403.5	6.6703	187.94	-230.34	-15.175	179.81	-155	-34.963	-20.889	34.65	77.523	4.9502	44.934
-11.339	-82.157	-6.1819	7.6063	2.7487	5.1552	4.3956	0.58322	1.0879	2.7944	-0.048291	-0.071997	0.48223	-0.5538	-154.26	-1514.3	-124.18	241.84	-7.781	-83.752	35.931	189.25	70.488	42.58	27.336	104.92	59.604	-88.248
-12.151	-90.391	-11.525	4.9101	-0.45913	3.2115	4.8912	2.5739	2.2046	1.8645	1.1176	1.1767	0.4363	-1.5244	-32.488	-329.35	-213.71	-107.85	-128.31	-77.75	19.825	79.629	44.67	-37.196	46.638	49.948	-1.8374	-38.823
-12.102	-91.85	-11.634	3.7163	-1.5237	2.9375	3.757	-0.052942	2.2487	1.4921	-0.37663	0.39081	0.18145	-1.2084	1.9874	-58.351	-4.368	-47.752	-42.583	-10.96	-45.37	-105.08	1.7639	-14.897	-59.771	-31.435	-10.194	12.64
-11.961	-92.983	-12.919	1.6564	-2.8955	0.91906	0.68242	0.022803	1.821	1.8449	0.12896	1.9359	0.67604	0.6508	5.6063	-45.325	-51.425	-82.396	-54.872	-80.737	-122.98	3.0298	-17.107	14.113	20.224	61.804	19.784	74.368
-12.1	-88.922	-10.655	4.6962	-1.336	0.48892	1.0532	1.879	3.0853	0.64303	-0.54582	0.87525	0.83389	0.44204	-5.5413	162.42	90.583	121.59	62.382	-17.206	14.83	74.248	50.569	-48.075	-26.991	-42.426	6.3139	-8.3506
-5.6664	-8.3824	-8.8183	-1.136	-2.5581	-2.5118	0.7344	-2.5602	1.2254	0.32497	-0.65489	0.16903	-1.241	0.18595	257.34	3221.6	73.46	-233.29	-48.885	-120.03	-12.75	-177.57	-74.393	-12.722	-4.3629	-28.249	-82.996	-10.243
-5.2944	14.141	-11.421	-0.10212	-3.0281	-2.575	-0.76868	-3.177	1.3058	-0.099488	-0.98138	0.60674	-1.5711	-0.17126	14.88	900.94	-104.11	41.355	-18.802	-2.526	-60.124	-24.669	3.2158	-16.978	-13.059	17.508	-13.204	-14.289
-4.5213	2.5519	-9.7212	4.1378	2.4235	1.1999	2.3587	-2.3665	1.4158	0.9794	-0.46803	1.9339	-1.9027	-1.7775	30.922	-463.57	67.99	169.6	218.06	150.99	125.1	32.417	4.398	43.156	20.534	53.088	-13.262	-64.248
-1.8704	22.347	7.5391	-2.6327	4.2241	0.97858	-1.4029	-1.6452	-1.4523	-0.22096	0.0036769	1.4896	-2.574	0.07488	106.04	791.79	690.41	-270.82	72.026	-8.8512	-150.46	28.855	-114.72	-48.014	18.868	-17.773	-26.853	74.093
-1.2627	35.315	10.063	-5.5274	3.687	1.3233	-4.3492	-2.2539	-2.622	-1.6429	1.4807	1.2271	-2.2627	0.95462	24.309	518.75	100.96	-115.79	-21.484	13.789	-117.85	-24.349	-46.79	-56.877	59.08	-10.499	12.452	35.189
-0.8618	39.632	6.2712	-3.9444	1.235	0.88348	-4.5341	-2.6893	-1.042	-1.0052	2.7671	2.0607	-2.2761	0.32688	16.034	172.68	-151.68	63.319	-98.08	-17.593	-7.3951	-17.416	63.2	25.509	51.456	33.344	-0.53719	-25.109
-1.0375	49.1	-1.4989	-0.68267	-0.97463	-1.0235	-2.2096	-3.0146	-0.66895	-0.82178	3.9119	1.4395	-2.0231	0.63298	-7.0294	378.7	-310.8	130.47	-88.385	-76.278	92.981	-13.014	14.922	7.3351	45.793	-24.85	10.119	12.244
-1.2789	40.115	6.5199	-6.1364	-0.87974	-0.91747	-2.5632	-1.5722	0.070634	-0.88975	3.967	0.89326	-2.3026	0.5357	-9.655	-359.39	320.75	-218.15	3.7955	4.2398	-14.144	57.698	29.583	-2.7188	2.2045	-21.849	-11.18	-3.8913
-1.3466	34.91	10.539	-8.3476	-1.3012	-0.9065	-2.2581	-1.5277	1.2047	-1.8593	4.4009	0.16509	-1.7274	0.8602	-2.7082	-208.22	160.76	-88.449	-16.858	0.43909	12.206	1.7806	45.362	-38.781	17.358	-29.127	23.01	12.98
-1.2891	34.78	11.164	-8.8323	-2.1615	-0.65898	-2.1087	-1.0976	1.8759	-1.7821	3.7553	0.063747	-1.5203	0.3795	2.3023	-5.1723	25.005	-19.389	-34.413	9.9006	5.9724	17.203	26.847	3.0882	-25.825	-4.0537	8.2845	-19.228
-1.3006	35.21	10.898	-8.2768	-2.6899	-1.0532	-1.9124	-1.1303	2.4734	-2.2723	3.5761	0.21111	-1.1305	0.12847	-0.46129	17.169	-10.641	22.22	-21.134	-15.77	7.8528	-1.3077	23.901	-19.609	-7.1689	5.8944	15.593	-10.041
-1.2617	36.18	10.826	-8.3697	-2.6648	-1.7564	-1.9943	-0.5558	2.4847	-3.1392	4.1265	0.077815	-1.1531	0.59184	1.5561	38.808	-2.8945	-3.7158	1.0006	-28.126	-3.2744	22.979	0.45254	-34.677	22.016	-5.3317	-0.90522	18.534
-1.0323	35.18	11.755	-8.0241	-2.8705	-2.13	-1.9647	0.26386	1.8817	-2.8698	4.0593	0.12923	-1.1737	1.2459	9.1766	-39.988	37.187	13.827	-8.2261	-14.943	1.1827	32.787	-24.119	10.777	-2.6888	2.0566	-0.82377	26.163
-1.151	35.679	11.421	-7.3705	-3.1324	-2.5871	-1.8903	0.23057	2.3048	-3.6374	4.0492	-0.50956	-0.62308	1.1943	-4.7492	19.963	-13.352	26.14	-10.476	-18.285	2.9765	-1.3318	16.925	-30.703	-0.40476	-25.551	22.024	-2.0647
-1.2042	35.357	11.689	-6.7048	-3.692	-3.1567	-1.1651	0.40837	1.9958	-3.602	3.3046	-0.37882	-0.2345	1.2534	-2.1266	-12.909	10.685	26.628	-22.383	-22.785	29.009	7.1121	-12.362	1.4145	-29.784	5.2295	15.543	2.3626
-1.128	35.334	10.271	-4.8431	-4.1453	-3.2227	-0.87688	0.66908	1.6415	-3.4069	2.1371	0.0025447	0.43111	0.85648	3.0479	-0.898	-56.702	74.47	-18.132	-2.6389	11.528	10.428	-14.173	7.8031	-46.697	15.255	26.624	-15.876
-1.3461	31.956	11.695	-3.5168	-4.9663	-3.1763	-0.5037	0.21018	1.8548	-3.2564	1.7611	-0.040959	0.40055	1.2527	-8.7239	-135.12	56.966	53.052	-32.842	1.8543	14.927	-18.356	8.5338	6.0193	-15.042	-1.7401	-1.2225	15.849
-1.572	31.081	10.73	-1.667	-5.2913	-3.3316	-0.14847	0.14723	1.5105	-2.7994	0.84761	-0.21407	0.7717	1.5629	-9.0355	-35.009	-38.596	73.99	-13.001	-6.2088	14.209	-2.5176	-13.771	18.283	-36.539	-6.9244	14.846	12.409
-1.7046	26.001	11.973	-0.44809	-6.1086	-1.9677	-0.20564	-0.3715	2.0136	-3.6304	0.86845	-0.29092	0.4714	2.4023	-5.305	-203.18	49.69	48.758	-32.691	54.555	-2.2869	-20.749	20.125	-33.24	0.83365	-3.074	-12.012	33.576
-2.3707	18.527	12.62	1.4339	-5.5141	-0.77674	-0.27844	-0.37872	2.9475	-4.6716	-0.091025	-0.058135	0.058222	2.0907	-26.645	-298.96	25.912	75.279	23.779	47.637	-2.9123	-0.28858	37.352	-41.65	-38.379	9.3113	-16.527	-12.464
-3.2173	6.8179	13.346	0.3571	-3.1679	2.1276	0.084893	-1.7729	5.3979	-5.3914	-1.889	0.54702	-0.043879	0.11085	-33.862	-468.38	29.037	-43.071	93.851	116.18	14.533	-55.766	98.017	-28.79	-71.921	24.206	-4.084	-79.195
-4.01	0.37293	7.5602	0.080327	-0.11567	2.1106	-0.26626	-1.2019	6.0196	-5.8452	-1.3334	0.25075	0.19027	-0.48302	-31.708	-257.8	-231.44	-11.071	122.09	-0.6822	-14.046	22.837	24.87	-18.153	22.225	-11.851	9.3659	-23.755
-5.2178	-5.8656	4.0231	3.8033	1.3681	3.5333	-1.9845	-1.7955	7.1683	-5.9783	-1.0297	0.53999	0.28668	-0.17725	-48.313	-249.54	-141.48	148.92	59.35	56.908	-68.728	-23.744	45.949	-5.3235	12.149	11.57	3.8564	12.231
-5.8028	-14.783	1.7927	5.8018	3.1817	1.8993	-1.9724	-2.6119	3.7222	-1.7476	-2.2184	0.89193	0.52244	-1.3241	-23.401	-356.71	-89.216	79.938	72.544	-65.358	0.4833	-32.654	-137.85	169.23	-47.549	14.077	9.4304	-45.875
-5.9895	-4.1917	-9.974	2.2102	-0.50731	-0.2588	3.4622	-0.29159	0.58527	0.26885	-2.1401	-0.023494	-0.62138	0.34655	-7.4674	423.66	-470.67	-143.66	-147.56	-86.326	217.38	92.811	-125.48	80.657	3.1314	-36.617	-45.753	66.827
-4.8657	-19.959	-22.242	10.492	0.61522	-1.8868	2.6639	0.65585	-0.14226	1.7209	-1.7685	0.9503	1.0303	0.60673	44.951	-630.67	-490.72	331.27	44.901	-65.122	-31.932	37.898	-29.101	58.081	14.866	38.952	66.067	10.407
-3.9523	-11.156	-27.711	8.6053	1.2672	-2.8566	4.2024	-0.81964	-0.86593	1.7784	-1.6385	2.5745	0.90855	0.19137	36.538	352.08	-218.77	-75.46	26.081	-38.79	61.537	-59.02	-28.947	2.3005	5.1976	64.967	-4.8693	-16.614
-3.5623	-5.8622	-28.867	6.3416	-0.42238	-2.6594	5.0543	0.66967	1.1102	3.7437	-2.329	1.2464	0.79552	-0.42897	15.597	211.77	-46.232	-90.551	-67.584	7.8865	34.077	59.573	79.046	78.614	-27.621	-53.125	-4.5215	-24.813
-3.6572	-7.8693	-29.524	6.4915	-1.4131	-2.7383	4.9052	0.14404	0.084217	3.0564	-1.8615	0.57353	0.24361	-0.46422	-3.795	-80.281	-26.274	5.9976	-39.629	-3.1544	-5.9643	-21.025	-41.04	-27.496	18.702	-26.913	-22.076	-1.41
-3.7171	-10.98	-26.796	7.492	-4.0381	-2.4164	3.5705	0.22284	0.91021	3.969	-1.4692	0.54758	-0.42469	0.16937	-2.3974	-124.41	109.13	40.02	-105	12.875	-53.388	3.1518	33.04	36.505	15.693	-1.0381	-26.732	25.344
-3.7886	-5.7001	-26.064	5.2773	-2.4859	-1.2387	3.7631	0.21129	0.29276	4.3863	-2.8577	1.9256	0.62905	0.34429	-2.8571	211.18	29.257	-88.587	62.087	47.107	7.705	-0.46203	-24.698	16.694	-55.543	55.12	42.149	6.9965
-3.8039	-0.80553	-22.511	6.9847	-1.9244	-4.2476	2.6672	1.5896	0.50932	3.3083	-2.2083	0.34547	0.24523	-0.2748	-0.6137	195.78	142.12	68.297	22.461	-120.35	-43.834	55.132	8.6622	-43.122	25.975	-63.205	-15.353	-24.763
-3.9363	3.7749	-20.892	5.4464	-2.3339	-5.1906	1.4487	1.4259	-1.598	4.4745	-0.45699	-0.29609	0.6113	0.65364	-5.2947	183.22	64.761	-61.535	-16.379	-37.721	-48.743	-6.5465	-84.294	46.648	70.054	-25.662	14.643	37.137
-3.7564	6.2124	-22.259	4.4883	-1.4513	-3.7942	2.7751	0.6656	-2.0931	3.5245	-1.001	-0.52353	0.11067	-0.35582	7.1949	97.497	-54.691	-38.324	35.304	55.855	53.058	-30.413	-19.803	-37.997	-21.759	-9.0978	-20.025	-40.378
-3.6593	12.227	-20.24	3.3094	-1.0919	-4.3104	3.4115	1.3454	-1.5662	1.8725	0.35586	1.6959	0.014034	-1.092	3.8841	240.6	80.775	-47.156	14.373	-20.649	25.454	27.193	21.077	-66.081	54.273	88.776	-3.8654	-29.446
-3.8677	14.215	-17.185	3.5155	-0.30485	-4.2571	2.291	-0.3868	-0.81803	1.0439	-0.38914	0.37708	-0.30029	-0.69857	-8.3366	79.527	122.21	8.2448	31.483	2.1347	-44.819	-69.289	29.926	-33.145	-29.8	-52.751	-12.573	15.736
-4.3588	11.171	-11.556	1.2259	-2.932	-4.679	1.6674	-1.0585	-2.9741	1.9377	0.30024	-1.0851	-0.53754	-1.4599	-19.643	-121.79	225.17	-91.585	-105.09	-16.877	-24.944	-26.868	-86.245	35.75	27.575	-58.486	-9.49	-30.454
-5.1256	1.6294	-7.8993	1.3677	-1.9114	-3.2133	0.20455	-0.74652	-2.7241	0.87931	-0.49276	0.53295	0.15596	-0.87776	-30.674	-381.66	146.25	5.6719	40.825	58.628	-58.514	12.479	10.002	-42.334	-31.72	64.721	27.74	23.286
-3.91	2.1075	7.1343	1.7866	3.156	0.57057	-0.05209	1.661	-2.4491	-0.027247	0.74973	1.1779	-0.058496	-1.6523	48.624	19.125	601.34	16.76	202.7	151.35	-10.266	96.299	10.998	-36.262	49.7	25.797	-8.5784	-30.98
-2.9019	18.611	9.3508	-3.8495	2.8864	2.7837	-3.1379	1.5713	-4.4543	0.17109	-0.24808	2.1525	-0.98944	-0.082059	40.324	660.14	88.659	-225.45	-10.785	88.524	-123.43	-3.5851	-80.208	7.9336	-39.913	38.985	-37.238	62.809
-2.5696	21.015	9.9029	-5.3775	3.4639	3.4874	-5.4033	1.9596	-5.7815	-0.2378	0.91882	1.546	-0.0087792	-0.34608	13.291	96.14	22.086	-61.119	23.1	28.15	-90.614	15.53	-53.087	-16.356	46.676	-24.259	39.227	-10.561
-2.6311	14.801	12.034	-4.8095	1.8293	4.6081	-6.4738	2.2694	-4.9739	-1.4833	1.7084	0.80515	0.61211	-0.14226	-2.459	-248.53	85.252	22.72	-65.384	44.828	-42.821	12.393	32.306	-49.821	31.583	-29.636	24.836	8.1529
-2.8536	17.808	7.6003	-1.8832	-0.13817	5.0674	-5.8905	1.6246	-4.1809	-1.6787	1.5939	1.2022	-0.073997	0.52291	-8.899	120.26	-177.36	117.05	-78.698	18.371	23.332	-25.79	31.717	-7.8148	-4.5779	15.881	-27.444	26.607
-3.0461	11.772	11.806	-4.787	0.37843	4.996	-6.0341	2.6854	-4.5485	-1.6503	1.5006	1.1792	0.30021	-0.098831	-7.7021	-241.45	168.21	-116.15	20.664	-2.8545	-5.7435	42.432	-14.701	1.1353	-3.7341	-0.91947	14.968	-24.87
-3.2378	7.7145	13.396	-5.5218	0.91976	4.5303	-5.6362	3.2375	-5.0365	-1.104	1.1795	1.1714	0.61391	-0.37611	-7.6646	-162.29	63.621	-29.394	21.653	-18.628	15.917	22.081	-19.524	21.851	-12.842	-0.312	12.548	-11.091
-3.5737	6.2914	12.717	-4.0509	0.43931	3.6911	-4.6683	2.9657	-4.187	-1.406	1.6174	0.61081	1.1124	-0.65342	-13.438	-56.925	-27.178	58.837	-19.218	-33.569	38.713	-10.871	33.982	-12.078	17.516	-22.423	19.938	-11.093
-3.713	3.3316	14.262	-4.4449	0.23194	4.0308	-5.0976	3.5505	-4.2223	-0.92547	1.0738	0.23682	1.6692	-0.49562	-5.5724	-118.39	61.814	-15.762	-8.2947	13.586	-17.17	23.394	-1.4104	19.221	-21.745	-14.96	22.276	6.3122
-3.8587	2.1364	14.569	-4.0663	-0.36121	3.8355	-4.6247	3.822	-3.9452	-1.2517	1.2804	-0.24111	2.2847	-0.5361	-5.8262	-47.809	12.293	15.147	-23.726	-7.8094	18.917	10.86	11.081	-13.049	8.263	-19.117	24.616	-1.6191
-3.9696	1.5397	13.987	-3.5479	-0.29439	2.4217	-3.9607	4.3112	-3.5251	-1.2339	1.0058	-0.52918	2.1407	0.16484	-4.4381	-23.87	-23.306	20.735	2.6726	-56.553	26.558	19.567	16.804	0.71166	-10.986	-11.523	-5.7583	28.037
-4.0289	-0.066181	14.706	-3.4131	-0.74436	1.9489	-2.9638	4.1239	-3.5681	-0.637	-0.11116	0.099585	2.1623	0.49538	-2.3722	-64.234	28.753	5.3909	-17.999	-18.912	39.876	-7.4921	-1.7169	23.876	-44.676	25.151	0.86574	13.222
-4.1612	-1.9682	14.353	-2.6865	-0.54528	1.1739	-2.8542	4.0741	-3.1377	-1.1067	0.44378	-0.33423	2.6061	0.91151	-5.2905	-76.081	-14.084	29.067	7.963	-30.999	4.3854	-1.9937	17.215	-18.786	22.198	-17.353	17.752	16.645
-4.3339	-5.0045	14.598	-1.7525	-0.82835	0.55687	-1.9163	3.6663	-2.1682	-1.0668	-0.12457	-0.69704	2.9054	1.153	-6.9067	-121.45	9.7978	37.356	-11.323	-24.682	37.517	-16.309	38.777	1.5939	-22.734	-14.513	11.97	9.6587
-4.4768	-4.5132	12.881	-0.93988	-0.22615	-0.93462	-0.45386	3.5089	-2.7009	-0.0082559	-1.026	-1.1049	3.9425	0.44012	-5.7165	19.651	-68.697	32.507	24.088	-59.66	58.496	-6.2986	-21.305	42.342	-36.056	-16.313	41.483	-28.514
-4.6833	-7.9511	13.507	-0.67808	-0.84921	0.47634	-0.98249	3.207	-1.9287	-0.7414	-0.22116	-1.9218	4.4522	0.60734	-8.2611	-137.52	25.055	10.472	-24.923	56.439	-21.145	-12.073	30.886	-29.326	32.192	-32.679	20.389	6.6885
-4.8944	-9.4241	12.744	-0.27409	-0.69375	0.020847	0.66214	1.987	-1.4526	-0.19806	-0.17915	-2.1343	4.0503	0.0083351	-8.4422	-58.92	-30.534	16.16	6.2184	-18.22	65.785	-48.8	19.045	21.733	1.6804	-8.4992	-16.076	-23.96
-5.0826	-9.9891	12.161	-0.34998	-0.95195	0.74914	0.15366	1.9152	-1.3949	0.30214	-0.68496	-2.2258	4.9245	-1.0568	-7.5307	-22.6	-23.306	-3.0357	-10.328	29.132	-20.339	-2.8738	2.3072	20.008	-20.232	-3.6591	34.969	-42.607
-5.5765	-11.936	10.086	-0.53209	-0.0072026	0.92268	-0.17788	1.1806	0.22169	-0.59777	-1.076	-1.9084	4.5471	-0.64154	-19.754	-77.873	-83.029	-7.2843	37.79	6.9415	-13.262	-29.383	64.664	-35.996	-15.64	12.694	-15.096	16.612
-6.4685	-18.626	5.5049	-1.3204	1.7389	1.8395	1.4404	-0.68373	3.7082	-0.89538	-1.071	-0.60547	3.0797	-2.4959	-35.679	-267.62	-183.23	-31.531	69.845	36.673	64.732	-74.574	139.46	-11.904	0.19763	52.119	-58.696	-74.173
-7.636	-30.172	2.148	-3.3131	2.8136	6.0562	3.5568	-1.1647	5.7746	-1.8231	-2.0144	0.91027	1.6246	-2.4668	-46.7	-461.83	-134.28	-79.71	42.986	168.67	84.654	-19.241	82.653	-37.109	-37.734	60.629	-58.204	1.1617
-8.2899	-38.757	1.8424	1.0139	2.5484	2.7385	2.7778	-1.7948	3.3137	2.5962	-1.7184	1.6926	1.8293	-4.2539	-26.156	-343.41	-12.222	173.08	-10.608	-132.71	-31.16	-25.203	-98.435	176.77	11.838	31.295	8.1881	-71.483
-8.3526	-41.614	3.3915	1.3982	2.1022	3.4492	2.5143	-2.3609	5.923	0.69913	-1.4979	1.412	0.36427	-2.8021	-2.5097	-114.28	61.962	15.374	-17.845	28.431	-10.539	-22.645	104.37	-75.883	8.8215	-11.224	-58.602	58.073
-8.4937	-44.843	2.4111	2.9424	2.4359	4.0821	2.5223	-1.6773	4.4692	-0.46385	-0.32169	0.62628	0.27933	-2.9293	-5.6434	-129.13	-39.217	61.769	13.345	25.313	0.32102	27.344	-58.154	-46.519	47.047	-31.43	-3.3977	-5.0914
-8.5874	-44.584	0.44091	4.4042	2.7712	4.1171	2.4056	-4.0814	4.4193	-1.1616	0.06672	0.11269	-0.11389	-2.7351	-3.7464	10.354	-78.806	58.469	13.412	1.4014	-4.6667	-96.163	-1.9971	-27.909	15.537	-20.544	-15.729	7.7685
-8.6393	-47.334	0.35391	3.1021	3.3435	4.5797	3.2523	-3.2321	3.6819	-1.4924	-1.8053	1.6292	-0.35267	-2.878	-2.0766	-110	-3.48	-52.082	22.894	18.504	33.866	33.974	-29.493	-13.235	-74.881	60.66	-9.5511	-5.7133
-9.0185	-50.06	-0.068348	3.3151	2.6574	3.5262	3.1382	-4.8764	4.5912	-0.40292	-2.0377	2.7596	-0.61421	-2.9873	-15.168	-109.04	-16.89	8.5183	-27.446	-42.141	-4.5646	-65.774	36.371	43.581	-9.2945	45.218	-10.461	-4.3728
-9.5604	-54.58	0.14447	4.7439	0.39507	0.51843	2.6878	-3.3543	5.2178	-0.53612	-2.4028	0.77867	-1.2447	-2.6818	-21.676	-180.83	8.5126	57.153	-90.492	-120.31	-18.013	60.883	25.063	-5.3282	-14.608	-79.238	-25.219	12.218
-10.182	-61.873	-4.9958	6.7488	1.4466	2.2388	3.7525	-3.0621	5.0693	2.5273	-2.2051	1.1709	-0.43301	-2.0141	-24.846	-291.72	-205.61	80.198	42.062	68.815	42.587	11.688	-5.9377	122.54	7.9081	15.689	32.467	26.712
-7.7278	-21.95	-3.7856	0.28598	0.04079	-3.995	0.66675	-0.47625	-1.0811	1.6195	-1.3612	0.24692	0.086032	-0.95539	98.148	1597	48.41	-258.51	-56.233	-249.35	-123.43	103.43	-246.02	-36.312	33.758	-36.959	20.762	42.346
-7.2295	-14.355	-6.69	3.1273	-0.1766	-4.1695	0.54274	-0.34595	-2.1732	2.799	-1.791	0.79709	0.65674	-0.46874	19.931	303.77	-116.18	113.65	-8.6956	-6.9821	-4.9603	5.212	-43.685	47.179	-17.194	22.007	22.828	19.466
-6.6763	-29.261	-20.728	6.9161	-0.23854	-2.1976	2.8888	1.7991	-0.82761	2.1603	-3.3518	0.81625	2.2856	0.5122	22.13	-596.24	-561.54	151.55	-2.4775	78.875	93.841	85.8	53.823	-25.549	-62.428	0.76618	65.156	39.238
-5.8961	-24.1	-24.294	5.7327	-1.2881	-5.1357	3.9047	1.3335	-1.1021	3.055	-1.7267	0.44909	-0.49676	0.63699	31.206	206.44	-142.61	-47.333	-41.983	-117.52	40.64	-18.622	-10.98	35.788	65.004	-14.686	-111.3	4.9916
-5.4844	-16.744	-23.875	5.9157	-1.6508	-5.8637	3.6379	-0.57183	-2.15	3.1467	0.58333	1.5961	-0.73663	-1.2361	16.471	294.26	16.768	7.3187	-14.507	-29.121	-10.675	-76.214	-41.915	3.6688	92.399	45.882	-9.5945	-74.925
-4.9994	-11.231	-22.531	7.2833	0.24205	-3.1811	2.2043	0.61114	-0.90687	3.558	-0.41455	0.59799	0.094724	-0.71743	19.399	220.51	53.753	54.704	75.714	107.3	-57.344	47.319	49.725	16.454	-39.915	-39.926	33.254	20.748
-4.5637	-6.1589	-24.373	5.2037	-1.5865	-5.0774	0.47921	-0.38178	-1.5257	2.6112	-0.96041	0.18262	-0.27778	-0.07942	17.427	202.89	-73.684	-83.182	-73.142	-75.851	-69.003	-39.717	-24.755	-37.875	-21.834	-16.615	-14.9	25.521
-4.0075	-0.93597	-23.624	5.5356	-1.0517	-5.6514	3.3602	0.53682	-1.2616	2.5111	0.22397	1.0081	0.74273	0.25813	22.247	208.92	29.943	13.276	21.39	-22.96	115.24	36.744	10.566	-4.0044	47.375	33.018	40.82	13.502
-3.7509	7.9462	-21.575	5.3421	1.5754	-4.9573	2.6593	-0.63058	-2.1957	2.5237	0.2337	2.3566	0.84096	-1.4404	10.266	355.29	81.971	-7.7429	105.09	27.764	-28.036	-46.696	-37.362	0.50725	0.38928	53.942	3.9293	-67.943
-3.8648	10.553	-18.418	1.4497	0.70803	-3.2097	3.8144	-0.89064	-3.4385	0.77516	-1.7151	1.2418	1.1001	-0.70799	-4.5543	104.27	126.29	-155.69	-34.696	69.902	46.204	-10.402	-49.714	-69.943	-77.953	-44.59	10.366	29.298
-4.833	2.9729	-13.853	0.35206	-1.2783	-4.358	3.6333	0.59762	-1.8439	0.018374	-1.1313	0.38388	2.0774	-1.2987	-38.732	-303.19	182.6	-43.906	-79.454	-45.932	-7.2412	59.53	63.783	-30.272	23.354	-34.319	39.09	-23.628
-6.4037	-10.843	-4.5934	1.5899	-2.0941	-4.3211	3.1771	2.9743	-2.0745	0.76948	-0.35861	1.3738	1.0527	-0.60009	-62.825	-552.65	370.37	49.514	-32.629	1.4776	-18.251	95.067	-9.224	30.044	30.907	39.598	-40.987	27.944
-4.1836	-10.534	10.799	2.627	2.5067	-3.1062	1.2804	2.3291	0.58518	-1.3221	-0.60946	0.17935	1.2694	-0.37979	88.804	12.386	615.68	41.483	184.03	48.595	-75.867	-25.807	106.39	-83.663	-10.034	-47.78	8.668	8.8121
-2.993	8.7926	14.405	-1.2719	3.3931	-2.9077	-1.2993	2.6922	-0.6301	-3.7689	-0.19576	0.27853	1.4351	-1.0883	47.623	773.05	144.27	-155.96	35.454	7.9397	-103.19	14.524	-48.611	-97.872	16.548	3.9673	6.6301	-28.341
-2.6698	13.287	13.526	-2.2381	3.4361	-3.3652	-0.47635	2.5483	-1.3214	-4.7728	-0.95845	1.0248	1.4342	0.0062256	12.93	179.76	-35.154	-38.649	1.7222	-18.3	32.917	-5.7544	-27.652	-40.155	-30.508	29.852	-0.037167	43.782
-2.8447	11.054	12.513	-1.5008	4.4057	-3.4406	0.066167	2.034	-0.98734	-3.9131	-0.63144	0.41589	1.6627	-1.2625	-6.9991	-89.32	-40.55	29.495	38.782	-3.0169	21.701	-20.573	13.363	34.387	13.08	-24.357	9.1381	-50.749
-3.3842	9.413	10.65	-1.3901	4.7812	-2.93	0.68633	2.4445	-1.5429	-3.5707	-1.1438	1.1468	2.0648	-2.0316	-21.58	-65.627	-74.486	4.4277	15.02	20.424	24.807	16.421	-22.222	13.696	-20.493	29.238	16.086	-30.763
-3.8296	11.726	-1.624	5.3585	2.2716	-4.2519	3.9428	1.45	-0.78332	-0.57139	-3.6876	2.7808	0.60832	-3.1371	-17.814	92.515	-490.98	269.94	-100.39	-52.875	130.26	-39.781	30.383	119.97	-101.75	65.359	-58.26	-44.222
-3.9197	6.3836	-16.189	10.064	0.72025	-4.4098	4.629	0.23585	-1.971	2.3824	-1.6333	0.16703	0.3893	-1.8631	-3.6025	-213.69	-582.59	188.22	-62.053	-6.316	27.446	-48.566	-47.506	118.15	82.171	-104.55	-8.7609	50.961
-3.4037	2.4927	-26.754	4.2203	-2.6633	-6.1454	3.5751	-0.086013	-0.20108	2.8545	0.41054	1.7371	0.1936	-0.76612	20.639	-155.63	-422.62	-233.75	-135.34	-69.422	-42.156	-12.875	70.796	18.886	81.755	62.804	-7.828	43.88
-3.1343	4.4403	-28.125	4.9723	-2.5881	-5.08	5.9243	0.56619	0.3899	2.7697	-1.6016	-0.57779	-0.10762	-0.61084	10.774	77.902	-54.85	30.079	3.0072	42.615	93.969	26.088	23.639	-3.3917	-80.486	-92.597	-12.049	6.2112
-2.9012	7.9483	-25.937	6.9524	-0.71365	-2.142	4.4118	0.44479	-0.7497	2.8557	-0.16425	1.5008	-0.35197	0.19509	9.3262	140.32	87.541	79.204	74.977	117.52	-60.499	-4.8559	-45.584	3.4373	57.494	83.143	-9.7739	32.237
-2.89	4.3308	-27.006	7.4799	-2.5976	-4.4242	4.655	-0.62721	0.066756	2.7488	-0.37088	1.0257	-0.47895	-0.20562	0.44482	-144.7	-42.764	21.102	-75.359	-91.288	9.7268	-42.88	32.658	-4.2766	-8.2652	-19.002	-5.079	-16.028
-2.8299	4.9425	-26.006	9.1543	-2.0045	-5.5835	4.9302	0.98877	-1.1703	2.9371	-0.39312	1.3213	-0.0041294	-0.24817	2.4065	24.467	39.986	66.977	23.724	-46.375	11.008	64.639	-49.484	7.5326	-0.88981	11.82	18.993	-1.7023
-2.6238	4.0636	-26.883	10.754	-0.32056	-5.5472	4.1466	0.61526	-1.3788	2.4334	-0.40806	0.1841	1.2807	-0.12921	8.2454	-35.159	-35.063	63.973	67.358	1.4554	-31.343	-14.94	-8.3384	-20.148	-0.59766	-45.486	51.392	4.7584
-2.528	3.2855	-30.3	8.8661	-1.6229	-5.9713	3.6576	1.1982	-1.0294	2.426	-0.44382	1.2332	0.7642	-0.3781	3.8295	-31.121	-136.68	-75.502	-52.093	-16.967	-19.562	23.316	13.976	-0.29346	-1.4303	41.964	-20.659	-9.9555
-2.6064	8.2266	-27.48	8.292	-0.7652	-3.436	2.2731	0.26619	-0.61921	3.6324	0.78202	1.4713	0.56028	0.58466	-3.1373	197.64	112.8	-22.963	34.308	101.41	-55.379	-37.279	16.408	48.256	49.034	9.5235	-8.1567	38.511
-2.8195	7.9684	-25.734	7.752	-0.84596	-3.5781	2.7839	-0.855	-1.1586	2.9986	0.43394	2.1187	-0.44283	-0.18038	-8.5223	-10.328	69.855	-21.6	-3.2304	-5.6848	20.432	-44.848	-21.575	-25.355	-13.924	25.897	-40.125	-30.602
-3.0678	8.0134	-24.03	7.9332	-2.6104	-5.1438	1.9998	-1.5344	-0.86248	4.4758	-0.4064	1.2201	-1.0537	0.8576	-9.9319	1.802	68.168	7.2456	-70.579	-62.628	-31.363	-27.176	11.844	59.088	-33.613	-35.945	-24.433	41.519
-3.3936	7.7698	-25.085	4.2098	-1.3759	-4.1209	3.0805	-1.9265	-1.4434	3.4594	-1.3269	0.3474	-0.64543	0.44777	-13.032	-9.7429	-42.233	-148.93	49.382	40.916	43.227	-15.685	-23.236	-40.655	-36.821	-34.907	16.329	-16.393
-3.9746	7.5836	-19.935	0.22632	0.019086	-0.9988	3.2126	-1.2124	-0.56382	4.0448	-0.19756	1.1113	-1.7265	-0.15027	-23.241	-7.4481	206	-159.34	55.8	124.88	5.283	28.566	35.183	23.417	45.174	30.557	-43.245	-23.921
-5.3907	-6.704	-12.355	0.12409	-0.7144	-0.53749	4.2454	-3.3123	-1.0617	2.7792	-0.40036	0.81503	-0.31182	0.17141	-56.644	-571.51	303.23	-4.0894	-29.339	18.452	41.311	-83.996	-19.917	-50.623	-8.1121	-11.851	56.589	12.867
-2.7024	6.7285	5.6141	2.2284	3.0028	4.7489	-3.5647	-0.6536	-0.74503	0.22241	-0.26681	0.0034464	-1.3769	-0.60628	107.53	537.3	718.75	84.172	148.69	211.46	-312.4	106.35	12.669	-102.27	5.3421	-32.463	-42.602	-31.107
-1.9357	30.882	6.9652	-2.5172	3.9668	5.4017	-5.6141	-2.1609	-1.2828	-1.3935	0.81093	-1.9176	-1.6749	0.5906	30.665	966.15	54.047	-189.82	38.562	26.112	-81.977	-60.291	-21.512	-64.638	43.11	-76.842	-11.923	47.875
-1.6456	32.196	3.2856	-0.3371	2.779	6.8027	-6.9711	-2.3753	-0.46279	-2.028	1.6226	-2.6519	-1.3889	1.3237	11.605	52.564	-147.19	87.206	-47.514	56.04	-54.281	-8.5788	32.801	-25.379	32.466	-29.373	11.44	29.325
-1.7928	27.132	7.7967	-4.4486	6.3293	4.5825	-6.6458	-2.2074	-0.86693	-1.0389	1.0852	-2.2386	-1.7555	1.6887	-5.8884	-202.57	180.45	-164.46	142.01	-88.808	13.011	6.7185	-16.165	39.565	-21.494	16.531	-14.663	14.597
-1.6863	27.731	7.5083	-4.4906	6.8354	4.2377	-6.615	-1.9271	-0.98321	-0.45723	1.1916	-2.3352	-1.4501	1.5126	4.2603	23.956	-11.537	-1.6769	20.243	-13.791	1.2309	11.209	-4.6513	23.266	4.2557	-3.864	12.217	-7.0427
-1.7025	29.098	7.3074	-4.8381	6.6042	4.8383	-6.8518	-2.1293	-0.9249	-0.74515	1.5781	-1.9226	-1.8676	2.2561	-0.64863	54.691	-8.0362	-13.9	-9.2478	24.023	-9.4709	-8.0876	2.3324	-11.517	15.457	16.506	-16.701	29.739
-1.7211	28.483	7.1034	-4.4838	6.5757	5.3877	-7.4013	-2.3053	-1.2777	-0.37937	1.6223	-1.5797	-1.5175	1.6434	-0.74196	-24.6	-8.1602	14.172	-1.1424	21.975	-21.98	-7.0386	-14.113	14.631	1.7714	13.715	14.005	-24.507
-1.7413	28.138	7.0992	-4.406	6.883	5.2633	-7.4416	-1.9779	-1.2822	-0.28195	1.3744	-1.2884	-1.6817	1.9425	-0.80831	-13.82	-0.16784	3.1115	12.296	-4.9759	-1.611	13.097	-0.18111	3.8969	-9.9187	11.652	-6.5676	11.963
-1.7659	28.862	6.1011	-3.6517	6.7293	5.4362	-7.6097	-1.7771	-0.98219	-0.88053	1.9573	-1.8696	-1.2331	1.9497	-0.98571	28.975	-39.922	30.171	-6.1508	6.9159	-6.7255	8.0319	12.002	-23.943	23.316	-23.246	17.942	0.28709
-1.8003	27.437	6.4742	-3.5254	7.5261	4.9205	-7.4998	-1.9157	-0.62899	-0.80287	1.692	-1.8956	-0.89099	1.5193	-1.374	-56.999	14.922	5.0528	31.871	-20.628	4.3978	-5.5439	14.128	3.1063	-10.611	-1.041	13.686	-17.216
-1.8216	27.733	6.5617	-3.8831	7.8245	4.984	-7.0814	-1.6643	-0.9765	-0.71403	1.4737	-1.6478	-0.94525	1.2738	-0.85173	11.821	3.5	-14.308	11.939	2.5421	16.735	10.055	-13.9	3.5535	-8.7336	9.9121	-2.1704	-9.8185
-1.8058	29.471	5.952	-3.3324	6.9017	5.5467	-6.7748	-1.3462	-0.98071	-0.34662	0.53838	-1.1021	-1.9645	1.8885	0.6313	69.522	-24.386	22.027	-36.912	22.509	12.263	12.725	-0.16845	14.697	-37.411	21.828	-40.769	24.59
-1.8566	29.616	5.9254	-2.8539	6.113	6.492	-5.9966	-0.94839	-1.0806	0.42789	-0.3544	-0.89822	-2.7295	1.6768	-2.0334	5.8055	-1.0662	19.142	-31.548	37.809	31.128	15.911	-3.9949	30.98	-35.711	8.1546	-30.602	-8.4706
-2.6276	13.73	10.98	-5.6422	5.4717	7.9274	-6.1271	-0.8342	-2.4007	-0.11907	0.34026	-2.6826	-1.9809	1.0369	-30.838	-635.46	202.17	-111.53	-25.653	57.419	-5.2188	4.5679	-52.803	-21.878	27.786	-71.377	29.945	-25.594
-5.0571	-21.712	5.9726	3.7818	-2.1051	5.32	0.59051	0.22063	-0.42902	-0.30982	-0.44561	-0.5519	0.80106	-0.41026	-97.18	-1417.7	-200.28	376.96	-303.07	-104.3	268.7	42.193	78.865	-7.6301	-31.435	85.23	111.28	-57.887
-7.5008	-32.748	-0.88693	6.9677	1.9663	2.227	3.6693	0.040698	0.055397	0.36012	-0.43003	-0.43572	-1.2241	-0.4346	-97.75	-441.41	-274.38	127.44	162.86	-123.72	123.15	-7.1972	19.377	26.797	0.62325	4.6472	-81.008	-0.97368
-7.1785	-26.336	-4.2742	7.0134	2.0235	3.6245	2.9808	-1.6463	0.28396	1.4953	0.12533	-1.3572	-1.7108	-0.65196	12.894	256.47	-135.49	1.825	2.2866	55.9	-27.543	-67.479	9.1426	45.405	22.215	-36.859	-19.469	-8.6944
-6.3467	-11.594	-3.3214	-0.96265	4.5284	5.3971	1.9484	-2.5184	0.71437	2.0868	0.78935	-1.2308	-1.5149	-0.91307	33.272	589.68	38.114	-319.04	100.2	70.904	-41.296	-34.887	17.216	23.661	26.56	5.0551	7.8396	-10.444
-5.829	-8.5551	-1.8103	-1.1872	5.4659	7.1037	0.059208	-2.752	0.55993	2.2477	-1.2326	-1.1499	0.83599	0.025734	20.709	121.55	60.443	-8.9805	37.501	68.261	-75.566	-9.3413	-6.1774	6.4382	-80.877	3.238	94.034	37.552
-5.3934	-10.397	-1.0077	-0.0028925	6.542	6.3991	1.0846	-2.2793	2.7358	0.85591	-2.2516	-0.9733	-0.59584	-0.58922	17.421	-73.693	32.105	47.371	43.043	-28.183	41.014	18.905	87.036	-55.673	-40.762	7.0629	-57.273	-24.598
-4.6128	-9.2525	2.9882	1.6649	7.4693	7.8859	-0.48895	-2.9438	-0.054445	2.1551	-0.87247	-2.3025	-0.70764	0.5641	31.226	45.797	159.83	66.71	37.091	59.471	-62.94	-26.577	-111.61	51.967	55.167	-53.168	-4.4717	46.132
-3.571	1.8528	4.3524	3.181	3.1233	10.017	-2.2561	-2.1432	-1.9424	2.4116	1.8215	-2.8764	-2.177	0.37947	41.67	444.21	54.571	60.647	-173.84	85.254	-70.685	32.021	-75.519	10.261	107.76	-22.955	-58.775	-7.3852
-2.8869	8.6788	10.393	-1.8633	1.2129	10.003	-1.809	-0.9453	-3.2864	1.5498	1.7762	-3.357	-2.4089	1.5987	27.364	273.04	241.62	-201.78	-76.416	-0.54909	17.881	47.918	-53.76	-34.473	-1.8138	-19.225	-9.2759	48.768
-2.4918	11.594	14.569	-4.7246	1.0127	8.3419	-1.258	-0.24553	-4.147	0.1152	1.3632	-2.5296	-2.9539	2.611	15.806	116.6	167.03	-114.45	-8.0063	-66.465	22.043	27.991	-34.422	-57.384	-16.518	33.096	-21.798	40.493
-2.2272	14.79	16.518	-5.5661	0.087654	7.2201	-1.983	0.87626	-4.8633	0.17897	1.3038	-2.2884	-2.8963	2.3202	10.585	127.85	77.964	-33.661	-37.002	-44.872	-29.001	44.872	-28.653	2.5507	-2.378	9.6465	2.3048	-11.633
-2.5045	16.207	15.42	-4.107	-2.5187	4.9491	-0.71647	1.214	-4.2276	-0.046475	0.59989	-1.5861	-1.8489	1.9268	-11.094	56.69	-43.909	58.363	-104.25	-90.84	50.661	13.51	25.427	-9.0177	-28.155	28.095	41.893	-15.736
-3.5427	11.867	4.3747	-0.19265	-2.9245	1.7184	2.3081	-1.6918	-2.5718	-0.21798	0.38292	-0.64276	-0.26541	-0.65846	-41.527	-173.62	-441.81	156.58	-16.233	-129.23	120.98	-116.23	66.234	-6.86	-8.6785	37.733	63.34	-103.41
-5.0505	8.1553	-6.1665	-2.4286	-2.7491	-0.40948	1.8251	-2.4684	0.09312	1.8697	-0.76059	0.64718	1.7335	1.1319	-60.312	-148.45	-421.65	-89.438	7.0164	-85.116	-19.318	-31.062	106.6	83.506	-45.74	51.598	79.955	71.616
-5.1479	10.279	-11.762	-3.9745	-3.4393	0.93932	1.4976	-0.35221	0.99836	1.2894	1.0032	0.38632	-0.27261	-1.476	-3.8948	84.938	-223.83	-61.836	-27.608	53.952	-13.099	84.646	36.21	-23.21	70.552	-10.434	-80.243	-104.32
-5.049	9.485	-11.545	-2.9456	-5.1402	-1.8245	0.9457	-0.12576	0.74876	-0.47976	-0.89124	1.1456	0.39801	-0.99266	3.9539	-31.748	8.6857	41.156	-68.036	-110.55	-22.077	9.058	-9.9841	-70.767	-75.778	30.373	26.825	19.332
-5.2682	8.1204	-13.478	-3.3665	-3.3313	-1.3693	0.58508	-1.748	2.1517	1.1968	-0.1789	1.1254	-0.77651	-0.69931	-8.7669	-54.586	-77.333	-16.835	72.357	18.209	-14.425	-64.889	56.119	67.064	28.494	-0.80865	-46.981	11.734
-5.4879	5.8457	-12.671	-2.595	-4.1173	-1.5075	1.1651	-0.77147	0.50087	0.68436	-1.6137	0.68697	0.81246	-0.67991	-8.7889	-90.985	32.29	30.859	-31.442	-5.5295	23.202	39.06	-66.034	-20.499	-57.392	-17.538	63.559	0.77604
-5.8248	-0.020721	-13.507	-2.2024	-4.4545	-1.5443	1.7708	0.80644	0.49178	1.2171	0.16015	1.0211	0.88176	-0.20457	-13.474	-234.66	-33.444	15.706	-13.487	-1.473	24.227	63.116	-0.36346	21.308	70.954	13.364	2.772	19.014
-6.1485	-5.5552	-16.557	-4.1587	-5.5544	-1.7027	2.1659	-1.6923	1.5625	0.74811	-0.092002	-0.071579	1.494	0.10546	-12.949	-221.38	-121.97	-78.253	-43.997	-6.335	15.804	-99.952	42.827	-18.758	-10.086	-43.706	24.489	12.401
-6.1519	-5.1374	-16.541	-2.5872	-4.4495	-2.9847	-0.10839	-1.5024	1.6344	0.04169	-0.25603	0.039528	-1.0996	-1.4844	-0.13486	16.71	0.63097	62.859	44.198	-51.279	-90.972	7.5987	2.879	-28.257	-6.561	4.4443	-103.75	-63.595
-6.0937	-5.8387	-15.643	-2.7022	-6.1639	-2.9617	0.80327	-0.92854	1.0777	-0.10097	-0.21452	1.4272	-1.1339	-1.4816	2.3245	-28.051	35.909	-4.6009	-68.578	0.91981	36.466	22.954	-22.269	-5.7065	1.6603	55.505	-1.372	0.1138
-5.7517	-1.1678	-17.483	-1.784	-6.1995	-2.0939	3.0892	2.334	1.2532	0.93551	1.012	0.98198	-1.1778	-0.28445	13.681	186.84	-73.588	36.727	-1.4226	34.71	91.437	130.5	7.0177	41.459	49.061	-17.807	-1.7546	47.885
-5.7779	-0.11549	-15.105	-0.57668	-6.1563	-2.5121	0.90935	-0.42614	2.7204	1.6171	-1.3026	0.3222	-0.24476	0.31187	-1.0465	42.091	95.095	48.294	1.7284	-16.727	-87.194	-110.4	58.69	27.263	-92.585	-26.391	37.322	23.853
-6.5942	-9.831	-12.529	0.90473	-5.0904	-2.1562	1.2228	-1.6504	1.8674	1.0683	-1.3903	0.90798	-0.32797	-1.0669	-32.654	-388.62	103.06	59.257	42.636	14.236	12.539	-48.969	-34.12	-21.951	-3.5088	23.431	-3.3288	-55.149
-5.4334	-18.23	1.393	2.3105	-1.8516	-2.5313	1.1833	0.26686	4.3832	1.798	0.87469	0.38177	0.65133	-0.72652	46.434	-335.97	556.88	56.232	129.55	-15.004	-1.5807	76.69	100.63	29.186	90.601	-21.049	39.172	13.613
-1.4035	5.1151	22.573	-1.715	0.47465	-8.6771	-6.3643	3.074	3.977	-1.8223	1.2515	-0.7509	-0.16116	2.1264	161.2	933.81	847.2	-161.02	93.049	-245.83	-301.91	112.29	-16.251	-144.81	15.073	-45.307	-32.499	114.12
-0.68898	18.403	20.832	-4.8367	-0.062401	-8.9968	-6.5677	1.1822	6.3967	-4.4619	1.9717	-0.85148	1.869	2.2802	28.579	531.5	-69.659	-124.87	-21.482	-12.789	-8.1353	-75.672	96.791	-105.59	28.806	-4.0235	81.208	6.1529
-0.53104	21.105	19.84	-6.4568	-0.77863	-9.379	-5.9949	2.5664	6.1632	-3.6853	0.9505	-0.86689	1.7976	2.1423	6.3175	108.08	-39.667	-64.802	-28.649	-15.286	22.912	55.368	-9.3403	31.063	-40.846	-0.61619	-2.8586	-5.5168
-0.47775	22.595	19.457	-6.6737	-1.4817	-9.8396	-4.9118	2.6774	6.5174	-4.2192	2.1327	-1.3535	1.8096	2.1184	2.1317	59.617	-15.321	-8.6745	-28.121	-18.426	43.323	4.441	14.168	-21.355	47.288	-19.463	0.48035	-0.95451
-0.39821	24.494	18.651	-7.4775	-0.97617	-9.4803	-4.1301	1.9634	5.9203	-3.2567	2.5978	-0.97693	1.9952	1.4406	3.1815	75.959	-32.256	-32.155	20.22	14.374	31.268	-28.559	-23.886	38.5	18.605	15.061	7.4257	-27.111
-0.35529	25.418	19.81	-9.7879	-1.582	-8.1301	-3.3148	1.8296	4.7481	-3.3275	2.3248	0.28097	1.941	1.2877	1.7167	36.974	46.363	-92.417	-24.234	54.008	32.615	-5.3521	-46.887	-2.832	-10.921	50.316	-2.1694	-6.1172
-0.38772	33.338	11.985	-3.433	-6.1229	-5.0085	-4.1755	2.6963	3.2559	-3.037	1.9275	0.40976	3.8702	-0.69708	-1.2971	316.79	-312.97	254.2	-181.63	124.86	-34.43	34.667	-59.689	11.62	-15.891	5.1515	77.167	-79.391
-0.49681	37.111	9.2172	-2.5857	-6.8363	-4.5396	-2.8927	1.9859	2.2894	-2.5656	2.231	0.90423	3.4283	-0.98736	-4.3636	150.93	-110.72	33.89	-28.538	18.757	51.314	-28.415	-38.659	18.856	12.138	19.779	-17.674	-11.611
-0.57811	26.299	18.092	-9.7057	-1.295	-6.0844	-2.8275	1.1476	2.9021	-2.7	3.0791	1.2495	1.8515	0.47388	-3.2521	-432.48	354.98	-284.8	221.65	-61.791	2.6061	-33.534	24.505	-5.3742	33.924	13.812	-63.073	58.45
-0.65097	27.003	18.14	-10.149	-0.9074	-4.899	-3.0111	0.42928	3.0676	-2.8088	3.4521	2.077	1.4585	0.19117	-2.914	28.135	1.9247	-17.739	15.503	47.415	-7.345	-28.732	6.6212	-4.3529	14.922	33.097	-15.719	-11.309
-0.69069	26.06	18.207	-9.5906	-1.2363	-4.7001	-2.7749	0.1444	2.8515	-3.3349	3.4293	2.5304	0.84585	0.3606	-1.589	-37.705	2.6803	22.341	-13.156	7.9589	9.4495	-11.395	-8.6429	-21.045	-0.91303	18.139	-24.507	6.7772
-0.73214	28.312	16.655	-8.5766	-1.2778	-4.4654	-2.8985	0.61093	2.1112	-3.5479	3.7266	2.4882	1.0559	0.61123	-1.6581	90.07	-62.059	40.563	-1.6616	9.3868	-4.9428	18.661	-29.613	-8.518	11.891	-1.6905	8.4023	10.025
-0.69075	27.394	17.407	-9.1583	-0.14201	-6.0223	-2.3227	0.39423	2.7139	-3.8861	3.6112	1.9766	1.7669	-0.23941	1.6556	-36.707	30.079	-23.271	45.433	-62.278	23.031	-8.6677	24.11	-13.529	-4.6132	-20.463	28.439	-34.026
-0.70694	27.187	17.251	-8.3366	-0.019874	-6.7182	-2.1753	0.30478	2.9051	-4.154	3.509	1.9282	1.7397	0.43618	-0.64739	-8.2982	-6.2457	32.869	4.8854	-27.837	5.8959	-3.5781	7.6467	-10.715	-4.09	-1.9347	-1.0852	27.024
-0.71743	25.956	17.221	-7.2255	-0.056425	-7.6504	-2.3664	0.4937	3.212	-4.6691	3.2999	1.9429	1.8951	0.72688	-0.41948	-49.209	-1.2	44.444	-1.462	-37.285	-7.6449	7.5567	12.274	-20.603	-8.3639	0.58869	6.215	11.628
-0.76044	24.259	17.698	-5.9664	-0.060008	-8.6328	-2.4637	1.0215	2.9742	-3.7606	1.8322	2.4866	1.5366	0.6848	-1.7204	-67.912	19.079	50.363	-0.14335	-39.296	-3.8906	21.111	-9.5109	36.339	-58.708	21.745	-14.34	-1.6832
-0.96682	23.784	16.793	-3.6139	-0.0087133	-9.5203	-2.1026	1.4976	2.2732	-2.927	0.83718	2.1211	1.7077	0.87966	-8.2552	-18.993	-36.207	94.101	2.0518	-35.501	14.443	19.046	-28.039	33.345	-39.801	-14.62	6.8438	7.7947
-1.2368	22.196	15.558	-1.2164	-0.18418	-8.3855	-2.5895	2.0321	1.6255	-2.9379	0.14812	1.9861	0.91295	1.8282	-10.798	-63.507	-49.382	95.902	-7.0188	45.391	-19.476	21.379	-25.91	-0.43599	-27.563	-5.398	-31.79	37.942
-1.5715	22.007	13.737	0.67683	0.26286	-8.3161	-1.5703	2.2805	0.72653	-3.2731	-0.31767	1.5045	0.71476	1.0104	-13.39	-7.558	-72.844	75.727	17.882	2.7767	40.769	9.9377	-35.958	-13.411	-18.632	-19.265	-7.9279	-32.712
-1.8734	19.064	13.907	1.4533	0.56816	-6.6843	-2.369	2.6613	1.0179	-4.2527	-0.47172	0.62184	0.94859	0.32927	-12.075	-117.73	6.7977	31.06	12.212	65.273	-31.951	15.23	11.655	-39.184	-6.1621	-35.306	9.3532	-27.246
-2.3845	15.637	12.727	3.0615	-0.33185	-6.391	0.02422	1.9391	0.80608	-3.1845	-2.4591	0.9966	0.55952	0.93086	-20.445	-137.09	-47.223	64.326	-36	11.731	95.73	-28.888	-8.4729	42.73	-79.496	14.99	-15.563	24.064
-3.2433	8.6947	-1.8409	8.8513	-0.27377	-5.9778	4.1335	1.4034	-0.79741	-2.513	-2.2903	0.39782	0.34025	0.46918	-34.352	-277.68	-582.7	231.59	2.3233	16.526	164.37	-21.428	-64.139	26.861	6.751	-23.951	-8.7709	-18.467
-4.0724	5.402	-20.164	6.1353	1.8651	-3.4585	4.8586	1.0013	-0.77662	0.08559	-0.81725	1.2335	0.5113	-0.88686	-33.163	-131.71	-732.92	-108.64	85.553	100.77	29.003	-16.081	0.83158	103.94	58.924	33.428	6.8419	-54.241
-3.327	4.0817	-27.38	4.7299	-1.4087	-4.0679	4.682	-0.9905	0.86558	1.6171	0.13663	0.80004	-0.2414	-1.4341	29.815	-52.81	-288.66	-56.216	-130.95	-24.376	-7.0632	-79.674	65.688	61.259	38.155	-17.339	-30.108	-21.89
-3.2251	8.6501	-26.44	4.1076	-2.1178	-4.6363	5.0485	0.091592	0.58026	2.9667	-0.11821	0.69488	0.56089	-2.308	4.0759	182.74	37.621	-24.892	-28.365	-22.736	14.662	43.284	-11.413	53.986	-10.193	-4.2066	32.091	-34.957
-3.4649	17.503	-16.459	3.9265	0.040474	-2.7801	2.6767	0.79184	-0.31795	1.4201	-0.45015	0.60626	0.5712	-1.2286	-9.591	354.12	399.24	-7.2459	86.333	74.25	-94.874	28.01	-35.928	-61.864	-13.278	-3.5445	0.41252	43.178
-3.9993	20.78	-13.269	1.488	1.9152	-2.6387	2.4715	1.72	-0.2292	1.2371	0.026332	1.3037	-0.37965	-0.37978	-21.375	131.06	127.59	-97.54	74.99	5.656	-8.2068	37.126	3.5497	-7.3206	19.059	27.897	-38.034	33.952
-4.4779	5.7149	-16.233	-1.6716	-0.78206	-1.6773	0.041665	0.56639	0.51381	-0.38184	-0.95353	0.61925	-0.022183	-1.4443	-19.143	-602.59	-118.55	-126.38	-107.89	38.456	-97.194	-46.144	29.721	-64.758	-39.194	-27.378	14.299	-42.581
-5.983	-4.9918	-13.285	-1.0276	-6.0436	-0.64321	1.9852	-0.8697	1.1514	0.00047294	-0.98671	2.0355	0.38598	-0.99283	-60.208	-428.27	117.9	25.757	-210.46	41.362	77.743	-57.443	25.503	15.293	-1.3272	56.652	16.327	18.059
-6.6681	-10.8	-15.281	-0.052526	-3.9076	0.48266	2.5459	1.1894	1.8741	1.1067	-1.4378	0.22678	0.10437	-0.94439	-27.404	-232.34	-79.804	39.005	85.439	45.035	22.428	82.362	28.908	44.251	-18.043	-72.351	-11.264	1.9374
-6.9616	-19.124	-16.901	-0.40275	-5.0707	-0.35397	0.50206	-1.1592	0.073553	1.4492	-2.4029	-0.65271	0.83034	1.6039	-11.738	-332.96	-64.801	-14.009	-46.523	-33.465	-81.755	-93.941	-72.021	13.7	-38.605	-35.179	29.039	101.93
-7.2416	-21.422	-16.822	-2.8156	-5.9862	-0.12621	1.2195	1.1698	-0.46637	-0.086026	-2.0553	0.585	1.6646	0.96648	-11.201	-91.899	3.1536	-96.515	-36.617	9.1102	28.696	93.157	-21.597	-61.41	13.906	49.508	33.37	-25.498
-7.3972	-23.505	-15.981	-1.7431	-6.2613	-0.51087	-1.6341	-0.84411	0.47048	0.99067	0.27146	1.0932	0.47039	0.44544	-6.2228	-83.328	33.613	42.9	-11.005	-15.386	-114.14	-80.555	37.474	43.068	93.069	20.33	-47.768	-20.841
-7.1638	-18.17	-14.041	-1.5261	-5.0029	1.1184	0.15076	-0.050169	-0.61649	0.38789	-0.71708	0.47708	0.44632	-0.76955	9.3333	213.41	77.621	8.6819	50.334	65.173	71.394	31.758	-43.479	-24.111	-39.542	-24.647	-0.96287	-48.6
-6.8003	-10.459	-14.084	-5.6067	-5.321	1.6493	-0.80192	-1.5973	1.3275	0.39282	-2.0347	-0.25534	0.21113	-0.94109	14.54	308.44	-1.7448	-163.23	-12.723	21.234	-38.107	-61.885	77.758	0.19745	-52.703	-29.297	-9.4076	-6.8616
-6.8932	-13.485	-11.409	-6.2746	-6.3302	-1.1614	-0.4652	-0.22295	0.37982	-0.23128	-1.5012	-0.46595	-0.85039	-0.080879	-3.7159	-121.05	107.03	-26.715	-40.37	-112.43	13.469	54.974	-37.905	-24.964	21.338	-8.4242	-42.461	34.408
-7.7098	-23.545	-7.1737	-6.8159	-7.2628	-1.4481	1.5705	-0.18891	1.4799	-0.33637	-1.8239	-0.46898	-0.0060358	1.0504	-32.661	-402.37	169.4	-21.652	-37.305	-11.47	81.428	1.3618	44.001	-4.2036	-12.907	-0.12126	33.774	45.252
-6.9206	-30.179	3.9239	-0.87383	-2.2234	1.3407	3.531	1.5742	2.4555	1.4133	-2.7753	-0.26892	0.46748	1.5249	31.567	-265.37	443.9	237.68	201.58	111.55	78.419	70.525	39.026	69.988	-38.056	8.0024	18.94	18.978
-3.9522	-12.725	21.52	-0.50586	-3.7624	1.974	1.6306	1.9874	-2.6313	-1.5931	1.4879	0.62651	-2.7995	3.0762	118.74	698.14	703.85	14.719	-61.56	25.333	-76.016	16.528	-203.47	-120.26	170.53	35.817	-130.68	62.053
-2.6457	3.6399	20.846	-3.7498	-3.511	4.1079	1.4906	0.90444	-4.1529	-1.9125	0.46244	0.28264	-4.1257	3.3517	52.259	654.61	-26.957	-129.76	10.054	85.354	-5.5984	-43.319	-60.864	-12.779	-41.02	-13.755	-53.052	11.018
-2.2214	13.254	17.245	-5.4053	-1.2691	5.7998	0.28475	0.024307	-4.3455	-1.4546	0.83303	0.52745	-4.7005	2.3267	16.972	384.58	-144.07	-66.218	89.677	67.676	-48.234	-35.205	-7.703	18.318	14.823	9.7925	-22.992	-40.998
-2.1405	16.276	13.656	-4.9427	0.95533	8.0577	-0.41408	-1.9	-4.1174	-0.85559	1.5977	-0.19083	-4.2444	2.3093	3.2338	120.87	-143.54	18.503	88.976	90.317	-27.953	-76.97	9.1224	23.959	30.587	-28.731	18.245	-0.69702
-2.1766	19.212	9.9988	-4.737	4.1574	8.5231	-1.1997	-2.593	-2.9713	-0.19729	1.769	-1.2587	-4.0882	1.6382	-1.4422	117.43	-146.29	8.23	128.08	18.616	-31.426	-27.721	45.845	26.332	6.8527	-42.714	6.2477	-26.845
-2.3644	19.572	7.0743	-4.478	6.1753	9.0228	-1.8982	-2.0213	-1.8416	0.32868	0.7203	-1.5019	-3.5577	1.7292	-7.5127	14.41	-116.98	10.356	80.717	19.989	-27.939	22.866	45.188	21.039	-41.949	-9.7277	21.221	3.6401
-2.8237	15.552	5.69	-4.7658	7.6226	9.3486	-2.6636	-0.81955	-1.3621	0.78636	0.30245	-1.9782	-3.018	2.052	-18.373	-160.83	-55.372	-11.512	57.891	13.03	-30.616	48.071	19.181	18.308	-16.714	-19.054	21.588	12.913
-3.5891	6.5406	2.5744	-3.5478	9.4629	8.2351	-1.8739	0.34656	-1.6047	3.033	-0.73705	-3.1145	-2.5209	1.0043	-30.614	-360.44	-124.62	48.723	73.615	-44.54	31.591	46.645	-9.7029	89.867	-41.58	-45.45	19.882	-41.91
-4.9948	-17.898	2.6194	-1.9639	9.6561	7.7739	-3.0022	-1.2284	-2.0511	2.386	-2.0392	-3.5151	-2.438	1.9548	-56.231	-977.56	1.7986	63.355	7.726	-18.447	-45.134	-62.999	-17.857	-25.881	-52.085	-16.024	3.3165	38.02
-9.1863	-66.523	-3.0327	0.28055	5.0931	6.334	-0.22604	-0.85188	0.076392	3.0824	1.4746	-1.8701	-0.6276	0.85219	-167.66	-1945	-226.08	89.778	-182.52	-57.597	111.05	15.061	85.1	27.856	140.55	65.797	72.417	-44.103
-12.399	-87.148	-11.029	3.9635	-0.39678	1.6844	1.4821	0.38404	2.0881	2.7543	0.13434	0.50938	-0.44472	-0.0079681	-128.49	-824.99	-319.85	147.32	-219.6	-185.98	68.327	49.437	80.467	-13.126	-53.611	95.181	7.3152	-34.407
-12.516	-87.51	-12.149	3.0352	-1.9216	1.4866	2.3185	0.7732	1.9129	1.9578	0.6962	1.1695	0.77231	-0.25342	-4.6799	-14.484	-44.8	-37.133	-60.992	-7.9113	33.456	15.566	-7.0083	-31.861	22.474	26.404	48.681	-9.8181
-6.3044	-32.386	-3.1456	-9.0716	-6.0247	-2.5518	3.3383	4.4017	-2.7751	1.6272	-0.96585	0.46337	1.3932	-0.49578	248.45	2205	360.13	-484.27	-164.13	-161.53	40.79	145.14	-187.52	-13.223	-66.482	-28.244	24.834	-9.6946
-6.0796	-12.879	-1.3029	-7.9588	-7.2944	-4.3664	3.0056	5.3157	-4.5347	1.6694	-2.5299	0.64045	1.6563	-1.6304	8.9915	780.26	73.708	44.514	-50.787	-72.585	-13.309	36.56	-70.384	1.6874	-62.562	7.0833	10.527	-45.384
-6.2238	-28.616	2.4732	-1.5627	-5.7096	-5.0637	2.9465	5.9359	-3.7189	1.9115	-3.9089	0.099397	1.8558	-0.5337	-5.7675	-629.49	151.04	255.85	63.391	-27.891	-2.3622	24.807	32.633	9.6839	-55.16	-21.642	7.9784	43.867
-7.1843	-18.786	-1.1152	-2.8744	-7.7696	-2.273	1.4601	0.54188	-1.1676	1.576	-1.8598	-0.43412	-0.49398	-0.66486	-38.421	393.21	-143.54	-52.471	-82.399	111.63	-59.454	-215.76	102.05	-13.418	81.963	-21.341	-93.991	-5.2461
-7.0418	-14.37	-2.1634	-1.668	-6.4798	-2.8716	1.0437	-0.39373	-0.015296	1.4363	-1.4165	-0.83683	-0.031751	-0.17338	5.6989	176.65	-41.928	48.258	51.592	-23.947	-16.657	-37.424	46.09	-5.5871	17.733	-16.108	18.489	19.659
-6.966	-17.753	1.1634	-2.9069	-6.6413	-3.0545	2.1727	-0.19612	-0.87211	0.25588	-1.3067	-0.94337	-1.5572	-0.055748	3.0327	-135.34	133.07	-49.558	-6.4588	-7.315	45.158	7.9045	-34.273	-47.218	4.393	-4.2617	-61.017	4.7052
-6.5071	-26.269	3.6978	-0.22599	-4.0397	-2.181	3.4653	2.218	3.2002	1.7344	-2.1918	-1.2469	-1.3671	-0.020926	18.356	-340.64	101.37	107.24	104.06	34.942	51.704	96.563	162.89	59.143	-35.405	-12.14	7.6053	1.3929
-4.3185	-21.345	17.881	3.132	-1.1504	-2.352	-4.4185	1.7403	3.1482	0.0343	-1.2912	-1.7239	-0.8843	1.3044	87.543	196.98	567.33	134.32	115.57	-6.8419	-315.35	-19.107	-2.0799	-68.006	36.026	-19.079	19.31	53.013
-3.9366	-8.1389	17.708	0.36158	-0.27899	-4.3889	-5.7125	2.523	1.6824	-1.4337	-2.0405	-2.6705	1.25	1.5967	15.278	528.24	-6.9342	-110.82	34.856	-81.476	-51.762	31.309	-58.631	-58.719	-29.975	-37.865	85.371	11.69
-3.8871	-4.138	16.371	-2.3058	-0.90562	-3.6041	-5.005	3.9209	0.31233	-1.7585	-0.81107	-2.2758	2.1848	1.6018	1.9774	160.04	-53.476	-106.7	-25.065	31.391	28.301	55.915	-54.803	-12.995	49.179	15.786	37.393	0.20718
-4.0362	-8.5791	15.325	-2.5286	-0.15787	-3.8738	-4.0133	4.5135	0.32864	-1.6375	-2.0389	-1.3174	2.9388	1.2662	-5.9617	-177.65	-41.835	-8.9115	29.91	-10.786	39.667	23.706	0.65232	4.8424	-49.115	38.338	30.158	-13.427
-4.5458	-8.4635	16.39	0.4462	-2.5085	-3.7432	-4.5202	4.0916	0.93349	-2.6083	-1.3781	-0.027661	1.5016	0.74048	-20.384	4.6236	42.595	118.99	-94.025	5.2231	-20.276	-16.878	24.194	-38.833	26.435	51.589	-57.487	-21.027
-4.7538	-8.646	9.951	1.1498	-0.23525	-3.1831	-2.8982	4.1133	2.7437	-1.9857	-0.67764	-1.166	0.38867	1.1272	-8.3212	-7.2986	-257.55	28.142	90.93	22.403	64.883	0.86901	72.41	24.906	28.017	-45.535	-44.517	15.468
-5.5678	-13.696	4.8485	6.8668	1.1435	-2.4254	-2.1485	2.3868	1.4174	1.0591	-2.8304	-1.8886	2.152	-2.7263	-32.561	-202	-204.1	228.68	55.151	30.307	29.987	-69.06	-53.053	121.79	-86.111	-28.905	70.532	-154.14
-5.637	-13.9	4.2349	5.6536	4.8062	-3.446	-2.7132	2.7302	0.65926	1.5317	-2.2403	-2.2176	3.0604	-2.9418	-2.7662	-8.1492	-24.541	-48.526	146.51	-40.821	-22.588	13.734	-30.325	18.905	23.605	-13.159	36.338	-8.6182
-5.6301	-14.522	5.7083	5.2052	5.8071	-4.2309	-3.1281	3.1324	0.014284	1.3525	-2.7115	-1.4629	1.6769	-0.96398	0.2759	-24.885	58.932	-17.937	40.038	-31.399	-16.596	16.09	-25.799	-7.1706	-18.848	30.189	-55.342	79.112
-5.5888	-17.325	4.6237	7.8029	3.8866	-3.5118	-2.3799	2.1254	0.42657	2.6344	-2.6222	-1.1431	0.25899	-1.681	1.6498	-112.12	-43.381	103.91	-76.819	28.764	29.931	-40.281	16.491	51.276	3.571	12.791	-56.715	-28.679
-5.6394	-18.713	8.671	4.2378	5.7567	-3.9986	-1.9867	2.9918	-0.47389	0.26998	-0.97869	-2.1827	2.1093	-1.4442	-2.0219	-55.532	161.89	-142.6	74.804	-19.471	15.724	34.654	-36.018	-94.576	65.741	-41.582	74.011	9.4709
-5.6247	-21.467	9.4363	3.1761	6.4454	-2.9919	-3.4061	3.5381	0.33747	1.2008	-1.9254	-2.7509	1.8071	-1.0193	0.5884	-110.13	30.609	-42.467	27.549	40.269	-56.773	21.854	32.454	37.234	-37.868	-22.728	-12.086	16.995
-5.8715	-20.733	7.9138	3.5642	6.4782	-2.9143	-1.6411	3.0762	-0.28345	1.0079	-2.1133	-1.9341	1.1508	-0.60318	-9.8724	29.337	-60.897	15.524	1.3093	3.1025	70.598	-18.478	-24.837	-7.7158	-7.5178	32.672	-26.254	16.645
-5.7814	-19.359	6.0266	4.7074	6.1309	-3.4734	-1.2317	3.0734	0.97347	0.74984	-2.6134	-2.1102	0.83212	-0.57552	3.6036	54.967	-75.489	45.726	-13.889	-22.364	16.378	-0.10819	50.277	-10.324	-20.003	-7.0463	-12.745	1.1063
-5.3459	-6.5264	7.6953	2.6309	-0.40424	-3.1407	1.5793	1.9331	1.7633	-1.4254	-2.2004	-0.11243	1.2481	1.4168	17.419	513.3	66.748	-83.058	-261.41	13.308	112.44	-45.612	31.594	-87.009	16.52	79.912	16.64	79.691
-5.1157	-8.3589	12.097	-1.514	-1.2491	-4.333	1.0683	5.0261	-0.63015	-1.0909	0.60479	-0.11848	2.9039	-1.3046	9.2101	-73.301	176.07	-165.8	-33.795	-47.693	-20.441	123.72	-95.739	13.379	112.21	-0.24188	66.233	-108.85
-5.3293	-12.843	11.784	-1.4721	-0.12042	-2.9522	1.1675	5.1585	-2.0739	-1.8339	0.80024	0.45851	3.7882	-2.157	-8.5439	-179.38	-12.504	1.6783	45.148	55.232	3.9663	5.2957	-57.751	-29.721	7.8182	23.08	35.37	-34.095
-5.7183	-14.348	10.644	-2.1473	1.0281	-0.92687	0.3093	4.7912	-2.7114	-1.4755	1.662	0.76562	1.774	-1.8125	-15.56	-60.172	-45.624	-27.009	45.94	81.015	-34.327	-14.693	-25.499	14.337	34.47	12.284	-80.568	13.779
-5.7249	-10.567	9.4831	-3.9243	2.515	-0.80408	-1.6153	3.7743	-1.8866	0.14808	3.1163	0.17417	0.67055	-2.1448	-0.26362	151.21	-46.426	-71.078	59.479	4.9113	-76.983	-40.675	32.992	64.944	58.173	-23.658	-44.138	-13.293
-5.8628	-11.131	8.0095	-3.9479	4.3118	0.35374	-2.1289	4.0399	-2.9931	0.14377	3.2744	-0.50553	-0.18053	-1.7666	-5.5161	-22.548	-58.943	-0.94548	71.869	46.313	-20.544	10.622	-44.26	-0.17245	6.3245	-27.188	-34.043	15.127
-6.2136	-13.47	6.9167	-5.5165	4.5092	0.043338	-2.0927	2.7355	-1.937	4.2391	3.3683	-0.2738	-0.40482	-1.752	-14.034	-93.543	-43.712	-62.743	7.8968	-12.416	1.4472	-52.176	42.244	163.81	3.7555	9.2692	-8.9713	0.58394
-6.5324	-18.395	5.8377	-4.8284	0.59914	2.3119	-1.5281	2.1196	-1.59	3.8411	0.26504	0.027874	0.81874	-0.79124	-12.751	-197.02	-43.161	27.523	-156.4	90.744	22.582	-24.638	13.882	-15.917	-124.13	12.067	48.942	38.432
-7.5048	-34.62	1.8513	-3.268	1.4356	3.9807	-4.5623	-0.6646	2.1636	3.9182	1.6118	0.16257	-0.24196	-0.090824	-38.898	-648.98	-159.45	62.418	33.459	66.75	-121.37	-111.37	150.14	3.0807	53.872	5.3879	-42.428	28.017
-8.4405	-35.316	4.6321	-1.5861	0.25109	3.5803	-4.0665	-0.51142	0.93462	2.4993	0.84216	-0.88371	-0.59146	-1.5149	-37.426	-27.834	111.23	67.274	-47.381	-16.016	19.833	6.1274	-49.16	-56.753	-30.787	-41.851	-13.98	-56.965
