-4.9236	-7.5123	-21.372	-2.098	4.9443	-2.3823	-2.6739	2.4547	-0.45683	-2.2766	1.5564	2.0202	-0.28005	0.16883	0	0	0	0	0	0	0	0	0	0	0	0	0	0
-4.6047	10.65	-19.754	-1.4578	3.6313	-0.64177	-4.2204	1.2635	0.91576	-2.0484	-0.79672	-0.25459	-0.31821	-1.2471	12.757	726.48	64.721	25.608	-52.518	69.621	-61.861	-47.647	54.904	9.127	-94.125	-90.992	-1.5266	-56.636
-4.6939	11.967	-15.054	-0.52967	0.45522	-0.088302	-2.2577	0.13577	1.2672	0.29155	0.35754	-0.4143	0.59206	-0.46586	-3.5693	52.694	188	37.125	-127.04	22.139	78.508	-45.11	14.059	93.597	46.17	-6.3883	36.411	31.249
-3.2143	16.668	-0.66782	2.7706	3.2551	3.303	-0.46044	-0.94491	-0.76974	0.84346	0.025375	-1.3713	0.3614	0.0016528	59.185	188.03	575.46	132.01	112	135.65	71.892	-43.227	-81.479	22.076	-13.286	-38.28	-9.2264	18.701
-2.3632	28.123	5.2908	-1.5919	2.0057	3.9801	1.5681	-1.5049	-4.468	-0.41591	0.55458	-2.7509	-0.7262	1.2692	34.043	458.21	238.35	-174.5	-49.976	27.087	81.142	-22.398	-147.93	-50.375	21.168	-55.187	-43.504	50.701
-1.2944	31.961	8.6957	-4.0795	0.51942	2.0164	1.5477	-0.37383	-4.8721	-0.77202	-0.66733	-1.135	0.077827	2.0378	42.753	153.52	136.19	-99.505	-59.451	-78.55	-0.81523	45.241	-16.164	-14.244	-48.876	64.637	32.161	30.744
-0.6741	35.999	11.696	-4.9986	0.15442	-0.59747	0.38012	1.9075	-5.7136	-1.751	-1.0914	-1.3785	1.9586	1.4797	24.813	161.51	120.01	-36.765	-14.6	-104.55	-46.704	91.253	-33.66	-39.158	-16.962	-9.7398	75.23	-22.325
-0.1216	39.472	12.741	-4.8603	-2.1072	-1.8814	-0.33977	1.7897	-4.9593	-1.6652	-1.7759	-0.76444	3.0217	1.9469	22.1	138.95	41.786	5.5326	-90.466	-51.358	-28.796	-4.7106	30.173	3.429	-27.382	24.563	42.527	18.69
0.051977	41.764	12.98	-5.1243	-2.4916	-3.6794	-1.6567	3.67	-5.4002	0.043978	-2.6334	-1.02	3.5191	2.015	6.9431	91.672	9.579	-10.559	-15.374	-71.919	-52.676	75.211	-17.634	68.369	-34.3	-10.223	19.895	2.7248
0.061082	39.471	14.049	-4.167	-4.1544	-3.5379	-1.5781	3.3486	-5.9473	1.5529	-2.2664	-1.8875	3.1118	2.1845	0.3642	-91.715	42.762	38.291	-66.514	5.6595	3.1406	-12.858	-21.885	60.355	14.682	-34.702	-16.292	6.7798
-0.14875	40.379	12.675	-3.3183	-4.9999	-4.4384	0.70644	2.6436	-6.2332	2.0714	-1.8528	-1.7372	2.3231	2.3144	-8.3935	36.327	-54.977	33.948	-33.816	-36.02	91.383	-28.199	-11.436	20.743	16.543	6.0132	-31.548	5.1956
-0.29021	37.176	13.788	-3.6193	-5.7546	-3.0458	1.4473	2.5168	-7.864	2.6753	-1.7322	-1.2106	1.5206	2.0112	-5.6584	-128.15	44.518	-12.042	-30.19	55.707	29.636	-5.0711	-65.23	24.156	4.8233	21.065	-32.1	-12.129
-0.59567	33.073	13.839	-3.0659	-5.7581	-1.9272	2.5415	2.561	-8.8132	2.3585	-1.6847	-0.64373	1.4406	0.82005	-12.218	-164.11	2.0395	22.136	-0.1408	44.744	43.768	1.7698	-37.969	-12.672	1.9009	22.674	-3.2013	-47.645
-1.0229	26.846	14.512	-2.6775	-6.268	0.1575	3.5812	2.9153	-10.352	2.6632	-1.7485	0.15577	0.66216	0.23717	-17.091	-249.07	26.95	15.536	-20.396	83.386	41.587	14.171	-61.549	12.188	-2.5528	31.98	-31.136	-23.315
-1.8097	21.152	12.754	-2.2872	-4.5513	2.0733	3.0252	3.8752	-10.58	2.782	-0.3804	0.081049	-0.39026	-0.81902	-31.471	-227.76	-70.337	15.616	68.67	76.633	-22.24	38.395	-9.1259	4.7529	54.726	-2.989	-42.097	-42.247
-2.646	10.947	11.932	-4.5698	-2.9214	5.7445	2.193	3.2018	-8.1224	1.925	0.53734	0.41215	-1.1905	-1.3373	-33.449	-408.18	-32.879	-91.306	65.193	146.85	-33.29	-26.935	98.307	-34.28	36.71	13.244	-32.009	-20.73
-4.1581	-11.906	10.561	-4.9159	-3.1192	8.0773	3.1452	0.19294	-6.1744	1.9495	1.9454	-0.60806	-1.4819	-1.2492	-60.485	-914.13	-54.853	-13.843	-7.9125	93.309	38.091	-120.35	77.92	0.97682	56.322	-40.808	-11.655	3.5241
-5.4781	-28.801	6.8759	-2.0628	-3.8933	10.101	2.007	-1.1203	-2.9801	2.8356	0.94218	-1.2352	-1.2079	0.65576	-52.801	-675.8	-147.39	114.13	-30.962	80.959	-45.529	-52.53	127.77	35.446	-40.129	-25.087	10.959	76.197
-7.7948	-39.014	-2.472	1.1793	2.9424	9.3999	-0.079534	2.7197	-1.4451	1.4558	0.45463	0.084424	-1.8283	0.56826	-92.666	-408.5	-373.91	129.68	273.43	-28.053	-83.462	153.6	61.401	-55.192	-19.502	52.786	-24.817	-3.5001
-7.3291	-28.369	-12.502	1.5451	6.0652	3.1942	-0.87151	5.6411	3.5412	0.074158	0.65839	0.54629	-0.51085	-1.8711	18.626	425.77	-401.19	14.633	124.91	-248.23	-31.679	116.85	199.45	-55.266	8.1506	18.475	52.699	-97.576
-5.7721	-6.2945	-17.501	-0.092915	6.0207	0.05037	-0.039648	4.2705	1.6219	1.0918	-0.068592	-0.29528	0.75324	-1.4782	62.279	882.99	-199.98	-65.52	-1.7813	-125.75	33.274	-54.822	-76.772	40.706	-29.079	-33.663	50.564	15.717
-4.756	-0.058324	-20.15	3.3244	6.0377	-1.7993	0.48324	4.0562	0.35305	0.39071	0.093344	-0.19253	-0.27539	-0.87793	40.645	249.45	-105.97	136.69	0.68275	-73.986	20.915	-8.5716	-50.753	-28.044	6.4775	4.11	-41.145	24.011
-4.1671	8.9335	-21.693	5.3777	7.6657	-2.3476	0.14391	1.6313	-0.19005	-0.29825	-0.4906	0.36539	0.8576	0.23698	23.558	359.67	-61.716	82.131	65.117	-21.932	-13.573	-96.997	-21.724	-27.558	-23.358	22.317	45.32	44.597
-4.0632	11.442	-17.831	7.4136	5.7608	-1.7709	-0.021776	1.5187	1.0957	-0.012481	-1.1934	-0.34894	0.31503	-0.64002	4.1533	100.34	154.5	81.437	-76.194	23.068	-6.6276	-4.5043	51.43	11.431	-28.11	-28.573	-21.703	-35.08
-4.4936	12.069	-11.502	6.2781	6.1078	-0.039505	0.96749	1.8635	-0.29886	-0.35775	-2.0581	-2.1058	-0.052888	-0.60953	-17.213	25.102	253.15	-45.421	13.879	69.255	39.571	13.792	-55.783	-13.811	-34.589	-70.273	-14.717	1.2195
-4.387	10.542	-6.6241	6.9275	4.9191	0.66689	2.0288	-0.57907	-0.70989	0.16425	-1.4721	-1.3313	-1.6989	-1.5542	4.2639	-61.085	195.11	25.978	-47.548	28.256	42.45	-97.703	-16.441	20.88	23.44	30.979	-65.839	-37.785
-4.3502	9.8641	-3.9574	4.9866	4.5592	1.4519	3.2667	-0.90384	-1.7563	0.81759	-2.7098	-0.91279	-1.4598	-2.3302	1.4703	-27.127	106.67	-77.636	-14.395	31.4	49.52	-12.991	-41.855	26.134	-49.511	16.74	9.5617	-31.043
-4.5542	8.1387	-5.3761	5.2641	5.0191	0.57367	3.2978	-1.3812	-1.6811	1.2926	-2.3784	-0.2175	-1.8976	-1.9907	-8.1602	-69.016	-56.747	11.097	18.396	-35.129	1.2428	-19.095	3.0063	19.001	13.257	27.811	-17.512	13.583
-4.886	5.1136	-9.4884	8.4946	3.6547	0.7945	3.633	-2.519	-2.064	0.64496	-1.51	-0.73461	-1.7292	-1.3071	-13.274	-121.01	-164.49	129.22	-54.578	8.833	13.407	-45.512	-15.314	-25.906	34.737	-20.684	6.7355	27.345
-4.863	2.5521	-13.6	11.591	1.8132	-1.3734	4.4148	-2.1552	0.29009	0.45099	-1.6912	-1.8226	-1.7274	-0.69138	0.92359	-102.46	-164.48	123.85	-73.658	-86.717	31.272	14.551	94.161	-7.7588	-7.2489	-43.519	0.073668	24.627
-4.4233	3.5567	-18.621	11.145	2.8843	-1.6372	4.2426	-1.9273	-0.58231	-0.12767	-1.4352	0.43337	-0.53288	0.2633	17.585	40.181	-200.83	-17.848	42.845	-10.551	-6.8858	9.1196	-34.896	-23.146	10.241	90.238	47.78	38.187
-3.8614	2.5116	-23.418	7.8985	0.99001	-3.3729	4.8376	-0.76866	0.005997	0.68678	0.041031	0.89719	-0.68495	-0.2983	22.478	-41.804	-191.86	-129.85	-75.773	-69.428	23.797	46.344	23.532	32.578	59.049	18.553	-6.0827	-22.464
-3.9723	-1.983	-25.917	5.7785	-0.60675	-4.7058	5.603	-1.5011	-1.5868	1.8935	-0.017665	-1.5911	0.90565	0.7795	-4.4362	-179.78	-99.96	-84.8	-63.871	-53.316	30.619	-29.297	-63.712	48.269	-2.3478	-99.532	63.624	43.112
-4.8856	1.4183	-16.612	4.9144	-1.4455	-6.6387	4.1525	2.7708	-0.54976	1.9642	2.1205	-1.1938	0.27172	0.57599	-36.532	136.05	372.19	-34.561	-33.549	-77.316	-58.023	170.88	41.482	2.828	85.527	15.893	-25.357	-8.1404
-6.6071	-23.273	-12.696	4.7048	0.59214	-2.625	2.6955	4.156	1.1292	0.82289	2.1997	-1.1076	0.51525	1.3557	-68.862	-987.63	156.64	-8.3843	81.504	160.55	-58.277	55.408	67.159	-45.652	3.1663	3.4492	9.7413	31.187
-10.227	-74.106	-13.805	5.6529	0.45794	0.51516	0.66273	2.4855	0.75966	0.56548	1.5705	1.0231	0.3698	-0.70602	-144.78	-2033.4	-44.361	37.922	-5.3679	125.61	-81.312	-66.818	-14.782	-10.297	-25.167	85.227	-5.8178	-82.468
-13.173	-85.431	-14.189	2.4156	-2.7009	0.94455	0.77013	2.9439	0.79361	-0.78456	-0.40679	0.39017	0.96732	-0.0080818	-117.85	-452.98	-15.357	-129.49	-126.35	17.176	4.2957	18.333	1.3583	-54.001	-79.091	-25.318	23.901	27.917
-12.907	-82.759	-14.29	3.9444	-2.3285	2.015	0.53755	2.3931	2.3893	-0.082056	-0.20335	-0.77094	0.98833	0.47296	10.653	106.87	-4.0414	61.153	14.894	42.817	-9.303	-22.031	63.825	28.1	8.1373	-46.444	0.84039	19.241
-12.531	-84.257	-15.72	2.5993	-4.0571	1.6258	0.25523	2.9965	1.7814	-0.36425	0.34836	0.18198	0.93356	-0.62853	15.037	-59.917	-57.21	-53.807	-69.142	-15.567	-11.293	24.136	-24.313	-11.288	22.069	38.117	-2.191	-44.059
-12.431	-80.844	-13.17	4.6047	-4.1609	2.0432	2.4053	4.2034	2.8582	0.77652	0.53403	-0.73643	0.25858	-0.8453	3.9952	136.53	102.02	80.217	-4.1513	16.694	86.003	48.274	43.072	45.631	7.4266	-36.736	-26.999	-8.6708
-8.1283	-52.979	-6.4801	4.9458	-0.6611	2.8731	0.26512	2.9866	2.77	1.0762	1.3842	-1.5301	-0.35612	-0.229	172.1	1114.6	267.6	13.644	139.99	33.196	-85.608	-48.668	-3.5274	11.987	34.008	-31.746	-24.588	24.652
-7.1747	-15.927	-3.1584	3.5686	-0.19276	4.2019	0.59821	0.86613	0.92901	0.87181	1.4095	-2.4219	0.043145	1.9868	38.145	1482.1	132.87	-55.088	18.733	53.151	13.324	-84.821	-73.64	-8.1751	1.0103	-35.673	15.971	88.633
-6.1997	-11.144	-4.517	-0.43282	-1.217	1.3493	0.51074	-2.0494	1.8026	2.2821	-0.8097	-0.82223	-1.4887	0.29047	38.998	191.32	-54.341	-160.06	-40.968	-114.1	-3.4989	-116.62	34.941	56.412	-88.767	63.987	-61.274	-67.854
-5.8116	-0.72104	-4.2527	-2.2585	-2.9729	-3.3236	-1.3778	-4.8651	3.0818	2.474	-1.5179	0.56827	-0.87631	-1.9761	15.527	416.91	10.571	-73.029	-70.235	-186.92	-75.544	-112.63	51.172	7.6743	-28.329	55.62	24.496	-90.661
-4.3206	4.6912	-1.062	-0.26873	0.19435	0.86118	1.4713	-2.6339	3.1827	2.5822	-0.5092	-1.098	1.0885	0.69558	59.637	216.49	127.63	79.592	126.69	167.39	113.97	89.248	4.0347	4.3297	40.348	-66.651	78.594	106.87
-3.6118	16.086	4.7396	0.68784	1.0376	0.66514	-0.075061	-4.1898	0.41766	2.0212	1.217	1.3775	0.85924	0.30634	28.354	455.81	232.06	38.263	33.731	-7.8416	-61.856	-62.235	-110.6	-22.44	69.049	99.02	-9.1718	-15.57
-2.8909	18.843	7.1842	0.47588	-0.86846	1.4599	-1.3312	-2.3425	-1.4312	3.8491	-1.0207	1.0786	-0.15593	0.15959	28.837	110.28	97.784	-8.4782	-76.244	31.791	-50.245	73.891	-73.956	73.114	-89.508	-11.956	-40.607	-5.8697
-1.8556	26.722	8.5284	-1.6612	-0.95811	0.4421	-1.4011	-1.8188	-2.6072	4	-0.59142	0.4528	-0.53435	0.62817	41.411	315.13	53.766	-85.484	-3.5861	-40.713	-2.795	20.95	-47.04	6.0367	17.17	-25.032	-15.137	18.743
-1.2632	35.058	10.902	-6.0194	-2.834	0.88312	-1.3904	-2.5866	-3.501	4.1601	-0.73405	0.70301	-0.14029	0.56066	23.695	333.46	94.958	-174.33	-75.037	17.641	0.42865	-30.712	-35.751	6.4066	-5.7051	10.008	15.762	-2.7004
-0.7582	37.529	11.756	-7.4574	-2.3445	-0.40741	-0.72005	-2.1024	-5.345	4.6634	-0.75583	1.1008	-0.29038	1.245	20.201	98.837	34.129	-57.521	19.58	-51.621	26.812	19.366	-73.76	20.132	-0.87132	15.911	-6.0037	27.374
-0.53855	36.812	12.182	-6.1377	-5.0805	-0.03009	-0.64806	-1.2735	-6.4605	3.8075	0.45896	0.48723	0.36444	0.5795	8.7859	-28.669	17.055	52.788	-109.44	15.093	2.8796	33.154	-44.621	-34.235	48.592	-24.542	26.193	-26.621
-0.50642	31.926	15.687	-6.6264	-7.0255	0.508	-0.4394	-1.2911	-7.2617	3.3467	1.6697	-0.48235	1.4418	0.12051	1.285	-195.47	140.21	-19.548	-77.801	21.524	8.3464	-0.7022	-32.046	-18.435	48.431	-38.783	43.093	-18.36
-0.51985	27.792	18.334	-6.814	-7.9967	-0.24775	0.82444	-1.8935	-7.035	2.8566	1.2864	0.26223	1.2754	-0.18153	-0.53702	-165.35	105.86	-7.5037	-38.845	-30.23	50.554	-24.095	9.0653	-19.6	-15.335	29.783	-6.6526	-12.082
-0.32048	26.483	18.957	-6.238	-8.4822	-0.96958	2.0315	-2.9598	-6.2835	2.1615	1.6976	-0.24655	1.4958	-0.050709	7.9747	-52.354	24.921	23.042	-19.421	-28.873	48.283	-42.652	30.06	-27.805	16.451	-20.351	8.8154	5.2329
-0.54471	23.847	20.972	-7.1092	-8.1046	-1.2956	2.3112	-2.3995	-6.6802	1.7546	1.4349	0.46168	0.78588	0.25666	-8.9692	-105.46	80.599	-34.851	15.103	-13.039	11.187	22.412	-15.865	-16.278	-10.509	28.329	-28.398	12.295
-0.74367	22.57	20.665	-7.2928	-8.7016	-0.07391	1.7613	-1.9905	-6.3007	2.8213	1.6723	-0.07007	1.1262	0.082628	-7.9586	-51.075	-12.255	-7.3432	-23.88	48.866	-21.996	16.36	15.177	42.667	9.4933	-21.27	13.611	-6.9614
-0.81471	20.896	20.598	-7.3333	-8.2369	1.4317	-0.064149	-0.84871	-6.3645	3.366	1.6997	0.47572	0.42087	0.12913	-2.8415	-66.944	-2.6982	-1.6206	18.587	60.225	-73.018	45.671	-2.5506	21.789	1.0958	21.831	-28.212	1.8602
-1.2586	24.354	17.119	-7.7201	-5.8367	2.1494	-1.2503	0.046408	-5.7282	2.5864	2.6529	0.37862	-0.82406	0.47395	-17.757	138.3	-139.15	-15.473	96.006	28.707	-47.446	35.805	25.451	-31.185	38.128	-3.884	-49.797	13.793
-1.6583	25.18	13.865	-7.7612	-4.345	4.2661	-2.3393	1.5261	-6.4628	2.8054	2.3432	0.45239	-1.9824	1.0792	-15.987	33.033	-130.18	-1.6411	59.669	84.668	-43.56	59.189	-29.383	8.7616	-12.388	2.9511	-46.333	24.21
-2.0045	21.804	12.961	-5.3429	-4.3104	5.6044	-2.3669	-0.90413	-2.4756	0.7376	2.5474	0.26796	-2.1871	0.29797	-13.847	-135.05	-36.144	96.733	1.3835	53.532	-1.1046	-97.21	159.49	-82.712	8.1678	-7.3773	-8.1896	-31.249
-2.9124	13.758	12.385	-4.8768	-2.4997	6.8472	-1.4574	-0.69151	-2.3117	1.2253	1.442	0.52427	-2.8326	0.4397	-36.316	-321.84	-23.035	18.644	72.431	49.713	36.381	8.5048	6.5535	19.506	-44.215	10.253	-25.818	5.6694
-3.7995	0.51304	12.48	-4.2775	-2.1311	6.9743	3.0294	-3.1248	2.2732	-0.012178	-1.8071	1.7772	-3.4054	0.011481	-35.484	-529.79	3.7971	23.969	14.741	5.0825	179.47	-97.333	183.4	-49.497	-129.96	50.119	-22.912	-17.129
-4.326	-8.83	10.109	2.2888	-0.89074	8.6978	3.1238	-3.7956	0.69892	-0.21995	-3.0565	1.8936	-1.9803	0.32407	-21.062	-373.72	-94.843	262.66	49.616	68.942	3.7749	-26.831	-62.972	-8.3109	-49.977	4.6521	57.001	12.503
-4.3829	-15.276	10.365	5.8498	0.42912	7.43	3.4909	-5.0506	0.79046	-0.4118	-3.5432	2.8343	-0.15132	0.72468	-2.2736	-257.85	10.222	142.44	52.794	-50.713	14.683	-50.2	3.6612	-7.6739	-19.468	37.629	73.16	16.024
-4.2541	-14.135	10.262	4.6627	1.1865	8.1335	2.0876	-4.0094	0.11694	-0.44643	-2.4944	2.1039	0.57509	-0.57231	5.1512	45.629	-4.1138	-47.484	30.295	28.142	-56.131	41.647	-26.94	-1.3853	41.951	-29.214	29.056	-51.88
-3.6365	6.0928	8.3152	-1.2532	-2.1723	9.6629	-0.38259	-2.0419	1.1297	-1.346	1.3103	-1.1653	-1.2776	-1.8084	24.704	809.13	-77.86	-236.64	-134.35	61.174	-98.809	78.703	40.51	-35.981	152.19	-130.77	-74.108	-49.443
-3.1675	10.354	14.544	-2.6111	-5.1047	5.8961	0.22101	-2.2644	0.5409	0.11228	0.50274	1.5188	-2.1497	-1.2711	18.761	170.47	249.14	-54.314	-117.3	-150.67	24.144	-8.8997	-23.551	58.33	-32.302	107.36	-34.882	21.493
-2.8993	10.298	15.298	-0.79521	-7.6666	3.7019	-0.81986	0.48677	-0.76012	-0.45766	1.8679	2.1349	-2.3565	-0.12786	10.726	-2.2489	30.162	72.634	-102.48	-87.766	-41.635	110.05	-52.041	-22.798	54.607	24.643	-8.2744	45.728
-2.9083	10.787	15.432	-0.76415	-7.8213	1.7814	0.040764	1.7296	-0.62242	-1.116	1.9599	1.8351	-1.2882	0.32315	-0.36052	19.549	5.3574	1.2424	-6.1877	-76.819	34.425	49.714	5.508	-26.332	3.6806	-11.99	42.733	18.04
-2.5009	12.532	15.062	-0.81029	-7.9548	-1.0846	1.3335	2.5167	-1.1782	0.22844	0.90743	1.3269	-0.13203	1.4297	16.296	69.816	-14.794	-1.8455	-5.3413	-114.64	51.71	31.483	-22.233	53.776	-42.101	-20.327	46.246	44.264
-2.3469	13.664	15.437	-2.4921	-7.1145	-1.4701	0.14696	2.8955	0.46034	-1.0139	0.85905	1.8766	-0.55537	2.6837	6.1631	45.272	15.012	-67.272	33.612	-15.421	-47.462	15.154	65.543	-49.694	-1.9351	21.989	-16.934	50.157
-2.1477	17.549	13.477	-1.5171	-6.4654	-3.8277	0.18795	3.3282	0.37034	-1.5489	2.2914	-0.047934	0.68157	2.3791	7.968	155.38	-78.417	38.998	25.965	-94.305	1.6393	17.307	-3.6001	-21.398	57.295	-76.983	49.478	-12.183
-2.0525	13.77	16.024	-2.7727	-5.371	-5.061	0.19713	3.1548	0.17004	-0.7089	1.5072	0.25956	1.1104	2.573	3.8045	-151.16	101.87	-50.224	43.777	-49.33	0.36728	-6.9374	-8.0119	33.599	-31.369	12.3	17.154	7.7563
-2.0675	13.265	15.079	-0.30079	-7.4738	-3.8351	-0.12852	2.4914	0.37315	-0.81029	0.7713	1.2453	1.3484	2.2565	-0.59991	-20.198	-37.774	98.878	-84.114	49.037	-13.026	-26.537	8.1247	-4.0552	-29.436	39.432	9.5214	-12.659
-1.989	15.505	14.443	-2.1267	-6.6276	-3.1988	-0.10154	2.3137	0.58593	-2.0025	0.43427	2.9232	0.28777	2.931	3.1436	89.61	-25.435	-73.038	33.851	25.451	1.0791	-7.1071	8.511	-47.69	-13.481	67.115	-42.427	26.979
-2.1164	15.759	15.617	-2.6473	-7.2509	-2.351	-0.20785	1.9752	-0.68196	-2.2154	1.2142	3.2146	1.4708	0.84481	-5.0993	10.179	46.95	-20.824	-24.933	33.913	-4.2522	-13.538	-50.715	-8.5146	31.196	11.657	47.321	-83.449
-2.3528	16.837	11.517	0.022392	-6.8936	-1.1059	0.21689	0.0017304	-1.9869	-0.79705	2.0645	2.4346	1.5629	0.1664	-9.4565	43.108	-163.99	106.79	14.291	49.804	16.989	-78.94	-52.196	56.734	34.013	-31.201	3.686	-27.136
-2.4518	13.319	14.261	-2.3854	-3.7833	-0.43171	-0.25517	-0.82113	-3.5041	-0.14092	1.0362	2.9861	-0.99908	1.7395	-3.9562	-140.72	109.74	-96.31	124.41	26.966	-18.882	-32.915	-60.69	26.245	-41.131	22.057	-102.48	62.923
-2.515	15.202	12.152	-1.3583	-1.8964	-0.33228	0.31648	-2.5632	-4.2017	1.1408	0.61459	1.94	-1.3005	2.378	-2.53	75.303	-84.338	41.083	75.475	3.9773	22.866	-69.682	-27.904	51.269	-16.866	-41.843	-12.058	25.54
-2.5816	15.981	8.6592	-0.021583	-0.31488	1.8117	-1.9367	-3.2763	-2.0653	1.0371	-0.6323	-0.070522	0.12865	1.2532	-2.6629	31.181	-139.72	53.468	63.26	85.761	-90.127	-28.527	85.457	-4.1485	-49.875	-80.42	57.167	-44.99
-2.5699	15.475	10.802	-2.1343	2.6592	2.355	-2.8775	-1.8408	-5.882	2.8323	-2.2318	-0.23729	0.14309	1.0037	0.46573	-20.243	85.703	-84.51	118.96	21.731	-37.632	57.422	-152.67	71.808	-63.979	-6.6708	0.57774	-9.9814
-2.5353	11.045	9.7873	-0.84685	5.1109	2.4854	-4.6285	-1.0491	-5.4051	2.5535	-2.8626	-0.74931	-0.16954	0.6904	1.3834	-177.2	-40.578	51.499	98.068	5.2153	-70.043	31.668	19.073	-11.154	-25.234	-20.481	-12.505	-12.531
-2.9326	4.7562	10.653	0.5178	4.2333	4.0404	-5.1092	-1.0419	-4.7115	1.9584	-2.2886	-0.92549	-1.0422	0.48903	-15.89	-251.56	34.607	54.586	-35.104	62.199	-19.227	0.28969	27.744	-23.804	22.959	-7.0471	-34.906	-8.0549
-3.6778	-2.2952	8.4351	1.8601	6.0982	3.7562	-5.8632	0.26004	-2.0776	1.5726	-4.1735	-1.2008	0.20674	-0.29933	-29.808	-282.06	-88.697	53.694	74.597	-11.368	-30.158	52.076	105.36	-15.431	-75.395	-11.013	49.958	-31.535
-4.9909	-21.17	5.8354	1.459	3.7358	3.515	-2.3049	1.1446	-0.56752	1.9363	-0.56476	-1.4089	-0.80733	-1.3938	-52.524	-755	-103.99	-16.047	-94.496	-9.646	142.33	35.382	60.402	14.55	144.35	-8.3224	-40.563	-43.777
-6.3284	-17.038	2.4053	-0.028951	6.1352	3.4646	-2.4859	0.059873	-1.3545	0.47862	0.14165	-1.4432	-1.2111	-1.588	-53.502	165.29	-137.2	-59.516	95.978	-2.0152	-7.2394	-43.389	-31.48	-58.309	28.256	-1.3724	-16.151	-7.7683
-4.5357	-5.7588	9.6373	1.6584	2.3956	3.5943	-4.8394	0.18833	-1.8656	0.32524	-0.042835	-1.0658	-0.087628	-1.741	71.708	451.17	289.28	67.492	-149.59	5.1859	-94.14	5.1382	-20.443	-6.1352	-7.3793	15.094	44.939	-6.1228
-3.3065	6.8674	9.0795	2.4795	1.7195	2.7457	-2.6526	-1.1604	-2.5255	-0.50729	0.26326	-2.4899	0.97272	-0.20207	49.171	505.05	-22.311	32.845	-27.044	-33.943	87.472	-53.951	-26.395	-33.301	12.244	-56.963	42.414	61.559
-2.8294	9.1432	8.7508	3.9942	0.90035	0.071893	-1.4968	-3.7318	-2.3603	-0.20824	0.027368	0.29166	-1.9651	0.94901	19.084	91.032	-13.15	60.588	-32.765	-106.95	46.231	-102.85	6.6044	11.962	-9.4358	111.26	-117.51	46.043
-2.7747	9.5801	8.8532	4.338	-0.23689	-0.97034	-0.59672	-4.2841	-0.49814	-1.2622	-0.81115	1.7725	-2.4182	1.3519	2.188	17.474	4.0982	13.753	-45.49	-41.689	36.005	-22.09	74.488	-42.159	-33.541	59.232	-18.127	16.117
-3.0385	6.2372	8.9947	5.9091	-1.2195	-0.16551	-0.79883	-4.6734	-1.2163	0.19436	-0.84984	1.3971	-1.3662	0.47761	-10.553	-133.72	5.6609	62.843	-39.306	32.193	-8.0843	-15.573	-28.728	58.263	-1.5473	-15.013	42.081	-34.973
-3.6159	-3.6792	11.506	7.3986	-1.1533	-2.6601	2.0964	-0.77395	-2.5571	-2.5996	-1.7221	1.8686	-1.5476	0.61405	-23.097	-396.66	100.44	59.579	2.6475	-99.785	115.81	155.98	-53.629	-111.76	-34.89	18.857	-7.2543	5.4578
-4.4985	-21.644	11.9	7.3431	-0.76145	-0.19746	1.9674	-0.64402	-0.35725	-0.81038	-2.0832	1.2787	-1.8804	-0.58331	-35.304	-718.59	15.79	-2.219	15.676	98.507	-5.1592	5.1973	87.992	71.569	-14.446	-23.595	-13.314	-47.895
-6.47	-52.539	9.1499	10.484	-0.077674	1.1687	1.7757	1.8232	1.0356	-0.83941	-0.29898	1.002	-0.068003	-1.1133	-78.859	-1235.8	-110.02	125.65	27.351	54.645	-7.6662	98.687	55.712	-1.1611	71.37	-11.068	72.496	-21.199
-8.3395	-65.616	4.1358	10.648	2.1421	6.4419	4.8649	4.0999	1.4131	-3.9561	-0.44876	0.11301	1.2669	-1.1458	-74.78	-523.1	-200.56	6.5254	88.789	210.93	123.57	91.069	15.102	-124.67	-5.991	-35.559	53.398	-1.3012
-8.6699	-69.44	2.8242	10.427	0.66898	6.6381	4.9981	5.0825	1.2436	-3.3067	-0.10989	1.0921	1.0486	-1.2878	-13.219	-152.93	-52.466	-8.8251	-58.923	7.8494	5.328	39.303	-6.7811	25.977	13.555	39.165	-8.735	-5.6804
-8.8674	-70.188	1.0273	11.076	2.0093	6.1858	4.8104	4.6205	1.2511	-1.8171	-0.38614	0.06651	0.55824	-0.47918	-7.9008	-29.949	-71.876	25.961	53.611	-18.091	-7.5077	-18.477	0.30086	59.586	-11.05	-41.025	-19.613	32.346
-9.067	-72.185	0.93753	10.567	2.5242	6.0879	5.1828	5.5798	2.9278	-2.5462	-1.5365	-0.47517	-0.086087	-0.54892	-7.9823	-79.869	-3.5908	-20.339	20.599	-3.9165	14.896	38.371	67.069	-29.168	-46.014	-21.667	-25.773	-2.7899
-9.2858	-72.659	0.17298	11.552	2.1339	5.2564	3.723	3.9393	2.2408	-1.14	-0.084293	0.10296	1.268	-0.077292	-8.7536	-18.958	-30.582	39.376	-15.615	-33.26	-58.393	-65.622	-27.483	56.25	58.088	23.125	54.162	18.865
-8.7064	-70.565	2.1981	12.866	1.3388	3.3772	3.8872	5.6288	2.2943	-0.98012	0.26763	0.16761	0.17351	-0.55219	23.179	83.752	81.005	52.55	-31.801	-75.171	6.5662	67.584	2.1427	6.3948	14.077	2.586	-43.778	-18.996
-4.2445	-21.17	5.3389	4.218	-3.3782	-1.4358	1.5555	1.315	0.85096	-0.86993	0.028872	1.9705	1.16	-0.58791	178.47	1975.8	125.63	-345.91	-188.68	-192.52	-93.265	-172.55	-57.735	4.4077	-9.5503	72.117	39.461	-1.4287
-2.564	16.412	8.5973	-3.0838	-2.3997	-5.1175	1.1365	-0.081269	-0.082775	-0.6548	-0.012134	3.7044	1.1444	0.37909	67.221	1503.3	130.34	-292.07	39.143	-147.27	-16.762	-55.852	-37.35	8.605	-1.6403	69.353	-0.62435	38.68
-1.8855	19.19	13.609	-1.5053	-8.1919	-4.2241	3.1966	-3.4261	0.64566	-0.3858	0.36495	3.8833	1.1102	-0.87089	27.14	111.12	200.47	63.138	-231.69	35.733	82.403	-133.79	29.137	10.76	15.083	7.1563	-1.3685	-49.999
-1.5629	20.771	11.518	-1.0766	-7.5905	-4.7397	0.64702	-2.8509	3.2402	-0.40297	1.3414	3.0709	0.85501	-2.2632	12.904	63.257	-83.638	17.149	24.057	-20.624	-101.98	23.008	103.78	-0.68672	39.06	-32.494	-10.208	-55.694
-1.4842	19.453	11.856	-1.4248	-7.7638	-7.7266	3.0574	-1.0525	4.036	-1.5377	2.0075	3.4748	-1.276	-2.7057	3.1457	-52.756	13.498	-13.927	-6.9348	-119.48	96.415	71.936	31.829	-45.389	26.643	16.154	-85.241	-17.697
-1.6325	22.651	8.3833	-0.15839	-9.4843	-7.7993	4.6779	0.81062	3.8868	-1.0923	1.6318	3.0842	-0.95304	-2.8356	-5.9316	127.95	-138.89	50.655	-68.817	-2.9077	64.82	74.525	-5.965	17.815	-15.028	-15.622	12.919	-5.1992
-1.6563	24.016	7.3054	-0.45294	-9.1998	-6.6101	2.8153	1.5388	4.0937	-0.36068	0.64899	1.6829	-0.2402	-2.0456	-0.95176	54.596	-43.118	-11.782	11.38	47.568	-74.503	29.127	8.2731	29.266	-39.314	-56.053	28.514	31.602
-1.6606	21.316	11.799	-3.8049	-9.4594	-6.9362	4.9066	-0.41003	6.4666	-2.3839	2.312	0.41148	-0.25976	-1.3956	-0.17131	-108	179.76	-134.08	-10.387	-13.045	83.653	-77.953	94.918	-80.93	66.519	-50.857	-0.78234	26
-1.6213	19.145	12.242	-3.7059	-9.7578	-6.2994	4.0205	1.8035	5.5315	-2.8664	1.8824	1.2877	-0.60115	-1.8244	1.5728	-86.846	17.703	3.9616	-11.933	25.475	-35.447	88.541	-37.405	-19.298	-17.183	35.05	-13.656	-17.153
-1.4968	21.086	12.611	-5.0605	-7.6412	-6.8589	4.2481	0.09439	6.1988	-2.7133	1.7592	1.4569	-0.26498	-1.3336	4.981	77.619	14.757	-54.185	84.663	-22.382	9.105	-68.364	26.694	6.1224	-4.9288	6.7673	13.447	19.631
-1.4221	23.225	12.043	-5.0441	-7.882	-7.3363	3.4828	0.044243	5.6993	-3.4188	3.4403	1.3789	-0.15082	-2.0295	2.9872	85.57	-22.729	0.65561	-9.6326	-19.096	-30.612	-2.0059	-19.983	-28.219	67.245	-3.1228	4.5665	-27.835
-1.5113	22.03	10.497	-2.3101	-10.443	-3.3232	1.1623	0.13599	4.6053	-1.3863	2.3733	1.8183	-0.14272	-2.1215	-3.5706	-47.79	-61.823	109.36	-102.44	160.52	-92.818	3.67	-43.757	81.302	-42.679	17.58	0.32384	-3.6795
-1.9672	22.919	7.9623	-0.96836	-9.2399	-2.2403	-1.5347	1.7107	2.2138	-1.5789	3.4626	1.9818	-0.21082	-2.5787	-18.235	35.559	-101.39	53.671	48.127	43.318	-107.88	62.988	-95.663	-7.7035	43.57	6.5391	-2.7239	-18.286
-2.6844	11.655	12.537	-3.8776	-5.2874	-2.7127	-2.5828	2.7101	0.26574	-1.4616	2.804	1.2914	1.884	-1.7405	-28.686	-450.56	182.99	-116.37	158.1	-18.897	-41.925	39.976	-77.921	4.6911	-26.343	-27.615	83.792	33.527
-4.2718	-18.653	11.375	0.74349	-0.99072	-0.006356	-1.0285	2.0039	1.4964	-4.3797	2.2705	2.359	0.75068	-0.73487	-63.497	-1212.3	-46.468	184.85	171.87	108.25	62.17	-28.247	49.227	-116.73	-21.338	42.701	-45.333	40.225
-7.7503	-40.273	6.9058	4.2753	0.11015	5.0851	1.0936	1.7097	1.9695	-3.0507	0.31548	0.72783	-0.82903	-1.0414	-139.14	-864.8	-178.79	141.27	44.035	203.66	84.885	-11.771	18.921	53.162	-78.203	-65.245	-63.188	-12.261
-5.0427	-17.671	8.8748	-1.3582	-0.33779	3.1071	-1.0078	0.98563	-1.3639	-4.3953	1.205	1.6093	0.77379	-1.8429	108.3	904.09	78.761	-225.34	-17.917	-79.121	-84.055	-28.961	-133.33	-53.784	35.582	35.258	64.113	-32.061
-3.3961	1.0417	13.378	0.36183	-4.2097	-0.41424	-0.94819	-2.0147	1.3054	-5.4483	1.5471	2.6879	0.21259	-0.50189	65.861	748.52	180.14	68.801	-154.88	-140.85	2.3839	-120.01	106.77	-42.12	13.684	43.145	-22.448	53.641
-2.9635	12.642	13.012	-2.638	-2.8982	0.21876	-0.79811	-4.07	0.76201	-3.3622	1.4629	2.6886	0.41246	-0.21146	17.305	464.02	-14.636	-119.99	52.461	25.32	6.0032	-82.212	-21.735	83.443	-3.369	0.027093	7.9947	11.617
-2.9516	8.0656	9.8304	1.5801	-4.1072	-2.1491	0.21619	-3.0534	0.56158	-2.6996	1.1446	2.2922	-0.29235	0.78491	0.4789	-183.06	-127.27	168.72	-48.358	-94.715	40.572	40.664	-8.0173	26.506	-12.733	-15.855	-28.192	39.855
-3.1744	8.8709	10.584	-0.6003	-3.3204	-1.5718	1.2072	-4.4507	-0.20551	-1.4655	1.1774	0.44177	1.4587	0.59168	-8.9121	32.215	30.147	-87.216	31.472	23.093	39.64	-55.889	-30.684	49.361	1.3129	-74.018	70.043	-7.7291
-3.3949	1.386	11.312	2.5543	-0.85903	-2.5384	-0.80216	-3.6936	-0.058969	-2.9653	1.7913	1.2536	0.58025	0.48019	-8.8231	-299.4	29.114	126.18	98.454	-38.667	-80.374	30.28	5.8617	-59.991	24.556	32.474	-35.139	-4.4598
-3.9096	-1.0387	8.883	3.8713	-1.4278	-2.8024	0.46094	-2.3714	0.95972	-2.5771	0.64401	1.0097	0.31706	0.89753	-20.587	-96.987	-97.156	52.678	-22.75	-10.559	50.524	52.891	40.748	15.53	-45.892	-9.7551	-10.528	16.694
-5.0145	-4.0783	3.3678	3.1694	-2.3284	-0.2603	0.21847	-1.7561	0.56154	-1.5298	1.8999	0.58693	0.26074	0.35788	-44.197	-121.58	-220.61	-28.075	-36.023	101.69	-9.6989	24.613	-15.927	41.889	50.237	-16.912	-2.253	-21.586
-6.7106	-19.822	-6.4701	5.7545	-2.1801	1.8464	-1.9004	1.7847	0.42714	0.43605	1.3245	0.79131	0.37574	-0.59879	-67.844	-629.74	-393.52	103.4	5.931	84.269	-84.757	141.63	-5.3761	78.635	-23.016	8.1754	4.6	-38.267
-7.8034	-20.922	-18.814	3.1076	-3.7082	0.5293	0.45891	3.324	1.6214	0.60472	2.8003	0.52282	-0.8101	-0.39798	-43.712	-44.007	-493.78	-105.87	-61.124	-52.685	94.374	61.572	47.77	6.7469	59.029	-10.74	-47.433	8.0324
-7.6265	-21.261	-20.802	1.4664	-4.1369	-0.48219	-1.4856	-0.42679	0.16455	-0.69553	1.271	-1.0619	-1.4688	0.54963	7.0769	-13.553	-79.495	-65.649	-17.149	-40.459	-77.781	-150.03	-58.274	-52.01	-61.172	-63.389	-26.35	37.904
-7.4379	-22.207	-22.578	-0.30451	-4.8289	-1.6423	-1.2552	-1.0358	1.9523	-0.52458	-0.52445	-1.5862	-0.18867	0.49922	7.5459	-37.84	-71.03	-70.836	-27.679	-46.403	9.2175	-24.362	71.508	6.8379	-71.817	-20.971	51.207	-2.0162
-7.1463	-17.483	-21.824	1.1219	-2.9922	0.70085	-1.2177	-0.12691	1.623	-0.78346	0.36901	-0.6806	-0.69439	0.16918	11.662	188.94	30.151	57.055	73.465	93.724	1.4982	36.357	-13.172	-10.355	35.738	36.224	-20.229	-13.202
-6.6763	-11.976	-22.063	-0.4235	-2.1077	1.1767	0.14997	-1.2119	0.72032	-1.4125	0.10678	-0.79528	-2.1436	0.53959	18.8	220.29	-9.5576	-61.814	35.38	19.033	54.707	-43.401	-36.106	-25.16	-10.489	-4.5872	-57.97	14.817
-5.9185	-1.5078	-19.156	-2.0429	-4.0342	1.2214	-2.0584	-1.4132	1.0588	1.1078	0.55322	-1.0046	-1.1404	-0.010949	30.311	418.73	116.26	-64.775	-77.058	1.7882	-88.333	-8.0494	13.537	100.81	17.858	-8.3721	40.128	-22.022
-5.3393	6.5418	-18.634	-3.8932	-4.1053	-0.96807	-2.0909	-1.4407	2.1448	1.5145	1.5376	0.56674	0.89345	0.53597	23.171	321.98	20.908	-74.013	-2.8438	-87.578	-1.3013	-1.1021	43.44	16.27	39.375	62.853	81.355	21.877
-5.1244	11.175	-16.309	-2.5676	0.49983	-1.5684	-2.5953	-1.0336	0.67486	-0.77838	-0.77772	0.97326	0.19959	-0.058516	8.5938	185.32	92.994	53.024	184.2	-24.015	-20.178	16.285	-58.796	-91.717	-92.612	16.261	-27.754	-23.779
-5.0335	7.4237	-16.669	-0.88841	-0.0028199	-2.9503	-2.3655	0.65198	2.2471	-0.083149	-1.3116	0.95776	-0.65592	-1.4186	3.6387	-150.04	-14.403	67.168	-20.106	-55.274	9.1928	67.423	62.889	27.809	-21.356	-0.61979	-34.22	-54.402
-5.1427	8.7488	-17.628	-1.1983	-0.38132	-3.526	-2.4291	0.87088	2.0004	-0.32534	0.21379	0.2978	-0.66148	-0.60582	-4.3699	53.003	-38.384	-12.396	-15.14	-23.028	-2.543	8.7557	-9.8655	-9.6875	61.016	-26.398	-0.22242	32.509
-5.1327	7.1356	-15.276	-1.0161	0.82539	-2.5442	-2.6218	1.3207	2.9511	-0.77775	-0.60419	1.0369	-1.2863	-1.2646	0.40208	-64.527	94.111	7.2867	48.268	39.274	-7.7081	17.992	38.026	-18.096	-32.719	29.566	-24.994	-26.35
-5.6582	-3.0709	-15.072	-1.7974	2.21	-1.3611	-3.7278	1.4586	3.9859	-0.90471	-0.95495	1.4846	-1.4893	-1.5239	-21.022	-408.26	8.1357	-31.249	55.383	47.324	-44.241	5.5178	41.393	-5.0787	-14.031	17.906	-8.118	-10.372
-5.5086	-8.7044	-9.3416	1.3281	3.7928	0.88664	-1.9409	1.3093	3.5629	-1.0108	-0.55637	1.3328	-0.19662	-0.75644	5.9826	-225.34	229.22	125.02	63.313	89.908	71.475	-5.974	-16.922	-4.2454	15.943	-6.0708	51.706	30.698
-4.3609	0.48165	0.28125	1.5866	10.027	3.0135	-1.4966	0.65789	2.1346	0.028598	-3.4934	-0.29968	-0.23462	-1.3116	45.911	367.44	384.92	10.338	249.35	85.074	17.773	-26.055	-57.131	41.578	-117.48	-65.301	-1.5199	-22.205
-3.6145	10.756	1.7046	-1.8633	12.228	2.0798	-2.3856	0.59152	0.34432	2.16	-4.23	-1.1175	0.69091	-1.1085	29.854	410.98	56.932	-137.99	88.04	-37.348	-35.559	-2.6547	-71.612	85.256	-29.465	-32.713	37.021	8.1221
-3.391	12.721	0.2507	-2.7267	13.81	2.5475	-2.9553	1.2573	-0.96014	3.3219	-4.5568	-0.71441	1.2322	-1.1538	8.9404	78.598	-58.154	-34.536	63.309	18.708	-22.79	26.632	-52.178	46.477	-13.072	16.124	21.652	-1.8135
-3.7446	8.7054	0.50949	-1.9985	13.106	2.7978	-2.7621	1.6178	-0.84835	3.0845	-4.6625	-0.61591	1.2447	-1.1024	-14.143	-160.63	10.351	29.126	-28.164	10.013	7.7274	14.421	4.4713	-9.4973	-4.2293	3.9399	0.50175	2.0578
-4.5235	0.2257	-1.5808	0.7896	12.232	3.4213	-0.9557	0.29223	-0.085907	1.7706	-3.6606	-2.0792	2.2921	-1.529	-31.156	-339.19	-83.613	111.52	-34.97	24.938	72.258	-53.024	30.498	-52.555	40.076	-58.533	41.896	-17.064
-5.7443	-13.418	-6.8312	3.832	9.1448	3.8809	0.50149	1.6354	1.6364	-0.72675	-2.9408	-2.9325	1.5689	-1.7544	-48.834	-545.76	-210.01	121.7	-123.48	18.387	58.288	53.726	68.894	-99.894	28.793	-34.129	-28.93	-9.0169
-7.551	-26.515	-15.999	2.3467	6.8637	1.0279	1.0957	3.686	0.74209	-0.12452	-0.5705	-2.8705	0.42316	-0.53732	-72.267	-523.86	-366.71	-59.415	-91.242	-114.12	23.768	82.024	-35.775	24.089	94.811	2.4764	-45.829	48.684
-8.6847	-43.121	-18.229	-3.1051	2.6393	-2.2307	1.7878	5.2994	1.261	2.5059	2.4822	-0.16221	0.12384	0.29597	-45.349	-664.26	-89.227	-218.07	-168.98	-130.34	27.683	64.538	20.757	105.22	122.11	108.33	-11.973	33.332
-8.5312	-48.921	-19.892	-6.6534	2.207	-2.5993	0.56522	4.8032	-0.50329	0.59014	1.3517	0.14341	-0.009535	0.9146	6.1396	-232	-66.514	-141.93	-17.291	-14.744	-48.902	-19.848	-70.572	-76.631	-45.22	12.225	-5.3349	24.745
-6.5547	-29.831	-17.69	-3.7322	4.163	-2.5207	-0.26338	5.4107	-0.74667	0.87381	2.0625	-0.36992	0.44325	0.17016	79.06	763.6	88.086	116.85	78.238	3.1462	-33.144	24.301	-9.7354	11.347	28.43	-20.534	18.112	-29.777
-5.2419	-11.129	-19.44	-4.1769	2.0895	-4.1443	-1.7741	5.2593	-1.7434	-1.3369	1.3361	-0.99234	0.49285	0.41353	52.514	748.07	-70.011	-17.79	-82.937	-64.948	-60.429	-6.0567	-39.87	-88.428	-29.055	-24.897	1.9837	9.7348
-3.6218	7.0292	-24.601	-1.9628	6.4146	-1.7859	-1.4643	1.7706	1.6287	-1.3915	-0.44788	1.0492	-0.10791	0.38365	64.804	726.34	-206.42	88.565	173	94.337	12.391	-139.55	134.88	-2.186	-71.359	81.662	-24.03	-1.1953
-3.2154	14.07	-26.281	-3.5195	4.4884	-2.7986	-3.3902	2.9176	3.0874	-0.018728	-0.45765	-0.50074	-0.47654	-0.21837	16.254	281.64	-67.186	-62.267	-77.048	-40.509	-77.036	45.88	58.347	54.912	-0.39074	-61.998	-14.745	-24.081
-3.4512	14.755	-18.301	-2.8042	3.6293	-2.2077	-6.0227	0.38314	1.545	-1.7401	-0.61278	1.1855	-0.31494	-1.9438	-9.4314	27.408	319.2	28.612	-34.363	23.639	-105.3	-101.38	-61.696	-68.856	-6.2055	67.451	6.4642	-69.016
-4.3515	5.8492	-14.089	-1.6777	2.3482	-0.19397	-5.1573	0.24878	3.2514	-0.43384	0.57949	1.6832	-0.54449	-1.9002	-36.01	-356.25	168.45	45.06	-51.247	80.549	34.619	-5.3746	68.257	52.252	47.691	19.909	-9.1821	1.7418
-4.7243	1.2437	-7.6312	-1.1015	3.9662	4.1203	-1.8115	0.061779	3.4335	0.78365	-0.52267	0.92721	-0.075478	-1.5669	-14.913	-184.22	258.32	23.047	64.721	172.57	133.83	-7.48	7.2858	48.699	-44.086	-30.241	18.76	13.334
-4.0507	13.53	1.0424	0.29587	3.9082	4.8328	-1.4376	-1.4884	-0.97449	1.3861	-2.3014	-1.0153	-1.7548	0.57728	26.945	491.46	346.95	55.895	-2.319	28.502	14.958	-62.007	-176.32	24.1	-71.149	-77.701	-67.172	85.767
-3.5312	10.95	6.0585	-2.0683	5.3054	3.7655	1.1778	-3.4925	-3.5845	2.7214	-1.6084	-2.2258	-0.931	1.5824	20.777	-103.21	200.64	-94.567	55.889	-42.693	104.62	-80.164	-104.4	53.41	27.719	-48.421	32.951	40.203
-3.6232	8.4283	7.0902	-4.004	5.9813	3.4484	2.3884	-4.0295	-3.0455	2.7653	-0.89175	-3.5522	-0.14009	1.7396	-3.6794	-100.87	41.27	-77.428	27.034	-12.685	48.422	-21.479	21.561	1.7586	28.667	-53.054	31.636	6.2891
-3.8687	5.5569	6.9453	-4.7437	7.1512	2.8356	2.8209	-4.1394	-2.77	3.4539	-1.6416	-3.5013	-0.22733	1.7404	-9.8195	-114.86	-5.7961	-29.585	46.796	-24.509	17.301	-4.3972	11.022	27.541	-29.994	2.0361	-3.4893	0.031877
-4.3872	-2.2632	4.8224	-3.2759	7.9281	3.4708	3.0728	-4.1784	-1.694	3.7067	-1.703	-3.8551	-0.37864	1.931	-20.741	-312.8	-84.917	58.71	31.078	25.408	10.074	-1.5599	43.04	10.114	-2.4554	-14.152	-6.0527	7.6255
-5.6522	-20.423	1.7753	0.069844	7.2419	4.4443	2.4521	-4.7131	-1.6474	4.9137	-2.0647	-3.8309	0.14982	1.123	-50.601	-726.39	-121.89	133.83	-27.447	38.939	-24.825	-21.387	1.8634	48.278	-14.468	0.96874	21.138	-32.322
-8.3813	-53.546	0.96245	4.3573	3.3796	4.9347	0.17777	-3.4829	0.10787	4.9001	-1.0619	-2.5161	0.90727	1.376	-109.16	-1324.9	-32.512	171.5	-154.49	19.618	-90.975	49.209	70.21	-0.54538	40.111	52.59	30.298	10.121
-11.505	-80.323	-7.1125	9.6278	1.8848	5.4169	0.6435	1.9983	0.75658	-0.64042	0.30183	-0.98593	-0.71939	0.1831	-124.97	-1071.1	-323	210.82	-59.792	19.287	18.629	219.25	25.948	-221.62	54.55	61.208	-65.066	-47.716
-12.146	-84.597	-8.5938	9.6677	1.0938	4.4095	2.1431	3.5663	3.0275	-1.1342	-1.1248	-0.24828	-0.44305	-0.30219	-25.614	-170.98	-59.251	1.5927	-31.641	-40.297	59.984	62.72	90.836	-19.753	-57.066	29.506	11.053	-19.411
-12.391	-85.532	-13.245	6.2477	-1.1221	2.6182	2.6002	4.016	2.1259	0.088511	0.74459	1.1086	0.6605	1.0072	-9.801	-37.392	-186.04	-136.8	-88.636	-71.653	18.283	17.987	-36.063	48.91	74.777	54.275	44.142	52.374
-12.555	-85.418	-12.57	7.2989	-2.3416	1.7595	1.0859	4.0847	2.6336	0.61814	0.43826	0.30354	-0.94077	-0.11479	-6.5677	4.541	26.973	42.048	-48.78	-34.348	-60.573	2.7468	20.309	21.185	-12.254	-32.202	-64.051	-44.878
-5.6439	2.061	-14.914	-6.4599	-2.3413	-2.4453	2.5953	3.8134	3.7793	0.059517	-1.0981	2.2976	-0.40416	-2.2766	276.44	3499.2	-93.757	-550.35	0.014589	-168.19	60.376	-10.851	45.829	-22.345	-61.454	79.763	21.464	-86.473
-5.5052	8.7792	-11.267	-4.62	-0.39936	-2.2402	-0.13509	1.6669	1.9339	-1.7904	-2.9346	1.8812	-0.98009	-2.4628	5.5511	268.73	145.88	73.597	77.676	8.2023	-109.21	-85.861	-73.818	-73.998	-73.458	-16.657	-23.037	-7.4487
-5.4276	-16.985	-8.9245	3.2249	5.6534	0.72841	-2.7739	0.47717	2.1281	-1.5827	-1.7535	2.1688	0.16751	-1.1743	3.1038	-1030.5	93.708	313.8	242.11	118.74	-105.55	-47.587	7.769	8.3103	47.242	11.504	45.904	51.541
-2.9154	15	1.6082	1.2116	7.8072	0.51677	-4.116	-0.34703	-0.60743	0.89147	-2.1547	-0.5053	1.1697	0.020894	100.49	1279.4	421.31	-80.532	86.154	-8.4656	-53.685	-32.968	-109.42	98.966	-16.046	-106.96	40.088	47.808
-2.0495	25.695	3.0142	0.20073	9.1591	-0.9636	-4.1057	-2.4016	-2.0931	0.6409	-3.9902	-0.51003	0.32246	0.86798	34.637	427.79	56.238	-40.433	54.077	-59.215	0.41086	-82.184	-59.426	-10.023	-73.42	-0.1891	-33.89	33.883
-1.7327	26.81	1.3635	2.7348	6.1719	-0.92226	-3.9731	-4.9907	-0.26981	-0.75357	-2.3022	-0.17081	1.0716	1.1649	12.668	44.618	-66.027	101.36	-119.49	1.6537	5.3054	-103.56	72.931	-55.779	67.52	13.569	29.967	11.875
-1.8326	24.783	3.5156	2.821	2.1914	0.48274	-4.8166	-4.8509	0.76798	-0.81303	-1.8833	0.9262	0.93283	1.7996	-3.992	-81.089	86.085	3.4493	-159.22	56.2	-33.738	5.595	41.512	-2.3782	16.754	43.88	-5.552	25.391
-2.175	26.766	1.0882	1.5482	3.7394	-0.40416	-4.1466	-5.4868	1.4402	-0.22057	-0.56339	1.4113	1.2171	1.2067	-13.698	79.319	-97.096	-50.913	61.922	-35.476	26.797	-25.439	26.889	23.698	52.797	19.402	11.371	-23.716
-2.5949	24.892	2.1724	-0.39183	2.9273	-1.9584	-2.5641	-4.005	2.2876	0.70672	-0.34358	1.29	0.65714	1.7146	-16.795	-74.97	43.368	-77.601	-32.486	-62.171	63.3	59.274	33.897	37.092	8.7923	-4.8492	-22.399	20.315
-2.8521	24.386	2.6634	-0.95624	1.8754	-2.7389	-2.7229	-2.3162	3.9555	-0.73358	0.82385	1.0847	1.6932	0.33193	-10.287	-20.235	19.638	-22.576	-42.076	-31.218	-6.3511	67.552	66.713	-57.612	46.697	-8.214	41.441	-55.308
-2.6043	22.945	2.8806	-0.27133	-0.81667	-2.2925	-1.0394	-4.2524	5.6597	0.62023	1.8077	-0.8619	0.89421	0.69872	9.909	-57.631	8.6894	27.396	-107.68	17.853	67.34	-77.45	68.169	54.152	39.353	-77.863	-31.959	14.672
-2.524	25.14	4.4063	-0.86384	-2.0975	-2.533	-2.0465	-3.9261	5.4361	1.3745	2.2767	-0.28817	0.044385	0.61593	3.2145	87.779	61.026	-23.7	-51.233	-9.6183	-40.283	13.053	-8.9424	30.172	18.761	22.949	-33.993	-3.3117
-2.4287	24.259	4.3858	-2.4693	-0.51453	-3.8194	-0.50622	-3.4176	6.2795	0.21395	3.5105	-0.94377	-0.62529	0.90811	3.8112	-35.207	-0.81845	-64.218	63.318	-51.456	61.61	20.339	33.735	-46.423	49.352	-26.224	-26.787	11.687
-2.3896	26.162	4.0202	-1.724	-1.6158	-4.3549	0.44342	-3.5302	6.2494	0.66617	3.0426	-1.2637	-1.0179	0.15051	1.5636	76.092	-14.622	29.811	-44.049	-21.419	37.985	-4.5016	-1.2045	18.089	-18.715	-12.798	-15.706	-30.304
-2.1841	24.285	6.8864	-1.7139	-4.0372	-4.2539	3.2994	-4.275	4.6854	0.82274	3.631	-0.81222	-2.2421	0.11997	8.2184	-75.077	114.65	0.4049	-96.857	4.0405	114.24	-29.794	-62.559	6.263	23.537	18.06	-48.967	-1.2217
-2.1581	29.357	4.9623	-2.4136	-5.1711	-3.0642	1.4617	-2.7642	3.1097	1.8884	3.8684	0.44457	-2.3343	-1.216	1.0414	202.89	-76.966	-27.989	-45.357	47.585	-73.505	60.432	-63.029	42.628	9.4957	50.272	-3.6892	-53.437
-2.0866	22.501	6.7196	-1.3018	-6.2178	-3.2733	3.2951	-2.7523	5.2141	-0.021365	3.7949	-0.030486	-2.8096	-0.71763	2.8621	-274.25	70.296	44.473	-41.866	-8.3613	73.333	0.47821	84.176	-76.393	-2.9381	-19.002	-19.011	19.933
-2.3445	24.283	7.4961	-3.4131	-6.2359	-3.7313	2.032	-1.7101	5.539	-0.87015	4.5697	0.324	-2.3522	-1.2898	-10.317	71.298	31.056	-84.452	-0.72445	-18.321	-50.522	41.685	12.997	-33.951	30.989	14.179	18.299	-22.887
-2.4976	18.934	7.8545	-1.0944	-5.5335	-5.3514	3.3518	-2.173	5.4206	-0.59292	3.7679	1.1252	-2.1266	-1.906	-6.126	-213.96	14.338	92.748	28.096	-64.805	52.79	-18.516	-4.7346	11.089	-32.072	32.048	9.0222	-24.65
-2.9657	15.933	6.816	-0.31102	-5.0466	-4.7006	2.3401	-1.2342	4.7043	-0.65368	3.8834	1.1912	-1.6303	-2.0309	-18.721	-120.07	-41.541	31.335	19.473	26.032	-40.468	37.555	-28.654	-2.4305	4.6216	2.6385	19.851	-4.9951
-3.1936	20.205	4.5549	-2.3829	-3.4045	-2.8694	2.2994	-2.6155	3.5447	0.051359	2.5619	1.4869	-0.31482	-1.7347	-9.1165	170.89	-90.444	-82.876	65.685	73.246	-1.6276	-55.253	-46.382	28.202	-52.86	11.829	52.62	11.851
-3.5693	17.245	5.919	-1.214	-2.0162	-1.8589	1.2026	-6.0808	2.8227	1.9604	1.8892	-0.012957	0.20114	-1.9087	-15.029	-118.4	54.565	46.756	55.532	40.42	-43.872	-138.61	-28.883	76.362	-26.909	-59.994	20.639	-6.9624
-4.3118	2.2984	2.5941	-0.98291	-2.3478	-2.9259	1.8196	-3.6646	3.3934	0.054347	1.6352	0.86479	-1.277	-0.56766	-29.701	-597.86	-133	9.2447	-13.263	-42.68	24.682	96.647	22.828	-76.242	-10.158	35.11	-59.125	53.642
-5.9901	-3.9482	-4.9934	1.7885	0.04639	-1.2217	1.4506	-1.3765	3.2174	2.5812	0.88551	0.27256	-1.7111	-0.70588	-67.13	-249.86	-303.5	110.86	95.767	68.17	-14.762	91.523	-7.0392	101.08	-29.989	-23.689	-17.363	-5.5288
-5.6603	2.5528	-10.468	3.4154	0.1395	-2.5877	-0.34107	1.493	2.8077	1.0661	-0.22263	-1.8149	-0.59676	-0.68153	13.192	260.04	-218.97	65.074	3.7246	-54.642	-71.666	114.78	-16.387	-60.605	-44.326	-83.497	44.573	0.974
-4.701	15.448	-11.504	2.5557	-0.42257	-1.8652	-2.2279	0.80659	2.5991	1.2271	-0.29851	0.28137	0.19776	0.17123	38.369	515.82	-41.475	-34.386	-22.483	28.9	-75.472	-27.457	-8.3456	6.4406	-3.0353	83.85	31.781	34.11
-3.6681	20.858	-16.774	0.13534	1.4424	-2.0621	-2.6828	1.6727	0.66697	0.42167	-0.32072	-0.34559	0.73319	-0.66365	41.318	216.41	-210.8	-96.816	74.6	-7.8761	-18.196	34.646	-77.284	-32.218	-0.88817	-25.078	21.417	-33.395
-3.0581	19.797	-19.386	0.11361	5.138	-2.2296	-3.0589	1.2739	0.97222	1.2572	-0.29461	-0.27047	0.16199	-1.3414	24.399	-42.436	-104.48	-0.86886	147.82	-6.698	-15.044	-15.953	12.21	33.42	1.0443	3.0045	-22.848	-27.108
-3.0368	19.946	-21.732	-2.7096	4.5536	-3.3859	-2.842	1.7289	0.097294	-0.8908	-0.71048	-0.56095	0.093053	-1.4733	0.85002	5.9272	-93.816	-112.93	-23.375	-46.253	8.6741	18.202	-34.997	-85.92	-16.635	-11.619	-2.7576	-5.2776
-3.2479	14.864	-21.584	-1.9584	5.5444	0.041819	-2.053	2.6672	-0.33711	-0.72107	0.42557	0.81458	0.93173	-0.090309	-8.4437	-203.28	5.9007	30.049	39.632	137.11	31.561	37.529	-17.376	6.7895	45.442	55.021	33.547	55.319
-3.5524	12.04	-23.133	-3.6936	4.4408	-0.64661	-4.2933	0.41958	0.028525	-1.4792	-2.3012	-0.96516	0.37555	-0.38217	-12.177	-112.95	-61.947	-69.409	-44.143	-27.537	-89.613	-89.904	14.626	-30.327	-109.07	-71.189	-22.247	-11.674
-3.626	13.506	-20.466	-3.8848	4.5778	0.034772	-4.4255	1.1658	1.9461	-1.0309	-2.0924	-1.3538	0.091849	-1.2179	-2.9473	58.625	106.67	-7.645	5.4816	27.255	-5.2861	29.85	76.705	17.933	8.3542	-15.544	-11.348	-33.428
-3.8505	13.73	-19.029	-3.5487	3.4465	-0.18276	-3.363	0.80827	1.472	0.087483	-0.19058	1.4743	-0.31765	-1.3793	-8.9794	8.9533	57.493	13.443	-45.254	-8.7013	42.499	-14.302	-18.967	44.736	76.072	113.12	-16.38	-6.4591
-4.4036	10.338	-17.278	-3.198	1.8589	-0.030151	-2.0895	0.97759	1.9019	0.27154	-0.77269	0.26091	0.056159	-0.91919	-22.124	-135.67	70.046	14.026	-63.503	6.1044	50.938	6.7728	17.198	7.3623	-23.284	-48.535	14.952	18.406
-4.9215	11.544	-12.274	-2.7415	1.7113	0.58069	-3.0997	0.041034	1.9905	0.85577	-0.74205	-0.39015	-0.21533	0.5441	-20.716	48.259	200.14	18.26	-5.9054	24.434	-40.405	-37.462	3.5444	23.369	1.2253	-26.042	-10.859	58.531
-5.4206	2.6005	-10.148	-4.9987	-1.4646	2.3725	-1.0203	0.18462	0.89588	1.9253	0.12874	0.030555	0.61025	-0.30505	-19.964	-357.75	85.032	-90.287	-127.04	71.671	83.174	5.7434	-43.786	42.78	34.832	16.828	33.023	-33.966
-3.5074	4.3171	4.9055	0.92136	-0.35076	1.0744	-0.43964	-2.0022	-2.0624	0.16712	1.1319	-0.21799	-0.75507	0.6423	76.528	68.664	602.16	236.8	44.555	-51.923	23.227	-87.474	-118.33	-70.326	40.125	-9.9419	-54.613	37.894
-2.6579	22.255	9.5298	-4.307	0.66195	-0.86544	2.6017	-1.7796	-3.7792	-0.46658	-0.2741	0.54902	-0.24734	1.1968	33.98	717.51	184.97	-209.13	40.509	-77.593	121.65	8.9058	-68.673	-25.348	-56.239	30.681	20.309	22.18
-2.1621	28.675	7.3417	-3.0539	-0.9524	-3.6013	2.0336	-1.2218	-3.0525	-1.6899	-1.7443	1.9101	0.55906	1.6209	19.833	256.83	-87.528	50.122	-64.574	-109.43	-22.721	22.311	29.068	-48.932	-58.807	54.444	32.256	16.965
-2.0469	26.367	8.4225	-1.8925	-2.4677	-5.3401	0.38632	-0.46037	-0.83872	-2.5689	-2.1059	0.95888	1.5117	2.9695	4.6069	-92.318	43.234	46.459	-60.611	-69.554	-65.893	30.458	88.553	-35.159	-14.464	-38.05	38.107	53.944
-1.9752	21.865	8.6801	-0.090526	-3.8791	-5.7747	-1.6918	1.2039	0.91133	-2.8149	-1.9555	0.076199	1.5563	3.8377	2.8694	-180.08	10.304	72.077	-56.458	-17.383	-83.125	66.572	70.002	-9.8402	6.0148	-35.307	1.7807	34.727
-2.0043	17.6	13.854	-4.2067	-1.4612	-7.7641	-1.3845	0.36506	1.5232	-1.9261	-1.2679	-1.3958	1.67	4.1123	-1.1664	-170.61	206.97	-164.65	96.718	-79.577	12.292	-33.555	24.475	35.549	27.503	-58.88	4.5493	10.982
-2.112	13.788	16.329	-4.4514	-2.8216	-7.1749	-0.22798	0.038578	0.57593	-1.2507	-0.94627	-1.3617	1.292	4.3107	-4.3046	-152.5	98.994	-9.7877	-54.417	23.569	46.261	-13.059	-37.891	27.017	12.866	1.364	-15.118	7.9394
-2.3348	10.333	15.545	-1.381	-5.3218	-6.225	2.0279	-1.2171	0.032579	-1.603	-0.24493	-1.3861	1.5477	4.1716	-8.9141	-138.2	-31.355	122.82	-100.01	37.998	90.236	-50.228	-21.734	-14.091	28.054	-0.97397	10.228	-5.564
-2.7079	9.9969	15.873	-2.1699	-6.7581	-3.4266	1.2347	1.0479	-2.5069	-1.0828	-0.74717	-0.30789	1.896	3.1369	-14.922	-13.438	13.092	-31.555	-57.451	111.93	-31.729	90.602	-101.58	20.808	-20.09	43.126	13.932	-41.391
-2.8872	4.8244	16.726	-2.2315	-7.2474	-1.5289	2.7793	-0.10888	-3.4631	-2.4674	0.94579	-0.58278	2.2244	1.7641	-7.174	-206.9	34.128	-2.4628	-19.572	75.907	61.784	-46.273	-38.248	-55.384	67.719	-10.996	13.135	-54.911
-3.1235	3.2085	17.551	-4.2381	-6.2558	2.0139	0.90444	0.54542	-5.7661	-2.0985	1.6183	0.59233	1.1367	0.30206	-9.4506	-64.635	33.011	-80.265	39.662	141.71	-74.994	26.172	-92.121	14.756	26.9	47.004	-43.51	-58.481
-3.5039	-3.4976	17.954	-5.7287	-4.5172	5.1131	0.99177	-0.99386	-5.1316	-2.7277	1.6507	0.79294	-0.34768	0.19811	-15.216	-268.24	16.126	-59.622	69.544	123.97	3.4933	-61.571	25.382	-25.169	1.2953	8.0243	-59.373	-4.158
-4.6303	-14.175	15.758	-4.2286	-5.0058	7.7805	1.307	-2.4004	-5.0088	-1.8925	1.6081	-1.2401	-1.3999	-1.0145	-45.055	-427.12	-87.843	60.003	-19.542	106.7	12.609	-56.263	4.9111	33.408	-1.703	-81.32	-42.09	-48.504
-6.5549	-38.346	9.6417	-0.84297	-4.7015	7.7432	5.0428	-0.29871	-1.1488	1.7037	1.6408	-2.1484	-1.3282	-0.25252	-76.986	-966.8	-244.66	135.43	12.172	-1.4919	149.43	84.069	154.4	143.85	1.3084	-36.335	2.867	30.479
-5.3242	-18.439	7.9923	-0.26459	1.6294	4.85	-2.8316	0.79537	-0.99097	-0.20522	1.7085	-3.3905	0.96432	-0.043795	49.228	796.27	-65.978	23.135	253.24	-115.73	-314.97	43.763	6.3116	-76.357	2.7064	-49.681	91.703	8.3488
-4.5151	-0.37033	5.4649	-0.87088	5.7295	1.379	-2.1872	-2.7108	0.95244	-2.7873	1.7267	-4.2579	0.44684	0.36074	32.367	722.73	-101.1	-24.252	164	-138.84	25.775	-140.25	77.736	-103.28	0.72981	-34.696	-20.699	16.181
-4.2319	6.6351	-0.82679	4.7093	6.1848	-1.5324	0.42518	-5.8636	3.7326	-4.1139	1.5671	-4.3588	-0.32051	1.3688	11.326	280.22	-251.67	223.21	18.214	-116.45	104.49	-126.11	111.21	-53.064	-6.3849	-4.0355	-30.694	40.323
-4.2755	7.9641	-3.0565	4.3624	7.2972	-0.17872	-0.79108	-3.7821	3.122	-3.9046	0.27329	-3.5535	0.0044489	0.96268	-1.7454	53.162	-89.189	-13.876	44.493	54.145	-48.65	83.26	-24.425	8.373	-51.752	32.209	12.998	-16.245
-4.3638	6.8667	-3.2956	4.0194	8.4818	-0.46174	-0.40314	-2.201	2.0596	-3.9004	-0.67787	-3.0899	-0.012634	0.68024	-3.5319	-43.897	-9.5616	-13.721	47.387	-11.32	15.518	63.243	-42.496	0.16826	-38.047	18.545	-0.68331	-11.298
-4.5894	4.1561	-2.5404	1.4688	9.9658	-0.36634	-0.61484	-1.5388	2.3945	-2.5484	-1.9198	-1.7262	-0.88365	0.78405	-9.0216	-108.42	30.205	-102.02	59.36	3.8157	-8.4679	26.488	13.397	54.077	-49.679	54.55	-34.841	4.1524
-4.9102	2.3092	-3.6997	1.0663	10.427	0.26539	-0.55421	-0.94536	1.4954	-1.534	-2.6301	-1.5957	-0.55871	0.36247	-12.833	-73.875	-46.372	-16.101	18.465	25.269	2.4251	23.739	-35.966	40.578	-28.411	5.2179	12.998	-16.863
-5.3314	-1.8402	-5.2617	2.3915	11.015	-0.66359	-0.14689	-0.57154	1.7117	-1.181	-2.5358	-1.4434	-0.67623	0.51061	-16.847	-165.98	-62.48	53.007	23.485	-37.159	16.293	14.953	8.6535	14.12	3.771	6.0936	-4.7012	5.9257
-5.8607	-22.083	-2.6188	3.1833	12.411	-0.080281	0.21607	-0.59464	1.4761	-1.0267	-2.6998	-2.0097	-0.053315	-0.13094	-21.172	-809.73	105.72	31.672	55.85	23.332	14.518	-0.924	-9.4246	6.1742	-6.5575	-22.652	24.917	-25.662
-6.5182	-10.766	-1.568	0.15345	11.44	1.1763	0.52901	-1.1573	1.6688	-0.937	-1.6583	-1.1201	1.5052	0.082815	-26.301	452.71	42.033	-121.19	-38.851	50.262	12.518	-22.505	7.7107	3.5863	41.659	35.583	62.339	8.5502
-6.7541	-34.138	-1.9491	0.66534	12.857	2.7553	-0.14705	-0.40887	0.78442	0.40494	-2.5298	-1.9985	2.3139	-1.2327	-9.4337	-934.91	-15.246	20.476	56.697	63.163	-27.042	29.936	-35.377	53.678	-34.862	-35.137	32.35	-52.621
-9.4327	-63.653	-1.9118	6.9309	7.193	4.8499	-0.24806	0.23336	1.4353	0.00023244	-0.84219	0.10963	0.98889	-2.5017	-107.14	-1180.6	1.4932	250.62	-226.56	83.782	-4.0404	25.689	26.034	-16.188	67.506	84.327	-53.001	-50.759
-9.929	-60.792	-4.19	7.2998	8.2361	2.512	0.85219	2.7023	0.8416	0.69615	-1.2178	0.074003	0.10084	-1.8439	-19.855	114.44	-91.129	14.753	41.724	-93.514	44.01	98.758	-23.747	27.837	-15.024	-1.4252	-35.522	26.314
-8.8073	-51.91	-15.144	1.4001	5.0985	-2.417	2.1418	6.2227	1.0033	-0.15768	0.76055	-0.50668	1.0322	0.42143	44.868	355.29	-438.17	-235.99	-125.5	-197.16	51.585	140.82	6.4685	-34.153	79.134	-23.228	37.253	90.611
-7.5403	-36.059	-23.394	-1.6902	1.39	-5.2738	0.23297	3.7292	-2.4881	0.77498	0.53083	-1.3678	0.83856	1.139	50.68	634.04	-330	-123.61	-148.34	-114.27	-76.354	-99.74	-139.66	37.306	-9.1887	-34.444	-7.7441	28.703
-6.984	-28.342	-22.236	-4.2127	2.9545	-2.9353	-1.5122	3.2488	-1.118	-0.00077455	-0.05866	-1.9659	0.71382	-0.32596	22.252	308.7	46.333	-100.9	62.58	93.538	-69.807	-19.216	54.806	-31.03	-23.58	-23.924	-4.9897	-58.599
-6.0072	-19.551	-24.481	-2.3363	3.72	0.55794	-0.00021641	2.6347	-0.83443	-0.28744	-2.0848	-0.34238	2.2222	1.3901	39.071	351.64	-89.783	75.055	30.618	139.73	60.479	-24.563	11.341	-11.467	-81.044	64.941	60.337	68.643
-5.3	-2.3095	-23.607	-1.1854	3.4479	-1.6625	-3.5676	2.7106	1.5508	-0.61673	-1.7997	0.76971	1.0371	-0.98334	28.29	689.64	34.941	46.039	-10.883	-88.819	-142.7	3.0337	95.409	-13.172	11.401	44.484	-47.406	-94.938
-4.9384	3.5809	-20.849	-4.4014	0.76674	-1.6036	-3.0309	1.364	1.4355	1.15	0.87182	0.31756	1.0855	-0.0077232	14.464	235.62	110.31	-128.64	-107.25	2.3584	21.469	-53.863	-4.6106	70.668	106.86	-18.086	1.9349	39.025
-4.9848	6.3415	-18.741	-1.3312	2.4119	-0.93677	-2.7258	1.7699	0.44298	-0.7827	0.35115	-0.45783	1.3638	0.41428	-1.8556	110.42	84.316	122.81	65.806	26.672	12.205	16.237	-39.702	-77.306	-20.827	-31.016	11.133	16.88
-5.0745	9.632	-12.859	0.68512	3.1883	-1.0384	-3.5628	0.96455	0.31291	-1.7794	-1.2749	-0.70452	-0.35941	-1.0848	-3.588	131.62	235.3	80.652	31.058	-4.0652	-33.483	-32.215	-5.2027	-39.868	-65.043	-9.8673	-68.927	-59.962
-5.3017	4.4256	-13.276	-0.036287	0.64439	-3.2787	-5.1042	0.79204	1.6273	0.28843	-0.12031	-1.6841	0.17443	-0.15363	-9.0902	-208.25	-16.689	-28.856	-101.76	-89.612	-61.656	-6.9003	52.577	82.713	46.184	-39.184	21.353	37.246
-5.705	4.0168	-10.498	-2.1175	0.0721	0.3685	-2.5506	0.26935	2.2467	-0.62751	-0.88891	-0.85281	-0.57668	-0.16635	-16.132	-16.353	111.13	-83.25	-22.892	145.89	102.15	-20.907	24.774	-36.637	-30.744	33.253	-30.044	-0.50866
-6.1322	-0.50295	-6.5376	-1.3552	-1.4931	-1.0998	-3.5561	-1.3092	-0.37658	0.071745	1.9487	0.46519	-0.22013	-0.38441	-17.086	-180.79	158.41	30.495	-62.609	-58.732	-40.221	-63.144	-104.93	27.97	113.5	52.72	14.262	-8.7224
