WSS
982121.238066829
606902.191456256
874204.767325348
429450.868410295
1071670.03641685
602679.984125572
487178.116543327
722911.31044662
360760.731100347
468322.562798273
1200402.26690377
189584.974438291
496308.471684223
476933.523708337
54710.656908585
797907.071936235
825823.359487883
582448.630728184
491606.500687658
989306.837984296
429491.969157427
937863.344181375
844975.504785739
234616.363843017
1002950.50981061
252470.233749812
793186.039934156
884100.505737186
183414.566027994
1107539.02551158
716139.829626954
926314.181213844
21024296.1747369
132632860.838148
