-7.00848571428571 -21.631 -13.01578 1.50200714285714 0.594402857142857 0.17817 1.71906428571429 -0.0509171428571428 0.665821428571429 0.077459 0.760088571428571 0.906084285714286 -0.375524285714286 -0.486001428571429 58.3002857142857 924.707142857143 -249.076 -73.4158571428571 -87.9907142857143 -153.761 -4.22634285714286 -13.891 -21.254 -6.16042857142857 34.5078728571429 14.4981571428571 5.76852857142857 -2.08308571428572
-3.61869421052632 8.31457131578947 0.96031947368421 -1.76289602631579 -0.586119736842105 0.328769210526316 -0.219314736842105 -0.376339285 -0.600514552631579 -0.232915710526316 -0.312584342105263 -0.0178830526315789 0.213256807894737 -0.00403465789473676 4.82575368421053 -70.4676631578947 129.97197368421 -16.2414526315789 -11.6295710526316 -22.2286052631579 1.13661842105263 -1.48586631578947 -6.37147368421053 -4.75646921052632 -7.30386578947368 -0.739097105263159 -0.221233447368421 -4.54165502631579
-5.40181111111111 -12.1573255555556 0.724529625925926 0.819162592592593 0.602278148148148 1.66188740740741 0.508524 0.0664674074074074 0.218642481481481 0.763642333333333 -0.567322925925926 0.253783851851852 -0.358188888888889 -0.148885737037037 -21.286637037037 -409.155185185185 16.2206444444444 88.0799296296296 -10.5536111111111 20.2006525925926 30.572662962963 0.488081481481481 29.3678 -11.5669962962963 -3.47923703703704 22.5963177777778 -1.23845333333333 -4.37785925925926
-3.7292315 4.067063625 2.50072 -0.3137475625 -1.0055735 -1.4820841 -0.648908125 0.258183692625 0.2408293 -0.3255606875 0.52323245 -0.2811536375 0.18776740375 -0.00786173749999999 6.2689065 117.008025 -27.325067125 -8.296071125 -2.804664625 -14.0277815 -0.886901875000001 -4.36270075 1.035575 -0.574117249999999 -0.2019765 2.6218361625 3.078981625 1.28758125
-5.81984545454546 -5.44750909090909 -8.18397272727273 -0.985814454545454 -1.54366454545455 -1.754557 1.24038890909091 0.951096545454545 0.890674545454545 -0.530660909090909 -0.442824545454545 0.610809818181818 0.191894727272727 -0.0236390909090909 102.883909090909 1695.27272727273 102.597454545455 -227.410545454545 -16.5453545454546 -65.1185181818182 -77.7751545454545 -39.9319090909091 -36.15 -17.6627272727273 13.4624363636364 -17.5979363636364 22.6155636363636 23.6659818181818
-5.61556774193548 -12.879755483871 -1.6832035483871 2.33340580645161 0.903147741935484 1.0446664516129 1.44736251612903 0.126947322580645 0.539056387096774 0.564448967741935 -1.32078612903226 0.327292935483871 -0.415485967741936 -0.324716935483871 -25.6158161290323 -240.305483870968 -121.820206451613 75.8009161290322 -6.29159677419355 -6.19983548387097 31.8446677419355 -5.44839677419355 27.6261161290323 6.35599451612903 -31.0412 5.19844516129032 -8.59330935483871 -2.61629838709677
-4.69055494117647 -5.86083247058824 -0.489417188235294 0.491947411764706 1.15666447058823 1.04104174941176 0.205849164705882 0.300804741176471 0.0832587176470587 0.286992082352941 -0.112425423529412 -0.159316444705882 -0.0289530058823529 -0.0937532152941176 -10.1308669411765 -131.375894117647 -26.4812189411765 23.078618 25.2954057647059 13.2749361176471 2.85103447058823 9.33154070588236 -3.17983823529412 4.63632752941177 -0.73747105882353 0.468505800000001 -1.08805764705882 -5.85599584705883
-3.3735 12.4615614285714 3.10576845714286 -1.31922357142857 0.949727142857143 2.75132 -0.668897142857143 -1.07101714285714 -0.795881428571429 -0.231542142857143 -0.125929357142857 -0.0545442857142857 -0.940261428571429 0.228770857142857 26.6507857142857 -17.7772142857143 314.204285714286 -124.203857142857 -27.3048571428571 51.1947857142857 -73.7658571428571 4.239825 -10.9465 -4.33237142857143 7.55032142857143 -16.82099 12.7899392857143 6.27184285714286
-4.29602727272727 6.88709681818182 -6.98794227272727 -0.416498863636364 -0.796851363636364 -1.93906068181818 -0.303483227272727 -0.00831495454545459 -0.344719995454546 -0.0154101363636364 -0.0100618181818182 0.7579735 0.00946427272727276 0.400078636363636 28.1909363636364 381.422272727273 -35.9201772727273 -48.8584181818182 -22.1877177272727 -27.9977727272727 -20.9053272727273 16.6891 -13.0999909090909 -3.67423772727273 -4.72688636363636 4.48341363636364 8.72077272727273 18.0679827272727
-4.80128 3.38476 -0.39058 -0.29275 -1.946022 -0.815906 2.480842 -0.2307 -1.162014 -1.48615 -0.118436 1.27756 -1.25004 -0.0890574 66.656 706.1 351.472 -191.6632 -128.3828 -37.0002 -8.799 2.57041 -69.7546 -7.95348 -3.38535 0.570199999999999 -28.49946 -19.2144
-3.57451817610063 6.08719264150943 2.3897948427673 -1.16405055974843 -0.518537823899371 -0.805101987421384 -0.727103238993711 -0.106327184334088 -0.0526172264150943 -0.217885534591195 0.383903040251572 -0.196644532704403 0.272604918238994 0.263541558490566 -2.1386248427673 -9.64513547169811 -3.36206396855346 -4.07993822012579 -2.71321767295597 1.30010786163522 2.02954660377359 -6.78217798742139 0.613457610062893 2.13071210062893 1.20854635220126 2.79639587421384 -0.218960817610063 0.846589559748427
-6.99228 -33.23635 -2.68553 4.296113 -0.98896 1.4404064 3.137184 -0.223888 0.03573 0.1568302 -0.7283459 0.783636 -0.629733 -0.6601162 -75.4527 -778.885 -176.6354 130.4137 16.59611 -5.11764 52.1095 34.50074 12.08446 23.65947 -35.900995 10.011911 -20.76139 -18.95954
-6.63036666666667 -36.2482333333333 -2.40558916666667 4.18424666666667 1.289725 3.0225675 1.28531666666667 0.00833933333333325 1.023185 0.18557755 0.159758333333333 0.200024166666667 -0.84498 -0.6257475 -93.4873333333333 -1444.25833333333 -156.272916666667 212.9 -29.58 45.456 61.7949575 46.23915 95.8821666666667 7.225275 30.90105 20.1749916666667 7.874125 -10.6321666666667
-4.2648 10.36623 -5.5845992 3.493638 1.606525 0.8989511 1.258514 -0.672517 -0.0520468 0.075876 -0.4993632 -0.0717294 -0.505561 -0.3260952 46.9249 261.7408 368.849 55.47469 132.6427 149.70754 -38.10047 -22.25551 -24.16074 -8.3271 -24.96055 -45.2256 -31.0151 -2.9606
-4.36494571428571 4.02100571428571 -0.411334 0.791160685714286 1.61515062857143 0.979350571428572 -0.505979857142857 0.0859524714285715 -0.423596857142857 0.251482 -0.486737342857143 -0.141301082857143 0.00869540000000001 -0.0882206571428571 17.4468542857143 150.267485714286 146.067485714286 -63.3496314285714 -1.3711 23.6886342857143 -40.6484857142857 5.14886657142857 -24.5051874285714 0.0505000000000005 16.5731485714286 -15.2361571428571 3.26306114285714 -0.884008571428571
-5.50938181818182 0.716992727272727 -11.1820272727273 1.32116818181818 -0.800770909090909 0.0611663636363635 3.27711818181818 -0.787761818181818 -0.452950363636364 0.907227272727273 0.392716545454545 1.00428363636364 -0.0496393636363636 -0.59131 -29.8821181818182 136.618245454545 -435.249090909091 23.5346545454545 45.8638272727273 -2.48334545454546 40.1231818181818 -5.85809090909091 3.25236363636364 25.2057454545454 35.6883 -23.3502727272727 -6.05268181818182 22.1719363636364
