-5.6243	0.17495	0.16645	4.1783	0.28449	0.8457	-1.2744	-1.1895	-2.1513	0.91096	-1.0355	-0.056023	-1.2444	-1.2969	0	0	0	0	0	0	0	0	0	0	0	0	0	0
-5.0908	-3.8819	7.4963	7.0829	-0.37713	2.5044	-1.3765	-2.2916	-0.56326	-1.9199	2.1226	0.81336	1.1067	-2.2283	21.341	-162.27	293.19	116.18	-26.465	66.346	-4.0851	-44.086	63.523	-113.23	126.32	34.775	94.044	-37.257
-4.6408	1.8037	7.9537	7.3206	0.16267	2.2722	-0.44137	-4.5852	-0.14846	-1.7283	2.093	-0.58555	1.1644	-1.9847	18.002	227.42	18.299	9.5073	21.592	-9.2857	37.405	-91.743	16.592	7.6637	-1.1849	-55.957	2.3097	9.7445
-4.8401	3.1713	8.1935	4.6227	4.2842	2.0565	-2.1071	-3.0044	-0.93933	-2.8906	2.4304	-0.40893	-1.6527	-1.3579	-7.9735	54.704	9.5912	-107.92	164.86	-8.6295	-66.629	63.233	-31.635	-46.494	13.498	7.0651	-112.68	25.071
-5.5273	-2.7547	4.3532	2.6582	4.4711	1.972	-0.0085994	-0.46557	-0.97116	0.31822	0.7397	-0.049967	-2.7266	-1.9397	-27.49	-237.04	-153.61	-78.579	7.4751	-3.3793	83.94	101.55	-1.2732	128.35	-67.629	14.358	-42.958	-23.271
-7.3177	-27.321	-4.9217	5.9935	5.6802	-0.14389	-0.37396	1.3893	-1.9463	0.14385	-0.42096	-1.0782	-2.3056	-1.2035	-71.612	-982.65	-371	133.41	48.365	-84.635	-14.614	74.194	-39.007	-6.975	-46.426	-41.128	16.843	29.449
-10.533	-67.087	-3.774	10.472	6.993	4.2621	2.9345	3.6337	3.404	1.4395	-0.91345	-0.18527	-0.90352	0.74946	-128.63	-1590.6	45.91	179.15	52.513	176.24	132.34	89.778	214.02	51.826	-19.7	35.716	56.081	78.117
-11.433	-74.685	-9.3967	4.8148	4.4039	4.2074	3.0585	3.1327	1.6708	1.4209	-1.1927	-0.61914	-0.18062	0.4448	-35.979	-303.91	-224.91	-226.3	-103.57	-2.1885	4.9593	-20.04	-69.328	-0.74386	-11.169	-17.355	28.916	-12.186
-13.339	-76.103	-10.913	3.2417	1.7166	1.4914	1.9128	2.0496	0.9249	1.2608	0.4934	0.74067	-0.25873	1.3318	-76.225	-56.722	-60.665	-62.924	-107.49	-108.64	-45.828	-43.324	-29.837	-6.4025	67.443	54.392	-3.124	35.479
-13.896	-76.654	-11.168	2.1089	0.65818	1.4464	2.5983	1.0007	-0.23555	1.3498	0.18294	-0.82971	-0.77172	0.56004	-22.308	-22.053	-10.177	-45.31	-42.337	-1.7974	27.421	-41.957	-46.418	3.5569	-12.418	-62.815	-20.52	-30.869
-13.861	-75.909	-10.769	0.8305	1.8929	2.0159	2.2777	2.6595	0.82982	-0.28796	0.090652	-0.48164	-1.2532	-0.18756	1.4263	29.818	15.954	-51.138	49.39	22.779	-12.826	66.351	42.615	-65.509	-3.6916	13.923	-19.259	-29.904
-6.9034	-21.603	-4.7734	-16.013	2.65	2.9918	-3.7758	-0.008578	1.6534	0.22371	-1.6012	-0.39805	-0.85805	-0.081138	278.29	2172.2	239.82	-673.76	30.284	39.036	-242.14	-106.72	32.942	20.467	-67.673	3.3437	15.806	4.2568
-5.3772	9.472	-7.8735	-14.314	1.6095	2.5041	-2.8412	0.4607	1.1153	0.71206	-1.8242	0.19577	-0.45723	0.85388	61.047	1243	-124.01	67.965	-41.62	-19.508	37.382	18.771	-21.522	19.534	-8.9216	23.753	16.033	37.401
-5.0101	18.3	-19.946	-8.4367	1.9591	2.996	-2.0621	-0.22557	0.52246	0.18502	0.36481	0.8085	-1.7955	1.6604	14.684	353.13	-482.88	235.11	13.984	19.675	31.165	-27.451	-23.715	-21.082	87.561	24.509	-53.532	32.26
-5.301	19.002	-17.87	-4.8024	0.68695	0.38469	-2.7406	-2.311	-3.2193	-0.24313	1.3369	-0.06249	-3.5853	-1.2949	-11.638	28.077	83.028	145.37	-50.887	-104.45	-27.14	-83.417	-149.67	-17.126	38.885	-34.84	-71.592	-118.21
-5.5957	11.166	-9.9919	-3.0107	2.836	3.1011	-1.8236	-1.0582	-2.0356	-0.3088	1.3948	0.25844	-2.9561	0.50613	-11.786	-313.46	315.12	71.669	85.96	108.66	36.681	50.11	47.35	-2.6268	2.3156	12.837	25.169	72.039
-4.7517	11.381	5.1809	0.055692	2.9148	3.4607	1.1294	-0.37614	-1.863	-1.3639	-1.1582	-1.015	-0.29931	1.5524	33.761	8.624	606.91	122.66	3.1552	14.383	118.12	27.284	6.9051	-42.204	-102.12	-50.937	106.27	41.85
-3.8554	9.588	15.608	-4.81	2.5372	2.812	-0.39634	1.6768	-4.3818	-0.15796	-1.4589	-1.6592	1.6543	1.627	35.852	-71.733	417.08	-194.63	-15.104	-25.946	-61.031	82.119	-100.75	48.238	-12.029	-25.77	78.146	2.9845
-3.4924	10.44	18.796	-5.8263	2.5987	0.75717	-0.24622	2.6839	-5.4912	0.4353	-1.4385	-2.1868	2.7261	1.8356	14.517	34.078	127.53	-40.652	2.4585	-82.194	6.0045	40.283	-44.376	23.731	0.81617	-21.103	42.871	8.3436
-3.0943	16.078	15.841	-3.0442	0.11008	0.43843	-1.0312	2.3464	-3.3127	0.82537	-2.1589	0.20224	2.033	2.108	15.926	225.5	-118.19	111.28	-99.545	-12.75	-31.401	-13.501	87.141	15.603	-28.818	95.562	-27.723	10.897
-2.6284	20.163	16.608	-3.4443	-1.5968	0.17859	-2.0937	2.2917	-2.4737	0.75321	-1.4738	1.2724	2.683	1.3384	18.637	163.4	30.666	-16.001	-68.274	-10.394	-42.497	-2.187	33.558	-2.8865	27.407	42.807	26	-30.782
-2.3425	24.237	16.72	-5.1579	-2.1344	-1.3398	-1.125	2.1099	-1.6237	0.52089	0.077598	0.50911	3.9025	0.39029	11.436	162.96	4.4808	-68.544	-21.505	-60.736	38.745	-7.2715	33.998	-9.2929	62.054	-30.533	48.781	-37.926
-2.3183	27.434	14.886	-3.9948	-3.706	-2.0688	-0.35761	2.9034	-0.1553	0.0062705	1.9158	-0.59217	3.3558	-0.34684	0.96495	127.88	-73.341	46.521	-62.863	-29.158	30.698	31.737	58.738	-20.585	73.53	-44.051	-21.868	-29.485
-2.3225	26.876	14.374	-3.8714	-4.4267	-1.4261	-1.3122	4.8112	1.128	-1.2018	3.0561	-1.6842	2.143	-0.74746	-0.1668	-22.294	-20.517	4.9398	-28.826	25.707	-38.182	76.311	51.331	-48.324	45.611	-43.681	-48.514	-16.025
-2.1525	26.159	15.579	-4.9658	-3.4307	-3.028	-0.73537	5.2286	1.6627	-1.6901	3.6221	-2.2442	1.0808	-0.21437	6.8013	-28.718	48.207	-43.778	39.839	-64.077	23.072	16.698	21.39	-19.532	22.638	-22.401	-42.488	21.324
-1.9663	26.582	15.951	-4.6604	-3.7731	-5.1334	1.5114	4.3108	3.5367	-3.405	3.9453	-1.7333	0.29137	0.58999	7.4478	16.924	14.874	12.215	-13.697	-84.214	89.871	-36.714	74.959	-68.595	12.93	20.435	-31.576	32.175
-2.021	22.68	17.276	-3.5307	-4.4519	-4.9607	1.5813	4.5672	4.299	-3.9759	3.729	-1.2732	-0.47889	0.84209	-2.1897	-156.08	53.012	45.19	-27.154	6.9053	2.797	10.257	30.494	-22.837	-8.6514	18.407	-30.811	10.084
-2.6028	17.471	18.255	-2.8641	-3.6833	-3.9501	0.5294	4.6195	4.6886	-3.8171	3.3459	-1.4668	0.46831	-0.18003	-23.272	-208.33	39.173	26.663	30.747	40.426	-42.078	2.0911	15.582	6.353	-15.326	-7.7452	37.888	-40.885
-3.3428	13.371	9.84	1.2582	-3.9618	-1.4313	1.3286	5.532	3.1474	-0.0074458	-0.71741	1.6429	-0.34344	0.52974	-29.601	-164.02	-336.61	164.89	-11.142	100.75	31.969	36.503	-61.648	152.39	-162.53	124.39	-32.47	28.391
-4.7873	7.4815	7.3846	4.2856	3.0029	3.1926	-0.54934	2.7701	2.8056	-3.4604	-1.3229	1.337	0.022974	-1.3997	-57.778	-235.58	-98.218	121.09	278.59	184.96	-75.118	-110.48	-13.669	-138.12	-24.218	-12.235	14.657	-77.176
-5.4045	-11.529	2.5166	10.338	3.1654	0.094586	3.4763	0.21297	2.5614	-3.1584	-1.5306	0.14495	0.41536	-0.73809	-24.688	-760.43	-194.72	242.09	6.5005	-123.92	161.03	-102.29	-9.7695	12.081	-8.3109	-47.682	15.696	26.463
-8.8843	-44.362	1.6249	6.979	3.7295	2.1264	3.8832	1.6578	0.19197	-1.8028	-2.4757	-0.69906	0.4519	0.48444	-139.19	-1313.3	-35.668	-134.35	22.566	81.273	16.278	57.794	-94.778	54.222	-37.803	-33.76	1.4616	48.901
-10.446	-63.178	-7.7437	7.7396	6.8244	3.6187	3.9846	1.4691	0.29772	-0.17684	-2.3244	-2.4152	-1.0758	-0.31662	-62.46	-752.64	-374.74	30.424	123.79	59.693	4.0549	-7.5487	4.2301	65.039	6.0531	-68.648	-61.108	-32.042
-12.522	-73.691	-9.1192	4.455	4.4595	2.4204	3.2776	2.9549	-0.58788	0.74864	-1.2128	-0.66043	-1.6376	-0.76961	-83.059	-420.51	-55.019	-131.38	-94.598	-47.933	-28.282	59.432	-35.424	37.019	44.464	70.193	-22.472	-18.12
-13.384	-71.075	-12.129	0.93533	2.2988	-0.55498	4.0907	3.7987	-1.6485	0.37262	-0.94711	-0.34896	0.52836	0.12216	-34.452	104.64	-120.38	-140.79	-86.428	-119.02	32.527	33.75	-42.425	-15.041	10.627	12.459	86.639	35.671
-6.661	-15.331	7.1717	-5.7806	-0.92602	-4.0701	3.7393	2.2588	-2.067	-0.16329	-0.90234	0.23514	-0.89824	0.12833	268.91	2229.8	772.01	-268.64	-128.99	-140.6	-14.058	-61.593	-16.739	-21.436	1.791	23.364	-57.064	0.24693
-5.3223	6.1672	1.9861	-5.9211	0.097023	-5.8494	5.797	1.3225	-1.4796	-1.2303	-0.87546	0.83197	-0.58984	-0.15007	53.548	859.91	-207.42	-5.6212	40.922	-71.172	82.308	-37.455	23.495	-42.678	1.0751	23.873	12.336	-11.136
-5.148	12.25	-1.3447	-8.8414	-1.2278	-4.5476	5.2538	2.4806	-2.0742	-0.44837	-1.3446	2.5485	-1.0055	-0.038003	6.972	243.3	-133.24	-116.81	-52.992	52.073	-21.728	46.327	-23.785	31.275	-18.767	68.66	-16.628	4.4827
-5.3471	-1.5996	0.085184	-7.0966	-3.0437	-5.9467	3.4171	3.0067	-3.4749	0.89731	-1.3712	1.5078	0.8353	-0.10559	-7.9654	-553.97	57.197	69.79	-72.638	-55.964	-73.468	21.041	-56.027	53.827	-1.064	-41.627	73.634	-2.7034
-6.4657	-5.9772	6.73	-4.6352	-1.5598	-5.1509	3.2221	1.8405	-0.90624	0.24089	-3.3321	0.049446	2.3499	0.01345	-44.743	-175.1	265.79	98.458	59.358	31.832	-7.8013	-46.648	102.75	-26.257	-78.434	-58.334	60.583	4.7615
-3.9431	4.8702	17.364	-3.5873	-2.0789	-0.095854	2.8717	-3.3059	-2.3742	0.31099	-1.5939	-1.0064	1.303	-0.092194	100.9	433.9	425.37	41.914	-20.764	202.2	-14.018	-205.86	-58.717	2.8042	69.525	-42.232	-41.874	-4.2258
-3.288	12.691	17.733	-4.6308	-0.43786	-0.18372	2.8505	-3.6572	-3.6848	-0.38086	-0.084129	-1.2126	2.1993	0.23257	26.205	312.85	14.768	-41.739	65.641	-3.5145	-0.84474	-14.051	-52.425	-27.674	60.392	-8.2495	35.851	12.991
-3.186	16.118	17.155	-6.0992	-0.39765	0.47136	1.9599	-2.4431	-4.1374	-0.8094	0.98605	-2.3226	2.2817	1.2351	4.0778	137.05	-23.14	-58.734	1.6086	26.203	-35.627	48.563	-18.104	-17.142	42.807	-44.399	3.2949	40.103
-3.2123	19.038	15.61	-7.2871	1.4971	0.24079	2.7911	-2.2852	-6.0123	1.4494	-0.028916	-1.782	2.1178	0.8433	-1.049	116.83	-61.789	-47.517	75.792	-9.2227	33.25	6.3177	-74.998	90.351	-40.599	21.624	-6.5531	-15.674
-3.3882	14.919	16.263	-7.7983	2.5591	1.8658	0.87508	-1.1967	-6.0928	1.7152	1.0842	-2.3032	1.5032	-0.10011	-7.0385	-164.77	26.121	-20.449	42.48	65	-76.64	43.538	-3.2177	10.634	44.526	-20.85	-24.585	-37.737
-3.9545	6.3509	17.294	-8.7212	3.833	4.0016	-1.1172	0.50598	-5.5226	1.1848	1.2833	-1.6561	0.26608	0.95264	-22.651	-342.73	41.228	-36.914	50.953	85.433	-79.691	68.109	22.809	-21.216	7.9639	25.885	-49.486	42.11
-4.7724	-3.0073	14.527	-6.7035	3.9724	6.6059	-1.9352	-1.7822	-3.4708	-0.15478	0.87453	-1.3573	-0.34399	0.82307	-32.718	-374.33	-110.69	80.705	5.5795	104.17	-32.721	-91.528	82.072	-53.584	-16.352	11.954	-24.403	-5.1826
-4.9987	-7.2809	15.347	-5.7818	5.239	6.7434	-1.9907	-2.1197	-2.0368	-0.19056	-0.445	-0.3479	-1.4222	0.037269	-9.0511	-170.94	32.805	36.869	50.662	5.4999	-2.2211	-13.501	57.359	-1.4311	-52.781	40.375	-43.128	-31.432
-4.578	1.9141	14.659	-6.4403	5.1731	7.3647	-3.3422	-1.1994	-4.7341	0.84797	0.038002	-1.8917	-0.83126	-0.52412	16.829	367.8	-27.521	-26.34	-2.6368	24.854	-54.06	36.814	-107.89	41.541	19.32	-61.753	23.637	-22.456
-4.3641	7.6114	11.839	-4.6175	5.0468	6.0374	-2.8099	-1.3979	-5.2527	2.0967	-0.17277	-2.7757	0.49328	-0.4901	8.5553	227.89	-112.77	72.91	-5.0514	-53.095	21.294	-7.9398	-20.746	49.948	-8.4308	-35.36	52.982	1.3607
-4.2133	10.671	10.962	-3.8469	3.8844	6.2008	-2.5682	-1.5057	-4.6318	2.3371	-0.39208	-3.1857	1.5833	-0.88013	6.0304	122.4	-35.089	30.825	-46.495	6.5365	9.6682	-4.3109	24.837	9.6185	-8.7725	-16.4	43.6	-15.601
-4.1957	17.616	7.5326	-2.8483	3.874	5.9303	-2.5601	-1.5652	-5.006	2.5369	-0.58373	-2.9081	2.4425	-1.1361	0.70542	277.81	-137.18	39.945	-0.41714	-10.819	0.32521	-2.3829	-14.969	7.9915	-7.6661	11.105	34.368	-10.24
-4.1483	16.394	5.8192	-1.1765	2.7098	6.2201	-2.1746	-1.9451	-3.2863	0.70863	0.91729	-3.3474	3.1521	-1.9101	1.8936	-48.918	-68.537	66.872	-46.568	11.591	15.417	-15.196	68.791	-73.131	60.041	-17.572	28.387	-30.96
-4.4943	12.44	4.6809	0.21059	2.2392	6.6157	-2.0733	-2.1245	-3.4967	-0.16632	0.91815	-1.8517	1.6813	-1.5827	-13.839	-158.13	-45.532	55.483	-18.823	15.826	4.0537	-7.1755	-8.4189	-34.998	0.034373	59.826	-58.834	13.096
-4.9638	8.7087	4.0712	2.5529	0.86975	6.6423	-1.3714	-2.4681	-2.6503	-2.1286	0.90255	-0.54944	-0.36626	-1.9143	-18.777	-149.27	-24.388	93.694	-54.778	1.0633	28.075	-13.743	33.858	-78.491	-0.62404	52.092	-81.903	-13.261
-5.4556	3.6988	2.9642	6.3956	-0.78642	4.5137	-1.6221	-0.32202	-1.5372	-3.0091	0.80008	0.1223	-1.7518	-1.5205	-19.675	-200.4	-44.281	153.71	-66.247	-85.141	-10.029	85.843	44.522	-35.222	-4.0987	26.869	-55.422	15.748
-5.8553	0.44179	-3.6123	8.853	1.9575	4.1226	-2.0735	-1.1029	-2.0476	-2.5591	2.3058	0.97471	-2.0725	-2.7867	-15.987	-130.28	-263.06	98.296	109.76	-15.645	-18.053	-31.236	-20.413	18.003	60.227	34.097	-12.829	-50.647
-6.2995	-0.36504	-9.7117	9.1119	-1.4188	4.0443	0.73588	-2.5316	0.31289	-1.9573	0.73816	-1.2045	0.45157	-0.82191	-17.769	-32.273	-243.97	10.359	-135.05	-3.1318	112.37	-57.145	94.418	24.07	-62.704	-87.17	100.96	78.592
-6.4476	-5.8331	-15.542	11.565	-0.90437	2.0992	1.6722	1.3473	0.26676	-1.7004	-0.40505	0.88706	-1.1731	0.62133	-5.9233	-218.72	-233.21	98.129	20.577	-77.807	37.454	155.16	-1.8451	10.275	-45.728	83.664	-64.988	57.73
-6.3879	-7.9435	-15.939	10.807	-1.6871	2.3831	2.6932	0.35532	1.7134	-0.56731	0.65658	1.4074	-1.9412	-0.46468	2.3893	-84.417	-15.885	-30.342	-31.31	11.356	40.84	-39.681	57.864	45.325	42.466	20.812	-30.724	-43.441
-6.1767	-1.8309	-12.701	9.6525	-1.0089	2.9696	2.0036	0.016068	1.5088	-1.5597	0.071532	1.0671	-1.4276	-0.24951	8.4492	244.5	129.53	-46.164	27.128	23.46	-27.585	-13.57	-8.1842	-39.694	-23.402	-13.61	20.546	8.6068
-6.1414	11.109	-6.6026	9.7795	-0.33663	2.2099	-0.23746	-0.33779	0.27456	-2.4238	-1.154	0.12029	-1.6751	-0.39847	1.4108	517.61	243.93	5.0797	26.891	-30.388	-89.643	-14.154	-49.368	-34.564	-49.022	-37.873	-9.9	-5.9583
-5.2133	8.9677	3.2621	3.7551	0.5437	3.0711	0.85295	-0.5257	-1.0091	-3.4065	-0.5794	0.95293	0.079505	-2.0876	37.124	-85.66	394.59	-240.98	35.213	34.448	43.617	-7.5163	-51.345	-39.308	22.985	33.306	70.183	-67.565
-4.7091	7.948	5.5814	2.4239	0.46154	4.5717	0.24025	-2.094	-2.1552	-2.2714	0.24896	1.1852	1.326	-3.2848	20.169	-40.788	92.772	-53.249	-3.2866	60.024	-24.508	-62.732	-45.845	45.401	33.135	9.2917	49.86	-47.889
-4.6303	12.743	4.4664	3.9602	-0.80819	3.5229	0.44909	-3.2421	-2.1226	-2.1379	0.33299	-0.96798	1.0688	-2.3472	3.1499	191.8	-44.601	61.454	-50.789	-41.95	8.3536	-45.926	1.3025	5.3406	3.3611	-86.128	-10.287	37.504
-4.7717	9.3432	6.7622	4.7917	-2.8355	6.6785	-0.35971	-4.0093	-0.55324	-1.97	0.62685	-1.0077	1.1788	-1.8247	-5.6546	-135.99	91.833	33.258	-81.092	126.22	-32.352	-30.686	62.776	6.7171	11.754	-1.5877	4.4004	20.899
-4.9354	7.1144	6.1578	4.2044	-1.8816	6.2391	1.3205	-3.9783	-0.77747	-1.9732	0.60471	-0.53752	1.2025	-1.8642	-6.5499	-89.151	-24.176	-23.49	38.156	-17.574	67.209	1.2384	-8.9693	-0.12831	-0.88571	18.806	0.94717	-1.5786
-5.3315	2.8338	3.6042	4.4724	-1.551	3.9193	-0.0058352	-3.0489	1.0605	-1.5634	0.79623	-1.6465	0.25095	-0.82427	-15.842	-171.22	-102.15	10.718	13.221	-92.792	-53.054	37.176	73.519	16.393	7.6608	-44.359	-38.062	41.598
-5.942	6.0066	-0.66479	6.094	-0.20077	3.7742	-0.76716	-3.5148	0.40841	-0.53591	0.23511	-0.74576	-0.29618	-1.6549	-24.423	126.91	-170.76	64.867	54.011	-5.8032	-30.453	-18.635	-26.083	41.099	-22.445	36.03	-21.885	-33.223
-6.0397	8.3004	-8.7636	5.5986	-0.21134	2.7447	-0.80623	-1.8949	-0.89554	0.74165	0.58538	0.29656	-1.4841	-1.0818	-3.9083	91.749	-323.95	-19.82	-0.4227	-41.182	-1.5628	64.797	-52.158	51.102	14.011	41.693	-47.518	22.924
-4.954	14.62	-14.904	5.3998	-0.44008	1.6298	-0.51832	0.044629	1.136	3.6559	1.0127	-0.20773	-0.31292	-0.37285	43.432	252.79	-245.62	-7.9522	-9.1497	-44.597	11.516	77.58	81.26	116.57	17.093	-20.172	46.849	28.356
-4.0523	27.064	-16.105	3.7429	-5.0034	-0.57063	-1.3905	-0.13111	1.3541	2.5817	1.7152	0.47784	-2.188	0.14621	36.065	497.76	-48.019	-66.276	-182.53	-88.016	-34.889	-7.0295	8.7237	-42.967	28.1	27.423	-75.004	20.763
-3.5078	25.178	-18.82	6.2422	-5.5222	0.6227	0.18895	-0.14537	0.96577	1.9876	0.7377	0.56398	-2.4489	-0.64326	21.779	-75.452	-108.6	99.972	-20.748	47.733	63.179	-0.57056	-15.531	-23.763	-39.1	3.4454	-10.436	-31.579
-3.3944	22.881	-22	5.1351	-4.2748	0.77768	0.0094286	-0.72652	-0.022246	2.2254	0.34184	0.060537	-1.46	0.37314	4.5374	-91.877	-127.2	-44.281	49.895	6.199	-7.1809	-23.246	-39.521	9.5093	-15.835	-20.138	39.555	40.656
-3.3838	16.485	-23.505	7.2396	-3.9429	3.4006	2.2047	2.6445	1.488	0.75151	1.0485	1.6391	-0.30739	0.14673	0.42334	-255.82	-60.207	84.18	13.277	104.92	87.809	134.84	60.41	-58.954	28.266	63.142	46.106	-9.0566
-3.4084	10.194	-26.271	8.4655	-4.9653	2.4463	1.4045	1.8386	1.5719	0.18016	1.7466	0.83996	-1.3229	-0.0047778	-0.98123	-251.65	-110.65	49.035	-40.898	-38.172	-32.006	-32.238	3.3571	-22.854	27.926	-31.965	-40.62	-6.0602
-3.5563	6.7567	-24.807	8.7428	-4.342	3.2625	1.6992	-0.044763	2.7733	0.13436	-0.69236	0.17791	-0.094625	0.64872	-5.9186	-137.5	58.561	11.09	24.934	32.645	11.787	-75.333	48.056	-1.8322	-97.56	-26.482	49.131	26.14
-3.8828	2.8023	-23.862	10.527	-4.6443	3.9757	2.6781	0.48791	2.206	0.83835	0.79386	0.1154	-2.2266	0.55814	-13.059	-158.18	37.785	71.389	-12.093	28.53	39.158	21.307	-22.692	28.159	59.449	-2.5002	-85.277	-3.6235
-3.5297	7.7233	-25.777	8.678	-4.1698	1.0495	2.2644	0.61763	2.606	-0.16824	1.156	0.54171	-1.1978	-0.18192	14.124	196.84	-76.595	-73.979	18.979	-117.05	-16.549	5.1887	15.998	-40.264	14.485	17.052	41.152	-29.602
-3.3171	12.466	-26.302	6.7319	-4.8224	0.9262	3.1988	-0.75997	1.1613	-0.06594	0.98194	0.83576	-1.1566	-0.31353	8.5026	189.7	-21.009	-77.843	-26.104	-4.933	37.374	-55.104	-57.788	4.0922	-6.9624	11.762	1.6464	-5.2645
-3.2607	21.829	-23.047	7.0817	-4.3836	0.19827	2.2374	-0.3106	2.3239	1.1415	0.78183	0.25819	-0.76435	0.67277	2.2559	374.51	130.2	13.989	17.552	-29.117	-38.454	17.975	46.503	48.299	-8.0041	-23.103	15.69	39.452
-3.6098	21.452	-20.572	6.0501	-4.272	0.25589	3.0017	0.35389	1.0072	-1.3202	-0.31151	-1.1187	-0.8598	1.2455	-13.961	-15.077	99.032	-41.265	4.4649	2.3049	30.571	26.58	-52.664	-98.471	-43.734	-55.077	-3.8181	22.91
-3.3551	19.477	-2.8349	8.3108	-2.805	-0.42855	-0.051292	-1.4174	1.6664	-0.70529	-0.76617	0.76063	-0.62916	1.8583	10.186	-78.995	709.47	90.428	58.682	-27.378	-122.12	-70.851	26.368	24.598	-18.186	75.174	9.2255	24.511
-2.8097	26.708	8.0064	5.9173	-2.2041	-6.842	-1.3896	2.1932	1.5924	-2.0719	-2.0592	0.45486	1.0257	1.2339	21.815	289.27	433.65	-95.738	24.036	-256.54	-53.53	144.42	-2.9596	-54.666	-51.72	-12.231	66.195	-24.975
-2.3816	28.684	7.364	5.998	-2.1799	-6.9268	-1.8178	1.8535	1.6056	-2.6013	-1.6873	0.86619	1.1413	0.87142	17.125	79.024	-25.697	3.2267	0.96816	-3.3927	-17.13	-13.588	0.52633	-21.175	14.875	16.453	4.6257	-14.5
-2.3516	22.589	12.65	2.3302	-0.15606	-7.668	-2.2626	2.294	1.0029	-2.3569	-1.7953	0.19164	2.6927	0.29641	1.1983	-243.82	211.45	-146.71	80.952	-29.648	-17.792	17.62	-24.109	9.7784	-4.3217	-26.982	62.052	-23
-2.442	19.624	13.021	3.6509	-0.69981	-6.7641	-2.2885	0.84663	1.8013	-2.687	-1.2077	-0.32303	1.9421	1.0668	-3.6124	-118.57	14.834	52.829	-21.75	36.156	-1.0367	-57.895	31.936	-13.206	23.507	-20.587	-30.024	30.817
-2.657	13.708	15.297	3.6896	0.47817	-7.3427	-2.4525	0.53358	2.1324	-2.0811	-1.8723	0.28333	0.2278	1.4767	-8.6014	-236.67	91.035	1.5487	47.119	-23.143	-6.5606	-12.522	13.245	24.235	-26.586	24.254	-68.57	16.395
-2.8438	8.0342	16.393	5.5956	-0.16424	-6.916	-3.6742	0.92448	2.1066	-1.2811	-1.9448	-0.73773	-0.31415	2.0651	-7.4725	-226.94	43.843	76.237	-25.697	17.065	-48.868	15.636	-1.0316	32.002	-2.8983	-40.842	-21.678	23.536
-2.9804	5.1214	17.043	7.3427	-2.064	-5.5774	-4.9056	1.5276	2.5956	-1.2936	-2.4488	-0.40629	-0.14836	0.86515	-5.4642	-116.51	25.988	69.884	-75.99	53.547	-49.255	24.125	19.561	-0.50084	-20.161	13.258	6.6314	-47.999
-3.1375	1.6826	18.771	5.9486	-1.2797	-4.6078	-6.0158	2.1347	2.5693	-0.55461	-3.4156	0.19754	-0.71583	1.0262	-6.2854	-137.55	69.132	-55.763	31.371	38.781	-44.41	24.284	-1.054	29.559	-38.671	24.153	-22.699	6.4403
-3.3477	2.0914	20.171	2.4783	0.84068	-5.4614	-4.8766	2.6339	1.722	0.54698	-4.641	0.41576	-0.021076	1.1624	-8.4053	16.351	56.01	-138.81	84.816	-34.143	45.571	19.968	-33.892	44.064	-49.017	8.7287	27.79	5.4483
-3.8242	2.7239	17.21	-1.1929	2.603	-3.2392	-4.7038	2.904	0.29621	2.1463	-3.6794	-1.4796	2.2306	1.5988	-19.06	25.298	-118.46	-146.85	70.492	88.89	6.9122	10.804	-57.031	63.971	38.465	-75.814	90.067	17.459
-5.0833	0.23516	11.118	-0.66307	-0.83724	-1.6524	-0.44474	0.23162	-0.47804	0.85195	-0.99387	0.18462	1.4019	0.74436	-50.364	-99.548	-243.66	21.193	-137.61	63.471	170.36	-106.9	-30.97	-51.772	107.42	66.569	-33.148	-34.179
-6.0107	3.6536	2.6327	4.0328	-4.3336	0.42884	1.7648	1.4994	-1.7474	0.5511	-0.46365	-0.79235	2.35	0.61136	-37.095	136.74	-339.42	187.84	-139.85	83.249	88.383	50.712	-50.776	-12.034	21.209	-39.079	37.924	-5.3202
-6.638	3.5528	-7.393	1.7516	1.3586	-0.67643	1.279	2.2687	-2.966	-0.63795	0.86487	1.0817	0.79921	0.29208	-25.094	-4.0318	-401.03	-91.249	227.69	-44.211	-19.434	30.77	-48.742	-47.562	53.141	74.964	-62.032	-12.771
-6.4161	6.0335	-15.335	-3.2291	2.0107	0.88832	2.0262	3.5171	-1.885	0.95671	2.8814	1.8219	-0.63571	-0.11918	8.8761	99.23	-317.68	-199.23	26.086	62.59	29.889	49.938	43.24	63.786	80.659	29.608	-57.397	-16.45
-6.174	7.1707	-19.691	-4.5112	3.3211	1.4911	1.5434	2.5677	-2.024	0.70352	2.2578	2.5957	-0.0047594	0.12321	9.684	45.486	-174.25	-51.284	52.415	24.111	-19.312	-37.975	-5.559	-10.128	-24.942	30.951	25.238	9.6955
-6.1233	2.6104	-20.71	-5.5303	1.0268	-0.41341	1.4777	3.5099	-1.9251	0.60629	4.3152	3.3917	-1.5706	-1.1251	2.0294	-182.41	-40.748	-40.764	-91.773	-76.18	-2.627	37.686	3.9557	-3.8891	82.297	31.84	-62.633	-49.933
-5.3706	4.4925	-24.634	-6.0941	4.1586	1.2794	-0.24917	3.2743	-2.1956	1.5508	1.5695	-0.27149	-0.00171	0.24269	30.108	75.281	-156.94	-22.552	125.27	67.714	-69.076	-9.4223	-10.822	37.78	-109.83	-146.53	62.755	54.712
-5.0271	11.165	-25.196	-7.3958	4.6747	2.2447	0.24353	3.5982	-3.3069	0.76016	2.4708	-0.50991	-0.30536	0.41505	13.739	266.9	-22.5	-52.066	20.646	38.612	19.708	12.955	-44.453	-31.625	36.051	-9.537	-12.146	6.8944
-5.2479	13.118	-22.098	-3.4599	3.4725	2.7687	0.70798	2.2625	-3.1886	1.218	0.97905	0.16417	-0.5974	-0.2702	-8.8314	78.11	123.92	157.43	-48.09	20.96	18.578	-53.43	4.7325	18.314	-59.668	26.963	-11.682	-27.41
-6.0097	9.2061	-16.851	-2.6708	1.9135	3.0733	2.9922	-0.8181	-4.8699	0.45689	0.022106	-0.00031193	-1.5557	0.12843	-30.473	-156.47	209.9	31.563	-62.358	12.184	91.37	-123.22	-67.249	-30.445	-38.278	-6.5792	-38.333	15.945
-4.8918	11.959	3.0027	2.2837	-0.31359	-0.63764	2.8453	-0.49534	-4.5599	0.34474	0.58048	0.48555	-0.39361	0.61085	44.715	110.1	794.14	198.18	-89.084	-148.44	-5.8784	12.91	12.399	-4.4862	22.335	19.435	46.484	19.297
-4.1408	14.7	12.227	-2.8232	1.798	-2.3853	2.5632	1.3707	-5.0081	-0.7602	1.8102	-0.30387	0.48858	0.16271	30.039	109.65	368.98	-204.27	84.462	-69.905	-11.285	74.643	-17.928	-44.198	49.188	-31.577	35.287	-17.926
-3.6645	14.691	12.264	-3.3428	1.9452	-3.6499	2.7565	1.1512	-4.7939	-0.932	0.80601	0.54044	1.2259	0.866	19.055	-0.33809	1.4893	-20.785	5.8902	-50.586	7.7316	-8.7825	8.5683	-6.8719	-40.166	33.772	29.492	28.132
-3.4195	12.377	15.341	-3.3832	1.4202	-4.8019	1.2387	1.8164	-3.5771	-2.0106	0.6613	-0.23716	2.8615	0.63767	9.797	-92.555	123.05	-1.6167	-21.001	-46.079	-60.711	26.609	48.671	-43.145	-5.7887	-31.104	65.424	-9.1333
-3.282	13.231	15.706	-3.2738	2.085	-5.1925	-0.65484	2.816	-4.0284	-0.68432	-0.85756	-0.028836	2.697	0.80101	5.5032	34.154	14.615	4.3786	26.592	-15.622	-75.741	39.985	-18.052	53.052	-60.754	8.333	-6.5774	6.5337
-3.4768	14.077	16.214	-3.3892	1.8226	-4.7909	-0.90333	2.3779	-3.5994	-0.26454	-0.83212	-1.8532	3.4962	1.3319	-7.7933	33.809	20.331	-4.6177	-10.494	16.062	-9.9399	-17.526	17.16	16.791	1.0176	-72.975	31.966	21.235
-3.6325	8.4206	17.947	-3.3314	-0.2853	0.32616	-0.89414	0.67041	2.0618	-1.7664	-4.4302	-1.4141	2.6493	0.53469	-6.2288	-226.24	69.326	2.3134	-84.317	204.68	0.36785	-68.299	226.45	-60.075	-143.92	17.564	-33.877	-31.888
-3.6983	8.4922	18.137	-2.079	2.2144	-0.63611	-1.824	-0.1817	2.8863	-3.1407	-3.8198	-0.62687	1.9716	0.1384	-2.6297	2.8651	7.5908	50.095	99.989	-38.491	-37.195	-34.084	32.978	-54.972	24.417	31.489	-27.108	-15.852
-3.4995	7.1299	18.021	-0.6956	1.2374	-0.82675	-1.45	0.49542	2.9646	-3.4212	-4.024	-0.45869	2.7866	0.42511	7.951	-54.492	-4.6282	55.337	-39.082	-7.6255	14.959	27.085	3.1317	-11.22	-8.1702	6.7273	32.602	11.468
-2.8669	18.332	16.938	-4.0321	-0.79083	-4.1177	-1.6327	3.1943	-1.4365	-0.13879	-0.82285	0.75713	4.6229	-2.0298	25.303	448.1	-43.326	-133.46	-81.128	-131.64	-7.3073	107.96	-176.04	131.3	128.05	48.633	73.451	-98.198
-2.3619	22.377	13.757	-2.4933	-3.9394	-4.0375	-1.036	2.5045	0.31492	-0.82861	2.4262	0.0043229	4.4339	-3.5828	20.2	161.79	-127.24	61.549	-125.94	3.2078	23.867	-27.592	70.055	-27.593	129.96	-30.112	-7.5599	-62.12
-2.123	25.113	12.186	-2.3339	-4.9915	-4.956	0.98023	0.73189	2.7375	-1.9099	3.3571	1.3572	2.0797	-2.8261	9.5575	109.44	-62.838	6.3778	-42.085	-36.741	80.651	-70.905	96.902	-43.25	37.235	54.113	-94.167	30.271
-1.9424	28.143	9.9816	-2.592	-4.955	-5.5787	1.9143	-0.74898	3.9668	-2.4333	3.0493	2.7505	0.83901	-2.162	7.2227	121.2	-88.193	-10.325	1.4601	-24.908	37.363	-59.234	49.172	-20.937	-12.311	55.735	-49.628	26.561
-1.8816	28.971	10.014	-2.6557	-5.7668	-6.2882	1.7368	-0.29708	4.1206	-1.4936	1.6679	3.4339	-0.55737	-2.2977	2.4339	33.145	1.3012	-2.548	-32.471	-28.381	-7.1	18.076	6.1516	37.589	-55.257	27.336	-55.855	-5.4282
-1.8063	29.745	10.522	-2.8567	-6.2627	-6.003	1.1485	0.19276	4.5315	-2.1209	1.6528	3.1968	-1.3954	-2.0212	3.0118	30.942	20.313	-8.0374	-19.837	11.41	-23.532	19.594	16.437	-25.092	-0.60351	-9.4862	-33.519	11.062
-1.786	27.522	12.188	-1.8975	-7.0593	-5.7336	1.5701	0.36362	4.1946	-1.4055	1.2453	2.8629	-1.6733	-1.1278	0.80883	-88.918	66.624	38.365	-31.865	10.777	16.865	6.8342	-13.477	28.614	-16.302	-13.356	-11.116	35.734
-1.9225	25.892	12.769	-2.2988	-6.8856	-5.3367	1.1136	0.20079	4.9091	-1.9554	0.50197	3.5153	-1.8982	-1.1714	-5.4571	-65.21	23.266	-16.051	6.9467	15.876	-18.26	-6.5131	28.582	-21.997	-29.732	26.097	-8.9996	-1.744
-2.0655	24.603	12.247	-0.7542	-6.968	-5.6972	0.95352	1.0595	3.8339	-1.9906	1.1485	2.3873	-1.3517	-1.1087	-5.7197	-51.569	-20.898	61.784	-3.293	-14.421	-6.404	34.349	-43.01	-1.4044	25.863	-45.121	21.861	2.5073
-2.3458	24.302	12.055	-0.43285	-6.1788	-7.0698	1.7653	0.41516	4.3918	-2.6803	0.9152	2.291	-1.561	-0.12566	-11.213	-12.028	-7.6514	12.854	31.568	-54.903	32.47	-25.774	22.318	-27.59	-9.3332	-3.8501	-8.3711	39.324
-2.2904	23.578	12.761	-1.0563	-5.7343	-7.3583	0.48877	1.6621	3.4264	-1.9931	-0.16281	1.6707	-1.0604	1.436	2.214	-28.962	28.239	-24.936	17.779	-11.541	-51.06	49.879	-38.617	27.487	-43.121	-24.814	20.026	62.465
-2.2189	22.092	12.385	-1.4741	-4.866	-7.8036	-0.44377	1.0404	3.833	-3.3677	0.48616	1.26	-0.11918	1.4217	2.8625	-59.44	-15.054	-16.715	34.732	-17.813	-37.302	-24.868	16.265	-54.983	25.959	-16.424	37.647	-0.57224
-2.8416	14.361	11.487	-1.4142	-5.7564	-9.1435	-1.1912	0.9711	4.2123	-4.2238	0.83208	1.7816	0.64672	1.6956	-24.907	-309.23	-35.94	2.3961	-35.618	-53.595	-29.897	-2.7736	15.171	-34.247	13.837	20.861	30.636	10.956
-4.4855	-10.601	12.263	2.6415	-5.1258	-4.3695	-0.39227	-0.074787	4.4636	-5.055	-0.45892	1.9505	0.482	2.4565	-65.76	-998.48	31.073	162.23	25.225	190.96	31.957	-41.835	10.053	-33.245	-51.64	6.7582	-6.589	30.438
-5.3492	-4.0548	13.487	2.4837	-5.9124	-3.7555	-0.26461	0.23119	3.3618	-5.9055	-1.9932	1.1668	0.72034	2.201	-34.546	261.84	48.938	-6.3118	-31.466	24.56	5.1068	12.239	-44.073	-34.02	-61.37	-31.351	9.5335	-10.222
-6.4398	-31.464	3.3392	-0.22929	-0.82192	-0.56603	6.3674	2.2418	-1.8454	-0.81681	-3.5251	0.94701	1.0922	2.6686	-43.625	-1096.4	-405.91	-108.52	203.62	127.58	265.28	80.426	-208.29	203.55	-61.278	-8.7897	14.874	18.704
-10.598	-59.933	-12.486	-5.1091	-1.3714	1.5644	5.5301	1.011	-3.5124	-0.85301	-1.9331	0.92877	-0.35287	1.3613	-166.32	-1138.8	-633.01	-195.19	-21.979	85.219	-33.493	-49.234	-66.681	-1.4478	63.68	-0.72971	-57.802	-52.29
-12.831	-74.949	-9.2768	0.79524	2.0419	1.9468	1.0897	1.1884	-0.926	1.114	-1.4841	-0.35529	-2.4635	0.35184	-89.321	-600.64	128.37	236.17	136.53	15.293	-177.62	7.0981	103.46	78.68	17.961	-51.362	-84.424	-40.379
-13.602	-75.15	-11.198	-0.84721	0.58877	2.2413	2.4631	1.155	-0.78513	1.1419	0.18944	-0.24599	-1.9412	-0.77563	-30.853	-8.0456	-76.865	-65.698	-58.126	11.781	54.938	-1.3364	5.635	1.117	66.941	4.372	20.892	-45.099
-13.601	-75.665	-10.202	2.8911	2.6802	0.95448	1.8469	1.592	1.7325	2.4649	-0.50687	-1.5124	-1.9479	0.32275	0.031501	-20.609	39.857	149.53	83.658	-51.472	-24.647	17.48	100.7	52.919	-27.852	-50.659	-0.2683	43.935
-13.507	-76.734	-10.869	0.79673	2.2324	0.17618	1.168	2.8328	0.048636	1.2978	0.0084687	-0.6376	-0.45798	0.48231	3.7552	-42.744	-26.69	-83.776	-17.913	-31.132	-27.157	49.63	-67.353	-46.686	20.613	34.994	59.596	6.3824
-6.7134	-35.257	-6.5747	-5.9374	3.2996	-0.78377	3.5693	-0.80592	2.5338	3.6705	-0.82606	-0.35089	-1.4129	0.66427	271.76	1659.1	171.78	-269.36	42.689	-38.398	96.053	-145.55	99.405	94.911	-33.381	11.468	-38.198	7.2783
-6.4001	15.569	-7.2649	-7.155	2.3026	-2.4957	2.1295	-3.4153	0.91074	2.2887	-1.8121	-0.46659	-1.0884	0.93683	12.535	2033	-27.61	-48.706	-39.883	-68.476	-57.592	-104.38	-64.921	-55.275	-39.442	-4.628	12.981	10.903
-5.4654	15.629	-12.95	-4.586	0.31633	-1.9285	-0.22171	-2.7537	1.3556	2.0243	-2.143	-0.61576	-1.7896	-0.61949	37.388	2.406	-227.39	102.76	-79.449	22.687	-94.049	26.464	17.793	-10.575	-13.237	-5.9666	-28.047	-62.253
-5.7496	15.705	-14.874	-4.5196	0.10454	-1.1276	1.6793	-3.2935	1.9664	2.4784	-3.5498	-0.83175	-0.81821	-0.78876	-11.371	3.0345	-76.983	2.6556	-8.4714	32.037	76.04	-21.592	24.434	18.167	-56.269	-8.6399	38.855	-6.7705
-5.6573	2.6541	-10.824	-2.3728	1.1452	-1.3393	-0.84335	-1.6609	1.1473	3.1583	-2.9784	0.46985	-0.14258	-0.42697	3.6938	-522.03	162	85.873	41.625	-8.4676	-100.91	65.305	-32.764	27.196	22.854	52.064	27.025	14.471
-5.9616	19.292	-3.4957	-5.4056	1.1554	-2.4245	-1.6179	-1.7258	2.2479	3.5494	-3.0807	1.5312	0.90193	-1.216	-12.173	665.53	293.14	-121.31	0.40825	-43.409	-30.982	-2.5955	44.025	15.643	-4.0937	42.453	41.78	-31.562
-5.8422	-2.5519	-7.1369	-2.0274	6.7303	1.7638	-1.3586	-3.393	1.6987	4.6147	-2.5402	-0.15056	-0.10031	-0.24508	4.7751	-873.77	-145.65	135.13	223	167.53	10.373	-66.688	-21.969	42.611	21.623	-67.27	-40.09	38.838
-5.2793	2.3516	5.2322	-0.56743	2.3243	5.3537	-3.9049	-2.6514	1.7324	2.7426	-0.92976	-0.21428	0.14458	0.29079	22.518	196.14	494.76	58.398	-176.24	143.6	-101.85	29.665	1.349	-74.882	64.416	-2.5488	9.7955	21.435
-4.2835	11.704	7.7515	-1.3097	0.68454	5.204	-5.085	-4.6947	1.4148	2.3226	-0.80014	-0.70076	0.2065	1.162	39.831	374.11	100.77	-29.69	-65.589	-5.9889	-47.205	-81.735	-12.703	-16.803	5.1848	-19.459	2.4766	34.849
-4.2388	19.218	8.685	-5.7288	4.651	2.5738	-4.8802	-4.5229	-0.3053	2.3467	0.0094418	-0.90065	0.54171	1.3836	1.7869	300.56	37.338	-176.76	158.66	-105.21	8.1909	6.8722	-68.805	0.96483	32.383	-7.9957	13.409	8.8632
-3.6602	22.649	5.1898	-4.8661	4.7413	1.9342	-3.9929	-3.8127	-1.2737	3.0122	0.25573	-0.3952	0.73842	0.96231	23.147	137.24	-139.81	34.507	3.6139	-25.584	35.494	28.409	-38.737	26.621	9.8514	20.218	7.8682	-16.852
-3.5445	14.535	6.1076	-5.6336	4.9467	0.31392	-4.7352	-5.3711	-1.1842	3.3341	0.19966	-0.18463	1.1755	1.7359	4.6253	-324.58	36.712	-30.699	8.2165	-64.81	-29.692	-62.338	3.5828	12.876	-2.2427	8.423	17.485	30.945
-3.8515	24.016	5.7361	-6.6361	5.7245	0.12583	-4.3887	-5.1759	-1.6633	3.5278	-0.89162	0.037144	0.69703	1.1542	-12.277	379.26	-14.862	-40.102	31.111	-7.5234	13.86	7.8079	-19.167	7.7486	-43.651	8.8709	-19.14	-23.27
-3.4816	23.93	4.9782	-6.2263	5.3832	0.71856	-4.4898	-4.3632	-1.4835	3.9593	-0.8243	0.18039	-0.09883	0.75943	14.795	-3.4582	-30.314	16.393	-13.654	23.709	-4.0432	32.511	7.1952	17.259	2.6929	5.7298	-31.834	-15.789
-3.4209	14.766	5.7467	-6.2488	4.9012	0.084081	-4.1652	-5.5477	-1.3831	4.1107	0.014496	0.8807	0.57188	1.3548	2.4272	-366.57	30.74	-0.90177	-19.278	-25.379	12.985	-47.381	4.0134	6.0563	33.552	28.012	26.828	23.814
-3.5489	22.415	6.3317	-7.8844	5.2022	-0.5386	-4.0132	-6.2525	-1.3934	3.6948	0.098725	0.19222	0.45176	0.77837	-5.1194	305.97	23.397	-65.422	12.039	-24.907	6.0774	-28.193	-0.41047	-16.636	3.3691	-27.539	-4.805	-23.056
-3.4606	24.631	6.1573	-7.0451	3.2071	0.88953	-3.8197	-4.5865	-0.85498	3.0902	0.84976	0.2724	0.45425	0.82772	3.5296	88.652	-6.9757	33.571	-79.806	57.125	7.7415	66.642	21.536	-24.184	30.041	3.2074	0.099811	1.9741
-3.3421	18.462	6.0783	-6.4404	2.6954	0.40772	-3.5955	-4.9907	-0.059122	2.6151	1.2795	-0.032964	0.6943	0.74314	4.7431	-246.75	-3.1599	24.187	-20.468	-19.273	8.9666	-16.169	31.834	-19.004	17.188	-12.215	9.6019	-3.3833
-3.5621	19.8	6.2609	-7.6892	2.9444	-0.30285	-4.1971	-5.7347	-0.81491	3.2321	1.4441	0.22923	0.55545	-0.055548	-8.8035	53.502	7.305	-49.949	9.9621	-28.423	-24.065	-29.76	-30.231	24.678	6.586	10.488	-5.5538	-31.948
-3.8731	24.057	6.944	-7.2949	2.2831	-0.12914	-2.6539	-4.9611	-0.36814	1.7311	2.1452	-0.11333	0.38462	-1.1906	-12.439	170.28	27.326	15.77	-26.455	6.9485	61.728	30.945	17.871	-60.037	28.042	-13.702	-6.8332	-45.404
-3.9472	2.3791	10.104	-3.0272	-1.3631	1.1757	-2.2688	-5.0769	0.17153	0.64491	2.3874	-0.14536	0.80417	-2.0198	-2.9634	-867.11	126.4	170.71	-145.84	52.192	15.406	-4.6319	21.587	-43.45	9.6883	-1.2816	16.782	-33.165
-5.0498	-1.7879	10.28	-1.0669	-4.3279	1.2346	-2.9272	-5.4103	0.5054	-0.52612	3.5297	-0.17303	0.95935	-2.1568	-44.102	-166.68	7.0316	78.411	-118.6	2.3572	-26.336	-13.339	13.355	-46.841	45.695	-1.1065	6.2075	-5.4806
-5.9619	-0.38763	0.85643	-5.1841	-5.7066	3.3564	-1.8126	-2.4113	3.1823	-0.39417	5.1531	-1.0611	1.4154	-2.916	-36.484	56.01	-376.93	-164.69	-55.148	84.871	44.583	119.96	107.08	5.2777	64.934	-35.523	18.243	-30.368
-6.643	-17.441	8.9865	4.2925	-2.8673	1.7417	-3.0794	-1.1236	2.0499	-0.33823	2.0959	-1.507	1.1543	-2.3066	-27.247	-682.15	325.2	379.07	113.57	-64.587	-50.672	51.508	-45.299	2.2376	-122.29	-17.837	-10.446	24.374
-7.3241	-14.11	-1.1902	0.16522	-4.2905	1.2364	-0.921	0.33894	1.2179	0.23468	4.021	0.79245	-0.1389	-0.81593	-27.241	133.24	-407.07	-165.09	-56.929	-20.211	86.336	58.503	-33.28	22.917	77.004	91.979	-51.727	59.628
-7.3176	-4.115	-9.4174	0.20195	-1.654	1.6278	0.54455	1.3232	-0.14417	0.39426	0.99167	-0.61859	-1.8136	-0.70013	0.25823	399.82	-329.09	1.4692	105.46	15.653	58.622	39.37	-54.482	6.3834	-121.17	-56.441	-66.99	4.6321
-6.6314	2.7019	-15.799	2.8791	-3.6224	-0.23332	-1.3188	0.79005	1.4692	1.4941	0.94769	0.22203	-0.62966	-0.44747	27.448	272.67	-255.25	107.09	-78.735	-74.444	-74.536	-21.326	64.536	43.995	-1.7589	33.625	47.359	10.106
-6.2192	-0.70107	-17.778	5.2096	-3.0695	0.086988	-1.6451	1.8762	3.0504	1.4592	0.19263	-0.99308	-1.2255	0.37466	16.49	-136.12	-79.18	93.218	22.118	12.812	-13.05	43.445	63.245	-1.3974	-30.202	-48.605	-23.835	32.885
-5.9285	-2.0485	-20.354	4.8631	-3.9689	-0.79275	-1.2122	1.3001	1.7262	0.86818	0.3373	0.90838	0.18492	0.1679	11.626	-53.898	-103.04	-13.86	-35.979	-35.189	17.316	-23.044	-52.964	-23.641	5.7865	76.059	56.419	-8.2705
-5.3143	1.5469	-22.882	5.2667	-0.69614	2.1911	0.34411	0.71414	0.88515	-0.71868	1.2303	0.35369	-0.36841	0.87498	24.57	143.82	-101.11	16.146	130.91	119.36	62.252	-23.438	-33.644	-63.475	35.72	-22.187	-22.133	28.283
-4.9735	4.3889	-22.203	7.8688	0.36118	0.93864	-0.021583	0.84113	1.8153	0.21014	0.46524	-0.40982	-1.0777	0.83552	13.631	113.68	27.147	104.08	42.293	-50.1	-14.628	5.0795	37.207	37.153	-30.603	-30.541	-28.371	-1.5785
-5.0534	3.6352	-23.364	6.537	1.1372	3.5408	1.3573	-1.3721	2.1491	1.4825	0.37468	-1.8303	-1.8892	1.094	-3.1943	-30.145	-46.424	-53.27	31.039	104.09	55.154	-88.53	13.35	50.893	-3.6223	-56.817	-32.461	10.337
-5.4085	-2.4145	-22.283	8.6272	0.13632	0.65733	0.41289	-0.89519	0.99079	0.69235	-1.4922	-0.19613	-0.71545	0.80225	-14.206	-241.99	43.223	83.606	-40.034	-115.34	-37.775	19.078	-46.332	-31.604	-74.675	65.365	46.951	-11.668
-6.7263	-19.825	-22.22	7.552	-0.47135	-3.4422	1.4137	0.05857	1.4635	2.0494	-2.6195	2.1737	-1.18	0.23344	-52.711	-696.43	2.5109	-43.008	-24.307	-163.98	40.032	38.15	18.91	54.281	-45.093	94.792	-18.583	-22.752
-9.0849	-55.442	-15.41	8.3887	2.0483	1.0979	2.003	0.95254	2.0505	1.3043	-0.53716	0.25546	-1.172	0.71876	-94.345	-1424.7	272.43	33.47	100.79	181.61	23.573	35.759	23.476	-29.805	83.294	-76.729	0.32142	19.413
-12.96	-75.914	-13.644	2.9621	2.587	1.3602	1.0481	1.187	3.2191	0.56337	0.59965	1.4102	-0.28997	0.81488	-155.02	-818.88	70.633	-217.06	21.547	10.489	-38.196	9.379	46.744	-29.636	45.472	46.189	35.28	3.8447
-13.847	-79.083	-13.853	2.0161	3.1819	0.90097	-0.32868	1.9651	0.45586	0.49232	-1.8037	-1.2624	-0.41379	0.43012	-35.45	-126.76	-8.3699	-37.843	23.797	-18.367	-55.072	31.125	-110.53	-2.8419	-96.136	-106.9	-4.9528	-15.39
-13.88	-77.309	-13.812	-0.64032	-0.57374	0.19317	0.70332	2.3618	0.49342	1.3434	-0.54774	-0.010674	-1.8758	-0.83879	-1.3238	70.979	1.66	-106.26	-150.23	-28.312	41.28	15.867	1.5023	34.044	50.24	50.07	-58.481	-50.756
-13.689	-75.447	-12.27	-0.22157	1.5426	0.50066	-2.9541	0.74564	0.20546	0.96636	-1.0266	-1.0079	-0.24718	0.080443	7.6449	74.454	61.669	16.75	84.652	12.3	-146.3	-64.647	-11.518	-15.083	-19.157	-39.887	65.146	36.769
-7.2543	-10.536	-7.1012	-3.6837	1.8589	-5.25	1.6265	-0.30617	0.12797	1.6893	-1.0615	1.0177	-1.74	0.38061	257.37	2596.5	206.75	-138.48	12.652	-230.02	183.22	-42.072	-3.0996	28.919	-1.3938	81.021	-59.711	12.007
-6.998	5.3912	-10.774	-1.827	0.58877	-6.5953	1.9727	-1.5891	0.27365	1.4861	-1.069	1.1315	-1.8365	0.45098	10.253	637.07	-146.91	74.269	-50.803	-53.813	13.85	-51.316	5.827	-8.1293	-0.29858	4.5537	-3.8626	2.8148
-7.5174	-17.852	-16.756	0.067197	0.4205	-5.3844	1.9302	-1.7521	2.3621	2.2565	-0.037778	1.9225	-1.9636	1.5453	-20.775	-929.72	-239.29	75.766	-6.7309	48.437	-1.6998	-6.5206	83.536	30.818	41.247	31.638	-5.0845	43.775
-8.6607	-16.145	-9.0796	-0.75093	0.39492	0.18603	1.6908	-1.4209	-0.46024	0.38153	-2.2255	0.42466	-1.1667	1.0156	-45.732	68.269	307.06	-32.725	-1.023	222.82	-9.575	13.249	-112.89	-75	-87.51	-59.913	31.876	-21.19
-8.8998	-17.43	-8.4597	-2.8387	-0.59897	1.5794	0.93812	1.1922	1.4317	0.31387	0.40434	0.025085	-0.45389	0.94833	-9.564	-51.401	24.797	-83.511	-39.756	55.733	-30.109	104.52	75.678	-2.7064	105.19	-15.983	28.514	-2.6908
-9.06	-22.64	-7.2114	-3.7296	-1.4672	0.19873	1.9061	-0.71903	1.6686	-0.33751	1.6148	-0.15974	-2.7666	-0.16812	-6.4075	-208.41	49.93	-35.634	-34.73	-55.225	38.719	-76.451	9.4768	-26.055	48.418	-7.3928	-92.509	-44.658
-9.6341	-25.98	-3.5812	-0.82311	0.20072	1.4137	2.6161	0.15523	-0.32704	-1.5382	0.49327	-0.55491	-2.2435	-0.11609	-22.965	-133.57	145.21	116.26	66.717	48.599	28.402	34.971	-79.827	-48.027	-44.862	-15.807	20.923	2.0813
