-2.2252	35.671	3.075	-4.9898	3.4345	-5.3993	-4.8923	-0.18125	0.33554	1.2249	-1.0895	2.3797	-0.76476	0.90322	0	0	0	0	0	0	0	0	0	0	0	0	0	0
-1.8924	36.534	3.4758	-4.2185	3.6971	-5.2354	-5.2486	-0.65874	0.16814	1.4003	-0.55939	2.0172	-0.89165	1.2426	13.312	34.52	16.034	30.852	10.502	6.5552	-14.253	-19.1	-6.6958	7.0177	21.206	-14.503	-5.0755	13.573
-1.73	37.051	4.0577	-4.0859	3.6183	-4.1506	-6.1041	-0.31644	-0.14219	1.8018	-1.1916	2.0751	-0.049535	0.95375	6.4948	20.662	23.274	5.3066	-3.1496	43.391	-34.218	13.692	-12.413	16.059	-25.288	2.3179	33.685	-11.552
-1.863	34.245	5.4331	-3.6095	3.9327	-3.5629	-5.5236	-0.86161	-0.17012	2.0557	-1.055	2.1419	-0.40848	1.7641	-5.3215	-112.22	55.016	19.054	12.576	23.509	23.219	-21.807	-1.1171	10.156	5.4624	2.6718	-14.358	32.413
-2.4434	28.819	6.4824	-2.9233	3.4858	-2.1642	-5.2139	-0.7402	-0.15443	2.5125	-0.51264	1.7312	-0.67931	2.1285	-23.214	-217.04	41.975	27.449	-17.877	55.949	12.387	4.8564	0.62756	18.274	21.696	-16.429	-10.833	14.579
-3.2228	9.4758	12.523	-1.3358	1.6786	-1.0098	-3.3461	1.1613	1.1317	2.8662	-1.0009	-1.3679	-1.2494	2.4771	-31.175	-773.74	241.61	63.501	-72.288	46.174	74.714	76.061	51.444	14.149	-19.532	-123.97	-22.802	13.942
-3.9025	-1.472	13.106	1.7806	-0.17346	-1.5648	-2.3964	2.7107	4.1418	1.0104	0.57336	-0.8794	-0.1611	1.5748	-27.188	-437.91	23.337	124.66	-74.082	-22.201	37.985	61.975	120.41	-74.234	62.971	19.541	43.53	-36.091
-3.1346	22.944	3.2601	0.082178	1.8263	-1.6339	-3.6028	1.2313	2.2462	3.2543	0.09335	0.047887	-0.10578	0.77253	30.716	976.63	-393.84	-67.937	79.992	-2.7632	-48.254	-59.175	-75.825	89.758	-19.2	37.092	2.213	-32.092
-2.7531	33.21	0.41136	-1.8923	4.8878	-3.935	-4.6498	2.5161	1.1577	4.0941	-0.88184	2.2614	-1.0379	-0.38614	15.258	410.63	-113.95	-78.98	122.46	-92.044	-41.88	51.393	-43.54	33.591	-39.007	88.541	-37.283	-46.347
-2.435	34.469	-1.3495	-1.0014	4.678	-4.317	-4.6705	4.0548	1.2683	3.4093	-0.41972	1.3964	-1.157	-1.2214	12.725	50.364	-70.433	35.636	-8.3939	-15.281	-0.83027	61.546	4.422	-27.393	18.485	-34.599	-4.7667	-33.412
-2.355	37.253	-3.11	-0.23425	5.2122	-4.903	-4.4785	4.5519	0.77194	3.0383	-0.66824	1.1285	-1.5454	-1.8445	3.1986	111.37	-70.421	30.687	21.369	-23.438	7.6832	19.885	-19.852	-14.839	-9.9409	-10.718	-15.536	-24.921
-2.3801	35.932	-3.018	0.37105	5.5225	-5.5595	-3.8066	4.7137	0.37064	2.1497	-0.52822	0.80824	-1.3679	-2.331	-1.0008	-52.831	3.6775	24.212	12.412	-26.262	26.874	6.4733	-16.052	-35.543	5.601	-12.81	7.1025	-19.461
-2.6189	31.203	-2.4595	1.5521	5.5284	-4.7302	-4.4714	5.4261	-0.057246	1.3742	-0.35205	0.67838	-1.3094	-3.1879	-9.5522	-189.17	22.34	47.242	0.23698	33.174	-26.593	28.496	-17.115	-31.022	7.0468	-5.1943	2.34	-34.278
-3.4268	21.94	-3.2026	1.8711	6.6276	-4.7816	-3.3106	6.4081	1.1658	0.39388	0.0035664	0.6372	-1.9645	-2.9584	-32.319	-370.5	-29.723	12.76	43.968	-2.0586	46.434	39.279	48.92	-39.212	14.225	-1.6471	-26.207	9.1833
-5.2035	-9.4601	-3.7556	4.0641	4.1769	-2.5072	-0.99598	4.8442	3.5982	-0.12029	2.323	1.0147	-2.105	-2.3665	-71.067	-1256	-22.119	87.721	-98.03	90.975	92.584	-62.558	97.3	-20.567	92.776	15.1	-5.6204	23.674
-8.348	-48.242	-3.3196	9.5615	7.4839	2.1604	0.34013	2.2761	0.40273	-1.8737	2.5725	0.22814	-2.4829	-0.41099	-125.78	-1551.3	17.441	219.89	132.28	186.71	53.445	-102.72	-127.82	-70.137	9.9814	-31.462	-15.114	78.22
-10.442	-67.928	-6.0936	8.5738	-0.71892	5.3451	0.9215	0.97019	1.1773	-0.48804	1.6115	-2.3147	-0.22018	-0.31311	-83.744	-787.45	-110.96	-39.506	-328.11	127.39	23.255	-52.235	30.984	55.426	-38.439	-101.71	90.508	3.9153
-11.157	-62.741	-5.2864	5.3866	-4.0764	2.053	0.015081	1.1821	0.89416	-0.23891	1.6257	-2.8138	-1.1747	-1.3931	-28.619	207.49	32.291	-127.49	-134.3	-131.69	-36.257	8.4776	-11.327	9.9652	0.5677	-19.967	-38.182	-43.202
-5.2375	5.4017	-7.2899	-5.9749	-5.5605	0.070165	-0.62976	0.4845	0.74158	-4.2275	0.67466	-1.7915	1.7276	-1.1498	236.78	2725.7	-80.14	-454.46	-59.363	-79.314	-25.794	-27.905	-6.1033	-159.54	-38.042	40.893	116.09	9.7354
-4.9691	31.279	-7.2046	-3.2737	-6.8887	0.59957	-0.97546	1.7456	2.0736	-3.5489	2.1739	-0.51203	1.1601	-2.1944	10.736	1035.1	3.4085	108.05	-53.131	21.176	-13.828	50.445	53.279	27.145	59.968	51.179	-22.701	-41.784
-4.7466	17.536	-7.0952	-0.58676	-5.5956	-0.43445	-1.3636	-1.0081	3.3897	-2.6434	1.5565	0.51946	2.5171	-0.92348	8.9009	-549.72	4.377	107.48	51.723	-41.361	-15.526	-110.15	52.646	36.219	-24.696	41.26	54.283	50.836
-5.464	18.527	-5.3219	0.73421	-4.121	-0.67328	-1.1701	-3.0023	4.0224	0.21557	1.2589	-0.080355	2.4638	-0.022052	-28.694	39.665	70.932	52.839	58.987	-9.553	7.7392	-79.769	25.306	114.36	-11.902	-23.993	-2.1331	36.057
-5.3901	14.76	-8.0552	-0.74539	-2.9315	0.7248	1.3119	-0.8422	4.1873	-0.43759	1.5301	0.93697	-0.20359	0.41848	2.9541	-150.68	-109.33	-59.184	47.579	55.923	99.283	86.405	6.5955	-26.126	10.848	40.693	-106.7	17.621
-4.1741	25.497	-2.0509	0.0063483	-2.3966	-0.18574	1.4931	-0.11322	4.8304	1.0669	1.5715	0.019908	-2.3016	-1.2644	48.642	429.45	240.17	30.07	21.395	-36.422	7.2464	29.159	25.724	60.179	1.6544	-36.682	-83.921	-67.315
-3.4039	30.355	0.84996	-1.9487	-4.8886	-0.45137	3.5968	3.0418	4.3176	0.89811	1.3998	-2.0389	-1.0613	-1.4027	30.806	194.32	116.03	-78.2	-99.678	-10.625	84.146	126.2	-20.511	-6.7506	-6.8675	-82.353	49.611	-5.5335
-2.7215	29.706	5.1026	-4.6466	-8.1532	0.082359	6.5548	1.4099	3.5134	0.21751	2.4786	-1.3748	-3.0257	-0.51775	27.295	-25.942	170.11	-107.92	-130.59	21.349	118.32	-65.273	-32.165	-27.224	43.153	26.564	-78.575	35.399
-1.9603	33.241	7.5343	-7.2656	-7.3408	-2.5808	6.6272	2.2991	1.0894	2.0303	1.5093	0.24243	-4.8977	0.3889	30.448	141.42	97.267	-104.76	32.499	-106.53	2.8967	35.567	-96.961	72.512	-38.772	64.69	-74.881	36.266
-1.4867	35.088	9.2749	-8.3755	-8.2325	-2.9219	5.9478	1.6806	1.7285	1.9554	2.1303	0.4318	-4.6468	-0.73847	18.945	73.863	69.625	-44.395	-35.671	-13.644	-27.177	-24.74	25.564	-2.9953	24.84	7.5751	10.038	-45.094
-0.99659	39.493	8.489	-10.298	-8.4267	-4.1362	4.3989	3.533	0.23026	2.1043	3.3345	0.493	-4.0581	-0.61867	19.605	176.18	-31.437	-76.9	-7.7668	-48.572	-61.956	74.098	-59.93	5.9541	48.168	2.4479	23.548	4.7919
-0.91331	39.138	9.9997	-11.266	-8.6281	-3.832	3.4017	3.7796	-0.53521	1.9026	4.7236	1.1977	-2.857	0.12943	3.3314	-14.205	60.428	-38.709	-8.0566	12.166	-39.888	9.8612	-30.619	-8.0685	55.562	28.188	48.045	29.924
-0.87448	38.28	10.862	-12.257	-8.6484	-2.9102	2.6257	3.0289	-1.5124	0.99102	5.3246	2.0398	-1.8273	0.45952	1.5531	-34.306	34.48	-39.638	-0.81032	36.875	-31.039	-30.029	-39.086	-36.462	24.041	33.683	41.185	13.204
-1.0036	37.283	11.238	-13.012	-8.5227	-2.2636	2.2182	2.9735	-2.9499	1.2395	4.809	2.5956	-1.4079	1.04	-5.1633	-39.874	15.071	-30.207	5.0273	25.861	-16.301	-2.2135	-57.502	9.9414	-20.621	22.232	16.776	23.218
-1.0462	37.48	11.381	-13.418	-7.6178	-1.8496	1.6973	2.6705	-3.0832	0.96102	4.5428	2.9453	-1.2099	1.4305	-1.7043	7.8654	5.6865	-16.233	36.195	16.561	-20.834	-12.122	-5.3297	-11.141	-10.649	13.987	7.9213	15.622
-1.1504	37.758	10.871	-13.766	-7.0953	-1.8313	1.3253	1.9956	-2.7652	1.1843	4.4151	2.6772	-1.1506	1.665	-4.1697	11.129	-20.402	-13.928	20.9	0.73053	-14.88	-26.995	12.719	8.9299	-5.1079	-10.724	2.3723	9.3788
-1.3082	37.212	10.664	-12.792	-6.5143	-1.6512	1.3586	1.1391	-2.4105	1.9462	4.3771	2.0621	-0.7372	1.3546	-6.3101	-21.847	-8.2612	38.964	23.242	7.2039	1.3316	-34.26	14.187	30.476	-1.5218	-24.603	16.535	-12.417
-1.6474	33.683	10.978	-12.007	-4.888	-2.5514	0.77551	0.77011	-2.1822	2.8753	4.3104	1.6076	-0.65661	0.21855	-13.571	-141.16	12.546	31.375	65.051	-36.005	-23.324	-14.759	9.134	37.167	-2.6658	-18.181	3.2239	-45.441
-2.1969	26.24	12.003	-9.6793	-2.3075	-3.7172	-0.74095	1.3013	-1.4998	3.7667	3.071	1.3619	-1.9797	-0.37066	-21.977	-297.71	40.999	93.123	103.22	-46.632	-60.659	21.246	27.297	35.654	-49.576	-9.8263	-52.924	-23.568
-3.2378	7.2309	13.51	-4.0232	-1.0336	-0.4961	-2.0324	0.77457	2.0614	1.8857	2.1962	1.1102	-3.8667	0.43972	-41.636	-760.37	60.281	226.24	50.957	128.84	-51.659	-21.067	142.44	-75.239	-34.994	-10.069	-75.479	32.415
-5.4894	-21.044	10.822	7.316	-0.61498	-0.36759	-1.2148	-0.76224	5.3299	0.58151	-1.062	0.78144	-1.171	-0.42236	-90.065	-1131	-107.51	453.57	16.743	5.1403	32.705	-61.473	130.74	-52.167	-130.33	-13.15	107.83	-34.483
-6.3092	-26.433	0.38205	1.8319	2.7584	1.4076	0.78338	2.0674	1.7568	-1.8828	0.3245	-1.0743	-1.0688	-0.59416	-32.792	-215.53	-417.6	-219.36	134.93	71.008	79.927	113.18	-142.93	-98.573	55.461	-74.228	4.0857	-6.872
-4.8209	15.203	-15.87	-6.0247	-3.446	-0.37449	-3.18	2.0845	0.3577	-1.6954	2.7357	-0.82746	1.8243	-0.59298	59.531	1665.4	-650.08	-314.26	-248.18	-71.283	-158.53	0.68579	-55.962	7.4951	96.447	9.8717	115.73	0.047164
-4.3394	25.392	-21.435	-3.1753	-2.4777	-0.93339	-4.0343	0.4127	0.19072	-1.441	0.68808	-1.6235	1.829	-0.78037	19.263	407.59	-222.62	113.98	38.733	-22.356	-34.173	-66.872	-6.6794	10.176	-81.904	-31.84	0.1874	-7.4954
-4.432	17.244	-21.353	-4.4611	-3.2706	-0.45044	-1.876	0.82046	0.9065	1.6518	2.3591	-2.7786	1.9702	-0.11593	-3.7057	-325.95	3.2888	-51.431	-31.715	19.318	86.333	16.31	28.631	123.71	66.842	-46.207	5.6485	26.578
-5.1949	12.09	-18.06	-8.1396	-5.301	-0.10636	-4.8481	-2.2181	1.6492	2.4674	3.4919	-2.3708	1.0677	0.29408	-30.514	-206.15	131.74	-147.14	-81.215	13.763	-118.88	-121.54	29.707	32.623	45.311	16.312	-36.101	16.4
-5.7786	6.0807	-12.118	-6.4277	-7.0411	2.9614	-1.2579	-3.2975	-0.36839	1.0744	1.7017	-2.7779	0.8642	1.1331	-23.351	-240.37	237.66	68.475	-69.606	122.71	143.61	-43.175	-80.703	-55.722	-71.609	-16.281	-8.1386	33.559
-6.4774	-1.4038	-5.1867	-6.3645	-6.1529	1.9747	-0.0028115	-4.5368	-0.40847	1.5355	1.9576	-1.5368	1.5945	1.1957	-27.95	-299.38	277.26	2.5298	35.53	-39.469	50.203	-49.571	-1.6032	18.445	10.235	49.645	29.214	2.5047
-5.016	-2.599	8.5975	-1.3269	-4.6841	2.0635	3.9007	-0.86434	-1.0409	2.8202	1.4547	-2.3076	-1.2214	0.31426	58.456	-47.809	551.37	201.5	58.75	3.5512	156.14	146.9	-25.296	51.386	-20.115	-30.835	-112.64	-35.257
-3.9509	4.5415	14.591	-1.7737	-6.3647	-0.48941	5.6769	-3.3651	-2.7141	5.943	0.73615	1.0226	-1.494	0.16524	42.605	285.62	239.74	-17.871	-67.224	-102.11	71.048	-100.03	-66.928	124.91	-28.742	133.21	-10.904	-5.9605
-3.3297	5.9881	15.076	-2.0718	-6.8184	-1.1893	4.0879	-2.9067	-3.398	6.0453	0.80033	0.46126	0.49927	0.84081	24.848	57.865	19.38	-11.924	-18.149	-27.998	-63.561	18.335	-27.356	4.094	2.5672	-22.452	79.73	27.023
-3.0172	9.5656	15.22	-3.8639	-7.9273	0.67588	3.3697	-2.948	-3.5172	5.1333	0.29208	1.9065	-0.25903	1.3149	12.5	143.1	5.7693	-71.686	-44.354	74.609	-28.728	-1.65	-4.7701	-36.481	-20.33	57.81	-30.332	18.965
-3.2985	9.4139	15.35	-5.144	-7.6153	1.2398	3.7128	-2.2089	-4.0716	4.0115	1.1539	1.9775	-0.46728	1.5193	-11.254	-6.0675	5.1909	-51.204	12.478	22.557	13.724	29.56	-22.176	-44.872	34.474	2.8407	-8.3299	8.1737
-4.0104	1.0829	16.417	-4.4122	-8.9369	2.0047	5.0419	-2.0788	-3.2445	2.3633	2.4272	0.41769	0.26951	0.83022	-28.476	-333.24	42.711	29.273	-52.865	30.597	53.163	5.2071	33.083	-65.926	50.93	-62.393	29.472	-27.562
-5.8805	-29.521	14.506	1.3315	-9.3263	4.1805	5.9711	-0.015964	-0.87116	1.3627	3.7387	-1.6238	1.4257	-0.32671	-74.803	-1224.2	-76.44	229.75	-15.574	87.028	37.166	82.512	94.935	-40.027	52.461	-81.66	46.249	-46.277
-7.5789	-50.082	9.6086	9.6413	-4.1476	5.8463	4.5019	1.0408	-0.96531	-1.3558	1.1467	-1.4274	3.2052	1.8531	-67.936	-822.42	-195.91	332.4	207.15	66.635	-58.766	42.27	-3.7662	-108.74	-103.68	7.857	71.18	87.193
-7.9861	-54.693	8.0909	10.412	-1.5517	3.8024	3.4525	1.6124	-0.87956	-2.1632	1.4765	-0.61417	1.8278	0.47318	-16.289	-184.46	-60.708	30.807	103.84	-81.758	-41.978	22.863	3.4302	-32.294	13.192	32.529	-55.097	-55.197
-8.4079	-53.802	6.0442	8.6151	-1.515	4.9046	2.8394	1.5436	0.76503	-1.0169	0.3144	0.13058	0.73883	-0.18018	-16.87	35.633	-81.867	-71.855	1.4681	44.09	-24.521	-2.7499	65.783	45.85	-46.485	29.79	-43.56	-26.134
-8.8317	-56.684	3.9272	8.7291	-0.94197	6.1666	3.8005	1.4157	1.8864	-0.50265	1.2806	-1.2815	0.36036	-0.5086	-16.953	-115.28	-84.683	4.5587	22.921	50.479	38.441	-5.117	44.857	20.571	38.648	-56.483	-15.139	-13.137
-9.3139	-56.474	1.4793	6.4042	-0.36408	6.9167	4.0713	2.4137	0.58962	-1.4788	1.029	-0.28646	0.1689	-0.66955	-19.288	8.4074	-97.916	-92.995	23.116	30.003	10.835	39.919	-51.873	-39.045	-10.065	39.802	-7.6584	-6.438
-5.892	-2.2385	-14.532	-5.861	-0.19507	9.6498	5.393	-0.78125	-1.7019	-1.5587	1.6818	-2.2647	2.3203	-0.11805	136.88	2169.4	-640.47	-490.61	6.7603	109.32	52.868	-127.8	-91.659	-3.1977	26.114	-79.131	86.054	22.06
-5.4766	17.027	-12.123	-5.2047	1.4144	8.6196	4.7135	-0.17791	-0.89114	-1.1319	1.6319	-3.1041	1.6175	-0.23176	16.615	770.62	96.366	26.251	64.381	-41.207	-27.181	24.133	32.429	17.071	-1.9963	-33.577	-28.112	-4.5482
-5.5084	3.8076	-7.9442	4.1736	7.7557	-0.49938	0.89507	1.2926	0.68788	-1.0586	1.9236	-0.013211	0.79403	0.22904	-1.2728	-528.78	167.16	375.13	253.65	-364.76	-152.74	58.82	63.161	2.9321	11.665	123.64	-32.937	18.432
-5.3028	0.9498	-2.9562	2.8618	7.4397	-2.9969	1.8744	1.5593	0.41044	1.8701	0.60044	0.62081	1.9879	0.28972	8.2253	-114.31	199.52	-52.473	-12.638	-99.9	39.172	10.669	-11.098	117.15	-52.925	25.361	47.753	2.4273
-4.9402	6.234	-2.5101	1.6959	7.0303	-2.5002	0.35651	2.1431	0.061042	2.2008	0.57752	0.76679	1.9252	0.03496	14.502	211.37	17.845	-46.633	-16.377	19.865	-60.714	23.35	-13.976	13.226	-0.91664	5.839	-2.506	-10.19
-4.5661	10.555	-1.8998	0.75268	6.353	-2.4488	-0.081845	1.9922	0.069325	2.1319	0.13477	1.2129	1.5417	0.36159	14.967	172.85	24.414	-37.73	-27.091	2.058	-17.534	-6.0354	0.3313	-2.756	-17.71	17.845	-15.342	13.065
-4.2439	15.16	-2.308	-0.16913	6.5155	-2.2819	-1.1287	1.622	0.34247	1.2273	0.28338	1.3737	1.9231	0.32953	12.887	184.18	-16.329	-36.872	6.5002	6.6741	-41.873	-14.807	10.926	-36.181	5.9443	6.4311	15.257	-1.2822
-3.9746	18.624	-1.8836	-1.3515	6.6799	-1.9139	-1.7213	0.94383	0.17588	1.0152	-0.32388	1.6597	2.0081	0.067251	10.771	138.56	16.976	-47.293	6.5755	14.722	-23.704	-27.127	-6.6636	-8.487	-24.29	11.439	3.402	-10.491
-3.64	21.774	-1.645	-1.6393	6.3318	-1.7282	-1.8734	-0.38398	0.18271	0.50407	-1.4045	2.0447	2.2419	-0.09669	13.387	126.02	9.5449	-11.516	-13.922	7.4283	-6.086	-53.112	0.27286	-20.444	-43.226	15.4	9.3516	-6.5577
-3.3	21.681	0.22229	-1.948	5.9604	-1.1309	-2.0991	-1.6883	0.27833	0.05669	-2.1155	1.3883	2.6894	0.090026	13.6	-3.7378	74.691	-12.346	-14.857	23.892	-9.0282	-52.173	3.8251	-17.895	-28.438	-26.256	17.897	7.4687
-3.125	21.769	1.0993	-2.1497	5.7901	-0.59651	-2.1264	-3.1435	0.052481	0.31491	-3.3755	0.98879	2.7147	0.24193	6.9987	3.5455	35.079	-8.0696	-6.8129	21.375	-1.0906	-58.209	-9.0341	10.329	-50.402	-15.979	1.0143	6.0763
-3.0554	19.387	2.8852	-3.0839	5.6692	0.20539	-2.3228	-2.8405	-1.0954	1.2772	-4.1721	1.0168	2.2426	0.39923	2.7833	-95.277	71.436	-37.365	-4.8362	32.076	-7.8575	12.121	-45.916	38.49	-31.862	1.1223	-18.886	6.292
-3.1159	15.093	4.417	-2.7249	6.4007	-0.048992	-2.0159	-3.3994	-0.6804	1.0497	-4.2476	0.84163	2.0181	0.22819	-2.4178	-171.78	61.271	14.358	29.259	-10.175	12.276	-22.357	16.6	-9.0981	-3.0199	-7.0086	-8.9778	-6.8418
-3.2651	10.951	5.8593	-2.2823	6.9803	-0.19879	-1.2749	-3.386	-0.92883	1.5529	-4.5631	0.41675	2.3269	0.25496	-5.9691	-165.66	57.693	17.703	23.184	-5.992	29.643	0.53654	-9.9373	20.126	-12.623	-16.995	12.353	1.0709
-3.6115	5.7177	5.927	-1.3249	8.719	0.29804	-2.0913	-2.4336	-1.801	2.0903	-3.6338	-0.6635	2.2045	0.073287	-13.858	-209.35	2.7079	38.296	69.551	19.873	-32.659	38.096	-34.887	21.496	37.173	-43.21	-4.8969	-7.267
-4.2434	8.4275	-4.9289	5.2143	6.8772	3.1298	-3.4494	-1.2994	0.23384	-2.009	-1.5208	-0.9601	1.45	-0.40819	-25.273	108.39	-434.24	261.57	-73.674	113.27	-54.324	45.368	81.394	-163.97	84.519	-11.864	-30.18	-19.259
-4.0362	15.549	-19.747	3.7606	5.6519	2.8976	-0.28871	2.1902	1.1308	-2.034	-1.4373	-2.155	1.6452	0.34407	8.287	284.86	-592.71	-58.147	-49.011	-9.2877	126.43	139.59	35.877	-0.99908	3.3419	-47.796	7.806	30.091
-3.4525	18.816	-29.977	-0.3428	3.3784	2.3751	-0.21314	1.9527	1.6591	-0.076344	1.6762	-0.36178	1.4858	-0.12443	23.349	130.66	-409.22	-164.14	-90.939	-20.899	3.023	-9.4995	21.135	78.305	124.54	71.729	-6.3726	-18.74
-3.2009	17.682	-33.595	-1.5372	0.8833	-1.3622	-0.43844	2.2673	2.323	0.2411	1.87	-1.5664	0.42647	-0.59102	10.061	-45.339	-144.69	-47.776	-99.805	-149.49	-9.012	12.583	26.557	12.698	7.7534	-48.185	-42.375	-18.664
-3.2446	18.897	-31.238	3.097	1.1711	-1.0444	0.62385	3.7304	3.0173	-0.11089	3.1094	-1.2056	0.79787	-0.28879	-1.7474	48.598	94.262	185.37	11.51	12.713	42.491	58.523	27.772	-14.079	49.575	14.431	14.856	12.089
-3.2518	13.863	-33.278	-0.37266	0.99029	-1.7103	0.62773	3.2049	2.2818	-0.99297	3.9114	-1.2512	1.0805	-0.46074	-0.28809	-201.38	-81.616	-138.78	-7.2308	-26.634	0.15543	-21.019	-29.423	-35.284	32.081	-1.8237	11.305	-6.878
-3.1242	16.093	-33.219	1.2498	0.96506	-3.1927	0.85871	2.8808	1.4632	0.95268	4.7109	-1.7375	0.75027	-1.0664	5.1068	89.236	2.3916	64.9	-1.0094	-59.297	9.2393	-12.963	-32.742	77.826	31.977	-19.45	-13.209	-24.225
-3.2985	15.507	-31.052	1.295	1.1223	-2.492	1.3007	1.2445	0.49539	-1.1649	2.482	-1.8228	1.1834	-2.0154	-6.9726	-23.459	86.678	1.808	6.2885	28.026	17.68	-65.455	-38.713	-84.703	-89.155	-3.4142	17.327	-37.964
-3.9248	12.347	-26.184	1.7052	2.9541	-2.7835	2.2493	1.7675	-0.0087559	-1.2218	2.9341	-2.1334	0.99084	-1.9034	-25.051	-126.41	194.7	16.408	73.274	-11.66	37.946	20.92	-20.166	-2.2771	18.083	-12.423	-7.7044	4.4818
-4.5777	8.3018	-14.647	2.0422	5.5036	-0.48116	1.9031	1.5998	-0.055638	-0.40119	2.9328	-1.3186	0.42813	-0.63734	-26.117	-161.79	461.5	13.479	101.98	92.095	-13.848	-6.705	-1.8753	32.826	-0.049892	32.593	-22.508	50.642
-3.6871	17.772	4.9927	0.02487	2.919	-1.9205	0.70915	-1.7328	0.48005	1.3098	0.28196	-0.14657	0.25781	-0.020156	35.624	378.83	785.57	-80.694	-103.38	-57.574	-47.76	-133.3	21.428	68.44	-106.03	46.88	-6.8127	24.687
-2.9766	19.007	9.716	-3.4735	3.0623	-2.2595	-1.5625	-2.5965	-2.2838	3.1345	-1.6888	0.76733	-2.3807	1.9266	28.418	49.382	188.93	-139.93	5.7292	-13.56	-90.865	-34.547	-110.55	72.988	-78.831	36.556	-105.54	77.869
-2.743	17.731	11.051	-3.4038	1.1086	-1.2945	-1.8557	-2.6311	-1.4621	1.4917	-0.19949	-0.67467	-3.0508	2.6019	9.3456	-51.022	53.421	2.7871	-78.146	38.601	-11.729	-1.3834	32.866	-65.715	59.573	-57.68	-26.804	27.011
-2.8795	19.693	8.3864	-1.0301	-1.3388	-0.83543	-1.0075	-2.4457	-0.97406	2.4624	-1.0364	-1.1758	-4.1681	2.563	-5.4622	78.46	-106.6	94.949	-97.897	18.363	33.93	7.4123	19.523	38.831	-33.475	-20.043	-44.69	-1.5559
-3.0557	13.796	10.646	-0.34957	-2.8528	0.45961	-0.72695	-1.0186	-1.7145	3.3029	-1.354	-2.221	-4.8125	2.1923	-7.0452	-235.89	90.375	27.22	-60.558	51.802	11.221	57.085	-29.618	33.618	-12.706	-41.808	-25.779	-14.828
-3.2297	5.6293	12.52	2.1409	-4.3338	1.9062	0.034579	-1.6054	-0.47704	2.5719	-1.2234	-2.8693	-4.9487	1.099	-6.9634	-326.66	74.963	99.618	-59.24	57.862	30.461	-23.469	49.5	-29.241	5.2261	-25.932	-5.4476	-43.732
-3.5098	-3.6353	14.429	3.2628	-4.1948	2.0884	-1.2175	-0.34824	1.8701	-0.37161	-1.557	-2.1071	-5.3749	1.3411	-11.202	-370.58	76.351	44.876	5.5578	7.2902	-50.082	50.285	93.886	-117.74	-13.344	30.487	-17.046	9.6864
-3.8007	-6.9826	14.798	3.1717	-3.0462	0.52383	-1.5197	-0.024299	3.2558	-2.5192	-1.2885	-1.8071	-4.5055	1.6455	-11.636	-133.89	14.779	-3.6413	45.947	-62.583	-12.091	12.958	55.429	-85.904	10.739	12.001	34.776	12.177
-3.9635	-8.9522	14.918	4.0733	-3.0231	0.19491	-1.4316	0.40448	3.7649	-2.9269	-2.1907	-1.5099	-3.6899	1.2299	-6.5128	-78.785	4.7918	36.06	0.9209	-13.157	3.5264	17.151	20.363	-16.306	-36.088	11.885	32.624	-16.627
-4.0496	-13.639	15.481	5.3816	-2.2584	0.17622	-2.0998	1.0923	2.9495	-3.0426	-1.6264	-1.3388	-3.3221	0.80766	-3.4433	-187.48	22.51	52.332	30.589	-0.74796	-26.73	27.513	-32.618	-4.6303	22.572	6.8442	14.713	-16.888
-4.2249	-18.211	15.333	7.0689	-1.6457	0.19053	-1.1482	-0.13542	2.0266	-1.869	-2.0402	-1.2152	-3.1303	0.023423	-7.0126	-182.89	-5.8959	67.495	24.51	0.57269	38.064	-49.109	-36.913	46.946	-16.551	4.9452	7.6704	-31.369
-4.7171	-21.511	9.4389	12.337	-3.9832	3.8825	0.18824	-1.2907	-0.52791	-1.977	0.25119	-2.8673	-1.4842	-1.5986	-19.688	-131.97	-235.78	210.72	-93.501	147.68	53.459	-46.21	-102.18	-4.3215	91.655	-66.086	65.845	-64.883
-5.8191	-20.777	-6.3811	17.408	-2.8822	4.6559	2.9954	-1.9096	0.36452	-2.6517	1.0986	-4.5638	-1.2932	-1.3047	-44.08	29.334	-632.8	202.83	44.039	30.937	112.29	-24.757	35.697	-26.989	33.898	-67.86	7.6386	11.758
-6.0313	-16.48	-18.072	14.088	-6.9024	2.803	3.3086	0.59854	3.9947	-3.3533	2.7414	-3.7294	0.71434	0.10137	-8.4874	171.9	-467.63	-132.8	-160.81	-74.118	12.525	100.33	145.21	-28.063	65.71	33.379	80.301	56.242
-4.839	-7.2994	-25.785	9.1982	-9.2993	1.1966	6.3085	-1.0806	2.0668	-2.1925	2.3479	-2.5264	2.5154	0.19573	47.693	367.22	-308.5	-195.58	-95.874	-64.255	120	-67.166	-77.113	46.431	-15.741	48.118	72.043	3.7745
-4.481	-1.4019	-32.573	6.1416	-7.1711	-3.772	4.9228	-1.8575	1.504	2.2512	1.8275	-0.9801	2.1794	-1.511	14.317	235.9	-271.55	-122.26	85.125	-198.75	-55.425	-31.077	-22.515	177.75	-20.816	61.853	-13.44	-68.268
-4.8352	3.0881	-23.971	1.4754	-3.421	-2.8358	6.0729	1.2761	-1.4812	1.5936	3.2044	-2.581	0.82038	-0.60204	-14.165	179.6	344.1	-186.65	150.01	37.451	46.002	125.34	-119.41	-26.305	55.076	-64.036	-54.362	36.357
-7.3	-23.926	-17.95	-2.4417	-3.5908	-0.010818	4.2347	0.10463	-2.0861	1.0283	5.5538	-0.80348	0.30924	0.69132	-98.595	-1080.6	240.81	-156.69	-6.7932	113	-73.527	-46.857	-24.196	-22.612	93.976	71.101	-20.446	51.735
-10.824	-54.292	-14.613	0.55236	-4.9808	0.94125	2.0791	1.1383	0.49006	-0.25617	1.291	-1.3047	2.0936	0.58832	-140.97	-1214.6	133.51	119.76	-55.6	38.083	-86.223	41.348	103.04	-51.38	-170.51	-20.05	71.376	-4.1201
-11.791	-56.95	-12.35	-0.38268	-8.658	1.7206	1.6122	-0.37766	-0.3282	-0.090557	1.8945	-1.6091	2.6128	0.88886	-38.685	-106.32	90.489	-37.402	-147.09	31.175	-18.678	-60.64	-32.73	6.6244	24.143	-12.173	20.766	12.022
-11.022	-45.643	-10.78	0.043248	-8.1017	-0.66275	1.3077	-1.1691	-0.74975	1.1357	3.4462	0.31558	1.8884	-1.347	30.775	452.28	62.816	17.037	22.252	-95.335	-12.179	-31.656	-16.862	49.052	62.068	76.985	-28.977	-89.434
-6.1614	-26.089	-0.075193	3.0912	-5.1333	2.1813	3.8483	1.5734	0.51233	-1.2629	1.6809	0.046527	1.9468	-1.1133	194.42	782.13	428.19	121.92	118.74	113.76	101.62	109.7	50.483	-95.947	-70.614	-10.762	2.3353	9.3487
-4.5237	-2.598	13.666	2.6507	-4.4646	-4.5445	1.6228	5.2615	-0.92139	-2.7158	-0.71652	-0.77058	2.2377	-0.73001	65.507	939.65	549.66	-17.621	26.748	-269.03	-89.018	147.52	-57.349	-58.113	-95.896	-32.684	11.638	15.331
-3.8208	-0.036461	15.067	1.5801	-4.0293	-6.0458	-0.192	5.7577	-1.83	-2.2924	-1.1582	-0.87588	1.0731	-0.95091	28.118	102.46	56.041	-42.824	17.413	-60.049	-72.593	19.849	-36.342	16.934	-17.666	-4.212	-46.587	-8.8358
-3.4575	3.2944	14.568	2.7454	-5.2178	-6.9556	0.65464	5.009	-1.1539	-2.6999	-1.6321	-0.77281	0.78382	-0.47546	14.532	133.23	-19.952	46.613	-47.539	-36.392	33.866	-29.949	27.041	-16.299	-18.956	4.123	-11.569	19.018
-3.3295	3.4113	14.966	2.4921	-5.4576	-5.8738	0.15088	4.7812	-0.67704	-2.7534	-2.3433	0.22926	0.49227	-0.76706	5.1198	4.6757	15.901	-10.135	-9.5932	43.272	-20.15	-9.1105	19.075	-2.1402	-28.448	40.083	-11.662	-11.664
-3.4452	1.3822	15.507	2.1802	-5.5169	-5.3831	1.1395	3.6573	0.1464	-2.6267	-3.2059	0.68281	0.15442	-1.1981	-4.6271	-81.161	21.638	-12.474	-2.3703	19.628	39.546	-44.959	32.938	5.0661	-34.504	18.142	-13.514	-17.242
-3.996	-2.8808	14.693	3.0923	-4.42	-5.2504	1.2251	4.6108	1.0111	-2.3887	-4.2164	-0.05412	0.66409	-1.7601	-22.033	-170.52	-32.549	36.483	43.876	5.3072	3.4217	38.142	34.589	9.5222	-40.423	-29.477	20.387	-22.48
-5.1774	-20.561	13.644	4.0741	-5.8852	-3.0297	2.5445	4.5358	1.318	-1.6462	-2.6947	-1.3331	1.986	-1.752	-47.257	-707.2	-41.97	39.273	-58.608	88.828	52.776	-3.0023	12.276	29.699	60.87	-51.159	52.876	0.32474
-7.3778	-45.45	11.193	8.6402	-3.593	1.4571	3.2256	3.6029	0.74989	-1.0057	-0.89018	-1.8869	1.7229	-1.1792	-88.013	-995.55	-98.032	182.64	91.686	179.47	27.246	-37.313	-22.726	25.622	72.181	-22.153	-10.523	22.912
-8.1316	-50.754	7.5642	9.7753	-3.149	1.428	4.7425	4.8945	0.45393	-2.3792	-1.6174	-2.6146	2.2065	-0.45884	-30.152	-212.16	-145.16	45.404	17.76	-1.1639	60.673	51.663	-11.838	-54.94	-29.09	-29.109	19.344	28.814
-8.6786	-57.862	4.5179	10.997	-2.6693	3.8405	5.0473	4.1931	0.005909	-3.1288	-0.25597	-2.7156	2.0567	0.70949	-21.883	-284.32	-121.85	48.883	19.188	96.5	12.195	-28.057	-17.921	-29.985	54.459	-4.0394	-5.9919	46.733
-9.2237	-60.875	3.3104	8.4551	-0.98247	6.1297	2.999	2.8087	0.76379	-2.674	0.11232	-1.3634	2.406	-0.22292	-21.802	-120.55	-48.3	-101.69	67.474	91.567	-81.933	-55.375	30.315	18.192	14.731	54.089	13.973	-37.296
-6.7953	1.3463	-5.6044	-1.8809	-5.7755	2.9813	4.1907	-1.1156	-0.23477	0.45916	4.198	-0.64442	0.56339	-0.88201	97.135	2488.9	-356.59	-413.44	-191.72	-125.94	47.666	-156.97	-39.943	125.33	163.43	28.759	-73.706	-26.364
-4.6687	10.544	-0.96243	0.59689	-2.3091	3.6482	3.7415	-1.8352	-1.5069	-0.73708	2.5039	-1.516	0.10735	-1.567	85.066	367.91	185.68	99.11	138.66	26.676	-17.966	-28.781	-50.883	-47.85	-67.765	-34.864	-18.241	-27.401
-3.399	16.785	3.6651	-2.1593	8.3537	-0.37884	-1.0993	-0.33822	-1.3645	0.076515	-3.0124	-0.069859	-0.76772	0.14737	50.786	249.66	185.1	-110.25	426.51	-161.08	-193.63	59.878	5.6934	32.544	-220.65	57.847	-35.003	68.576
-2.9603	20.608	-0.48878	0.33036	9.7893	-0.42538	-2.6621	-0.43337	-1.7427	-0.88683	-4.5765	2.4251	-0.78185	1.2671	17.548	152.92	-166.15	99.585	57.424	-1.8615	-62.514	-3.8059	-15.126	-38.534	-62.56	99.8	-0.56494	44.791
-3.003	16.972	-0.9904	2.3417	8.5147	0.3653	-3.9725	1.4521	-2.4474	-1.0751	-3.6425	1.8037	-0.57724	0.71785	-1.7083	-145.45	-20.065	80.453	-50.983	31.627	-52.416	75.421	-28.191	-7.5311	37.357	-24.856	8.1842	-21.972
-3.2805	15.731	-1.643	2.5809	9.1468	-0.50225	-4.09	2.556	-2.4874	-1.6953	-2.5474	0.63639	-0.16029	-0.13331	-11.101	-49.631	-26.105	9.568	25.283	-34.702	-4.6991	44.155	-1.5984	-24.807	43.806	-46.694	16.678	-34.046
-3.5785	14.325	-1.5589	2.3669	8.8631	-0.48342	-4.1728	2.8143	-2.0074	-1.0769	-2.6314	0.99911	-0.43631	-0.36893	-11.917	-56.274	3.3643	-8.5592	-11.346	0.7534	-3.3128	10.331	19.199	24.736	-3.3628	14.509	-11.041	-9.4246
-4.0131	9.5782	-1.989	3.3707	8.4181	-0.16704	-4.3695	3.1876	-1.6709	-1.3892	-2.3363	0.86547	0.05173	-0.96408	-17.385	-189.85	-17.205	40.153	-17.803	12.655	-7.8659	14.933	13.46	-12.492	11.804	-5.3455	19.522	-23.806
-4.7484	3.2177	-2.2519	3.0626	8.825	-0.94757	-3.8877	3.4838	-0.95539	-1.7335	-1.9753	1.3983	-1.0302	-1.1382	-29.412	-254.42	-10.515	-12.325	16.279	-31.221	19.271	11.846	28.621	-13.772	14.44	21.312	-43.276	-6.9652
-5.8683	-11.767	-4.5587	4.4211	8.9523	-0.22893	-1.9706	3.0381	0.75153	-2.2274	-2.2057	1.1127	-0.9267	-1.5409	-44.797	-599.38	-92.271	54.338	5.0906	28.746	76.683	-17.825	68.277	-19.756	-9.2162	-11.424	4.1388	-16.108
-7.399	-33.004	-3.464	4.611	9.2879	0.22479	-0.20002	1.761	2.802	-2.8293	-1.3753	1.7974	-1.3367	-2.9007	-61.229	-849.5	43.786	7.5963	13.424	18.149	70.825	-51.084	82.019	-24.074	33.218	27.388	-16.398	-54.39
-8.6439	-51.481	-2.4518	7.5643	8.836	3.9815	-1.2556	1.2731	1.8305	-2.6259	-1.1586	1.5659	-0.51881	-2.9411	-49.797	-739.08	40.487	118.13	-18.076	150.27	-42.221	-19.519	-38.862	8.1362	8.6683	-9.2616	32.714	-1.6187
-9.5314	-59.328	-0.80122	8.4384	3.9702	4.7596	0.0076787	1.5943	2.3078	-1.6847	-0.53194	0.14524	-0.75333	-3.1916	-35.497	-313.88	66.025	34.966	-194.63	31.122	50.529	12.848	19.096	37.646	25.065	-56.825	-9.3807	-10.02
-10.371	-66.058	-2.0311	9.9151	1.2934	5.4732	2.4876	3.5124	1.2968	-2.3541	0.84969	-1.0641	0.059762	-2.1737	-33.578	-269.19	-49.194	59.069	-107.07	28.546	99.196	76.726	-40.442	-26.776	55.265	-48.372	32.524	40.717
-10.897	-58.797	-3.0291	0.85033	-4.02	8.9146	4.5647	-0.010852	0.93971	1.6594	2.4314	-2.5155	0.22145	0.26189	-21.04	290.43	-39.921	-362.59	-212.53	137.66	83.086	-140.93	-14.283	160.54	63.269	-58.057	6.4676	97.423
-6.7342	-17.847	-3.3598	-11.983	-9.8333	0.13672	6.7985	-2.7346	0.72899	-2.0305	1.6148	-1.4242	-1.1053	0.039037	166.51	1638	-13.229	-513.34	-232.53	-351.12	89.352	-108.95	-8.4287	-147.6	-32.665	43.653	-53.07	-8.9142
-5.2671	2.9341	0.27632	-10.718	-11.493	-0.1236	6.4192	-3.9202	-0.76034	-2.5923	2.3615	-0.53405	-0.27776	-0.082645	58.683	831.25	145.44	50.626	-66.384	-10.412	-15.175	-47.424	-59.573	-22.474	29.869	35.605	33.101	-4.8673
-5.2611	5.4195	6.3057	-5.1085	-10.631	0.2189	5.8172	-3.7559	-2.1445	-4.3524	3.7528	0.5003	0.7251	-1.9049	0.24033	99.415	241.18	224.36	34.485	13.7	-24.078	6.5721	-55.367	-70.403	55.651	41.374	40.114	-72.89
-5.9367	-3.4799	0.68902	-4.7855	-5.5977	2.3536	4.9264	-0.43261	-2.4183	-3.0429	3.2654	0.81119	1.9896	-0.22689	-27.025	-355.97	-224.67	12.919	201.32	85.387	-35.634	132.93	-10.951	52.38	-19.496	12.436	50.58	67.12
-4.6861	-0.87312	8.8877	-2.3793	-6.6278	2.0738	6.3984	0.23744	-3.3255	-3.6882	1.0558	-0.35063	0.97913	-1.3067	50.024	104.27	327.95	96.247	-41.206	-11.192	58.882	26.802	-36.288	-25.812	-88.383	-46.473	-40.418	-43.192
-3.4808	3.2668	15.974	-2.944	-8.6391	0.033777	6.4938	-1.7521	-4.6054	-1.2205	-0.18599	-0.53136	0.7336	-0.84367	48.212	165.6	283.44	-22.587	-80.45	-81.6	3.8141	-79.583	-51.197	98.711	-49.672	-7.2292	-9.8211	18.521
-2.7454	8.7838	19.313	-4.9178	-10.813	-0.10019	6.9378	-3.5376	-6.2476	1.2936	0.4021	-0.87095	0.711	-0.16661	29.415	220.68	133.58	-78.95	-86.947	-5.3588	17.76	-71.419	-65.688	100.56	23.524	-13.584	-0.90405	27.082
-2.2888	16.345	18.49	-7.8489	-10.508	-0.13057	6.9014	-5.9437	-5.8673	3.399	0.33777	0.71259	-0.5245	-0.065442	18.266	302.44	-32.931	-117.25	12.182	-1.215	-1.455	-96.244	15.212	84.214	-2.5734	63.342	-49.42	4.0468
-1.9218	21.527	17.088	-9.4838	-8.8741	-0.12194	4.589	-6.6911	-4.1529	4.2788	0.5573	0.92919	-0.34102	0.28302	14.678	207.3	-56.094	-65.394	65.362	0.34493	-92.496	-29.896	68.578	35.194	8.7812	8.6639	7.3391	13.938
-1.6629	27.34	15.069	-10.595	-7.8213	0.15025	1.7242	-5.9947	-2.6373	4.3348	-0.33342	2.1802	-0.59763	0.97018	10.354	232.49	-80.726	-44.434	42.114	10.888	-114.59	27.858	60.622	2.2404	-35.629	50.042	-10.264	27.487
-1.5546	27.431	14.441	-11.023	-5.3061	-0.36876	-1.2372	-4.514	-1.8515	4.6627	-0.82581	2.5397	-0.59594	0.98554	4.3345	3.6358	-25.147	-17.115	100.61	-20.761	-118.46	59.227	31.432	13.114	-19.696	14.378	0.067489	0.61431
-1.6359	29.215	12.573	-10.43	-3.8779	-0.42486	-2.7197	-3.9994	-1.5072	4.4605	-0.90282	2.5087	-0.76	1.5634	-3.253	71.361	-74.722	23.687	57.128	-2.2439	-59.3	20.582	13.774	-8.0882	-3.0804	-1.2381	-6.5624	23.115
-1.8452	29.496	10.49	-8.4152	-2.4756	-0.3024	-4.0112	-3.1246	-0.8045	3.5248	-1.0957	2.11	-0.05925	0.65759	-8.3707	11.247	-83.288	80.606	56.09	4.8983	-51.66	34.994	28.107	-37.428	-7.7148	-15.951	28.03	-36.233
-2.1301	28.437	9.2262	-7.5857	-0.58113	-0.87577	-4.0721	-2.8633	-0.13407	2.6341	-1.5756	1.4844	0.18265	0.95413	-11.398	-42.369	-50.571	33.178	75.78	-22.935	-2.4361	10.452	26.817	-35.625	-19.195	-25.022	9.6761	11.861
-2.3515	28.667	7.2174	-6.9228	0.37979	-0.85925	-4.3781	-2.5483	0.22027	1.1978	-2.1495	1.3119	0.28989	0.82096	-8.8568	9.2158	-80.352	26.516	38.437	0.66113	-12.239	12.598	14.174	-57.455	-22.956	-6.9015	4.2897	-5.3265
-2.4648	28.558	5.1546	-5.9763	1.5979	-0.51274	-4.6081	-1.7333	-0.1553	0.33944	-3.3599	1.8699	-0.3667	1.2893	-4.5299	-4.3549	-82.512	37.862	48.724	13.86	-9.2013	32.601	-15.023	-34.333	-48.418	22.321	-26.264	18.733
-2.6337	28.966	3.5726	-6.0817	3.0226	-0.40778	-4.1996	-2.0056	-0.4756	-0.57096	-4.3352	2.0964	-0.88366	0.85496	-6.7569	16.324	-63.279	-4.2162	56.987	4.1983	16.342	-10.892	-12.812	-36.416	-39.013	9.0606	-20.678	-17.374
-2.5745	32.119	-0.75165	-5.6561	6.9183	-3.0371	-3.3646	-1.8341	-0.82454	-0.22148	-5.4275	2.778	-1.0831	-0.098207	2.3665	126.13	-172.97	17.025	155.83	-105.17	33.398	6.8581	-13.958	13.979	-43.692	27.263	-7.977	-38.127
-2.9516	31.496	-3.6556	-5.9536	8.8629	-3.9205	-2.1557	-2.3413	-1.9177	-0.78763	-6.0271	1.8301	-0.97727	-0.41819	-15.082	-24.955	-116.16	-11.904	77.785	-35.335	48.359	-20.286	-43.726	-22.646	-23.981	-37.917	4.2323	-12.799
-3.6366	-0.72766	-3.6058	-4.2337	9.2817	-4.8612	-4.0768	-4.2919	-2.194	-1.7019	-7.0312	1.8341	-0.59942	-1.3458	-27.402	-1288.9	1.9941	68.798	16.752	-37.627	-76.846	-78.023	-11.052	-36.571	-40.167	0.16105	15.114	-37.103
-7.4549	-44.188	-4.5079	1.4512	1.4068	1.1864	-2.9595	-0.80919	-1.7564	-4.6392	-2.8444	-1.6179	2.1656	-0.028661	-152.73	-1738.4	-36.084	227.39	-315	241.9	44.693	139.31	17.503	-117.49	167.47	-138.08	110.6	52.684
-11.047	-50.682	-9.4299	0.90758	-6.2486	2.9466	-0.28959	-1.2735	0.69386	-2.628	1.7798	-2.1438	0.37403	1.0271	-143.69	-259.79	-196.88	-21.744	-306.22	70.411	106.8	-18.572	98.011	80.449	184.97	-21.038	-71.664	42.23
-11.83	-66.331	-12.258	1.7588	-3.6929	2.5203	-0.006452	0.45283	4.0444	-0.23158	1.1719	0.30521	1.5883	0.32451	-31.309	-625.92	-113.11	34.049	102.23	-17.053	11.326	69.052	134.02	95.856	-24.317	97.961	48.571	-28.103
-11.832	-67.786	-11.627	1.2185	-5.1007	4.3871	0.79237	2.0688	3.0975	-0.32022	1.8261	-0.56435	2.4079	0.39604	-0.0825	-58.235	25.226	-21.613	-56.313	74.673	31.953	64.64	-37.878	-3.5456	26.167	-34.782	32.784	2.8614
-10.048	-49.122	-7.5176	-1.8905	-0.89563	2.8589	-1.2198	-0.44415	3.4936	0.02811	0.084428	-0.48324	0.42629	-0.76317	71.369	746.58	164.38	-124.36	168.2	-61.129	-80.488	-100.52	15.847	13.933	-69.665	3.2441	-79.264	-46.368
-7.4099	-31.02	3.6248	4.1411	0.35207	2.4775	1.3307	2.5146	1.3246	-2.6018	0.078697	-0.22663	-1.0548	-1.8439	105.52	724.09	445.7	241.26	49.908	-15.255	102.02	118.35	-86.763	-105.2	-0.22923	10.264	-59.243	-43.228
-6.0661	4.4505	-0.57352	0.96816	-5.4253	0.303	0.38538	0.51873	1.918	0.064349	1.8481	-0.54059	0.11635	0.52105	53.751	1418.8	-167.93	-126.92	-231.1	-86.981	-37.812	-79.834	23.737	106.65	70.776	-12.558	46.845	94.596
-4.1046	14.011	5.0053	1.7635	-6.4776	-1.7564	1.6153	-0.10096	-3.1997	0.3571	2.811	-0.5156	-0.15018	-0.029618	78.46	382.41	223.15	31.812	-42.09	-82.378	49.196	-24.787	-204.71	11.71	38.517	0.9995	-10.661	-22.027
-3.2021	22.275	5.9738	1.0274	-4.878	-1.8938	0.079564	0.083337	-4.366	2.2841	1.9406	0.75507	-0.78656	0.8072	36.098	330.55	38.741	-29.441	63.982	-5.496	-61.429	7.3717	-46.654	77.082	-34.818	50.827	-25.455	33.473
-2.8664	26.114	3.5171	0.20802	-1.6589	-1.2432	-2.2535	-1.0155	-3.3682	3.1317	2.0973	-0.081948	-1.3733	1.8585	13.428	153.57	-98.268	-32.777	128.77	26.027	-93.322	-43.953	39.914	33.903	6.2712	-33.481	-23.469	42.052
-2.7731	26.131	2.8707	1.13	0.019936	0.18236	-5.6342	1.5745	-2.7938	2.2744	0.77446	-1.5166	1.6901	0.90439	3.7348	0.69242	-25.857	36.88	67.152	57.021	-135.23	103.6	22.975	-34.291	-52.915	-57.386	122.54	-38.164
-2.6667	25.335	2.0805	2.2355	3.23	-1.3187	-5.4929	1.3002	-2.5276	1.5829	-1.1131	-0.76885	2.7228	0.035369	4.2535	-31.853	-31.609	44.22	128.4	-60.044	5.6526	-10.972	10.649	-27.663	-75.504	29.91	41.308	-34.761
-2.6063	21.433	1.7082	3.7909	4.8248	-1.6431	-4.6363	0.82196	-2.2053	0.62021	-2.7394	1.5493	3.119	-0.9547	2.4156	-156.07	-14.892	62.214	63.789	-12.975	34.266	-19.129	12.892	-38.506	-65.052	92.728	15.849	-39.603
-2.6893	20.04	1.5218	3.2372	5.7797	-2.2542	-4.8363	1.9777	-1.956	0.12766	-2.4432	2.0217	2.6725	-0.84363	-3.3195	-55.742	-7.4562	-22.147	38.199	-24.444	-8.001	46.228	9.9701	-19.702	11.848	18.892	-17.861	4.4427
-2.8189	18.821	1.7163	3.2995	5.609	-2.5711	-4.1918	1.7133	-1.1848	-1.0945	-1.5157	1.8924	2.581	-0.99589	-5.1822	-48.747	7.7793	2.4943	-6.8291	-12.678	25.779	-10.576	30.847	-48.887	37.102	-5.1686	-3.6582	-6.0901
-2.8068	19.356	1.5237	3.2371	5.4119	-2.4412	-3.3415	-0.57799	0.5801	-1.8958	-1.0012	1.3648	2.1821	-0.042641	0.48248	21.404	-7.7014	-2.4966	-7.8828	5.1979	34.012	-91.65	70.597	-32.052	20.579	-21.104	-15.956	38.13
-2.6774	17.886	3.6225	2.0466	5.553	-2.2001	-4.2208	-0.19486	-0.2417	-1.9187	-1.2022	1.3224	2.6116	-0.51902	5.1771	-58.816	83.95	-47.62	5.6416	9.6435	-35.172	15.325	-32.872	-0.915	-8.0384	-1.6964	17.178	-19.055
-2.5408	17.631	5.1709	1.2061	5.2151	-1.4694	-4.9318	-1.0106	-1.0396	-0.048431	-2.0411	1.4444	2.9011	-0.40664	5.464	-10.177	61.936	-33.622	-13.515	29.229	-28.438	-32.628	-31.917	74.81	-33.556	4.8781	11.581	4.4952
-2.6438	15.289	8.5215	-1.4416	4.5373	-0.77218	-4.3786	-2.7381	-0.54256	1.5211	-1.5062	0.96105	2.2062	0.24829	-4.1215	-93.694	134.02	-105.91	-27.112	27.889	22.13	-69.103	19.882	62.783	21.395	-19.333	-27.797	26.197
-3.1836	9.7925	11.383	-2.7629	2.782	0.4491	-2.2822	-3.9164	-1.1124	3.1361	-0.65183	0.8139	0.23053	0.82646	-21.59	-219.85	114.46	-52.851	-70.212	48.851	83.855	-47.132	-22.792	64.6	34.174	-5.8862	-79.026	23.127
-4.2431	-6.486	13.61	-1.2691	-0.91525	3.127	0.062418	-3.0561	-4.4021	2.8535	2.2037	-0.30808	1.2381	-1.4175	-42.381	-651.14	89.062	59.753	-147.89	107.11	93.783	34.412	-131.59	-11.304	114.22	-44.879	40.304	-89.757
-6.9031	-41.919	8.9414	5.904	-2.6346	4.3914	2.2883	0.79122	-1.8517	-0.57132	0.6319	-0.14324	1.4286	-1.4308	-106.4	-1417.3	-186.73	286.92	-68.772	50.578	89.037	153.89	102.02	-136.99	-62.87	6.5936	7.6193	-0.53198
-10.103	-66.281	-2.3195	8.3535	-1.9365	5.3409	3.4784	2.9108	1.3449	0.88968	1.1692	-2.6988	1.9408	0.71638	-128	-974.47	-450.44	97.983	27.922	37.981	47.603	84.784	127.86	58.44	21.493	-102.22	20.489	85.886
-12.607	-73.639	-11.062	4.9885	-4.5376	3.3988	1.5155	3.1492	1.9786	0.64954	3.8272	-0.98243	1.3482	0.0081204	-100.15	-294.34	-349.69	-134.6	-104.04	-77.685	-78.516	9.5348	25.351	-9.6057	106.32	68.656	-23.704	-28.33
-12.474	-71.577	-14.13	4.3179	-6.1468	3.0549	2.8416	2.9378	0.87806	-1.2439	2.0873	-0.73089	1.7476	0.22172	5.3216	82.501	-122.74	-26.82	-64.368	-13.755	53.043	-8.4566	-44.023	-75.739	-69.597	10.062	15.976	8.5439
-10.848	-56.403	-20.26	1.536	-4.9943	1.4886	1.9087	2.6719	1.849	-0.55044	2.9095	-0.81189	-0.29696	-1.514	65.029	606.95	-245.17	-111.28	46.101	-62.652	-37.314	-10.635	38.839	27.74	32.891	-3.2399	-81.784	-69.428
-8.9474	-32.244	-14.975	1.9504	-4.6749	4.3041	4.8276	3.0055	1.1354	1.324	3.4656	-0.68434	0.54037	-0.1897	76.04	966.34	211.39	16.573	12.776	112.62	116.76	13.343	-28.547	74.977	22.244	5.1021	33.493	52.971
-6.4792	3.7342	-6.7281	-5.6255	-9.4808	2.8563	2.1727	0.023975	-2.3683	0.12197	2.0002	-0.12688	1.0294	-0.44188	98.727	1439.1	329.88	-303.04	-192.24	-57.91	-106.2	-119.26	-140.14	-48.081	-58.616	22.298	19.561	-10.087
-6.1824	5.5184	-7.5426	-6.7389	-9.2378	3.6335	2.9176	0.17611	-2.964	-1.4331	2.1288	1.0132	1.2427	-0.28018	11.87	71.369	-32.582	-44.533	9.7187	31.089	29.795	6.0855	-23.83	-62.202	5.145	45.603	8.5333	6.468
-6.7206	-4.4313	-7.0976	-7.7747	-9.9632	3.8961	3.025	-0.39392	-2.8466	-0.59682	3.0101	0.61046	-0.45891	-1.5995	-21.526	-397.99	17.8	-41.434	-29.015	10.504	4.2989	-22.801	4.6974	33.45	35.248	-16.11	-68.066	-52.771
-5.1683	-1.6109	4.4198	-1.5718	-5.2689	3.7834	4.3938	0.65675	-1.1033	0.1324	2.2915	-0.91011	0.11169	-0.39106	62.091	112.82	460.69	248.12	187.77	-4.5114	54.75	42.027	69.729	29.169	-28.744	-60.823	22.824	48.336
-4.0792	4.4239	15.187	-2.8149	-5.8214	4.1189	6.4438	-4.8258	-4.6305	3.4123	1.1303	0.91421	-1.1258	1.3812	43.564	241.39	430.69	-49.725	-22.102	13.423	82	-219.3	-141.09	131.2	-46.445	72.973	-49.501	70.891
-3.4703	0.91026	14.278	-1.3471	-2.2751	3.9156	4.5473	-7.9273	-4.7969	4.7206	-0.12202	-0.48691	0.043019	1.7481	24.356	-140.55	-36.375	58.713	141.85	-8.1331	-75.858	-124.06	-6.6539	52.333	-50.095	-56.045	46.754	14.676
-3.1891	4.987	12.264	-2.2114	0.4993	2.9383	2.3035	-7.5429	-2.7268	4.5873	-1.7837	-1.377	0.92621	2.4457	11.246	163.07	-80.53	-34.573	110.98	-39.091	-89.753	15.373	82.802	-5.3317	-66.468	-35.605	35.328	27.904
-3.1048	7.5099	10.193	-2.5998	2.8144	2.3007	-0.14774	-6.4414	-0.58291	3.171	-4.0198	-0.6756	1.7225	2.198	3.3752	100.92	-82.851	-15.536	92.604	-25.506	-98.05	44.062	85.757	-56.651	-89.444	28.057	31.853	-9.909
-3.08	7.7033	8.9496	-2.7117	4.7127	1.9577	-1.896	-4.8347	-0.22684	1.7009	-5.0193	0.43367	1.5284	1.5467	0.9895	7.7377	-49.742	-4.4767	75.932	-13.718	-69.931	64.265	14.243	-58.806	-39.977	44.371	-7.7639	-26.051
-3.1249	8.162	7.6449	-2.5892	6.805	0.59574	-1.6952	-4.0193	0.22304	0.21676	-4.6088	0.69582	0.80218	1.353	-1.7963	18.345	-52.188	4.9009	83.693	-54.479	8.0316	32.615	17.995	-59.365	16.419	10.486	-29.05	-7.747
-3.2306	7.6489	5.8924	-0.78866	8.2944	-0.041818	-2.7981	-1.5381	-0.92468	0.2481	-4.5685	1.0608	0.57606	0.61959	-4.2287	-20.524	-70.1	72.021	59.575	-25.502	-44.115	99.25	-45.909	1.2535	1.6108	14.601	-9.0447	-29.338
-3.4336	7.4111	4.3357	-0.089544	9.1612	0.042466	-3.0209	-0.58146	-1.5424	0.25985	-3.7934	0.93591	0.34992	0.34291	-8.1198	-9.5124	-62.267	27.965	34.67	3.3714	-8.9121	38.266	-24.709	0.4702	31.003	-4.9969	-9.0459	-11.067
-3.7855	5.6189	3.5248	0.34726	9.7185	-0.41647	-1.3105	-0.61867	-1.0486	-0.48966	-3.6821	1.3066	-0.23267	0.76735	-14.072	-71.686	-32.435	17.472	22.292	-18.357	68.417	-1.4882	19.753	-29.981	4.4551	14.828	-23.303	16.978
-4.3935	6.2066	-0.82168	2.3105	8.5319	0.17456	-0.98881	-1.0837	2.0078	-1.8596	-3.4665	-0.35366	1.2799	-0.94967	-24.321	23.51	-173.86	78.531	-47.461	23.641	12.866	-18.6	122.26	-54.796	8.6234	-66.411	60.504	-68.681
-4.5774	7.9968	-13.952	6.4936	6.0874	0.7407	-0.43926	1.1647	1.0878	-2.7016	0.84462	-2.1308	0.26161	0.17061	-7.3572	71.608	-525.21	167.32	-97.781	22.646	21.982	89.936	-36.803	-33.68	172.44	-71.085	-40.733	44.811
-4.2063	9.4381	-27.306	4.2768	3.9849	-1.6596	2.1775	3.4661	2.4986	-1.3401	2.2789	-2.5906	-0.043	0.71249	14.845	57.65	-534.17	-88.672	-84.099	-96.013	104.67	92.054	56.433	54.459	57.372	-18.393	-12.184	21.675
-3.642	9.7222	-30.769	5.9038	1.7599	-1.9031	2.4291	1.4895	3.3121	-0.18212	2.0152	-1.2718	2.9344	-1.0844	22.57	11.363	-138.51	65.078	-89.003	-9.739	10.063	-79.066	32.539	46.319	-10.547	52.751	119.1	-71.875
-3.3996	8.9078	-34.325	5.0476	0.5073	-2.1164	1.7236	0.19271	2.1133	-0.83743	3.3695	0.27274	1.8726	-1.2311	9.6985	-32.574	-142.24	-34.249	-50.102	-8.5305	-28.22	-51.87	-47.953	-26.212	54.171	61.782	-42.473	-5.8681
-3.3146	11.742	-32.589	6.5387	2.4209	-2.0194	2.4653	3.248	2.4944	-0.98469	2.5364	-1.3435	1.5766	-0.46004	3.3974	113.35	69.437	59.644	76.542	3.8771	29.666	122.21	15.248	-5.8907	-33.324	-64.65	-11.839	30.842
-3.4097	9.0426	-34.999	3.6729	1.1429	-2.7102	2.2659	2.9152	2.7599	-0.62512	2.2919	-1.4462	1.0667	-0.69262	-3.8026	-107.96	-96.401	-114.63	-51.117	-27.63	-7.9755	-13.315	10.617	14.383	-9.7791	-4.1089	-20.395	-9.3033
-3.5962	7.1029	-33.918	4.686	0.18408	-1.0118	3.7009	2.9877	0.93835	-0.87099	3.7573	-2.4009	1.6003	0.32981	-7.4618	-77.589	43.26	40.524	-38.354	67.936	57.403	2.902	-72.861	-9.8347	58.614	-38.185	21.344	40.897
-3.8576	7.9125	-32.744	1.4833	1.0029	-1.5669	1.3239	-0.16955	-0.20001	-0.39135	2.7649	-2.4577	1.1915	-0.3937	-10.454	32.385	46.952	-128.11	32.751	-22.204	-95.082	-126.29	-45.534	19.186	-39.696	-2.2736	-16.351	-28.941
-4.2471	8.5867	-28.012	-0.95616	2.0479	-2.8445	-0.82871	0.33948	2.4817	0.31585	2.888	-2.8743	0.086876	-0.0062187	-15.58	26.967	189.28	-97.58	41.8	-51.102	-86.104	20.361	107.27	28.288	4.9256	-16.665	-44.186	15.499
-5.1675	2.1323	-21.632	1.5446	1.7935	-2.8643	1.4138	1.5894	1.5776	-0.75299	2.0055	-1.0121	1.8277	1.0801	-36.816	-258.17	255.18	100.03	-10.176	-0.79344	89.7	49.998	-36.162	-42.753	-35.3	74.488	69.631	43.454
-5.357	0.36715	-6.6802	5.8355	6.4325	-0.10445	0.99309	1.2769	-0.1716	-1.5554	1.3817	-2.0106	1.5149	-0.15945	-7.5829	-70.607	598.09	171.64	185.56	110.39	-16.828	-12.503	-69.969	-32.098	-24.954	-39.937	-12.508	-49.583
-4.5588	1.8369	1.1327	2.5209	10.501	-2.3531	-1.3629	1.3177	-1.6603	-0.68872	-1.9646	-0.90451	-0.36776	-0.76925	31.93	58.791	312.52	-132.59	162.74	-89.944	-94.24	1.6346	-59.549	34.669	-133.85	44.243	-75.308	-24.392
-4.0747	1.0338	0.91478	2.5299	11.675	-2.8728	-1.2801	1.5236	-2.3278	-1.1301	-3.8253	0.87041	-2.0469	-0.1964	19.364	-32.125	-8.7156	0.3611	46.957	-20.791	3.3119	8.2364	-26.699	-17.656	-74.429	70.997	-67.164	22.914
-3.9551	-0.25967	1.9859	2.5755	10.674	-1.5532	-2.0406	2.0134	-2.5655	-1.4041	-3.999	1.3706	-1.869	-0.73237	4.7843	-51.739	42.844	1.8236	-40.031	52.786	-30.418	19.593	-9.506	-10.961	-6.9488	20.008	7.1141	-21.439
-4.1134	0.37855	2.9455	2.2675	10.077	-2.2258	-2.8802	1.8851	-1.1651	-1.6704	-3.4986	0.9231	-1.9653	-0.67397	-6.3302	25.529	38.384	-12.317	-23.897	-26.905	-33.586	-5.1322	56.013	-10.652	20.019	-17.9	-3.8526	2.3363
-4.2961	1.2299	3.6046	2.1947	7.853	-1.8597	-3.1801	2.4647	-1.7944	-0.27143	-3.3468	1.1167	-2.1594	-0.42492	-7.3086	34.055	26.363	-2.9153	-88.955	14.642	-11.993	23.184	-25.172	55.96	6.0714	7.7447	-7.7623	9.9617
-4.3501	3.2362	3.3785	1.8701	6.7221	-1.7927	-3.8755	2.0536	-1.2171	-0.44982	-3.0385	1.9631	-2.3538	-0.14032	-2.1612	80.249	-9.0444	-12.982	-45.236	2.6819	-27.816	-16.446	23.094	-7.1355	12.332	33.855	-7.7773	11.384
-4.4178	4.5863	4.1006	0.65363	6.3186	-1.6471	-3.9378	0.56812	-0.1614	-0.72509	-2.95	2.1181	-1.032	-1.1275	-2.707	54.005	28.886	-48.66	-16.139	5.8218	-2.4918	-59.418	42.228	-11.011	3.5381	6.1988	52.873	-39.487
-4.2834	5.3525	4.5801	0.59182	5.4293	-1.4947	-4.4749	0.34502	-0.29657	-0.7582	-3.1365	2.6483	-0.8047	-0.36362	5.3752	30.649	19.178	-2.4723	-35.574	6.099	-21.487	-8.9241	-5.4066	-1.3245	-7.4611	21.208	9.0915	30.555
-4.1484	6.9129	5.2077	-0.32587	4.917	-1.1453	-4.4478	-0.28138	-0.26296	-1.2427	-2.0908	2.1398	-0.26994	-0.077646	5.4004	62.414	25.104	-36.707	-20.49	13.974	1.0838	-25.056	1.3442	-19.381	41.828	-20.34	21.39	11.439
-3.8909	8.8148	4.8562	0.25558	3.832	-1.2783	-4.7945	-0.6712	-0.51153	-1.4222	-1.5899	1.7763	0.16603	-0.161	10.301	76.078	-14.057	23.258	-43.402	-5.3187	-13.867	-15.593	-9.9428	-7.1783	20.038	-14.539	17.439	-3.334
-3.7581	8.656	5.6697	0.065428	3.8237	-1.9768	-4.41	-1.6891	0.66225	-2.1085	-1.6019	2.0749	0.14727	-0.14273	5.3086	-6.3542	32.539	-7.6062	-0.33252	-27.939	15.381	-40.715	46.951	-27.454	-0.48166	11.944	-0.75034	0.73073
-3.6469	9.1805	6.0746	-0.69739	3.9847	-1.6525	-5.4018	-1.1255	0.43703	-1.9448	-2.2703	2.9349	-0.55471	0.7102	4.4477	20.983	16.196	-30.513	6.4404	12.97	-39.67	22.542	-9.0086	6.5494	-26.734	34.4	-28.079	34.117
-3.7328	7.6383	7.2103	-1.5827	4.2458	-2.3075	-4.5048	-1.6408	0.60967	-1.7263	-2.3913	2.7718	-0.58363	0.85772	-3.434	-61.691	45.429	-35.411	10.446	-26.201	35.879	-20.61	6.9057	8.7403	-4.8425	-6.5234	-1.1567	5.9008
-3.7634	8.6158	6.2093	-0.95709	3.0264	-1.7152	-4.6762	-1.7721	0.93561	-1.321	-2.8752	2.9665	-0.973	0.8959	-1.2249	39.102	-40.042	25.023	-48.776	23.693	-6.855	-5.2546	13.037	16.212	-19.355	7.7898	-15.575	1.5272
-3.8855	10.674	5.9084	-1.9251	3.8531	-2.5096	-4.4747	-1.4685	1.0621	-1.7085	-2.2538	2.6974	-0.90709	0.4934	-4.885	82.331	-12.035	-38.719	33.066	-31.773	8.0574	12.145	5.0611	-15.499	24.858	-10.766	2.6366	-16.1
-3.9319	9.1472	6.7105	-2.3478	3.4189	-2.1554	-3.9698	-1.9959	1.5753	-1.9256	-2.2452	2.4636	-0.7999	0.58941	-1.8553	-61.077	32.083	-16.91	-17.366	14.166	20.198	-21.095	20.527	-8.6833	0.34261	-9.3517	4.2875	3.8403
-4.0718	9.0232	6.0735	-1.0302	1.7678	-1.3649	-4.0997	-2.606	1.896	-1.1409	-3.1275	3.0859	-1.6474	1.0183	-5.5957	-4.9565	-25.478	52.707	-66.045	31.622	-5.1955	-24.403	12.829	31.385	-35.291	24.891	-33.899	17.157
-4.1069	10.473	5.2012	-0.85811	1.3843	-1.1354	-3.5366	-2.9503	2.1548	-1.17	-2.8517	2.6908	-1.8281	1.1856	-1.4037	58.003	-34.894	6.8816	-15.337	9.1777	22.524	-13.775	10.349	-1.1639	11.031	-15.802	-7.2301	6.6914
-4.2822	10.005	5.4306	-0.95007	0.72546	0.11077	-4.0136	-2.7554	2.1712	-1.5121	-2.4271	2.0429	-1.8254	1.0504	-7.0099	-18.716	9.1788	-3.6785	-26.355	49.847	-19.08	7.7972	0.65703	-13.685	16.984	-25.917	0.10821	-5.408
-4.3416	4.9586	8.2722	-1.5273	0.11423	2.0532	-3.4029	-3.8316	2.0429	-1.1851	-2.5411	1.0831	-1.9358	1.1793	-2.3789	-201.87	113.66	-23.09	-24.449	77.697	24.426	-43.049	-5.13	13.081	-4.56	-38.393	-4.4153	5.1564
-5.1165	-6.0758	10.616	-1.7945	0.73822	3.2729	-2.071	-2.7472	-0.28021	-0.40733	-2.1909	-0.030215	-1.4226	0.74063	-30.993	-441.38	93.752	-10.687	24.96	48.79	53.276	43.375	-92.926	31.112	14.008	-44.532	20.528	-17.548
-6.3035	-37.384	3.5349	4.1448	-0.073079	3.7656	-0.21493	-4.2413	-0.64882	-0.79436	0.25486	-1.255	-1.0294	0.23471	-47.48	-1252.3	-283.25	237.57	-32.452	19.705	74.243	-59.764	-14.744	-15.481	97.831	-48.991	15.729	-20.237
-7.1697	-24.623	-6.747	4.112	2.0533	-1.5465	2.375	-3.3285	0.88657	0.35705	0.59279	-0.90055	0.029299	0.60434	-34.648	510.43	-411.28	-1.3135	85.054	-212.48	103.6	36.515	61.416	46.056	13.517	14.178	42.347	14.785
-5.296	3.8736	3.8902	-1.2517	1.8778	-0.0096231	-0.034912	-3.201	2.2534	-1.2238	-0.98457	0.59921	-0.60693	-0.10751	74.947	1139.9	425.49	-214.55	-7.0186	61.473	-96.396	5.097	54.674	-63.232	-63.094	59.99	-25.449	-28.474
-4.7084	5.5702	7.2127	-3.2245	2.5539	-0.0041702	-1.7675	-3.6608	2.0281	-1.1992	-2.8132	1.8248	-2.6259	1.4412	23.504	67.863	132.9	-78.911	27.044	0.21811	-69.303	-18.392	-9.0106	0.98365	-73.145	49.025	-80.759	61.95
-4.5693	2.6298	7.5541	-1.5241	2.6836	-0.90618	-1.4388	-3.9883	1.2661	-1.0742	-2.204	1.0251	-1.9842	1.9678	5.5633	-117.61	13.655	68.017	5.1864	-36.081	13.149	-13.096	-30.482	4.9993	24.369	-31.99	25.666	21.06
-4.4558	2.0924	7.9551	-2.3226	2.7011	-1.1346	-1.4605	-4.0993	1.369	-0.76789	-2.4021	0.69651	-1.5474	1.6917	4.5387	-21.495	16.042	-31.94	0.69923	-9.1384	-0.86945	-4.443	4.1161	12.252	-7.9251	-13.142	17.474	-11.042
-4.7149	3.2728	7.1018	-2.3873	2.9787	-1.0594	-1.6872	-3.6474	1.0586	-0.64542	-2.7306	1.2454	-1.4166	1.0393	-10.364	47.213	-34.132	-2.5892	11.107	3.0086	-9.0671	18.077	-12.415	4.8987	-13.139	21.954	5.2307	-26.095
-4.6893	2.9046	6.6074	-2.0679	2.5396	-1.0361	-1.1293	-4.165	1.3824	-1.0028	-2.2399	1.5452	-2.7233	1.8855	1.0267	-14.728	-19.779	12.778	-17.566	0.9331	22.316	-20.702	12.95	-14.294	19.626	11.992	-52.268	33.846
-4.7908	0.23843	7.5222	-2.6036	2.7396	-0.63137	-0.6063	-4.0984	1.0598	-0.97608	-1.7776	0.62951	-2.5666	1.8895	-4.0617	-106.65	36.592	-21.431	7.999	16.189	20.919	2.6622	-12.902	1.0674	18.492	-36.626	6.2684	0.16275
-5.188	-1.6922	7.7193	-2.8433	2.8	0.30189	-0.49739	-3.8924	0.49618	-0.90589	-1.7931	0.067707	-2.196	0.9016	-15.888	-77.224	7.8849	-9.5874	2.4165	37.33	4.3566	8.2426	-22.546	2.808	-0.61989	-22.472	14.825	-39.518
-5.7187	-10.084	6.3166	-0.77451	1.8062	1.9748	0.57364	-3.9532	1.1228	-1.0727	-1.9664	-0.53497	-2.5906	0.62548	-21.229	-335.69	-56.106	82.753	-39.749	66.918	42.841	-2.4349	25.064	-6.6744	-6.9328	-24.107	-15.785	-11.045
-7.1431	-36.373	3.528	2.2486	0.082014	3.7462	2.8235	-1.5222	1.1992	-0.56256	-0.59883	-1.2434	-1.9596	-0.68201	-56.974	-1051.5	-111.54	120.92	-68.969	70.853	89.993	97.241	3.057	20.407	54.704	-28.339	25.242	-52.3
-10.296	-61.334	0.56485	9.1369	0.67185	6.318	1.366	0.59747	-1.2909	-1.3212	1.9915	-2.9731	-0.014702	-0.51538	-126.12	-998.45	-118.53	275.53	23.593	102.88	-58.298	84.787	-99.604	-30.347	103.61	-69.188	77.795	6.6651
-10.585	-67.134	-3.0001	7.7439	-2.0801	7.1966	2.4927	1.2099	0.15514	-1.8399	1.3396	-2.2215	1.4768	-0.65556	-11.538	-231.99	-142.6	-55.717	-110.08	35.144	45.068	24.497	57.841	-20.747	-26.075	30.065	59.662	-5.6068
-10.736	-64.537	-0.26534	11.088	0.2813	5.389	3.1819	1.983	0.82172	-1.4437	2.3066	-1.8124	0.77364	-0.55555	-6.0482	103.88	109.39	133.77	94.458	-72.303	27.568	30.925	26.663	15.848	38.678	16.364	-28.128	4.0001
-10.86	-67.623	-4.0057	8.5916	-2.1173	5.6191	2.546	1.8859	0.97488	-1.4663	0.64848	-1.8609	0.44322	-0.39775	-4.9588	-123.43	-149.61	-99.86	-95.944	9.2026	-25.438	-3.886	6.1264	-0.90321	-66.325	-1.9401	-13.217	6.3122
-13.059	-76.52	-11.166	5.0317	-4.59	2.7407	1.532	0.3287	0.70433	0.80535	2.7853	-0.92293	1.1296	0.14386	-87.974	-355.87	-286.41	-142.4	-98.908	-115.13	-40.557	-62.287	-10.822	90.866	85.473	37.519	27.456	21.664
