-6.70973913043478 -33.4028304347826 -9.24916 2.34515804347826 -0.249272608695652 3.03115434782609 0.539846086956522 -0.0763253913043479 2.09969608695652 -0.146175986956522 0.707230434782609 -0.305361260869565 0.316410086956522 -0.763365126086956 -58.2576391304348 -731.868695652174 -43.6154782608696 35.934947826087 -39.3934782608696 20.6622391304348 -1.4007 36.2371565217391 44.2959173913043 -26.9203430434783 12.3203630434783 -9.45629565217391 16.3497952173913 -7.37333913043478
-4.2806 6.759025 -10.1050875 -2.68323 -1.21969 -0.2998075 0.3066325 -1.54458 1.5628 -0.84266 0.64165 0.74203 -1.2303525 -0.5660535 102.417 1890.95 -197.1025 -297.275 -5.5815 -158.977 48.00975 -81.638875 -179.017 19.7256 125.7335 40.43625 -3.341 43.2425
-3.29142905405406 -0.553410797297297 1.90097522972973 0.325363027027027 -0.844324297297297 -0.105862635135135 0.162733648648648 -0.198180675675676 0.284673378378378 0.00548455405405421 -0.25803045945946 0.0932665810810812 -0.119957906756757 0.0138604297297298 16.7839406756757 230.314459459459 29.7299954054054 -59.7228662162162 -2.25629189189189 -25.8190797297297 -5.13134459459459 -5.73937162162162 -17.5479054054054 2.8029722972973 4.3260972972973 4.63729889189189 -9.18754201351351 6.41429189189189
-4.99471 -11.82674 -1.90845 -0.983346 -2.08535 0.917787 0.548308 -1.0276424 0.0270920000000001 0.604017 -0.534773 0.684494 -0.567902 0.208926 77.27901 995.891 385.7305 -99.54455 -54.0964 -80.0374 -24.6904 -29.1732 -73.90445 29.707567 -26.15978 -14.5718 -15.12153 9.0149
-2.85691581395349 2.40313810077519 1.95659672868217 -0.495382170542636 -0.50977396124031 -1.32171044341085 -0.153810604651163 0.850259986821705 -0.0829223720930233 -0.311653100775194 0.116901434108527 0.0809073255813954 0.195704728682171 0.188517349767442 3.57768798449612 44.4586000775194 6.7111503875969 -13.6656947751938 -15.6654299224806 -5.95608937984496 23.5861672325581 -1.50969174418605 -13.7354549612403 -8.47592263565891 8.1231228372093 5.26399217054264 2.61088697674419 -5.06270403100775
-8.3305 -59.2775 -16.11655 -0.6313 -4.1972 3.3966 2.26685 -0.12555 -1.83965 -2.38365 3.78855 2.988975 1.23444 -0.676975 -141.165 -1832.6 -107.73 54.8 -150.935 131.19 -14.915 -68.0225 26.65015 -67.8665 23.1565 84.62105 12.7385 19.3195
-3.38142820512821 3.28215846153846 -2.84530153846154 -0.0224761538461539 0.0369551282051282 -0.503583615384615 0.269155153846154 -0.31528441025641 0.291657692307693 -0.338259487179487 0.417189205128205 0.155009512820513 -0.102130756410256 -0.122378943589744 1.82985282051282 -123.331430769231 141.112128205128 -25.8258487179487 -0.699978205128207 -3.96506692307692 -2.63640256410257 15.7743435897436 -3.11540256410256 16.9245769230769 -10.7458692307692 0.875240256410257 7.90890512820513 5.93470769230769
-4.99818888888889 -1.49291 -12.1322 3.55929888888889 0.111208888888889 1.08673333333333 -0.260895555555556 0.661506666666667 2.79240333333333 -1.62911277777778 0.297477777777778 -0.0947897777777778 -0.046383 -0.428374444444444 2.13341111111111 509.821111111111 -347.735555555556 -29.9613222222222 0.900999999999998 -63.0221222222222 -11.9476111111111 43.9338888888889 11.0373922222222 -17.8223777777778 31.9517777777778 -1.24732222222222 -19.6086866666667 10.6227111111111
-2.44225552845528 5.7337281300813 3.09613032520325 -0.72002406504065 0.0180309756097561 -0.431462482113821 -0.244850886178862 0.201450349593496 -0.758368955284553 0.264556317073171 -0.323614731707317 -0.0287484796747967 0.0563798699186992 0.194937291869919 -2.94084602439024 -52.5890422764228 8.15726787642277 20.2602700569106 -9.91278088617886 -0.982917886178861 -5.70210325203252 6.81172032520325 11.3818093495935 -6.11221211382114 -5.10451639349594 1.74140132520325 -1.83718178861789 3.20543430894309
-4.5001625 -6.95296875 -7.096008125 3.89953125 2.7738125 3.11141 0.76777 -1.8700534375 0.864046125 0.6477225 0.427929375 -0.62471375 -0.1132875 -0.693229625 -34.4389375 -343.25625 -224.4399375 169.13911875 -2.5758125 28.79000625 68.6611625 -22.0525625 48.5081525 -22.35258125 26.981809375 -0.635524999999999 6.784709375 -6.06854375
-2.51931807228916 7.73111277108433 2.77119346987952 -2.60754602409639 0.173750975903615 0.248821530120482 0.129643686746988 -0.43589786746988 -1.30263063855422 0.384851927710843 0.474622242168675 0.252736244578313 -0.239426520481928 0.0184961445783132 -1.88730402409639 38.0279156626506 -46.1087228915663 -24.5365243373494 62.3009144578314 39.8085277108434 -29.0281808433735 -17.5417 0.964045903614458 31.7925497590361 -7.81958648192771 -7.13417710843374 -0.554913253012049 0.188876746987952
-3.80544285714286 -6.86694285714286 -4.0455 4.83948857142857 1.84509714285714 3.21585185714286 1.80115714285714 -0.618534285714286 0.191988571428571 -0.974808571428571 1.03530414285714 0.359484714285714 -0.0214082857142857 -0.899552857142857 106.578714285714 288.561428571429 502.308571428571 145.092571428571 93.7447142857143 37.535 -14.6492428571429 -24.114 -99.3755714285714 -46.4481285714286 -7.98624285714286 4.39114285714285 3.95724285714286 -4.85542857142857
-3.74183964285714 6.74708214285714 -11.6615278571429 3.042055 0.72917975 -0.906261071428571 1.02495457142857 0.184727357142857 0.490399285714286 -0.755467314285714 1.0360125 0.0098395 0.100259346428571 -0.692261785714286 -7.16879178571429 69.6767214285714 -202.952964285714 5.41607892857143 -12.0723810714286 -18.6120657142857 -5.629785 17.0094821428571 30.0728214285714 -13.7998857142857 5.16598571428571 -9.86139821428572 8.58880714285714 2.81095035714286
-3.42079431034483 -4.69747384482759 2.23396775862069 0.861460517241379 0.104184534482759 0.281435344827586 -0.403329310344828 0.160793068965517 0.202580103448276 -0.138246603448276 -0.54672648275862 -0.547149879310345 -0.0139483137931034 0.466110706896552 -12.3720789655172 -180.578879310345 -9.50832068965518 54.5767424137931 -3.9393448275862 13.5585482758621 -0.470782758620689 6.54403103448276 14.3277212068966 -8.63467827586207 -0.558446551724139 -6.74512293103448 -6.15859172413793 0.151909655172414
-4.28075454545455 -1.6613 -1.70856636363636 0.0668336363636363 2.11139863636364 1.63024454545455 -0.260821818181818 -0.939865672727273 1.08454181818182 0.400472272727272 -1.02844545454545 -0.0111872727272727 -0.140783636363636 -0.612477272727273 31.9250909090909 551.924545454545 104.003090909091 -145.507727272727 26.0563727272727 -35.1799090909091 -17.7775727272727 -9.45870909090909 -26.2784545454545 7.75297272727273 -27.9351636363636 3.34018181818182 -2.2192 -2.87661818181818
-4.83037222222222 -13.6492872222222 -3.380035 1.37233416666667 1.16770880555556 1.52631083333333 -0.888388055555556 -0.797860888888889 1.41132061111111 0.829265361111111 -0.990712161111111 -0.268849722222222 0.0926891416666666 -0.185215222222222 -22.9094583333333 -404.355833333333 5.93661111111111 74.9094527777778 -20.8066261111111 18.3387083333333 5.25115083333333 0.666352777777779 28.5341134722222 8.41219027777778 -15.501825 -2.0874675 4.04295555555556 -15.6529527777778
