-3.2711	19.144	11.422	-1.5172	2.4475	-2.0489	1.8975	-4.9985	-0.34824	-2.8235	-0.26251	0.057014	-1.8143	-0.44111	0	0	0	0	0	0	0	0	0	0	0	0	0	0
-2.8795	24.442	11.024	-1.9707	2.596	-3.8933	1.1292	-5.7245	-0.024429	-2.7022	0.47422	0.31345	-1.8985	0.77013	15.665	211.9	-15.907	-18.137	5.9392	-73.776	-30.732	-29.041	12.953	4.852	29.469	10.257	-3.3693	48.45
-3.0937	16.605	9.8618	1.6061	3.7638	-2.6826	1.2398	-5.0182	1.2259	-1.9782	0.81245	-0.13259	-1.3284	0.79337	-8.5665	-313.46	-46.497	143.07	46.712	48.43	4.4241	28.251	50.013	28.957	13.529	-17.842	22.806	0.92949
-4.1205	11.324	6.7879	-0.89499	5.4697	0.29674	2.4213	-3.9714	1.8182	0.56996	0.99171	-0.5518	-0.28938	1.0679	-41.073	-211.25	-122.95	-100.04	68.234	119.17	47.262	41.875	23.694	101.93	7.1704	-16.769	41.56	10.98
-5.2883	8.5969	1.0118	2.0656	2.8714	0.43553	0.52056	1.2671	0.71501	1.2993	-0.79123	-0.49213	-0.40272	0.33293	-46.71	-109.08	-231.04	118.42	-103.93	5.5514	-76.03	209.54	-44.13	29.174	-71.317	2.3869	-4.5336	-29.397
-6.0943	11.582	-7.7551	0.51764	-1.5541	-0.73674	-0.13817	0.49274	0.1376	3.2224	-0.3704	-0.21714	0.22275	-1.5604	-32.242	119.39	-350.67	-61.917	-177.02	-46.891	-26.349	-30.973	-23.096	76.922	16.833	10.999	25.019	-75.731
-6.2908	17.764	-7.645	-1.5584	-1.9534	1.4564	-0.66142	1.3392	-1.4777	-0.56364	-0.34107	-0.87678	0.5874	-0.91942	-7.86	247.29	4.4017	-83.044	-15.97	87.725	-20.93	33.858	-64.613	-151.44	1.1732	-26.386	14.586	25.637
-6.411	14.448	-10.981	-3.4852	-2.9093	-0.77629	-2.7383	1.1642	-1.08	-1.4364	-1.5664	0.26423	0.5246	0.2094	-4.8053	-132.62	-133.42	-77.07	-38.238	-89.307	-83.077	-6.9989	15.911	-34.911	-49.014	45.641	-2.5123	45.153
-6.4947	11.685	-12.361	-2.0136	-2.8077	-1.0986	-1.4475	1.1902	-2.2482	0.41876	-0.38172	-0.81627	1.5973	0.34915	-3.3495	-110.54	-55.225	58.865	4.0649	-12.893	51.632	1.038	-46.728	74.206	47.389	-43.22	42.908	5.5901
-6.4271	15.056	-10.258	0.33289	-2.0988	-1.6388	-1.5264	-0.64947	-1.9313	-0.50494	-0.79087	-0.89197	-0.0068012	-0.52742	2.7026	134.83	84.142	93.858	28.356	-21.606	-3.156	-73.586	12.675	-36.948	-16.366	-3.028	-64.164	-35.063
-6.3163	13.592	-13.024	-0.63925	-0.68918	-1.4603	-1.8639	0.70583	-0.47738	0.70733	-0.10596	-0.73248	1.0461	1.005	4.4339	-58.533	-110.65	-38.886	56.385	7.1385	-13.497	54.212	58.156	48.491	27.397	6.3798	42.118	61.298
-6.2021	17.534	-11.161	-1.7586	-1.2195	-0.18901	-1.5997	1.5326	-1.7275	-0.62853	-0.51782	-0.32878	0.084947	-0.819	4.5671	157.65	74.516	-44.775	-21.213	50.852	10.566	33.071	-50.005	-53.434	-16.475	16.148	-38.448	-72.961
-6.006	18.634	-13.571	-3.3849	-1.5916	-2.629	-3.944	1.2397	0.27589	-0.046575	-1.1037	-0.25287	0.3914	-0.77549	7.8453	44.011	-96.423	-65.049	-14.882	-97.599	-93.77	-11.716	80.136	23.278	-23.435	3.0366	12.258	1.7405
-6.0693	17.885	-13.131	-3.362	-1.7632	-1.7437	-3.5424	1.0142	0.12179	0.65753	0.601	-0.95432	0.10368	-0.66414	-2.534	-29.966	17.626	0.91625	-6.8663	35.411	16.061	-9.0206	-6.164	28.164	68.188	-28.058	-11.509	4.4536
-6.3243	15.205	-11.641	-2.1017	1.0912	-1.4279	-2.3527	2.567	0.44778	0.59586	-1.2353	-1.8062	-0.28513	-0.89104	-10.199	-107.18	59.611	50.412	114.18	12.634	47.591	62.114	13.04	-2.4669	-73.452	-34.075	-15.552	-9.076
-6.6105	10.662	-12.332	-2.2028	0.45429	-0.2609	-3.0124	1.0759	-0.61768	-0.54605	-1.6134	-0.14763	2.1523	0.049585	-11.448	-181.74	-27.677	-4.0474	-25.478	46.679	-26.389	-59.646	-42.618	-45.676	-15.126	66.343	97.497	37.625
-7.0074	7.9084	-10.145	-3.9795	-1.1628	-1.5772	-2.9935	1.9065	-0.1119	-0.41991	-2.1987	-1.04	0.91844	-1.1884	-15.875	-110.13	87.508	-71.066	-64.682	-52.652	0.75509	33.223	20.231	5.0456	-23.412	-35.694	-49.355	-49.521
-4.2295	6.806	0.76924	1.7945	5.2169	1.158	-0.313	0.89211	0.65574	1.2515	-2.4554	-2.2016	-0.083918	-1.5649	111.11	-44.096	436.56	230.96	255.19	109.41	107.22	-40.574	30.706	66.856	-10.266	-46.463	-40.094	-15.059
-2.7993	20.789	9.5633	-2.2652	9.1159	-0.62721	-1.588	-2.0872	0.70064	-1.1157	-1.6427	-0.59072	0.85214	1.0198	57.206	559.33	351.76	-162.39	155.96	-71.409	-51.001	-119.17	1.7959	-94.687	32.507	64.435	37.442	103.39
-1.9884	26.997	6.9524	-2.8492	10.912	-2.0945	-1.6761	-3.8648	0.15736	-1.769	-1.3192	1.4009	2.0436	2.2389	32.436	248.32	-104.44	-23.361	71.837	-58.691	-3.525	-71.103	-21.731	-26.134	12.94	79.666	47.659	48.764
-1.5181	29.74	5.3525	-2.0122	11.167	-3.5252	-1.5848	-3.7141	-0.48052	-1.7483	-1.1649	2.0751	2.6368	2.5891	18.812	109.72	-63.997	33.478	10.205	-57.228	3.6557	6.0245	-25.515	0.82921	6.1724	26.967	23.728	14.007
-1.1612	29.748	6.1935	-2.3488	10.79	-3.9874	-1.4632	-4.3106	-0.36081	-2.6023	-0.87949	2.3708	3.1344	2.9448	14.276	0.33692	33.643	-13.462	-15.072	-18.489	4.8604	-23.859	4.7886	-34.16	11.417	11.827	19.903	14.23
-1.0097	29.506	7.9373	-2.6959	9.3428	-4.165	-1.8872	-4.4408	-0.48823	-1.9198	0.073055	1.9554	2.1761	3.1605	6.0603	-9.7067	69.751	-13.885	-57.896	-7.1013	-16.96	-5.2075	-5.097	27.299	38.102	-16.614	-38.33	8.6301
-1.0512	32.31	7.6438	-3.4983	8.4541	-4.782	-1.3335	-4.9151	-0.79329	-1.0553	1.1794	1.4601	1.0574	2.6731	-1.6581	112.16	-11.74	-32.094	-35.548	-24.683	22.151	-18.972	-12.202	34.579	44.253	-19.812	-44.749	-19.498
-1.4063	29.153	8.7918	-2.774	6.7456	-3.5082	-1.4084	-5.5081	-0.76464	0.088526	1.9062	0.86352	0.37704	1.9363	-14.204	-126.28	45.921	28.969	-68.34	50.953	-2.997	-23.719	1.146	45.755	29.074	-23.865	-27.214	-29.469
-2.0283	23.819	9.1768	-1.2561	6.4348	-3.2919	-1.2212	-3.7923	-1.2111	-0.42769	2.7523	-0.79061	0.81885	1.4985	-24.882	-213.36	15.4	60.717	-12.432	8.6535	7.4874	68.633	-17.858	-20.648	33.845	-66.165	17.672	-17.513
-3.3402	19.831	6.2592	-2.331	6.3478	-0.40996	-1.7555	-2.1476	-0.76039	2.151	1.8853	-1.494	0.1889	0.18919	-52.474	-159.51	-116.71	-42.996	-3.4801	115.28	-21.373	65.788	18.028	103.15	-34.68	-28.135	-25.198	-52.373
-4.7034	22.984	-4.8708	-0.60596	2.8764	0.76495	-1.4389	0.75623	-1.8824	2.1782	-0.35196	-0.91874	1.0033	-1.9835	-54.53	126.12	-445.2	69.002	-138.85	46.996	12.665	116.15	-44.881	1.0853	-89.492	23.009	32.576	-86.909
-4.6607	29.527	-15.723	-3.5162	1.5684	-0.55321	-2.1792	1.0965	-1.0833	1.6094	-0.9097	-2.5768	1.9438	-1.1451	1.7108	261.72	-434.07	-116.41	-52.323	-52.726	-29.612	13.609	31.964	-22.751	-22.309	-66.32	37.621	33.539
-4.038	33.076	-22.636	-7.1878	-0.15544	-0.06246	-3.3911	2.2114	-0.33592	2.8778	-0.45821	-1.539	1.669	-0.62222	24.908	141.99	-276.54	-146.86	-68.952	19.63	-48.477	44.599	29.896	50.736	18.06	41.509	-10.991	20.914
-3.5938	33.892	-23.203	-6.3208	1.2799	-0.39976	-0.90863	2.9186	-1.5321	1.2936	-1.7293	-2.6771	0.51079	0.55145	17.766	32.625	-22.68	34.677	57.412	-13.492	99.3	28.288	-47.848	-63.369	-50.842	-45.524	-46.33	46.947
-3.3816	37.882	-24.722	-6.5674	0.88556	0.26849	-1.668	2.212	-2.3404	0.90819	0.77046	-2.1515	0.73412	-0.53801	8.4894	159.61	-60.762	-9.8612	-15.772	26.73	-30.376	-28.267	-32.33	-15.415	99.989	21.025	8.9331	-43.578
-2.9735	39.986	-25.172	-7.2833	3.8333	0.72562	-1.8804	2.6781	-0.16559	2.3419	-0.42128	-0.8365	1.967	-1.2603	16.325	84.133	-17.987	-28.636	117.91	18.285	-8.4961	18.647	86.991	57.348	-47.669	52.6	49.314	-28.892
-2.9003	39.247	-26.493	-6.7667	4.7044	3.1558	-1.2375	1.0123	-1.1528	2.5307	0.87791	-0.87405	2.9173	-1.2459	2.9253	-29.548	-52.836	20.661	34.844	97.209	25.719	-66.635	-39.489	7.5512	51.967	-1.502	38.015	0.57666
-3.2606	38.875	-24.758	-7.8017	2.869	1.865	-2.6043	2.5073	2.3618	2.6475	-0.28063	-3.2472	0.31625	-0.96084	-14.409	-14.858	69.404	-41.399	-73.419	-51.634	-54.674	59.801	140.58	4.6747	-46.341	-94.924	-104.04	11.402
-3.3637	37.22	-25.009	-7.2835	2.4537	2.0205	-1.8487	2.0545	0.14183	3.517	-0.23207	-3.3246	0.48712	0.040847	-4.1268	-66.211	-10.054	20.727	-16.61	6.2212	30.225	-18.111	-88.798	34.777	1.9424	-3.0987	6.8348	40.068
-3.4645	34.131	-26.516	-7.8763	-0.35828	-0.21722	-3.0662	2.457	-1.2232	-0.024965	1.1194	-1.9944	1.2951	0.39593	-4.0308	-123.58	-60.278	-23.712	-112.48	-89.51	-48.703	16.101	-54.603	-141.68	54.06	53.207	32.321	14.203
-3.8213	34.703	-23.949	-6.3891	1.2869	2.4514	-3.3097	1.9792	-1.6597	0.90041	1.1604	-0.50513	-0.60362	-1.2436	-14.272	22.878	102.7	59.487	65.808	106.74	-9.7376	-19.114	-17.46	37.015	1.64	59.572	-75.95	-65.582
-4.4641	29.161	-20.68	-4.9009	0.39338	4.0602	-2.7107	-0.077441	-1.7163	2.4659	-0.078982	-1.2475	-0.15913	-0.014821	-25.71	-221.67	130.72	59.528	-35.741	64.354	23.96	-82.264	-2.2632	62.618	-49.577	-29.697	17.78	49.152
-5.2619	20.959	-18.48	-6.7489	-0.75577	2.7006	-2.885	0.59859	-1.7487	2.3799	0.4402	-1.4931	-0.55334	0.83063	-31.913	-328.07	88.036	-73.918	-45.966	-54.383	-6.9726	27.041	-1.2971	-3.4375	20.767	-9.8226	-15.768	33.818
-6.1107	11.494	-16.143	-9.2088	-0.018692	4.3545	-2.6944	-0.69686	-2.9258	1.3805	0.31478	-0.96955	-1.095	-1.833	-33.953	-378.59	93.459	-98.396	29.483	66.155	7.6233	-51.818	-47.081	-39.977	-5.0168	20.942	-21.665	-106.55
-7.6207	-13.827	-14.925	-3.8729	-0.16726	1.3239	-3.6051	0.10915	-2.1526	0.2241	-1.2305	-0.46772	0.63606	-2.3072	-60.399	-1012.8	48.716	213.43	-5.9428	-121.22	-36.426	32.241	30.927	-46.256	-61.811	20.073	69.241	-18.964
-10.936	-48.477	-15.527	-1.6056	-0.46641	2.3703	-1.0272	2.0074	-2.6373	-0.084842	-0.12428	0.26235	0.79761	-1.7729	-132.6	-1386	-24.086	90.69	-11.966	41.858	103.12	75.929	-19.39	-12.358	44.248	29.203	6.4618	21.369
-12.365	-57.395	-11.067	-1.5673	-2.47	0.91073	-1.5539	1.5163	-0.98159	1.3832	0.52098	0.13347	0.70632	-0.77396	-57.19	-356.7	178.43	1.5322	-80.143	-58.383	-21.069	-19.643	66.23	58.723	25.811	-5.1552	-3.6517	39.958
-12.587	-57.296	-10.103	-2.8421	-1.9759	3.0087	-0.73131	4.55	-0.064995	0.31228	0.40859	0.23014	0.96208	-1.3777	-8.8591	3.9239	38.555	-50.989	19.762	83.918	32.903	121.35	36.664	-42.838	-4.4959	3.8668	10.231	-24.151
-10.545	-50.946	-16.151	-5.1776	-0.95632	2.4268	0.6029	4.2159	-0.10975	0.44605	1.2694	-0.33229	0.56354	-0.99549	81.69	254.03	-241.92	-93.422	40.785	-23.275	53.368	-13.363	-1.7904	5.3509	34.433	-22.497	-15.942	15.289
-9.0724	-13.028	-8.4512	-1.7802	0.85549	0.26846	-3.438	0.12874	-1.207	0.90491	1.0476	-0.24972	-1.2782	-0.85016	58.887	1516.7	307.98	135.9	72.473	-86.333	-161.63	-163.49	-43.891	18.354	-8.8726	3.3027	-73.67	5.8133
-5.2943	-12.135	-1.9558	3.0621	2.6988	2.0401	-1.8612	2.2622	0.17239	1.4332	-0.65147	-2.0587	-1.2405	-1.2577	151.12	35.703	259.82	193.69	73.733	70.866	63.072	85.337	55.176	21.133	-67.962	-72.358	1.507	-16.302
-3.9912	8.8966	10.263	-1.5383	8.3943	0.94783	-1.7902	-2.7036	0.89831	-0.31604	-3.7852	0.82173	-0.095196	-0.91157	52.122	841.27	488.77	-184.01	227.82	-43.692	2.8374	-198.63	29.037	-69.971	-125.35	115.22	45.813	13.845
-3.5601	17.114	7.9126	-2.9876	10.312	-1.0654	-1.6257	-4.064	0.89028	-0.24553	-3.1883	2.7905	-0.32774	0.083875	17.247	328.71	-94.031	-57.973	76.704	-80.53	6.5823	-54.418	-0.32146	2.8206	23.873	78.751	-9.3019	39.818
-3.7893	13.444	5.3664	-2.7478	11.895	-1.5209	-1.2708	-4.2234	2.3168	0.73241	-3.3146	4.4393	-1.1597	0.70276	-9.1703	-146.81	-101.85	9.594	63.326	-18.218	14.196	-6.3734	57.06	39.118	-5.0527	65.951	-33.277	24.755
-4.562	4.7983	4.5134	-1.6338	11.746	-0.61798	-0.44957	-3.6989	3.158	-0.59295	-3.221	5.061	-2.35	0.41012	-30.907	-345.83	-34.119	44.559	-5.9609	36.116	32.847	20.977	33.647	-53.015	3.7475	24.869	-47.614	-11.706
-6.33	-27.937	2.1749	2.626	9.7786	2.134	-1.1679	-0.43509	2.9004	-1.5307	-3.0382	4.7914	-1.5458	-0.92645	-70.72	-1309.4	-93.54	170.39	-78.696	110.08	-28.735	130.55	-10.301	-37.511	7.3118	-10.786	32.17	-53.463
-8.9184	-53.723	-0.42156	5.4057	5.5003	7.2539	2.3789	3.3326	-0.52595	0.19974	-0.28089	0.12073	0.30468	-2.0525	-103.54	-1031.4	-103.86	111.19	-171.13	204.8	141.88	150.71	-137.06	69.218	110.29	-186.83	74.018	-45.041
-10.216	-57.623	-4.1501	5.0759	4.5598	6.947	2.0989	3.6234	-1.3197	0.85306	-0.35879	-1.3072	0.39411	-0.77351	-51.894	-156.02	-149.14	-13.193	-37.623	-12.274	-11.203	11.631	-31.751	26.133	-3.1161	-57.119	3.5772	51.158
-6.603	-16.156	-8.9134	-10.844	2.5397	-2.4749	0.80446	0.11864	0.30748	-0.93784	-0.2926	0.27831	-0.99271	0.48175	144.51	1658.7	-190.53	-636.8	-80.804	-376.88	-51.776	-140.19	65.088	-71.636	2.6475	63.422	-55.473	50.21
-5.7483	20.445	-8.3994	-11.811	2.7209	-4.1391	0.39047	-1.2058	0.097602	-2.0895	-0.16094	-0.085072	-1.2561	0.67485	34.187	1464.1	20.559	-38.665	7.2481	-66.569	-16.559	-52.979	-8.395	-46.065	5.2665	-14.535	-10.536	7.7242
-5.595	22.328	-5.0133	-6.4582	3.1088	-4.1808	-1.7028	-0.92501	-1.9057	-2.8877	0.63334	-2.0623	-0.33696	-0.056136	6.1326	75.309	135.45	214.1	15.515	-1.6699	-83.73	11.233	-80.132	-31.929	31.771	-79.09	36.765	-29.24
-4.1103	7.5178	-0.55112	4.9272	9.5737	-0.79192	0.49022	0.67648	-0.7425	-1.9063	0.12198	-1.8963	-0.14042	-0.57297	59.386	-592.41	178.49	455.41	258.6	135.56	87.72	64.06	46.528	39.256	-20.454	6.6405	7.8617	-20.673
-2.9623	18.438	5.8183	3.9316	11.509	-3.6502	-0.65883	-2.5664	0.62289	-1.8614	-3.5224	0.93856	0.26431	1.6623	45.923	436.8	254.78	-39.821	77.397	-114.33	-45.962	-129.72	54.616	1.7965	-145.77	113.39	16.189	89.412
-2.6497	19.527	6.0459	2.8841	10.412	-4.7164	-2.1027	-3.1083	1.5294	-1.3613	-3.7508	1.0371	1.2093	1.9196	12.503	43.558	9.1031	-41.904	-43.847	-42.65	-57.753	-21.676	36.259	20.005	-9.1354	3.9402	37.801	10.292
-2.8058	18.72	6.233	2.9664	9.5199	-4.9511	-2.6394	-2.7132	1.7014	-0.67351	-2.6568	0.68583	0.71003	1.4638	-6.2468	-32.283	7.486	3.2942	-35.7	-9.3875	-21.47	15.804	6.881	27.51	43.759	-14.049	-19.972	-18.234
-3.1398	20.07	5.9559	1.449	8.2464	-3.8162	-3.8517	-0.54065	1.7082	-0.18273	-1.7835	0.74859	0.31662	1.77	-13.357	54.017	-11.086	-60.696	-50.941	45.395	-48.49	86.903	0.27342	19.631	34.931	2.5105	-15.736	12.249
-3.2555	21.776	5.3186	0.23308	8.5469	-5.4364	-3.0612	-0.90211	3.7058	-1.2956	-0.13872	0.91911	0.085099	1.5691	-4.6307	68.249	-25.493	-48.637	12.021	-64.807	31.619	-14.459	79.901	-44.515	65.791	6.8208	-9.2608	-8.0378
-3.2953	23.499	5.7102	-1.6133	7.6544	-5.4446	-2.3797	-0.38213	2.8106	0.89926	-1.1702	0.79619	0.53697	1.3322	-1.5927	68.928	15.665	-73.854	-35.701	-0.32661	27.26	20.799	-35.805	87.795	-41.259	-4.9167	18.075	-9.4746
-3.3691	24.25	6.1574	-3.1192	6.5707	-4.6119	-1.5972	-0.66135	3.2664	0.29333	-0.37043	0.075308	0.41164	1.9965	-2.9508	30.021	17.889	-60.239	-43.346	33.308	31.299	-11.169	18.231	-24.237	31.991	-28.835	-5.0134	26.57
-3.4662	22.285	7.4928	-4.0078	6.3811	-4.7443	-1.1614	0.088195	1.877	1.1671	-0.21066	-0.54264	0.29994	1.8643	-3.8844	-78.584	53.414	-35.544	-7.5866	-5.2981	17.432	29.982	-55.576	34.952	6.3907	-24.718	-4.4682	-5.2883
-3.525	23.948	6.8572	-4.3201	5.3039	-4.2633	-0.016945	-0.49334	1.7485	1.0996	0.40145	-1.1238	-0.065144	2.2142	-2.3515	66.516	-25.421	-12.491	-43.087	19.242	45.779	-23.261	-5.1398	-2.7036	24.485	-23.246	-14.603	14
-3.5325	23.248	7.5313	-4.5337	4.7987	-3.4268	-0.86233	-0.27737	1.3693	1.8559	0.091069	-1.1698	-0.5888	3.0084	-0.29983	-28.019	26.962	-8.5434	-20.207	33.459	-33.815	8.6386	-15.167	30.254	-12.415	-1.8387	-20.946	31.765
-3.5683	21.481	7.9902	-3.845	4.3717	-4.0977	-0.2238	-0.35445	0.94458	2.3044	0.066293	-1.3445	-0.10857	2.471	-1.4336	-70.677	18.357	27.547	-17.081	-26.835	25.541	-3.0829	-16.99	17.939	-0.99101	-6.9897	19.21	-21.496
-3.6838	22.719	4.2317	0.75373	1.3386	-1.5336	-2.5321	0.89978	0.73461	1.9751	-0.26415	-0.90181	0.4343	1.9692	-4.6178	49.52	-150.34	183.95	-121.33	102.56	-92.334	50.169	-8.3987	-13.17	-13.218	17.707	21.715	-20.07
-4.115	17.023	5.4702	0.90551	3.3967	-3.3794	-0.56461	-0.44666	0.73447	1.6046	-0.076974	-0.30468	-0.38543	2.3223	-17.249	-227.84	49.542	6.0711	82.325	-73.834	78.701	-53.858	-0.0057919	-14.821	7.4869	23.885	-32.789	14.123
-4.8855	-6.3337	6.819	2.8142	6.4406	-3.6852	0.14083	-0.85382	2.5848	0.07619	-1.1043	1.6143	0.059922	0.045666	-30.818	-934.26	53.952	76.347	121.76	-12.232	28.218	-16.286	74.014	-61.136	-41.095	76.76	17.814	-91.066
-6.063	-27.099	9.3711	6.0031	4.2287	2.5867	-1.3735	1.5354	4.4996	-3.4152	0.067613	2.6288	-0.41292	-1.1646	-47.103	-830.59	102.08	127.55	-88.477	250.88	-60.574	95.57	76.594	-139.66	46.878	40.579	-18.914	-48.41
-6.2537	-32.345	8.5203	6.122	4.7018	4.391	-0.55267	3.3433	2.6209	-3.0017	0.33195	2.5656	0.20661	-2.3154	-7.6259	-209.84	-34.031	4.7563	18.925	72.172	32.834	72.315	-75.151	16.542	10.574	-2.5279	24.782	-46.034
-6.8968	-38.949	2.9664	5.4463	5.6219	7.4026	2.6344	3.0373	3.4571	-1.8906	-1.161	1.6795	1.172	-2.2051	-25.723	-264.2	-222.16	-27.027	36.802	120.47	127.48	-12.239	33.447	44.442	-59.72	-35.446	38.617	4.4125
-8.2068	-42.358	0.84302	2.2705	2.0471	4.3464	0.039349	1.4661	2.0583	0.56544	-1.2608	-0.84081	0.20644	-2.6843	-52.402	-136.33	-84.936	-127.03	-142.99	-122.25	-103.8	-62.85	-55.951	98.243	-3.9902	-100.81	-38.624	-19.169
-5.2258	27.497	-11.116	-8.4069	1.0522	-4.7611	-0.97143	-0.68361	-0.10455	-0.62041	-1.9613	-2.7024	1.3856	0.83987	119.24	2794.2	-478.34	-427.1	-39.793	-364.3	-40.431	-85.987	-86.514	-47.434	-28.019	-74.464	47.166	140.97
-5.1259	28.619	-11.205	-5.0072	-1.2849	-3.8603	-1.1067	-1.7326	-0.398	-0.0041361	-0.14406	-1.7043	1.2366	1.1041	3.9962	44.857	-3.5662	135.99	-93.484	36.031	-5.4106	-41.959	-11.738	24.651	72.689	39.925	-5.9621	10.569
-6.2439	10.919	-8.9829	-3.797	0.79315	0.38604	0.7173	0.70277	2.9248	0.35207	0.094846	-2.9032	-0.079723	-0.69369	-44.718	-707.97	88.871	48.407	83.121	169.86	72.96	97.414	132.91	14.248	9.5562	-47.959	-52.651	-71.911
-6.4582	0.22222	-3.6071	-6.9837	0.69204	1.8728	0.94401	-1.3584	3.8641	-0.92401	1.4893	0.13878	-0.61359	-0.34409	-8.5724	-427.89	215.03	-127.47	-4.0445	59.468	9.0682	-82.448	37.572	-51.043	55.777	121.68	-21.355	13.984
-4.6839	4.9524	4.5784	0.108	2.3968	2.9102	3.3424	-1.1643	2.8936	-1.1133	0.39685	0.74716	-0.45816	0.72239	70.972	189.21	327.42	283.67	68.189	41.498	95.937	7.7647	-38.817	-7.5709	-43.696	24.335	6.2171	42.659
-3.9725	16.461	4.9893	2.064	-0.093644	4.5231	2.4187	-1.5186	1.112	-0.87787	1.3714	2.4904	-1.7671	0.088898	28.456	460.35	16.438	78.242	-99.616	64.515	-36.947	-14.171	-71.265	9.4164	38.983	69.728	-52.357	-25.34
-3.6223	13.337	7.3653	4.4703	0.26986	1.4561	3.3382	-2.4608	0.78053	-2.8414	0.49841	3.5828	-1.4347	-0.21632	14.006	-124.95	95.039	96.249	14.54	-122.68	36.777	-37.689	-13.26	-78.54	-34.921	43.7	13.294	-12.209
-3.6958	7.2018	9.814	7.8278	-2.0873	-0.41934	3.3497	-1.0495	0.10826	-4.8541	0.63456	3.0348	-2.3759	1.2773	-2.9418	-245.42	97.946	134.3	-94.288	-75.017	0.46154	56.452	-26.891	-80.509	5.4462	-21.923	-37.648	59.744
-3.8631	-6.0957	12.297	11.138	-1.8677	-1.6167	1.8267	0.046677	1.4944	-4.8296	-1.3676	0.84124	-1.0336	2.5323	-6.6893	-531.9	99.309	132.41	8.7865	-47.896	-60.92	43.849	55.446	0.98142	-80.085	-87.741	53.693	50.202
-4.103	-14.855	15.023	11.644	-1.3814	-2.4111	1.847	0.9296	3.0399	-5.2688	-1.5205	-0.81803	-1.8817	2.9879	-9.5966	-350.39	109.04	20.228	19.451	-31.775	0.81361	35.317	61.82	-17.569	-6.1194	-66.371	-33.926	18.221
-4.2661	-16.668	15.123	10.668	-1.42	-0.76259	1.5201	1.2816	1.5315	-3.2553	-2.6412	-1.0231	-1.2689	2.5643	-6.5236	-72.516	4.0117	-39.047	-1.5423	65.941	-13.077	14.082	-60.334	80.539	-44.824	-8.204	24.514	-16.941
-4.4004	-19.424	14.998	12	-0.19442	-1.146	-0.91941	1.6148	1.1548	-1.3569	-1.5243	-2.3524	-1.1527	2.4799	-5.3723	-110.23	-5.0011	53.297	49.022	-15.337	-97.581	13.328	-15.069	75.935	44.672	-53.171	4.649	-3.3794
-4.4849	-20.571	15.9	11.483	-1.0274	-1.13	0.18541	0.93817	1.8246	-1.9096	-2.2138	0.002841	-2.0585	2.0139	-3.38	-45.879	36.096	-20.698	-33.318	0.63959	44.193	-27.067	26.792	-22.105	-27.578	94.209	-36.233	-18.638
-4.532	-18.613	16	10.198	-1.5969	-0.85346	-0.16657	1.8067	1.8633	-2.265	-1.5269	-0.45797	-2.348	2.6125	-1.8823	78.333	3.9804	-51.377	-22.781	11.063	-14.079	34.74	1.5454	-14.216	27.477	-18.433	-11.581	23.946
-4.563	-17.447	14.049	9.5769	0.90643	-0.63111	-1.5372	3.1628	0.70883	-1.694	-1.8151	-1.0085	-1.8751	2.5675	-1.2405	46.641	-78.052	-24.848	100.13	8.894	-54.823	54.244	-46.177	22.838	-11.529	-22.023	18.918	-1.7997
-4.2819	-3.3674	10.296	5.3556	-1.0009	1.075	2.1288	2.2518	-1.1979	-2.515	-1.4667	0.050081	0.75689	0.072069	11.241	563.17	-150.1	-168.85	-76.293	68.243	146.64	-36.44	-76.268	-32.841	13.935	42.345	105.28	-99.819
-3.1958	13.055	9.7635	3.3538	-2.2021	1.8048	3.6488	-0.0019213	-3.4788	-4.0416	-0.65201	1.2161	1.7822	-0.52188	43.445	656.89	-21.306	-80.072	-48.049	29.193	60.801	-90.148	-91.238	-61.061	32.589	46.639	41.012	-23.758
-2.5772	16.676	10.34	2.8554	0.48708	3.1774	0.55874	-3.8433	-2.9035	-2.0911	-0.16928	2.1695	-2.9895	1.652	24.745	144.85	23.056	-19.938	107.57	54.903	-123.6	-153.65	23.012	78.02	19.309	38.139	-190.87	86.955
-2.3084	18.386	9.1685	1.6172	5.0352	2.6184	-2.7394	-3.9968	-0.94889	-1.9837	-2.206	2.5999	-2.3613	2.116	10.75	68.399	-46.854	-49.527	181.92	-22.359	-131.93	-6.1399	78.185	4.2964	-81.47	17.213	25.129	18.559
-2.2926	20.969	6.6699	1.732	8.0717	0.9376	-3.2034	-3.5568	-0.40768	-2.521	-2.6671	3.2889	-2.1247	1.4579	0.63542	103.33	-99.947	4.5935	121.46	-67.232	-18.561	17.599	21.648	-21.493	-18.443	27.562	9.4614	-26.324
-2.3477	21.73	5.3887	2.2733	9.441	0.0066181	-3.9093	-2.2835	-0.3284	-2.7947	-2.725	3.5909	-2.7389	1.4078	-2.2072	30.42	-51.245	21.65	54.773	-37.239	-28.235	50.933	3.1709	-10.951	-2.3165	12.081	-24.567	-2.0017
-2.45	23.781	3.1777	2.7497	10.307	-0.7327	-3.1967	-2.4649	-0.34209	-2.3535	-2.7391	3.0019	-2.1757	1.0202	-4.0899	82.046	-88.44	19.058	34.625	-29.573	28.505	-7.257	-0.54749	17.649	-0.56133	-23.56	22.529	-15.504
-2.7202	22.058	3.0376	2.4901	10.758	-2.3754	-2.2888	-1.2599	-0.11646	-2.7253	-2.5107	2.4074	-2.491	1.8988	-10.81	-68.939	-5.606	-10.384	18.072	-65.707	36.317	48.198	9.0252	-14.871	9.1322	-23.783	-12.612	35.145
-3.3887	13.037	5.4448	1.3374	10.547	-2.1588	-1.1672	-0.72664	0.11503	-2.6676	-2.5729	2.2629	-2.2754	1.839	-26.738	-360.81	96.291	-46.109	-8.4594	8.6628	44.864	21.332	9.2594	2.3089	-2.4868	-5.7778	8.6223	-2.3948
-4.3258	-2.5325	4.0502	4.5017	10.926	-0.76581	-1.0129	0.67001	1.0367	-2.592	-1.6882	2.4575	-2.5876	1.5527	-37.485	-622.79	-55.786	126.57	15.164	55.719	6.1692	55.866	36.867	3.0214	35.387	7.7845	-12.486	-11.451
-4.6682	11.791	6.4132	-2.9708	11.557	-1.2048	0.18947	-1.8244	1.4332	-2.2493	-4.5556	3.522	-2.4509	-1.7508	-13.695	572.92	94.52	-298.9	25.254	-17.558	48.097	-99.777	15.861	13.709	-114.69	42.579	5.4692	-132.14
-4.9774	0.97275	4.5371	-2.329	11.403	-0.81843	-1.2175	-2.8593	0.76796	-3.5151	-6.1324	3.455	-3.1769	-2.6154	-12.369	-432.71	-75.042	25.672	-6.1737	15.453	-56.281	-41.394	-26.61	-50.633	-63.074	-2.6787	-29.041	-34.583
-8.2565	-35.869	1.4541	1.8065	0.28524	0.42858	0.31766	2.6222	0.15408	-1.6015	-4.0208	1.3145	-0.12598	-2.9178	-131.17	-1473.7	-123.32	165.42	-444.71	49.881	61.408	219.26	-24.555	76.544	84.465	-85.62	122.04	-12.097
-9.2001	-40.93	2.5686	2.6791	2.6749	3.0507	1.6949	3.5059	0.60234	-0.58179	-3.358	0.34194	-0.16867	-3.0928	-37.741	-202.42	44.583	34.904	95.588	104.88	55.089	35.348	17.931	40.789	26.511	-38.903	-1.7073	-7.0005
-9.6359	-57.028	-2.4814	4.898	3.738	6.6908	3.4663	3.7591	-0.65956	0.12378	-0.51878	-1.2642	-0.45402	-2.6684	-17.433	-643.95	-202	88.755	42.521	145.6	70.856	10.127	-50.476	28.223	113.57	-64.247	-11.414	16.977
-11.449	-65.529	-9.026	2.3948	2.6246	5.2336	1.5275	4.6746	-0.16881	0.73991	-0.1915	-0.43387	-0.091517	-2.4051	-72.536	-340.02	-261.79	-100.13	-44.535	-58.29	-77.551	36.618	19.63	24.645	13.091	33.215	14.5	10.532
-12.914	-63.735	-7.086	-0.69268	-1.7277	2.8179	0.16448	4.7448	-1.4406	-0.87807	-1.763	-0.65624	0.097223	-1.2787	-58.574	71.761	77.601	-123.5	-174.09	-96.625	-54.52	2.8079	-50.87	-64.719	-62.86	-8.8948	7.5496	45.056
-11.438	-56.311	-8.55	-0.76773	-2.5856	0.56333	0.83935	3.0435	-0.94582	-0.34235	-1.8639	-0.9531	0.20666	-1.0479	59.016	296.94	-58.561	-3.0022	-34.316	-90.184	26.995	-68.052	19.79	21.429	-4.0345	-11.874	4.3773	9.2287
-8.4316	-22.851	-14.017	-6.0754	-2.6619	1.0088	-0.74012	1.193	0.31205	0.62984	0.46847	-0.53477	-0.12569	-1.5332	120.26	1338.4	-218.7	-212.31	-3.053	17.818	-63.179	-74.018	50.315	38.887	93.293	16.733	-13.294	-19.41
-7.6397	1.1624	-16.103	-9.1724	-4.9455	0.1513	-0.59241	0.18322	-2.2174	-0.81014	0.17905	0.75396	1.9153	-1.2108	31.678	960.55	-83.406	-123.88	-91.346	-34.299	5.9085	-40.392	-101.18	-57.599	-11.577	51.549	81.64	12.895
-6.107	21.372	-6.6808	-6.8994	-3.6685	2.0086	0.70848	1.3692	-1.4776	0.98043	-1.0906	-1.1775	1.439	-1.4829	61.309	808.37	376.87	90.92	51.083	74.294	52.036	47.441	29.591	71.623	-50.784	-77.26	-19.051	-10.884
-6.1185	15.876	-4.4563	-6.7284	-3.9789	2.9478	0.80444	0.49933	-0.076555	0.41923	-1.0853	-0.17639	0.91883	-1.5874	-0.46255	-219.81	88.978	6.8384	-12.417	37.568	3.8384	-34.797	56.041	-22.448	0.20844	40.046	-20.808	-4.1803
-6.8382	7.523	-12.573	-6.2562	-0.2911	2.0533	2.1462	0.74099	-2.5996	-0.091775	-1.494	-0.63322	-0.54719	-1.4278	-28.785	-334.14	-324.67	18.888	147.51	-35.781	53.669	9.6665	-100.92	-20.44	-16.347	-18.273	-58.641	6.3847
-6.4	15.541	-12.651	-8.6632	-2.4079	0.55823	-0.13725	1.2173	-1.5135	0.83907	0.69104	-1.8673	-0.20784	-0.5768	17.525	320.74	-3.1286	-96.278	-84.672	-59.803	-91.337	19.053	43.447	37.234	87.403	-49.363	13.574	34.041
-5.9185	16.64	-10.314	-9.0475	-4.1977	2.0653	0.22412	2.3513	-1.5958	1.139	-0.08604	-0.5068	0.10166	-1.361	19.26	43.959	93.5	-15.375	-71.594	60.281	14.455	45.361	-3.2934	11.996	-31.083	54.419	12.38	-31.368
-5.8274	21.092	-5.818	-7.5334	-3.1019	2.8187	0.22452	2.442	-1.5629	1.5721	-0.31396	-0.39945	-0.46841	-0.88021	3.6456	178.08	179.83	60.565	43.833	30.136	0.016077	3.6284	1.3144	17.326	-9.117	4.2939	-22.803	19.232
-6.0306	16.291	-3.1137	-5.6217	-2.5018	4.0928	-0.50812	0.26855	-3.2105	0.71187	0.070453	-0.11438	0.20899	-2.1369	-8.1291	-192.05	108.17	76.467	24.005	50.964	-29.305	-86.939	-65.902	-34.41	15.377	11.403	27.096	-50.269
-6.6493	0.69701	1.0886	-6.3007	-5.1325	2.7089	1.2952	-0.95216	-0.68108	0.78806	0.76858	0.94926	1.5987	-1.1802	-24.747	-623.76	168.09	-27.158	-105.23	-55.355	72.132	-48.828	101.18	3.0475	27.925	42.546	55.589	38.27
-5.2244	-12.082	8.6187	-0.68892	-4.3178	3.5845	5.7894	-0.67474	1.144	-1.1748	2.1715	-0.89856	-0.90641	-1.5744	56.996	-511.15	301.2	224.47	32.591	35.024	179.77	11.097	73.004	-78.515	56.117	-73.913	-100.21	-15.766
-4.0389	5.3853	18.422	-1.1777	-6.2316	4.061	5.4714	-5.4019	-0.16129	2.6529	0.92854	-0.093791	-0.17252	-1.5425	47.418	698.68	392.11	-19.551	-76.553	19.06	-12.718	-189.09	-52.213	153.11	-49.718	32.191	29.356	1.2731
-3.3259	11.344	17.371	-2.8501	-7.3355	3.0874	5.6475	-6.5559	0.8017	2.6244	0.84372	0.32272	0.38062	-0.40725	28.523	238.34	-42.004	-66.895	-44.156	-38.943	7.0416	-46.158	38.52	-1.14	-3.3929	16.66	22.126	45.411
-3.1613	15.156	16.096	-5.6361	-4.0658	2.655	4.2689	-7.2291	1.2335	3.4485	0.3945	0.51456	0.22834	-0.15699	6.5817	152.48	-51.013	-111.44	130.79	-17.294	-55.141	-26.93	17.27	32.961	-17.969	7.6736	-6.0913	10.01
-3.1762	17.493	14.732	-6.2986	-1.692	1.3644	3.1818	-5.9216	0.5598	5.6229	-1.0721	-0.63815	0.96547	0.70612	-0.59573	93.476	-54.576	-26.5	94.95	-51.627	-43.486	52.302	-26.946	86.976	-58.663	-46.108	29.485	34.525
-3.1611	20.05	13.148	-6.3597	-0.51406	1.2972	1.3126	-3.9322	0.43186	5.1353	-1.018	-0.85842	0.7139	1.1872	0.60468	102.31	-63.35	-2.4424	47.118	-2.6876	-74.766	79.575	-5.1176	-19.503	2.1621	-8.8105	-10.063	19.243
-3.1434	21.895	12.459	-6.6406	0.63004	0.41777	0.38171	-3.2171	1.8774	3.9603	-1.0124	-1.541	1.0685	1.797	0.70922	73.794	-27.556	-11.239	45.764	-35.176	-37.237	28.607	57.821	-47.001	0.22497	-27.302	14.182	24.394
-3.0582	23.055	12.041	-6.1683	1.0934	0.14852	-0.65535	-2.305	1.3194	4.0684	-1.1088	-1.2166	0.94786	1.9016	3.4051	46.379	-16.739	18.894	18.535	-10.77	-41.482	36.482	-22.318	4.323	-3.8551	12.976	-4.824	4.183
-2.9573	23.47	12.178	-6.3253	2.0468	-1.0257	-0.78998	-1.229	0.82338	3.628	-0.60357	-1.6019	0.98522	2.4602	4.0369	16.608	5.5105	-6.2823	38.136	-46.968	-5.3853	43.041	-19.842	-17.616	20.209	-15.415	1.4943	22.344
-2.8877	26.444	10.83	-6.7707	3.107	-1.8305	-0.7373	-1.068	0.91998	3.7688	-1.0281	-1.6056	1.6774	1.7992	2.7843	118.95	-53.926	-17.814	42.406	-32.191	2.1069	6.4405	3.864	5.6345	-16.982	-0.14754	27.687	-26.441
-2.8389	26.127	10.376	-5.8411	3.4849	-1.7406	-0.94656	-1.4644	0.97318	4.0803	-1.5276	-0.63436	0.93681	2.2941	1.9506	-12.645	-18.15	37.185	15.118	3.5958	-8.3702	-15.857	2.128	12.46	-19.979	38.85	-29.623	19.796
-2.9982	23.742	10.247	-4.9394	4.4086	-1.7985	-1.3916	-1.372	0.77521	3.822	-1.5641	0.54647	0.22658	2.0256	-6.3703	-95.4	-5.186	36.066	36.947	-2.3175	-17.8	3.6969	-7.9188	-10.332	-1.4579	47.233	-28.409	-10.742
-3.4821	17.556	10.831	-3.7735	5.5045	-1.8498	-0.7391	-2.252	0.56744	4.4717	-1.413	-0.73223	1.172	1.5792	-19.357	-247.48	23.374	46.638	43.836	-2.0528	26.099	-35.203	-8.3109	25.989	6.0411	-51.148	37.818	-17.854
-4.5254	-2.167	10.059	0.039468	5.4302	0.022732	0.44559	-1.8081	0.013712	3.8108	-1.0462	-0.67995	-0.0094291	0.87796	-41.731	-788.9	-30.903	152.52	-2.9736	74.902	47.388	17.756	-22.149	-26.439	14.673	2.0913	-47.259	-28.05
-5.4838	-23.496	9.0955	8.34	2.0383	1.818	2.9694	1.5361	2.8002	-1.3807	-0.26762	2.0387	-1.2913	-1.0622	-38.337	-853.15	-38.521	332.02	-135.67	71.809	100.95	133.77	111.46	-207.66	31.144	108.75	-51.277	-77.606
-5.672	-29.537	8.9077	7.5198	2.8271	3.4753	2.7338	2.0188	2.7864	-0.30789	-0.70093	2.7934	-1.4404	-1.7733	-7.5268	-241.64	-7.512	-32.806	31.551	66.293	-9.4222	19.304	-0.55192	42.914	-17.332	30.187	-5.9642	-28.442
-6.3263	-30.016	5.1118	3.946	3.6527	4.2362	4.1352	3.7148	3.3093	0.57145	-0.62095	0.58941	-1.2807	-1.3403	-26.173	-19.172	-151.84	-142.95	33.024	30.436	56.055	67.842	20.917	35.174	3.1992	-88.159	6.3905	17.318
-7.9061	-35.789	1.8664	1.3984	-1.3305	4.5733	2.9294	1.8869	1.8396	0.36921	-1.8987	1.2405	-0.12708	-1.5993	-63.192	-230.91	-129.81	-101.91	-199.33	13.482	-48.231	-73.116	-58.789	-8.0895	-51.112	26.043	46.144	-10.361
-11.093	-61.872	-6.5451	0.88206	-1.7399	1.584	-0.26237	3.2467	-2.577	-0.40645	-1.9659	-0.96144	-0.88172	-3.0226	-127.46	-1043.3	-336.46	-20.652	-16.379	-119.57	-127.67	54.392	-176.66	-31.027	-2.6843	-88.077	-30.186	-56.931
-12.903	-73.167	-13.049	-1.9937	-0.10303	4.4623	1.0699	2.6775	-2.272	-1.8522	-1.5791	-0.77098	0.11928	-0.22064	-72.419	-451.77	-260.14	-115.03	65.476	115.13	53.292	-22.767	12.198	-57.831	15.471	7.6182	40.04	112.08
-5.27	15.115	-14.091	-2.778	-2.6312	-2.1889	1.3988	0.1453	-0.29869	-0.47591	-1.2295	-0.47889	-0.13002	-1.4832	305.33	3531.3	-41.688	-31.375	-101.13	-266.05	13.153	-101.29	78.933	55.053	13.985	11.684	-9.9722	-50.504
-4.9304	34.946	-13.547	-0.65626	-2.6854	-2.6233	1.8938	1.2245	-0.96904	-2.0945	-0.95882	-0.98968	-0.021017	-0.048531	13.585	793.22	21.738	84.872	-2.1684	-17.379	19.801	43.166	-26.814	-64.744	10.826	-20.432	4.3602	57.388
-5.1685	17.241	-12.336	-0.94582	-1.0101	-1.0936	-0.021136	2.0051	-0.20939	-2.3185	1.6584	-0.32477	0.82319	1.9389	-9.5253	-708.19	48.444	-11.582	67.012	61.189	-76.597	31.226	30.386	-8.96	104.69	26.596	33.768	79.498
-6.3076	-4.7606	-7.3183	-3.7372	4.651	2.272	2.5765	2.3948	0.77098	-2.1995	1.0159	-0.98193	-0.081205	0.33961	-45.561	-880.07	200.72	-111.66	226.45	134.62	103.91	15.59	39.215	4.7625	-25.699	-26.286	-36.176	-63.973
-4.5845	8.4662	2.8539	-0.12874	6.1325	1.2853	0.93095	0.37357	3.1353	-0.91145	0.76491	-0.5242	-0.27011	0.36827	68.924	529.07	406.89	144.34	59.26	-39.468	-65.824	-80.851	94.571	51.52	-10.041	18.309	-7.5562	1.1467
-3.9639	16.599	4.5936	-0.22002	6.7525	0.96922	2.3632	-1.6779	3.3894	-2.4051	0.29215	0.69291	-0.029371	0.80169	24.821	325.29	69.588	-3.6512	24.799	-12.642	57.291	-82.06	10.164	-59.745	-18.911	48.684	9.6296	17.337
-3.8062	12.403	6.8249	0.14478	7.5917	1.9035	0.11856	-3.7455	2.6826	-2.5852	1.2038	1.4106	-0.33266	0.35357	6.307	-167.8	89.251	14.592	33.566	37.37	-89.786	-82.703	-28.269	-7.2049	36.467	28.707	-12.132	-17.925
-4.1546	4.4565	8.2168	1.8267	6.3351	3.329	-0.45429	-4.7427	1.3444	-1.3038	0.93171	0.4451	-2.04	1.5595	-13.936	-317.88	55.676	67.275	-50.262	57.02	-22.914	-39.888	-53.528	51.257	-10.885	-38.619	-68.293	48.236
-4.9893	-11.383	7.5986	3.6101	4.9093	5.6685	-0.49708	-4.4546	-0.077891	-0.31393	1.0036	-1.1848	-0.61509	0.8097	-33.387	-633.57	-24.728	71.336	-57.033	93.579	-1.7118	11.526	-56.893	39.595	2.8759	-65.195	56.996	-29.991
-7.0712	-28.192	-2.2332	-2.4123	2.3283	9.6302	0.54944	-2.2882	-1.3266	0.67207	3.0181	-0.68429	-0.11474	-0.33955	-83.274	-672.38	-393.27	-240.9	-103.24	158.47	41.861	86.656	-49.947	39.44	80.581	20.02	20.014	-45.97
-10.73	-49.961	-19.373	-7.4092	1.5868	7.0001	-1.9129	-0.16485	-1.8217	-0.64427	2.9913	-0.92493	-0.24489	-1.6592	-146.37	-870.74	-685.58	-199.87	-29.658	-105.21	-98.492	84.933	-19.805	-52.653	-1.0744	-9.6257	-5.2061	-52.785
-12.592	-69.949	-12.926	-2.4294	-0.83491	3.5691	1.0675	2.2247	-1.2947	1.037	0.45522	-0.95715	-0.23206	-0.48598	-74.454	-799.53	257.85	199.19	-96.869	-137.24	119.22	95.583	21.081	67.252	-101.44	-1.2888	0.51335	46.928
-13.421	-70.819	-12.585	-2.0235	-2.4391	2.3859	-2.0891	2.1059	-1.6865	-0.89925	-0.88088	-0.072336	0.90312	-0.88211	-33.18	-34.798	13.639	16.239	-64.168	-47.328	-126.26	-4.7549	-15.674	-77.452	-53.444	35.393	45.407	-15.845
-5.7475	-6.6432	11.216	-5.0694	-12.509	3.5642	1.9953	-0.28525	-0.59638	-2.2774	1.3366	-0.16173	0.57003	-1.1884	306.95	2567	952.05	-121.84	-402.8	47.134	163.38	-95.644	43.606	-55.127	88.698	-3.5759	-13.324	-12.251
-5.567	2.917	9.6448	-3.807	-14.421	3.8985	1.2755	0.6936	-2.1973	-1.5116	1.0286	0.79854	0.62875	-1.0687	7.2181	382.41	-62.84	50.495	-76.475	13.37	-28.792	39.154	-64.036	30.632	-12.319	38.411	2.3489	4.7882
-6.8675	-10.28	7.0206	2.0618	-12.166	-1.1593	-2.1929	3.4919	-0.13844	-1.4395	-0.26239	0.15819	0.9884	-0.93325	-52.019	-527.88	-104.97	234.75	90.213	-202.31	-138.74	111.93	82.353	2.8863	-51.64	-25.614	14.386	5.4171
-7.1581	-21.757	3.9065	0.72502	-9.3989	-1.2755	-0.65666	4.0391	-0.8808	-1.3322	-0.039938	-0.77329	1.1536	-0.75403	-11.624	-459.06	-124.56	-53.473	110.67	-4.6496	61.451	21.886	-29.694	4.2901	8.898	-37.259	6.6069	7.1686
-8.9819	-28.279	1.7498	-0.53348	-5.8864	0.42662	-0.27498	2.9568	0.023614	-0.14052	-0.1869	-0.32985	0.6041	-0.28235	-72.952	-260.88	-86.27	-50.34	140.5	68.085	15.267	-43.291	36.176	47.668	-5.8784	17.738	-21.979	18.867
-7.9158	-25.531	3.5555	-1.3598	-3.7177	0.34934	0.74665	2.735	1.0843	0.15294	0.69832	0.17264	1.4129	-0.8335	42.644	109.9	72.23	-33.053	86.748	-3.0913	40.865	-8.8703	42.428	11.738	35.409	20.099	32.35	-22.046
-5.4915	-19.354	9.8761	5.3103	-2.9425	0.65955	3.1481	5.5355	2.2424	-0.18714	0.17681	-1.8372	0.58955	-0.23978	96.971	247.11	252.82	266.8	31.008	12.408	96.058	112.02	46.325	-13.603	-20.86	-80.393	-32.932	23.749
-4.428	-12.575	16.062	11.736	-3.4557	-1.5587	-0.20126	2.1892	2.4833	-3.3251	-0.40364	-0.96942	-0.01326	1.0508	42.539	271.16	247.44	257.02	-20.528	-88.729	-133.97	-133.85	9.6329	-125.52	-23.218	34.711	-24.113	51.624
-3.9242	-7.203	15.702	10.326	-3.5138	-2.0825	-0.74249	1.1203	2.5569	-4.6448	0.0051482	-0.62964	-1.4668	1.4354	20.154	214.86	-14.425	-56.395	-2.3251	-20.954	-21.65	-42.757	2.9456	-52.785	16.352	13.591	-58.143	15.382
-3.4517	15.128	10.988	3.3624	-6.2355	-1.1035	1.9824	1.3447	-2.9817	-4.2248	2.4395	1.6028	0.036987	-0.36561	18.9	893.23	-188.54	-278.54	-108.87	39.161	109	8.9743	-221.54	16.799	97.374	89.298	60.152	-72.039
-3.087	19.725	11.633	-0.3113	-3.6086	-2.1637	1.8052	-2.2265	-1.3352	-3.1015	3.576	2.6527	-1.5109	-1.021	14.588	183.89	25.805	-146.95	105.08	-42.408	-7.0878	-142.85	65.861	44.933	45.46	41.993	-61.914	-26.215
-2.932	18.766	11.121	-1.5396	0.011235	-1.6092	0.076036	-4.6988	-0.47133	-0.45015	3.3345	1.2565	-2.7394	0.93473	6.1995	-38.38	-20.463	-49.13	144.79	22.18	-69.167	-98.895	34.554	106.05	-9.6595	-55.845	-49.141	78.228
-3.0329	17.017	10.221	-0.86713	2.8488	-0.97852	-2.7254	-4.5482	0.69937	0.68341	1.099	1.2105	-2.553	1.6616	-4.035	-69.948	-36	26.897	113.5	25.227	-112.06	6.0245	46.828	45.342	-89.421	-1.8412	7.4561	29.074
-3.2058	13.903	9.5027	-0.31214	6.9686	-1.8884	-3.6611	-4.4572	1.2846	0.71061	0.1837	1.2295	-1.9866	0.99713	-6.9154	-124.54	-28.751	22.2	164.79	-36.395	-37.431	3.6408	23.409	1.088	-36.612	0.75915	22.656	-26.578
-3.3982	12.178	8.044	0.27577	9.474	-1.2857	-3.9595	-4.9987	1.2208	1.2575	-0.34788	0.76118	-1.3574	0.31239	-7.6963	-69.019	-58.348	23.516	100.22	24.106	-11.935	-21.662	-2.5513	21.877	-21.263	-18.732	25.167	-27.39
-3.5637	10.405	7.7116	1.0307	9.6435	-0.44482	-4.1156	-4.2985	0.54519	0.87797	-0.10693	0.38167	-1.4383	1.0453	-6.6215	-70.902	-13.295	30.196	6.7787	33.636	-6.2417	28.01	-27.025	-15.182	9.6382	-15.18	-3.237	29.318
-3.7386	9.7059	8.3262	0.075796	8.8508	0.74248	-4.2054	-4.7303	1.1016	0.89583	0.33645	0.55872	-1.2993	0.23393	-6.9975	-27.974	24.584	-38.195	-31.706	47.492	-3.5936	-17.274	22.256	0.71463	17.735	7.082	5.5608	-32.456
-3.9123	8.0852	7.8973	0.060461	7.5656	-1.039	-3.8409	-4.2588	1.8267	1.9271	0.42243	0.52904	-0.78305	0.7321	-6.9477	-64.828	-17.155	-0.61342	-51.408	-71.259	14.581	18.862	29.006	41.251	3.4392	-1.1872	20.651	19.927
-4.0969	7.4846	8.7123	-1.3844	6.6476	-0.83154	-4.1883	-3.4974	1.9164	1.6254	1.2379	1.0545	-0.96299	0.60372	-7.381	-24.024	32.6	-57.796	-36.721	8.2985	-13.895	30.457	3.5851	-12.068	32.619	21.019	-7.1972	-5.1351
-4.3514	8.1132	8.4163	-2.103	5.1835	-1.7163	-3.3243	-2.5961	2.6519	1.9593	1.0339	0.54947	-1.2205	-0.2195	-10.183	25.145	-11.843	-28.742	-58.564	-35.391	34.558	36.05	29.421	13.355	-8.16	-20.202	-10.299	-32.929
-4.708	7.7452	8.3124	-3.7318	3.3854	-1.9116	0.21034	-2.5386	1.5655	3.3702	1.5565	-1.3805	-0.9539	0.29343	-14.262	-14.722	-4.1558	-65.15	-71.924	-7.8127	141.39	2.3009	-43.458	56.436	20.902	-77.197	10.663	20.517
-4.8671	6.7076	9.0932	-4.4262	2.4207	-1.1643	0.28872	-1.2586	1.0299	2.3273	3.3049	-2.6275	-0.91574	0.83131	-6.3662	-41.503	31.232	-27.78	-38.588	29.895	3.1353	51.198	-21.422	-41.715	69.936	-49.882	1.5267	21.515
-4.8946	5.971	10.518	-4.6884	0.94565	-2.3145	1.5787	0.38004	-0.39978	2.4037	3.115	-2.7467	-0.089671	0.41419	-1.0976	-29.461	56.987	-10.487	-59.002	-46.011	51.598	65.547	-57.188	3.0544	-7.5924	-4.7683	33.043	-16.685
-4.8477	4.4117	11.221	-3.9087	-1.19	-1.6506	2.9926	-0.013181	-0.88194	2.4101	2.3145	-1.4675	-0.022356	-0.034355	1.8739	-62.373	28.136	31.191	-85.427	26.555	56.556	-15.729	-19.287	0.25616	-32.02	51.171	2.6926	-17.942
-4.8957	3.7673	10.227	-1.4483	-1.8167	-2.267	4.0679	-1.0254	-0.88307	2.6822	2.4361	-1.7151	0.41682	-0.52383	-1.9191	-25.776	-39.758	98.416	-25.069	-24.656	43.015	-40.488	-0.045314	10.886	4.8624	-9.9067	17.567	-19.579
-5.1717	0.86571	11.197	-0.50357	-1.9202	-1.1564	2.7849	-0.18634	-1.1378	1.6801	2.6927	-1.6496	0.98711	-0.50342	-11.04	-116.06	38.808	37.787	-4.1386	44.425	-51.322	33.562	-10.189	-40.086	10.264	2.6208	22.812	0.81634
-5.7905	-12.482	10.266	2.6259	-1.2711	0.38468	0.56815	-0.12897	-0.51665	0.96037	0.75176	0.12655	-0.25191	-0.078777	-24.752	-533.93	-37.25	125.18	25.963	61.643	-88.67	2.2947	24.846	-28.788	-77.638	71.046	-49.561	16.986
-6.9676	-24.414	6.5603	3.4418	2.1091	2.4633	-0.30603	-0.81035	1.3258	0.42525	0.34345	2.4897	-0.61846	0.28146	-47.084	-477.27	-148.24	32.636	135.21	83.144	-34.967	-27.255	73.696	-21.404	-16.332	94.526	-14.662	14.409
-7.095	-22.325	5.741	3.1592	2.0501	0.40463	0.12654	-0.66777	2.3308	-0.87876	1.3598	2.2234	-0.55243	0.72717	-5.0942	83.552	-32.771	-11.305	-2.3583	-82.346	17.303	5.7029	40.201	-52.16	40.653	-10.652	2.6411	17.828
-7.2807	-21.958	5.8202	2.5825	1.3171	0.068486	-0.42113	0.44615	1.8705	-0.22956	1.0231	1.7334	-0.31829	1.1221	-7.4285	14.679	3.1676	-23.065	-29.321	-13.446	-21.907	44.557	-18.409	25.968	-13.465	-19.599	9.3655	15.798
-7.5055	-28.037	7.0445	2.948	0.69085	0.21328	0.12476	0.55102	2.0283	-0.28096	1.4523	2.0533	-0.49851	0.22651	-8.9918	-243.15	48.973	14.62	-25.05	5.7916	21.835	4.1948	6.3085	-2.0558	17.168	12.794	-7.2089	-35.825
-7.5507	-35.134	6.8386	6.2098	-0.87366	1.7478	-0.032412	1.0486	1.5043	0.92585	1.1732	2.1569	0.23222	-0.50777	-1.811	-283.86	-8.238	130.47	-62.58	61.38	-6.2869	19.902	-20.959	48.273	-11.164	4.1422	29.229	-29.371
-6.4048	-20.452	3.0833	4.5493	-0.39856	-0.60081	1.1282	2.5763	0.93187	0.27721	3.3906	0.94337	-0.0031651	0.33988	45.837	587.28	-150.21	-66.422	19.004	-93.943	46.424	61.108	-22.896	-25.946	88.696	-48.54	-9.4153	33.906
-5.844	0.16665	5.3214	4.0908	-1.5261	-3.3532	1.4311	-0.063099	0.37455	0.5579	3.9064	-0.010612	-0.72694	0.88836	22.433	824.73	89.523	-18.339	-45.101	-110.09	12.114	-105.57	-22.293	11.227	20.63	-38.159	-28.951	21.939
-5.6807	-1.0578	0.89508	7.1667	-2.6545	1.2019	0.82475	2.9245	-2.6671	0.33956	3.8676	1.5375	0.09678	0.19127	6.5316	-48.98	-177.05	123.04	-45.137	182.2	-24.252	119.5	-121.67	-8.7336	-1.5513	61.924	32.949	-27.884
-6.1829	-0.65897	-3.0924	4.8873	-2.3904	5.6311	1.4233	2.4679	-1.122	2.7431	1.2358	-0.38081	0.88989	0.02233	-20.088	15.955	-159.5	-91.175	10.563	177.17	23.941	-18.262	61.804	96.143	-105.27	-76.732	31.724	-6.7576
-6.4461	9.053	-7.7223	0.51365	-2.1638	3.6045	2.9682	0.46331	-0.49091	-0.281	1.459	-0.78004	-0.38908	-1.5638	-10.529	388.48	-185.19	-174.95	9.0657	-81.063	61.798	-80.186	25.243	-120.97	8.9271	-15.969	-51.159	-63.446
-6.0991	8.0743	-16.341	2.3259	-4.9031	2.5625	0.66658	-1.049	-1.718	-0.97309	0.23258	-0.62748	0.85638	0.43697	13.88	-39.144	-344.75	72.489	-109.57	-41.683	-92.065	-60.494	-49.084	-27.684	-49.055	6.1027	49.818	80.031
-5.8673	8.4828	-18.06	3.1044	-6.5604	3.4261	0.27485	0.66448	-0.37896	-0.29992	0.65723	-1.814	0.81345	-1.693	9.2735	16.338	-68.742	31.139	-66.294	34.545	-15.669	68.54	53.562	26.927	16.986	-47.461	-1.7169	-85.197
-5.3949	10.297	-19.626	0.085936	-8.1059	1.8933	-1.6089	-0.73712	-1.7345	-0.58088	-0.43576	-1.4316	0.83145	-1.0046	18.896	72.587	-62.67	-120.74	-61.818	-61.312	-75.348	-56.064	-54.22	-11.238	-43.719	15.296	0.71968	27.535
-5.1401	11.725	-20.954	1.8421	-8.1418	0.38295	-2.8858	-0.72531	-1.9193	-2.9946	-0.020451	-1.0239	1.2164	-0.71602	10.19	57.097	-53.109	70.246	-1.4359	-60.414	-51.077	0.47242	-7.3955	-96.551	16.612	16.309	15.399	11.543
-5.0146	14.197	-20.062	3.0506	-7.0722	-0.26237	-1.9411	-0.012677	-0.60063	0.020345	-0.031596	-0.63098	-0.25336	-0.78616	5.0214	98.886	35.697	48.34	42.782	-25.813	37.789	28.505	52.749	120.6	-0.44583	15.716	-58.791	-2.8059
-5.061	14.467	-18.323	4.3752	-7.022	0.66531	-1.3637	0.37129	-0.67117	-0.028409	0.30621	-0.83941	1.4887	-0.43442	-1.8557	10.814	69.546	52.984	2.0088	37.107	23.094	15.359	-2.8215	-1.9502	13.512	-8.337	69.684	14.07
-5.1975	9.5848	-20.641	2.9575	-7.7637	1.9243	-0.32693	2.6511	-1.2012	-0.17941	1.3692	-0.72868	0.38405	-0.35012	-5.4594	-195.3	-92.728	-56.705	-29.666	50.361	41.471	91.193	-21.201	-6.0402	42.518	4.4291	-44.188	3.372
-5.2262	12.114	-18.456	3.8314	-7.9422	0.67737	-0.97143	-0.010622	-1.2819	-0.59223	0.57035	-0.11177	2.1198	-0.71218	-1.1493	101.16	87.393	34.954	-7.1398	-49.878	-25.78	-106.47	-3.2299	-16.513	-31.952	24.677	69.432	-14.482
-5.295	12.077	-19.067	1.7584	-7.9094	0.69221	-1.5927	1.0728	-0.71184	0.10412	1.2024	0.85351	2.6426	0.36656	-2.7505	-1.4802	-24.429	-82.919	1.3119	0.5935	-24.851	43.337	22.804	27.854	25.281	38.611	20.912	43.15
-5.1802	12.076	-20.844	2.1157	-6.657	1.3415	-0.41736	2.0194	0.41093	0.13563	-0.52523	-0.92838	0.81672	-1.046	4.5902	-0.013257	-71.067	14.292	50.095	25.97	47.014	37.864	44.911	1.2607	-69.104	-71.276	-73.037	-56.501
-5.2195	10.176	-21.45	1.8505	-7.4537	0.52552	-0.25903	1.9581	-1.1156	-0.9197	1.716	-0.85324	-1.0011	-2.4703	-1.5735	-75.998	-24.243	-10.608	-31.871	-32.637	6.3331	-2.4533	-61.062	-42.213	89.65	3.0058	-72.714	-56.974
-5.5359	13.355	-16.663	3.7747	-6.6665	-0.18135	-0.67697	0.99738	-1.1493	-1.4734	0.24615	0.19409	0.030042	-1.7546	-12.654	127.15	191.47	76.967	31.491	-28.275	-16.717	-38.427	-1.3467	-22.147	-58.795	41.893	41.247	28.629
-6.221	14.351	-13.047	-1.8249	-5.0669	1.4002	0.33678	-2.5022	-1.0944	-1.4795	0.53619	-0.20865	0.035085	-0.92796	-27.402	39.838	144.63	-223.98	63.982	63.264	40.55	-139.98	2.1954	-0.2445	11.602	-16.11	0.20171	33.066
-5.3304	-1.8228	-0.83073	1.2595	0.076816	2.5051	2.4069	0.012433	1.2426	-0.67258	0.85044	-0.99994	-2.2094	-0.76389	35.624	-646.95	488.67	123.38	205.75	44.193	82.805	100.59	93.478	32.276	12.57	-31.652	-89.78	6.563
-3.8953	14.087	12.47	0.65476	1.2614	-0.56131	1.3783	-3.26	-1.7251	0.71425	2.4269	-1.207	-1.4113	-0.16364	57.402	636.41	532.02	-24.19	47.383	-122.66	-41.145	-130.9	-118.71	55.473	63.06	-8.2816	31.926	24.01
-3.2084	15.629	14.71	-3.1352	-0.29667	-1.2109	1.3012	-4.2602	-1.9674	0.69688	2.1076	-1.6401	0.20694	0.31719	27.478	61.652	89.615	-151.6	-62.323	-25.985	-3.0847	-40.007	-9.6905	-0.69485	-12.772	-17.325	64.728	19.233
-2.9481	13.408	16.631	-3.3703	-3.1835	-0.049338	0.93811	-4.5206	-3.1086	3.6174	0.7641	-1.6404	0.94899	0.49575	10.409	-88.845	76.835	-9.4033	-115.47	46.464	-14.522	-10.416	-45.65	116.82	-53.741	-0.010213	29.682	7.1425
-2.7833	12.849	17.634	-3.6688	-4.8441	-0.44594	2.6815	-6.2732	-2.1706	4.2984	-0.074185	-1.5728	2.365	-0.65625	6.5919	-22.36	40.115	-11.94	-66.423	-15.864	69.735	-70.105	37.52	27.24	-33.532	2.7006	56.64	-46.08
-2.7136	12.444	18.31	-3.1355	-6.217	-0.71227	3.9165	-6.8256	-1.9564	3.7875	-0.28512	-0.22329	1.2695	-0.75595	2.7896	-16.2	27.039	21.335	-54.916	-10.653	49.4	-22.095	8.5697	-20.437	-8.4374	53.982	-43.822	-3.9878
-2.7368	10.895	18.682	-2.0777	-7.6387	-0.46383	5.1832	-7.8782	-1.7591	3.5941	0.17599	-0.48819	1.0023	-0.3242	-0.92651	-61.938	14.875	42.31	-56.868	9.9377	50.669	-42.105	7.8894	-7.7339	18.444	-10.596	-10.685	17.27
-2.8525	9.0841	19.273	-1.5703	-8.0181	0.069768	5.1876	-7.5748	-2.0879	3.4332	0.21208	-0.15396	0.52031	-0.37321	-4.6277	-72.446	23.635	20.296	-15.175	21.344	0.17771	12.139	-13.152	-6.4379	1.4438	13.369	-19.28	-1.9602
-3.0291	6.9838	18.937	-0.9191	-7.7272	-0.0028163	5.3348	-6.3935	-3.5599	3.1306	0.97459	0.18903	-0.14111	-0.30872	-7.0645	-84.009	-13.413	26.049	11.638	-2.9034	5.8873	47.249	-58.879	-12.104	30.5	13.72	-26.457	2.5795
-3.2915	3.4455	19.383	-0.014281	-7.5235	0.087071	4.7759	-5.4438	-3.595	2.8733	1.2326	0.26501	-1.0628	0.29916	-10.499	-141.53	17.848	36.193	8.1476	3.5955	-22.357	37.988	-1.4016	-10.291	10.322	3.039	-36.869	24.315
-3.5908	-0.84273	19.6	0.86288	-7.1931	0.6777	4.1524	-5.9188	-1.5475	1.5662	1.7487	-0.25854	-0.67791	0.31509	-11.972	-171.53	8.6787	35.086	13.213	23.625	-24.942	-18.998	81.896	-52.282	20.642	-20.942	15.398	0.63745
-4.0114	-4.1288	19.478	1.0675	-6.9243	1.7058	3.3258	-4.5749	-2.5812	1.1688	2.7821	-0.427	-0.63578	-0.12438	-16.823	-131.44	-4.9137	8.1849	10.753	41.124	-33.062	53.755	-41.344	-15.897	41.338	-6.7382	1.685	-17.579
-4.7208	-10.232	18.709	1.0831	-5.5536	1.8481	1.7028	-2.7043	-3.4148	2.265	1.9656	-1.0761	-0.20762	0.44298	-28.375	-244.11	-30.735	0.62562	54.83	5.6912	-64.92	74.824	-33.345	43.846	-32.662	-25.963	17.127	22.695
-6.0229	-15.938	8.8966	0.98395	-0.14929	3.2302	-0.64955	-1.0828	-1.9732	2.0625	1.2295	-1.7557	1.0743	0.34619	-52.085	-228.26	-392.51	-3.9676	216.17	55.286	-94.094	64.862	57.666	-8.0987	-29.442	-27.186	51.278	-3.8717
-7.7007	-13.737	-3.0798	1.9732	0.93794	5.3993	0.5535	3.1376	-0.061547	0.28018	-0.22063	-0.94991	1.7755	-0.39249	-67.111	88.039	-479.05	39.57	43.489	86.763	48.122	168.81	76.464	-71.292	-58.006	32.232	28.049	-29.547
-8.3702	-11.054	-7.6581	-1.6986	0.11297	3.1199	0.69345	1.1234	-1.9823	1.1056	0.045434	0.82436	0.31244	-1.5602	-26.78	107.34	-183.13	-146.87	-32.999	-91.179	5.5979	-80.568	-76.829	33.016	10.643	70.971	-58.524	-46.707
-8.6639	-13.999	-14.829	-3.6174	-2.4055	0.9399	1.1117	1.4989	-1.5993	-0.65101	-1.2309	-0.66528	0.59184	0.31421	-11.75	-117.83	-286.84	-76.752	-100.74	-87.199	16.729	15.021	15.32	-70.264	-51.054	-59.586	11.176	74.975
-8.3403	-7.9066	-13.976	-4.3677	-4.3695	1.3258	-1.6524	0.60258	-0.58222	0.99359	-1.6377	-0.66103	1.7605	0.10245	12.945	243.71	34.117	-30.015	-78.558	15.437	-110.56	-35.853	40.682	65.784	-16.27	0.17001	46.748	-8.4707
-8.261	-5.6453	-8.9881	-3.9735	-4.1131	-0.76389	-0.018791	3.3994	-1.6873	1.8986	-0.66775	0.69204	1.1967	-1.4863	3.1695	90.448	199.53	15.769	10.257	-83.589	65.346	111.87	-44.202	36.201	38.796	54.123	-22.555	-63.552
-8.5075	-13.115	-4.7116	-5.4896	-0.93014	-0.41133	0.24973	1.0976	-1.5624	0.73278	1.0291	0.39666	-0.65727	-0.63513	-9.858	-298.77	171.06	-60.645	127.32	14.103	10.741	-92.072	4.9944	-46.634	67.874	-11.815	-74.157	34.049
-8.2819	-18.825	-2.4726	-3.2159	-0.36472	-0.93887	1.7001	0.75472	0.50878	-0.36398	3.2673	-0.24222	-1.1595	-0.34659	9.0245	-228.4	89.56	90.949	22.617	-21.102	58.015	-13.714	82.847	-43.87	89.53	-25.555	-20.088	11.542
-5.7217	-8.7418	6.8308	3.1906	-0.33478	0.32357	4.2277	1.8602	1.4814	-2.6123	3.6203	-0.89113	-3.2531	-1.0198	102.41	403.32	372.13	256.26	1.1975	50.497	101.1	44.221	38.903	-89.933	14.117	-25.956	-83.744	-26.928
-5.214	0.086899	8.175	5.0853	0.40386	-0.70519	4.1487	-1.6338	0.51457	-2.5856	3.1989	1.8592	-2.1656	0.0062934	20.306	353.15	53.771	75.784	29.546	-41.15	-3.1621	-139.76	-38.672	1.0675	-16.856	110.01	43.498	41.043
-5.3007	-3.8135	6.8871	4.4095	0.27086	0.51588	4.2889	-1.0132	1.4989	-3.5268	2.0403	0.83436	-0.39273	0.54304	-3.4647	-156.02	-51.516	-27.03	-5.32	48.843	5.6092	24.823	39.374	-37.647	-46.344	-40.993	70.916	21.47
-5.8529	-2.0021	1.9003	2.5914	-0.48605	2.9733	3.0004	1.128	1.3432	-1.3778	0.84165	1.5985	-0.06823	0.94122	-22.089	72.456	-199.47	-72.724	-30.276	98.298	-51.541	85.649	-6.2302	85.961	-47.944	30.567	12.98	15.927
-6.1854	7.1985	-7.5256	3.338	-1.136	3.1041	1.3055	0.71341	-1.0207	1.0748	2.8709	0.76492	0.54921	-1.0299	-13.301	368.03	-377.04	29.864	-25.999	5.231	-67.794	-16.585	-94.555	98.101	81.17	-33.344	24.698	-78.846
-5.6694	13.863	-15.766	3.5989	-5.445	2.4835	2.2711	0.90303	-0.010637	-1.0523	0.54567	-0.72636	0.19026	0.31979	20.64	266.58	-329.62	10.438	-172.36	-24.825	38.624	7.5848	40.403	-85.082	-93.009	-59.651	-14.358	53.989
-4.9102	17.711	-18.453	2.2649	-6.5419	-0.44493	0.4959	0.91729	1.3393	-1.112	-0.68997	-1.2401	-1.0356	-1.1083	30.369	153.92	-107.48	-53.361	-43.877	-117.14	-71.009	0.57037	53.997	-2.3886	-49.426	-20.548	-49.036	-57.123
-4.7886	17.89	-20.158	3.1508	-7.1456	0.54331	0.070613	-1.0181	-1.7292	0.90747	0.47146	-0.56315	-0.89119	-1.5929	4.8634	7.1409	-68.194	35.436	-24.145	39.53	-17.012	-77.416	-122.74	80.779	46.457	27.077	5.7777	-19.382
-4.9021	16.409	-18.899	4.1605	-6.475	0.60631	0.42145	0.22778	-1.2325	-0.25602	-0.25039	-1.2416	-0.3	-0.91843	-4.5414	-59.224	50.365	40.387	26.821	2.5198	14.034	49.835	19.87	-46.54	-28.874	-27.136	23.647	26.977
-5.0361	10.811	-21.55	3.0076	-6.8461	2.5609	1.0672	2.7658	-0.5788	0.33588	0.25938	-1.0466	-0.62904	-1.4967	-5.3571	-223.93	-106.06	-46.116	-14.842	78.182	25.829	101.52	26.146	23.676	20.391	7.7975	-13.161	-23.13
-5.2126	8.2085	-22.625	1.5758	-8.6415	0.41479	-1.065	1.6345	0.73723	0.29906	1.0764	-1.3943	-0.027523	-1.6719	-7.0595	-104.09	-42.982	-57.273	-71.818	-85.843	-85.286	-45.256	52.641	-1.4729	32.682	-13.906	24.061	-7.0083
-5.3564	6.6328	-20.891	2.3167	-7.3106	1.3891	-0.5017	2.9534	0.16146	2.0276	0.51902	-1.4125	2.1639	-0.12619	-5.7552	-63.028	69.34	29.638	53.239	38.974	22.531	52.759	-23.031	69.143	-22.296	-0.72949	87.656	61.828
-5.2647	5.3978	-23.63	2.5574	-8.5325	0.11943	-1.3259	3.3679	0.41388	0.4219	-0.8723	0.82049	1.1415	-0.20524	3.6689	-49.401	-109.56	9.6253	-48.877	-50.789	-32.968	16.579	10.097	-64.23	-55.653	89.319	-40.894	-3.1621
-5.2275	8.1075	-21.93	2.4148	-7.6662	0.18759	-0.65302	1.0457	-1.645	0.48257	-1.6791	-0.99708	0.73532	-1.476	1.4884	108.39	68.017	-5.702	34.652	2.7265	26.916	-92.889	-82.355	2.427	-32.272	-72.703	-16.248	-50.829
-5.3193	12.039	-19.683	1.3302	-6.7607	2.2313	1.2109	1.4218	-2.4994	-0.59377	-0.65705	0.4435	1.6739	-0.6243	-3.671	157.26	89.887	-43.386	36.221	81.749	74.556	15.043	-34.178	-43.054	40.882	57.623	37.545	34.066
-5.2532	15.849	-18.816	2.7591	-8.2737	0.75842	-0.80724	0.63971	-0.75111	-0.59667	0.44187	-1.2116	0.32123	-0.15855	2.6422	152.42	34.672	57.158	-60.52	-58.916	-80.725	-31.282	69.933	-0.11561	43.957	-66.202	-54.108	18.63
-5.6223	12.146	-17.866	2.5604	-6.0188	1.7484	0.11799	1.627	-1.0126	-1.0803	1.1663	-0.26518	-0.9107	-0.73479	-14.762	-148.15	38.002	-7.9502	90.193	39.599	37.009	39.492	-10.459	-19.345	28.976	37.855	-49.277	-23.05
-6.6132	0.13999	-11.548	1.1717	-5.6088	2.8997	0.49161	1.7955	0.512	0.48352	2.0939	1.4213	-0.83401	-0.14213	-39.636	-480.23	252.71	-55.546	16.401	46.054	14.945	6.7377	60.984	62.552	37.105	67.458	3.0674	23.706
-4.6581	0.47421	8.0303	5.1717	-2.0138	1.3713	2.0811	0.48111	0.13948	-1.7513	0.57321	0.96127	-1.7276	-0.74359	78.202	13.369	783.13	160	143.8	-61.138	63.58	-52.574	-14.901	-89.393	-60.827	-18.401	-35.744	-24.058
-3.8731	11.568	14.336	1.283	-0.013251	-2.221	1.8362	-2.7175	-0.9432	-1.5486	1.3239	1.3739	-1.4904	-0.26059	31.403	443.75	252.21	-155.55	80.023	-143.69	-9.7948	-127.94	-43.307	8.1095	30.029	16.505	9.4879	19.32
-3.5828	12.555	12.22	-0.048929	-0.39356	-4.0568	1.3543	-1.562	-0.3353	-2.6465	2.1616	2.2288	-2.5122	-0.44359	11.612	39.464	-84.611	-53.278	-15.212	-73.43	-19.276	46.222	24.316	-43.919	33.507	34.197	-40.872	-7.3199
-3.815	10.646	10.948	0.34924	0.36852	-4.8734	1.3634	-1.4409	-0.54027	-2.2504	2.0818	2.2202	-1.5524	-0.90789	-9.2888	-76.356	-50.904	15.927	30.483	-32.666	0.36187	4.8425	-8.1988	15.845	-3.1926	-0.34619	38.391	-18.572
-4.4528	0.65264	11.215	1.6249	0.72137	-3.4848	0.6775	-0.52538	-1.6193	-0.81538	1.1799	1.8928	-1.2132	-0.63185	-25.513	-399.72	10.709	51.028	14.114	55.544	-27.436	36.621	-43.162	57.402	-36.074	-13.095	13.57	11.042
-5.5312	-14.967	9.2948	3.1604	2.7509	-1.0653	-0.77041	-0.58536	-1.2543	-0.43132	0.95324	2.5973	-2.0024	-0.57008	-43.138	-624.79	-76.827	61.417	81.183	96.778	-57.916	-2.3992	14.601	15.362	-9.0679	28.18	-31.569	2.4709
-6.5282	-19.291	9.6092	3.4374	2.2606	-0.27935	-0.36433	0.32736	-0.71955	-0.82065	-0.29131	2.3777	-0.66124	-1.1547	-39.88	-172.94	12.577	11.083	-19.614	31.44	16.243	36.509	21.39	-15.573	-49.782	-8.7824	53.646	-23.386
-6.869	-21.875	8.6934	3.4967	1.8683	-0.34104	1.2045	0.83346	-0.89249	-1.2063	-0.23912	1.7755	-1.0207	-0.28805	-13.63	-103.37	-36.632	2.3683	-15.693	-2.4674	62.752	20.244	-6.9177	-15.427	2.0873	-24.087	-14.379	34.667
-7.4194	-21.976	6.146	4.8759	1.8347	-0.90098	1.7408	0.72777	-1.3843	-2.1016	-0.90739	2.4845	-0.27373	-1.5073	-22.018	-4.0381	-101.9	55.17	-1.3415	-22.398	21.455	-4.2278	-19.672	-35.81	-26.731	28.359	29.88	-48.769
-8.2982	-33.184	1.3633	7.0334	3.9599	0.10054	3.4191	0.91071	-2.9543	-0.44472	-1.6503	1.2455	1.6946	-1.6452	-35.151	-448.35	-191.31	86.299	85.006	40.061	67.128	7.3175	-62.798	66.274	-29.716	-49.561	78.732	-5.5172
-9.2128	-39.951	-1.4556	5.7872	6.6267	-0.43808	5.3041	2.9408	-3.0461	1.1221	-2.3891	1.6874	0.73575	-2.6632	-36.582	-270.67	-112.76	-49.847	106.67	-21.545	75.402	81.202	-3.6747	62.672	-29.553	17.677	-38.353	-40.721
-9.3149	-42.247	-8.7043	3.6876	5.1194	0.41833	5.8922	2.4631	0.76666	-0.11766	-2.3062	0.3465	0.0092012	-0.96774	-4.086	-91.818	-289.95	-83.985	-60.292	34.256	23.525	-19.105	152.51	-49.589	3.3186	-53.637	-29.062	67.82
-8.0682	-24.7	-9.8117	8.1963	-0.0010478	4.7542	2.7852	2.3858	-0.10964	0.39244	-0.25051	-0.95482	0.096484	-0.12439	49.869	701.87	-44.296	180.35	-204.82	173.44	-124.28	-3.0929	-35.052	20.404	82.226	-52.053	3.4913	33.734
-7.3421	-9.4967	-4.5343	7.9839	0.91389	4.1618	0.65848	0.15013	-2.8127	0.68114	0.035993	0.83627	-0.37109	-1.1256	29.046	608.13	211.1	-8.4973	36.598	-23.697	-85.07	-89.427	-108.12	11.548	11.46	71.643	-18.703	-40.047
-6.5606	-11.66	3.3796	4.9386	2.4029	2.5497	-1.2336	-0.67904	-1.053	-0.34598	-0.60309	0.28639	-0.093646	-0.65446	31.26	-86.515	316.56	-121.81	59.56	-64.483	-75.683	-33.167	70.387	-41.085	-25.563	-21.995	11.098	18.844
-6.0694	0.075981	5.599	0.19551	0.19889	3.6154	2.0224	-1.8178	-1.4385	-2.5104	1.46	0.64503	1.1439	0.081778	19.646	469.42	88.775	-189.72	-88.16	42.628	130.24	-45.549	-15.42	-86.578	82.525	14.345	49.502	29.45
-6.1951	6.6067	1.2129	1.0023	-0.48657	1.9409	0.18874	0.36039	-1.3455	0.18443	1.7947	-0.86133	0.62312	0.5334	-5.0265	261.23	-175.45	32.272	-27.418	-66.98	-73.348	87.126	3.7232	107.79	13.388	-60.254	-20.831	18.065
-6.1469	13.858	-9.8129	-0.66532	-1.7237	3.3616	0.26419	3.4099	0.76432	-0.21059	-0.58392	-2	0.86988	0.51433	1.9249	290.07	-441.03	-66.705	-49.485	56.827	3.0184	121.98	84.391	-15.801	-95.146	-45.547	9.8703	-0.76288
-5.8322	18.413	-15.736	-0.91433	-5.5722	2.2967	0.18631	1.6719	-1.6372	-0.39311	0.066089	-1.3681	0.83884	-0.25984	12.592	182.2	-236.93	-9.9603	-153.94	-42.595	-3.1154	-69.517	-96.061	-7.3008	26	25.278	-1.2418	-30.967
-5.5429	16.267	-18.039	-1.9689	-6.7085	4.0201	-1.038	0.76422	-1.7758	0.29917	1.4299	-0.49139	-0.42422	-1.0723	11.569	-85.838	-92.13	-42.183	-45.452	68.936	-48.973	-36.309	-5.5432	27.691	54.552	35.067	-50.522	-32.497
-5.3239	14.549	-19.122	-0.52323	-7.3299	4.1406	-0.94367	1.8687	-2.2261	0.13906	0.47843	-0.27436	0.24442	-1.8596	8.7621	-68.745	-43.294	57.827	-24.856	4.8202	3.7738	44.18	-18.011	-6.4043	-38.059	8.6809	26.746	-31.493
-5.2218	13.139	-19.378	-0.50931	-7.554	3.898	-1.4984	2.6819	-0.68465	-0.14032	-0.1141	-0.921	0.66836	-1.9036	4.0847	-56.409	-10.237	0.55684	-8.9624	-9.7062	-22.188	32.526	61.657	-11.175	-23.701	-25.865	16.957	-1.7594
-5.0028	14.605	-19.424	1.4319	-7.562	2.0835	-2.1601	2.921	-0.90879	-1.1978	-1.8334	-3.2363	0.045021	-0.60682	8.7582	58.674	-1.854	77.647	-0.32245	-72.578	-26.469	9.566	-8.9654	-42.298	-68.773	-92.614	-24.934	51.87
-4.8323	17.298	-18.899	0.21339	-8.7068	3.5157	-2.2247	2.7796	-0.88172	-0.76836	0.23039	-0.6961	1.4983	-0.80556	6.8194	107.71	21.016	-48.739	-45.792	57.287	-2.5859	-5.6572	1.0826	17.176	82.552	101.61	58.131	-7.9497
-4.9273	19.542	-17.161	1.0289	-7.7191	2.4293	-1.2468	1.4584	-2.127	0.1705	-0.78763	-0.088272	1.6242	-0.59653	-3.7989	89.734	69.484	32.619	39.511	-43.457	39.12	-52.847	-49.811	37.555	-40.721	24.313	5.038	8.3613
-4.9943	13.829	-18.796	1.0596	-9.6829	2.7757	-1.5838	1.0211	-0.94573	-0.79096	-1.4379	-1.551	-0.16116	-1.6726	-2.6824	-228.51	-65.383	1.2296	-78.555	13.856	-13.48	-17.491	47.251	-38.459	-26.011	-58.507	-71.416	-43.043
-5.0331	14.756	-20.008	0.30741	-9.3119	1.9936	-1.0949	0.0044979	-2.0942	-0.13836	-0.13595	-1.8513	0.66663	0.088214	-1.5485	37.065	-48.484	-30.088	14.841	-31.282	19.555	-40.665	-45.937	26.104	52.078	-12.013	33.112	70.432
-4.9902	10.297	-22.06	1.2888	-8.5805	0.51851	-2.3851	0.90616	0.50009	1.0156	-0.1915	-0.74272	1.0467	-0.91611	1.7138	-178.35	-82.094	39.256	29.255	-59.005	-51.61	36.066	103.77	46.16	-2.2221	44.342	15.202	-40.173
-4.9323	9.6557	-23.764	0.87925	-8.3258	3.0169	1.4352	2.4124	0.084117	-0.45378	-1.8408	-1.3962	-0.35281	0.11872	2.3155	-25.64	-68.126	-16.383	10.188	99.936	152.81	60.251	-16.639	-58.776	-65.973	-26.139	-55.98	41.393
-4.9475	11.104	-23.841	1.2718	-4.5447	1.7076	1.8341	0.38891	-2.1088	1.6315	-0.65515	1.6096	0.14801	-0.46906	-0.60649	57.911	-3.0863	15.703	151.25	-52.371	15.955	-80.941	-87.716	83.411	47.427	120.23	20.033	-23.511
-5.5423	8.4057	-21.202	1.7941	0.70707	-1.4527	1.0344	1.9604	-3.765	3.1341	-0.94574	-0.63524	0.59382	-0.54014	-23.791	-107.91	105.54	20.892	210.07	-126.41	-31.988	62.858	-66.249	60.104	-11.623	-89.792	17.833	-2.8432
-6.695	-8.7717	-15.887	-3.7989	0.54531	-0.94879	2.8675	5.0081	-1.3857	0.72974	-0.88248	-0.22299	1.2694	-0.81718	-46.109	-687.09	212.62	-223.72	-6.4704	20.157	73.322	121.91	95.172	-96.174	2.5303	16.49	27.025	-11.082
-9.4966	-30.378	-13.679	-6.5838	-2.0118	0.24288	0.16245	1.8444	1.3533	-1.9437	-0.18429	0.74221	1.7283	-0.1212	-112.06	-864.27	88.329	-111.4	-102.28	47.667	-108.2	-126.55	109.56	-106.94	27.927	38.608	18.355	27.839
-10.492	-36.341	-7.7103	-4.8119	-2.8334	2.7016	1.0409	1.607	0.82135	-0.418	-1.0441	0.35407	-0.14708	-0.065591	-39.816	-238.51	238.73	70.876	-32.865	98.349	35.14	-9.4952	-21.276	61.027	-34.392	-15.525	-75.016	2.2242
-6.9291	-34.099	1.823	2.3475	1.7047	5.4606	2.3799	3.6913	0.19599	-0.82402	0.87892	0.29386	-2.3377	-2.426	142.51	89.689	381.33	286.38	181.52	110.36	53.559	83.374	-25.014	-16.241	76.921	-2.4082	-87.625	-94.416
-6.3634	-17.564	6.5632	3.9883	3.3049	6.6996	2.4208	0.70395	-0.76082	-1.8418	-0.95059	1.7864	0.20041	-0.94391	22.627	661.39	189.61	65.631	64.009	49.558	1.6349	-119.5	-38.273	-40.71	-73.181	59.703	101.52	59.284
-6.0953	-14.274	6.1395	1.7024	1.4698	2.3809	1.6921	2.4808	0.92249	-1.7984	-0.7516	2.565	0.30609	0.010579	10.726	131.61	-16.948	-91.438	-73.402	-172.75	-29.146	71.075	67.333	1.7355	7.9597	31.143	4.2272	38.18
-6.4205	-12.649	5.2141	1.4508	0.29333	1.9106	3.0639	2.629	1.6726	-2.1868	-1.2703	2.892	0.98803	-0.24356	-13.009	65.001	-37.014	-10.062	-47.06	-18.813	54.87	5.9261	30.005	-15.536	-20.75	13.079	27.278	-10.165
-6.0788	-9.8383	5.3532	0.32217	-0.44027	1.8921	2.9576	1.8469	1.4186	-1.8651	-0.77711	3.0048	0.3134	0.54951	13.667	112.42	5.563	-45.146	-29.344	-0.73781	-4.2523	-31.284	-10.16	12.868	19.729	4.5109	-26.985	31.723
-5.0367	-4.5431	9.5599	2.0332	-2.046	-4.8409	0.9028	1.8441	2.3294	0.60016	0.01606	1.1998	0.7602	0.23518	41.684	211.81	168.27	68.443	-64.231	-269.32	-82.191	-0.10969	36.43	98.609	31.727	-72.2	17.872	-12.573
-4.5245	0.54843	11.505	-0.31991	-3.4627	-7.461	1.1574	3.2359	1.0983	2.6586	-0.35355	-0.24419	1.7268	0.79443	20.489	203.66	77.815	-94.126	-56.666	-104.8	10.185	55.672	-49.242	82.338	-14.784	-57.759	38.664	22.37
-4.3476	0.59457	12.342	-0.86608	-3.3407	-7.8092	1.053	5.0002	1.1644	2.4551	-1.4412	-1.051	2.3608	0.73032	7.0779	1.846	33.483	-21.846	4.8813	-13.928	-4.1758	70.57	2.6427	-8.1411	-43.508	-32.273	25.362	-2.5646
-4.3651	2.5581	11.411	-0.84388	-4.0093	-8.2459	2.6147	5.7873	-0.10478	2.0991	-0.56714	-1.5722	2.5688	0.49931	-0.6998	78.541	-37.246	0.88768	-26.744	-17.471	62.467	31.483	-50.767	-14.241	34.964	-20.847	8.3181	-9.2404
-4.4294	2.4174	11.6	-0.64154	-4.5247	-7.3139	3.0232	5.2621	-0.21239	2.0047	-0.38777	-1.646	2.3737	0.50957	-2.5744	-5.6284	7.5328	8.0938	-20.616	37.281	16.339	-21.005	-4.3041	-3.7751	7.1745	-2.9545	-7.8059	0.41042
-4.4501	1.9206	12.036	0.13054	-4.2627	-7.3643	2.8964	5.2125	-0.39916	1.792	0.19435	-2.125	2.5663	0.33095	-0.82637	-19.873	17.459	30.883	10.479	-2.0156	-5.0694	-1.9873	-7.4708	-8.5087	23.285	-19.158	7.7069	-7.1446
-4.3995	2.9001	11.295	1.1479	-3.5286	-8.1523	4.009	4.1934	-0.082321	1.3835	0.36364	-1.5218	1.9442	0.10468	2.0236	39.18	-29.627	40.696	29.363	-31.522	44.503	-40.762	12.673	-16.339	6.7714	24.126	-24.884	-9.051
-4.3453	5.256	11.419	-0.045387	-3.4006	-7.1599	4.6537	4.024	-1.2818	1.2601	0.40821	-0.96468	1.9256	0.1478	2.1695	94.239	4.9661	-47.733	5.1206	39.697	25.786	-6.775	-47.978	-4.9372	1.7831	22.286	-0.74467	1.7247
-4.3104	6.2944	11.685	0.13788	-3.8035	-7.2588	5.0019	3.8748	-1.4993	0.96048	0.83745	-0.59359	1.2639	0.89598	1.395	41.533	10.625	7.3307	-16.116	-3.9565	13.929	-5.9685	-8.6999	-11.983	17.169	14.844	-26.468	29.928
-4.2261	7.3948	10.178	1.4838	-3.5764	-7.2552	5.271	2.832	-0.16217	-0.45425	1.7726	-1.1831	1.2256	1.5202	3.3699	44.016	-60.3	53.839	9.0863	0.14497	10.766	-41.713	53.484	-56.589	37.407	-23.581	-1.5304	24.968
-4.2334	7.284	10.751	1.7045	-4.14	-6.9335	4.2411	4.1011	-0.99357	0.74144	0.48477	-0.99638	1.9858	0.66656	-0.28975	-4.4313	22.922	8.8246	-22.544	12.868	-41.196	50.764	-33.256	47.827	-51.513	7.4699	30.408	-34.145
-4.2934	5.8216	10.476	2.8139	-3.4629	-7.0865	3.941	3.8405	-0.78062	1.2284	-0.44097	-0.57021	1.3587	1.639	-2.4027	-58.497	-10.996	44.379	27.083	-6.1203	-12.003	-10.424	8.5182	19.479	-37.03	17.047	-25.087	38.899
-4.3729	4.938	9.9508	4.8924	-4.4654	-6.9474	2.9398	3.8679	-0.33495	0.65987	0.16946	-0.39412	1.2228	1.3292	-3.1801	-35.342	-20.998	83.14	-40.1	5.5665	-40.05	1.0947	17.827	-22.742	24.417	7.0438	-5.4337	-12.394
-4.5243	-2.0268	11.942	6.309	-3.4872	-6.3741	0.78731	3.0286	0.23556	0.76756	0.77191	-1.3316	1.0871	1.6086	-6.0537	-278.59	79.656	56.662	39.127	22.929	-86.1	-33.571	22.82	4.3075	24.098	-37.5	-5.4305	11.175
-4.6558	-7.202	11.681	8.9627	-3.0419	-6.0482	0.95458	0.23097	0.5763	0.33842	2.2212	-1.3995	0.72295	2.1095	-5.2588	-207.01	-10.466	106.15	17.814	13.036	6.6911	-111.91	13.63	-17.166	57.971	-2.7155	-14.564	20.036
-4.6546	-12.454	12.226	11.538	-1.8868	-4.5448	0.35707	-0.99625	0.72183	-0.58948	2.2683	-0.18783	-0.14252	2.1247	0.047426	-210.1	21.812	103.02	46.203	60.137	-23.901	-49.089	5.8211	-37.116	1.8861	48.467	-34.619	0.60849
-4.7124	-17.091	13.379	11.423	-0.0098458	-2.3344	-0.73265	0.21006	-0.12704	-1.7914	1.7362	-0.28728	0.70412	2.0315	-2.3133	-185.48	46.133	-4.6077	75.078	88.417	-43.589	48.252	-33.955	-48.076	-21.284	-3.978	33.866	-3.7282
-4.8445	-21.785	13.904	11.725	0.93998	-1.575	-1.053	-0.66578	0.42217	-3.635	2.9757	0.80304	-0.41454	1.3515	-5.285	-187.72	20.987	12.09	37.993	30.375	-12.813	-35.034	21.969	-73.745	49.579	43.613	-44.746	-27.198
-4.953	-23.045	12.835	13.332	1.031	-1.9409	-1.0845	0.6805	0.47614	-3.4608	2.6398	-0.5864	0.22881	1.6714	-4.3406	-50.432	-42.772	64.254	3.6421	-14.635	-1.2613	53.851	2.1587	6.9668	-13.434	-55.577	25.734	12.796
-5.0924	-24.068	14.086	13.164	-0.21012	-1.509	-0.046469	-0.14023	0.61529	-2.7135	1.2788	0.34156	-0.11325	0.8982	-5.5735	-40.923	50.076	-6.7235	-49.646	17.275	41.521	-32.829	5.566	29.893	-54.443	37.119	-13.682	-30.928
-5.0676	-23.516	14.178	13.048	-0.26523	-1.6409	-0.74474	-0.42168	2.0079	-2.6025	1.2872	-0.34937	-0.38782	1.3553	0.99218	22.098	3.6448	-4.6276	-2.2045	-5.277	-27.931	-11.258	55.706	4.4409	0.33768	-27.637	-10.983	18.284
-4.8615	-21.086	13.388	13.754	-0.55765	-2.622	-1.4126	-0.73201	2.6931	-2.1238	1.1504	-1.1777	-0.5483	1.7146	8.2443	97.204	-31.58	28.26	-11.697	-39.241	-26.713	-12.413	27.408	19.148	-5.4731	-33.135	-6.419	14.371
-4.59	-17.655	13.615	13.702	-0.72373	-4.2795	-1.9298	0.58668	2.0143	-2.7736	1.7463	-0.47343	-1.419	1.5184	10.861	137.25	9.0755	-2.0868	-6.6434	-66.302	-20.69	52.747	-27.152	-25.992	23.838	28.172	-34.827	-7.8452
-4.2462	-12.986	13.429	13.045	-0.25492	-6.2116	-2.6144	1.2036	2.1419	-2.3602	1.7128	-1.0076	-1.3849	1.1471	13.749	186.76	-7.449	-26.271	18.752	-77.283	-27.382	24.677	5.1033	16.538	-1.3431	-21.365	1.3644	-14.855
-3.7519	-1.6063	12.983	9.2069	-1.9905	-6.782	-0.71143	1.1509	1.6106	-2.7035	0.83672	0.1083	-1.0339	1.764	19.775	455.17	-17.825	-153.54	-69.423	-22.816	76.117	-2.1069	-21.252	-13.733	-35.042	44.634	14.039	24.679
-3.5342	11.734	12.873	2.5846	-4.1263	-6.8138	1.5605	2.0241	-1.0198	-2.3493	1.2004	1.3019	0.19926	0.58696	8.7056	533.63	-4.4068	-264.89	-85.432	-1.271	90.875	34.926	-105.22	14.168	14.547	47.745	49.326	-47.083
-3.3152	14.936	13.342	-0.73396	-2.1891	-6.34	1.5994	2.1829	-1.9853	-1.9217	2.0009	2.063	-0.88761	0.039402	8.7611	128.07	18.744	-132.74	77.489	18.954	1.5578	6.3524	-38.623	17.103	32.019	30.441	-43.475	-21.902
-3.2538	19.59	12.803	-3.2251	-0.9139	-5.6924	1.4416	1.8152	-2.2093	-0.81382	2.2049	1.9176	-2.2906	0.14271	2.4571	186.15	-21.529	-99.644	51.007	25.902	-6.3117	-14.708	-8.9569	44.316	8.1602	-5.8126	-56.121	4.1325
-3.1231	22.839	10.449	-3.2278	-0.6008	-3.9136	0.71966	0.17419	-0.46651	-0.79597	2.8557	0.72663	-2.3311	-0.30306	5.2279	129.98	-94.182	-0.11118	12.524	71.151	-28.878	-65.639	69.71	0.71408	26.032	-47.641	-1.6197	-17.831
-3.166	24.151	9.7077	-3.7603	-0.33146	-2.4717	-0.99315	0.34525	-0.11803	0.36046	2.2154	0.10463	-2.3612	0.36536	-1.7188	52.45	-29.644	-21.298	10.774	57.677	-68.513	6.8422	13.939	46.257	-25.609	-24.88	-1.2027	26.737
-3.3475	23.367	9.0235	-3.3122	0.13712	-2.0703	-1.8514	-0.17149	0.59428	0.78522	1.7598	0.38056	-2.561	0.084107	-7.2588	-31.351	-27.365	17.925	18.743	16.056	-34.331	-20.67	28.493	16.99	-18.225	11.037	-7.993	-11.25
-3.4957	21.703	10.06	-5.1339	1.3539	-1.4178	-2.4907	-1.2512	1.4297	2.0454	1.0718	-0.51993	-2.3595	0.44699	-5.9285	-66.567	41.454	-72.871	48.669	26.1	-25.57	-43.19	33.417	50.407	-27.523	-36.02	8.0589	14.515
-3.5963	19.139	10.166	-4.5242	1.8113	-0.79851	-3.8206	-1.1767	1.7654	2.7498	-0.36871	-0.39394	-1.4505	0.84597	-4.0226	-102.55	4.2361	24.388	18.297	24.771	-53.198	2.9822	13.429	28.175	-57.619	5.0398	36.361	15.959
-3.614	17.508	9.5973	-4.3041	3.5119	-1.3639	-3.2291	-2.8291	2.5526	3.022	-0.85083	-1.1057	0.22522	-0.15186	-0.7083	-65.245	-22.739	8.8059	68.027	-22.616	23.66	-66.095	31.489	10.889	-19.285	-28.469	67.03	-39.913
-3.7069	17.265	9.6143	-4.7578	4.4534	-2.1693	-2.7539	-3.1633	2.6132	2.0298	-0.81801	-0.38662	0.27152	0.41479	-3.717	-9.701	0.67845	-18.148	37.66	-32.217	19.008	-13.369	2.4234	-39.688	1.313	28.762	1.852	22.666
-3.9008	15.282	10.414	-4.4928	4.0823	-1.3882	-4.0217	-2.5194	2.1141	2.3813	-1.3502	0.13819	-0.2222	0.83191	-7.7569	-79.349	31.995	10.601	-14.846	31.246	-50.713	25.758	-19.965	14.059	-21.29	20.992	-19.749	16.685
-4.0844	10.67	11.157	-3.7124	3.793	-1.0334	-4.2164	-2.3829	2.3043	2.1955	-1.6368	0.14376	0.10106	0.12592	-7.3414	-184.45	29.718	31.215	-11.571	14.192	-7.7854	5.4585	7.6088	-7.429	-11.461	0.22285	12.93	-28.24
-4.124	9.0267	9.4836	-1.5392	4.5677	-1.397	-5.601	-2.2648	2.5531	1.4016	-0.59853	0.40412	-0.22443	0.44643	-1.5864	-65.738	-66.94	86.928	30.989	-14.543	-55.386	4.7224	9.9498	-31.758	41.53	10.415	-13.019	12.82
-4.3251	3.4009	10.194	0.41948	5.6189	-1.4084	-6.9587	-1.6377	1.5877	2.2531	-1.5518	1.394	-0.70617	0.96647	-8.0421	-225.03	28.405	78.346	42.045	-0.45948	-54.306	25.087	-38.616	34.06	-38.129	39.596	-19.27	20.802
-4.8887	-2.7208	11.053	2.9607	4.3688	-2.3018	-4.9041	-1.7276	0.55527	0.51284	-1.5353	1.4957	-0.62336	1.2189	-22.544	-244.87	34.359	101.65	-50.001	-35.734	82.183	-3.5984	-41.296	-69.61	0.66042	4.0673	3.3126	10.097
-5.0365	-11.241	11.065	6.1302	5.2239	-0.86341	-5.5517	-0.87859	2.7717	-1.7514	-2.6371	2.0189	0.085561	0.30901	-5.9126	-340.81	0.49485	126.78	34.202	57.535	-25.904	33.961	88.657	-90.569	-44.075	20.926	28.357	-36.395
-5.7734	-26.717	9.2742	6.9922	3.123	-2.8419	-6.5534	-2.4499	-0.40215	-2.4403	-2.1276	1.7631	0.048566	0.71927	-29.476	-619.05	-71.634	34.48	-84.037	-79.14	-40.067	-62.851	-126.95	-27.558	20.383	-10.23	-1.4798	16.41
-8.394	-57.67	-2.8589	5.6601	0.97997	1.4967	-3.3243	-3.0486	-3.9136	-0.75941	-0.88763	0.55685	2.6223	1.0289	-104.83	-1238.1	-485.33	-53.284	-85.72	173.54	129.16	-23.948	-140.46	67.237	49.597	-48.251	102.95	12.385
-12.5	-65.567	-12.604	-1.1931	-0.28416	2.6383	-1.6887	0.79687	0.81052	0.2486	-1.5023	-0.44959	0.20914	0.16064	-164.23	-315.86	-389.78	-274.13	-50.565	45.663	65.422	153.82	188.96	40.321	-24.589	-40.257	-96.526	-34.73
-13.214	-68.772	-12.725	-0.3185	0.9366	4.3157	-0.5869	2.0025	-0.31066	0.83028	1.4041	0.23291	0.72886	-0.4345	-28.581	-128.22	-4.8526	34.983	48.83	67.096	44.073	48.227	-44.847	23.267	116.26	27.3	20.789	-23.806
-13.547	-72.555	-13.82	-3.9805	-1.275	2.9746	-1.1469	2.5535	-0.89562	2.4362	1.7798	0.22053	0.87427	-0.51857	-13.311	-151.33	-43.806	-146.48	-88.464	-53.641	-22.399	22.037	-23.398	64.237	15.027	-0.49504	5.8165	-3.3627
-13.863	-72.931	-14.536	-1.9328	-1.8075	0.60096	-0.41616	4.5688	-0.16429	1.9219	0.19043	-0.5494	0.82246	-0.86057	-12.643	-15.028	-28.655	81.905	-21.302	-94.946	29.228	80.613	29.253	-20.574	-63.573	-30.797	-2.0724	-13.68
-13.651	-72.332	-13.824	-0.025281	-0.022192	2.054	-1.4755	3.0668	-0.036446	0.90277	1.431	0.36231	1.1458	-1.2469	8.4895	23.959	28.48	76.303	71.414	58.121	-42.373	-60.081	5.1137	-40.764	49.622	36.468	12.932	-15.453
-13.515	-73.338	-14.927	-2.5313	-1.5216	1.8443	-0.045333	2.8218	-0.11117	1.6935	0.24637	-0.039163	1.4945	-1.5006	5.4281	-40.23	-44.115	-100.24	-59.976	-8.387	57.207	-9.7999	-2.989	31.631	-47.385	-16.059	13.949	-10.148
-13.295	-70.666	-13.599	-3.6071	-3.8198	0.55251	-2.0902	1.9707	0.17835	-1.1522	-1.6134	0.20113	1.9384	-1.193	8.7967	106.86	53.142	-43.035	-91.93	-51.672	-81.793	-34.041	11.581	-113.83	-74.39	9.6115	17.756	12.304
-5.6419	1.7996	-3.9224	-11.762	-2.6818	0.4245	-1.5329	-1.8384	0.43776	-0.97157	-0.74329	0.37537	1.7159	1.9755	306.14	2898.6	387.05	-326.21	45.522	-5.1207	22.29	-152.37	10.377	7.2247	34.804	6.9697	-8.897	126.74
-5.3523	24.284	-2.232	-10.559	-3.4241	0.4434	-2.7446	-2.1236	0.69801	0.14812	-0.5957	0.60671	1.3928	2.1749	11.586	899.36	67.617	48.114	-29.692	0.7561	-48.468	-11.41	10.41	44.788	5.9036	9.2537	-12.924	7.9738
-5.5299	17.249	-5.8307	-3.9144	0.33547	1.4764	-3.4839	-1.8258	1.9767	0.64002	1.4535	0.63353	-0.60399	1.1273	-7.105	-281.4	-143.95	265.8	150.38	41.322	-29.573	11.913	51.146	19.676	81.967	1.0726	-79.873	-41.904
-6.7004	6.3021	-7.7782	-5.2588	1.3579	1.9776	-1.4102	-1.8067	1.6014	0.77657	-1.3604	-0.10463	0.63536	0.0084598	-46.82	-437.87	-77.897	-53.775	40.899	20.047	82.949	0.76423	-15.011	5.4618	-112.56	-29.526	49.574	-44.752
-6.8592	5.8005	-4.8881	-5.7842	1.6913	2.0475	-1.8227	-2.2775	2.0508	1.5273	-1.0695	-1.2778	-0.86402	-1.8751	-6.354	-20.064	115.6	-21.018	13.334	2.7971	-16.501	-18.833	17.974	30.031	11.637	-46.927	-59.975	-75.344
-6.9198	5.1394	-5.033	-7.5612	2.8842	4.0893	0.76227	-0.75647	0.53637	1.393	-0.7539	-0.56367	0.68246	-1.0692	-2.4235	-26.446	-5.7975	-71.08	47.716	81.67	103.4	60.842	-60.575	-5.3719	12.624	28.566	61.859	32.236
-7.2447	-0.37057	-3.5624	-8.1427	0.71763	2.7555	0.11887	-1.0249	0.68742	2.0302	0.019738	-0.44123	-0.58409	-0.36642	-12.994	-220.4	58.824	-23.26	-86.662	-53.353	-25.736	-10.736	6.0417	25.486	30.946	4.8977	-50.662	28.112
-7.7611	-4.9574	0.14825	-7.5665	-0.47856	1.4329	-1.669	-1.5221	2.287	0.44878	-1.2873	-0.54805	-0.12285	-0.20666	-20.658	-183.47	148.43	23.051	-47.847	-52.901	-71.514	-19.89	63.983	-63.257	-52.28	-4.2729	18.45	6.3905
-8.1375	-14.89	-3.4542	-8.2551	-1.6348	2.3886	-1.5807	-2.1356	2.4978	-0.30467	-0.28492	-0.18399	-1.0994	-1.7939	-15.056	-397.32	-144.1	-27.544	-46.25	38.225	3.5327	-24.538	8.4336	-30.138	40.094	14.562	-39.063	-63.491
-9.0069	-22.052	-4.7851	-7.8676	-1.4464	3.2958	-0.85799	-3.4823	0.21446	-0.76627	-0.27054	-0.92186	-2.7236	0.15793	-34.774	-286.46	-53.239	15.499	7.5375	36.291	28.907	-53.87	-91.335	-18.464	0.57537	-29.514	-64.967	78.075
-9.488	-26.362	-4.2824	-8.5944	-3.8832	0.65654	-1.0157	-1.8169	1.405	0.2832	-0.0091919	-0.77886	-1.7135	1.8826	-19.244	-172.42	20.109	-29.072	-97.472	-105.57	-6.3092	66.615	47.62	41.979	10.454	5.7199	40.406	68.988
