-2.4969	14.513	3.9037	-0.056155	1.2047	0.6033	0.09222	-1.9837	0.97581	-0.37164	1.4565	-0.1039	0.34522	-1.1465	0	0	0	0	0	0	0	0	0	0	0	0	0	0
-1.6993	35.855	8.192	-3.9391	0.12807	0.92787	-1.5473	-2.1789	-2.604	-2.2513	2.1257	0.56332	-0.34679	-0.025745	31.905	853.69	171.53	-155.32	-43.065	12.983	-65.582	-7.8077	-143.19	-75.186	26.77	26.689	-27.681	44.831
-1.1782	37.461	6.6063	-4.989	0.6363	-0.048057	-0.85176	-2.759	-2.4935	-1.6397	2.0442	0.59458	-0.24396	-0.29524	20.845	64.241	-63.425	-41.996	20.329	-39.037	27.823	-23.207	4.4173	24.462	-3.2613	1.2501	4.1132	-10.78
-0.72563	40.373	6.3137	-5.6073	-0.77279	-0.91595	-0.39263	-2.6833	-2.3677	-1.3588	2.5367	0.65923	-0.31354	-0.49435	18.103	116.47	-11.706	-24.731	-56.364	-34.716	18.365	3.0288	5.0327	11.238	19.701	2.5861	-2.7831	-7.9644
-0.22296	43.492	6.7634	-6.3702	-1.5177	-2.6605	0.37459	-2.4282	-2.3488	-1.1505	3.3184	1.1418	0.50457	-1.4076	20.107	124.78	17.987	-30.516	-29.797	-69.782	30.689	10.206	0.75486	8.3311	31.267	19.301	32.724	-36.53
0.018642	45.446	7.0255	-6.875	-2.5813	-3.6198	0.43755	-1.8734	-2.1857	-1.5617	3.237	2.1996	0.24365	-1.2887	9.664	78.155	10.487	-20.193	-42.543	-38.371	2.5183	22.189	6.5248	-16.447	-3.2567	42.312	-10.437	4.7546
-0.34319	40.93	10.61	-7.3112	-3.206	-3.4543	0.27355	-0.88748	-1.9173	-1.0055	2.3417	2.8208	-1.6832	0.87273	-14.473	-180.67	143.37	-17.446	-24.989	6.6209	-6.5601	39.438	10.737	22.247	-35.813	24.851	-77.074	86.459
-1.32	28.694	9.3965	-2.5806	-2.0651	-1.2617	0.080062	0.61935	0.53897	-0.6247	2.1083	1.4513	-2.9939	2.1093	-39.073	-489.41	-48.534	189.22	45.635	87.704	-7.7394	60.273	98.25	15.232	-9.3333	-54.78	-52.429	49.461
-2.7635	21.709	6.4833	-2.153	-1.8816	0.14532	2.1412	1.7938	0.78823	0.51036	3.3168	1.5778	-0.53028	1.2971	-57.739	-279.42	-116.53	17.102	7.3402	56.279	82.446	46.977	9.9704	45.402	48.339	5.0592	98.546	-32.487
-3.5051	20.267	3.667	-3.0222	-0.66843	-0.23234	3.9282	1.8516	2.0402	0.16958	3.1645	0.3204	-0.99099	0.86433	-29.665	-57.682	-112.65	-34.768	48.528	-15.107	71.481	2.3122	50.078	-13.631	-6.0925	-50.296	-18.428	-17.31
-4.1356	15.932	-1.5818	-3.8699	1.7442	-0.43649	5.3324	3.0987	1.8226	0.16656	1.0485	-1.3044	-0.50548	0.48115	-25.218	-173.39	-209.95	-33.909	96.504	-8.1661	56.164	49.882	-8.7013	-0.12082	-84.639	-64.993	19.42	-15.327
-4.4812	15.228	-6.4777	-7.4012	-2.1313	-0.31956	4.1788	3.586	2.2556	1.6969	3.6474	-0.92682	0.059788	-0.12751	-13.823	-28.16	-195.84	-141.25	-155.02	4.6774	-46.143	19.493	17.317	61.214	103.95	15.105	22.611	-24.346
-3.8234	16.428	-9.7432	-9.8056	-4.321	-1.8428	4.2837	3.2088	-0.51246	-0.59883	4.1111	0.33557	0.68458	-2.2606	26.311	47.992	-130.62	-96.176	-87.59	-60.928	4.1958	-15.086	-110.72	-91.83	18.548	50.496	24.992	-85.324
-3.812	18.895	-9.0525	-9.3974	-5.3432	-3.7122	4.2936	0.49974	-1.3869	-0.43695	5.2461	0.32041	-0.70757	-1.8496	0.45309	98.686	27.629	16.328	-40.888	-74.778	0.3984	-108.36	-34.979	6.4753	45.402	-0.60644	-55.686	16.441
-4.5286	14.151	-8.3813	-6.6742	-2.928	-2.2083	3.0303	1.8948	-0.62464	-0.17923	3.3075	-0.4777	-0.50985	-1.3534	-28.662	-189.77	26.847	108.93	96.61	60.157	-50.535	55.801	30.492	10.309	-77.543	-31.924	7.9086	19.845
-5.0671	8.7405	-7.257	-6.8788	-2.7839	-2.1316	5.1327	1.0708	-1.1394	0.023299	1.9261	-1.3008	0.7165	-0.82957	-21.54	-216.41	44.971	-8.1812	5.7611	3.0684	84.096	-32.96	-20.591	8.1012	-55.257	-32.926	49.054	20.955
-5.0835	10.257	-6.4059	-6.7116	-3.2329	-1.3347	4.453	-0.43606	0.19788	-0.49004	2.9642	-1.2662	-0.31447	-0.24274	-0.6552	60.67	34.044	6.687	-17.958	31.874	-27.186	-60.273	53.492	-20.534	41.525	1.3873	-41.239	23.473
-4.7468	9.772	-7.9269	-7.5162	-1.6513	-0.85004	4.0255	-0.42246	-0.43607	-1.8148	2.71	-0.43967	-0.21262	-1.6197	13.466	-19.414	-60.84	-32.182	63.263	19.387	-17.1	0.54396	-25.358	-52.992	-10.168	33.059	4.0738	-55.08
-4.765	6.5895	-7.6038	-9.2512	-3.7777	-2.3424	3.4926	-0.1703	-0.45288	-1.7176	3.7614	0.21781	-1.5743	-1.4006	-0.72629	-127.3	12.926	-69.4	-85.055	-59.694	-21.317	10.087	-0.67255	3.89	42.055	26.299	-54.466	8.7649
-5.0769	6.0889	-7.252	-6.4309	-0.22284	-1.3685	4.0959	-1.0039	0.28539	0.64719	3.8709	0.65549	-0.18519	-0.53938	-12.476	-20.024	14.069	112.81	142.19	38.957	24.133	-33.343	29.531	94.591	4.3795	17.507	55.563	34.449
-3.7686	7.8164	0.90992	-1.571	2.1373	0.62135	4.9274	0.42238	-0.057429	-1.6233	1.0468	0.61197	-1.8444	-0.14538	52.333	69.101	326.48	194.39	94.406	79.593	33.259	57.051	-13.713	-90.82	-112.96	-1.7405	-66.37	15.76
-1.9769	22.979	7.3507	0.89658	-0.94056	0.27939	2.4315	-0.50266	-0.99742	0.11179	0.85394	0.056732	-1.4989	-0.22398	71.666	606.52	257.63	98.705	-123.11	-13.678	-99.838	-37.002	-37.6	69.404	-7.7136	-22.21	13.821	-3.1439
-0.94998	35.745	7.6801	-0.36318	-1.8069	-0.72041	1.1604	-0.73678	-1.9378	0.70538	0.65159	1.3565	-1.0106	-1.4338	41.077	510.64	13.176	-50.391	-34.654	-39.992	-50.842	-9.3647	-37.615	23.744	-8.094	51.992	19.532	-48.392
-0.10019	38.31	8.6516	-1.3055	-0.81753	-2.3552	-1.4775	-0.90931	-2.3698	0.86129	1.0498	0.77495	0.030967	-1.7989	33.992	102.6	38.863	-37.693	39.575	-65.393	-105.52	-6.9014	-17.279	6.2364	15.929	-23.263	41.664	-14.604
0.4558	37.017	10.997	-2.0654	-1.308	-4.1789	-1.257	-2.0959	-2.3184	0.7047	0.97804	1.3631	0.59424	-2.1656	22.239	-51.733	93.807	-30.396	-19.62	-72.946	8.8196	-47.462	2.0566	-6.2633	-2.8709	23.527	22.531	-14.667
0.72446	38.743	10.665	-2.5008	-2.7434	-3.2695	-3.5834	-0.75558	-2.3749	-0.13669	0.87833	1.2932	1.1784	-2.0276	10.747	69.018	-13.254	-17.414	-57.416	36.377	-93.053	53.611	-2.2617	-33.656	-3.9884	-2.7987	23.367	5.5165
0.84697	39.936	11.005	-2.6327	-2.898	-2.4209	-4.3384	0.20112	-1.9699	-0.71723	1.0945	1.9353	0.95012	-0.99726	4.9003	47.727	13.589	-5.2787	-6.1816	33.941	-30.2	38.268	16.202	-23.222	8.6464	25.686	-9.1318	41.215
0.9384	40.389	10.979	-3.418	-2.6133	-2.5306	-5.5138	1.3077	-2.673	-0.48083	0.73558	2.0942	0.90538	-0.57114	3.6573	18.127	-1.0412	-31.409	11.388	-4.386	-47.018	44.264	-28.124	9.4558	-14.357	6.3551	-1.7896	17.045
0.96393	40.359	11.531	-3.6242	-2.0794	-2.7957	-5.7006	2.0656	-2.6452	-0.34527	0.54228	1.9932	1.3414	-0.24343	1.0211	-1.1999	22.088	-8.2477	21.354	-10.606	-7.4735	30.316	1.1105	5.4228	-7.7318	-4.0395	17.44	13.108
0.97421	40.385	11.455	-2.7082	-3.1108	-2.1572	-5.2713	1.1828	-1.7353	-0.88384	0.31643	2.8304	0.46966	0.28204	0.41112	1.0509	-3.0595	36.639	-41.255	25.541	17.173	-35.314	36.395	-21.543	-9.0343	33.487	-34.869	21.019
0.97207	40.212	11.661	-3.0488	-3.5626	-2.245	-5.2072	1.2624	-2.0173	-1.153	0.19615	2.6583	0.18881	0.21194	-0.085591	-6.927	8.2597	-13.624	-18.072	-3.5118	2.5639	3.1848	-11.28	-10.765	-4.8111	-6.881	-11.234	-2.8043
0.96509	38.979	11.844	-3.6799	-3.9486	-2.8373	-5.113	1.1451	-2.8228	-1.6461	0.68521	1.8832	0.20232	-0.39037	-0.27922	-49.307	7.2976	-25.245	-15.441	-23.693	3.7708	-4.6905	-32.22	-19.724	19.562	-31.005	0.54023	-24.092
0.94685	39.805	12.361	-4.1978	-3.6751	-2.8729	-3.9229	1.2603	-3.5131	-0.41794	0.85881	1.2999	1.1037	-0.86952	-0.72933	33.035	20.681	-20.714	10.941	-1.4233	47.602	4.6079	-27.613	49.125	6.9443	-23.331	36.056	-19.166
0.93867	40.478	11.728	-4.5827	-3.3007	-3.4536	-2.4764	0.50055	-3.5451	0.053248	0.50246	1.9162	0.54484	-1.334	-0.32754	26.911	-25.296	-15.398	14.976	-23.23	57.859	-30.391	-1.2768	18.847	-14.254	24.651	-22.355	-18.578
0.86774	41.142	11.912	-4.9057	-3.6288	-2.6559	-2.465	0.63529	-3.3091	-0.1789	0.919	1.8174	-0.26529	-1.0317	-2.8371	26.562	7.3481	-12.921	-13.125	31.909	0.45468	5.3893	9.4378	-9.2857	16.662	-3.9513	-32.405	12.09
0.79887	41.379	10.6	-5.1827	-4.2237	-2.112	-2.5784	0.43119	-3.627	0.058549	0.81712	1.3761	-0.66441	-1.8401	-2.7545	9.4633	-52.468	-11.078	-23.793	21.755	-4.5364	-8.1638	-12.713	9.4978	-4.0751	-17.652	-15.965	-32.336
0.65552	42.485	9.254	-5.3962	-3.6417	-1.4561	-2.6528	0.3028	-3.0793	0.31511	0.92039	1.2081	-1.1589	-2.1271	-5.734	44.268	-53.856	-8.5422	23.277	26.239	-2.9747	-5.1357	21.908	10.262	4.1306	-6.7205	-19.779	-11.479
0.47777	41.411	8.5652	-5.9961	-3.6857	-0.56998	-3.4166	0.31641	-2.7506	0.21823	0.83766	0.50914	-1.7415	-2.4552	-7.1104	-42.986	-27.554	-23.995	-1.7585	35.444	-30.551	0.54461	13.147	-3.8749	-3.3092	-27.959	-23.303	-13.123
0.23859	40.79	7.2653	-6.4194	-3.13	-0.51423	-3.5909	0.21534	-2.9253	0.88366	-0.11025	0.0038452	-2.1188	-2.8424	-9.5669	-24.84	-51.993	-16.93	22.226	2.2299	-6.9723	-4.0427	-6.987	26.617	-37.917	-20.212	-15.095	-15.489
-0.075649	40.803	6.4452	-6.4831	-2.1686	-0.034036	-2.8085	-0.75019	-2.5192	1.2817	-0.40094	-0.83854	-1.7954	-2.9064	-12.57	0.55026	-32.806	-2.5488	38.458	19.208	31.297	-38.621	16.242	15.924	-11.627	-33.695	12.936	-2.5593
-0.44033	39.915	5.5606	-6.3421	-1.4118	0.28311	-2.3108	-1.9396	-1.9437	0.76029	-0.43167	-1.9555	-1.8233	-2.9767	-14.587	-35.519	-35.385	5.6372	30.272	12.686	19.908	-47.577	23.022	-20.858	-1.229	-44.679	-1.1128	-2.813
-0.80922	38.7	3.7436	-6.2497	-1.0413	0.49586	-2.9381	-2.6163	-2.2312	-0.04526	-0.92916	-3.3225	-2.3585	-3.0262	-14.756	-48.638	-72.679	3.6988	14.821	8.5101	-25.092	-27.067	-11.5	-32.222	-19.9	-54.681	-21.41	-1.9785
-1.54	34.25	6.1294	-5.5979	1.6555	1.374	-1.2199	-1.062	-1.6005	0.19497	-0.2835	-2.6281	-1.9769	-2.5328	-29.23	-177.97	95.431	26.069	107.87	35.127	68.728	62.173	25.227	9.6091	25.826	27.776	15.263	19.736
-2.8403	8.5464	7.1253	-3.4433	1.2777	3.6611	0.31433	0.58004	-1.5116	0.16324	0.30577	-2.5224	-0.93358	-1.2364	-52.013	-1028.2	39.836	86.187	-15.11	91.483	61.368	65.68	3.5571	-1.269	23.571	4.2303	41.735	51.856
-7.2813	-27.863	3.3142	-2.5382	2.0168	1.2001	2.2799	-3.4493	-0.9378	0.2634	-3.4447	0.49478	-3.8746	-2.8199	-177.64	-1456.4	-152.44	36.201	29.562	-98.442	78.623	-161.18	22.951	4.0061	-150.02	120.69	-117.64	-63.343
-8.0627	-59.09	3.6424	5.2569	2.6808	3.4226	1.5316	-2.5955	-1.2684	-1.0848	-0.64584	-1.1684	-2.4892	-2.762	-31.254	-1249.1	13.13	311.81	26.56	88.9	-29.934	34.155	-13.225	-53.93	111.95	-66.526	55.416	2.3183
-7.2011	-45.634	-4.5881	-4.3432	4.5915	4.2271	2.1142	1.4837	-0.30129	-1.2676	-2.257	-1.8978	-0.33404	0.89591	34.465	538.26	-329.22	-384	76.431	32.183	23.303	163.17	38.686	-7.3111	-64.445	-29.178	86.206	146.32
-4.0906	15.037	-0.41842	-5.1952	2.9582	0.46289	-2.4736	-4.2274	-1.9125	-1.2245	-1.7346	-2.232	0.43694	2.6346	124.42	2426.8	166.79	-34.083	-65.332	-150.57	-183.51	-228.45	-64.447	1.7269	20.895	-13.368	30.839	69.547
-3.2562	13.894	2.3415	-3.7757	4.2566	-1.0785	-1.7351	-7.4479	-2.3495	1.8982	-2.2102	-0.48054	-0.75808	1.2254	33.374	-45.696	110.4	56.781	51.933	-61.657	29.541	-128.82	-17.48	124.9	-19.025	70.059	-47.801	-56.367
-3.4119	5.1481	6.6044	-4.7685	3.3781	-3.9441	-4.2767	-8.7345	-1.7131	2.6087	-2.11	1.4921	-2.307	2.3092	-6.2266	-349.85	170.52	-39.71	-35.139	-114.62	-101.66	-51.463	25.454	28.422	4.0079	78.907	-61.957	43.352
-3.8806	-35.888	7.4076	-1.236	-0.46693	-2.5861	-3.0199	-9.4488	-3.5915	3.9563	1.7523	2.3709	1.2494	3.8245	-18.748	-1641.5	32.129	141.3	-153.8	54.323	50.272	-28.572	-75.135	53.904	154.49	35.149	142.25	60.612
-5.3943	-29.628	0.5306	-1.6701	-2.3571	0.15571	-0.866	-5.0618	0.040269	-0.43502	1.6641	2.3714	0.65913	0.42901	-60.548	250.41	-275.08	-17.364	-75.608	109.67	86.155	175.48	145.27	-175.65	-3.5262	0.020614	-23.609	-135.82
-2.8529	12.427	3.8598	-2.1553	-5.8393	-0.73647	-2.118	-8.56	0.90962	2.8548	0.28861	1.9367	-3.4958	1.915	101.66	1682.2	133.17	-19.408	-139.29	-35.687	-50.079	-139.93	34.774	131.59	-55.021	-17.387	-166.2	59.44
-1.9799	23.64	4.1853	-2.5678	-5.1731	-3.3889	-0.13895	-7.9145	-0.70048	3.6757	-0.79862	3.2892	-3.0645	1.8671	34.921	448.55	13.021	-16.5	26.648	-106.1	79.161	25.822	-64.404	32.836	-43.489	54.098	17.25	-1.9149
-1.4883	31.828	4.5056	-4.6114	-3.5157	-4.285	0.25911	-4.2766	-1.8004	4.9387	0.98706	-0.54865	-2.1	-0.60768	19.663	327.5	12.812	-81.744	66.296	-35.844	15.922	145.51	-43.997	50.52	71.427	-153.51	38.58	-98.993
-0.94434	43.195	2.7766	-5.5676	-3.6898	-4.2261	0.84727	-1.9019	-2.0511	4.4988	0.50587	-0.20701	-0.72854	-0.52505	21.757	454.68	-69.163	-38.249	-6.9618	2.3583	23.527	94.988	-10.029	-17.595	-19.248	13.665	54.86	3.3052
-0.13028	45.478	5.3698	-7.0029	-4.3168	-5.3086	0.86852	-1.1172	-1.6722	2.4242	1.9603	0.71955	0.13677	-1.1347	32.563	91.326	103.73	-57.412	-25.082	-43.303	0.84989	31.39	15.156	-82.984	58.179	37.063	34.612	-24.388
0.40365	46.838	7.7914	-7.658	-4.4715	-5.0099	0.057507	-0.26628	-1.1599	1.0754	3.0912	1.1878	-0.0099696	-0.75576	21.357	54.4	96.863	-26.202	-6.187	11.947	-32.44	34.037	20.492	-53.952	45.235	18.732	-5.8694	15.159
0.69253	47.089	10.538	-8.2156	-5.4203	-3.0506	-0.43826	0.95607	-1.7614	1.5455	3.0948	1.873	0.79127	-0.77984	11.555	10.029	109.85	-22.303	-37.953	78.374	-19.831	48.894	-24.058	18.806	0.14348	27.405	32.05	-0.96292
0.88201	42.272	13.891	-7.1269	-7.3626	-1.6373	-1.7485	1.571	-1.6995	0.60525	3.4479	1.2144	1.1862	-0.9779	7.5791	-192.65	134.14	43.545	-77.691	56.532	-52.409	24.597	2.475	-37.611	14.126	-26.341	15.796	-7.9226
0.79501	42.523	12.726	-6.9011	-6.7724	-1.7194	-1.9819	0.95804	-1.8571	-0.019206	3.5647	1.816	0.98073	-1.0553	-3.48	10.02	-46.616	9.0328	23.607	-3.2842	-9.3365	-24.518	-6.306	-24.978	4.6707	24.061	-8.2176	-3.0956
0.47175	39.636	11.824	-5.1412	-5.888	-1.5263	-0.93257	-0.78368	-1.8958	-0.36313	4.0511	2.1525	1.5924	-1.5301	-12.93	-115.47	-36.092	70.397	35.377	7.7246	41.974	-69.669	-1.545	-13.757	19.457	13.462	24.467	-18.993
-0.047799	34.576	12.124	-3.2301	-5.6088	-0.98856	-0.84985	-2.2532	-1.113	-1.1466	3.9796	1.8091	0.47882	-0.91052	-20.782	-202.39	12.013	76.444	11.17	21.509	3.3088	-58.782	31.311	-31.339	-2.86	-13.738	-44.543	24.784
-0.77339	27.946	12.624	-2.3557	-4.5815	-1.1004	-0.24319	-2.8843	-0.8453	-1.6418	3.292	1.0511	0.28632	-0.96952	-29.024	-265.2	19.995	34.977	41.093	-4.4725	24.267	-25.243	10.708	-19.809	-27.506	-30.318	-7.7	-2.3599
-2.078	10.324	11.983	0.24144	-2.3108	-0.69764	1.8091	-1.6071	-2.1829	-1.5869	1.6672	2.2403	0.61047	-0.96749	-52.184	-704.91	-25.629	103.88	90.825	16.109	82.093	51.09	-53.505	2.1964	-64.991	47.568	12.966	0.081037
-4.0777	-2.49	8.4098	1.9504	-2.6278	1.5899	2.9683	0.0087633	-0.57142	-2.364	0.22844	0.90113	1.3943	-1.1629	-79.988	-512.54	-142.93	68.358	-12.677	91.501	46.366	64.633	64.46	-31.082	-57.55	-53.567	31.351	-7.8169
-4.9928	-9.9939	7.128	3.0649	-1.8641	2.2427	3.7379	-0.089731	0.40752	-1.8812	0.11448	-0.19684	1.6586	-1.3344	-36.604	-300.16	-51.269	44.579	30.548	26.111	30.785	-3.9398	39.158	19.309	-4.5581	-43.918	10.574	-6.8611
-5.7372	-22.507	7.465	3.8649	-1.1346	3.5681	4.4192	0.19228	-0.72768	-0.86483	-0.56198	0.28075	1.2882	-0.97479	-29.775	-500.52	13.479	32.002	29.178	53.015	27.254	11.281	-45.408	40.657	-27.059	19.103	-14.817	14.386
-6.5831	-37.263	4.532	5.3167	3.0571	5.3936	5.633	0.8882	-1.0766	-1.0038	0.78795	1.0034	0.91652	-0.08347	-33.839	-590.26	-117.32	58.069	167.67	73.02	48.551	27.837	-13.956	-5.5575	53.997	28.906	-14.867	35.653
-6.8767	-40.164	1.8505	5.6129	3.8157	6.3827	5.4642	1.4411	-1.1697	-1.3098	1.0464	1.1576	1.0196	-0.72134	-11.744	-116.04	-107.26	11.848	30.341	39.567	-6.7547	22.116	-3.7233	-12.241	10.338	6.1685	4.1235	-25.515
-7.193	-44.931	0.57257	6.5428	4.3563	5.8218	6.157	2.7986	-1.922	-1.9784	1.1966	1.3061	0.69063	-0.21922	-12.649	-190.69	-51.117	37.197	21.625	-22.438	27.715	54.301	-30.095	-26.743	6.0062	5.9393	-13.159	20.085
-7.416	-44.035	-3.1293	7.6419	5.6328	5.8843	5.3651	2.9466	-0.93788	-1.7044	0.020758	1.5941	0.32196	1.0431	-8.9203	35.863	-148.07	43.965	51.062	2.5025	-31.676	5.9203	39.367	10.958	-47.032	11.52	-14.747	50.493
-6.9486	-36.434	-3.0226	5.8037	3.1687	4.1798	3.6513	2.6777	1.0981	1.6559	0.69723	-0.61171	0.50399	0.72634	18.694	304.03	4.2666	-73.528	-98.566	-68.181	-68.554	-10.756	81.44	134.41	27.059	-88.233	7.2811	-12.671
-6.2527	-2.2441	-0.69082	-1.784	-1.7824	1.0665	1.785	0.83888	1.3835	1.0948	1.1883	-1.2808	0.39097	1.1427	27.837	1367.6	93.271	-303.51	-198.04	-124.53	-74.651	-73.554	11.413	-22.442	19.644	-26.763	-4.5207	16.656
-3.2473	5.3395	5.7396	0.12461	0.3443	2.5274	2.4498	-1.5304	-1.9293	-1.8402	-0.6665	-0.21253	-0.0016578	-0.47316	120.22	303.34	257.22	76.344	85.067	58.435	26.591	-94.771	-132.51	-117.4	-74.193	42.731	-15.705	-64.635
-2.0073	21.94	9.496	-2.7038	0.8762	2.5157	-1.7114	-4.1615	-2.0378	-1.4884	1.1303	-0.62552	0.0068153	-1.5605	49.599	664.04	150.26	-113.14	21.276	-0.46746	-166.45	-105.25	-4.3411	14.072	71.872	-16.52	0.33892	-43.494
-1.374	24.674	10.849	-4.1418	2.3314	1.3908	-1.4396	-5.5311	-2.6393	-0.15163	1.173	-1.6257	0.19114	-2.1851	25.331	109.34	54.103	-57.519	58.207	-44.996	10.875	-54.781	-24.061	53.471	1.7058	-40.005	7.3728	-24.984
-1.0983	29.55	9.0189	-3.3148	2.7082	1.0228	-1.9756	-5.5955	-2.1731	-0.24444	1.039	-1.5715	-0.11287	-1.5961	11.029	195.05	-73.19	33.081	15.074	-14.719	-21.439	-2.5759	18.648	-3.7123	-5.3578	2.1659	-12.16	23.561
-1.044	30.942	9.289	-4.2388	3.7581	1.2032	-2.6531	-5.8348	-1.4346	-0.27336	1.0304	-1.6572	-0.31009	-0.95248	2.1707	55.658	10.806	-36.963	41.996	7.2148	-27.101	-9.5723	29.54	-1.1571	-0.3449	-3.4279	-7.8887	25.745
-1.1211	29.852	8.7314	-3.3768	4.1638	2.3596	-4.009	-5.1833	-0.9718	-0.14293	-0.16171	-1.7422	-0.072736	-0.67605	-3.0832	-43.602	-22.306	34.48	16.227	46.258	-54.237	26.06	18.514	5.2173	-47.684	-3.3999	9.4941	11.057
-1.2984	27.495	8.6587	-2.4597	4.8625	2.1504	-2.7227	-5.7199	-0.656	-0.073203	-0.63606	-2.4359	0.18243	0.47121	-7.09	-94.254	-2.9046	36.687	27.948	-8.3678	51.453	-21.464	12.632	2.7891	-18.974	-27.749	10.207	45.891
-1.6607	27.203	5.242	0.24649	5.6306	1.7745	-1.1945	-6.1161	0.83266	-1.324	-1.3001	-2.2047	-0.5198	1.0546	-14.492	-11.694	-136.67	108.25	30.724	-15.036	61.129	-15.848	59.546	-50.033	-26.561	9.2474	-28.089	23.335
-2.5292	8.4556	8.8468	1.0854	6.2104	3.096	-0.9598	-3.9628	1.2214	-2.3422	-1.9093	-1.6837	-0.83845	1.1535	-34.741	-749.9	144.19	33.558	23.194	52.861	9.3866	86.132	15.548	-40.729	-24.37	20.843	-12.746	3.9564
-4.1332	-23.411	8.3659	3.324	6.6966	4.0813	-0.92437	-1.69	2.7662	-1.1956	-2.0567	-2.1599	-0.98613	2.1877	-64.16	-1274.7	-19.237	89.542	19.447	39.41	1.4173	90.913	61.794	45.865	-5.8941	-19.048	-5.9075	41.369
-6.7514	-53.616	9.6743	8.1812	5.6665	3.8607	-0.33026	1.1446	2.4422	1.5079	-0.085099	-0.36987	-0.065393	1.3036	-104.73	-1208.2	52.336	194.29	-41.203	-8.8217	23.764	113.38	-12.962	108.14	78.863	71.6	36.83	-35.367
-7.1849	-57.215	9.382	7.2185	5.5176	4.3116	-1.2738	1.6804	3.1597	1.5536	0.40625	-0.68329	-0.69609	1.4235	-17.34	-143.99	-11.692	-38.511	-5.9583	18.036	-37.742	21.432	28.703	1.828	19.654	-12.536	-25.228	4.7991
-7.5044	-54.941	4.5348	9.6806	3.2548	6.2228	-0.046894	0.63273	0.91071	1.806	0.20646	0.6101	-0.31754	1.0135	-12.779	90.96	-193.88	98.486	-90.513	76.448	49.077	-41.906	-89.96	10.095	-7.9917	51.735	15.142	-16.401
-7.9557	-27.543	-7.0516	3.3033	-1.8113	8.8315	4.3342	2.664	-0.04475	1.2345	-0.98209	-0.48253	0.91471	1.3288	-18.052	1095.9	-463.46	-255.09	-202.64	104.35	175.25	81.251	-38.218	-22.859	-47.542	-43.705	49.29	12.611
-8.4566	-42.292	-10.495	8.7425	2.0433	5.8439	5.7771	0.17915	0.77651	-0.23772	-0.61833	1.4921	0.2753	1.1927	-20.035	-589.99	-137.75	217.57	154.18	-119.5	57.716	-99.395	32.851	-58.889	14.55	78.984	-25.577	-5.4422
-9.507	-70.858	-5.3894	11.049	4.6831	4.9551	5.0612	0.96162	0.44157	0.13448	0.13498	0.52867	0.34787	1.0142	-42.016	-1142.6	204.24	92.249	105.59	-35.552	-28.636	31.299	-13.398	14.888	30.133	-38.536	2.9029	-7.1386
-10.902	-79.006	-5.3598	7.5522	4.6385	6.362	4.5963	2.2825	0.18904	-0.74531	-1.3625	-0.38366	-0.18637	-0.39305	-55.809	-325.91	1.183	-139.86	-1.7867	56.277	-18.597	52.836	-10.101	-35.192	-59.898	-36.493	-21.37	-56.291
-6.9546	-28.565	-15.943	-8.0684	2.9772	-3.7638	5.2545	2.2358	0.36618	-1.0327	-2.2876	-0.43293	2.0249	-1.4657	157.9	2017.6	-423.35	-624.82	-66.45	-405.03	26.326	-1.8684	7.0855	-11.494	-37.007	-1.971	88.452	-42.905
-5.7917	-3.6089	-17.265	-8.0056	-0.37202	-4.6627	2.2174	0.65121	-0.24752	0.88542	-1.4357	-1.0069	0.75607	-1.5685	46.518	998.23	-52.85	2.5123	-133.97	-35.956	-121.48	-63.385	-24.548	76.724	34.078	-22.96	-50.755	-4.114
-4.5077	-6.515	-27.861	-1.0275	4.4925	-2.5241	2.6592	1.8934	1.5913	0.85833	-0.81318	-1.7426	1.5826	0.28755	51.36	-116.25	-423.86	279.12	194.58	85.542	17.673	49.686	73.552	-1.0838	24.901	-29.428	33.06	74.243
-3.525	1.4328	-29.499	-0.29334	8.1089	-3.4855	1.1916	1.3978	0.57796	1.675	-0.02481	-1.3809	0.91559	0.75245	39.309	317.91	-65.502	29.367	144.66	-38.455	-58.704	-19.821	-40.533	32.665	31.535	14.469	-26.679	18.596
-3.212	5.5372	-31.489	-2.0249	6.8973	-3.6536	2.1512	2.5724	0.34974	1.3093	0.22715	-2.4875	1.2236	1.2682	12.517	164.17	-79.596	-69.262	-48.463	-6.7227	38.385	46.982	-9.1287	-14.626	10.078	-44.265	12.321	20.631
-3.0093	12.098	-27.6	-0.52624	7.556	-2.1755	3.4374	1.5041	0.8583	1.5308	0.018856	-1.2177	-0.039921	1.3472	8.1111	262.44	155.56	59.946	26.347	59.123	51.449	-42.731	20.343	8.8604	-8.3318	50.793	-50.541	3.1586
-3.2703	9.5328	-30.015	-4.0268	5.9581	-3.8035	0.89192	1.2912	0.92694	0.40708	0.23687	0.25492	1.0703	1.0076	-10.44	-102.61	-96.61	-140.02	-63.913	-65.122	-101.82	-8.5155	2.7456	-44.949	8.7204	58.905	44.407	-13.583
-3.377	12.16	-24.628	-0.79363	9.1297	0.59928	2.6048	1.0095	0.38474	-0.1368	-0.0381	-2.1401	2.4202	1.0189	-4.2692	105.1	215.5	129.33	126.86	176.11	68.513	-11.268	-21.688	-21.756	-10.999	-95.801	53.998	0.45056
-3.4911	18.762	-15.036	5.2626	11.4	-1.6068	1.8867	1.0167	-1.0445	0.72263	0.55984	-1.3526	1.6303	0.74787	-4.5627	264.06	383.66	242.25	90.807	-88.242	-28.724	0.2869	-57.171	34.377	23.917	31.501	-31.597	-10.84
-3.2932	19.628	-8.3215	5.1089	12.239	-1.3707	-0.53025	-0.3589	1.1945	-1.0587	-2.1334	-1.2465	1.5064	2.4773	7.9123	34.663	268.59	-6.1462	33.58	9.4413	-96.677	-55.024	89.561	-71.252	-107.73	4.243	-4.9564	69.179
-3.0183	16.7	-1.8133	2.6292	12.213	-0.41679	-1.1638	-1.778	1.0997	0.21901	-3.436	0.042476	1.0917	2.154	10.997	-117.12	260.33	-99.189	-1.0353	38.158	-25.343	-56.763	-3.7904	51.107	-52.104	51.56	-16.585	-12.934
-2.7067	16.435	1.7725	0.69996	12.295	0.29842	-3.2692	-1.0201	0.63665	0.50614	-3.1679	0.61452	1.9558	1.1967	12.466	-10.604	143.43	-77.169	3.2782	28.608	-84.216	30.315	-18.523	11.485	10.724	22.882	34.561	-38.293
-2.3766	19.388	2.0375	0.014118	12.519	0.51176	-4.4172	-0.87277	0.54553	0.15295	-2.7205	1.1995	2.2722	0.30481	13.203	118.12	10.603	-27.434	8.936	8.5336	-45.92	5.8933	-3.6447	-14.128	17.898	23.399	12.659	-35.675
-2.1453	21.871	1.4386	-0.67863	13.508	-0.48373	-4.9188	0.21738	-0.27624	0.95704	-2.8018	1.4948	2.9097	-0.28313	9.2531	99.311	-23.955	-27.71	39.568	-39.819	-20.063	43.606	-32.871	32.164	-3.2519	11.813	25.499	-23.518
-2.1071	23.433	1.039	-0.78343	13.304	-1.0774	-4.8835	0.58213	-0.15215	0.90088	-2.7209	1.7338	2.9656	-0.38036	1.5269	62.491	-15.987	-4.1918	-8.1817	-23.745	1.4117	14.59	4.9636	-2.2461	3.2341	9.5597	2.234	-3.8893
-2.0725	24.981	-0.54357	0.29709	13.062	-1.5579	-4.6986	0.64888	0.17993	0.73581	-2.3247	1.4215	3.3535	-1.2004	1.3827	61.902	-63.301	43.221	-9.653	-19.223	7.3967	2.6703	13.283	-6.6031	15.849	-12.492	15.516	-32.803
-2.0766	25.75	-1.5948	0.38392	13.09	-1.8884	-4.7123	1.395	0.26846	0.7594	-2.3704	1.4499	3.4125	-1.6155	-0.1614	30.783	-42.049	3.473	1.1322	-13.22	-0.54808	29.844	3.5412	0.94381	-1.8299	1.1343	2.362	-16.602
-2.1117	25.13	-1.783	-0.44369	14.233	-3.2456	-3.6867	1.4136	0.88142	0.5206	-2.2512	1.2678	3.2226	-1.8402	-1.4042	-24.809	-7.5287	-33.104	45.716	-54.287	41.024	0.74439	24.519	-9.5519	4.7701	-7.2832	-7.5961	-8.9871
-2.1787	22.672	-1.7961	-0.41735	14.447	-3.6432	-3.1316	1.7699	1.0813	0.41183	-2.7636	1.5848	3.0328	-2.0209	-2.6817	-98.319	-0.52309	1.0537	8.5489	-15.902	22.205	14.252	7.9939	-4.351	-20.496	12.68	-7.594	-7.2293
-2.2854	21.535	-2.4483	-0.30131	14.571	-3.7872	-2.4804	1.6402	1.1599	0.010651	-2.7114	1.4918	2.6395	-2.035	-4.2665	-45.484	-26.09	4.6414	4.9643	-5.7615	26.048	-5.1888	3.1452	-16.047	2.0869	-3.7219	-15.732	-0.56471
-2.5318	19.793	-4.1498	1.3396	13.261	-2.7408	-2.758	1.8603	1.1873	-0.65306	-2.2975	1.6685	2.6608	-2.2538	-9.8561	-69.684	-68.057	65.636	-52.409	41.858	-11.104	8.8041	1.0946	-26.548	16.557	7.0701	0.85424	-8.7529
-2.7553	16.317	-5.0483	2.5964	12.568	-2.3029	-3.3205	1.8192	1.2517	-0.56157	-2.1659	1.9653	2.1636	-2.4596	-8.942	-139.03	-35.941	50.272	-27.723	17.516	-22.501	-1.6418	2.5787	3.6593	5.2638	11.87	-19.89	-8.2293
-3.2014	15.305	-8.3281	4.0221	12.419	-2.81	-3.037	1.9761	1.8775	-1.2823	-1.8433	2.2659	1.5683	-2.351	-17.842	-40.477	-131.19	57.027	-5.965	-20.286	11.338	6.2756	25.031	-28.828	12.902	12.027	-23.812	4.3427
-3.6673	11.026	-8.0881	2.697	10.875	-1.2469	-1.8715	1.3998	0.78483	-1.8732	-1.3694	2.8881	0.21906	-2.5462	-18.637	-171.16	9.6003	-53.004	-61.736	62.523	46.622	-23.052	-43.707	-23.637	18.959	24.888	-53.968	-7.8082
-4.7742	-1.8533	-5.9583	1.508	11.525	-0.10432	-2.0096	-0.15769	2.8792	-0.43234	-3.643	3.6189	-0.0096328	-2.7443	-44.276	-515.19	85.194	-47.56	26.001	45.705	-5.5256	-62.3	83.775	57.635	-90.946	29.23	-9.1478	-7.9246
-5.7384	-16.163	1.6767	0.062722	11.329	0.58702	-0.69387	-3.3603	1.7489	0.83246	-5.5197	2.3646	-0.77421	-1.9677	-38.565	-572.39	305.4	-57.81	-7.8753	27.653	52.63	-128.1	-45.211	50.592	-75.069	-50.173	-30.583	31.064
-7.0027	-30.796	4.6394	2.7386	5.0179	0.066551	3.8237	-4.3501	-1.3416	0.51184	-4.1665	3.0878	-2.9069	-1.7366	-50.573	-585.32	118.51	107.03	-252.42	-20.819	180.7	-39.595	-123.62	-12.825	54.127	28.928	-85.309	9.2471
-8.3994	-56.799	3.8618	9.7779	3.3763	1.2095	4.3554	-1.7945	-1.6168	-0.82825	-2.0447	2.2176	-1.5329	-1.8604	-55.867	-1040.1	-31.104	281.57	-65.666	45.719	21.265	102.23	-11.008	-53.604	84.872	-34.808	54.963	-4.9548
-9.4998	-71.67	1.742	9.96	5.739	6.0068	2.1273	0.088601	0.12861	-0.92072	-1.3313	-0.23613	-0.021994	0.064633	-44.019	-594.82	-84.791	7.2856	94.508	191.89	-89.123	75.324	69.817	-3.6986	28.537	-98.147	60.435	77.003
-11.113	-82.353	-7.8725	7.0566	5.8614	6.3277	1.881	1.8117	1.8417	0.21905	-0.026582	0.12868	1.5244	0.43715	-64.539	-427.35	-384.58	-116.14	4.8959	12.837	-9.8503	68.924	68.525	45.591	52.189	14.592	61.854	14.901
-11.757	-72.503	-2.6264	6.87	2.4085	2.7635	-1.0615	0.48386	1.3558	0.70587	0.95252	-1.098	-1.154	-0.48508	-25.761	394	209.84	-7.4625	-138.12	-142.57	-117.7	-53.113	-19.437	19.473	39.164	-49.067	-107.13	-36.889
-11.881	-75.085	-5.0909	6.274	1.163	2.8151	1.0966	1.014	1.7511	1.5271	0.36886	-1.107	-0.80745	-0.75884	-4.9554	-103.26	-98.58	-23.842	-49.817	2.0615	86.321	21.204	15.812	32.85	-23.346	-0.36284	13.86	-10.95
-12.382	-79.699	-11.434	4.5363	-0.45872	0.27764	-1.5557	1.1672	1.1833	0.77671	-0.47864	-1.0812	0.030809	1.5126	-20.034	-184.58	-253.74	-69.507	-64.87	-101.5	-106.09	6.128	-22.714	-30.016	-33.9	1.0323	33.53	90.859
-6.7793	-7.3517	-8.1799	-7.0759	-1.8756	0.47743	-0.0082662	0.61218	0.12651	-0.10027	-0.94396	-0.61719	0.4934	1.201	224.11	2893.9	130.18	-464.49	-56.677	7.9914	61.896	-22.199	-42.27	-35.079	-18.613	18.562	18.504	-12.464
-6.6821	1.5818	-6.1322	-6.5463	-1.3354	2.8178	1.0764	-1.0923	1.4462	0.50326	-1.9457	0.093778	1.5746	1.7244	3.889	357.34	81.906	21.187	21.608	93.613	43.387	-68.18	52.788	24.141	-40.068	28.439	43.249	20.934
-7.3364	-25.449	-6.1964	-2.6914	1.0103	4.3067	-0.14421	-2.9396	2.9481	1.1059	-1.6042	0.15341	1.4974	2.9359	-26.171	-1081.2	-2.5664	154.19	93.83	59.558	-48.825	-73.893	60.076	24.107	13.658	2.3851	-3.0892	48.459
-9.6155	-38.894	-9.1935	-2.6451	-0.80898	0.96685	2.272	1.3825	1.4387	-0.64007	-0.55001	-1.635	0.5284	1.1606	-91.165	-537.82	-119.88	1.8534	-72.772	-133.59	96.647	172.89	-60.378	-69.84	42.169	-71.537	-38.76	-71.01
-9.7991	-36.752	-9.9846	-2.6351	-1.7129	2.5134	3.8302	0.932	1.24	0.40525	0.90848	-0.08758	0.5936	0.12345	-7.3442	85.678	-31.646	0.39907	-36.156	61.862	62.331	-18.022	-7.9458	41.813	58.34	61.897	2.6081	-41.487
-9.22	-36.583	-8.6393	-3.6947	-2.5416	1.448	2.3837	0.064034	2.1576	0.53845	-0.59403	-0.39347	0.27878	0.44684	23.164	6.7772	53.813	-42.384	-33.149	-42.616	-57.862	-34.718	36.702	5.3277	-60.1	-12.235	-12.593	12.936
-9.3207	-26.742	-4.501	-2.146	-0.80576	0.023062	0.6178	-1.4005	-0.073978	1.216	-2.2592	-0.0099626	-2.0746	0.60444	-4.0271	393.62	165.53	61.948	69.434	-56.997	-70.636	-58.58	-89.262	27.104	-66.607	15.34	-94.134	6.304
-9.5018	-48.047	-4.2648	1.2418	-0.87001	0.54619	2.1676	1.0468	-0.68935	-0.15588	-0.068238	-0.64101	-0.92032	-0.39291	-7.2453	-852.19	9.4481	135.51	-2.5699	20.925	61.993	97.892	-24.615	-54.877	87.639	-25.242	46.17	-39.894
-11.224	-61.747	-10.208	-0.26345	-1.0113	2.0852	2.0179	0.21588	0.85336	1.4491	0.0080268	-0.50441	-0.19899	0.74323	-68.905	-547.98	-237.74	-60.21	-5.6532	61.562	-5.9887	-33.239	61.708	64.2	3.0506	5.4642	28.853	45.446
-9.5558	-67.824	-4.8822	5.8205	3.4908	4.6377	3.3383	1.424	1.887	1.1955	1.3781	0.44552	0.27207	0.52178	66.744	-243.11	213.04	243.36	180.08	102.1	52.817	48.326	41.344	-10.144	54.803	37.997	18.843	-8.8582
-6.7248	-50.78	11.016	11.053	-0.21377	-1.6871	-0.46604	2.482	2.7206	1.4947	-0.30864	-0.21592	-0.55656	1.9843	113.24	681.78	635.94	209.3	-148.18	-252.99	-152.17	42.318	33.344	11.969	-67.469	-26.458	-33.145	58.499
-5.0089	-30.074	17.831	8.8215	-3.7208	-3.8837	-0.34592	2.3541	2.0533	0.37385	-1.5474	-0.75496	-0.28623	1.5647	68.639	828.21	272.59	-89.258	-140.28	-87.864	4.8048	-5.1159	-26.691	-44.836	-49.549	-21.562	10.813	-16.784
-3.6863	-16.626	17.911	5.8426	-3.9483	-3.0533	-1.7597	2.6909	0.63513	-0.080922	-3.2617	-0.49959	-0.9507	1.6623	52.903	537.95	3.2059	-119.16	-9.1017	33.216	-56.55	13.474	-56.727	-18.191	-68.574	10.215	-26.579	3.9065
-2.8689	-6.3321	16.995	5.5391	-2.8336	-3.4382	-2.4853	1.7525	-0.16751	-0.21451	-4.946	0.73616	-1.2394	0.59188	32.697	411.74	-36.651	-12.141	44.589	-15.397	-29.025	-37.538	-32.106	-5.3435	-67.372	49.43	-11.55	-42.818
-2.3438	4.0364	15.843	2.3368	-2.7437	-3.5332	-1.7047	2.8684	-1.0607	-2.1581	-5.7447	1.3343	-0.42464	1.3271	21.004	414.74	-46.067	-128.09	3.596	-3.8006	31.223	44.637	-35.726	-77.742	-31.948	23.926	32.592	29.409
-2.1196	11.576	13.661	0.96359	-3.0722	-3.1944	0.54434	1.5357	-2.5885	-3.7295	-4.1526	3.5751	-0.014519	0.48203	8.9656	301.6	-87.279	-54.928	-13.142	13.554	89.962	-53.308	-61.113	-62.857	63.684	89.63	16.405	-33.803
-2.0946	14.442	12.6	-0.49017	-2.94	-1.0055	1.7656	-1.2612	-4.0369	-2.6966	-2.7529	4.6622	-0.48441	-0.79952	1.0017	114.63	-42.432	-58.15	5.2907	87.555	48.852	-111.88	-57.937	41.315	55.988	43.487	-18.796	-51.262
-2.2262	12.598	12.78	0.29288	-2.8374	0.823	2.827	-5.0322	-4.3105	-0.038236	-2.146	4.4046	-2.6494	-0.10578	-5.2653	-73.788	7.1706	31.322	4.1027	73.14	42.454	-150.84	-10.943	106.33	24.278	-10.304	-86.599	27.75
-2.5109	16.241	10.072	-1.1205	1.51	0.93878	-0.76632	-3.6259	-1.4652	-1.0902	-1.5677	1.6953	-1.8536	0.24616	-11.386	145.75	-108.3	-56.534	173.9	4.6312	-143.73	56.253	113.81	-42.08	23.131	-108.37	31.83	14.077
-3.1029	4.7625	9.0765	2.6729	2.5722	3.0911	0.24982	-4.3681	-0.34907	-0.98785	-1.4931	1.7341	-2.3347	1.8584	-23.681	-459.15	-39.825	151.73	42.489	86.093	40.645	-29.689	44.647	4.0953	2.9821	1.5514	-19.244	64.489
-4.0513	-4.953	6.72	4.2362	4.8586	5.2542	-0.092058	-3.8818	1.7241	-0.24618	-1.228	0.41779	-2.2595	2.9105	-37.937	-388.62	-94.259	62.533	91.456	86.524	-13.675	19.451	82.927	29.667	10.606	-52.652	3.0096	42.086
-4.8411	-1.5024	-2.5244	3.1874	5.4673	5.3148	1.3024	-1.6376	0.63323	1.4827	1.4665	-1.5243	-0.19297	2.4071	-31.59	138.03	-369.78	-41.954	24.347	2.4253	55.778	89.769	-43.635	69.155	107.78	-77.684	82.661	-20.136
-5.238	5.3665	-10.495	3.7009	1.5048	3.1987	1.8538	1.2646	2.0241	1.1864	-0.41989	-0.82714	-0.40367	1.9586	-15.877	274.76	-318.83	20.542	-158.5	-84.645	22.055	116.09	55.634	-11.852	-75.455	27.887	-8.428	-17.941
-4.6317	12.027	-15.376	3.8439	-1.7619	2.3656	-0.31442	-1.083	1.2797	0.86732	-1.2166	-0.46113	1.6618	1.0639	24.252	266.4	-195.23	5.7199	-130.67	-33.324	-86.728	-93.903	-29.775	-12.763	-31.867	14.64	82.621	-35.788
-4.0705	13.231	-20.952	1.7852	-3.5078	1.957	-0.75911	-1.4988	1.6589	-0.082782	-1.3929	-1.0084	0.93495	1.355	22.447	48.17	-223.05	-82.348	-69.836	-16.342	-17.787	-16.633	15.167	-38.004	-7.0549	-21.89	-29.076	11.645
-3.9702	18.798	-18.752	1.2883	-6.188	1.6921	-0.85251	-1.5758	1.4029	0.062105	-0.56936	0.11752	1.4881	2.0585	4.0149	222.7	88.002	-19.878	-107.21	-10.598	-3.7363	-3.0781	-10.239	5.7955	32.943	45.036	22.124	28.139
-3.7728	14.52	-19.371	1.3727	-4.4037	1.6367	-1.0201	0.41625	1.8769	0.66325	-0.81564	-1.0665	0.21433	0.95913	7.8962	-171.11	-24.736	3.3765	71.374	-2.2157	-6.7048	79.682	18.959	24.046	-9.8512	-47.36	-50.95	-43.974
-3.7802	14.862	-20.168	3.6185	-3.357	1.8911	-1.6097	1.28	-0.23761	-1.2707	-2.1781	-1.2907	1.6108	1.7295	-0.29801	13.681	-31.89	89.835	41.867	10.176	-23.581	34.552	-84.58	-77.359	-54.499	-8.9678	55.86	30.813
-3.7878	11.515	-21.935	0.78935	-5.5255	0.54407	-0.78184	2.7071	3.6751	0.3504	-2.1243	-0.8614	0.78868	0.82928	-0.30544	-133.9	-70.69	-113.17	-86.74	-53.881	33.113	57.082	156.51	64.845	2.1517	17.171	-32.886	-36.007
-4.3157	3.4908	-23.346	3.2325	-3.3376	2.8313	0.59956	2.1509	0.68167	-0.64117	-1.7645	-1.7244	-0.28332	0.31903	-21.116	-320.96	-56.417	97.724	87.515	91.488	55.256	-22.249	-119.74	-39.663	14.395	-34.52	-42.88	-20.41
-4.9208	0.56686	-18.892	2.2794	-2.764	1.0084	-0.5387	2.2907	0.80352	0.85599	-0.28718	-0.80868	-0.22491	1.6926	-24.201	-116.96	178.15	-38.124	22.946	-72.915	-45.53	5.5934	4.8739	59.887	59.091	36.629	2.3361	54.942
-5.4154	-3.9652	-18.978	2.2591	-4.7951	0.23179	0.13091	1.0288	0.67815	1.1933	0.060663	1.2226	1.1968	1.94	-19.785	-181.28	-3.4585	-0.81177	-81.243	-31.063	26.784	-50.475	-5.0147	13.494	13.914	81.252	56.869	9.8954
-5.5008	-8.5928	-20.359	1.5671	-6.0779	-2.0733	-3.2424	1.4337	0.69193	1.4092	-0.34989	0.15836	-0.14982	0.92946	-3.4155	-185.1	-55.245	-27.68	-51.313	-92.202	-134.93	16.194	0.55129	8.6343	-16.422	-42.57	-53.866	-40.42
-5.8277	-15.396	-20.808	3.3935	-5.8831	-1	-2.2639	0.00696	-0.18988	0.059247	-1.4265	-0.60598	-1.5605	1.0012	-13.077	-272.11	-17.956	73.056	7.7895	42.929	39.139	-57.068	-35.273	-53.998	-43.064	-30.574	-56.429	2.8713
-6.5219	-24.349	-19.253	4.3922	-4.7833	1.7079	-0.75581	2.5346	1.1479	0.68793	-1.5669	-1.6449	0.19576	1.1675	-27.768	-358.12	62.199	39.951	43.994	108.32	60.325	101.11	53.511	25.147	-5.6159	-41.555	70.252	6.6517
-7.5024	-24.574	-16.213	0.64856	-8.4215	1.2968	-2.8221	-1.306	-0.57847	0.36509	-1.1006	-0.088211	-0.20467	-0.47397	-39.221	-9.0188	121.61	-149.75	-145.53	-16.445	-82.653	-153.62	-69.055	-12.913	18.653	62.266	-16.017	-65.66
-7.9929	-42.657	-13.394	7.6584	-5.2967	1.6863	-2.47	-1.115	-0.87999	0.52368	-0.60409	1.046	0.78621	1.0296	-19.619	-723.31	112.77	280.39	124.99	15.579	14.087	7.6367	-12.061	6.3435	19.859	45.368	39.635	60.142
-9.9624	-53.102	-11.244	5.4803	-4.3312	-1.1125	-2.2893	-2.581	-1.5715	2.5904	0.77227	1.4043	0.38763	-0.57445	-78.78	-417.83	85.995	-87.122	38.62	-111.95	7.2257	-58.637	-27.659	82.667	55.054	14.333	-15.943	-64.161
-10.754	-63.026	-0.73831	0.14196	-3.0186	0.64125	-1.9765	-3.4109	-0.74709	0.73418	-1.663	0.35233	-0.14076	0.2898	-31.648	-396.92	420.23	-213.53	52.504	70.149	12.514	-33.195	32.974	-74.247	-97.41	-42.08	-21.136	34.57
-10.93	-62.575	1.2974	1.2462	-2.4589	1.4072	-0.7894	-1.5839	1.0682	1.7866	-0.45875	1.4679	-1.1189	-1.2228	-7.0356	18.026	81.427	44.168	22.39	30.64	47.483	73.08	72.613	42.096	48.169	44.624	-39.126	-60.502
-8.8031	-44.024	-5.6401	-0.043006	-1.901	0.19657	-0.17398	-0.031253	2.6325	-0.021254	-0.22911	-0.021927	-1.0485	1.1648	85.057	742.04	-277.5	-51.567	22.316	-48.427	24.616	62.104	62.569	-72.313	9.1856	-59.595	2.8178	95.503
-6.1657	-5.9228	-6.805	0.43047	-5.3333	-1.0345	-1.1945	1.1069	2.7396	0.16363	0.65023	-0.72431	1.9434	0.65749	105.5	1524	-46.596	18.939	-137.29	-49.243	-40.82	45.528	4.2849	7.3954	35.174	-28.095	119.67	-20.293
-4.1262	6.123	-2.586	5.1847	-3.2306	-1.3064	-2.7893	1.4543	2.8396	-0.2523	-1.5496	-0.96331	0.81283	0.068787	81.58	481.83	168.76	190.17	84.107	-10.877	-63.791	13.892	3.9994	-16.637	-87.991	-9.5598	-45.223	-23.548
-2.5392	20.659	3.4891	2.226	7.0841	2.4782	-4.0182	-2.6001	1.3308	-0.26787	-2.8192	-0.14446	0.78261	-0.87781	63.479	581.42	243.01	-118.35	412.59	151.38	-49.158	-162.17	-60.352	-0.62278	-50.788	32.754	-1.2087	-37.864
-1.6092	29.848	0.24387	1.6053	8.0818	2.1837	-6.2484	-2.1311	0.9224	-0.55275	-2.6204	0.81764	2.9854	0.030769	37.201	367.6	-129.81	-24.827	39.908	-11.78	-89.206	18.76	-16.335	-11.395	7.9538	38.484	88.112	36.343
-1.2695	30.011	-1.7736	3.6481	7.513	1.5704	-5.9672	-2.1225	0.77074	-1.6408	-2.1673	1.9538	4.0715	-0.4418	13.587	6.49	-80.698	81.71	-22.75	-24.53	11.245	0.344	-6.0666	-43.522	18.122	45.447	43.444	-18.903
-1.196	30.578	-2.045	3.6126	7.509	1.0724	-6.3816	-1.1495	0.72535	-1.8352	-2.2638	2.4488	3.9393	-0.37826	2.9374	22.712	-10.857	-1.4176	-0.16128	-19.921	-16.576	38.916	-1.8157	-7.778	-3.857	19.798	-5.2905	2.5416
-1.2462	29.378	-2.0088	4.051	8.2826	0.71644	-7.3064	-0.016421	0.56333	-2.1863	-1.7964	2.1501	3.8051	-0.20367	-2.0064	-48.009	1.4476	17.536	30.945	-14.237	-36.991	45.325	-6.4806	-14.04	18.696	-11.948	-5.3671	6.9835
-1.3978	27.871	-2.4915	5.4162	8.1026	0.0051227	-7.142	0.43186	0.70725	-2.3065	-1.156	1.9803	3.085	-0.044075	-6.0627	-60.308	-19.307	54.607	-7.2022	-28.453	6.5778	17.931	5.7568	-4.8082	25.616	-6.7903	-28.804	6.384
-1.6781	25.667	-2.6931	6.3129	8.0189	-0.63253	-6.5582	0.49769	1.1435	-2.1266	-1.1597	2.5205	1.9955	0.29751	-11.211	-88.144	-8.0648	35.868	-3.3461	-25.506	23.352	2.6332	17.449	7.1944	-0.14972	21.607	-43.577	13.663
-1.9153	22.022	-1.9071	6.746	7.6157	-0.26131	-6.964	1.4221	0.98988	-2.2835	-0.87228	2.4576	1.9493	0.059908	-9.4911	-145.81	31.442	17.325	-16.128	14.849	-16.232	36.977	-6.1438	-6.2758	11.497	-2.5165	-1.8474	-9.5039
-2.0567	19.395	-0.80596	6.1713	7.2917	0.18707	-7.2057	1.8883	1.155	-2.8527	-0.33102	2.178	1.3598	0.67161	-5.6545	-105.07	44.045	-22.988	-12.961	17.935	-9.6681	18.646	6.6064	-22.769	21.65	-11.186	-23.581	24.468
-2.2504	18.483	-1.5354	6.1833	8.1253	-0.50792	-6.8839	2.3123	0.75469	-2.562	-0.65054	2.6961	0.98514	0.76908	-7.7474	-36.454	-29.178	0.48028	33.343	-27.799	12.871	16.96	-16.014	11.63	-12.781	20.727	-14.987	3.8988
-2.2999	17.34	-1.6917	5.9259	9.466	-1.6699	-6.4979	2.6399	-0.069213	-1.4961	-1.6634	3.1438	0.78247	0.53913	-1.9789	-45.738	-6.2499	-10.296	53.628	-46.48	15.439	13.105	-32.956	42.636	-40.515	17.907	-8.1065	-9.1982
-2.4471	16.567	-2.0431	6.2373	9.5141	-2.0477	-6.0854	2.5482	0.47976	-2.1124	-1.1116	2.6524	1.1852	0.22273	-5.8917	-30.911	-14.056	12.454	1.926	-15.113	16.499	-3.6665	21.959	-24.653	22.073	-19.657	16.108	-12.656
-2.4869	15.552	-1.8189	6.4161	9.3254	-1.7054	-6.341	2.9302	0.4796	-2.1884	-1.0267	2.6989	1.0665	0.2145	-1.5905	-40.623	8.9662	7.1549	-7.5473	13.694	-10.222	15.278	-0.0063752	-3.0406	3.3945	1.8615	-4.749	-0.32938
-2.6514	14.045	-1.9069	7.428	8.7309	-1.5106	-6.7187	3.0346	0.93698	-2.258	-1.0629	2.4592	1.0378	0.078365	-6.5815	-60.25	-3.5206	40.473	-23.781	7.7916	-15.11	4.1786	18.295	-2.7836	-1.4486	-9.5898	-1.1465	-5.4453
-2.7186	13.49	-1.6782	7.7271	7.9276	-1.3696	-5.8486	2.3327	1.1513	-2.1565	-1.1489	2.4091	0.61258	0.079703	-2.6866	-22.201	9.1481	11.966	-32.131	5.6405	34.806	-28.078	8.5718	4.0607	-3.4371	-2.0019	-17.008	0.053514
-2.9374	13.188	-0.18986	5.1024	7.635	-0.1184	-5.0073	0.61258	1.9479	-1.6983	-1.3577	2.2236	0.12002	-0.089397	-8.7535	-12.11	59.535	-104.99	-11.706	50.047	33.652	-68.804	31.865	18.326	-8.3538	-7.4217	-19.702	-6.764
-3.1273	7.6639	3.1045	2.4735	9.3506	-0.29075	-5.0147	-0.61794	3.2131	-0.4278	-3.754	2.8186	0.83264	-0.54981	-7.5925	-220.95	131.78	-105.16	68.626	-6.894	-0.29597	-49.221	50.607	50.822	-95.853	23.802	28.505	-18.417
-3.5227	0.29656	8.1587	0.59377	7.24	-0.049676	-0.34482	-2.9225	0.10048	2.7541	-3.1928	1.2079	0.77692	-0.87051	-15.817	-294.69	202.17	-75.19	-84.425	9.643	186.79	-92.181	-124.5	127.28	22.451	-64.429	-2.2286	-12.828
-3.8986	-11.459	10.669	3.7972	1.4901	1.4175	2.708	-0.81479	-0.76391	2.581	-1.909	1.6171	0.30497	-2.2554	-15.035	-470.21	100.42	128.14	-230	58.686	122.11	84.307	-34.576	-6.9277	51.349	16.367	-18.878	-55.394
-3.9529	-18.258	10.266	7.2963	4.0884	2.1948	1.0096	-1.3667	1.1818	0.81424	-1.0471	1.3977	-0.32365	-3.8053	-2.1748	-271.97	-16.122	139.97	103.93	31.094	-67.935	-22.077	77.827	-70.669	34.477	-8.7758	-25.145	-61.996
-3.9028	-18.222	10.479	7.3657	3.7228	3.0539	0.7371	-1.7371	1.0196	1.4549	-1.3078	1.524	0.21917	-4.3665	2.0041	1.4454	8.5239	2.7746	-14.623	34.362	-10.901	-14.816	-6.4858	25.625	-10.427	5.0545	21.713	-22.45
-3.8349	-17.289	10.758	6.2107	4.4599	2.5731	0.52308	-0.57739	0.36626	1.0508	-1.2119	2.044	-0.068509	-4.005	2.7191	37.327	11.149	-46.2	29.484	-19.229	-8.561	46.389	-26.135	-16.163	3.8376	20.797	-11.507	14.459
-3.8868	-17.881	11.178	6.7311	3.4199	2.6729	1.0117	-0.72407	0.23432	1.7792	-1.8867	2.2547	0.23969	-4.3617	-2.0788	-23.692	16.792	20.816	-41.598	3.9902	19.545	-5.8672	-5.2777	29.139	-26.995	8.428	12.328	-14.267
-3.7786	-14.804	10.223	5.5585	4.0382	2.86	1.1959	-1.0473	0.21041	1.8107	-1.6271	1.7402	-0.078982	-3.3767	4.3298	123.09	-38.178	-46.901	24.731	7.4832	7.3666	-12.93	-0.95623	1.2576	10.387	-20.58	-12.747	39.4
-3.4679	6.5353	5.7775	0.44254	5.2411	2.5754	0.94347	-3.8033	-0.73396	1.4851	-0.57835	-0.10021	-0.96573	-1.2586	12.428	853.56	-177.83	-204.64	48.114	-11.381	-10.096	-110.24	-37.775	-13.025	41.949	-73.615	-35.47	84.722
-2.9362	14.08	1.9268	2.0168	8.9716	-1.9202	-2.8027	-2.963	1.1464	1.7572	-2.4686	1.1019	0.42966	-0.7381	21.266	301.78	-154.03	62.97	149.22	-179.83	-149.85	33.616	75.216	10.887	-75.61	48.084	55.816	20.821
-2.7664	16.938	-0.84139	4.1238	10.052	-3.8339	-4.6838	-0.18908	1.8678	0.68182	-3.3951	2.0128	1.4488	-1.1602	6.7917	114.32	-110.73	84.28	43.202	-76.547	-75.245	110.96	28.853	-43.017	-37.059	36.436	40.767	-16.886
-2.639	17.45	-1.0254	5.3692	8.6576	-3.967	-4.3062	0.35694	0.67277	1.0915	-3.1013	2.0498	1.3701	-1.0921	5.096	20.493	-7.3612	49.817	-55.762	-5.3254	15.107	21.841	-47.8	16.388	11.752	1.482	-3.1492	2.7269
-2.6625	15.629	-0.77418	6.2611	8.6508	-4.6209	-4.4185	1.1676	0.35965	1.0446	-2.6268	1.9534	1.1957	-1.1831	-0.93665	-72.852	10.05	35.674	-0.27367	-26.153	-4.4925	32.427	-12.525	-1.877	18.979	-3.8565	-6.9772	-3.6399
-2.7441	15.479	-1.2317	6.7961	8.8864	-4.683	-4.5181	1.4236	0.18098	1.0117	-2.5086	2.0404	0.78884	-1.3512	-3.2669	-6.0088	-18.303	21.401	9.4246	-2.4863	-3.9824	10.24	-7.1466	-1.3141	4.7258	3.477	-16.274	-6.7259
-2.7359	14.493	-1.8655	7.8344	8.7976	-4.909	-5.0283	2.1803	0.51061	0.020216	-1.798	1.7886	0.6936	-1.7415	0.3309	-39.411	-25.349	41.531	-3.5522	-9.0399	-20.408	30.269	13.185	-39.661	28.427	-10.069	-3.8096	-15.611
-2.9352	12.332	-1.8355	8.1015	9.4299	-4.7586	-5.3132	3.0017	0.80984	-0.77966	-1.4123	1.7353	0.67707	-2.6948	-7.9732	-86.434	1.1966	10.684	25.294	6.0152	-11.399	32.854	11.969	-31.995	15.428	-2.1319	-0.66131	-38.132
-3.0431	9.2347	-1.4442	8.2258	10.179	-5.1909	-6.0437	4.3273	0.93586	-0.91107	-2.2038	2.6521	0.098607	-2.8419	-4.3153	-123.91	15.653	4.9725	29.969	-17.293	-29.218	53.025	5.0406	-5.2562	-31.663	36.67	-23.139	-5.8833
-3.2494	6.3807	-1.9929	9.4993	10.273	-5.2387	-6.4433	4.5046	1.9816	-1.4312	-1.9093	2.848	-0.85454	-2.6151	-8.2539	-114.16	-21.945	50.942	3.7431	-1.9111	-15.984	7.0908	41.829	-20.804	11.782	7.837	-38.126	9.0693
-3.6115	2.2267	-1.6757	9.376	9.901	-3.9299	-6.438	3.6815	2.3083	-0.94288	-1.5296	2.5789	-2.6395	-1.6411	-14.482	-166.16	12.687	-4.9351	-14.87	52.354	0.21119	-32.924	13.067	19.532	15.186	-10.764	-71.399	38.96
-3.9253	-4.5141	0.18141	8.223	8.6877	-1.2466	-5.8771	2.5553	2.9812	-0.72491	-0.33265	2.602	-5.4145	-0.8133	-12.554	-269.63	74.283	-46.117	-48.532	107.33	22.436	-45.046	26.918	8.7187	47.879	0.92537	-111	33.113
-4.2454	-14.284	5.674	6.2221	5.8544	1.488	-3.4407	0.46291	3.4807	-0.028786	-0.46094	2.3444	-7.4416	-0.034139	-12.803	-390.79	219.7	-80.038	-113.33	109.38	97.455	-83.697	19.98	27.845	-5.1314	-10.303	-81.084	31.167
-4.295	-21.957	10.712	5.7245	3.1075	3.9566	-2.6149	-0.38519	2.0623	3.115	-1.734	-0.60041	-5.0644	-1.2188	-1.9852	-306.92	201.53	-19.906	-109.87	98.745	33.032	-33.924	-56.736	125.75	-50.924	-117.79	95.09	-47.386
-4.3113	-21.136	11.239	3.6677	3.0666	4.9588	-1.5177	-0.24319	1.6164	3.1959	-2.6505	-0.34261	-4.1826	-1.583	-0.64895	32.837	21.059	-82.27	-1.6372	40.088	43.886	5.6798	-17.836	3.2348	-36.659	10.312	35.271	-14.57
-4.5012	-25.113	12.462	4.6827	1.9981	5.1697	-0.10562	-1.6616	0.97894	4.2502	-1.4956	0.76593	-5.4809	-1.4923	-7.5984	-159.08	48.926	40.598	-42.739	8.4351	56.485	-56.738	-25.499	42.174	46.198	44.342	-51.933	3.6307
-4.6787	-28.838	13.501	7.2181	2.0954	4.7729	-1.5976	-3.1432	0.45908	3.4907	-1.7018	1.7633	-3.6694	0.27788	-7.1006	-148.99	41.566	101.42	3.8908	-15.872	-59.679	-59.262	-20.794	-30.379	-8.2498	39.897	72.462	70.805
-5.0845	-26.934	13.783	7.6741	0.79954	3.8867	-2.8554	-3.0186	-0.25653	1.009	-2.4926	3.1218	-1.4619	1.1637	-16.229	76.138	11.294	18.24	-51.834	-35.448	-50.314	4.9851	-28.624	-99.269	-31.632	54.336	88.3	35.434
-5.9247	-29.664	9.896	5.2425	0.35257	3.0648	-2.6564	-3.3133	1.0174	0.1726	-3.0403	2.9172	-3.1947	0.065145	-33.608	-109.21	-155.49	-97.265	-17.879	-32.874	7.9599	-11.789	50.959	-33.456	-21.909	-8.1824	-69.315	-43.943
-7.0593	-24.035	-2.8405	8.7263	0.25067	2.0714	-6.4013	-1.279	2.4893	-0.82737	-0.69765	4.4461	-4.1171	-1.2289	-45.385	225.18	-509.46	139.35	-4.0762	-39.737	-149.79	81.372	58.874	-39.999	93.708	61.158	-36.896	-51.76
-8.3204	-44.102	-8.0933	5.6651	3.8924	2.6729	-4.6725	1.163	2.4737	-1.3433	-1.4104	2.2215	-3.0298	0.52767	-50.446	-802.69	-210.11	-122.45	145.67	24.058	69.151	97.681	-0.62516	-20.639	-28.51	-88.987	43.492	70.262
-11.284	-70.792	-12.072	2.1589	3.6488	2.6065	-2.2044	1.3682	1.115	-1.4315	-0.3321	1.1398	-0.25927	1.6031	-118.53	-1067.6	-159.15	-140.25	-9.7424	-2.6562	98.722	8.2073	-54.349	-3.5266	43.132	-43.266	110.82	43.017
-12.678	-83.684	-13.954	0.03645	0.16743	4.0645	0.60962	0.47077	-0.13919	-1.394	-0.90336	0.054606	-0.26806	1.6787	-55.774	-515.68	-75.289	-84.896	-139.25	58.323	112.56	-35.898	-50.166	1.4988	-22.85	-43.409	-0.3516	3.0264
-12.603	-83.205	-14.113	0.90301	-0.61489	2.2761	2.3001	1.5538	0.2788	-0.56171	-0.26623	-1.0031	-0.30509	1.4809	3.0073	19.177	-6.3324	34.663	-31.293	-71.539	67.619	43.321	16.72	33.293	25.485	-42.31	-1.4809	-7.9156
-12.401	-84.544	-15.159	0.37948	-0.89334	2.2224	2.6319	3.6401	2.3321	0.89228	-0.24843	-1.8633	0.63931	1.6232	8.0756	-53.565	-41.875	-20.941	-11.138	-2.1467	13.271	83.453	82.133	58.159	0.71215	-34.405	37.776	5.6946
-12.33	-83.174	-13.458	1.2302	-1.1765	4.6015	1.8406	3.5103	0.80238	0.019985	-0.29138	-1.2964	0.65812	1.2796	2.8334	54.816	68.051	34.027	-11.326	95.164	-31.653	-5.1946	-61.19	-34.892	-1.7178	22.673	0.7522	-13.746
-5.3826	-16.352	-3.6597	2.3006	3.7797	-0.067029	-3.5294	-3.1672	2.9228	-0.528	-3.3467	1.8329	-2.7271	1.898	277.9	2672.9	391.94	42.817	198.25	-186.74	-214.8	-267.1	84.818	-21.919	-122.21	125.17	-135.41	24.737
-3.8128	14.256	-1.1029	1.9475	3.3355	-1.3947	-4.4764	-3.1176	2.8636	-0.31813	-3.97	2.3254	-1.831	2.2232	62.793	1224.3	102.27	-14.122	-17.77	-53.105	-37.88	1.9849	-2.3695	8.3948	-24.931	19.699	35.845	13.007
-2.818	32.276	-2.5188	-1.3807	4.6706	-2.4884	-4.4552	-3.4766	1.7867	2.0059	-3.0362	1.1652	0.81262	0.21734	39.79	720.79	-56.636	-133.13	53.406	-43.748	0.84884	-14.359	-43.074	92.961	37.353	-46.407	105.74	-80.233
-2.153	37.706	-1.7873	-2.2126	4.2388	-2.0842	-3.8259	-4.2448	1.7624	2.4963	-2.7958	1.6961	-0.24818	1.2265	26.599	217.2	29.261	-33.275	-17.274	16.167	25.171	-30.728	-0.97177	19.615	9.616	21.238	-42.432	40.368
-1.9	38.472	1.686	-3.5307	3.5907	-1.5506	-3.736	-2.9853	1.6923	1.5354	-2.1013	0.45803	0.59317	0.79908	10.123	30.632	138.93	-52.724	-25.923	21.343	3.5976	50.378	-2.8043	-38.436	27.779	-49.525	33.654	-17.098
-1.8249	28.69	6.8161	-2.5641	1.8327	-0.12425	-2.986	-4.5015	2.2238	1.0349	-0.64754	0.14138	0.39146	1.7012	3.0011	-391.26	205.2	38.664	-70.319	57.054	29.999	-60.646	21.26	-20.019	58.15	-12.666	-8.0685	36.086
-1.9724	19.576	10.863	-1.0714	-0.89705	1.3118	-1.5081	-5.5692	1.9172	1.5563	-0.82112	0.46643	-0.82223	2.4769	-5.8998	-364.6	161.87	59.707	-109.19	57.443	59.118	-42.711	-12.266	20.854	-6.9433	13.002	-48.547	31.028
-2.279	14.664	11.811	0.38565	-1.7444	2.3408	-0.40729	-5.9932	0.39566	1.8824	0.014277	-1.0152	0.68611	0.84944	-12.265	-196.45	37.918	58.282	-33.893	41.16	44.031	-16.96	-60.861	13.044	33.416	-59.265	60.333	-65.1
-2.9817	3.4431	13.777	1.7222	-2.5639	3.6339	1.2221	-6.437	0.10497	0.33728	1.3164	-1.5412	0.35491	0.56588	-28.106	-448.85	78.645	53.463	-32.781	51.723	65.178	-17.749	-11.628	-61.803	52.084	-21.041	-13.248	-11.343
-4.2173	-20.905	15.182	2.167	0.66685	6.4873	1.894	-4.546	-0.28565	-0.46824	1.1447	0.54536	-0.91558	0.44306	-49.425	-973.91	56.191	17.791	129.23	114.13	26.873	75.638	-15.625	-32.221	-6.8662	83.463	-50.819	-4.9126
-4.9859	-24.141	12.215	2.0555	4.1887	6.8905	1.2622	-4.1554	-1.1879	1.2377	-0.53327	1.7785	-2.7502	-0.9916	-30.742	-129.44	-118.66	-4.458	140.87	16.131	-25.269	15.624	-36.091	68.237	-67.119	49.326	-73.384	-57.387
-5.359	-29.939	10.285	5.1013	3.5268	8.0979	1.771	-3.123	-1.0249	0.84617	-1.2616	0.93789	-1.9943	-0.35131	-14.925	-231.95	-77.216	121.83	-26.475	48.295	20.35	41.295	6.5213	-15.661	-29.134	-33.625	30.237	25.612
-5.8208	-35.528	7.9874	4.7218	5.9137	7.9105	4.2079	-2.3055	-1.9955	0.76022	-2.3395	0.72956	-0.76877	-1.3925	-18.472	-223.53	-91.899	-15.179	95.474	-7.4972	97.477	32.701	-38.825	-3.438	-43.117	-8.3332	49.02	-41.647
-6.1177	-12.319	-0.70341	2.8976	1.176	5.1176	4.4212	0.63976	0.34604	-0.86625	-2.0347	-1.8759	0.21194	1.0808	-11.875	928.33	-347.63	-72.968	-189.51	-111.72	8.5298	117.81	93.662	-65.059	12.193	-104.22	39.228	98.931
-6.6681	-23.431	0.84754	4.3535	1.6785	4.0745	3.7427	0.026229	-0.71597	-0.29521	-1.1471	-1.091	0.77229	0.91018	-22.017	-444.45	62.038	58.234	20.101	-41.723	-27.137	-24.541	-42.48	22.842	35.503	31.394	22.414	-6.824
-7.4307	-34.639	-3.4503	4.4504	6.0774	6.4252	3.11	0.39247	-1.5334	-1.0485	0.37298	0.83933	0.21726	1.1357	-30.501	-448.32	-171.91	3.8778	175.96	94.029	-25.31	14.649	-32.697	-30.133	60.805	77.214	-22.201	9.0208
-5.3463	-10.844	4.6448	2.1484	-1.2949	-0.66418	0.38355	0.86319	1.0635	-0.023312	-1.0072	-1.8568	-0.88597	0.7022	83.374	951.79	323.8	-92.08	-294.89	-283.58	-109.06	18.829	103.87	41.009	-55.207	-107.85	-44.129	-17.34
-2.5784	12.35	10.458	0.35931	-5.014	-1.2968	-0.92595	-0.28022	-1.6548	-1.013	1.7786	0.9036	-0.19126	-1.3595	110.72	927.77	232.53	-71.565	-148.76	-25.307	-52.38	-45.737	-108.73	-39.589	111.43	110.42	27.788	-82.469
-1.5981	19.808	13.463	-2.224	-7.647	-1.7452	-1.5534	-0.1385	-1.4344	-0.15175	3.2643	-0.408	0.75831	-3.325	39.214	298.31	120.21	-103.33	-105.32	-17.933	-25.098	5.6691	8.819	34.452	59.427	-52.464	37.983	-78.619
-1.1652	25.137	11.653	-3.3029	-9.9604	-1.8172	-0.76912	1.0765	-0.83975	-0.33144	3.2885	-1.216	-0.049998	-2.8574	17.315	213.15	-72.399	-43.156	-92.536	-2.8799	31.371	48.601	23.785	-7.1876	0.9688	-32.318	-32.332	18.706
-1.1634	27.033	11.16	-4.9125	-9.772	-2.2287	-0.78567	1.8403	0.49222	-1.3603	3.8983	-2.1654	-0.13414	-2.8892	0.070635	75.846	-19.732	-64.387	7.5348	-16.46	-0.66189	30.552	53.279	-41.156	24.394	-37.976	-3.3656	-1.2738
-1.2137	26.431	10.089	-3.5542	-10.707	-1.7144	-0.19178	1.9278	0.79889	-1.248	2.6126	-1.4997	-0.096629	-2.7525	-2.0113	-24.065	-42.838	54.333	-37.386	20.573	23.756	3.5007	12.267	4.4917	-51.43	26.628	1.5003	5.4672
-1.3874	22.337	11.902	-2.853	-11.746	-1.4469	2.0795	0.81628	0.98121	-0.66952	1.9138	-1.5703	0.95929	-3.3727	-6.9471	-163.76	72.53	28.047	-41.559	10.697	90.85	-44.462	7.2926	23.141	-27.951	-2.8248	42.237	-24.805
-1.8289	24.993	9.848	-5.9771	-7.9738	-2.5288	3.1715	1.0813	0.49437	0.022573	0.98127	-1.4059	1.1712	-3.213	-17.659	106.23	-82.175	-124.96	150.87	-43.275	43.681	10.601	-19.473	27.684	-37.301	6.5749	8.477	6.3858
-2.7954	18.179	7.0328	-5.4665	-7.2118	-0.90751	4.3125	2.7286	0.80085	0.30338	-0.56654	-1.0014	0.6066	-2.2252	-38.661	-272.56	-112.61	20.425	30.482	64.853	45.642	65.893	12.259	11.232	-61.913	16.182	-22.585	39.513
-4.3449	10.453	3.0567	-5.1969	-2.7078	0.50847	4.0389	3.6066	1.685	-0.024503	-0.72669	-0.89052	-0.32919	-1.1944	-61.979	-309.06	-159.05	10.785	180.16	56.639	-10.946	35.117	35.365	-13.115	-6.4059	4.4337	-37.432	41.233
-5.0882	5.4112	0.61843	-5.8281	0.28327	-0.41302	2.6327	3.7449	1.8588	1.171	1.3913	-0.78381	0.80343	-0.90921	-29.733	-201.66	-97.531	-25.247	119.64	-36.86	-56.249	5.5331	6.9538	47.818	84.721	4.2681	45.305	11.406
-5.0151	5.9358	-4.0093	-9.9398	1.868	0.020471	4.5247	5.4914	1.5533	-0.69906	1.0667	1.007	1.6571	0.53392	2.9241	20.983	-185.11	-164.47	63.39	17.339	75.682	69.861	-12.219	-74.801	-12.986	71.633	34.149	57.725
-4.9856	6.7613	-6.062	-11.348	0.2959	0.033758	4.6281	4.7811	0.61997	-2.8238	-0.80847	-1.1048	1.5828	2.0765	1.1807	33.019	-82.108	-56.328	-62.885	0.53151	4.1374	-28.412	-37.335	-84.989	-75.006	-84.472	-2.9733	61.703
-5.2459	4.2731	-11.331	-11.489	-2.6654	-1.9958	4.0792	2.5731	-1.3482	-0.62656	0.80754	-0.979	0.40103	1.7995	-10.412	-99.526	-210.75	-5.6282	-118.45	-81.182	-21.958	-88.322	-78.725	87.889	64.64	5.0314	-47.271	-11.08
-5.3917	2.8228	-12.342	-12.521	-4.2096	-1.8336	2.7566	2.6118	-0.0042365	-0.0148	1.0889	-0.37588	3.1433	0.87987	-5.8325	-58.015	-40.463	-41.295	-61.766	6.4871	-52.905	1.5482	53.757	24.47	11.252	24.125	109.69	-36.785
-5.4193	6.9512	-10.611	-11.413	-0.05847	-1.653	1.556	1.5738	-0.22615	-2.3333	-0.77706	-1.5041	-0.69369	-0.36664	-1.1034	165.14	69.265	44.333	166.04	7.2257	-48.022	-41.519	-8.8765	-92.74	-74.636	-45.13	-153.48	-49.861
-5.2767	4.7168	-10.8	-11.97	-1.0657	-2.6507	1.9471	1.6296	-0.50007	-2.3774	-0.3129	-1.0649	0.26764	0.643	5.701	-89.378	-7.5572	-22.304	-40.287	-39.908	15.643	2.2318	-10.957	-1.762	18.566	17.57	38.453	40.386
-5.1303	6.5212	-10.885	-11.291	-1.8334	-3.0616	2.6921	1.7107	-0.71338	-2.0512	-0.55923	-1.4792	-1.0403	-1.0527	5.8555	72.177	-3.4159	27.161	-30.71	-16.436	29.801	3.2449	-8.5324	13.046	-9.8531	-16.573	-52.316	-67.828
-5.2494	5.0383	-7.7481	-10.925	-1.0017	-0.78577	2.2217	0.94604	-2.1213	-3.633	0.81215	0.38211	-0.56735	-0.8081	-4.7608	-59.316	125.48	14.644	33.268	91.032	-18.817	-30.586	-56.316	-63.271	54.855	74.452	18.916	9.7834
-5.5536	-0.13802	-6.2332	-10.987	-2.1137	-1.9807	3.4917	2.7419	-0.12017	-3.1829	0.28225	-0.91253	-0.9029	-0.18234	-12.171	-207.05	60.599	-2.4839	-44.48	-47.799	50.798	71.833	80.045	18.004	-21.196	-51.786	-13.422	25.03
-6.2499	-8.325	-7.0901	-11.155	-2.4319	-1.7456	1.2343	2.7805	-0.14438	-2.7306	1.6937	1.1559	1.1472	-0.51783	-27.85	-327.48	-34.276	-6.6874	-12.728	9.4068	-90.293	1.5444	-0.96858	18.092	56.459	82.736	82.004	-13.419
-4.744	-8.0889	1.7498	-5.3359	-0.56991	0.12126	2.6838	4.8899	2.0904	-1.3324	0.47608	-0.57809	0.85022	-1.0068	60.234	9.4404	353.59	232.74	74.479	74.673	57.98	84.376	89.392	55.927	-48.706	-69.358	-11.879	-19.559
-2.3441	18.023	11.617	-2.8513	-5.858	-6.1327	5.5159	4.034	0.40164	-2.5	2.5031	-2.542	2.786	-0.78668	95.996	1044.5	394.67	99.385	-211.52	-250.16	113.28	-34.236	-67.551	-46.702	81.081	-78.556	77.429	8.8047
-1.3913	28.973	8.2936	-3.7979	-6.5742	-7.7919	6.0898	3.1332	0.32468	-3.2469	3.6398	-3.5472	3.5365	-0.43995	38.112	438.04	-132.92	-37.864	-28.647	-66.367	22.955	-36.029	-3.0783	-29.878	45.468	-40.209	30.022	13.869
-0.89662	33.956	7.3142	-6.5356	-6.6669	-6.0801	3.721	3.457	2.1796	-4.8762	4.7001	-3.8538	2.5905	-0.004071	19.788	199.3	-39.176	-109.51	-3.7097	68.471	-94.749	12.95	74.196	-65.171	42.41	-12.263	-37.839	17.435
-0.61745	36.176	7.6513	-8.8226	-4.7149	-6.3132	2.5154	4.118	2.6309	-4.7695	4.566	-3.9821	2.2803	0.2168	11.167	88.797	13.484	-91.479	78.081	-9.3228	-48.227	26.441	18.052	4.2696	-5.3629	-5.133	-12.411	8.8347
-0.50163	39.277	6.3285	-8.7096	-4.1622	-6.5663	2.0543	4.2237	3.1519	-5.1395	4.4119	-3.3769	1.7267	0.629	4.6328	124.04	-52.913	4.5191	22.108	-10.123	-18.443	4.2281	20.84	-14.801	-6.1623	24.209	-22.142	16.488
-0.39891	40.455	5.9633	-8.5911	-3.9725	-6.7695	2.2641	3.8767	3.7576	-5.585	4.5688	-3.2563	1.542	1.0102	4.1085	47.104	-14.608	4.7385	7.5891	-8.1301	8.3936	-13.881	24.231	-17.82	6.2752	4.8227	-7.3878	15.25
-0.34221	40.557	5.7608	-8.1847	-3.9905	-6.9619	2.5967	3.2055	4.4259	-6.2399	4.7912	-3.3223	1.6508	0.89086	2.2681	4.0935	-8.0983	16.256	-0.72118	-7.6953	13.302	-26.846	26.73	-26.198	8.8951	-2.6393	4.3512	-4.7753
-0.38988	39.933	6.6875	-7.8184	-3.2086	-7.3553	3.2258	3.0918	4.7155	-6.236	4.6405	-3.1259	2.1926	0.53636	-1.9066	-24.944	37.069	14.653	31.277	-15.736	25.165	-4.5506	11.586	0.15735	-6.0296	7.8555	21.672	-14.18
-0.49389	39.24	6.9756	-7.6578	-3.3711	-7.4775	3.258	3.1632	4.333	-6.1463	4.2416	-2.5045	1.9489	0.49736	-4.1605	-27.75	11.521	6.4238	-6.5005	-4.8869	1.2874	2.8564	-15.303	3.5884	-15.955	24.854	-9.746	-1.5599
-0.57343	38.783	6.7433	-7.8308	-3.6112	-7.7577	3.1031	3.4541	3.4972	-5.7968	4.2802	-2.5023	2.0125	0.55214	-3.1816	-18.253	-9.2915	-6.9172	-9.605	-11.207	-6.1955	11.637	-33.429	13.979	1.5446	0.090258	2.5417	2.1909
-0.57106	39.438	6.1456	-7.8192	-3.8393	-7.776	3.2268	3.6354	2.7073	-5.0503	4.5017	-2.6649	2.1615	0.63615	0.094643	26.175	-23.908	0.46326	-9.1229	-0.73432	4.9479	7.2532	-31.599	29.861	8.8623	-6.5055	5.9603	3.3607
-0.38608	39.415	6.2464	-7.9486	-4.5026	-7.3458	3.1958	3.6525	2.184	-4.4341	4.7531	-2.6935	2.2663	0.52861	7.3994	-0.90724	4.0316	-5.1779	-26.535	17.209	-1.2389	0.6839	-20.932	24.647	10.055	-1.1433	4.191	-4.3016
-0.31776	40.926	5.3219	-8.2855	-5.1656	-6.7257	3.5503	2.886	1.9828	-2.9627	4.5656	-3.1447	2.7013	0.17905	2.7325	60.427	-36.979	-13.477	-26.517	24.803	14.18	-30.66	-8.0464	58.857	-7.5	-18.047	17.402	-13.983
-0.49318	40.063	5.8293	-9.1105	-5.3882	-6.3455	3.8348	2.4437	1.4926	-1.9243	4.2949	-3.8928	3.0411	-0.83343	-7.0165	-34.488	20.299	-33	-8.9058	15.209	11.38	-17.691	-19.607	41.536	-10.83	-29.926	13.592	-40.499
-0.90269	36.695	6.2311	-9.5057	-6.5077	-6.4115	3.6598	2.2055	0.80469	-0.87192	3.0665	-3.8511	2.1006	-2.3709	-16.381	-134.75	16.071	-15.808	-44.778	-2.6386	-7.001	-9.5278	-27.517	42.096	-49.136	1.6676	-37.62	-61.498
-1.568	37.539	0.32168	-6.7204	-6.3256	-5.7015	3.7534	-0.26663	-0.56269	1.1736	0.98664	-4.6327	0.2275	-3.0034	-26.613	33.778	-236.38	111.41	7.284	28.401	3.744	-98.887	-54.696	81.822	-83.192	-31.264	-74.925	-25.302
-2.492	11.291	-1.6005	-8.441	-8.5909	-6.7998	3.8702	0.010144	-0.72446	2.9278	1.9818	-5.8642	-0.67068	-3.2216	-36.959	-1049.9	-76.887	-68.824	-90.614	-43.934	4.6743	11.071	-6.4707	70.166	39.807	-49.26	-35.927	-8.7277
-5.1953	-41.667	6.3542	-1.6414	-5.1956	-2.0541	2.4113	0.97173	2.8053	7.1162	1.4637	-5.9998	-2.5807	-0.94834	-108.13	-2118.3	318.19	271.98	135.81	189.83	-58.356	38.463	141.19	167.54	-20.725	-5.4222	-76.402	90.932
-9.116	-71.666	-4.4242	-0.82005	-4.0336	-1.5318	0.053284	1.1577	3.7865	5.2905	2.2272	-3.8612	-2.8754	-0.57212	-156.83	-1200	-431.14	32.855	46.478	20.893	-94.322	7.4399	39.246	-73.024	30.541	85.542	-11.786	15.049
-12.332	-81.898	-13.005	-0.65485	-3.9402	1.004	-0.13166	1.2389	3.1741	3.0857	1.8552	0.48117	0.6007	0.85794	-128.64	-409.29	-343.23	6.6083	3.7379	101.43	-7.3976	3.2484	-24.492	-88.193	-14.883	173.7	139.04	57.203
-12.523	-82.757	-15.617	-0.52631	-1.1205	3.5726	0.21977	2.0477	1.429	1.1324	0.32656	-0.51651	1.3917	0.85228	-7.6397	-34.382	-104.49	5.1413	112.78	102.74	14.057	32.35	-69.806	-78.134	-61.144	-39.907	31.64	-0.22657
-12.786	-82.783	-14.108	1.6817	-0.29281	2.743	-1.5147	0.4428	0.93525	0.6569	0.029808	-0.96695	0.14779	0.36133	-10.535	-1.0304	60.354	88.322	33.109	-33.182	-69.38	-64.196	-19.75	-19.019	-11.87	-18.017	-49.756	-19.638
-13.049	-81.23	-12.967	0.85664	0.069122	2.7579	-0.23237	-0.052342	0.38369	-0.97526	0.13413	-0.56927	0.32432	0.79165	-10.498	62.141	45.656	-33.004	14.477	0.5951	51.294	-19.806	-22.063	-65.286	4.1728	15.907	7.0613	17.213
-12.956	-82.545	-13.859	-0.027382	0.58149	3.6721	2.1066	3.025	2.5572	0.35462	-0.64605	-0.50372	0.93367	1.3336	3.7201	-52.608	-35.699	-35.361	20.495	36.568	93.56	123.09	86.939	53.195	-31.207	2.6217	24.374	21.679
-12.829	-81.466	-13.999	-1.4563	-3.3203	1.0928	0.37496	1.2706	1.4052	0.092268	-1.4992	-1.0664	0.25796	0.92021	5.0783	43.168	-5.5776	-57.157	-156.07	-103.17	-69.267	-70.177	-46.077	-10.494	-34.126	-22.507	-27.028	-16.537
-12.458	-83.435	-14.401	-1.2888	-3.8269	1.2256	1.2207	1.6128	1.5783	0.34173	-0.86502	0.0057321	1.7762	0.34451	14.817	-78.785	-16.091	6.6986	-20.265	5.3113	33.828	13.687	6.9215	9.9786	25.367	42.885	60.731	-23.028
-12.43	-84.205	-14.219	-0.74592	-2.6685	2.9589	1.6928	2.1225	2.0764	-0.22847	-0.52673	0.65079	1.3566	0.93422	1.1376	-30.787	7.2763	21.717	46.337	69.334	18.886	20.389	19.924	-22.808	13.532	25.802	-16.785	23.589
-11.99	-82.321	-12.076	2.2553	-0.64127	2.2695	1.9672	0.90662	0.35106	-0.22047	-0.37452	-0.4821	0.89769	1.4719	17.585	75.379	85.743	120.05	81.089	-27.577	10.975	-48.635	-69.013	0.31998	6.0886	-45.315	-18.357	21.509
-11.861	-65.828	-4.9269	4.1494	0.94239	4.7881	2.3519	-0.84172	-0.40935	-0.3188	0.31912	-2.1013	-0.15828	2.2394	5.1755	659.72	285.95	75.764	63.347	100.74	15.388	-69.933	-30.416	-3.9329	27.745	-64.767	-42.239	30.699
-9.1446	-62.459	-15.47	10.645	-1.3878	5.1831	1.3117	-1.4097	1.9742	-0.90481	-0.56445	-1.2448	0.27284	0.38852	108.65	134.75	-421.73	259.81	-93.206	15.802	-41.608	-22.719	95.343	-23.44	-35.343	34.258	17.245	-74.036
-7.6988	-43.546	-21.843	10.812	-1.7326	3.5013	1.6489	0.6444	2.4067	-1.0859	-1.2289	-0.40887	-0.92396	0.60132	57.831	756.5	-254.9	6.7105	-13.792	-67.272	13.489	82.164	17.299	-7.2443	-26.577	33.438	-47.872	8.5119
-6.4798	-37.121	-26.976	6.7917	-4.0368	2.5267	-0.41571	1.0354	1.3013	0.69779	1.5997	-0.31821	-0.40367	-0.38634	48.759	257.03	-205.34	-160.83	-92.168	-38.984	-82.585	15.64	-44.216	71.348	113.14	3.6264	20.812	-39.506
-5.5954	-31.742	-27.006	6.4677	-4.9602	3.267	-0.29247	0.56487	0.49495	1.7337	-0.79271	0.059305	0.61168	0.60052	35.377	215.13	-1.2109	-12.964	-36.939	29.612	4.9297	-18.821	-32.254	41.437	-95.696	15.101	40.614	39.474
-5.2619	-25.984	-25.991	5.6986	-6.0412	3.8863	-1.2769	0.088218	1.0535	2.4623	-1.052	-1.0306	0.90998	1.9581	13.341	230.35	40.594	-30.763	-43.24	24.771	-39.377	-19.066	22.342	29.144	-10.37	-43.595	11.932	54.302
-5.2158	-19.896	-22.399	8.5166	-5.7221	1.2408	-0.58693	2.3689	1.2871	0.66074	-0.082555	1.0949	0.61533	-0.7295	1.8421	243.52	143.7	112.72	12.767	-105.82	27.598	91.228	9.3425	-72.063	38.776	85.018	-11.786	-107.5
-5.0839	-17.096	-22.792	5.3889	-5.7822	2.4453	-0.23956	2.5428	1.0685	0.63165	-1.4785	-0.28899	1.1838	0.71194	5.2777	111.98	-15.702	-125.11	-2.4051	48.181	13.895	6.9564	-8.7407	-1.1636	-55.838	-55.354	22.737	57.658
-4.9545	-12.296	-24.3	3.977	-6.5373	2.9051	-1.0209	0.48674	-0.82293	-1.4288	-2.0835	0.061225	-0.091012	-0.46903	5.1733	192.01	-60.328	-56.476	-30.206	18.394	-31.254	-82.244	-75.659	-82.418	-24.198	14.008	-50.991	-47.239
-4.7346	-12.721	-25.068	3.2795	-5.0346	4.4934	1.5765	1.403	0.26567	-1.4034	-1.452	-0.073429	-0.91091	0.35839	8.7977	-17.016	-30.713	-27.901	60.108	63.529	103.89	36.65	43.544	1.0155	25.26	-5.3861	-32.796	33.096
-4.7824	-8.2133	-22.835	3.109	-5.5699	4.6339	-1.0011	1.7717	1.1918	0.044357	-2.2129	-3.1482	1.1096	0.73148	-1.9117	180.32	89.293	-6.8165	-21.41	5.6199	-103.1	14.747	37.047	57.91	-30.436	-122.99	80.821	14.924
-4.8375	-5.0489	-21.344	4.7244	-5.0249	0.2406	-1.2909	1.4783	1.5242	0.99321	-1.7861	-1.5463	-0.13286	0.21419	-2.2058	126.57	59.665	64.615	21.799	-175.73	-11.592	-11.734	13.292	37.954	17.069	64.076	-49.699	-20.692
-5.0307	-4.3321	-20.49	4.4467	-4.6932	-1.7421	0.3077	3.15	-1.5306	-1.8672	-1.6315	-1.8198	1.0119	0.91183	-7.7265	28.674	34.165	-11.109	13.266	-79.309	63.943	66.868	-122.19	-114.42	6.1875	-10.939	45.791	27.906
-5.2881	-11.055	-21.859	4.4562	-4.4688	1.3766	-0.68373	2.7396	0.42865	0.74023	-1.6522	0.5023	0.77045	1.1089	-10.296	-268.93	-54.782	0.3821	8.9765	124.75	-39.657	-16.417	78.368	104.3	-0.82874	92.883	-9.6581	7.884
-5.2195	-15.842	-24.234	2.7499	-5.0424	1.0634	-1.2808	3.1727	-0.34341	-0.77193	-1.8615	0.1314	1.227	2.0831	2.7437	-191.45	-95.016	-68.255	-22.942	-12.528	-23.882	17.324	-30.882	-60.486	-8.3726	-14.836	18.262	38.967
-5.1359	-3.1734	-15.684	7.2607	-4.9023	-0.75096	-3.0091	-0.44894	0.52579	1.6674	-1.1878	-0.60443	0.095417	0.30137	3.3432	506.73	342.01	180.43	5.602	-72.574	-69.131	-144.87	34.768	97.574	26.949	-29.433	-45.263	-71.269
-5.005	2.1308	-17.078	5.7102	-4.8953	0.26615	-2.0629	-1.9595	1.4952	1.2489	-0.95955	-0.92561	0.1407	0.67116	5.2357	212.17	-55.76	-62.022	0.28027	40.684	37.846	-60.424	38.778	-16.739	9.1289	-12.847	1.8112	14.792
-4.9233	-4.0129	-22.677	2.8834	-5.7444	0.82431	-0.07162	0.83923	0.65337	0.51179	-1.2587	-1.0554	0.75346	1.3442	3.2685	-245.75	-223.96	-113.07	-33.963	22.326	79.651	111.95	-33.675	-29.486	-11.965	-5.1928	24.51	26.922
-4.7119	-6.3902	-23.096	3.8793	-5.8619	0.66318	-0.42165	-0.23326	-0.61277	0.94152	-0.99789	1.0671	0.813	1.7244	8.4573	-95.09	-16.747	39.835	-4.6987	-6.4449	-14.001	-42.9	-50.646	17.189	10.431	84.902	2.3817	15.207
-4.7646	-2.2867	-23.594	0.56038	-6.558	4.2953	-0.64972	-0.60881	0.41794	-0.096387	-0.41151	-0.37123	0.75541	0.84212	-2.1069	164.14	-19.925	-132.76	-27.847	145.29	-9.1226	-15.022	41.228	-41.516	23.455	-57.534	-2.3036	-35.291
-5.0341	5.4274	-15.057	1.5132	-7.5449	-1.4907	-2.71	-0.7166	-0.42102	-0.52804	-0.68279	-2.9926	0.33391	1.6079	-10.782	308.56	341.47	38.114	-39.475	-231.44	-82.41	-4.3115	-33.558	-17.266	-10.851	-104.86	-16.86	30.63
-5.5363	4.1804	-7.8481	4.3421	-5.8281	-2.6721	-1.3242	0.99031	0.18827	-0.30975	-0.41726	-1.6587	0.39752	1.1195	-20.09	-49.879	288.37	113.16	68.672	-47.257	55.431	68.276	24.372	8.7317	10.621	53.357	2.5447	-19.535
-2.9003	10.258	4.1036	5.6008	-0.83188	2.5668	0.98183	-1.487	-2.6994	-0.15276	0.1112	-0.25644	-0.2503	0.98662	105.44	243.09	478.07	50.346	199.85	209.56	92.241	-99.093	-115.51	6.2795	21.138	56.09	-25.913	-5.3145
-1.8015	29.121	6.4722	2.7538	-3.808	2.4883	-0.09889	-3.9786	-2.9025	-0.44873	1.5297	-0.69596	-0.71439	-0.020091	43.955	754.55	94.745	-113.88	-119.04	-3.1405	-43.229	-99.665	-8.1257	-11.839	56.741	-17.581	-18.564	-40.268
-1.2853	30.286	8.1451	1.7704	-5.5423	0.58949	0.44119	-3.6523	-2.5251	0.35827	2.0078	0.30761	-1.7337	-1.2768	20.648	46.57	66.914	-39.336	-69.372	-75.953	21.603	13.055	15.096	32.28	19.123	40.143	-40.774	-50.27
-1.1643	30.574	9.7667	-0.57576	-5.8555	-0.6784	0.25704	-1.89	-2.2512	0.59759	2.7249	0.072591	-1.6845	-0.55254	4.8382	11.54	64.863	-93.845	-12.527	-50.716	-7.3658	70.491	10.958	9.573	28.684	-9.4007	1.9712	28.972
-1.1587	31.627	10.1	-1.6785	-7.5122	-0.53227	1.0278	-1.1926	-1.7616	0.5703	2.8996	-0.67804	-1.0626	-0.61482	0.22437	42.116	13.315	-44.11	-66.269	5.8451	30.83	27.895	19.584	-1.0919	6.987	-30.025	24.874	-2.4911
-1.2907	30.356	10.969	-2.8519	-7.6723	-1.2297	2.6771	-0.31473	-1.9558	0.33979	2.5238	-1.5166	0.080353	-0.4162	-5.2813	-50.857	34.769	-46.937	-6.4027	-27.898	65.971	35.116	-7.7672	-9.2203	-15.032	-33.541	45.718	7.9445
-1.5064	28.378	11.024	-3.3028	-6.9031	-1.556	3.2117	0.53739	-2.6235	0.64758	1.4867	-1.3126	0.332	0.1364	-8.6272	-79.107	2.2226	-18.034	30.765	-13.049	21.387	34.085	-26.71	12.312	-41.484	8.1587	10.066	22.104
-1.6893	24.833	12.236	-3.4539	-6.7926	-1.6762	3.0445	1.1195	-2.552	0.39651	1.2982	-1.2841	0.53623	0.12178	-7.3157	-141.78	48.484	-6.0455	4.4223	-4.811	-6.6891	23.284	2.8599	-10.043	-7.5417	1.1375	8.169	-0.5848
-1.8295	22.728	12.609	-2.9678	-7.4719	-1.1995	3.027	0.96379	-2.3647	0.81119	1.1825	-1.7886	0.64819	0.48198	-5.6083	-84.202	14.912	19.446	-27.171	19.07	-0.69972	-6.2285	7.4928	16.587	-4.6283	-20.177	4.4783	14.408
-1.9322	21.18	13.043	-3.3104	-7.222	-0.88027	2.6144	1.1895	-2.3919	0.54162	1.8628	-2.0841	0.36744	0.70453	-4.107	-61.94	17.341	-13.704	9.9959	12.769	-16.505	9.0277	-1.0887	-10.783	27.216	-11.821	-11.23	8.902
-1.9986	20.872	12.6	-3.1198	-7.2308	-0.98825	3.4546	0.3687	-2.2415	0.74798	1.834	-1.8074	0.24114	0.25484	-2.6557	-12.329	-17.706	7.625	-0.35396	-4.3194	33.606	-32.831	6.016	8.2545	-1.1529	11.069	-5.0521	-17.988
-2.1089	19.595	13.403	-3.6622	-6.9102	-1.1708	4.079	0.8741	-3.5311	1.4253	1.6636	-1.3509	0.029945	0.29137	-4.4105	-51.073	32.115	-21.699	12.826	-7.3022	24.978	20.216	-51.582	27.092	-6.8177	18.258	-8.4478	1.461
-2.1793	19.859	12.961	-3.415	-7.744	-0.2921	3.5138	1.0991	-3.3544	0.32353	2.4472	-1.1167	-0.42562	0.6764	-2.8192	10.575	-17.688	9.8882	-33.353	35.148	-22.608	9.0008	7.0665	-44.071	31.346	9.3713	-18.223	15.401
-2.2502	18.494	13.522	-3.5286	-7.9621	0.49922	2.5935	1.6662	-3.6095	0.14918	2.5374	-1.0107	-0.38005	0.94389	-2.8356	-54.612	22.435	-4.5451	-8.7233	31.653	-36.813	22.684	-10.204	-6.9737	3.6075	4.2374	1.8227	10.7
-2.2068	17.138	13.784	-3.6084	-7.3692	-0.28875	3.2423	1.3235	-3.6477	-0.14996	2.7588	-1.2376	0.056635	0.97169	1.7361	-54.217	10.513	-3.1918	23.715	-31.519	25.951	-13.71	-1.5274	-11.966	8.8544	-9.0733	17.468	1.1119
-2.3369	16.962	13.372	-3.4748	-7.3054	-0.097245	2.5919	1.798	-3.7015	-0.12815	2.4433	-1.2941	0.92231	0.37912	-5.2025	-7.0606	-16.501	5.347	2.5515	7.6604	-26.013	18.983	-2.1519	0.8725	-12.619	-2.2625	34.627	-23.703
-2.5815	15.83	13.481	-3.3402	-6.9357	-0.89452	2.8672	1.8097	-3.5027	-0.47305	2.7055	-1.3602	0.3629	1.2382	-9.7831	-45.277	4.3693	5.3831	14.787	-31.891	11.009	0.46621	7.9518	-13.796	10.49	-2.6428	-22.376	34.363
-2.6461	13.858	13.905	-3.7015	-6.3094	-1.4874	3.2165	1.9147	-3.9577	0.070857	2.4724	-1.4886	0.45788	1.2036	-2.5869	-78.868	16.936	-14.452	25.052	-23.714	13.974	4.1997	-18.201	21.756	-9.3263	-5.1348	3.7991	-1.3835
-2.5891	13.343	13.266	-2.6178	-7.6802	-0.60574	3.1193	1.6744	-4.0384	0.61737	1.9816	-1.1204	0.23289	1.3775	2.2807	-20.625	-25.525	43.346	-54.833	35.265	-3.8906	-9.6121	-3.2256	21.86	-19.631	14.725	-8.9996	6.9542
-2.7804	13.229	12.745	-2.7493	-7.2342	-1.1383	4.027	0.70971	-3.3874	0.13029	2.2971	-1.5053	0.45597	1.2814	-7.6509	-4.5605	-20.877	-5.2583	17.839	-21.303	36.309	-38.587	26.038	-19.483	12.62	-15.394	8.9236	-3.8416
-2.7883	12.857	12.636	-2.77	-7.0986	-1.4056	4.221	0.79925	-4.0675	0.76838	1.8195	-0.86766	0.17456	0.99376	-0.31765	-14.878	-4.342	-0.83004	5.4272	-10.691	7.7587	3.5814	-27.201	25.524	-19.103	25.505	-11.257	-11.507
-2.7584	14.535	11.131	-2.8252	-6.6264	-1.4858	3.6034	1.1128	-3.7042	0.034943	2.2437	-0.62384	-0.29899	1.2332	1.1971	67.117	-60.22	-2.2065	18.887	-3.2094	-24.702	12.541	14.53	-29.338	16.965	9.7529	-18.942	9.5767
-2.7723	16.453	9.675	-2.5485	-6.6561	-1.6512	3.8026	0.64968	-3.2321	0.017826	2.5256	-1.2098	-0.020079	1.0323	-0.55477	76.72	-58.22	11.07	-1.1893	-6.617	7.9681	-18.524	18.885	-0.68467	11.278	-23.439	11.156	-8.036
-2.8186	16.023	9.7979	-2.7239	-6.5291	-1.5796	3.6082	0.76417	-3.1086	0.17793	2.608	-1.4879	0.021604	0.75774	-1.8525	-17.203	4.9142	-7.017	5.0829	2.8645	-7.7752	4.5794	4.9411	6.4042	3.2934	-11.126	1.6673	-10.982
-2.8883	15.594	9.8384	-2.7204	-6.5695	-1.4446	2.9858	1.0175	-3.0024	0.40148	2.3721	-1.4963	-0.36459	1.0496	-2.7886	-17.149	1.6235	0.13965	-1.6194	5.4003	-24.898	10.133	4.2459	8.942	-9.4329	-0.33515	-15.448	11.677
-2.9404	15.832	9.4422	-2.5914	-6.4398	-1.4422	3.4504	0.54463	-2.7049	0.26211	2.6605	-1.5775	-0.87808	1.1668	-2.0852	9.5096	-15.85	5.1604	5.1903	0.095641	18.583	-18.914	11.899	-5.575	11.536	-3.2466	-20.539	4.6863
-2.965	16.808	8.6906	-3.1811	-6.2517	-0.82267	3.1544	0.33224	-2.429	0.75208	2.2995	-1.5718	-1.1242	0.88282	-0.98347	39.049	-30.063	-23.589	7.5214	24.783	-11.839	-8.4953	11.036	19.599	-14.443	0.22927	-9.8451	-11.36
-3.0635	18.77	7.0562	-2.9743	-6.5522	0.21038	2.9578	-0.35582	-2.2018	0.86755	2.5727	-2.2399	-1.0483	0.97239	-3.9399	78.492	-65.376	8.2702	-12.019	41.322	-7.8631	-27.523	9.087	4.6189	10.929	-26.724	3.0363	3.5829
-3.2922	20.039	4.6958	-1.536	-6.4058	0.50915	2.8441	-1.0595	-1.8728	1.4418	1.8291	-2.2201	-0.92105	0.852	-9.1464	50.773	-94.418	57.535	5.8579	11.951	-4.5469	-28.149	13.163	22.968	-29.744	0.79262	5.0898	-4.8157
-3.2962	19.949	3.7898	-1.2938	-5.7967	0.69488	2.39	-1.8873	-1.6158	1.7707	1.6523	-2.0883	-1.2586	1.0829	-0.16151	-3.602	-36.238	9.6881	24.364	7.429	-18.166	-33.111	10.28	13.156	-7.0721	5.2711	-13.5	9.2343
-3.6425	19.634	2.0375	0.20905	-5.3331	0.61892	2.2997	-2.6969	-1.2418	2.1855	1.0377	-1.9993	-1.5242	1.6611	-13.85	-12.605	-70.093	60.113	18.545	-3.0384	-3.6124	-32.384	14.96	16.594	-24.585	3.5605	-10.627	23.13
-3.8202	14.147	3.0961	1.1849	-4.8456	0.66735	1.4811	-2.7638	-1.1082	2.2466	0.99192	-2.2203	-1.7914	2.0914	-7.1101	-219.51	42.344	39.035	19.501	1.9374	-32.742	-2.6777	5.3441	2.4448	-1.8306	-8.8423	-10.688	17.212
-4.2492	14.149	1.1128	2.5592	-4.134	0.080374	1.8217	-3.6352	-0.79869	2.3915	0.35712	-2.5116	-0.93002	2.1599	-17.158	0.11017	-79.332	54.969	28.464	-23.479	13.62	-34.853	12.379	5.7945	-25.392	-11.653	34.456	2.7379
-4.393	10.527	0.70828	3.3311	-3.0328	0.34702	1.5979	-3.9503	-0.61753	2.5639	-0.25628	-2.2948	-1.0364	2.1157	-5.7524	-144.89	-16.181	30.876	44.046	10.666	-8.9509	-12.607	7.2467	6.8978	-24.536	8.6727	-4.2545	-1.767
-5.1894	2.9704	1.9591	3.3465	-0.99971	0.18583	2.5784	-4.5661	-1.151	3.2382	-1.0612	-1.5563	-1.4728	1.8943	-31.856	-302.27	50.031	0.61662	81.324	-6.4476	39.222	-24.631	-21.339	26.97	-32.196	29.541	-17.456	-8.8548
-5.9638	-18.502	4.2064	2.1101	3.036	2.0564	-0.23833	-2.6758	0.17218	2.6439	-1.5671	0.68977	-3.1248	1.5588	-30.978	-858.9	89.893	-49.454	161.43	74.824	-112.67	75.613	52.927	-23.774	-20.235	89.843	-66.08	-13.419
-6.9139	-28.787	7.7518	2.1337	4.3112	2.9651	-2.1329	-1.3664	-0.2196	3.0329	-1.5383	0.36629	-3.6502	1.8263	-38.005	-411.39	141.82	0.94169	51.011	36.348	-75.781	52.377	-15.671	15.561	1.1498	-12.939	-21.019	10.697
-6.9821	-30.673	7.6887	1.3146	3.789	2.4647	-2.1143	-1.7201	1.0795	2.0169	-0.91338	1.0516	-2.7074	1.5542	-2.7249	-75.46	-2.5246	-32.761	-20.888	-20.018	0.74242	-14.15	51.963	-40.64	24.997	27.412	37.715	-10.884
-6.9921	-32.055	8.8467	1.6172	4.4564	3.1056	-2.0256	-1.9509	1.2236	1.223	0.32085	0.76108	-3.1757	1.3726	-0.40156	-55.266	46.321	12.102	26.695	25.638	3.5471	-9.2289	5.7662	-31.753	49.369	-11.621	-18.731	-7.264
-6.8673	-30.337	8.5122	2.3189	4.5802	3.1612	-1.1936	-1.0844	0.21157	2.7028	-1.1667	1.1765	-3.6147	1.575	4.9916	68.719	-13.38	28.069	4.9514	2.2215	33.282	34.66	-40.483	59.191	-59.503	16.617	-17.562	8.0962
-6.4923	-29.065	6.9934	3.8142	4.9322	3.992	0.026799	-0.32039	0.64903	2.8688	-1.8079	1.9379	-4.2732	1.6398	15.001	50.886	-60.755	59.812	14.078	33.236	48.815	30.559	17.498	6.6378	-25.648	30.456	-26.34	2.5918
-6.4808	-29.304	6.2315	4.5715	5.7181	2.9341	0.71865	-1.3467	1.0109	2.9142	-2.6735	1.3612	-4.8944	2.1372	0.45787	-9.5529	-30.477	30.289	31.439	-42.319	27.674	-41.053	14.476	1.8167	-34.623	-23.067	-24.846	19.897
-6.709	-34.679	8.7579	3.2094	4.2259	3.4842	-1.4818	-0.92381	0.64285	2.0897	-0.1589	-0.25121	-3.1067	1.5779	-9.1267	-215	101.06	-54.483	-59.69	22.007	-88.019	16.916	-14.723	-32.98	100.58	-64.497	71.507	-22.37
-6.9694	-36.108	8.8346	6.7467	5.0278	1.3536	-0.47465	-0.11645	0.91998	1.4493	-0.92567	0.59158	-3.8361	1.1816	-10.417	-57.187	3.0678	141.49	32.075	-85.226	40.286	32.295	11.085	-25.614	-30.671	33.711	-29.176	-15.852
-7.1838	-46.725	8.3478	7.2903	4.763	3.9004	0.92723	-0.48069	1.3923	2.4772	-1.7836	-0.61625	-1.6724	2.1877	-8.5732	-424.68	-19.472	21.744	-10.59	101.87	56.075	-14.57	18.893	41.116	-34.315	-48.313	86.549	40.241
