-2.1207	13.177	8.9288	-3.9812	7.5679	2.6597	-2.7472	-2.8546	-2.1531	-0.032964	-0.081266	-0.7429	-1.0288	-0.22865	0	0	0	0	0	0	0	0	0	0	0	0	0	0
-1.3575	19.827	8.3859	-4.91	9.5429	3.2193	-5.6777	-3.3972	-3.1989	1.1453	-0.89315	-1.4846	-1.1304	-0.25466	30.528	266	-21.716	-37.154	79	22.386	-117.22	-21.704	-41.832	47.13	-32.475	-29.668	-4.0641	-1.0406
-1.1515	19.779	6.0293	-1.3537	10.937	2.9587	-4.7656	-4.1066	-2.4849	1.1989	-2.2596	-1.2564	-1.7371	0.43245	8.2407	-1.8976	-94.263	142.25	55.763	-10.423	36.486	-28.379	28.56	2.1437	-54.657	9.1286	-24.268	27.484
-1.4317	15.936	5.6328	1.0909	11.155	4.4006	-5.8786	-3.6233	-0.36727	0.10288	-1.7724	-2.314	-1.761	0.84201	-11.209	-153.72	-15.861	97.783	8.7218	57.675	-44.522	19.334	84.706	-43.84	19.485	-42.304	-0.9548	16.383
-1.5973	14.246	5.6808	1.5786	10.351	5.2068	-6.4607	-2.0086	1.4879	-1.7719	-1.0173	-2.3843	-0.5931	1.4405	-6.6245	-67.624	1.9186	19.509	-32.163	32.246	-23.283	64.588	74.209	-74.992	30.208	-2.8146	46.714	23.939
-1.8345	18.093	1.912	1.9172	11.382	3.221	-5.5613	0.28198	1.402	-0.82815	-0.59653	-2.4435	0.47968	0.34207	-9.4858	153.87	-150.75	13.544	41.237	-79.428	35.977	91.623	-3.4373	37.751	16.829	-2.3679	42.911	-43.937
-1.8532	17.042	0.49383	2.8887	12.533	1.9698	-5.1102	1.5908	1.792	-0.7102	-0.35355	-2.5826	1.0747	-0.28117	-0.7472	-42.01	-56.725	38.858	46.047	-50.048	18.045	52.353	15.599	4.7179	9.7193	-5.5631	23.802	-24.93
-1.8246	16.3	-0.60767	3.8485	11.527	2.4893	-4.3953	2.8619	1.7788	-0.42798	-0.0067877	-3.2758	1.0556	-0.48552	1.1439	-29.714	-44.06	38.393	-40.26	20.778	28.596	50.843	-0.5287	11.289	13.87	-27.726	-0.76578	-8.1741
-2	14.62	-0.70782	4.2505	11.623	2.4049	-4.0738	3.4647	2.3126	-0.66049	-0.43793	-2.9308	0.90771	-1.0174	-7.0179	-67.186	-4.006	16.079	3.8777	-3.3736	12.859	24.114	21.354	-9.3005	-17.246	13.799	-5.9149	-21.274
-2.084	10.878	-0.86906	5.2451	11.301	2.914	-2.3839	2.4719	2.6694	-0.38147	-1.2813	-3.0168	0.77039	-1.5055	-3.3593	-149.67	-6.4495	39.785	-12.907	20.361	67.597	-39.713	14.273	11.161	-33.736	-3.4411	-5.4926	-19.525
-2.1706	7.6968	-1.6376	6.2936	11.923	2.4065	-2.137	4.3905	0.90397	-0.10002	-1.3463	-3.4413	0.80767	-2.2307	-3.4632	-127.25	-30.741	41.94	24.875	-20.298	9.875	76.743	-70.619	11.258	-2.5985	-16.978	1.491	-29.01
-2.2377	2.252	-2.7553	6.8518	14.647	2.7634	-0.91669	3.7502	0.06676	-0.39655	-1.6775	-2.9797	-0.50915	-1.7564	-2.6844	-217.79	-44.708	22.328	108.99	14.274	48.812	-25.613	-33.488	-11.861	-13.251	18.463	-52.673	18.974
-2.3135	1.1152	-1.2049	6.0749	15.801	3.2136	-2.9168	1.9024	0.28701	-0.96125	-1.1373	-2.6936	0.26618	-1.227	-3.0334	-45.469	62.013	-31.075	46.132	18.009	-80.005	-73.91	8.81	-22.588	21.609	11.445	31.013	21.176
-2.2579	3.0635	0.4353	6.3506	14.495	1.9084	-4.2627	2.0415	1.2595	-1.5883	-0.94974	-2.943	0.5521	-0.78953	2.2241	77.932	65.61	11.026	-52.225	-52.208	-53.837	5.5644	38.9	-25.082	7.5031	-9.9786	11.437	17.499
-2.1078	7.1504	-0.40459	6.669	13.86	1.7599	-4.9707	2.4146	1.1041	-2.3218	-0.57112	-3.2415	1.4433	-1.3107	6.0066	163.47	-33.596	12.737	-25.393	-5.9404	-28.318	14.924	-6.2156	-29.341	15.145	-11.938	35.649	-20.846
-1.9187	10.619	0.32662	4.9217	14.463	2.1775	-7.0769	2.2562	1.5304	-1.6067	-1.2025	-3.3781	1.2681	-0.17772	7.5646	138.74	29.248	-69.892	24.099	16.704	-84.247	-6.3389	17.051	28.603	-25.254	-5.4657	-7.0096	45.318
-1.6791	12.791	2.3658	3.7166	11.44	3.469	-5.8607	1.571	0.92994	-2.3879	-0.75058	-3.4718	1.3548	0.050799	9.584	86.864	81.567	-48.205	-120.91	51.662	48.646	-27.405	-24.018	-31.246	18.075	-3.7487	3.4693	9.1409
-1.484	16.334	3.1719	2.0386	11.692	3.0381	-6.6183	1.7184	1.3114	-3.9135	0.034675	-3.2315	1.1067	0.52039	7.8009	141.73	32.244	-67.12	10.088	-17.237	-30.303	5.8954	15.256	-61.026	31.41	9.6113	-9.9252	18.784
-1.2478	16.586	3.9557	2.7015	9.8172	4.0402	-7.1269	0.5014	1.5246	-3.5776	-0.39998	-2.9277	1.5955	0.76451	9.45	10.073	31.354	26.519	-75.003	40.086	-20.345	-48.68	8.5309	13.439	-17.386	12.153	19.554	9.7645
-0.96194	18.966	3.656	1.7685	9.8395	4.4967	-6.9778	-0.91365	-0.23797	-1.6746	-1.1571	-2.4434	1.3525	0.92512	11.434	95.218	-11.988	-37.323	0.89388	18.257	5.9662	-56.602	-70.504	76.117	-30.283	19.374	-9.7197	6.4247
-0.52102	21.53	3.8672	1.621	8.8011	5.3002	-6.5299	-1.6473	-1.534	-1.7919	-1.6098	-2.7908	1.8289	1.3867	17.637	102.56	8.4453	-5.8976	-41.537	32.143	17.916	-29.345	-51.843	-4.691	-18.109	-13.896	19.054	18.462
-0.01885	24.252	4.5636	1.1002	6.9256	7.4868	-7.0377	-1.7903	-2.2811	-3.2515	-1.4434	-2.9056	0.74718	2.7107	20.087	108.86	27.857	-20.832	-75.019	87.463	-20.313	-5.7227	-29.884	-58.382	6.6556	-4.5909	-43.269	52.96
0.48677	28.515	5.2093	-0.32261	6.9152	6.8138	-6.7605	-1.2556	-4.048	-1.0948	-2.075	-5.4271	1.1955	1.7627	20.225	170.53	25.827	-56.913	-0.41516	-26.92	11.085	21.391	-70.673	86.265	-25.263	-100.86	17.931	-37.919
0.82226	34.617	4.5738	0.10534	4.7638	5.8789	-5.0442	-2.1729	-3.2407	-0.45777	-2.8402	-5.5893	-0.13053	0.75693	13.42	244.08	-25.419	17.118	-86.058	-37.395	68.655	-36.693	32.29	25.482	-30.611	-6.4853	-53.039	-40.23
0.93018	36.395	6.0781	-0.52279	3.9251	4.0852	-4.5464	-2.6267	-2.9721	-0.45638	-2.0894	-4.9037	-1.0979	0.1398	4.3168	71.108	60.173	-25.125	-33.547	-71.751	19.912	-18.152	10.744	0.055516	30.035	27.421	-38.693	-24.685
0.86543	33.885	8.4757	-1.33	2.6649	3.2201	-3.1822	-1.8181	-4.9657	0.78667	-2.4505	-3.9958	-2.2497	0.35968	-2.5901	-100.41	95.903	-32.287	-50.408	-34.603	54.565	32.343	-79.746	49.722	-14.444	36.317	-46.073	8.7951
0.79289	32.397	7.8238	0.46805	1.1187	4.3926	-4.56	0.35406	-5.3588	-0.4598	-2.1428	-4.2276	-1.2121	-0.42253	-2.9018	-59.499	-26.076	71.921	-61.846	46.901	-55.111	86.887	-15.722	-49.859	12.309	-9.2716	41.504	-31.289
0.73253	33.121	6.4582	0.16662	2.3905	5.0932	-5.0767	-0.098957	-4.7521	-2.1198	-1.6484	-4.2743	-0.48705	0.086647	-2.4143	28.963	-54.621	-12.057	50.869	28.023	-20.667	-18.121	24.267	-66.401	19.774	-1.8702	29.002	20.367
0.37156	27.871	9.7673	-0.054494	2.1999	5.0998	-5.646	-2.646	-4.8769	-2.5386	0.2899	-1.9698	0.44839	0.29641	-14.439	-210.01	132.36	-8.8445	-7.6212	0.26504	-22.775	-101.88	-4.992	-16.752	77.532	92.181	37.417	8.3906
-0.29483	24.952	7.3566	-0.19883	2.6078	5.0635	-6.8488	-1.8359	-3.4278	-0.55465	2.2691	-0.61655	-0.41121	1.2915	-26.656	-116.76	-96.428	-5.7734	16.316	-1.4524	-48.109	32.404	57.966	79.359	79.169	54.131	-34.384	39.803
-0.98552	24.039	6.7186	-0.41694	3.0799	5.4036	-6.2768	-1.867	-2.9829	-0.82756	3.6328	-0.47478	-0.29758	0.29878	-27.627	-36.516	-25.521	-8.7247	18.884	13.604	22.877	-1.243	17.793	-10.917	54.548	5.6708	4.5451	-39.709
-1.1539	22.529	6.9652	-0.90081	3.6022	5.1484	-5.4146	-1.1554	-3.406	-0.68657	4.4136	-0.39282	0.65699	-0.70278	-6.7349	-60.416	9.8664	-19.355	20.891	-10.206	34.488	28.462	-16.921	5.6397	31.233	3.2783	38.183	-40.063
-1.2614	24.84	7.1708	-3.4958	4.3092	4.7235	-4.7094	1.249	-3.6503	-1.8861	4.5094	0.77727	0.39793	-0.29994	-4.3021	92.464	8.2215	-103.8	28.278	-16.998	28.21	96.177	-9.7721	-47.981	3.8322	46.804	-10.362	16.114
-1.4467	29.233	3.2344	-2.7297	4.3438	3.6632	-0.78885	-0.42027	-2.1778	-2.2462	3.6409	1.7046	-0.29456	-0.15046	-7.4107	175.71	-157.45	30.641	1.3859	-42.412	156.82	-66.771	58.897	-14.405	-34.74	37.092	-27.699	5.979
-1.7906	33.347	-3.6818	-0.1104	3.7014	4.6408	1.2398	-1.0051	-0.65246	-3.5807	2.7666	2.205	-0.9712	0.39281	-13.754	164.54	-276.65	104.77	-25.695	39.105	81.144	-23.395	61.015	-53.379	-34.975	20.016	-27.066	21.731
-2.1787	31.059	-6.4768	0.29621	4.1399	2.629	2.6374	0.28296	-0.043078	-1.5223	1.1177	1.8493	-2.7899	-0.095427	-15.527	-91.518	-111.8	16.264	17.541	-80.473	55.904	51.524	24.375	82.336	-65.954	-14.227	-72.749	-19.529
-2.8115	25.253	-8.9452	2.1894	3.6496	1.1627	2.2534	-0.64067	0.14993	-0.86851	3.5142	1.269	-2.1207	-0.43676	-25.311	-232.23	-98.737	75.727	-19.613	-58.651	-15.358	-36.945	7.7204	26.152	95.858	-23.214	26.767	-13.653
-3.4731	15.794	-14.531	5.7802	3.5546	0.50006	4.4999	-0.71725	-0.45655	0.66361	2.5011	2.2054	-0.79452	0.31436	-26.464	-378.35	-223.45	143.63	-3.8026	-26.505	89.861	-3.0632	-24.259	61.285	-40.521	37.459	53.049	30.045
-3.9855	2.3225	-19.573	6.7169	3.6804	-0.67735	5.9844	1.0859	1.1599	1.9123	1.6752	0.51688	-0.80043	0.68874	-20.496	-538.86	-201.68	37.47	5.0327	-47.096	59.378	72.127	64.658	49.948	-33.038	-67.542	-0.23635	14.975
-4.6766	-5.019	-21.399	6.464	0.38525	-2.878	4.3123	-0.87301	-0.33735	1.6829	-0.16017	-0.45224	-1.2142	0.17296	-27.644	-293.66	-73.03	-10.119	-131.8	-88.025	-66.882	-78.357	-59.89	-9.1748	-73.414	-38.765	-16.549	-20.631
-5.5107	-16.523	-19.258	4.3712	-1.4857	-2.9412	3.3067	-0.4443	0.23597	2.8527	-0.78503	-0.062518	-0.064153	-0.39558	-33.366	-460.18	85.665	-83.711	-74.838	-2.5304	-40.225	17.148	22.933	46.789	-24.994	15.589	46	-22.742
-6.9066	-23.2	-17.969	5.3224	-4.7836	-4.0195	3.026	-0.35599	-0.20683	0.98374	-2.1949	-0.097499	-0.40239	0.71652	-55.834	-267.06	51.532	38.047	-131.92	-43.132	-11.229	3.5324	-17.712	-74.757	-56.395	-1.3992	-13.53	44.484
-7.1501	-30.294	-14.389	4.4808	-5.0648	-4.791	1.8523	-3.6245	1.2718	3.8299	-0.80775	0.70657	-1.5826	0.53798	-9.7393	-283.75	143.19	-33.664	-11.248	-30.858	-46.946	-130.74	59.146	113.84	55.486	32.163	-47.207	-7.1415
-6.9267	-14.404	-11.612	0.54896	-4.9152	-2.037	1.6566	-0.98869	0.31443	2.0763	-1.3633	0.34046	-1.3916	0.4832	8.9358	635.59	111.1	-157.27	5.9864	110.16	-7.8282	105.43	-38.296	-70.142	-22.22	-14.644	7.6401	-2.1915
-5.4879	-7.4691	-10.463	2.0353	-4.3904	-1.3694	1.9793	-1.3366	0.48884	1.2676	-2.4854	0.73381	-0.41815	1.0848	57.553	277.4	45.949	59.454	20.991	26.705	12.907	-13.917	6.9766	-32.346	-44.885	15.734	38.937	24.066
-4.4881	12.104	-9.0655	5.6147	-3.8177	-1.6156	1.0667	-1.5759	1.9019	1.772	-0.29519	1.1687	-0.96467	0.51377	39.992	782.93	55.913	143.18	22.909	-9.8498	-36.505	-9.5724	56.523	20.176	87.608	17.395	-21.861	-22.843
-3.2151	17.466	-5.5345	7.325	0.72338	1.3994	2.3659	-1.5018	-0.15924	-0.10712	-0.7383	-0.91327	-2.3707	1.3547	50.919	214.49	141.24	68.414	181.64	120.6	51.97	2.964	-82.447	-75.166	-17.725	-83.278	-56.24	33.639
-1.8974	18.091	4.0008	3.0583	1.2174	0.032413	-0.34773	-4.2791	-3.4398	-0.15143	-0.20381	-0.31443	-0.79281	0.38238	52.706	24.995	381.41	-170.67	19.762	-54.678	-108.55	-111.09	-131.22	-1.7723	21.38	23.954	63.114	-38.894
-0.77623	19.459	6.71	-0.62692	1.9612	-1.3272	-2.2461	-5.8968	-5.1874	1.4524	1.1617	0.10055	1.0739	0.97292	44.848	54.71	108.37	-147.41	29.753	-54.383	-75.936	-64.704	-69.907	64.153	54.621	16.599	74.667	23.622
-0.58867	27.58	5.8454	-3.2785	0.2728	-2.3532	-2.3802	-6.8242	-3.4321	0.69766	0.24779	0.691	0.63516	1.6845	7.5028	324.86	-34.584	-106.06	-67.538	-41.043	-5.3641	-37.099	70.214	-30.189	-36.557	23.618	-17.548	28.464
-0.79932	23.938	8.0911	-3.4994	-2.0915	0.30634	-4.1827	-5.3846	-1.5944	1.2075	1.0225	0.46589	-0.78006	1.2218	-8.4262	-145.7	89.828	-8.836	-94.572	106.38	-72.1	57.587	73.508	20.393	30.988	-9.0043	-56.609	-18.509
-1.2503	25.168	7.4062	-3.7705	-1.3324	-1.4934	-2.8605	-4.8506	-1.7737	2.6599	0.99431	0.40611	-0.93038	0.92325	-18.039	49.188	-27.395	-10.843	30.362	-71.989	52.89	21.36	-7.1738	58.098	-1.127	-2.3911	-6.0132	-11.942
-1.0695	29.23	5.5323	-3.1061	-0.54414	-3.386	-1.4964	-4.6785	-0.91739	2.7607	1.1457	0.40391	-0.55359	0.22032	7.2337	162.51	-74.958	26.574	31.532	-75.706	54.563	6.8837	34.254	4.0286	6.0537	-0.088306	15.072	-28.117
-0.83793	34.611	4.0801	-3.4553	-0.62526	-2.5428	-2.3948	-3.7403	-0.51329	2.1168	2.5523	0.23886	-0.69803	-0.42736	9.261	215.22	-58.086	-13.966	-3.2447	33.729	-35.933	37.526	16.164	-25.756	56.264	-6.6016	-5.7779	-25.907
-0.62666	37.347	4.7435	-4.1057	-1.1075	-2.0753	-1.998	-4.0157	-0.011703	2.0396	3.1961	-0.092997	-0.65662	-0.13159	8.4505	109.44	26.537	-26.016	-19.291	18.699	15.87	-11.016	20.063	-3.0876	25.755	-13.274	1.6565	11.831
-0.71887	38.295	5.3586	-3.7216	-1.3742	-0.98359	-2.2269	-3.3669	0.027782	1.7991	3.3793	-0.048544	-0.44377	-0.02622	-3.6884	37.917	24.603	15.363	-10.666	43.669	-9.1535	25.952	1.5794	-9.6171	7.3267	1.7781	8.5142	4.2148
-1.209	27.533	8.0795	-4.8668	-3.0147	1.0329	-1.9751	-3.1791	-1.0831	2.5063	3.0553	0.78108	0.17023	-0.47848	-19.604	-430.46	108.84	-45.807	-65.622	80.66	10.071	7.5109	-44.434	28.288	-12.961	33.185	24.56	-18.09
-2.9329	5.4027	8.4264	-2.5881	1.3065	6.9043	-1.2141	-2.7896	1.7515	-1.6247	1.0449	1.9483	-0.60674	-0.68693	-68.958	-885.21	13.877	91.146	172.85	234.86	30.437	15.583	113.38	-165.24	-80.413	46.69	-31.079	-8.3382
-3.3293	4.3739	8.5347	-3.6265	0.57648	8.2835	-0.88687	-3.6892	3.0611	-2.8216	0.62599	2.2873	-1.3682	-0.077445	-15.856	-41.152	4.3286	-41.535	-29.202	55.166	13.091	-35.986	52.384	-47.875	-16.758	13.56	-30.457	24.38
-2.072	10.871	6.4786	-5.4287	2.0913	5.7344	0.068191	-1.7688	0.28127	-0.80523	1.175	0.73843	-0.15357	-0.64243	50.291	259.9	-82.241	-72.089	60.593	-101.96	38.202	76.817	-111.19	80.656	21.962	-61.956	48.583	-22.599
-0.92121	37.07	6.3507	-9.8178	0.58301	2.6034	-2.6583	-0.93872	-1.3076	0.20018	3.6853	-0.53416	0.65907	0.064841	46.034	1047.9	-5.1175	-175.57	-60.332	-125.24	-109.06	33.203	-63.554	40.216	100.41	-50.904	32.506	28.291
-0.24282	41.446	6.5088	-11	1.9506	2.3663	-4.3907	-1.1722	0.72566	1.6225	3.3275	-0.53213	-0.42178	1.1599	27.136	175.02	6.3241	-47.302	54.704	-9.4866	-69.295	-9.3393	81.329	56.895	-14.31	0.081093	-43.234	43.801
0.03776	40.318	7.6692	-12.344	3.112	2.8417	-6.3429	-0.55994	0.79192	2.6235	2.2255	-1.0071	0.4761	1.1409	11.223	-45.11	46.415	-53.739	46.456	19.017	-78.088	24.49	2.6506	40.038	-44.082	-18.997	35.915	-0.7565
-0.30732	35.673	8.7016	-13.067	5.2594	2.4378	-6.6639	-0.75389	1.0237	2.7621	1.5574	-1.7343	1.7458	0.69835	-13.803	-185.8	41.299	-28.933	85.895	-16.156	-12.839	-7.7578	9.2719	5.5442	-26.724	-29.091	50.79	-17.704
-0.7148	29.391	7.0722	-10.997	6.1711	3.0964	-6.6502	-0.88627	0.83115	2.4591	1.638	-2.8758	2.3381	0.95329	-16.299	-251.28	-65.179	82.794	36.467	26.344	0.54596	-5.2953	-7.7028	-12.121	3.2247	-45.66	23.689	10.198
-2.4919	15.631	4.1738	-7.0434	3.4511	3.4818	-3.2063	0.1479	0.52409	2.5621	0.58224	-3.1453	3.0627	0.56855	-71.084	-550.4	-115.94	158.16	-108.8	15.416	137.76	41.367	-12.282	4.1209	-42.23	-10.78	28.984	-15.39
-4.257	-7.6273	4.2762	3.1825	1.3311	7.5011	-1.7677	0.097311	2.5735	1.7893	-1.7385	-4.0452	2.4345	-0.30215	-70.604	-930.33	4.0978	409.04	-84.801	160.77	57.542	-2.0234	81.975	-30.912	-92.831	-35.996	-25.128	-34.828
-5.1732	-19.129	4.615	5.8436	-1.8981	8.3297	0.43231	-0.82389	4.3997	3.9043	-3.4769	-3.2198	1.447	-0.59971	-36.649	-460.06	13.55	106.44	-129.17	33.145	88.001	-36.848	73.051	84.602	-69.535	33.018	-39.499	-11.902
-6.3936	-35.525	6.1562	5.5971	-3.4111	9.9998	0.86688	-2.0569	1.6944	4.3524	-1.5765	-2.2165	1.7603	0.11891	-48.814	-655.85	61.652	-9.8581	-60.522	66.806	17.383	-49.321	-108.21	17.921	76.017	40.133	12.531	28.745
-7.5734	-54.672	8.2897	1.9781	-1.0403	8.0519	3.6229	-2.915	-0.0068167	4.4312	-0.036901	-1.7808	0.48371	0.66178	-47.191	-765.86	85.337	-144.76	94.834	-77.919	110.24	-34.323	-68.048	3.1515	61.584	17.427	-51.062	21.715
-8.4022	-64.758	9.033	4.8952	-1.301	7.8482	5.9723	-2.4005	-1.4404	3.6325	0.84748	-1.5695	-0.38034	0.92329	-33.152	-403.45	29.734	116.68	-10.426	-8.1454	93.975	20.578	-57.343	-31.948	35.375	8.4508	-34.562	10.461
-9.1116	-70.138	6.4557	6.643	-0.93522	6.4742	5.6827	0.01967	-1.8124	2.0565	-0.057567	0.052541	-0.63516	0.25119	-28.377	-215.22	-103.09	69.911	14.629	-54.959	-11.586	96.807	-14.88	-63.04	-36.202	64.883	-10.193	-26.884
-9.7265	-76.653	4.1143	8.8947	-2.9893	5.6652	7.3252	0.38855	-0.9617	0.84321	-0.17286	-0.71413	-0.78823	1.1342	-24.596	-260.57	-93.655	90.067	-82.164	-32.363	65.7	14.755	34.027	-48.53	-4.6117	-30.667	-6.1227	35.322
-4.8644	-20.87	0.8409	-3.5499	-4.717	-6.1854	6.858	-0.75128	-0.41457	1.6562	-2.2218	1.8779	0.060503	-0.27693	194.48	2231.3	-130.94	-497.78	-69.106	-474.02	-18.688	-45.593	21.885	32.518	-81.957	103.68	33.949	-56.447
-3.9406	5.9175	4.0465	-2.5723	-6.8351	-6.8794	6.5705	-0.8005	-1.5674	1.2499	-3.1104	1.1359	-0.012956	-0.50595	36.955	1071.5	128.22	39.101	-84.727	-27.759	-11.499	-1.969	-46.114	-16.252	-35.543	-29.683	-2.9384	-9.1608
-3.7834	-0.79591	7.2192	-2.5373	-7.7809	-3.0626	8.729	1.4096	-2.6914	2.4867	-2.6524	0.68409	1.2575	1.1091	6.2886	-268.54	126.91	1.4004	-37.83	152.67	86.34	88.404	-44.961	49.472	18.319	-18.07	50.818	64.603
-3.3436	-1.4716	9.8816	0.15443	-3.7445	0.60531	7.8619	0.91996	-5.9799	2.4588	-1.5671	-0.047932	-1.8574	1.0229	17.591	-27.027	106.5	107.67	161.46	146.72	-34.686	-19.586	-131.54	-1.1166	43.409	-29.281	-124.6	-3.4508
-2.2012	3.9136	16.204	-2.3511	-3.2224	0.10717	7.0945	1.9507	-8.4244	1.8261	-0.40574	-0.28926	-2.3355	0.79902	45.694	215.41	252.91	-100.22	20.885	-19.926	-30.693	41.228	-97.782	-25.307	46.456	-9.6531	-19.123	-8.9535
-1.3828	9.3833	20.431	-4.5106	-4.1024	1.319	4.1158	1.2204	-10.133	1.1265	0.91666	-0.57673	-2.7391	1.4789	32.737	218.79	169.08	-86.378	-35.202	48.473	-119.15	-29.212	-68.348	-27.982	52.896	-11.499	-16.145	27.195
-0.55407	14.411	20.792	-4.962	-4.8529	1.3375	2.1449	1.3564	-10.979	0.77886	1.3078	0.44011	-1.7907	1.0155	33.15	201.11	14.418	-18.056	-30.02	0.74036	-78.837	5.4427	-33.84	-13.907	15.647	40.674	37.937	-18.535
0.18195	20.506	19.344	-6.6305	-4.5477	1.6542	0.3711	0.48559	-11.563	-0.13591	2.5051	0.28566	-0.84171	2.0076	29.441	243.81	-57.899	-66.741	12.209	12.667	-70.95	-34.834	-23.36	-36.591	47.89	-6.1779	37.958	39.682
0.61069	26.1	19.371	-8.2817	-5.6252	-0.33813	-0.91885	-1.5412	-8.8923	0.11377	2.8414	-0.070301	-0.79257	2.4582	17.15	223.73	1.0587	-66.05	-43.102	-79.692	-51.598	-81.073	106.83	9.9872	13.453	-14.239	1.9659	18.027
0.55469	29.677	18.253	-8.4261	-5.6715	-1.149	-2.3292	-1.3869	-7.6726	2.0519	2.4255	-0.28355	-1.0315	1.975	-2.2402	143.09	-44.712	-5.7768	-1.8522	-32.437	-56.416	6.1727	48.787	77.525	-16.636	-8.5299	-9.5558	-19.329
0.33	31.402	15.948	-9.1209	-4.4316	-1.4932	-2.1929	-2.394	-5.4262	1.4645	2.8689	-0.47208	-0.8896	1.7924	-8.9873	69.023	-92.196	-27.789	49.597	-13.767	5.4551	-40.284	89.857	-23.495	17.737	-7.5412	5.6746	-7.3025
0.19068	32.073	14.852	-8.3724	-4.3564	-1.9294	-3.0115	-2.2515	-2.7754	0.14697	3.1499	-0.22383	-0.070753	0.94691	-5.573	26.812	-43.856	29.938	3.0101	-17.449	-32.747	5.7009	106.03	-52.703	11.241	9.93	32.754	-33.821
0.16944	32.262	13.838	-7.821	-4.7036	-3.4421	-3.369	-0.94948	-2.7965	-0.68342	3.4817	0.081339	-0.11388	0.45858	-0.84944	7.5632	-40.54	22.057	-13.891	-60.506	-14.298	52.082	-0.845	-33.215	13.268	12.207	-1.7251	-19.533
0.19159	34.902	12.309	-6.149	-6.0586	-3.4649	-2.4937	0.35636	-3.8032	-0.34936	4.1212	0.15549	-0.23071	0.3057	0.88574	105.6	-61.171	66.879	-54.199	-0.91081	35.012	52.234	-40.265	13.362	25.581	2.966	-4.6731	-6.1149
0.27654	38.426	10.238	-5.7711	-5.3233	-2.5258	-3.5379	-1.2911	-1.0109	-1.014	3.8624	-0.29928	0.56285	0.016162	3.3982	140.97	-82.838	15.117	29.413	37.564	-41.769	-65.899	111.69	-26.587	-10.351	-18.191	31.742	-11.582
0.39746	42.022	9.2515	-5.095	-4.9972	-0.98708	-2.8007	-2.6595	-0.71731	-0.73293	3.6555	0.46708	1.606	-0.25692	4.8367	143.82	-39.452	27.043	13.043	61.547	29.486	-54.736	11.744	11.245	-8.2771	30.654	41.728	-10.923
0.19638	47.528	9.4078	-6.4695	-4.0439	-2.2249	-0.31314	-2.6879	-1.5836	1.3549	1.3554	1.1677	2.2046	-0.89194	-8.0432	220.23	6.2508	-54.98	38.131	-49.511	99.504	-1.1365	-34.652	83.514	-92.003	28.027	23.942	-25.401
-0.36559	39.753	6.2532	-5.1462	-1.1756	-2.8315	0.67102	-1.8014	-1.707	3.005	1.7181	1.1927	2.2087	-1.6699	-22.479	-310.97	-126.18	52.934	114.73	-24.265	39.366	35.462	-4.9343	66.002	14.506	0.999	0.16526	-31.12
-2.9635	12.639	0.6797	7.0442	-2.2803	-1.3186	4.1172	-0.62214	1.8537	2.4974	0.25647	1.4858	-0.0080317	-1.6313	-103.92	-1084.6	-222.94	487.62	-44.186	60.516	137.85	47.17	142.43	-20.301	-58.464	11.722	-88.67	1.5471
-3.7482	13.525	-9.6031	7.1764	-1.5829	-0.58336	5.7708	-1.9781	1.4045	2.1688	0.33948	2.5798	0.053313	-0.37563	-31.387	35.438	-411.31	5.2871	27.894	29.41	66.142	-54.237	-17.971	-13.145	3.3203	43.759	2.4538	50.226
-3.2538	9.6717	-20.076	6.7726	-2.9285	-2.7306	4.9758	-1.3299	2.5008	4.0999	0.26335	0.59568	1.0195	1.8702	19.778	-154.14	-418.93	-16.152	-53.824	-85.889	-31.8	25.927	43.853	77.244	-3.045	-79.363	38.647	89.835
-2.4148	10.588	-27.468	5.3946	-0.89345	-1.4752	5.9057	-0.48572	2.4603	2.155	-0.40885	0.19274	0.54565	-0.03151	33.56	36.668	-295.67	-55.121	81.403	50.214	37.194	33.767	-1.6175	-77.795	-26.888	-16.117	-18.953	-76.07
-2.0234	7.3668	-28.854	8.7853	-2.6466	-4.2353	6.7959	-1.3568	1.8749	0.62234	-1.717	-0.29495	0.8655	-0.18105	15.656	-128.86	-55.448	135.63	-70.125	-110.4	35.609	-34.844	-23.418	-61.308	-52.327	-19.508	12.794	-5.9814
-1.9227	8.4517	-27.52	11.652	0.74634	-2.169	7.2758	-2.1671	4.2526	1.9971	-0.71723	0.88925	0.20182	-0.61971	4.0244	43.398	53.368	114.66	135.72	82.651	19.196	-32.412	95.108	54.99	39.992	47.368	-26.547	-17.547
-2.2117	3.6945	-28.954	10.238	0.20413	-2.8473	7.4972	-2.5825	2.6832	1.4785	-0.18961	0.038285	0.63827	-0.075131	-11.56	-190.29	-57.341	-56.555	-21.688	-27.129	8.8583	-16.616	-62.775	-20.742	21.105	-34.038	17.458	21.783
-2.6464	-0.11642	-28.223	6.9704	-1.4296	-2.6189	7.9808	-0.36925	3.6435	1.029	-0.052229	-0.59233	0.09169	0.29931	-17.388	-152.43	29.243	-130.7	-65.349	9.1332	19.343	88.531	38.413	-17.979	5.4951	-25.225	-21.863	14.977
-2.8508	1.7472	-27.503	8.3888	-0.58514	-3.4245	7.4682	-1.5287	3.0905	1.9718	-0.25402	-0.57373	0.6425	0.71026	-8.1738	74.545	28.791	56.735	33.778	-32.225	-20.504	-46.38	-22.12	37.709	-8.0715	0.74401	22.033	16.438
-2.4816	0.60026	-29.453	7.4369	0.11895	-2.8469	5.7977	-3.6744	4.7405	2.9586	-0.85825	-1.1726	0.3785	0.91144	14.766	-45.878	-77.988	-38.073	28.164	23.105	-66.821	-85.825	65.999	39.475	-24.169	-23.954	-10.56	8.0472
-2.4089	2.6767	-28.956	8.9689	-0.57886	-4.2228	6.8344	-2.5675	3.3266	1.7724	-0.40852	-1.3247	1.0481	0.79036	2.9089	83.056	19.851	61.278	-27.912	-55.036	41.469	44.274	-56.557	-47.448	17.989	-6.0858	26.783	-4.843
-2.6562	7.3463	-20.92	11.021	2.9422	-3.0983	6.3036	-3.3652	0.97088	2.2986	0.21289	-0.31338	0.25482	-0.61765	-9.8928	186.78	321.46	82.093	140.84	44.98	-21.233	-31.907	-94.227	21.048	24.856	40.453	-31.73	-56.32
-2.8018	24.905	-7.5604	3.7001	4.2094	2.1857	3.1687	-3.8561	0.62739	-1.3241	0.24927	-0.78157	-2.1726	0.17944	-5.8216	702.35	534.37	-292.84	50.684	211.36	-125.39	-19.637	-13.74	-144.91	1.4554	-18.727	-97.095	31.884
-2.2336	20.23	-3.9126	0.68957	7.6523	2.7918	1.7128	-2.5442	-0.55452	-1.7632	-1.7105	-2.3905	-1.5577	0.010128	22.725	-186.99	145.91	-120.42	137.72	24.245	-58.235	52.477	-47.276	-17.565	-78.39	-64.356	24.594	-6.7725
-1.8479	16.493	-0.70062	-1.0677	10.801	3.9628	0.035632	-3.6971	-0.6189	-3.1226	-0.75033	-4.125	-0.55947	0.88146	15.431	-149.51	128.48	-70.291	125.97	46.842	-67.088	-46.116	-2.5751	-54.374	38.406	-69.383	39.929	34.853
-1.6966	15.343	0.54542	-1.4973	12.205	3.7036	-0.99142	-3.6541	-0.88117	-3.1181	-0.43346	-4.1355	0.82088	0.17758	6.0503	-46.003	49.841	-17.185	56.152	-10.37	-41.082	1.7211	-10.491	0.17961	12.675	-0.41931	55.214	-28.155
-1.7157	14.009	0.99382	-1.9669	12.971	3.1893	-1.7219	-2.9821	-0.9729	-2.7617	-0.57065	-4.3325	1.0676	-0.58212	-0.7651	-53.325	17.936	-18.785	30.626	-20.57	-29.22	26.879	-3.669	14.255	-5.4877	-7.8781	9.8702	-30.388
-1.7208	12.337	0.18455	-0.92951	13.592	3.4486	-1.2716	-3.5027	-0.44442	-3.2997	-0.69227	-4.3375	1.4944	-0.56503	-0.20153	-66.905	-32.371	41.497	24.863	10.37	18.012	-20.826	21.139	-21.52	-4.8648	-0.20258	17.072	0.68364
-1.7354	13.603	1.3504	-1.5121	13.074	2.2799	-0.80564	-1.6997	-0.24103	-2.4383	-2.1666	-4.9007	1.4545	-0.98479	-0.58338	50.664	46.634	-23.305	-20.758	-46.748	18.639	72.122	8.1355	34.457	-58.972	-22.526	-1.5971	-16.79
-1.6866	16.81	3.4063	-1.7824	10.151	3.2681	-1.0715	-3.0083	0.96431	-1.7272	-1.4204	-4.4244	1.0741	-0.556	1.9502	128.25	82.238	-10.811	-116.9	39.531	-10.636	-52.347	48.213	28.444	29.846	19.053	-15.214	17.151
-1.9657	21.643	5.7901	-5.5426	9.6672	3.8444	-3.1937	-1.4552	0.081516	0.20514	-0.8143	-3.9	0.9448	-0.35831	-11.163	193.34	95.352	-150.41	-19.355	23.051	-84.887	62.127	-35.312	77.294	24.245	20.975	-5.1738	7.9079
-2.5353	9.8313	1.7238	-0.90708	7.7935	3.8871	-3.0325	-3.1078	-0.041443	1.4605	-0.3514	-2.1766	0.43966	0.65298	-22.784	-472.47	-162.65	185.42	-74.946	1.7057	6.4468	-66.104	-4.9184	50.213	18.516	68.936	-20.206	40.451
-5.5232	-10.608	-8.6035	6.7586	0.026834	2.7113	2.1287	-1.1746	-0.72274	0.34213	1.075	0.14477	-1.0194	1.6073	-119.52	-817.56	-413.09	306.63	-310.67	-47.03	206.45	77.325	-27.252	-44.733	57.056	92.854	-58.363	38.172
-6.7115	-13.626	-12.337	3.8848	-1.6102	0.56716	3.2297	-1.4884	0.85769	-0.29255	0.2279	1.4413	0.35598	-0.43949	-47.531	-120.73	-149.32	-114.96	-65.483	-85.766	44.04	-12.552	63.217	-25.387	-33.884	51.861	55.015	-81.871
-7.1743	-19.826	-10.253	4.7376	-0.45382	3.2467	1.8292	-1.6686	0.87194	0.67951	0.0011301	2.1746	0.050587	0.58234	-18.515	-247.99	83.352	34.114	46.257	107.18	-56.019	-7.2079	0.57001	38.883	-9.0708	29.332	-12.216	40.873
-8.4644	-47.502	-14.847	2.9916	-1.5459	2.3192	3.4938	0.046177	1.7076	1.8698	1.1323	3.2346	0.58997	0.45878	-51.603	-1107	-183.78	-69.841	-43.683	-37.099	66.584	68.592	33.425	47.613	45.245	42.4	21.575	-4.9422
-11.34	-89.879	-10.109	4.4049	-2.9781	3.0826	3.6305	0.025238	1.4887	3.3269	-0.9395	0.52724	0.26037	0.52961	-115.01	-1695.1	189.52	56.533	-57.288	30.535	5.4672	-0.83754	-8.7544	58.283	-82.871	-108.29	-13.184	2.833
-13.72	-96.07	-11.5	2.1196	-4.3334	-0.45331	3.4372	-0.1768	1.1523	0.53506	-0.62254	1.2147	0.49784	1.9148	-95.214	-247.65	-55.628	-91.412	-54.211	-141.44	-7.7312	-8.0814	-13.458	-111.67	12.679	27.499	9.4986	55.406
-13.704	-97.547	-12.255	2.6935	-3.7873	2.1529	4.1812	-0.59416	-0.92625	1.1601	-1.6373	1.2217	0.35895	0.80808	0.64011	-59.07	-30.195	22.955	21.842	104.25	29.758	-16.694	-83.14	25.001	-40.59	0.27738	-5.5556	-44.267
-13.327	-97.156	-12.78	3.8433	-0.52009	2.1056	4.2428	0.082162	0.76803	2.162	-1.2551	0.060624	0.019522	-0.099651	15.066	15.628	-21.016	45.991	130.69	-1.8926	2.4657	27.053	67.771	40.075	15.289	-46.441	-13.577	-36.309
-12.914	-99.121	-11.911	4.4774	-2.0154	2.1846	2.5144	-0.055425	0.56676	0.44239	-1.2666	0.61644	-0.17185	0.90094	16.533	-78.579	34.752	25.365	-59.812	3.1609	-69.137	-5.5035	-8.0508	-68.783	-0.45998	22.232	-7.6549	40.024
-6.1787	-49.076	-15.065	1.4462	-0.88124	1.3644	1.2706	-3.8701	2.2035	6.2536	1.3397	2.6224	0.15473	-0.6526	269.41	2001.8	-126.16	-121.25	45.366	-32.809	-49.751	-152.59	65.471	232.45	104.25	80.238	13.063	-62.141
-5.2049	6.4128	-13.464	-2.0988	-4.9961	-1.2982	2.8608	-0.49639	3.0042	4.9743	0.46242	1.859	0.82285	1.0866	38.953	2219.5	64.061	-141.8	-164.6	-106.51	63.609	134.95	32.028	-51.17	-35.092	-30.535	26.725	69.569
-4.7561	6.8254	-9.6397	-1.3152	-4.7392	-3.9191	2.7677	0.53924	1.9496	3.096	0.06266	1.8749	0.95314	1.1125	17.952	16.504	152.96	31.345	10.276	-104.84	-3.7257	41.425	-42.184	-75.134	-15.991	0.63574	5.2116	1.0337
-5.0314	2.7706	-7.4011	-1.6163	-5.7458	-5.4708	0.91147	-0.082184	2.2161	2.1439	0.51487	1.2624	0.057241	0.66654	-11.015	-162.19	89.544	-12.047	-40.264	-62.067	-74.248	-24.857	10.659	-38.084	18.089	-24.499	-35.836	-17.838
-5.3957	-4.0694	-7.0149	-1.294	-2.5611	-7.0935	1.7366	2.4498	1.828	1.4747	-0.34052	0.39177	-0.13105	1.1117	-14.57	-273.6	15.45	12.892	127.39	-64.906	33.004	101.28	-15.526	-26.768	-34.216	-34.827	-7.5317	17.805
-6.2037	-11.454	-9.9957	-1.7199	-5.0082	-4.5985	0.77833	-0.94889	0.9034	-0.16461	-0.68323	1.9649	-0.21315	-0.078911	-32.319	-295.4	-119.23	-17.036	-97.888	99.801	-38.33	-135.95	-36.982	-65.573	-13.708	62.927	-3.284	-47.623
-3.8254	-2.4967	-0.19324	8.5776	1.6947	-4.6872	1.2374	0.36719	1.7135	0.78518	-0.47961	0.79968	-0.70688	-0.1331	95.131	358.3	392.1	411.9	268.12	-3.5486	18.363	52.643	32.403	37.992	8.1449	-46.61	-19.749	-2.1676
-2.7028	8.6897	7.7587	5.9002	4.0787	-8.6086	-3.5106	3.1497	2.5672	-0.93759	-1.0057	-0.40029	-1.4018	-0.22782	44.902	447.46	318.08	-107.1	95.361	-156.86	-189.92	111.3	34.148	-68.911	-21.043	-47.999	-27.798	-3.7889
-2.0309	9.4474	10.805	4.586	2.0385	-7.8958	-3.9372	3.5482	2.9357	-1.5383	-0.61834	-1.5184	-1.9516	0.42144	26.878	30.307	121.86	-52.569	-81.611	28.513	-17.066	15.939	14.742	-24.028	15.494	-44.722	-21.991	25.971
-1.5408	17.916	9.1096	4.5877	-0.049644	-7.0877	-4.5403	4.7808	0.064041	-3.3066	-0.86882	-1.7971	-0.44201	0.95577	19.605	338.74	-67.826	0.067003	-83.524	32.324	-24.123	49.302	-114.87	-70.73	-10.019	-11.15	60.383	21.373
-1.1134	20.407	8.7643	2.9666	-0.06297	-4.8823	-4.4446	4.7477	-1.988	-6.1796	-1.4091	1.1829	1.5854	0.99361	17.097	99.632	-13.813	-64.843	-0.53303	88.214	3.8286	-1.3241	-82.08	-114.92	-21.609	119.2	81.098	1.5133
-0.95577	23.842	8.0958	-0.2525	1.0515	-2.5848	-3.8831	4.4396	-4.1285	-6.6391	-0.68569	2.1861	2.9839	-0.78056	6.3036	137.42	-26.741	-128.76	44.577	91.9	22.459	-12.323	-85.62	-18.384	28.935	40.13	55.939	-70.967
-1.0836	24.814	7.2034	-1.5887	1.6036	0.91656	-4.5205	2.0065	-5.416	-5.4692	1.7748	1.6787	1.0484	-1.4934	-5.1137	38.862	-35.693	-53.446	22.086	140.06	-25.495	-97.323	-51.501	46.797	98.419	-20.297	-77.421	-28.514
-1.3062	23.124	6.6964	-2.9694	4.9396	1.766	-5.124	-0.034675	-4.5781	-3.1554	2.0625	1.2584	-1.1169	-2.0999	-8.9045	-67.578	-20.28	-55.228	133.44	33.979	-24.141	-81.648	33.514	92.554	11.508	-16.813	-86.612	-24.259
-1.4753	22.487	4.9282	-2.4876	6.9378	2.4349	-6.553	-0.62595	-2.4503	-1.6854	1.2614	-0.65305	-1.6521	-1.522	-6.7636	-25.474	-70.732	19.269	79.928	26.754	-57.16	-23.651	85.112	58.799	-32.044	-76.457	-21.408	23.115
-1.4798	22.052	4.0385	-1.7123	7.4382	3.4001	-7.1257	-0.50684	-1.1327	-1.2874	1.1554	-2.1575	-2.073	-1.2005	-0.18117	-17.41	-35.586	31.011	20.013	38.609	-22.908	4.7644	52.705	15.918	-4.2406	-60.179	-16.836	12.861
-1.4098	23.177	1.6172	-1.3806	10.254	1.4598	-5.4157	-1.4237	-0.71877	0.1182	-0.41716	-2.9039	-0.94051	-2.5788	2.8036	45.005	-96.854	13.268	112.61	-77.61	68.399	-36.674	16.557	56.225	-62.902	-29.857	45.301	-55.132
-1.315	23.418	-0.14275	-0.086092	11.267	1.0162	-5.1844	-0.71549	-1.1985	1.4221	-2.3569	-2.4228	-1.1286	-3.1193	3.7894	9.6204	-70.396	51.782	40.518	-17.745	9.2515	28.328	-19.191	52.158	-77.589	19.246	-7.5243	-21.62
-1.2738	22.089	-0.22751	0.28892	11.727	1.2754	-4.4681	-0.99848	-0.23429	0.75844	-2.2003	-3.3434	-1.0842	-3.0665	1.647	-53.149	-3.3904	15.001	18.418	10.366	28.653	-11.32	38.57	-26.548	6.2652	-36.825	1.7785	2.111
-1.3399	19.535	2.0847	-1.2323	12.195	2.5003	-4.583	-1.0737	-0.16637	0.14589	-1.5057	-4.9554	-0.25731	-2.488	-2.6412	-102.18	92.489	-60.848	18.705	48.998	-4.598	-3.0095	2.7169	-24.502	27.781	-64.479	33.074	23.141
-1.3667	15.663	4.8279	-1.8119	9.3971	5.4379	-3.5658	-0.48368	-0.4675	-0.66575	-2.3303	-4.9657	0.010794	-0.63091	-1.0748	-154.86	109.73	-23.186	-111.9	117.51	40.69	23.602	-12.045	-32.466	-32.984	-0.41487	10.724	74.282
-1.6476	21.858	2.9467	-4.4392	10.817	4.3936	-2.8501	-0.45193	0.51704	-0.80987	-1.1255	-4.5988	0.28755	-0.32071	-11.236	247.82	-75.249	-105.09	56.812	-41.772	28.63	1.27	39.382	-5.7648	48.193	14.677	11.07	12.408
-2.2364	21.139	-1.9494	1.728	8.5544	1.6899	-1.5214	-1.9123	0.80516	0.030108	-0.93272	-2.3221	-0.6925	0.18384	-23.549	-28.785	-195.84	246.69	-90.52	-108.15	53.145	-58.413	11.525	33.599	7.7116	91.068	-39.202	20.182
-3.2102	15.687	-12.198	4.8266	5.53	2.2437	2.2385	-4.5096	0.99368	2.0087	0.43537	-1.5632	-0.95229	1.1803	-38.954	-218.09	-409.95	123.94	-120.98	22.149	150.4	-103.89	7.5408	79.144	54.724	30.356	-10.392	39.857
-2.8717	9.5844	-24.559	3.5362	3.3479	-1.0142	5.1484	-2.5866	0.22019	1.224	1.6317	-1.2093	0.6434	1.5874	13.539	-244.09	-494.46	-51.619	-87.285	-130.31	116.4	76.92	-30.94	-31.39	47.855	14.155	63.828	16.287
-2.661	12.336	-25.904	3.4222	0.49662	-2.404	3.9478	-2.6741	0.16725	2.2808	0.73627	-2.7187	-0.33237	0.69286	8.4294	110.07	-53.803	-4.559	-114.05	-55.592	-48.024	-3.5	-2.1174	42.272	-35.819	-60.375	-39.031	-35.784
-2.88	10.811	-25.834	3.8681	-0.78591	-2.8358	3.5514	-1.1627	0.51393	1.3075	1.2294	-0.033729	-0.58158	-0.59173	-8.7582	-61.001	2.8355	17.837	-51.301	-17.272	-15.855	60.457	13.867	-38.929	19.725	107.4	-9.9684	-51.384
-3.2528	8.3149	-24.461	4.4875	0.2782	-2.1881	3.231	-1.7038	0.53101	0.35907	0.80928	0.36951	-0.74422	0.5752	-14.914	-99.85	54.904	24.775	42.564	25.908	-12.816	-21.645	0.68311	-37.938	-16.804	16.13	-6.5055	46.677
-3.4238	7.7292	-22.835	5.3921	-2.1919	-3.351	3.24	-0.087437	1.6739	2.0118	1.1101	-1.4585	-0.89218	-0.72873	-6.8374	-23.428	65.057	36.185	-98.803	-46.517	0.3574	64.655	45.715	66.11	12.034	-73.12	-5.9186	-52.157
-3.6776	4.7803	-24.494	4.8045	-0.99459	-1.6979	2.4429	2.2744	1.3951	1.6567	-0.34537	-2.5668	-1.4058	0.84359	-10.154	-117.96	-66.373	-23.504	47.891	66.126	-31.882	94.473	-11.151	-14.206	-58.219	-44.332	-20.544	62.893
-4.1938	1.6122	-21.56	4.4663	0.44243	-1.6282	2.1131	1.8402	1.2499	1.3085	0.90183	0.016091	-1.2761	0.91145	-20.646	-126.73	117.37	-13.528	57.481	2.7856	-13.193	-17.368	-5.8094	-13.928	49.888	103.32	5.1853	2.7145
-5.3184	-4.1269	-15.612	2.3739	-1.023	3.0798	3.8181	1.7576	2.2211	1.062	-0.043777	-0.018818	-1.2784	1.4354	-44.985	-229.56	237.88	-83.696	-58.616	188.32	68.199	-3.3044	38.849	-9.8602	-37.824	-1.3964	-0.088951	20.959
-6.8199	-20.297	-11.587	2.9833	-1.7623	1.4146	3.5912	0.37115	1.7592	1.9183	-0.40493	-1.0396	-0.43582	0.2381	-60.061	-646.81	161	24.376	-29.573	-66.612	-9.0735	-55.458	-18.475	34.252	-14.446	-40.831	33.702	-47.894
-8.1455	-37.091	-11.053	2.3704	-3.7478	1.1311	3.8659	-1.3973	2.4327	2.2115	-2.073	-0.16693	-0.8672	-0.39536	-53.024	-671.75	21.363	-24.516	-79.422	-11.338	10.987	-70.736	26.938	11.727	-66.722	34.906	-17.255	-25.338
-8.3627	-30.372	-5.6511	3.5999	-4.4993	0.047432	3.9307	-2.9267	2.6738	2.9933	-2.2522	2.324	1.464	0.5515	-8.6857	268.75	216.09	49.178	-30.059	-43.347	2.5903	-61.179	9.645	31.271	-7.1672	99.637	93.249	37.875
-7.0809	-32.198	-4.0851	5.5869	-0.52536	0.70249	5.846	-3.4433	4.3252	3.1152	-2.1547	2.5987	-0.58711	-0.079324	51.273	-73.04	62.636	79.482	158.96	26.202	76.612	-20.664	66.057	4.8794	3.8997	10.988	-82.046	-25.233
-6.0255	-19.321	4.8417	1.1902	0.00090107	4.1097	5.1044	-1.1156	2.8973	-0.25142	-1.9427	2.2137	-0.39749	0.21244	42.214	515.08	357.07	-175.87	21.051	136.29	-29.664	93.107	-57.116	-134.67	8.4792	-15.4	7.585	11.671
-5.4998	-18.613	7.0454	-0.18735	-0.024903	7.7166	2.5572	-1.1664	2.9379	-2.5405	-0.13664	0.95124	-0.81547	0.65219	21.027	28.313	88.146	-55.103	-1.0322	144.28	-101.89	-2.03	1.6221	-91.562	72.242	-50.498	-16.719	17.59
-5.0375	-16.447	8.6532	-0.59527	-0.22055	8.2603	1.3463	-0.37073	2.1964	-2.8009	0.041947	0.37848	-0.23112	1.017	18.493	86.657	64.312	-16.316	-7.8257	21.748	-48.435	31.826	-29.658	-10.415	7.1436	-22.91	23.374	14.593
-4.755	-14.168	9.6478	-1.0437	-0.15438	8.1157	0.86385	-0.24896	2.8115	-2.7691	0.19762	-0.097297	-0.042397	1.5227	11.301	91.176	39.787	-17.936	2.6466	-5.7854	-19.298	4.871	24.602	1.2689	6.227	-19.031	7.549	20.225
-4.3842	-5.2391	4.6058	0.23192	0.32726	5.8038	3.6076	-0.72547	2.1962	-0.90269	-1.2077	0.97275	0.36179	0.8096	14.829	357.14	-201.68	51.023	19.266	-92.474	109.75	-19.06	-24.611	74.658	-56.213	42.802	16.167	-28.522
-3.4472	14.837	2.1019	-1.0656	-1.9957	2.3273	3.2159	-0.10064	0.89627	-1.3875	-0.14251	2.8006	0.30844	0.23624	37.481	803.03	-100.16	-51.9	-92.92	-139.06	-15.669	24.993	-51.997	-19.391	42.607	73.114	-2.1337	-22.935
-2.8034	16.362	9.4161	-5.2474	-0.2778	1.9753	-0.53884	0.72832	0.37629	-2.7574	3.2948	1.7397	-0.15724	0.36466	25.753	61.016	292.57	-167.27	68.717	-14.082	-150.19	33.159	-20.799	-54.796	137.49	-42.435	-18.627	5.1366
-2.5035	18.014	10.165	-6.0174	0.33416	1.9517	-1.1808	1.4632	-1.6567	-0.42816	3.7027	1.4035	0.39012	-0.92906	11.995	66.064	29.949	-30.798	24.479	-0.94532	-25.679	29.395	-81.319	93.169	16.317	-13.448	21.895	-51.749
-2.5163	17.884	8.6449	-4.0029	-0.91441	1.7338	-0.34185	1.3382	-1.6606	0.10608	4.1141	1.361	-0.13657	-1.0976	-0.51014	-5.1736	-60.797	80.58	-49.943	-8.7144	33.558	-5.0012	-0.15634	21.37	16.455	-1.7021	-21.068	-6.7399
-2.6578	18.082	8.9718	-4.2855	-1.4821	2.3598	-0.46582	0.71246	-1.2327	-0.045041	4.5105	0.52797	0.94932	-1.3974	-5.661	7.9086	13.076	-11.303	-22.708	25.042	-4.9588	-25.028	17.118	-6.0448	15.858	-33.32	43.436	-11.992
-2.7833	14.927	8.1791	-2.0894	-1.9589	1.5874	1.0871	0.33184	-2.2271	1.174	4.0726	1.2504	0.70036	-2.0438	-5.0212	-126.18	-31.707	87.842	-19.071	-30.899	62.118	-15.225	-39.78	48.762	-17.515	28.897	-9.9585	-25.856
-3.0433	8.4165	9.7479	-1.0704	-1.6534	0.02879	2.7596	-0.011408	-2.0783	0.47427	4.6967	0.89819	0.40465	-1.6506	-10.397	-260.44	62.753	40.76	12.218	-62.343	66.897	-13.73	5.9553	-27.99	24.964	-14.088	-11.828	15.725
-3.6675	2.4534	9.5044	1.9289	-3.7839	0.45383	4.0727	-0.98057	-2.4455	1.6221	4.0647	0.26376	0.57421	-0.61516	-24.969	-238.52	-9.7399	119.97	-85.221	17.002	52.527	-38.767	-14.688	45.913	-25.282	-25.377	6.7823	41.419
-4.4119	-7.494	8.4167	0.7955	-1.8738	1.4362	4.456	-0.69318	-2.5574	3.7665	1.3261	0.12342	2.2941	-2.579	-29.778	-397.9	-43.508	-45.334	76.407	39.296	15.329	11.495	-4.4773	85.776	-109.54	-5.6134	68.797	-78.553
-5.1447	-18.16	7.725	0.92492	-0.20912	8.6866	0.27671	-0.40569	2.1625	0.31425	-0.058526	1.02	0.01383	-2.0762	-29.311	-426.66	-27.669	5.1766	66.586	290.02	-167.17	11.5	188.8	-138.09	-55.385	35.862	-91.212	20.111
-5.2138	-18.9	8.4989	-1.043	1.0001	9.9907	-1.7257	0.11158	3.1947	-1.0222	-0.11847	1.6254	-2.0564	-0.84667	-2.7618	-29.585	30.955	-78.716	48.37	52.161	-80.098	20.691	41.287	-53.46	-2.3979	24.219	-82.81	49.182
-5.051	-17.008	6.8764	0.12015	1.2148	8.7263	-1.6862	-0.31585	3.2737	-1.5629	0.26982	1.2147	-1.8867	-0.83655	6.5106	75.686	-64.897	46.525	8.5864	-50.574	1.58	-17.097	3.1598	-21.626	15.532	-16.428	6.7897	0.40461
-5.1809	-14.002	5.3925	0.30279	2.2225	7.2877	-1.0864	-0.74462	2.6388	-1.0322	-0.50277	1.8361	-1.8739	-1.1024	-5.1959	120.23	-59.356	7.3056	40.308	-57.543	23.991	-17.151	-25.396	21.227	-30.903	24.856	0.51258	-10.635
-5.1155	-12.281	4.7557	0.19739	2.0703	7.2584	-1.1555	-0.88408	3.0354	-1.2651	-0.39673	1.7661	-2.2724	-0.3479	2.6148	68.867	-25.473	-4.216	-6.089	-1.1744	-2.7622	-5.5785	15.867	-9.3163	4.2416	-2.8014	-15.942	30.181
-5.007	-14.283	6.1401	-1.0306	3.4015	6.5181	-1.3583	-0.81559	2.7374	-1.4014	-0.19822	1.2958	-1.9779	-0.16461	4.3389	-80.09	55.376	-49.12	53.251	-29.61	-8.1104	2.7397	-11.922	-5.4509	7.9403	-18.813	11.782	7.3317
-5.2485	-15.37	6.4535	-1.06	4.1623	5.3298	-1.0738	-0.3808	1.7572	-0.51494	-0.89101	1.1981	-1.4771	-0.87825	-9.657	-43.478	12.538	-1.1774	30.432	-47.532	11.378	17.392	-39.207	35.459	-27.712	-3.9077	20.032	-28.546
-5.2305	-14.6	4.4485	1.1742	2.8226	6.1795	-1.5209	0.31268	1.9104	-0.73304	-0.69245	0.68045	-1.0827	-1.1939	0.71688	30.782	-80.203	89.371	-53.589	33.988	-17.884	27.739	6.1268	-8.7239	7.9423	-20.705	15.776	-12.625
-5.3458	-15.831	2.5723	4.4314	0.92735	7.1326	-1.4604	1.4774	1.2806	-0.35939	-0.90858	0.18804	-0.64892	-1.6035	-4.6095	-49.244	-75.046	130.29	-75.811	38.121	2.4226	46.587	-25.19	14.946	-8.6451	-19.697	17.35	-16.383
-5.6986	-24.34	3.3263	6.7514	0.71944	7.1725	0.3248	1.2227	2.0521	-0.32981	-1.4686	0.36978	-0.6156	-1.8485	-14.115	-340.37	30.159	92.802	-8.3163	1.5964	71.406	-10.185	30.859	1.183	-22.401	7.2696	1.3327	-9.8029
-6.141	-39.167	4.4141	9.4067	2.2136	4.7208	3.55	0.65682	2.9641	1.6396	-1.9075	0.61742	-1.445	-1.5115	-17.694	-593.06	43.511	106.21	59.765	-98.065	129.01	-22.637	36.48	78.775	-17.555	9.9055	-33.176	13.48
-7.0547	-49.547	-1.8455	13.832	0.97121	1.9127	6.133	-0.51063	4.4335	2.3373	-3.3812	0.41899	0.39238	-1.0661	-36.548	-415.18	-250.38	177.02	-49.694	-112.32	103.32	-46.698	58.775	27.912	-58.95	-7.937	73.495	17.817
-9.1537	-61.419	-4.5699	11.665	-1.0575	2.663	5.5486	3.067	5.4607	2.118	-3.9234	0.17669	0.62585	-1.0411	-83.959	-474.88	-108.98	-86.696	-81.15	30.013	-23.373	143.11	41.088	-8.7731	-21.689	-9.6921	9.3386	0.99794
-10.801	-83.038	-8.178	9.237	-0.45227	5.5712	5.3798	1.7747	3.6335	4.0034	-1.09	-1.0305	-0.40717	0.22314	-65.884	-864.77	-144.32	-97.117	24.211	116.33	-6.7522	-51.692	-73.086	75.415	113.34	-48.287	-41.321	50.571
-13.203	-95.555	-10.711	4.5393	-1.0442	3.3638	4.0434	0.38065	0.94974	2.5743	-0.53307	2.3668	0.66065	0.26492	-96.109	-500.67	-101.32	-187.9	-23.678	-88.297	-53.458	-55.762	-107.35	-57.162	22.276	135.89	42.713	1.671
-13.955	-99.583	-13.643	2.3447	-3.6223	3.4671	4.9489	2.412	3.4984	2.7981	0.5783	0.66278	-0.49115	-0.63396	-30.044	-161.14	-117.28	-87.784	-103.12	4.1358	36.219	81.253	101.95	8.9506	44.455	-68.16	-46.072	-35.955
-13.772	-98.269	-10.655	4.2724	-3.8004	2.1723	4.0823	0.89567	2.7548	3.3105	1.1696	3.1205	0.035477	-0.37363	7.2947	52.55	119.53	77.106	-7.1263	-51.793	-34.662	-60.652	-29.742	20.498	23.652	98.308	21.065	10.413
-5.2574	-24.122	-14.623	-2.589	-2.9023	-4.4695	2.436	0.047493	1.6412	4.4979	1.3645	0.9273	-0.52178	-0.42085	340.59	2965.9	-158.71	-274.46	35.928	-265.67	-65.853	-33.927	-44.546	47.496	7.798	-87.727	-22.29	-1.8887
-4.0829	9.4679	-18.788	1.9258	-5.8026	-3.7528	1.358	-0.30701	0.92918	3.6985	0.49381	0.2571	-0.67213	-0.43796	46.98	1343.6	-166.6	180.59	-116.01	28.668	-43.12	-14.18	-28.48	-31.976	-34.83	-26.808	-6.014	-0.68454
-3.2796	12.827	-20.089	4.4449	-4.5949	-3.4821	1.5441	-0.97729	0.21081	3.0528	-1.8707	-1.7451	-0.2784	1.1511	32.131	134.37	-52.029	100.76	48.305	10.829	7.443	-26.811	-28.735	-25.828	-94.581	-80.087	15.749	63.563
-3.2251	8.3998	-26.439	1.3356	1.3497	-2.4775	-0.025508	-1.7056	-0.46312	2.3571	-0.15593	-3.4024	-1.4134	1.5319	2.1812	-177.09	-254.02	-124.37	237.79	40.185	-62.784	-29.132	-26.957	-27.83	68.591	-66.293	-45.4	15.232
-3.5708	4.4007	-17.606	-0.32831	3.9353	-0.38147	1.246	-1.8326	-1.1814	2.3163	0.10484	-2.1478	-1.4561	2.1771	-13.828	-159.96	353.35	-66.556	103.42	83.84	50.861	-5.0788	-28.732	-1.6327	10.431	50.186	-1.7088	25.805
-3.8399	6.6791	-3.3718	0.20627	3.1518	3.4029	3.4626	-2.7646	0.14853	2.642	0.21267	-1.6536	-0.069065	-0.13727	-10.765	91.135	569.35	21.383	-31.342	151.38	88.663	-37.281	53.198	13.031	4.3132	19.766	55.482	-92.573
-3.4812	11.375	3.2656	-4.9129	5.3285	6.3128	0.53066	-1.2741	-2.1176	0.62611	1.401	-3.5299	0.78313	-0.33453	14.347	187.85	265.5	-204.77	87.069	116.4	-117.28	59.619	-90.644	-80.637	47.532	-75.052	34.088	-7.8904
-3.3602	5.5488	7.1498	-6.7035	6.4046	6.8159	-1.2808	1.972	-4.1097	1.7619	1.0445	-3.1588	0.91745	-1.063	4.843	-233.06	155.37	-71.624	43.044	20.124	-72.457	129.85	-79.683	45.433	-14.258	14.844	5.373	-29.137
-3.549	-1.1995	10.927	-5.8505	4.2932	7.1806	-2.0163	4.225	-4.3742	1.5849	0.49381	-1.9908	1.3936	-1.359	-7.5531	-269.93	151.07	34.119	-84.458	14.585	-29.423	90.12	-10.583	-7.0804	-22.028	46.722	19.048	-11.842
-4.0528	-5.6806	11.034	-3.4943	3.7721	4.3764	-0.53638	3.7012	-1.7065	-0.17294	-0.30787	-1.133	1.9278	0.1535	-20.152	-179.24	4.2919	94.249	-20.842	-112.17	59.198	-20.954	106.71	-70.315	-32.067	34.309	21.365	60.501
-4.7242	-10.006	8.5992	-0.73241	4.2023	2.3096	-0.94028	4.2744	-1.8008	0.42263	-1.7535	-1.7268	1.4026	0.40147	-26.858	-173.02	-97.394	110.47	17.207	-82.674	-16.156	22.931	-3.773	23.823	-57.825	-23.749	-21.006	9.9185
-5.7427	-15.697	1.6767	5.4079	-0.43247	0.33071	0.45798	1.8013	-0.23187	0.53915	-2.5469	-0.61915	0.6823	1.4746	-40.739	-227.62	-276.9	245.61	-185.39	-79.154	55.93	-98.924	62.759	4.6606	-31.736	44.304	-28.813	42.925
-6.9703	-31.327	-7.2502	9.7443	-3.1291	1.6939	1.9215	-0.71354	1.7335	1.5322	-2.029	1.472	0.37459	-0.12322	-49.102	-625.2	-357.07	173.46	-107.86	54.53	58.539	-100.59	78.616	39.722	20.717	83.644	-12.308	-63.913
-7.9128	-32.896	-14.297	2.0412	-8.7885	1.7693	1.7046	0.17523	1.2621	0.83883	-1.7013	0.58631	0.14506	1.3384	-37.701	-62.777	-281.87	-308.12	-226.38	3.0126	-8.6753	35.551	-18.856	-27.735	13.108	-35.426	-9.1811	58.466
-7.7999	-31.711	-15.69	3.1202	-7.3425	2.1075	0.59158	-0.72399	0.56888	0.42368	-1.4898	0.27909	-0.95729	1.0557	4.5146	47.412	-55.729	43.161	57.84	13.53	-44.519	-35.969	-27.73	-16.606	8.4591	-12.289	-44.094	-11.308
-7.6688	-32.775	-18.471	3.985	-6.9478	0.90981	3.0604	-2.1728	0.16746	0.025835	-1.4104	0.87878	0.21519	-0.9216	5.2445	-42.579	-111.22	34.591	15.787	-47.908	98.754	-57.954	-16.057	-15.914	3.1762	23.988	46.899	-79.093
-7.5277	-30.621	-19.886	0.83933	-5.4782	1.1594	3.2684	-0.29264	1.5569	0.42025	-1.2647	0.3827	0.90858	-0.65927	5.6451	86.149	-56.622	-125.83	58.784	9.982	8.3174	75.208	55.579	15.777	5.8287	-19.843	27.736	10.493
-7.2207	-25.055	-18.412	-0.59731	-6.7274	1.5992	2.7272	0.15089	0.19421	1.7947	-0.26315	1.3509	1.1885	0.35629	12.28	222.67	58.963	-57.466	-49.969	17.592	-21.645	17.741	-54.509	54.977	40.061	38.728	11.199	40.622
-6.6166	-14.753	-13.864	-0.36031	-6.7327	-0.99925	2.487	-1.0241	-0.89153	2.4169	1.665	1.0204	0.52254	0.78897	24.163	412.05	181.93	9.48	-0.21045	-103.94	-9.6103	-47	-43.429	24.889	77.128	-13.221	-26.64	17.307
-6.4317	-10.583	-14.061	-0.80655	-5.6312	-2.2993	2.5513	-1.2705	-1.1426	2.7983	1.8451	0.55465	-0.52812	1.0578	7.3962	166.83	-7.8751	-17.849	44.059	-52.002	2.5734	-9.8566	-10.041	15.257	7.2035	-18.63	-42.026	10.754
-6.5977	-17.202	-16.472	-3.4859	-8.4574	-3.3685	1.994	-1.3204	-0.41271	2.578	1.4291	-0.67282	-0.12251	1.2108	-6.6411	-264.76	-96.459	-107.18	-113.05	-42.768	-22.292	-1.9965	29.194	-8.8112	-16.641	-49.099	16.225	6.1204
-6.8409	-14.489	-10.832	-0.74417	-4.0067	-1.4081	1.6974	-0.14616	0.71304	1.8341	-1.5969	-0.69715	0.14692	1.9387	-9.726	108.49	225.61	109.67	178.03	78.416	-11.866	46.971	45.03	-29.757	-121.04	-0.97329	10.777	29.114
-4.6857	-4.7238	-1.2032	5.668	-0.03705	-2.5248	-2.22	-0.27699	2.289	1.1506	-0.35416	-0.74598	-1.0684	0.74777	86.208	390.63	385.14	256.49	158.79	-44.667	-156.7	-5.2334	63.039	-27.343	49.709	-1.9529	-48.613	-47.637
-3.9236	-0.83806	8.8106	2.6738	3.6988	-6.0566	-3.5026	3.3503	1.3862	-0.10121	-0.33979	-0.69365	-1.4431	-0.35439	30.481	155.43	400.55	-119.77	149.44	-141.27	-51.301	145.09	-36.113	-50.071	0.57451	2.0929	-14.986	-44.086
-3.1755	-3.7515	14.148	-0.6616	4.5136	-5.9475	-4.7568	5.4033	0.57652	-0.59076	0.11232	-1.9685	-1.375	-1.0145	29.926	-116.54	213.49	-133.41	32.592	4.3648	-50.17	82.117	-32.387	-19.582	18.085	-50.995	2.7216	-26.406
-2.8982	-6.7287	17.043	-0.70974	6.7711	-8.3542	-6.0664	5.9686	0.45358	-0.47899	-0.077016	-1.7449	-1.7887	-0.53795	11.093	-119.09	115.79	-1.9258	90.299	-96.268	-52.385	22.614	-4.9175	4.4709	-7.5736	8.9453	-16.549	19.063
-1.5827	7.7718	13.345	-0.05527	4.2548	-8.7996	-5.5244	5.1983	-0.14946	0.88895	-3.1623	-1.7239	-0.054052	0.61719	52.619	580.02	-147.91	26.179	-100.65	-17.815	21.68	-30.813	-24.122	54.717	-123.41	0.83989	69.387	46.206
-0.66983	16.9	15.207	-2.0968	1.6848	-12.436	-6.8496	6.2844	-0.68817	-0.52379	-2.1518	-0.75035	0.74053	0.37729	36.514	365.13	74.498	-81.662	-102.8	-145.45	-53.006	43.443	-21.548	-56.51	40.42	38.942	31.783	-9.5964
-0.161	21.626	16.409	-6.2423	0.81855	-14.045	-4.6625	4.6964	0.9636	-2.7064	0.52315	0.6608	1.039	1.5255	20.353	189.04	48.075	-165.82	-34.651	-64.385	87.483	-63.517	66.071	-87.306	107	56.446	11.938	45.928
0.31929	24.646	16.292	-8.0535	-0.71024	-11.376	-5.1966	4.484	1.7762	-3.925	1.8719	0.80514	1.5355	0.7029	19.211	120.78	-4.6962	-72.446	-61.152	106.76	-21.362	-8.4976	32.504	-48.74	53.952	5.7736	19.861	-32.904
0.51566	29.765	14.398	-7.9481	-1.1583	-8.892	-5.4313	4.5324	1.0335	-3.4639	2.6799	2.3199	1.9024	0.13072	7.8549	204.79	-75.749	4.2172	-17.921	99.38	-9.3894	1.9342	-29.709	18.442	32.32	60.59	14.674	-22.887
0.74308	32.559	13.839	-9.7299	-1.4561	-9.3643	-3.874	2.5205	1.9873	-4.4938	3.2434	2.267	1.8082	-0.93296	9.0967	111.73	-22.339	-71.272	-11.914	-18.894	62.294	-80.475	38.155	-41.196	22.539	-2.1138	-3.7645	-42.547
1.0242	42.543	8.4593	-7.8755	-3.8388	-7.8221	-2.5065	1.457	2.0944	-3.3138	2.7115	2.7406	1.5376	-1.8725	11.246	399.39	-215.21	74.176	-95.305	61.687	54.699	-42.538	4.2839	47.198	-21.275	18.943	-10.824	-37.583
1.0666	37.7	12.703	-11.172	-3.6973	-6.5933	-2.2144	1.1421	1.717	-3.9671	3.9074	2.7315	1.5484	-2.0914	1.6961	-193.73	169.75	-131.87	5.6593	49.152	11.683	-12.598	-15.098	-26.13	47.835	-0.3656	0.43069	-8.7563
1.0458	38.321	13.704	-12.929	-3.4035	-4.4592	-3.7082	1.3589	1.5207	-3.2585	4.2584	2.6016	1.0224	-2.4402	-0.83351	24.821	40.049	-70.289	11.753	85.366	-59.754	8.6726	-7.8501	28.342	14.04	-5.1955	-21.042	-13.951
1.0597	41.901	11.303	-11.283	-3.8023	-3.231	-3.3571	0.747	1.4031	-1.7173	4.0499	3.1676	-0.0057351	-2.8208	0.55462	143.21	-96.052	65.84	-15.953	49.128	14.046	-24.476	-4.7061	61.652	-8.3401	22.64	-41.124	-15.224
0.97352	41.831	10.58	-10.993	-2.9963	-4.8564	-2.9725	0.022048	0.73376	-0.85347	4.3756	2.4557	-0.35631	-3.3055	-3.446	-2.8018	-28.903	11.617	32.239	-65.017	15.381	-28.998	-26.773	34.551	13.026	-28.475	-14.023	-19.388
0.91468	39.083	13.131	-12.923	-2.1241	-2.9995	-3.9211	-0.55175	0.53538	0.1065	4.151	2.3278	-0.46256	-3.2239	-2.3537	-109.93	102.03	-77.203	34.887	74.275	-37.943	-22.952	-7.9352	38.399	-8.9834	-5.1189	-4.2501	3.2649
0.63249	40.001	12.286	-13.54	-2.0219	-1.6811	-4.7889	-1.3859	0.54579	0.24866	3.9772	1.757	-1.2706	-2.57	-11.288	36.743	-33.82	-24.691	4.0905	52.736	-34.713	-33.366	0.41618	5.6864	-6.9507	-22.829	-32.32	26.156
0.44683	39.039	11.406	-11.933	-0.16589	-4.3175	-2.7643	-3.1423	1.4999	0.35499	3.5723	1.1761	-1.0953	-1.9498	-7.4265	-38.475	-35.197	64.299	74.238	-105.46	80.984	-70.255	38.164	4.2532	-16.198	-23.237	7.0091	24.808
0.18619	36.924	12.243	-9.6595	-1.3049	-3.0695	-2.8098	-3.4301	0.78074	2.2584	1.9149	1.9809	-1.2427	-1.0871	-10.425	-84.61	33.506	90.938	-45.559	49.923	-1.8207	-11.512	-28.766	76.138	-66.296	32.191	-5.8935	34.507
0.32907	37.972	11.207	-10.013	-0.42582	-2.2123	-4.0717	-3.7346	-0.21035	1.8071	1.4971	1.318	-0.78565	-0.2084	5.715	41.927	-41.444	-14.148	35.162	34.288	-50.473	-12.183	-39.644	-18.053	-16.712	-26.514	18.281	35.148
0.31191	40.73	9.3535	-9.7468	2.0797	-1.5715	-3.9982	-4.9661	-0.48628	1.7166	0.75081	1.7873	-0.26809	0.87982	-0.68619	110.3	-74.149	10.655	100.22	25.632	2.9371	-49.26	-11.037	-3.621	-29.85	18.77	20.702	43.529
0.27962	41.499	7.339	-8.9502	2.0481	0.4215	-4.051	-6.7848	-0.49943	1.6792	0.032546	1.7098	0.26097	0.56432	-1.2918	30.771	-80.579	31.864	-1.2658	79.719	-2.109	-72.748	-0.52605	-1.4966	-28.73	-3.0982	21.163	-12.62
-0.113	39.524	6.529	-7.1949	2.1731	1.0109	-4.837	-5.6523	-0.53401	1.9708	-0.50085	0.74223	0.083535	0.13583	-15.705	-78.999	-32.4	70.208	5.0001	23.578	-31.442	45.301	-1.383	11.663	-21.336	-38.704	-7.0974	-17.14
-0.33027	38.735	4.9382	-6.5372	4.6875	1.6208	-5.7927	-4.9424	-0.76002	1.6702	-1.9788	0.10155	0.28981	0.043896	-8.6911	-31.576	-63.632	26.31	100.58	24.396	-38.225	28.398	-9.0405	-12.023	-59.119	-25.627	8.2508	-3.6773
-0.84625	29.435	6.2167	-6.1487	7.8705	3.1379	-5.7956	-4.4061	-0.70243	1.0955	-3.7702	-0.42877	0.042953	0.019961	-20.639	-371.98	51.138	15.539	127.32	60.681	-0.11909	21.451	2.3036	-22.988	-71.656	-21.212	-9.8741	-0.95739
-1.6189	16.986	4.1307	-3.4346	8.4036	3.9052	-3.9857	-2.9361	1.0357	1.3819	-3.6386	0.33399	1.1006	-1.3844	-30.904	-497.96	-83.44	108.56	21.322	30.691	72.398	58.799	69.525	11.456	5.265	30.51	42.308	-56.174
-3.3777	-3.0742	3.5966	-2.5367	7.1039	5.1058	-5.2094	-0.9706	2.7965	2.1477	-2.3054	1.1296	0.32185	-1.5864	-70.352	-802.41	-21.366	35.917	-51.985	48.024	-48.949	78.62	70.433	30.631	53.329	31.824	-31.152	-8.0818
-5.7275	-37.009	3.6544	1.2008	6.5276	5.3423	-2.2302	0.66085	3.7137	1.9371	-2.2021	2.1664	-0.3454	-1.9278	-93.995	-1357.4	2.3129	149.5	-23.053	9.4597	119.17	65.258	36.686	-8.4227	4.1323	41.472	-26.69	-13.654
-7.4177	-54.212	2.0046	9.6756	7.0908	4.4559	-0.45102	0.27345	4.3604	-0.085485	-3.9944	1.7006	-1.3942	-1.157	-67.607	-688.12	-65.992	338.99	22.53	-35.453	71.168	-15.496	25.869	-80.903	-71.693	-18.631	-41.951	30.83
-7.4546	-49.872	3.3474	2.4856	6.2951	8.544	1.4672	-1.1964	2.0147	3.015	-3.9032	-1.4938	-1.1403	0.51336	-1.4743	173.62	53.713	-287.6	-31.828	163.52	76.73	-58.792	-93.829	124.02	3.6486	-127.78	10.157	66.816
-7.7373	-48.528	0.59291	2.5048	6.7404	8.4402	1.7744	-0.69714	1.1404	2.9715	-3.9376	-0.19125	-0.75368	0.30711	-11.307	53.741	-110.18	0.76674	17.81	-4.1505	12.289	19.968	-34.969	-1.7393	-1.3764	52.103	15.463	-8.2501
-8.219	-66.004	5.318	7.302	4.8454	7.1275	-0.86484	0.058365	5.916	0.69702	-4.2077	1.2891	0.51189	-1.2686	-19.269	-699.03	189	191.89	-75.801	-52.51	-105.57	30.22	191.02	-90.98	-10.804	59.213	50.623	-63.027
-8.789	-69.819	3.7418	7.0592	3.6202	7.2969	0.61558	-0.51137	4.2715	2.3437	-2.5287	1.0229	1.0371	-0.22284	-22.8	-152.59	-63.049	-9.7108	-49.008	6.776	59.217	-22.79	-65.779	65.866	67.16	-10.647	21.008	41.829
-7.4668	-45.815	7.768	4.7589	-9.5213	0.75702	3.6177	-2.5725	2.2879	-0.36164	1.188	-0.20472	0.20771	0.021536	52.887	960.15	161.05	-92.011	-525.66	-261.59	120.08	-82.444	-79.342	-108.21	148.67	-49.105	-33.175	9.7751
-7.4607	-25.152	4.4555	2.3095	-8.0103	-2.4565	2.3083	-2.8142	0.49052	-1.3779	0.64223	-0.7397	-0.6519	-0.29758	0.24378	826.51	-132.5	-97.978	60.439	-128.54	-52.375	-9.6707	-71.896	-40.651	-21.832	-21.399	-34.384	-12.764
-7.8218	-42.724	-5.3703	2.1258	-2.1076	-0.061088	2.189	-2.2516	-0.19259	-0.057422	-0.98971	0.56357	-1.1987	0.65306	-14.443	-702.89	-393.03	-7.3499	236.11	95.815	-4.7739	22.507	-27.324	52.819	-65.278	52.131	-21.87	38.025
-8.7746	-35.157	-10.754	1.7608	-4.2964	-0.62792	1.2843	-2.1424	0.64148	-1.584	-2.3516	-1.138	-1.6748	-0.3103	-38.114	302.7	-215.36	-14.599	-87.553	-22.673	-36.187	4.3677	33.363	-61.064	-54.477	-68.064	-19.046	-38.535
-8.5104	-31.838	-10.522	0.80923	-5.7201	-1.7923	1.1436	-2.6487	-0.1996	-0.2032	0.18926	1.5764	-0.94501	-0.8127	10.57	132.76	9.2775	-38.062	-56.949	-46.574	-5.6274	-20.251	-33.643	55.233	101.64	108.58	29.191	-20.096
-8.5189	-35.441	-9.0042	0.23301	-5.8165	-2.7024	0.44197	-3.3909	0.9375	1.2752	1.2101	1.7298	0.39215	0.35092	-0.34114	-144.13	60.727	-23.049	-3.8544	-36.404	-28.067	-29.688	45.484	59.137	40.834	6.133	53.486	46.545
-8.5019	-38.348	-6.0253	1.5797	-5.6456	-1.2432	1.0925	-2.7616	0.60593	-0.028446	-0.65618	0.4081	-0.8125	-0.46088	0.68132	-116.27	119.16	53.866	6.8367	58.368	26.022	25.171	-13.263	-52.147	-74.652	-52.866	-48.186	-32.472
-8.3251	-42.512	-5.56	-2.1552	-6.309	-0.75337	0.44067	-2.8708	-0.91893	-2.55	-5.3139	-2.1818	-1.3465	1.0045	7.0702	-166.58	18.611	-149.4	-26.536	19.592	-26.074	-4.3696	-60.994	-100.86	-186.31	-103.6	-21.362	58.616
-7.9443	-37.88	-5.6133	-2.8548	-7.0211	-2.2805	-1.3809	-3.5971	-3.8459	-1.9891	-3.2694	-0.20098	-0.11144	0.30678	15.232	185.31	-2.1329	-27.984	-28.484	-61.087	-72.864	-29.052	-117.08	22.436	81.782	79.234	49.404	-27.909
-7.6942	-29.823	-10.153	0.55898	-6.4187	-2.6415	0.54213	-4.0161	-2.4202	-2.6389	-3.7509	-0.98915	-0.47079	1.9201	10.005	322.27	-181.58	136.55	24.097	-14.436	76.922	-16.758	57.028	-25.993	-19.262	-31.527	-14.374	64.534
-7.5427	-31.349	-7.4228	-1.629	-8.0272	-2.3627	-0.15051	-3.5796	-1.8182	-3.2649	-4.2735	-1.3381	-1.1159	0.3075	6.0594	-61.027	109.2	-87.518	-64.341	11.151	-27.706	17.458	24.077	-25.04	-20.903	-13.959	-25.806	-64.505
-6.5277	-24.685	-6.226	-1.0617	-7.5688	-2.9393	-0.35403	-2.1483	0.16999	-1.1697	-2.6685	-2.9477	-1.6811	0.17741	40.6	266.56	47.873	22.693	18.334	-23.062	-8.1408	57.254	79.529	83.808	64.202	-64.384	-22.606	-5.2036
-6.4557	-6.0296	-7.485	-1.1645	-6.6842	-2.3011	1.0703	-1.5529	0.69166	0.78039	-1.458	0.4325	-1.5044	0.91189	2.8805	746.2	-50.361	-4.1121	35.385	25.525	56.974	23.815	20.867	78.003	48.419	135.21	7.0696	29.379
-2.6715	1.9407	3.6637	4.2983	-5.3707	-1.6957	1.2298	1.4793	0.85908	-0.5894	-0.62887	2.1231	0.14105	0.021895	151.37	318.81	445.95	218.51	52.54	24.217	6.3775	121.29	6.6968	-54.792	33.165	67.624	65.816	-35.6
-0.99346	27.686	10.353	-0.62993	-2.9374	-3.5614	-2.8923	3.6469	-0.54627	-2.3234	-0.59454	1.0368	2.3126	0.028914	67.122	1029.8	267.58	-197.13	97.333	-74.628	-164.88	86.706	-56.214	-69.358	1.3732	-43.451	86.864	0.28077
0.068777	33.573	12.58	-4.1994	-2.9563	-5.0528	-4.7574	3.5319	-0.0037235	-2.812	0.68212	0.5074	3.7307	0.077987	42.49	235.5	89.06	-142.78	-0.75694	-59.656	-74.605	-4.6004	21.702	-19.544	51.066	-21.177	56.72	1.9629
0.67285	38.431	12.18	-6.6584	-3.3712	-6.7303	-4.3435	3.977	0.65373	-3.2247	0.85352	0.88612	3.1102	0.076154	24.163	194.29	-15.982	-98.358	-16.595	-67.102	16.557	17.802	26.298	-16.51	6.856	15.149	-24.82	-0.073336
1.1413	40.246	14.894	-8.7843	-2.8675	-8.7684	-4.1795	5.5142	0.34303	-2.3702	0.99755	0.82752	2.6908	-0.31248	18.736	72.593	108.54	-85.036	20.146	-81.522	6.5593	61.49	-12.428	34.181	5.7611	-2.3437	-16.775	-15.546
1.1266	37.137	16.132	-9.0743	-2.394	-9.9911	-3.4328	5.2317	1.1815	-1.3453	0.99163	1.5784	1.3222	-0.19988	-0.58504	-124.36	49.537	-11.598	18.941	-48.91	29.87	-11.299	33.539	40.994	-0.23658	30.035	-54.744	4.5042
1.1429	37.385	14.206	-8.543	-1.9038	-11.254	-1.9134	3.5366	2.2959	-0.94861	1.4169	1.1409	1.2553	-0.93771	0.64993	9.9304	-77.055	21.251	19.607	-50.499	60.775	-67.804	44.576	15.868	17.011	-17.5	-2.6738	-29.513
1.0418	37.872	13.366	-7.8004	-1.6643	-11.079	-1.7601	3.8851	3.0761	-0.98983	1.4679	1.1663	1.5412	-0.76452	-4.0451	19.498	-33.565	29.702	9.5785	6.9843	6.1334	13.939	31.208	-1.6487	2.0403	1.0172	11.437	6.9279
1.1657	38.37	11.76	-8.2716	-3.9353	-10.463	-1.7677	3.4286	2.7966	-1.2009	0.4594	1.4784	1.5521	-1.03	4.9591	19.895	-64.259	-18.846	-90.838	24.637	-0.30541	-18.261	-11.178	-8.4435	-40.34	12.481	0.43276	-10.62
1.2801	39.535	14.764	-11.862	-2.3174	-9.6228	-1.6641	4.4818	2.6447	-0.6047	0.49897	1.8249	1.597	-1.1683	4.5738	46.596	120.16	-143.62	64.713	33.61	4.1436	42.13	-6.078	23.848	1.5826	13.86	1.7983	-5.5313
1.5106	40.683	13.91	-12.388	-3.0537	-11.061	-0.73638	3.0231	3.6221	-0.94958	0.49723	1.8059	1.1169	-1.4384	9.2207	45.927	-34.17	-21.033	-29.452	-57.537	37.109	-58.35	39.098	-13.795	-0.069626	-0.75846	-19.205	-10.804
1.4394	41.208	13.174	-11.198	-3.5126	-10.258	-0.90097	3.6677	3.2384	0.019171	0.1717	2.1485	0.79484	-1.6032	-2.8459	21.013	-29.428	47.599	-18.356	32.13	-6.5837	25.787	-15.351	38.75	-13.021	13.706	-12.883	-6.5903
1.2727	37.824	12.821	-11.275	-3.9727	-10.621	-1.0522	3.4129	2.2675	0.4541	-0.57699	2.192	0.60591	-1.9956	-6.6717	-135.37	-14.133	-3.0844	-18.402	-14.521	-6.0496	-10.193	-38.835	17.397	-29.948	1.737	-7.5569	-15.696
0.98583	37.221	11.86	-9.702	-4.7896	-9.5921	-1.5915	3.1559	2.3537	-0.019629	1.0954	0.55653	0.82482	-2.2128	-11.473	-24.109	-38.432	62.925	-32.676	41.158	-21.572	-10.28	3.4482	-18.949	66.894	-65.418	8.7562	-8.6895
0.75961	31.954	11.908	-7.725	-2.9618	-12.238	-2.3259	3.6259	2.582	-0.35153	1.0924	0.74898	1.1197	-2.266	-9.0486	-210.69	1.9156	79.079	73.109	-105.86	-29.374	18.799	9.1325	-13.276	-0.11703	7.698	11.796	-2.1267
0.319	28.843	12.927	-6.8588	-5.9557	-11.326	-1.7271	3.314	0.77071	0.65572	1.2763	1.0186	1.5855	-1.8897	-17.624	-124.45	40.765	34.646	-119.76	36.503	23.951	-12.476	-72.451	40.29	7.3528	10.783	18.632	15.049
-0.093933	22.397	13.527	-6.176	-8.2917	-8.7426	0.34756	3.0123	1.3648	-0.15459	1.3787	1.6224	2.513	-1.0219	-16.518	-257.84	24.017	27.315	-93.44	103.33	82.986	-12.065	23.764	-32.412	4.0994	24.155	37.101	34.714
-1.0618	2.798	14.063	-5.0157	-10.81	-8.2028	0.13877	2.1546	3.4567	-0.26087	1.533	3.3358	3.0471	-1.5942	-38.716	-783.94	21.423	46.41	-100.72	21.593	-8.3517	-34.31	83.676	-4.2511	6.1692	68.535	21.362	-22.89
-2.6644	-7.2841	16.112	-0.90356	-9.5698	-8.5695	-1.129	1.7315	-1.063	1.2038	-1.0706	1.3486	2.3413	-0.20219	-64.104	-403.28	81.946	164.49	49.601	-14.669	-50.713	-16.922	-180.79	58.586	-104.14	-79.489	-28.23	55.679
-3.583	-31.479	12.995	0.59257	-11.166	-10.922	-1.3172	0.0052973	-0.7072	-0.36153	-1.4824	1.1868	2.0908	0.27725	-36.742	-967.79	-124.65	59.845	-63.864	-94.107	-7.5244	-69.049	14.231	-62.613	-16.471	-6.4701	-10.022	19.177
-10.898	-81.945	-2.9292	5.0268	-7.3461	-3.84	0.6923	0.34346	2.2371	0.85384	-1.3544	1.2374	1.9555	2.5206	-292.59	-2018.6	-636.99	177.37	152.81	283.29	80.378	13.527	117.77	48.615	5.1218	2.024	-5.4115	89.734
-12.339	-74.353	-6.9612	-3.8403	-4.6398	2.3935	-1.1496	-2.6923	1.9644	-0.35687	-1.8987	1.637	0.69464	-0.21292	-57.629	303.66	-161.28	-354.68	108.25	249.34	-73.676	-121.43	-10.911	-48.428	-21.772	15.982	-50.434	-109.34
-12.421	-87.515	-9.0135	1.4616	-3.3206	1.9121	0.26429	-2.3192	1.8553	0.30944	-1.6267	0.77987	0.48744	-0.9335	-3.3161	-526.46	-82.09	212.08	52.767	-19.254	56.555	14.924	-4.3638	26.652	10.878	-34.284	-8.2881	-28.823
-13.714	-96.895	-11.698	1.0963	-3.7089	-0.16053	0.82323	-0.68055	1.2953	1.9319	3.0518	2.5897	1.5992	1.7925	-51.709	-375.19	-107.37	-14.611	-15.532	-82.907	22.358	65.546	-22.396	64.898	187.14	72.395	44.472	109.04
-4.2944	-24.18	13.631	8.4538	-0.19027	-5.6586	-2.6423	2.8082	-1.7752	1.3083	0.78097	-1.2473	-2.3	-2.467	376.79	2908.6	1013.2	294.3	140.75	-219.92	-138.62	139.55	-122.82	-24.942	-90.832	-153.48	-155.97	-170.38
-3.3673	-6.9661	11.791	7.5138	-0.49102	-6.7087	-1.3199	1.6887	-1.8635	0.48546	1.2587	-2.1251	-2.174	-1.5783	37.086	688.56	-73.597	-37.598	-12.03	-42.003	52.899	-44.78	-3.5313	-32.914	19.108	-35.11	5.0395	35.547
-2.7553	4.2844	8.8517	6.7762	0.030906	-6.4946	0.92282	1.349	-0.678	-0.49005	-0.3793	-0.70076	-2.2893	-1.8306	24.481	450.02	-117.58	-29.506	20.877	8.5644	89.707	-13.588	47.419	-39.021	-65.519	56.972	-4.6131	-10.094
-1.8777	4.6712	14.221	4.6843	-0.51962	-4.8591	-3.5501	3.9654	-0.080785	-2.0773	-0.99599	-0.76913	-1.9626	-1.4291	35.105	15.475	214.79	-83.675	-22.021	65.417	-178.92	104.66	23.889	-63.491	-24.668	-2.7348	13.069	16.062
-1.3051	23.631	10.836	1.5502	-1.9372	-7.0361	-3.183	4.0724	-0.99692	-2.8199	-1.0907	0.8251	0.45046	-0.8706	22.902	758.4	-135.43	-125.36	-56.704	-87.078	14.681	4.283	-36.645	-29.703	-3.7898	63.769	96.523	22.34
-0.70949	27.253	11.469	-0.88601	-2.1896	-5.7125	-2.8887	3.9955	-2.5858	-2.9833	-2.0656	2.883	2.0118	-0.59422	23.825	144.86	25.352	-97.449	-10.096	52.945	11.773	-3.0779	-63.556	-6.5379	-38.994	82.315	62.455	11.055
-0.68467	27.122	11.76	-0.7425	-4.0485	-3.6822	-1.9431	2.1741	-2.3403	-4.1672	-1.1828	2.9626	3.0879	-1.4862	0.99256	-5.2068	11.639	5.7405	-74.354	81.213	37.825	-72.855	9.8225	-47.354	35.31	3.1835	43.041	-35.68
-0.75716	26.146	11.03	0.080657	-3.7769	-2.7756	-1.7419	0.91853	-2.5327	-3.8967	-0.071399	2.1635	2.678	-1.6853	-2.8994	-39.067	-29.219	32.926	10.862	36.263	8.0469	-50.223	-7.6989	10.82	44.457	-31.961	-16.396	-7.9634
-0.98415	26.48	9.6663	0.33554	-3.7638	-2.0193	-0.95232	-0.34959	-2.376	-4.254	-0.051774	2.1128	2.5469	-1.9399	-9.0798	13.373	-54.54	10.195	0.52403	30.251	31.583	-50.725	6.2678	-14.291	0.78499	-2.0312	-5.2415	-10.183
-1.0564	25.602	9.1942	0.013806	-2.1851	-2.6747	-0.076633	-0.042457	-2.7275	-4.4558	0.18275	1.7608	1.7689	-1.3513	-2.8913	-35.111	-18.886	-12.869	63.147	-26.214	35.027	12.285	-14.057	-8.0727	9.3808	-14.08	-31.121	23.545
-1.3492	24.307	8.0155	0.43645	0.46542	-3.9098	0.19182	1.9858	-4.3881	-3.4096	-0.13215	1.3435	1.331	-1.1121	-11.709	-51.803	-47.147	16.906	106.02	-49.405	10.738	81.131	-66.425	41.85	-12.596	-16.69	-17.517	9.5664
-2.1022	18.685	5.1702	2.9602	2.0922	-5.755	3.2546	0.84372	-2.0344	-5.1153	-0.73184	2.2071	0.64028	-0.37046	-30.121	-224.89	-113.81	100.95	65.071	-73.808	122.51	-45.683	94.146	-68.23	-23.988	34.543	-27.628	29.666
-3.0255	10.339	-5.195	9.635	-0.4049	-5.1459	5.4082	-0.80864	-0.45777	-3.4399	-1.1098	0.83172	1.4229	-1.1919	-36.932	-333.85	-414.61	267	-99.884	24.361	86.143	-66.094	63.066	67.014	-15.118	-55.015	31.305	-32.856
-3.6502	1.6667	-21.155	9.3128	0.92814	-5.481	5.8571	-0.4555	0.038678	-0.06135	-0.01214	0.43974	0.96859	-0.0031012	-24.989	-346.88	-638.41	-12.89	53.322	-13.401	17.959	14.126	19.858	135.14	43.906	-15.679	-18.173	47.55
-3.3167	-3.7238	-27.673	7.8287	0.068477	-4.2346	5.1967	-0.43125	-0.27057	2.7586	0.91381	-0.16452	-0.52949	-0.32149	13.342	-215.62	-260.7	-59.361	-34.387	49.854	-26.417	0.9699	-12.37	112.8	37.038	-24.171	-59.923	-12.736
-3.2982	-1.1629	-28.377	7.144	-0.31094	-2.7852	5.6732	-0.37942	1.3184	2.2464	0.029064	-0.9122	-1.2857	0.19219	0.73665	102.43	-28.161	-27.39	-15.177	57.978	19.058	2.0733	63.559	-20.489	-35.39	-29.907	-30.247	20.547
-3.0867	-0.36906	-29.168	6.0499	-0.19615	-2.8916	6.3323	-0.99558	0.40655	2.7103	-0.14967	-0.64311	-0.72545	0.061683	8.4617	31.754	-31.672	-43.765	4.5918	-4.2583	26.366	-24.647	-36.474	18.558	-7.1494	10.764	22.409	-5.2202
-2.9851	-2.4339	-29.006	8.5325	-1.0094	-5.4642	6.0701	-1.5259	-1.5422	2.0805	0.66725	0.12644	0.26775	1.2174	4.0658	-82.593	6.5164	99.305	-32.531	-102.9	-10.49	-21.212	-77.949	-25.191	32.677	30.782	39.728	46.23
-3.1834	-3.1701	-29.117	10.087	0.61696	-3.4664	5.8006	0.67945	0.22516	2.5663	0.75005	0.50677	-0.24685	0.78886	-7.9342	-29.447	-4.4644	62.171	65.055	79.911	-10.781	88.214	70.694	19.432	3.3122	15.213	-20.584	-17.143
-3.5824	-8.3503	-27.855	10.379	-0.64341	-2.9495	6.2419	0.17685	0.95208	2.2576	-0.31267	0.50932	0.47575	0.20394	-15.96	-207.21	50.503	11.69	-50.415	20.676	17.653	-20.104	29.077	-12.351	-42.509	0.10228	28.904	-23.397
-4.0763	-13.336	-29.322	4.7478	-0.06966	-3.2494	5.7746	0.37539	-2.2115	1.9497	0.23768	1.3601	0.69448	0.081154	-19.753	-199.42	-58.709	-225.25	22.95	-11.996	-18.693	7.9414	-126.54	-12.314	22.014	34.032	8.7491	-4.9117
-4.4422	-11.303	-27.119	1.2284	0.86174	-3.4266	4.2474	2.0333	-1.3465	2.3419	0.54756	0.96896	-1.1658	0.092996	-14.637	81.317	88.142	-140.78	37.256	-7.09	-61.088	66.315	34.599	15.688	12.395	-15.647	-74.413	0.47372
-5.0657	-7.2171	-16.387	3.1404	1.7668	-1.959	3.4343	1.2364	-0.45474	0.069502	2.5819	-0.034358	-1.675	0.54647	-24.94	163.43	429.27	76.481	36.204	58.705	-32.524	-31.874	35.672	-90.897	81.375	-40.133	-20.368	18.139
-7.3473	-40.115	-8.0737	8.8642	5.48	-0.68268	-1.6305	-0.099227	1.1095	-0.78495	0.081808	1.8871	-1.5678	0.81223	-91.263	-1315.9	332.53	228.95	148.53	51.052	-202.59	-53.425	62.568	-34.178	-100.01	76.858	4.2882	10.63
-9.4386	-47.192	-6.7569	3.1847	-5.9775	6.627	4.5312	1.3427	4.6274	3.3037	-0.80062	1.1063	0.61502	0.56329	-83.653	-283.08	52.67	-227.18	-458.3	292.39	246.46	57.676	140.72	163.54	-35.297	-31.231	87.314	-9.9577
-7.4603	-42.906	0.74814	5.123	-3.7043	7.4	4.4679	-0.26886	3.6254	1.5903	-1.8784	1.2733	-0.10678	0.83824	79.134	171.46	300.2	77.532	90.93	30.922	-2.5296	-64.461	-40.08	-68.534	-43.11	6.6789	-28.872	10.998
-6.2445	-29.902	4.7852	4.4429	-1.7351	6.8629	3.1234	0.27946	3.1653	0.21119	-2.3227	1.3172	0.45888	1.4473	48.631	520.13	161.48	-27.204	78.767	-21.486	-53.78	21.933	-18.405	-55.165	-17.774	1.7543	22.626	24.363
-5.8095	-27.005	5.5387	4.1203	-1.4882	8.5109	1.7943	0.022148	4.6033	-1.3955	-1.0466	-0.031789	0.34308	1.6231	17.397	115.91	30.139	-12.901	9.8781	65.918	-53.163	-10.293	57.52	-64.269	51.046	-53.958	-4.6321	7.0297
-5.6017	-22.553	4.8176	4.5094	-1.7393	8.5467	0.98539	0.32049	4.4611	-0.96917	-1.8548	-0.35466	0.39363	1.4114	8.3135	178.09	-28.841	15.561	-10.044	1.4351	-32.358	11.934	-5.6851	17.055	-32.327	-12.915	2.0221	-8.4657
-5.3405	-20.476	5.4683	3.6184	-1.2379	7.3963	1.3202	1.0151	3.9834	-0.3326	-2.0929	-0.66703	-0.12609	1.1429	10.447	83.049	26.027	-35.637	20.054	-46.016	13.391	27.785	-19.111	25.463	-9.5236	-12.495	-20.789	-10.741
-5.4073	-19.793	6.0198	3.0667	-1.1192	7.5403	1.4814	0.45046	3.9974	0.28763	-2.7794	-0.48454	-0.18351	0.72664	-2.6712	27.324	22.061	-22.068	4.7473	5.7585	6.4481	-22.587	0.56017	24.809	-27.461	7.2994	-2.2966	-16.65
-5.1413	-18.151	5.5435	2.6054	-1.1731	8.2759	0.753	0.7705	4.6931	-0.83589	-2.1588	-1.391	0.69048	0.30504	10.639	65.678	-19.054	-18.455	-2.1537	29.424	-29.134	12.802	27.83	-44.941	24.821	-36.26	34.959	-16.864
-5.2055	-17.609	6.0744	1.8855	-1.2713	7.8956	0.66583	0.68263	4.7424	-0.12543	-2.9041	-1.1455	0.64728	-0.31134	-2.568	21.707	21.239	-28.793	-3.9282	-15.211	-3.4867	-3.5148	1.9713	28.418	-29.81	9.8224	-1.7278	-24.655
-3.1472	0.97384	12.424	0.39435	-3.6065	0.17268	-4.2218	2.0532	2.4728	-0.98865	-0.25691	-1.7195	1.3394	1.272	82.334	743.3	254	-59.647	-93.408	-308.92	-195.51	54.822	-90.783	-34.529	105.89	-22.961	27.684	63.332
-2.4823	6.4105	14.032	0.408	-3.9078	-1.9382	-5.3964	4.617	0.88866	-1.6675	1.2589	-2.6454	0.88345	2.2655	26.597	217.47	64.292	0.54608	-12.054	-84.435	-46.982	102.55	-63.367	-27.156	60.634	-37.036	-18.237	39.74
-1.9907	10.327	13.764	-0.99302	-4.5291	-2.2818	-5.4302	5.5928	0.3771	-1.2965	0.69855	-2.4961	1.318	1.9498	19.664	156.65	-10.717	-56.041	-24.851	-13.743	-1.3531	39.031	-20.462	14.843	-22.416	5.9724	17.383	-12.628
-1.7074	11.734	14.064	-1.2229	-4.5882	-3.1738	-5.251	5.0477	0.49559	-1.2451	0.19625	-2.1264	1.5463	2.136	11.332	56.268	12.023	-9.195	-2.3645	-35.68	7.1682	-21.804	4.7395	2.056	-20.092	14.788	9.1293	7.4473
-1.6827	12.325	14.32	-1.3293	-4.1919	-3.3069	-5.0328	4.0913	1.2976	-1.4712	-0.78235	-1.2001	0.85417	2.2287	0.98828	23.641	10.247	-4.2567	15.855	-5.3259	8.7256	-38.254	32.082	-9.0467	-39.144	37.05	-27.684	3.7105
-1.5312	12.458	14.514	-1.465	-3.3587	-4.1124	-4.5895	3.6622	1.6907	-2.1791	-1.1636	-1.0254	0.45131	2.5207	6.0568	5.3553	7.7363	-5.4261	33.326	-32.218	17.735	-17.166	15.723	-28.315	-15.249	6.9902	-16.114	11.679
-1.6284	10.989	15.911	-2.5328	-2.5226	-4.3932	-3.8541	2.7647	2.0037	-2.4866	-1.7404	-0.69686	0.25526	2.6634	-3.8862	-58.788	55.9	-42.712	33.445	-11.232	29.413	-35.898	12.519	-12.301	-23.074	13.14	-7.8418	5.7092
-1.7123	11.766	15.139	-1.6974	-3.0485	-3.197	-4.2183	2.873	2.0364	-3.4777	-1.7428	-0.41577	0.33436	2.8626	-3.3541	31.084	-30.88	33.412	-21.036	47.848	-14.567	4.3309	1.309	-39.643	-0.095436	11.244	3.1638	7.9676
-1.885	10.759	15.765	-2.5818	-2.5124	-2.3433	-3.5328	1.5692	2.3973	-3.8244	-2.1733	0.39798	0.2843	2.4479	-6.9105	-40.278	25.03	-35.373	21.442	34.148	27.419	-52.152	14.435	-13.866	-17.22	32.55	-2.0022	-16.59
-1.8516	11.259	15.853	-3.2391	-2.4453	-0.86639	-3.0195	1.422	1.7276	-3.9322	-2.5175	0.69642	0.66092	2.2961	1.3348	19.99	3.5309	-26.292	2.6863	59.075	20.533	-5.8881	-26.789	-4.3145	-13.769	11.938	15.065	-6.0682
-1.7295	12.313	15.836	-3.8681	-2.5436	0.61696	-2.7978	1.1281	0.05948	-3.7796	-2.674	0.47072	1.1497	1.3411	4.8853	42.19	-0.69184	-25.16	-3.9311	59.334	8.8687	-11.757	-66.724	6.1037	-6.26	-9.028	19.551	-38.203
-1.7728	13.066	15.542	-4.7886	-1.8762	3.6041	-4.5194	0.9949	-0.71248	-4.5359	-0.67759	-1.4911	1.5877	0.57385	-1.7335	30.122	-11.769	-36.822	26.692	119.49	-68.864	-5.3266	-30.879	-30.252	79.858	-78.473	17.521	-30.689
-2.0903	12.02	14.793	-5.7459	-2.2304	6.0579	-2.6748	-1.1206	-0.93436	-3.6797	-1.0532	-1.0147	1.0706	-0.020563	-12.7	-41.868	-29.969	-38.29	-14.166	98.149	73.783	-84.622	-8.8751	34.25	-15.024	19.058	-20.684	-23.777
-3.0713	0.51846	12.117	-5.3447	-3.674	6.0221	2.2364	-0.83351	-2.6118	-1.0482	-0.88088	0.43373	-0.56549	0.06055	-39.239	-460.05	-107.04	16.047	-57.745	-1.4291	196.45	11.485	-67.096	105.26	6.8921	57.935	-65.445	3.2445
-2.8938	2.4131	15.785	-7.0252	-3.4513	7.311	-0.30802	-0.20369	-1.3204	-3.1959	0.21126	-0.058804	-0.65272	-0.6627	7.102	75.784	146.74	-67.219	8.9097	51.555	-101.78	25.193	51.652	-85.908	43.686	-19.702	-3.4891	-28.93
-2.3683	1.2843	20.016	-7.566	-4.8151	8.0235	-1.9353	1.55	-3.4733	-3.8375	0.46316	-0.47196	-1.5316	0.44489	21.017	-45.151	169.24	-21.632	-54.552	28.5	-65.089	70.146	-86.113	-25.665	10.076	-16.526	-35.157	44.304
-2.303	-0.00084423	21.288	-6.243	-6.5538	7.5954	-1.0776	3.3455	-5.2806	-4.1692	0.1432	0.58206	-2.3539	0.50161	2.612	-51.405	50.858	52.921	-69.547	-17.126	34.306	71.82	-72.294	-13.267	-12.799	42.161	-32.891	2.269
-2.1686	-4.1504	22.729	-5.4067	-7.0987	6.0622	0.049376	4.6965	-5.6172	-5.1539	0.77658	0.26904	-1.6306	-0.30371	5.3763	-165.98	57.644	33.452	-21.797	-61.326	45.079	54.043	-13.465	-39.39	25.335	-12.521	28.933	-32.213
-2.4333	-5.8199	22.722	-4.458	-7.4661	4.4326	1.0274	5.7033	-5.0126	-5.4311	-0.33544	1.3723	-1.9099	-0.19624	-10.588	-66.781	-0.28509	37.947	-14.695	-65.186	39.121	40.272	24.186	-11.088	-44.481	44.131	-11.172	4.2989
-2.5313	-6.9722	22.807	-4.5639	-7.1306	3.4352	1.3166	6.4279	-5.233	-5.665	-0.1495	1.2976	-2.1146	0.10719	-3.9166	-46.09	3.4318	-4.2358	13.42	-39.893	11.569	28.981	-8.8169	-9.3545	7.4375	-2.9896	-8.1896	12.137
-2.5245	-8.9548	23.863	-4.2058	-7.3286	2.3813	2.3002	5.0759	-4.6979	-5.985	0.1865	1.831	-2.3345	0.22423	0.27155	-79.304	42.236	14.322	-7.9201	-42.157	39.344	-54.08	21.406	-12.801	13.44	21.336	-8.7931	4.6816
-2.507	-8.9512	24.402	-4.3597	-8.2592	2.2791	2.9054	3.9572	-3.7652	-5.888	0.20201	2.2398	-2.4749	0.6212	0.69928	0.14178	21.541	-6.1534	-37.226	-4.0876	24.205	-44.746	37.309	3.8785	0.62041	16.353	-5.6184	15.879
-2.4728	-7.9841	24.436	-4.2758	-10.399	4.2594	2.2898	4.4141	-5.0937	-5.0059	0.8826	2.0341	-2.1575	0.10991	1.3681	38.686	1.3637	3.354	-85.604	79.21	-24.624	18.278	-53.142	35.287	27.224	-8.2263	12.699	-20.452
-2.4216	-8.4642	24.761	-5.9425	-8.6143	3.3303	2.9834	3.6793	-4.7747	-5.3287	1.0827	2.2401	-1.9043	0.25948	2.0482	-19.206	13.006	-66.669	71.402	-37.165	27.745	-29.394	12.76	-12.915	8.0052	8.2385	10.125	5.9829
-2.3611	-5.5772	23.42	-6.8519	-7.8806	4.1783	1.5043	3.8942	-5.5654	-5.5457	2.0324	1.8439	-2.1822	0.21119	2.4173	115.48	-53.627	-36.375	29.348	33.923	-59.164	8.595	-31.625	-8.6766	37.986	-15.847	-11.113	-1.9319
-2.3038	-2.2956	22.776	-9.0715	-5.7563	3.4052	1.6807	2.6801	-5.9886	-5.0492	2.2421	1.413	-2.2887	0.54417	2.2952	131.26	-25.78	-88.783	84.969	-30.925	7.0582	-48.564	-16.931	19.858	8.3892	-17.237	-4.2617	13.319
-2.2568	-1.0671	22.716	-11.845	-3.2687	4.0353	0.59564	1.297	-5.9612	-4.4448	2.7515	0.020053	-1.1252	0.2611	1.8794	49.139	-2.4136	-110.96	99.507	25.204	-43.404	-55.323	1.0977	24.176	20.376	-55.717	46.541	-11.323
-2.2793	2.4394	21.354	-13.26	-2.2555	3.6126	-0.74926	0.78137	-5.568	-3.5425	2.8469	-0.31397	-0.51327	0.51255	-0.90158	140.26	-54.454	-56.574	40.528	-16.911	-53.796	-20.626	15.728	36.093	3.8155	-13.361	24.477	10.058
-2.3748	5.0225	19.246	-13.723	-0.83785	3.1115	-2.0023	0.78936	-5.8452	-1.9617	2.559	-0.39501	0.8367	-0.21724	-3.819	103.33	-84.329	-18.54	56.704	-20.042	-50.121	0.31975	-11.089	63.231	-11.516	-3.2418	53.999	-29.192
-2.4865	3.0675	18.21	-12.028	0.44963	2.0923	-2.6947	0.6863	-5.4418	-1.1702	0.86522	0.39229	1.6015	0.14472	-4.4675	-78.2	-41.426	67.819	51.499	-40.767	-27.697	-4.1225	16.136	31.662	-67.751	31.492	30.593	14.478
-2.6534	1.7739	17.547	-9.7086	-0.16771	1.5777	-3.5372	0.53947	-3.8577	-1.1444	0.50896	1.185	1.9939	-0.25165	-6.6768	-51.745	-26.528	92.768	-24.694	-20.586	-33.699	-5.8731	63.366	1.0298	-14.25	31.709	15.693	-15.855
-3.1043	-5.9078	15.263	-4.1289	0.51723	-1.4754	-1.9393	-0.34105	-2.6762	-1.4441	1.3922	2.1552	2.1943	-1.0927	-18.036	-307.27	-91.38	223.19	27.398	-122.12	63.914	-35.221	47.259	-11.986	35.331	38.807	8.0183	-33.64
-4.1488	-17.507	10.931	1.3765	-3.1314	-1.0715	-1.0202	-2.0378	-1.0496	0.23268	1.2289	2.4471	1.1248	-0.70046	-41.778	-463.96	-173.25	220.22	-145.95	16.154	36.766	-67.87	65.063	67.07	-6.5355	11.674	-42.782	15.688
-5.4479	-21.8	0.3029	1.3378	0.11625	-1.638	-0.58607	0.55673	-0.45521	0.14207	1.5417	1.2151	0.0011896	-0.43347	-51.965	-171.71	-425.14	-1.5483	129.91	-22.661	17.365	103.78	23.776	-3.6243	12.512	-49.277	-44.944	10.68
-5.4521	-11.216	-13.603	-0.31366	0.24904	-6.3674	1.8786	2.2599	-0.16027	2.8209	1.9121	1.1022	0.075936	-0.88689	-0.17006	423.33	-556.23	-66.06	5.3117	-189.17	98.588	68.127	11.798	107.15	14.819	-4.5154	2.9899	-18.137
-4.4043	-6.3945	-19.964	3.8227	-0.32748	-4.8673	3.9988	0.16359	2.1928	2.5525	-0.020182	1.5276	-0.070799	-0.35381	41.914	192.87	-254.44	165.45	-23.061	60.002	84.807	-83.853	94.122	-10.736	-77.292	17.015	-5.8694	21.323
-3.8833	-2.2521	-24.922	5.5447	-0.062816	-5.2379	4.553	-0.13675	0.022335	2.1316	-0.33929	0.21513	-1.0712	0.49876	20.84	165.7	-198.35	68.881	10.586	-14.823	22.17	-12.014	-86.818	-16.838	-12.764	-52.5	-40.016	34.103
-3.5691	-2.0533	-26.596	6.6909	-0.38597	-3.8469	2.694	1.3149	0.68427	1.385	0.73791	0.68682	-0.028405	1.8161	12.566	7.9496	-66.928	45.847	-12.926	55.641	-74.36	58.064	26.477	-29.863	43.088	18.868	41.712	52.692
-3.4849	1.5869	-26.8	5.2591	-0.44092	-2.8828	3.2704	1.1327	1.4567	2.5293	0.49137	1.609	-0.85	0.80955	3.367	145.61	-8.1627	-57.274	-2.198	38.564	23.052	-7.2865	30.897	45.774	-9.8618	36.886	-32.864	-40.261
-3.3987	-3.1893	-29.648	5.9058	-1.8102	-3.577	4.3509	-0.71136	1.1392	1.8656	0.54232	1.8992	-0.13121	0.83826	3.4494	-191.05	-113.91	25.867	-54.772	-27.77	43.222	-73.763	-12.7	-26.547	2.038	11.608	28.752	1.1483
-3.4106	-7.5533	-30.185	8.9152	-0.44358	-2.9678	3.5793	-0.81628	1.3913	2.6054	-0.30851	1.2577	0.13501	2.1203	-0.47691	-174.56	-21.48	120.38	54.666	24.369	-30.862	-4.1966	10.084	29.59	-34.033	-25.657	10.649	51.281
-3.5597	-8.9043	-31.951	6.3841	-0.47162	-2.9806	3.4973	0.050649	1.2783	2.5275	-0.49209	1.0525	-0.77144	0.27543	-5.9645	-54.04	-70.652	-101.24	-1.1215	-0.51192	-3.2821	34.677	-4.5222	-3.1156	-7.3432	-8.211	-36.258	-73.794
-3.6462	-6.5547	-28.167	7.9659	0.014181	-0.98622	3.3488	-0.19422	0.72913	2.5449	1.2129	2.6708	-1.4183	-0.62869	-3.4568	93.985	151.36	63.274	19.432	79.774	-5.941	-9.7948	-21.965	0.69498	68.199	64.734	-25.875	-36.165
-3.7156	-8.7165	-30.964	6.2543	-0.8601	-2.4853	5.356	0.97645	2.7236	1.3249	-0.563	1.7105	-1.5897	0.60831	-2.7773	-86.471	-111.89	-68.464	-34.971	-59.962	80.288	46.827	79.778	-48.798	-71.036	-38.414	-6.8572	49.48
-3.7502	-10.988	-31.268	7.3694	-0.90057	-1.5702	5.6382	0.29896	1.1564	2.3944	-0.20438	0.86895	-0.19529	1.0137	-1.3838	-90.873	-12.139	44.602	-1.6187	36.604	11.291	-27.1	-62.686	42.779	14.345	-33.66	55.778	16.216
-3.9087	-13.781	-31.314	6.0752	-0.28498	-1.9994	6.1617	0.14816	0.95831	2.2754	-0.49934	0.89487	-0.27611	-0.13396	-6.342	-111.72	-1.8697	-51.766	24.624	-17.171	20.94	-6.0318	-7.9241	-4.7589	-11.798	1.0367	-3.2328	-45.907
-4.1717	-12.745	-30.64	4.5767	-1.5713	-0.49078	6.6609	0.19749	1.395	2.2698	-0.27303	1.6659	-0.84873	-0.49075	-10.52	41.459	26.98	-59.943	-51.454	60.347	19.967	1.973	17.467	-0.22369	9.0523	30.841	-22.905	-14.272
-4.4242	-17.749	-30.858	3.4251	-4.7578	-2.6395	6.686	0.56224	-0.95365	1.0507	0.5189	1.4518	-1.5497	0.13636	-10.098	-200.17	-8.7256	-46.063	-127.46	-85.948	1.0041	14.59	-93.945	-48.766	31.677	-8.5649	-28.039	25.084
-4.7091	-18.664	-29.616	6.4568	-2.7434	-2.4876	5.5791	0.23955	1.3198	3.7793	-0.48543	0.64858	-0.95687	-0.4884	-11.396	-36.584	49.687	121.27	80.578	6.0758	-44.278	-12.908	90.937	109.15	-40.173	-32.128	23.713	-24.99
-4.6477	-24.974	-31.929	7.3517	0.06879	-2.8687	4.9421	-0.45504	0.5758	2.2215	0.38518	1.0792	-0.15065	0.23875	2.4539	-252.41	-92.549	35.795	112.49	-15.246	-25.478	-27.783	-29.759	-62.314	34.825	17.224	32.249	29.086
-4.7543	-18.548	-30.275	5.2878	-0.663	-4.2125	5.5849	0.72133	1.2761	0.85813	-1.0756	1.9335	-0.28501	-0.9227	-4.2612	257.04	66.159	-82.559	-29.271	-53.752	25.709	47.055	28.011	-54.535	-58.431	34.171	-5.3743	-46.458
-4.8282	-20.683	-28.468	6.5623	-0.0855	-2.8233	5.07	-0.2996	-0.23889	1.682	-0.10468	2.2613	-0.4345	-0.18763	-2.9581	-85.417	72.297	50.982	23.1	55.569	-20.593	-40.838	-60.599	32.954	38.836	13.111	-5.9799	29.403
-5.2047	-22.063	-28.789	6.0413	-0.46362	-3.2251	5.0676	1.0928	0.65599	1.2048	-0.57168	1.0323	-0.20817	0.097804	-15.06	-55.196	-12.823	-20.841	-15.125	-16.071	-0.096851	55.695	35.795	-19.087	-18.68	-49.158	9.0535	11.417
-5.4778	-24.043	-28.526	5.298	-0.67243	-2.7178	4.8072	1.4092	1.9228	1.5892	-0.51231	1.9503	0.36836	-0.053858	-10.921	-79.198	10.491	-29.731	-8.3524	20.289	-10.415	12.657	50.671	15.375	2.375	36.722	23.061	-6.0665
-5.6324	-27.509	-28.006	5.3162	1.06	-2.4947	4.8411	0.2691	0.82123	0.87195	-0.63823	1.6746	0.10491	-0.17789	-6.1874	-138.62	20.808	0.7279	69.297	8.9243	1.3572	-45.604	-44.061	-28.688	-5.037	-11.027	-10.538	-4.9612
-6.0522	-32.02	-27.449	5.6302	0.49348	-3.7621	4.8774	-0.70962	0.64076	2.1117	-0.62588	1.6556	-1.3889	-1.28	-16.791	-180.44	22.267	12.56	-22.661	-50.696	1.452	-39.149	-7.2189	49.591	0.49418	-0.7621	-59.754	-44.084
