734828.531752018
1512513.87370316
1062624.55752354
1014800.51023525
1234330.63823261
1830516.95158951
603538.090295783
1032702.1378004
2877381.79716642
1190069.39788671
1012882.97756496
1060976.33652601
795768.953955507
1139049.32862215
1298038.5170538
1203742.15907055
675614.578206001
714831.497891654
1624087.11763633
1576669.65161797
4925960.27025497
746932.162654115
786001.398115757
1027719.75254717
374837.753940312
747246.011885796
1561496.36743391
1121833.89881087
700468.492310069
1416469.65164968
1047427.77628353
760392.996953153
39411754.1371697
285918827.847151
