-2.645	6.6619	-3.1862	3.3964	11.751	2.5671	-1.9733	-4.3184	2.4561	-1.6653	-2.0002	-0.20608	0.72517	0.0065634	0	0	0	0	0	0	0	0	0	0	0	0	0	0
-1.5913	21.292	1.5736	1.4109	13.653	1.5654	-3.9512	-5.431	1.5973	-4.7949	-2.1811	1.0787	0.2529	1.775	42.149	585.22	190.39	-79.42	76.071	-40.069	-79.115	-44.501	-34.35	-125.18	-7.2354	51.39	-18.891	70.739
-1.2232	23.573	-0.21284	2.3507	13.921	0.62052	-5.4337	-2.5916	2.4099	-4.6394	-0.75337	1.5862	-0.22973	1.1617	14.724	91.242	-71.457	37.59	10.711	-37.795	-59.301	113.58	32.502	6.2205	57.109	20.303	-19.305	-24.535
-1.5353	19.485	-0.32983	1.8106	13.474	0.61405	-4.028	-2.5924	3.1099	-3.3105	-0.59136	3.3687	-0.71067	1.5083	-12.483	-163.55	-4.6795	-21.603	-17.875	-0.25888	56.229	-0.031754	28.001	53.155	6.4806	71.299	-19.237	13.866
-2.0165	17.43	-2.041	3.7885	12.305	0.50016	-4.4726	-1.2508	3.2322	-3.9135	0.32514	2.651	-0.61787	0.81585	-19.249	-82.175	-68.446	79.117	-46.744	-4.5554	-17.785	53.66	4.8927	-24.122	36.66	-28.71	3.712	-27.698
-2.7646	15.076	-5.9384	4.647	10.574	0.81531	-4.5126	-0.058661	3.0914	-4.2265	1.0129	1.0295	0.30062	-0.06274	-29.924	-94.186	-155.9	34.339	-69.265	12.606	-1.601	47.688	-5.6346	-12.52	27.512	-64.857	36.74	-35.144
-4.2802	-7.7432	-9.666	7.8112	8.952	2.7592	-3.6005	2.187	1.1138	-4.6044	1.684	-1.2163	1.1101	0.19397	-60.622	-912.75	-149.1	126.57	-64.871	77.756	36.486	89.825	-79.102	-15.116	26.844	-89.833	32.378	10.268
-7.4733	-43.479	-17.556	7.3779	11.675	8.9148	-0.45747	2.7624	0.97243	-3.1742	1.4895	-1.916	1.054	-0.22658	-127.73	-1429.4	-315.61	-17.332	108.93	246.22	125.72	23.018	-5.6559	57.21	-7.7805	-27.989	-2.2435	-16.822
-10.528	-73.137	-20.211	5.1956	8.9433	8.3682	1.2934	1.6285	1.4806	-0.40062	2.2865	-0.77628	0.064023	-1.2568	-122.18	-1186.3	-106.18	-87.293	-109.28	-21.861	70.036	-45.357	20.328	110.94	31.878	45.589	-39.599	-41.208
-12.999	-90.843	-17.383	2.4246	2.3873	4.7807	3.2725	1.2351	2.0204	0.8176	2.0968	-1.8773	0.64314	0.82961	-98.858	-708.24	113.11	-110.84	-262.24	-143.5	79.163	-15.736	21.592	48.729	-7.589	-44.041	23.165	83.455
-5.3987	-17.046	-30.542	-10.79	3.0353	0.025639	-1.8752	0.56612	-0.10281	-4.7071	1.7121	-2.0309	0.18689	0.13525	304.02	2951.9	-526.35	-528.6	25.919	-190.2	-205.91	-26.759	-84.929	-220.99	-15.388	-6.1454	-18.25	-27.774
-4.1288	11.039	-22.323	-8.6765	3.7867	1.0671	-1.3585	1.3923	0.20465	-2.2805	2.4952	-2.7012	-0.045965	-0.21076	50.795	1123.4	328.74	84.552	30.057	41.659	20.668	33.046	12.298	97.064	31.327	-26.811	-9.3141	-13.84
-2.9676	29.118	-20.023	-3.8753	3.4538	1.2371	1.3953	0.11395	1.2003	-1.1223	2.4621	-2.9655	-0.92606	0.25961	46.45	723.15	92.023	192.05	-13.315	6.7991	110.15	-51.133	39.827	46.329	-1.3258	-10.573	-35.204	18.815
-2.3833	42.502	-18.369	-2.0292	2.3053	0.52975	1.3392	0.1848	0.36599	-2.6688	2.5208	-2.9713	-0.58826	-0.85837	23.37	535.37	66.154	73.844	-45.94	-28.293	-2.2439	2.834	-33.373	-61.859	2.3485	-0.2286	13.512	-44.719
-2.3918	42.351	-13.654	1.4388	4.1304	-0.72135	-2.3895	-0.28946	1.5765	-2.4936	1.5543	-3.2956	0.13672	0.48611	-0.33719	-6.0477	188.58	138.72	73.003	-50.044	-149.15	-18.97	48.421	7.0081	-38.659	-12.973	28.999	53.779
-2.8921	27.142	-13.476	1.7978	7.3849	-1.5778	-3.2859	0.47239	1.3416	-2.3608	2.4754	-0.036679	1.2698	1.2804	-20.014	-608.35	7.1313	14.36	130.18	-34.258	-35.857	30.474	-9.3963	5.3113	36.841	130.36	45.324	31.773
-2.5523	21.255	-11.392	1.3395	8.6744	1.7824	-2.7431	-1.206	1.8884	-2.076	-0.55717	0.35161	-0.24921	1.0541	13.592	-235.46	83.378	-18.334	51.579	134.41	21.712	-67.137	21.872	11.392	-121.3	15.532	-60.761	-9.0555
-0.10596	42.863	0.42456	0.14765	3.5314	2.1579	-5.7683	-3.8696	0.94452	1.4419	-1.5943	-0.81712	-0.32497	-0.69839	97.854	864.3	472.65	-47.674	-205.72	15.017	-121.01	-106.54	-37.755	140.71	-41.484	-46.749	-3.0305	-70.098
0.57469	44.837	5.3587	-9.2762	6.5573	-2.0364	-2.3185	-8.1587	4.2641	1.3766	-0.34682	0.85929	0.51346	0.38719	27.226	78.954	197.36	-376.95	121.04	-167.77	137.99	-171.56	132.78	-2.6125	49.898	67.056	33.537	43.423
0.89953	44.471	6.8675	-10.132	2.4422	-0.060106	-0.99389	-9.5362	4.2481	3.3924	-1.2008	1.2797	-0.15836	0.78644	12.993	-14.651	60.354	-34.239	-164.61	79.05	52.982	-55.1	-0.64265	80.634	-34.157	16.818	-26.873	15.97
0.9758	40.897	9.4081	-10.216	-0.97826	0.94232	0.29161	-9.4999	3.1103	4.4928	-1.0444	1.0676	-0.26421	1.1225	3.0508	-142.92	101.62	-3.3547	-136.82	40.097	51.42	1.4527	-45.513	44.015	6.2531	-8.4858	-4.2339	13.442
0.95195	36.423	12.346	-8.8533	-4.7278	0.34753	3.0731	-9.3492	0.94106	5.1771	-1.5491	1.0355	-1.2163	1.9502	-0.95386	-178.99	117.52	54.51	-149.98	-23.792	111.26	6.0265	-86.768	27.37	-20.187	-1.2835	-38.085	33.107
0.91185	28.903	16.842	-7.9037	-6.4396	-0.16328	4.1962	-9.2095	0.13823	5.0013	-1.281	0.84307	-2.6974	3.12	-1.6039	-300.79	179.83	37.986	-68.47	-20.432	44.924	5.5877	-32.113	-7.0293	10.722	-7.6977	-59.244	46.794
0.61968	28.257	15.229	-5.6451	-7.3603	-0.098328	4.4765	-8.7416	-0.057946	4.0171	-1.2659	1.3977	-4.0765	3.0593	-11.687	-25.819	-64.506	90.344	-36.83	2.5982	11.212	18.717	-7.8471	-39.37	0.60519	22.184	-55.163	-2.4288
-0.009726	23.305	17.147	-5.2274	-6.4972	-0.31466	7.0484	-6.2642	-1.2998	3.7347	-1.5213	2.0407	-3.9112	1.6401	-25.176	-198.1	76.729	16.706	34.524	-8.6533	102.87	99.097	-49.673	-11.294	-10.213	25.721	6.6116	-56.77
-1.1035	22.303	5.8978	-0.45431	-4.351	1.3767	2.847	-1.1888	-0.82968	-0.031048	1.3161	-1.0617	-2.1645	0.14209	-43.752	-40.063	-449.98	190.92	85.849	67.653	-168.06	203.01	18.804	-150.63	113.49	-124.1	69.868	-59.919
-3.3495	16.096	-6.9201	2.1977	1.6561	2.0685	0.61021	-1.0107	0.17998	-1.6767	0.82548	-1.9927	-1.0063	-0.65827	-89.84	-248.28	-512.72	106.08	240.28	27.673	-89.471	7.1244	40.386	-65.825	-19.623	-37.238	46.327	-32.015
-5.6886	0.37012	-15.894	-2.0331	1.9897	4.2303	1.4277	-0.63472	-0.0439	-2.0701	1.2982	-1.3369	-0.12228	0.01531	-93.563	-629.04	-358.97	-169.23	13.347	86.474	32.698	15.04	-8.9553	-15.736	18.907	26.23	35.363	26.943
-6.1881	-3.7793	-21.215	-3.6057	-0.15442	1.986	-1.5077	-1.6427	1.1939	-1.8542	-0.028488	-1.4101	0.95411	-1.2116	-19.981	-165.97	-212.81	-62.906	-85.766	-89.772	-117.41	-40.321	49.511	8.637	-53.066	-2.925	43.056	-49.077
-6.2547	-2.728	-20.121	-2.4949	-0.13781	1.7556	-1.3575	-0.085534	1.4363	-2.0414	1.6576	-1.1722	1.9019	0.06251	-2.6611	42.051	43.744	44.435	0.6646	-9.2179	6.0062	62.288	9.6958	-7.4894	67.443	9.5154	37.913	50.965
-6.5428	-5.3756	-13.081	-0.64159	0.8486	3.2768	0.53404	0.91636	-0.17952	-1.2701	1.6276	-0.37185	1.6427	-0.78868	-11.525	-105.91	281.59	74.131	39.456	60.85	75.663	40.076	-64.632	30.854	-1.1982	32.013	-10.371	-34.048
-6.9401	-9.0047	-17.35	-1.3908	0.43939	3.3866	2.6003	1.4325	1.3222	0.90693	2.4481	-1.6544	0.21722	-0.919	-15.893	-145.16	-170.75	-29.967	-16.368	4.3915	82.649	20.645	60.069	87.08	32.819	-51.302	-57.017	-5.2129
-7.3076	-16.258	-15.115	-1.929	-2.4347	1.8886	0.53293	1.6405	-0.080076	-0.41178	0.76958	-0.86608	1.925	-0.2291	-14.702	-290.13	89.419	-21.528	-114.96	-59.923	-82.693	8.3212	-56.091	-52.748	-67.14	31.533	68.313	27.596
-7.1561	-22.348	-10.124	-0.045194	1.1907	1.4521	0.087047	1.7926	-0.67572	-1.4087	-0.14823	-2.2621	0.28372	-1.5225	6.0602	-243.6	199.63	75.351	145.02	-17.457	-17.835	6.0826	-23.826	-39.875	-36.712	-55.84	-65.653	-51.735
-2.2025	-10.117	6.7963	3.0423	1.3014	-2.8371	-3.448	2.483	-0.35086	-0.81624	-0.43767	-2.2724	-0.62873	-1.9152	198.15	489.21	676.81	123.5	4.426	-171.57	-141.4	27.616	12.995	23.697	-11.578	-0.4142	-36.498	-15.709
-0.61533	9.2631	15.042	1.7353	-3.031	-8.1132	-4.5773	2.799	-0.65176	1.3721	-0.61654	-2.7631	0.48181	-0.27168	63.486	775.22	329.83	-52.279	-173.3	-211.04	-45.17	12.639	-12.036	87.534	-7.1546	-19.627	44.421	65.741
-0.032556	13.724	10.901	3.8628	-4.292	-8.3247	-3.3872	2.9695	0.01189	2.6795	-0.057791	-1.5134	1.8349	0.31734	23.311	178.42	-165.66	85.101	-50.44	-8.4579	47.604	6.8219	26.546	52.294	22.35	49.988	54.122	23.561
-0.12077	16.643	9.2444	2.4736	-3.8222	-7.9377	-2.2278	2.7038	-0.18635	2.873	-1.7149	0.30614	1.2708	-0.43151	-3.5284	116.76	-66.245	-55.567	18.795	15.479	46.375	-10.631	-7.9295	7.743	-66.285	72.782	-22.564	-29.954
-0.42934	17.298	8.5569	2.956	-2.5624	-7.6512	-1.3246	2.8771	-0.36746	2.1887	-1.388	0.51707	0.72142	-0.59396	-12.343	26.217	-27.503	19.292	50.391	11.459	36.127	6.9355	-7.2444	-27.373	13.078	8.4373	-21.973	-6.498
-1.13	13.494	8.4709	2.1922	-2.1849	-3.306	-1.9087	0.88445	0.22796	0.11541	-1.0738	0.15152	1.2094	-0.3482	-28.028	-152.16	-3.4391	-30.551	15.099	173.81	-23.363	-79.708	23.817	-82.931	12.568	-14.622	19.52	9.8304
-2.3326	5.9073	5.5107	1.5246	1.9945	-1.3818	0.91875	0.72108	-0.58094	-1.3432	-1.5214	1.2645	1.5669	0.21154	-48.1	-303.48	-118.41	-26.702	167.18	76.969	113.1	-6.5348	-32.356	-58.343	-17.905	44.521	14.299	22.39
-3.1389	3.0677	2.7101	1.1863	3.9294	0.93812	1.6995	2.9129	-1.9319	-1.3974	-3.1209	1.3225	1.1746	-0.2434	-32.256	-113.58	-112.03	-13.535	77.395	92.796	31.229	87.671	-54.038	-2.1699	-63.98	2.3177	-15.691	-18.198
-3.257	1.4677	2.2905	1.783	5.4697	1.6754	2.4669	1.4277	-2.8766	-2.041	-2.3226	1.5713	2.0574	0.10021	-4.7219	-64.001	-16.782	23.868	61.612	29.49	30.697	-59.407	-37.787	-25.744	31.931	9.951	35.312	13.744
-3.1231	2.0557	1.2413	2.4002	6.7164	2.4713	1.2585	-0.17662	-2.7112	-1.1391	-2.0933	2.7646	1.0826	-0.72573	5.355	23.521	-41.97	24.69	49.869	31.835	-48.336	-64.172	6.6134	36.077	9.1706	47.733	-38.992	-33.038
-3.043	2.0618	1.5927	1.6816	8.2966	2.2564	0.74313	-1.3089	-1.9514	-2.057	-0.65493	3.3842	1.4836	-1.1745	3.2057	0.24129	14.054	-28.745	63.208	-8.5926	-20.615	-45.291	30.393	-36.716	57.537	24.787	16.04	-17.951
-1.8795	10.671	0.85278	2.1182	4.9272	1.5291	-0.77241	-0.66328	-0.28507	-2.5403	0.69176	2.1299	1.0733	-0.75575	46.54	344.36	-29.596	17.466	-134.78	-29.092	-60.621	25.824	66.654	-19.332	53.868	-50.174	-16.412	16.75
-1.1466	29.572	5.5317	-1.0496	-1.4665	-1.7003	-1.8199	-0.4474	-1.1806	0.47016	1.6408	1.201	0.44163	-1.5266	29.316	756.06	187.16	-126.71	-255.75	-129.18	-41.9	8.6349	-35.819	120.42	37.961	-37.156	-25.268	-30.832
-0.50192	34.647	2.9321	-3.2985	-2.9597	-0.65031	0.40322	-0.038722	-0.7138	2.2878	2.5303	-0.57988	-0.22482	-0.16463	25.786	202.98	-103.98	-89.956	-59.729	42	88.925	16.347	18.67	72.707	35.58	-71.235	-26.658	54.477
-0.36974	34.178	5.0855	-5.8824	-3.3409	-0.2846	0.46493	0.85216	-2.0471	3.9024	1.1989	-0.34043	-0.39851	0.16693	5.2874	-18.768	86.138	-103.36	-15.247	14.628	2.4684	35.635	-53.332	64.584	-53.255	9.5783	-6.9474	13.262
-0.31089	36.24	6.2749	-8.1284	-3.4193	0.93232	-0.1531	2.0528	-2.4776	3.6982	0.8881	0.10267	-1.1795	0.95148	2.3541	82.511	47.578	-89.837	-3.1328	48.677	-24.721	48.025	-17.22	-8.167	-12.432	17.724	-31.24	31.382
-0.11224	35.255	6.9643	-9.2748	-4.0297	0.69257	0.024086	1.9106	-2.3433	3.1374	1.341	-0.11211	-1.4516	1.693	7.9459	-39.417	27.573	-45.858	-24.418	-9.5901	7.0874	-5.6863	5.3734	-22.433	18.116	-8.5913	-10.882	29.661
-0.12012	35.827	7.2057	-10.392	-3.7369	0.76805	0.22625	1.6295	-2.0528	3.137	1.6686	-0.071012	-1.6815	1.6444	-0.31508	22.897	9.6562	-44.705	11.711	3.0196	8.0867	-11.244	11.619	-0.017123	13.103	1.644	-9.1963	-1.946
-0.18857	35.792	6.2421	-10.268	-3.2639	1.6259	-0.33852	1.0451	-0.50477	2.6229	1.3426	0.074258	-1.7211	1.6383	-2.7382	-1.4329	-38.542	4.9877	18.921	34.312	-22.591	-23.378	61.921	-20.563	-13.039	5.8108	-1.5856	-0.24017
-0.29387	36.108	5.8222	-10.793	-2.1019	1.5162	-0.48334	0.32394	-0.24727	3.0626	1.5934	-1.0219	-0.58976	0.79644	-4.2119	12.639	-16.798	-20.991	46.482	-4.3878	-5.7927	-28.846	10.3	17.588	10.031	-43.847	45.254	-33.676
-0.56136	34.846	4.9223	-8.3443	-0.7864	0.42161	-1.5169	-0.16475	0.77312	2.8582	1.3315	-0.45279	-1.2705	1.3444	-10.7	-50.454	-35.995	97.927	52.618	-43.782	-41.343	-19.548	40.816	-8.1775	-10.477	22.765	-27.229	21.917
-1.2774	29.525	4.7429	-6.8534	2.5533	-0.8252	-1.2171	-0.35715	-0.15797	3.7224	0.45884	-0.1108	-2.1116	1.1517	-28.64	-212.86	-7.1766	59.636	133.59	-49.872	11.992	-7.6962	-37.244	34.569	-34.905	13.68	-33.645	-7.7079
-2.2915	18.313	1.4389	-1.4357	3.3851	0.34015	-0.43713	-1.7727	-0.70391	1.5303	1.5849	-1.8557	-1.0252	-0.67476	-40.566	-448.47	-132.16	216.71	33.271	46.614	31.2	-56.622	-21.838	-87.686	45.042	-69.795	43.455	-73.057
-4.7821	-19.863	-8.1979	7.7197	5.8078	5.0302	0.072992	2.3016	1.2689	-0.4247	1.9057	-2.0804	-0.33456	-0.84825	-99.625	-1527	-385.47	366.21	96.908	187.6	20.405	162.97	78.912	-78.199	12.834	-8.9884	27.627	-6.9395
-7.571	-45.581	-13.449	7.3027	6.2489	7.1477	2.7025	5.1705	1.6867	-1.0093	2.3039	-1.8088	-1.5158	-1.017	-111.56	-1028.7	-210.04	-16.678	17.645	84.7	105.18	114.76	16.713	-23.384	15.928	10.865	-47.251	-6.7513
-10.251	-78.922	-14.132	4.1097	5.2204	8.7022	3.2354	4.0865	4.6447	0.68955	1.8704	-0.77023	0.15277	-0.64097	-107.19	-1333.6	-27.333	-127.72	-41.14	62.183	21.318	-43.362	118.32	67.954	-17.343	41.541	66.744	15.043
-12.582	-91.892	-16.958	2.0661	3.5847	7.1815	2.291	1.3187	0.80447	-0.67781	2.4226	-0.49364	0.53153	-1.5433	-93.23	-518.83	-113.03	-81.745	-65.428	-60.828	-37.777	-110.71	-153.61	-54.694	22.091	11.063	15.151	-36.092
-4.215	21.548	-16.223	-1.0975	1.1109	1.5229	-0.81587	-0.89207	1.5665	0.50246	0.83129	-2.2044	0.086167	0.79482	334.66	4537.6	29.416	-126.54	-98.952	-226.35	-124.27	-88.432	30.482	47.211	-63.654	-68.429	-17.815	93.523
-4.1266	24.685	-15.275	1.9221	1.9003	2.3517	-2.509	-1.6957	1.6554	0.70367	0.79485	-2.863	0.50942	1.7437	3.535	125.51	37.905	120.78	31.573	33.152	-67.725	-32.145	3.5543	8.0486	-1.4576	-26.345	16.93	37.957
-4.3071	1.7106	-13.091	3.0088	3.6259	5.7086	1.0275	-1.4623	2.3725	-1.7932	1.2395	-2.8103	0.30004	0.99365	-7.2187	-918.99	87.354	43.469	69.026	134.28	141.46	9.3375	28.685	-99.873	17.786	2.1082	-8.3753	-30.004
-2.5823	11.665	6.8797	-0.19551	3.7291	3.2724	-0.72466	-4.8378	-0.42477	-0.24675	1.6049	-0.19787	-1.7831	0.29035	68.991	398.18	798.83	-128.17	4.1293	-97.448	-70.087	-135.02	-111.89	61.856	14.614	104.5	-83.325	-28.132
-2.2802	17.606	8.0532	-3.717	4.4022	1.3085	0.02093	-3.1509	-2.7147	1.6058	0.36692	2.6345	-1.9636	0.78233	12.082	237.65	46.94	-140.86	26.921	-78.557	29.824	67.476	-91.597	74.101	-49.518	113.3	-7.2204	19.679
-2.8226	7.6337	3.9497	0.70463	1.5457	2.4999	0.5009	-0.70804	-2.0527	-1.7716	2.2219	0.0029983	0.57233	-1.3069	-21.693	-398.9	-164.14	176.87	-114.26	47.659	19.199	97.714	26.481	-135.1	74.198	-105.26	101.44	-83.568
-5.3293	-19.737	-4.2286	4.545	4.6323	2.6153	0.5793	0.47638	0.071303	-1.9054	1.7701	-0.3518	1.7962	-0.69805	-100.27	-1094.8	-327.13	153.62	123.46	4.6168	3.1357	47.377	84.959	-5.3498	-18.072	-14.192	48.955	24.353
-8.7757	-77.42	-9.4817	7.6991	7.1276	8.1927	4.8696	4.5844	3.2418	-0.66989	1.7971	-1.2773	0.34758	-1.8602	-137.86	-2307.3	-210.12	126.16	99.812	223.09	171.61	164.32	126.82	49.419	1.0815	-37.021	-57.944	-46.486
-11.56	-84.956	-14.459	6.7034	5.0432	6.1103	0.45205	1.9611	3.3196	-0.20891	0.31764	-1.9712	1.4337	-1.125	-111.38	-301.47	-199.08	-39.831	-83.373	-83.297	-176.7	-104.93	3.1123	18.439	-59.178	-27.755	43.446	29.406
-11.565	-67.142	-16.039	5.2099	2.437	4.6935	0.92481	0.70592	1.3365	-0.28937	1.9422	-0.27115	-0.26878	-1.099	-0.17721	712.57	-63.199	-59.738	-104.25	-56.672	18.91	-50.209	-79.324	-3.2185	64.982	68.002	-68.1	1.0407
-5.5741	1.9305	-16.047	-6.0882	1.1743	1.7026	1.8939	0.64351	1.6954	-2.2125	-1.1966	-2.7042	1.7486	-0.043906	239.62	2762.9	-0.31709	-451.93	-50.508	-119.64	38.762	-2.4964	14.355	-76.927	-125.55	-97.323	80.694	42.204
-5.2587	12.883	-11.965	-3.6118	2.0261	1.0273	-1.2182	-0.17353	1.4931	-1.0266	0.84759	-1.4563	1.5595	1.115	12.617	438.09	163.24	99.056	34.073	-27.01	-124.48	-32.682	-8.092	47.436	81.766	49.915	-7.5639	46.357
-5.3845	4.7353	-14.773	-3.5212	-1.1804	1.0255	0.13476	-0.74352	0.68251	-1.048	2.2725	-0.57609	0.047159	-0.28707	-5.0309	-325.9	-112.31	3.6243	-128.26	-0.072437	54.117	-22.8	-32.423	-0.8559	56.996	35.21	-60.492	-56.083
-5.7381	3.706	-13.253	-1.9784	-0.42087	-0.13775	0.78895	-0.9048	1.8677	-1.3181	1.1897	-1.6047	-1.529	-1.1636	-14.147	-41.172	60.805	61.714	30.38	-46.531	26.168	-6.4512	47.409	-10.802	-43.311	-41.144	-63.048	-35.06
-6.0547	-1.3001	-12.646	-1.5013	-0.064212	-0.92647	2.1412	-0.87337	0.17758	-1.1921	-0.34799	-1.8414	-1.1242	-0.11967	-12.662	-200.24	24.288	19.081	14.267	-31.549	54.09	1.2568	-67.606	5.0373	-61.508	-9.4686	16.195	41.756
-6.479	-6.8251	-14.68	-2.7564	0.43991	-1.2651	-1.0771	-0.28249	1.3554	-1.4894	1.3669	-0.45708	-0.96195	1.1641	-16.973	-221	-81.352	-50.202	20.165	-13.547	-128.73	23.635	47.111	-11.89	68.597	55.373	6.4893	51.349
-6.9585	-19.829	-8.3712	0.58541	-1.3127	-1.196	-1.7005	2.6926	0.33082	-2.4042	1.7086	0.030522	-1.1621	-0.224	-19.181	-520.15	252.33	133.67	-70.104	2.7656	-24.934	119	-40.981	-36.593	13.666	19.504	-8.0063	-55.522
-3.2139	-24.405	4.794	6.6903	-0.24487	-0.04375	-2.8972	5.0982	0.5938	-1.5051	2.6456	-0.63774	-1.0243	1.101	149.79	-183.05	526.61	244.2	42.713	46.09	-47.868	96.226	10.519	35.965	37.479	-26.731	5.5124	52.998
-0.59582	10.18	15.116	3.8885	-5.0769	-5.2196	-1.538	3.3319	-0.2173	-0.19987	-1.3575	0.20017	-0.45785	-0.070982	104.72	1383.4	412.87	-112.07	-193.28	-207.03	54.365	-70.655	-32.444	52.209	-160.12	33.517	22.658	-46.877
0.36639	28.185	12.135	-1.4332	-7.071	-5.9525	-0.3738	4.5753	-0.98029	-0.013202	-0.25172	0.32721	-0.7524	1.8688	38.489	720.21	-119.22	-212.87	-79.765	-29.316	46.569	49.736	-30.52	7.4666	44.233	5.0815	-11.782	77.593
0.76526	31.141	10.39	-2.5212	-6.3398	-5.2368	-0.50736	5.3537	-1.8105	0.22507	-0.73515	0.74886	-0.99834	0.46672	15.955	118.25	-69.817	-43.52	29.249	28.629	-5.3421	31.135	-33.208	9.5308	-19.337	16.866	-9.8376	-56.085
0.76452	32.91	10.314	-3.6722	-5.8711	-4.1919	-0.61565	5.9812	-1.6885	-0.018136	-0.69675	1.6249	-1.2282	0.1367	-0.029681	70.761	-3.0432	-46.038	18.75	41.793	-4.3317	25.101	4.8808	-9.7282	1.536	35.04	-9.1932	-13.201
0.71103	33.793	10.928	-5.327	-6.7766	-3.7036	0.77034	4.9382	-2.1264	-0.035339	-0.23173	1.7781	-1.5808	0.23499	-2.1396	35.301	24.554	-66.191	-36.222	19.534	55.44	-41.717	-17.517	-0.68813	18.601	6.131	-14.104	3.9317
0.68296	34.518	10.222	-6.0128	-6.7795	-2.4617	-0.129	4.8687	-1.803	-0.22733	-0.67908	2.1705	-1.6111	-0.029558	-1.1227	29.002	-28.208	-27.434	-0.11704	49.675	-35.974	-2.7835	12.937	-7.6797	-17.894	15.693	-1.2117	-10.582
0.68886	33.26	11.33	-5.8456	-7.0862	-3.4978	1.5476	4.2225	-2.5955	1.0645	-1.4408	2.4656	-0.87508	-1.493	0.23604	-50.333	44.314	6.6885	-12.265	-41.445	67.063	-25.847	-31.703	51.674	-30.47	11.807	29.44	-58.539
0.80777	34.441	10.69	-4.2462	-8.1783	-3.1884	2.7268	3.5698	-2.4665	0.57675	-0.43089	1.8219	-0.45663	-1.4075	4.7562	47.256	-25.601	63.975	-43.685	12.376	47.167	-26.107	5.1626	-19.511	40.398	-25.751	16.738	3.4196
0.97581	35.608	10.516	-4.2506	-7.6531	-2.9632	2.5624	3.5463	-2.4854	1.1059	-0.70883	1.5868	0.20804	-1.6825	6.7216	46.685	-6.9929	-0.1739	21.007	9.0095	-6.5748	-0.94098	-0.75622	21.166	-11.118	-9.4043	26.587	-11
1.026	37.934	7.6582	-2.1411	-8.7074	-3.4101	1.857	3.3679	-1.5381	-0.41141	-0.18139	1.3264	1.1883	-2.5792	2.0064	93.045	-114.29	84.379	-42.172	-17.877	-28.214	-7.1344	37.891	-60.693	21.098	-10.416	39.21	-35.865
0.90001	31.828	12.582	-5.3102	-5.3789	-5.419	0.97102	4.7793	-2.6876	1.5341	-2.3562	3.0629	0.44066	-1.9392	-5.0384	-244.26	196.96	-126.76	133.14	-80.356	-35.441	56.454	-45.981	77.821	-86.991	69.46	-29.906	25.599
0.6711	25.605	13.915	-3.384	-4.4779	-6.5556	-0.74223	4.9809	-2.0173	2.0091	-2.8802	2.8103	0.85853	-1.8305	-9.1561	-248.92	53.333	77.05	36.039	-45.464	-68.53	8.0654	26.814	18.998	-20.962	-10.104	16.715	4.3469
0.47724	22.024	14.565	-3.6027	-2.8103	-8.0711	-1.6883	4.7374	-0.98445	1.2795	-2.7559	2.8222	0.65181	-1.4974	-7.7548	-143.24	25.983	-8.7497	66.703	-60.621	-37.843	-9.7392	41.313	-29.181	4.9715	0.47819	-8.2687	13.323
0.30806	16.748	15.647	-1.901	-2.7147	-8.4908	-2.1277	3.7786	-0.036912	1.0821	-2.9832	2.2947	0.99416	-0.94111	-6.7671	-211.02	43.283	68.07	3.8253	-16.787	-17.575	-38.354	37.902	-7.8972	-9.0893	-21.1	13.694	22.254
0.11662	12.56	15.981	0.86888	-2.2487	-9.1234	-1.7067	2.6954	0.070516	1.7448	-3.4257	1.1171	1.2643	0.54637	-7.6576	-167.55	13.349	110.79	18.642	-25.303	16.839	-43.329	4.2971	26.506	-17.7	-47.103	10.807	59.499
-0.02776	6.7758	16.643	2.945	-1.4052	-8.8508	-2.4264	1.6363	1.4274	0.47216	-2.5467	1.3834	0.64005	0.88106	-5.7751	-231.35	26.505	83.044	33.738	10.903	-28.79	-42.362	54.275	-50.905	35.157	10.652	-24.971	13.387
-0.082995	7.4456	15.966	2.5099	-0.628	-9.8311	-2.5537	2.4627	0.27354	1.1428	-2.2799	0.071054	1.3775	0.43679	-2.2094	26.79	-27.107	-17.404	31.088	-39.213	-5.0915	33.055	-46.154	26.824	10.675	-52.495	29.498	-17.771
-0.11191	11.781	15.407	0.98209	-1.3146	-9.5816	-1.8992	2.794	0.61504	0.35503	-2.4608	0.34038	1.5056	0.56511	-1.1564	173.4	-22.354	-61.112	-27.463	9.9822	26.18	13.252	13.66	-31.509	-7.2361	10.773	5.1259	5.133
-0.071579	15.039	12.918	1.4115	-0.18719	-9.8766	-2.6103	3.0398	0.31666	0.76403	-3.8741	1.877	1.6512	0.44198	1.6131	130.32	-99.553	17.178	45.095	-11.799	-28.442	9.8323	-11.935	16.36	-56.533	61.463	5.8229	-4.925
-0.027893	17.924	12.458	0.71086	-1.6791	-9.5286	-1.3303	2.5135	1.0573	-0.54915	-3.1935	2.2199	0.98733	0.72267	1.7474	115.41	-18.405	-28.027	-59.676	13.918	51.197	-21.054	29.623	-52.527	27.225	13.718	-26.556	11.228
0.0083912	17.738	12.583	1.9363	-3.1508	-9.8196	-0.46073	3.0914	-0.44936	0.35892	-3.155	0.90521	2.1772	0.29248	1.4514	-7.4281	4.984	49.017	-58.869	-11.638	34.785	23.117	-60.264	36.323	1.5399	-52.588	47.594	-17.208
0.014398	16.004	13.008	2.3556	-2.1843	-10.741	0.66666	2.0556	0.54317	0.1252	-3.304	0.99471	1.9909	1.3346	0.24029	-69.356	17.001	16.773	38.66	-36.842	45.096	-41.433	39.701	-9.349	-5.9609	3.5799	-7.4524	41.684
-0.058289	15.497	13.153	0.85631	0.14573	-10.085	-1.6617	3.2692	0.8218	-0.36753	-3.5517	1.8912	1.6735	0.46131	-2.9075	-20.296	5.8272	-59.972	93.202	26.206	-93.136	48.545	11.145	-19.709	-9.9106	35.858	-12.696	-34.931
-0.30981	10.214	13.94	3.5541	0.081666	-10.088	-1.5748	2.4945	1.2127	0.7539	-4.0684	1.0262	2.0536	1.1886	-10.061	-211.34	31.486	107.91	-2.5624	-0.11507	3.4796	-30.989	15.634	44.857	-20.667	-34.599	15.206	29.093
-0.6349	6.676	14.651	4.0924	0.30749	-9.6192	-1.2262	1.2292	1.8605	0.9996	-3.6774	1.1046	1.8951	0.91263	-13.004	-141.5	28.426	21.53	9.0328	18.764	13.942	-50.612	25.914	9.8277	15.64	3.1342	-6.3412	-11.04
-1.025	3.4315	16.118	3.2207	0.80186	-9.144	-0.56755	1.0636	1.1443	2.2057	-4.1265	0.34932	2.2017	0.13476	-15.603	-129.78	58.689	-34.866	19.775	19.008	26.346	-6.6241	-28.647	48.246	-17.963	-30.209	12.263	-31.115
-1.7085	4.0857	13.215	2.2964	-1.7136	-3.4672	-0.11964	-0.066941	1.379	0.45453	-1.7656	-0.6438	2.4295	-1.2408	-27.342	26.168	-116.14	-36.972	-100.62	227.07	17.916	-45.221	9.3863	-70.048	94.435	-39.725	9.1143	-55.024
-2.9507	-3.0907	4.7392	5.0917	-0.84301	-0.48982	-0.68142	0.7238	1.5207	-0.64215	-0.50336	-0.59102	1.1509	-0.059393	-49.689	-287.05	-339.03	111.81	34.823	119.09	-22.471	31.63	5.6662	-43.867	50.49	2.1111	-51.144	47.258
-4.9162	-11.706	-5.85	6.5721	4.0956	2.0918	-0.43524	-0.25759	1.6558	-0.18622	0.08689	-0.84018	-0.086705	0.10051	-78.618	-344.61	-423.57	59.217	197.55	103.26	9.8472	-39.256	5.4061	18.237	23.61	-9.9663	-49.506	6.396
-6.7282	-16.474	-13.669	5.8707	4.51	4.2813	0.47754	1.0854	0.52304	-1.6588	0.6361	0.16325	0.85201	-0.96006	-72.483	-190.7	-312.76	-28.055	16.574	87.58	36.511	53.719	-45.311	-58.901	21.969	40.137	37.549	-42.423
-7.2489	-15.235	-15.969	1.1301	3.0816	4.1132	0.61822	0.28515	1.8163	-0.61941	0.4288	-0.45474	1.2916	-0.83163	-20.826	49.542	-92.01	-189.63	-57.134	-6.7248	5.627	-32.009	51.731	41.574	-8.2923	-24.72	17.583	5.1371
-7.1912	-9.6151	-15.779	-0.9389	1.0153	1.8492	-0.98717	-1.4545	0.23168	-0.64843	1.332	-0.64652	0.61867	0.30945	2.3057	224.8	7.6188	-82.759	-82.654	-90.56	-64.215	-69.588	-63.386	-1.1609	36.13	-7.6711	-26.916	45.643
-7.2521	-14.791	-13.451	0.56761	2.411	4.3822	2.0377	-0.24363	1.5228	0.014816	2.3265	-1.1652	0.28199	-0.73692	-2.4347	-207.05	93.114	60.261	55.828	101.32	120.99	48.436	51.643	26.53	39.776	-20.746	-13.467	-41.855
-7.1188	-24.117	-8.6078	0.10989	3.2541	5.973	3.0334	0.26077	2.0448	0.52547	1.3524	-1.4707	0.67066	-0.65985	5.3303	-373.01	193.73	-18.309	33.726	63.631	39.828	20.176	20.881	20.426	-38.962	-12.222	15.547	3.0828
-4.4565	-19.098	3.6674	1.9596	1.5464	3.8445	1.2439	-0.41482	-0.17865	-0.55352	1.6727	-0.94106	1.7009	0.07391	106.49	200.74	491.01	73.989	-68.311	-85.136	-71.581	-27.024	-88.938	-43.16	12.813	21.186	41.209	29.351
-3.1781	-2.7672	13.934	-0.053067	-3.1477	3.1876	2.9763	-4.8708	-0.83018	0.47171	0.21737	-0.22597	0.9562	0.87375	51.138	653.23	410.66	-80.507	-187.76	-26.279	69.298	-178.24	-26.061	41.009	-58.215	28.604	-29.787	31.994
-2.5193	3.0124	12.938	-2.2512	-0.84651	0.60707	2.6424	-4.4311	-2.1534	1.7118	-1.0913	0.36684	0.52776	0.11564	26.353	231.18	-39.831	-87.925	92.048	-103.22	-13.357	17.587	-52.929	49.604	-52.347	23.713	-17.137	-30.324
-2.2648	10.896	7.26	-1.7217	3.3876	-0.037303	-0.16323	-5.1766	0.4143	-0.60601	-0.93771	2.3364	0.28128	-2.2133	10.179	315.33	-227.13	21.178	169.37	-25.775	-112.22	-29.818	102.71	-92.713	6.1437	78.783	-9.8592	-93.157
-2.2828	5.9059	8.501	0.96939	3.063	0.20371	-0.56971	-5.0191	-0.0057412	-0.80043	-1.1043	3.1158	-1.6448	-1.0661	-0.72163	-199.59	49.643	107.64	-12.984	9.6406	-16.259	6.301	-16.802	-7.7768	-6.6639	31.173	-77.043	45.888
-2.8122	-2.673	8.8552	5.1819	1.9503	2.4009	-1.0942	-3.746	-0.53998	-2.9263	-0.46951	2.4926	-1.4569	-1.2696	-21.173	-343.15	14.168	168.5	-44.511	87.887	-20.981	50.923	-21.37	-85.036	25.392	-24.926	7.5173	-8.1389
-3.9843	-26.217	7.8045	5.5091	0.7454	4.3035	0.13493	-1.5653	-0.50241	-2.3482	-1.0963	1.0766	0.76942	-0.98516	-46.887	-941.74	-42.03	13.089	-48.194	76.105	49.167	87.227	1.5028	23.126	-25.071	-56.641	89.051	11.376
-6.5382	-45.414	2.2029	9.0183	3.9815	7.1133	1.7271	0.5672	-1.3212	-1.1108	-0.12576	-0.074173	1.6114	-0.096224	-102.15	-767.91	-224.06	140.37	129.44	112.39	63.687	85.301	-32.75	49.494	38.821	-46.03	33.678	35.557
-6.3651	-32.075	-5.189	6.5742	4.4952	7.758	0.9513	1.4901	-1.8259	-1.4514	1.1013	0.29037	0.52274	-0.48548	6.924	533.59	-295.67	-97.766	20.549	25.788	-31.033	36.918	-20.191	-13.621	49.081	14.582	-43.546	-15.57
-3.4749	7.5746	-4.7448	-0.73437	2.1004	3.8792	-1.3399	-0.49545	-1.2712	-1.8592	2.172	0.51609	0.75587	0.49137	115.61	1586	17.768	-292.34	-95.791	-155.15	-91.646	-79.424	22.188	-16.314	42.828	9.0288	9.3253	39.074
-2.2348	20.311	2.7133	0.90889	1.5216	3.127	-1.8394	-3.6275	-0.57007	-2.3005	2.2695	0.75663	-0.8342	-0.22261	49.602	509.45	298.32	65.731	-23.152	-30.088	-19.982	-125.28	28.046	-17.651	3.9002	9.6217	-63.603	-28.559
-1.6162	23.466	6.0279	-1.7805	1.553	-0.36425	-0.26501	-3.3625	0.30461	-1.088	1.1666	2.0891	-2.0809	-0.4332	24.743	126.19	132.59	-107.57	1.2549	-139.65	62.976	10.601	34.987	48.5	-44.114	53.297	-49.869	-8.4238
-1.8522	21.028	7.4386	-4.6108	1.7209	-0.13245	0.82285	-2.9773	0.76582	-0.078077	0.73933	3.3833	-3.0117	-0.91022	-9.4394	-97.497	56.426	-113.21	6.7181	9.2722	43.514	15.407	18.448	40.397	-17.092	51.772	-37.23	-19.081
-2.9115	5.9487	5.2741	-1.9035	-0.10248	1.8041	2.4708	1.061	1.1451	-2.3498	0.61816	1.5056	-0.13293	-1.3703	-42.373	-603.18	-86.578	108.29	-72.937	77.464	65.916	161.53	15.17	-90.868	-4.8469	-75.111	115.15	-18.403
-5.1521	-9.7617	-9.4578	0.61419	3.4396	5.1669	2.9839	1.8593	1.8461	-1.2841	0.7123	0.27201	0.88534	-0.73139	-89.621	-628.41	-589.28	100.71	141.68	134.51	20.525	31.933	28.04	42.628	3.7658	-49.343	40.731	25.556
-7.4608	-19.064	-16.991	-1.446	3.1539	2.7286	-0.17199	-0.67621	0.052023	-0.16769	0.35439	-0.58379	1.0807	-0.40244	-92.35	-372.11	-301.33	-82.407	-11.428	-97.531	-126.23	-101.42	-71.761	44.655	-14.316	-34.232	7.8142	13.158
-7.4301	-18.631	-19.724	-0.85581	0.32663	1.1944	-0.63074	-0.98938	0.28242	-0.9162	0.21226	-1.555	0.66638	-0.050639	1.2301	17.319	-109.32	23.607	-113.09	-61.367	-18.35	-12.527	9.2158	-29.94	-5.6853	-38.846	-16.572	14.072
-7.199	-13.321	-19.896	-2.4878	-1.2604	2.5034	-1.6175	-1.6163	-0.024121	-1.7969	1.6337	-1.7912	-0.017998	0.037377	9.2417	212.41	-6.876	-65.281	-63.481	52.36	-39.469	-25.078	-12.262	-35.226	56.858	-9.4514	-27.375	3.5207
-7.222	-16.031	-20.576	-2.6933	-0.96963	2.7802	-0.8058	-0.86868	0.484	-1.0279	1.0477	-2.2821	1.561	1.1644	-0.91767	-108.4	-27.193	-8.2181	11.631	11.072	32.466	29.906	20.325	30.758	-23.442	-19.634	63.158	45.08
-7.5288	-20.107	-21.037	-2.7774	0.86063	3.8699	-0.43814	1.045	-0.45264	-0.6825	1.9272	-1.0915	0.72866	0.46333	-12.275	-163.03	-18.471	-3.3633	73.21	43.588	14.706	76.547	-37.466	13.816	35.179	47.623	-33.292	-28.042
-7.6343	-21.762	-20.951	-3.6353	-0.96788	2.6041	-0.77459	-1.2274	-1.1222	-0.32695	2.1124	-0.83432	1.1072	0.18611	-4.2194	-66.203	3.467	-34.316	-73.141	-50.632	-13.458	-90.897	-26.784	14.222	7.4094	10.288	15.142	-11.089
-7.7865	-21.891	-20.663	-5.8464	-3.2547	-1.3826	-1.6501	-0.52538	0.17991	0.60977	0.93583	-1.1422	1.809	1.1392	-6.0879	-5.1534	11.505	-88.446	-91.471	-159.47	-35.02	28.082	52.086	37.469	-47.062	-12.316	28.07	38.124
-7.6786	-22.655	-18.404	-1.0482	-0.62234	1.9302	-0.26219	0.48398	0.21418	-1.6016	0.63007	-2.9084	0.027277	-0.00067698	4.3154	-30.568	90.375	191.93	105.29	132.51	55.516	40.375	1.3706	-88.456	-12.23	-70.648	-71.267	-45.596
-7.2595	-16.343	-18.327	0.9822	-0.46165	1.589	-0.10942	-1.0416	1.1926	-2.0884	-0.081963	-1.2057	0.69634	0.27638	16.765	252.49	3.0612	81.217	6.4276	-13.647	6.1108	-61.021	39.137	-19.471	-28.481	68.108	26.763	11.082
-7.1493	-11.568	-17.581	2.5748	-0.045738	0.4839	2.3617	-0.58279	-0.27708	-1.5355	-0.0027527	-0.94345	0.14258	-0.57488	4.4083	190.98	29.864	63.703	16.637	-44.203	98.846	18.35	-58.787	22.115	3.1684	10.491	-22.15	-34.051
-7.4038	-20.854	-17.785	1.4423	2.7077	0.35313	1.5083	-1.7262	1.2476	-0.71955	1.628	-0.88922	-0.79016	-1.1177	-10.18	-371.44	-8.1918	-45.298	110.14	-5.2307	-34.136	-45.738	60.987	32.639	65.23	2.1692	-37.31	-21.713
-7.3694	-28.936	-13.525	4.8824	2.6742	1.6979	4.8962	-1.2223	0.90964	-0.33759	1.6488	-1.4913	0.37544	-0.6761	1.3753	-323.27	170.4	137.61	-1.3381	53.792	135.52	20.156	-13.519	15.279	0.83439	-24.085	46.624	17.665
-3.3231	-36.707	13.093	14.905	-2.6735	-0.13291	-3.4629	0.97138	-0.29135	0.00086423	0.49155	-0.55692	-0.73717	0.54052	161.85	-310.83	1064.7	400.9	-213.91	-73.234	-334.36	87.749	-48.04	13.538	-46.292	37.377	-44.504	48.665
-1.2542	-4.6885	17.208	8.3675	-4.446	-4.0511	-4.5108	1.5302	-0.52472	-1.9349	-0.7783	-1.0045	-1.2826	1.6653	82.754	1280.7	164.6	-261.5	-70.897	-156.73	-41.918	22.352	-9.3347	-77.43	-50.794	-17.902	-21.818	44.991
-0.13339	16.479	11.381	4.1014	-7.1104	-6.2826	-5.2809	3.9184	0.15833	-1.4464	0.12218	-0.64493	-0.0055202	0.96945	44.833	846.69	-233.06	-170.64	-106.58	-89.259	-30.801	95.528	27.322	19.54	36.019	14.382	51.084	-27.834
0.33851	24.262	10.905	0.10104	-9.1436	-5.7043	-3.4567	6.7203	-1.1464	-0.61664	-0.89423	0.50066	-0.61065	0.41613	18.876	311.34	-19.029	-160.02	-81.329	23.132	72.964	112.08	-52.191	33.19	-40.657	45.824	-24.205	-22.133
0.41598	29.015	9.8739	-0.86981	-10.287	-4.1697	-0.90149	6.5805	-2.1119	-0.79552	-0.84015	0.78133	-0.072561	-0.49343	3.0989	190.09	-41.255	-38.834	-45.75	61.383	102.21	-5.5935	-38.617	-7.155	2.1634	11.227	21.524	-36.382
0.42369	28.169	10.761	-3.546	-8.6987	-4.0678	-0.036389	6.1582	-2.8092	0.067854	-1.4806	1.4092	-0.55772	-0.92493	0.30841	-33.825	35.483	-107.05	63.547	4.0764	34.604	-16.892	-27.894	34.535	-25.619	25.114	-19.406	-17.26
0.33051	32.762	8.5392	-4.329	-7.8497	-3.7002	0.38909	5.9451	-2.272	-1.1547	0.0087424	0.75089	-0.037164	-1.5145	-3.7272	183.73	-88.872	-31.321	33.96	14.702	17.019	-8.5236	21.487	-48.901	59.575	-26.332	20.822	-23.581
0.24508	30.998	9.8335	-6.1819	-6.5138	-3.2523	0.95438	4.4202	-2.6606	0.7351	-0.61303	0.7104	-0.71162	-0.97541	-3.4172	-70.587	51.772	-74.114	53.434	17.918	22.612	-60.994	-15.543	75.591	-24.871	-1.6198	-26.978	21.562
0.14777	26.919	11.797	-6.8621	-4.982	-5.1222	2.0841	3.6997	-2.5081	1.5217	-1.5766	0.98223	-0.06847	-1.3142	-3.8923	-163.15	78.524	-27.209	61.271	-74.795	45.187	-28.82	6.1002	31.463	-38.541	10.873	25.726	-13.552
0.13018	29.583	11.163	-9.1725	-3.4649	-3.9685	0.52499	3.5657	-1.4697	0.91841	-1.5619	1.7352	-0.79804	-1.0587	-0.70363	106.57	-25.329	-92.413	60.684	46.145	-62.363	-5.3606	41.537	-24.13	0.58735	30.118	-29.183	10.222
0.11416	24.419	13.684	-7.6646	-5.1139	-4.8392	1.2901	3.9399	-2.1841	1.3724	-2.6558	2.3303	0.4643	-2.0717	-0.64097	-206.57	100.82	60.314	-65.958	-34.826	30.604	14.966	-28.578	18.161	-43.757	23.806	50.493	-40.52
0.11771	21.985	13.531	-5.3583	-5.8355	-5.8564	1.6486	3.7313	-1.9664	1.4682	-2.7243	1.9615	1.1672	-1.7478	0.14202	-97.367	-6.1384	92.252	-28.866	-40.686	14.34	-8.3432	8.71	3.8314	-2.7396	-14.753	28.114	12.957
0.075754	18.491	14.81	-4.7201	-5.9884	-6.4753	0.8717	4.7618	-2.2679	1.2759	-2.7941	1.9193	1.8726	-1.8563	-1.6781	-139.74	51.166	25.528	-6.1139	-24.756	-31.076	41.222	-12.062	-7.6919	-2.7943	-1.688	28.216	-4.3408
-0.10137	12.771	15.704	-1.8318	-6.1969	-8.1933	0.44636	5.1464	-2.188	1.3901	-3.0702	1.8051	2.1667	-1.6406	-7.0851	-228.8	35.791	115.53	-8.3422	-68.722	-17.013	15.383	3.1952	4.5673	-11.041	-4.5669	11.767	8.6277
-0.3273	7.259	15.782	0.35185	-4.4175	-8.6229	-1.5047	3.4203	0.69685	0.19037	-2.7696	1.5419	2.2636	-1.4006	-9.0369	-220.49	3.1156	87.345	71.176	-17.181	-78.042	-69.046	115.4	-47.99	12.023	-10.53	3.8762	9.5984
-0.46946	3.0433	17.528	0.9158	-3.8382	-8.7634	-1.4209	1.4439	1.0811	2.0041	-3.7673	0.52921	2.4836	-0.50401	-5.6866	-168.63	69.821	22.558	23.172	-5.6222	3.351	-79.056	15.371	72.55	-39.906	-40.507	8.7985	35.865
-0.56174	0.0025366	17.868	2.9344	-4.5144	-8.229	-1.3015	-0.16982	1.6019	3.391	-4.9243	0.038549	2.4549	1.1428	-3.6913	-121.63	13.615	80.744	-27.047	21.377	4.7743	-64.548	20.829	55.475	-46.282	-19.627	-1.1494	65.872
-0.66618	-1.6132	18.894	2.4127	-5.778	-7.1328	0.95862	-2.1839	0.71287	4.7585	-4.7635	-0.59727	1.652	1.9601	-4.1775	-64.629	41.014	-20.866	-50.545	43.846	90.407	-80.564	-35.56	54.7	6.4331	-25.433	-32.115	32.693
-0.7581	-1.2779	19.315	2.1522	-6.9927	-7.1663	3.4313	-3.2925	0.85242	3.4411	-3.9511	0.0073127	0.51578	2.6571	-3.6766	13.411	16.844	-10.421	-48.586	-1.3371	98.906	-44.343	5.582	-52.698	32.495	24.183	-45.448	27.882
-0.85354	-0.38219	19.586	0.6878	-7.8538	-6.2321	4.8394	-3.5238	-0.53958	2.9653	-3.0993	0.11454	0.51232	2.3068	-3.8176	35.829	10.843	-58.577	-34.447	37.367	56.327	-9.2535	-55.68	-19.03	34.073	4.2889	-0.13856	-14.012
-0.94873	-1.9807	20.531	0.33052	-9.1154	-4.4412	6.5072	-4.7456	-2.3634	3.3593	-2.1273	0.95963	-0.24045	1.8709	-3.8077	-63.942	37.828	-14.291	-50.464	71.634	66.71	-48.87	-72.954	15.758	38.88	33.804	-30.111	-17.437
-1.016	1.2979	19.277	-1.515	-8.3522	-2.8981	5.5766	-4.3715	-2.8014	1.7967	-0.60091	1.4542	-0.31408	0.65224	-2.6911	131.15	-50.169	-73.819	30.529	61.724	-37.225	14.965	-17.52	-62.504	61.055	19.783	-2.9452	-48.747
-1.1076	1.331	19.208	-1.2869	-8.5252	-2.0533	6.8535	-5.1483	-3.213	1.7862	-0.069005	1.7144	-0.84283	1.1325	-3.6636	1.3224	-2.7672	9.1219	-6.9181	33.791	51.079	-31.075	-16.464	-0.4199	21.276	10.407	-21.15	19.212
-1.2651	-1.0529	20.111	-0.78761	-8.336	-1.4951	6.7889	-5.3883	-4.1053	3.0247	-0.15246	1.4682	-0.75256	0.44447	-6.3006	-95.357	36.125	19.972	7.5654	22.329	-2.584	-9.5974	-35.694	49.541	-3.3381	-9.8482	3.6111	-27.523
-1.4077	-1.4524	19.612	-1.3785	-7.1961	-0.89474	4.9675	-4.7123	-3.8766	2.0251	0.5219	1.3947	-0.88787	0.49802	-5.705	-15.98	-19.986	-23.634	45.596	24.015	-72.86	27.04	9.1479	-39.984	26.974	-2.938	-5.4125	2.1418
-1.6368	-5.4015	20.834	-0.45003	-7.1462	-1.3315	6.7645	-5.631	-4.6689	2.2841	0.96604	0.82062	-0.4927	0.50028	-9.1637	-157.96	48.902	37.138	1.9969	-17.471	71.883	-36.75	-31.689	10.36	17.766	-22.964	15.807	0.090258
-2.1513	-9.0846	21.034	0.71678	-5.5444	-1.6521	6.0855	-4.1856	-4.1777	2.134	-0.28987	0.34824	0.096178	0.10731	-20.578	-147.32	7.9894	46.673	64.072	-12.824	-27.162	57.816	19.648	-6.0018	-50.237	-18.895	23.555	-15.719
-3.1825	-17.135	18.426	1.7068	-3.7567	1.3656	2.8663	-2.7179	-2.6563	-0.074684	1.0658	-0.64456	0.42707	0.012756	-41.248	-322	-104.3	39.602	71.508	120.71	-128.77	58.708	60.857	-88.348	54.226	-39.712	13.236	-3.7823
-5.5455	-41.677	10.51	3.0476	0.32131	4.9005	4.0357	0.77854	-0.90162	-0.36226	0.74516	-1.0895	0.64818	-0.33454	-94.52	-981.69	-316.66	53.633	163.12	141.4	46.779	139.86	70.185	-11.503	-12.824	-17.797	8.8444	-13.892
-7.4412	-67.22	2.0362	8.8481	6.5579	9.0522	5.3144	2.0427	-0.6342	-2.2583	-0.3784	-1.6592	1.969	-0.18387	-75.828	-1021.7	-338.95	232.02	249.46	166.07	51.146	50.565	10.697	-75.842	-44.943	-22.788	52.833	6.0268
-8.1865	-77.367	-3.4547	9.9418	9.2298	9.6183	5.4728	1.6906	0.71115	-2.759	0.25022	-1.5139	0.57803	-0.16412	-29.814	-405.89	-219.64	43.749	106.88	22.642	6.3389	-14.084	53.814	-20.028	25.145	5.8132	-55.639	0.79013
-9.4704	-82.277	-5.2484	7.9553	5.2527	9.8198	3.5032	2.8823	1.6076	-0.76403	1.8434	-0.98621	0.85143	-1.227	-51.356	-196.4	-71.748	-79.46	-159.08	8.0601	-78.784	47.668	35.857	79.799	63.728	21.106	10.936	-42.515
-11.088	-84.663	-12.893	6.5762	5.3152	9.1186	1.6812	2.1969	2.3188	0.68218	1.8851	-0.047623	2.3032	0.0012768	-64.711	-95.447	-305.79	-55.166	2.4984	-28.048	-72.883	-27.414	28.449	57.849	1.6677	37.544	58.071	49.131
-12.643	-87.746	-15.27	2.6505	4.2208	6.8106	0.99324	1.4878	2.2489	0.26512	1.4445	-1.0587	1.1557	-0.86971	-62.206	-123.32	-95.064	-157.03	-43.774	-92.319	-27.517	-28.363	-2.7956	-16.683	-17.622	-40.443	-45.898	-34.84
-5.5082	-2.0477	-11.622	-4.7377	3.5224	0.34617	-1.4083	-0.96443	0.23194	-0.65445	0.33947	-1.8912	0.23367	-0.070214	285.41	3427.9	145.93	-295.53	-27.938	-258.58	-96.063	-98.09	-80.679	-36.783	-44.203	-33.301	-36.883	31.98
-5.3985	11.605	-9.1512	-3.1592	4.3313	-0.044102	-2.4701	-1.6094	-0.20525	-0.58426	0.13408	-1.8309	0.32303	-0.13871	4.3876	546.09	98.821	63.14	32.354	-15.611	-42.472	-25.797	-17.487	2.8075	-8.2155	2.4131	3.5742	-2.74
-2.9542	-4.288	5.1336	-1.4656	4.4652	2.5264	-0.61441	-4.2472	0.52186	2.5532	-1.1473	0.72896	-0.4072	-0.28573	97.772	-635.7	571.39	67.744	5.3596	102.82	74.229	-105.51	29.084	125.5	-51.257	102.39	-29.209	-5.8807
-1.7348	21.319	8.4839	-5.151	4.1639	0.20586	-3.0736	-5.6017	-0.58153	2.865	-1.4789	1.3091	-1.7841	0.49708	48.774	1024.3	134.01	-147.42	-12.056	-92.823	-98.369	-54.18	-44.135	12.474	-13.263	23.204	-55.076	31.312
-1.2795	28.721	4.3258	-5.3838	2.4825	-0.62531	-4.0707	-4.2342	1.0749	0.22301	-0.88807	0.53101	-1.2573	1.528	18.215	296.07	-166.32	-9.3092	-67.253	-33.247	-39.882	54.7	66.256	-105.68	23.634	-31.122	21.072	41.238
-1.2114	28.897	3.8051	-4.9929	2.4305	-0.053236	-3.1196	-4.6241	1.5565	0.30818	0.72109	-0.63222	-1.8049	0.98401	2.7218	7.028	-20.826	15.635	-2.0807	22.883	38.042	-15.598	19.265	3.4069	64.366	-46.529	-21.905	-21.76
-1.0818	31.069	3.324	-5.8832	2.1106	-1.1516	-2.2311	-4.6231	1.4326	0.7513	1.2056	-0.9963	-2.7445	1.876	5.1857	86.88	-19.244	-35.611	-12.796	-43.936	35.541	0.039563	-4.9558	17.724	19.382	-14.563	-37.583	35.678
-0.95818	29.545	4.0132	-6.4399	1.8955	-0.77819	-2.1917	-4.5149	1.8238	1.8805	0.62398	0.022408	-3.4818	0.51448	4.9445	-60.934	27.569	-22.268	-8.6036	14.938	1.578	4.3299	15.648	45.167	-23.267	40.748	-29.491	-54.459
-0.94219	27.697	5.9991	-5.8708	-0.64774	-0.79713	-2.172	-2.9855	1.8815	1.7086	-0.14062	-0.30481	-3.837	1.0905	0.63943	-73.91	79.433	22.763	-101.73	-0.75742	0.78872	61.177	2.3087	-6.8748	-30.584	-13.089	-14.208	23.043
-1.0035	23.916	7.02	-5.189	-1.2609	-1.3899	-0.91788	-2.0655	0.46118	2.029	0.84497	-0.093006	-3.2046	-0.25027	-2.4517	-151.26	40.836	27.27	-24.528	-23.709	50.163	36.798	-56.814	12.818	39.424	8.4723	25.294	-53.633
-0.97597	28.643	5.5528	-5.7378	-1.4267	-1.2537	-0.45548	-1.9725	1.2232	0.48379	0.87668	0.80709	-3.7562	-0.35029	1.1004	189.07	-58.687	-21.953	-6.6289	5.4442	18.496	3.7223	30.482	-61.81	1.2684	36.004	-22.064	-4.0007
-0.93587	19.001	9.3718	-3.6946	-3.3099	-0.30645	-1.7886	-0.082943	0.2615	1.2256	0.34085	2.1189	-4.3309	-0.73303	1.6041	-385.69	152.76	81.728	-75.33	37.892	-53.326	75.58	-38.469	29.673	-21.433	52.474	-22.986	-15.31
-1.0299	18.167	9.4798	-4.2018	-2.0356	-1.8436	-1.4991	-0.21732	0.1105	1.2498	-0.097107	2.0682	-3.6067	-0.51907	-3.7631	-33.347	4.3192	-20.286	50.974	-61.487	11.582	-5.3752	-6.0401	0.96537	-17.518	-2.0308	28.969	8.5584
-1.1075	22.83	7.5252	-4.9488	-0.72583	-2.1519	-1.8231	-0.53707	0.71168	0.31054	0.55749	2.0024	-3.8696	-0.12623	-3.1014	186.52	-78.184	-29.882	52.389	-12.329	-12.96	-12.79	24.048	-37.569	26.184	-2.6316	-10.516	15.714
-1.394	20.484	8.2689	-5.73	0.64632	-1.728	-2.4959	-0.63821	-0.10617	0.49529	0.67675	2.3113	-4.2824	0.52392	-11.46	-93.822	29.748	-31.246	54.886	16.956	-26.912	-4.0454	-32.714	7.39	4.7701	12.356	-16.512	26.006
-1.8683	6.5875	11.571	-1.8168	-0.60494	-0.31238	-1.2239	-2.9702	-1.3429	1.0335	0.40419	3.2741	-3.6743	0.05771	-18.972	-555.87	132.1	156.53	-50.05	56.623	50.881	-93.28	-49.47	21.53	-10.902	38.514	24.322	-18.648
-2.4241	0.12999	12.405	0.048055	0.65972	1.057	-1.6732	-3.6664	-3.0109	0.15174	0.27741	3.0445	-3.2153	0.55887	-22.233	-258.3	33.363	74.596	50.587	54.777	-17.972	-27.849	-66.72	-35.272	-5.0713	-9.1863	18.361	20.046
-3.14	-11.671	11.999	2.2653	3.2187	2.6667	-0.20738	-4.0539	-3.5019	-0.77276	-0.16047	2.1618	-2.2289	-0.042018	-28.635	-472.02	-16.244	88.69	102.36	64.388	58.631	-15.496	-19.638	-36.98	-17.515	-35.308	39.455	-24.035
-4.6199	-36.892	8.0452	5.6839	3.238	3.5998	-0.34661	-0.73316	-1.7651	-1.2831	0.38936	-0.19346	-1.5628	-0.53394	-59.198	-1008.8	-158.17	136.74	0.7745	37.323	-5.5691	132.83	69.47	-20.414	21.993	-94.209	26.643	-19.677
-7.3678	-63.206	4.7404	9.8378	5.1999	4.8857	1.7473	1.5324	0.51358	-1.6078	0.93976	-2.4212	-0.17439	0.10195	-109.91	-1052.6	-132.19	166.16	78.473	51.435	83.757	90.622	91.148	-12.988	22.016	-89.11	55.538	25.436
-7.9789	-70.621	-0.71714	12.793	8.8992	7.7523	2.5267	-1.5076	-1.2092	-2.347	1.1421	-0.20853	0.77807	-0.52217	-24.446	-296.57	-218.3	118.19	147.97	114.66	31.174	-121.6	-68.91	-29.568	8.0948	88.507	38.099	-24.965
-8.2523	-70.4	-1.4032	10.893	9.0533	8.893	2.8911	-1.9686	-1.4532	-1.4934	1.2092	-0.0021567	0.81132	-0.50869	-10.937	8.8282	-27.441	-75.986	6.1635	45.629	14.579	-18.438	-9.7606	34.145	2.6818	8.2549	1.33	0.53894
-8.4043	-74.85	-2.5315	11.218	9.7334	10.17	1.8156	-1.2933	-1.0677	-1.445	1.7321	0.86064	0.34667	-1.9918	-6.0795	-177.99	-45.134	12.998	27.204	51.063	-43.02	27.013	15.419	1.9342	20.919	34.512	-18.586	-59.325
-8.5594	-70.482	-3.099	9.3014	7.7398	9.3255	3.052	0.3789	-0.44703	-1.048	1.9386	-0.76876	-0.29823	-0.38443	-6.2049	174.72	-22.701	-76.659	-79.742	-33.763	49.455	66.887	24.827	15.881	8.2578	-65.176	-25.796	64.295
-8.9925	-66.388	-10.459	11.555	6.0064	8.1813	3.0644	2.1392	1.7376	0.65234	0.26903	-1.6903	0.48323	-0.9081	-17.324	163.76	-294.4	90.155	-69.34	-45.767	0.49666	70.412	87.385	68.014	-66.782	-36.86	31.258	-20.947
-9.1164	-53.116	-18.79	8.2957	1.1476	4.9199	2.368	2.8953	2.3298	1.9215	1.6322	-0.38259	0.96814	-0.34598	-4.9531	530.89	-333.23	-130.38	-194.35	-130.46	-27.857	30.245	23.687	50.765	54.527	52.308	19.396	22.485
-7.3772	-40.651	-25.472	7.6083	-1.941	3.0142	-0.28665	-0.25717	-0.63489	-0.17408	0.99134	-1.1333	0.96897	0.84102	69.566	498.6	-267.28	-27.497	-123.54	-76.229	-106.19	-126.1	-118.59	-83.821	-25.634	-30.028	0.033144	47.48
-6.4613	-20.412	-25.728	1.4876	-3.8467	3.2387	-4.0801	-1.7119	0.23763	0.067209	0.5644	-3.534	-0.3086	1.0254	36.636	809.54	-10.253	-244.83	-76.229	8.9789	-151.74	-58.188	34.901	9.6514	-17.078	-96.028	-51.103	7.3756
-5.9745	-12.69	-24.359	-1.0469	-4.3572	3.9771	-2.6429	-0.23364	1.9403	0.36158	0.11723	-3.091	0.77266	1.6404	19.473	308.88	54.769	-101.38	-20.42	29.539	57.487	59.129	68.108	11.775	-17.887	17.718	43.251	24.598
-5.7451	-10.006	-23.32	1.8256	-3.1047	3.5654	-1.5768	1.221	-0.64136	-1.4358	0.13476	-2.3814	1.2986	-0.079683	9.1743	107.36	41.548	114.9	50.1	-16.471	42.645	58.184	-103.27	-71.894	0.70122	28.385	21.036	-68.802
-5.4076	-6.4153	-21.939	3.1315	-2.5676	2.6652	-1.2854	0.31435	0.36157	-0.4812	0.72852	-1.5716	1.1201	0.31516	13.499	143.64	55.264	52.236	21.484	-36.006	11.656	-36.264	40.117	38.183	23.75	32.39	-7.1383	15.794
-4.8303	-7.9217	-24.815	2.4569	-5.5335	1.7975	-2.6222	0.70468	0.47065	-0.22359	0.60568	-1.1774	2.4406	0.11217	23.094	-60.256	-115.05	-26.983	-118.64	-34.706	-53.473	15.613	4.3631	10.305	-4.9135	15.77	52.819	-8.1196
-4.5434	-4.0706	-23.819	2.0497	-5.161	5.3202	-1.4044	0.24547	1.3418	-0.94381	-0.33885	-2.5124	-0.52662	-0.7417	11.475	154.04	39.849	-16.288	14.902	140.91	48.713	-18.368	34.846	-28.809	-37.782	-53.399	-118.69	-34.155
-4.4599	-2.1414	-24.772	0.33895	-5.3155	3.0273	-2.1619	0.0097064	0.95358	-0.12324	0.22687	-0.95719	-0.31494	-0.69045	3.3398	77.17	-38.154	-68.43	-6.18	-91.718	-30.303	-9.4307	-15.528	32.823	22.629	62.207	8.4673	2.0499
-4.3513	3.1609	-24.179	0.94418	-4.4618	2.1261	-1.5772	-0.069931	-0.059235	-1.0534	0.37452	-1.469	-0.083489	0.1139	4.3461	212.09	23.733	24.209	34.148	-36.046	23.39	-3.1855	-40.513	-37.205	5.9057	-20.472	9.2581	32.174
-4.3122	7.2206	-20.203	1.575	-5.606	1.5343	-3.0019	-0.6965	-1.9004	-0.79535	1.6675	-1.3607	0.4903	1.3134	1.5603	162.39	159.03	25.233	-45.769	-23.672	-56.986	-25.063	-73.648	10.32	51.719	4.3312	22.952	47.979
-4.549	3.3826	-22.459	2.5964	-3.6049	-0.63392	-2.6692	0.80233	-0.3271	-1.1087	3.1088	-1.1421	1.4562	1.0893	-9.4695	-153.52	-90.218	40.857	80.044	-86.729	13.307	59.953	62.934	-12.535	57.65	8.742	38.638	-8.9616
-5.333	1.5438	-20.869	2.8472	-2.2529	0.047406	-1.8692	0.22842	0.50654	-1.2785	1.8078	-1.2564	0.8813	0.31586	-31.36	-73.551	63.593	10.032	54.079	27.253	32.001	-22.956	33.346	-6.793	-52.037	-4.5704	-22.998	-30.939
-6.2002	-9.9807	-18.309	-0.15869	-1.7738	2.2511	-2.0556	0.22156	0.57098	0.047974	2.638	-2.2637	-0.43622	0.48818	-34.69	-460.98	102.4	-120.24	19.164	88.147	-7.459	-0.27405	2.5775	53.06	33.207	-40.29	-52.701	6.8925
