-6.28516428571428 2.73391992857143 2.77844928571429 1.99999285714286 0.283254857142857 0.555819285714286 -0.172106357142857 -0.7868914 -1.4678145 -1.01013214285714 -0.305976428571429 0.284841142857143 0.329376214285714 -0.349029285714286 16.1035928571429 -97.1469285714286 399.530714285714 83.2720714285714 10.969 39.55666 -39.5423433571428 -55.4311214285714 -5.18267857142857 -19.720341 -16.6151357142857 -2.25254285714286 32.4645714285714 -16.2172
-7.9992625 -6.627925 -2.8594 -1.49331875 -0.97322125 -0.4208 -1.50579125 -0.2678675 -0.235836875 -0.82551875 -0.95148825 0.26896875 -0.915604925 -0.06446 49.3074875 1424.1875 180.5845 -26.63825 -10.400875 -64.17625 -34.383725 -73.653 -7.70755 -32.34125 -75.34275 -14.288875 -34.4788625 7.6997625
-5.12164545454546 6.79271363636364 3.80653590909091 -1.37768363636364 0.524011045454546 0.119124545454545 -1.00363954545455 0.367835 -0.466545786363636 -0.220408418181818 0.0993745181818183 -0.214783818181818 0.59308 -0.589948181818182 6.97659545454545 52.5283540909091 70.4096909090909 -59.1708863636364 5.36425 28.2929636363636 -58.6419818181818 18.3705294545455 18.9930818181818 -3.5592 1.38982045454546 -10.1246777272727 13.7315227272727 -16.7555545454545
-6.87552857142857 -0.0447499999999996 -10.0438714285714 0.174621785714286 0.293321428571429 -0.681850714285714 0.821232357142857 1.97915742857143 0.287092764285714 -0.357716785714286 0.0673542857142857 -0.245473571428571 -0.784712714285714 0.408025714285714 -0.067706428571429 100.258571428571 130.223928571429 51.1139071428571 73.7751428571429 58.8392142857143 38.10305 3.60593571428572 -0.232692857142858 -13.9651421428571 -25.5154928571429 -4.75468571428572 -12.08835 -5.36231428571428
-8.65627142857143 -38.3677 -2.56962142857143 1.0892615 -0.487397857142857 0.784638571428572 -0.850508571428571 0.163732142857143 -1.130105 -1.33668714285714 1.19977714285714 0.324543871428571 -0.0568135714285715 0.715416428571429 -66.2401664285714 -1127.67071428571 -210.977571428571 34.3980714285714 72.8510714285714 45.4881428571429 0.734428571428574 44.6260928571429 -29.1694642857143 -5.73778571428571 31.7213428571429 4.06644285714286 10.9880142857143 19.5839071428571
-5.44541886792453 8.02709377358491 2.03969094339623 0.142194509433962 0.593804150943396 -0.075960962264151 0.523329188679245 -0.596550943396226 0.190052433962264 0.32330558490566 0.352289396226415 -0.00079522641509437 -0.161032513207547 -0.142232490566038 -0.902030188679245 36.8290177358491 -92.9040566037736 6.59574943396226 34.2746973584906 -14.522710754717 -4.03255826415094 2.18276849056604 18.9467513207547 -1.81799245283019 -3.52494905660377 1.32027962264151 -3.11317283018868 1.15501886792453
-8.2644347826087 -20.9022504347826 -7.63212304347826 -1.34531347826087 -0.73694352173913 -0.573096086956522 0.299153217391304 1.35761434782609 0.31309652173913 -0.214641304347826 -0.128896956521739 0.617319173913043 0.345274347826087 0.288637430434783 -24.1277217391304 -175.573304347826 -80.1149813043478 -58.1267391304348 19.9930873913044 30.9439130434783 32.7121217391304 36.0641565217391 40.9166130434783 18.6667565217391 -20.746252173913 -5.24730043478261 -4.64477 -16.9172304347826
-7.60120869565217 -9.31483913043478 -14.3179956521739 -0.154360695652174 -1.34545043478261 -0.723405913043478 0.74881252173913 1.73191434782609 0.253845782608696 0.302572608695652 0.724617347826087 -0.152711739130435 -0.480495391304348 0.354606304347826 -4.51361826086957 -62.6675565217391 -124.824260869565 -101.591591304348 -82.2380869565217 -30.8718213043478 -21.8268434782609 2.96225347826087 5.36389652173913 12.5878452173913 16.0225826086957 10.2404347826087 6.64738260869565 22.66179
-6.22882916666667 0.294308333333334 -2.76540208333333 -0.927420416666667 -0.815465833333333 -0.434895416666667 0.0516358333333333 0.513574083333333 -0.054141625 0.0659227083333333 -0.171058858333333 0.311232166666667 -0.237541166666667 0.0609983333333333 -2.68622833333333 -14.889675 14.0248958333333 -49.3636408333333 -79.5843333333333 -21.3428833333333 29.0173 34.8376275 -7.0488125 -18.4495708333333 19.5247833333333 15.904725 3.90700708333333 6.01039541666667
-6.57516333333333 0.612814666666667 -5.91225133333333 -1.5874774 -0.383921466666667 -1.04993963333333 -0.1895962 0.476352 0.0398075333333333 0.1405235 0.486301 -0.142682466666667 -0.413743066666667 -0.177648366666667 6.8489441 164.506666666667 57.57316 9.75979633333333 13.1000533333333 -1.56218 -29.407243 -23.6201633333333 -2.48561 6.43277333333333 11.70524352 5.20288333333333 -9.17587866666667 -13.0553266666667
-5.59767333333333 5.75827066666667 8.775652 -0.114534666666667 -1.12091 -0.313432 -0.5239624 1.02430666666667 -0.0995899999999999 -1.0598944 0.25370076 -0.4362052 0.131742666666667 0.179154 52.2102133333333 469.792 373.198 35.5494 -59.9262 -17.1643933333333 -15.2118666666667 -35.8619333333333 -20.4100266666667 -13.8611866666667 -15.1554933333333 -16.4865666666667 3.84994 -8.90251133333333
-4.77160185185185 10.7900992592593 3.30532111111111 -0.143712592592593 0.0269348888888888 -0.201896666666667 0.423624703703704 -0.506043944444445 -0.565386981481482 0.117977166666667 0.595579425925926 -0.199963507407407 0.206302018518518 -0.0782944444444444 2.55316592592592 76.3946666666667 -22.858187037037 -0.125657407407407 -27.3028461111111 7.96652037037037 3.41137484259259 -8.13595777777778 5.65900759259259 1.11522057592593 8.3733287037037 6.6027262962963 -1.46586661111111 -10.2531916666667
-5.83667083333333 5.85216675 4.21214166666667 -1.42255666666667 -0.809697083333333 -0.39938375 0.211343833333333 -0.864637991666667 0.263567633333333 0.502492625 -0.0435746666666667 0.123461791666667 0.38786675 0.0420444166666666 23.4371041666667 335.016666666667 8.84791666666666 -48.2583875 -15.8692416666667 -10.1749166666667 -1.51152625 -30.5958166666667 17.0787208333333 20.6952416666667 -4.29345416666667 -8.5476 -1.29946666666667 16.0755083333333
-5.30094909090909 4.91323236363636 4.51075163636364 1.01110843636364 0.712398909090909 -0.0432139090909092 0.04512298 -0.477686836363636 0.531339225454545 0.428047909090909 -0.743643525454545 -0.0740616634545454 0.269937801818182 -0.314461490909091 -4.92364321818182 -83.4298 -13.5154038181818 42.6118550909091 -14.4763545454545 -24.4714409090909 33.8363436363636 -16.1227176363636 13.521402 -3.47208727272727 -11.8896112727273 9.89927381818182 -0.784022181818182 -3.19708981818182
-6.43788571428571 -2.31415 -3.94882685714286 -0.321478571428571 0.548004 -0.0596618285714286 -0.904152657142857 -0.355271188571429 0.511542857142857 0.00849105714285714 -0.0787831428571428 0.255650057142857 -0.372635042857143 -0.111159665714286 -7.33923914285714 -105.060305714286 9.35396285714286 -24.5096771428571 54.557038 10.7308791428571 -67.7933742857143 -40.3628228571429 16.3752642857143 -5.69585428571428 -14.6545205714286 3.59335742857143 -14.3801542857143 13.2121914285714
-7.00883181818182 -11.0241409090909 2.40051363636364 0.394210181818182 -0.741244090909091 0.441304090909091 0.152369363636364 0.426031363636364 0.7491855 0.188466818181818 0.0805022727272727 -0.00777431818181827 0.178344045454545 -0.145593090909091 -28.3078727272727 -409.756818181818 4.77513636363636 2.51807727272727 14.2673909090909 6.66465454545455 4.84695 -1.38538636363636 -19.1233909090909 32.3099272727273 10.573655 4.62811363636364 -11.5827590909091 -0.826586363636363
-6.48170833333333 -5.05444694444445 2.18361305555556 0.871603444444444 -1.56344230555556 0.0101990555555556 -0.0490986111111111 0.6253825 0.590918472222222 -0.267397361111111 0.131116388888889 0.729033638888889 0.146882594444444 -0.0706344194444445 -10.8168127777778 -203.822972222222 -46.2597277777778 75.7070055555556 8.54722361111111 2.12652777777778 -8.61194722222222 21.4850116666667 -11.5652194444444 6.87743888888889 10.8087111111111 -0.34766111111111 -3.05539611111111 -0.0055752777777778
-9.1277125 -35.8860875 -4.730329375 0.4002925 -2.72112525 0.63060375 -0.4727683125 0.421766625 -1.439336875 -1.15495325 0.686862875 0.219626375 0.2719025 0.1869310625 -37.8508625 -777.78625 69.2273125 13.938575 -0.248956250000001 43.377558125 4.3634 11.2190125 -33.2507 -3.19491875 -3.48839375 12.848543125 28.751961875 0.0303062500000001
-5.30690819672131 7.78606390163934 1.87375626229508 0.648244901639344 0.0032734426229509 0.353980065573771 -0.224822213114754 -1.1255293442623 0.515019245901639 0.0259462950819672 -0.246209081967213 0.458807229508197 -0.0613500327868853 -0.110386037704918 -0.869552836065574 -15.9107072131148 -7.26258049180328 28.9395983606557 -19.0014508196721 23.5871490163934 -3.20547540983606 0.137351475409834 7.24686885245902 -19.1686663442623 -3.64910295081967 17.1693952459016 6.03020786885246 -4.95991180327869
-7.34116923076923 -7.34015715384615 -14.2260538461538 -1.05180538461538 0.216836153846154 0.285796615384615 1.49631769230769 1.93401769230769 0.267536153846154 -0.227225384615385 -0.132137692307692 -0.869173461538462 -0.653683076923077 0.976181538461538 -9.59133076923077 -77.8323076923077 -57.9778461538462 -14.7688538461538 72.2821692307692 90.6327692307692 82.9876923076923 22.4163538461538 -8.44542923076923 -47.5228076923077 -37.9495846153846 -21.2781230769231 -15.3970461538462 1.14124615384615
-9.17320714285714 -30.2672357142857 -2.69044071428571 1.29473785714286 -0.718911142857143 1.63927928571429 -0.592769285714286 1.46879285714286 -0.0546064285714286 -1.05021785714286 1.22793142857143 -0.0230856428571428 -0.219468642857143 0.2494365 -50.2717428571429 -348.262142857143 -254.536428571429 -32.078 -0.0147857142857128 -0.295285714285712 1.96935071428571 20.9980007142857 9.96707142857143 11.1386928571429 37.0984428571429 10.4285285714286 -18.8483571428571 1.29974285714286
-6.68773333333333 -1.44448666666667 -3.84277324 0.1214526 1.4320338 0.745124 0.313356666666667 0.740896 -1.03737333333333 -0.495663066666667 -0.58119 0.449602533333333 -0.0657811333333334 0.0204650000000001 1.12216266666667 -184.681466666667 143.758933333333 114.6952 55.56014 72.7609066666667 66.7875746666667 -4.44578666666667 -28.4612353333333 -5.43847333333333 7.89490333333333 17.6745653333333 -1.24182 4.23938666666667
-5.40279714285714 7.63539428571428 4.52846225714286 -0.750946414285714 -0.0407857142857142 -0.488948908571429 -0.364575571428572 -0.163092571428572 -0.179745085714286 0.098254 -0.213308142857143 -0.291020857142857 0.538024171428572 0.394212971428571 8.01234485714286 169.306285714286 -50.2234028571429 -36.4055094285714 -12.6300734571429 -3.04928571428571 10.7182597142857 2.160982 6.62769428571429 -21.2007769428571 -0.223137142857143 0.873775908571429 10.2562631428571 5.11486428571429
-7.35691875 -5.81515 -5.52736875 0.599551875 -0.5871385625 0.1480246875 0.1201468125 0.151025 -0.40064625 -0.086723125 0.600034375 -0.36484625 -0.657015625 -0.17670375 26.4100276875 488.730625 -125.118998625 94.71525 4.87975 -56.82171875 19.75105 -12.4340625 -9.83546875 14.56505625 7.41393125 -0.315062499999999 -24.56468125 10.05271875
-6.57758181818182 -2.82207484848485 -3.4127696969697 0.557884272727273 -0.939652272727273 -0.919119818181818 0.188877793939394 0.292636545454546 -0.180206666666667 0.0662165454545454 -0.00700254242424246 -0.280278272727273 0.0397457575757576 0.423282018181818 3.18494878787879 16.8661939393939 54.1136757575758 26.9213121212121 -40.2143363636364 -33.5865181818182 -14.6717315151515 -25.9757696969697 -4.89060606060606 1.55966666666667 9.54767878787879 -12.8675742424242 11.8408848484848 5.30093636363636
-5.44186129032258 2.80552096774194 5.07278274193548 -0.00760677419354843 0.193047693548387 0.348356112903226 -0.132335274193548 -0.325465451612903 0.405616774193549 -0.00938765645161293 -0.355382016129032 -0.126475537096774 0.565067862903226 -0.178360564516129 -3.91078380645161 -127.308741935484 63.2776080645161 27.818509516129 -16.6446741935484 -4.52445040322581 -16.6048043548387 12.555815483871 -6.99020064516129 -0.463427177419354 -1.00610967741935 -6.20607887096774 6.18443564516129 3.15264032258065
-5.662025 3.04954964285714 -0.769425000000001 1.48323178571429 1.43935660714286 -0.199577142857143 0.195235321428571 0.677769285714286 -0.877127321428572 0.425557857142857 -0.464079392857143 -0.476200107142857 -0.505632821428571 0.182551785714286 3.4228275 69.5851071428572 -7.66136214285714 -13.036975 44.7171535714286 -38.3968964285714 12.5364107142857 43.3534178571429 -38.8474857142857 10.1876714285714 15.8653607142857 -6.33898928571428 -5.19241428571428 -4.06889642857143
-5.33419102564103 5.9798367948718 2.65884794871795 0.0787880269230769 1.26481756410256 0.43587941025641 -0.275619333333333 -0.902889217948718 -0.0688170512820513 0.288491692307692 -0.524251243589744 -0.263315330769231 -0.0405889641025641 0.113042774358974 -2.40186077948718 -19.8415038461538 6.52471012820513 -23.2777508974359 13.9518890769231 1.34511705128205 8.91153076923077 4.48183807692308 -8.07350076923077 11.8488133333333 -5.46718576923077 -18.6933078205128 -0.140274615384615 6.28120448717949
-6.46989 0.79501465 2.719957 -1.4451585 0.4190745 0.4200415 0.5357821 -0.6046321 0.217933 0.5171505 0.20143765 0.3844547 0.011700005 -0.79196004 -17.29324 -244.384 131.47335 -68.376695 -1.621978 8.6802 4.438405 15.142 9.500545 16.1862505 7.678154 7.20206 -1.9247265 -13.521443
-7.35156923076923 -14.2963738461538 -0.713358461538461 -3.89422123076923 -0.362172307692308 1.08725807692308 -0.287622461538462 1.13268153846154 0.286549538461538 0.415522769230769 -0.179105384615385 0.336615384615385 -0.111652307692308 0.166088461538462 61.7865253846154 834.152307692308 40.6239230769231 -145.878692307692 -17.8369230769231 -34.2582230769231 4.34480769230769 -13.4801692307692 -24.3264538461538 8.60335384615384 -6.12608461538462 4.05199230769231 -6.05154615384616 -12.3927615384615
-6.678925 2.36556428571429 -6.79743428571429 2.08680480714286 0.374178785714286 -0.0620092857142858 0.891684171428572 0.467411357142857 -1.03615942857143 -0.294545285714286 0.587158135714286 -0.0622640357142857 -0.596183892857143 0.203243571428571 -4.38745714285714 46.1007714285714 -317.3575 4.30883928571428 -6.37527142857143 -8.41879285714286 16.8233507142857 27.03285 -9.23758571428572 13.6711142857143 13.0643253571429 -1.61760357142857 -9.624105 12.80760575
-6.0793 1.9816 -1.2339 -5.487834 -0.520262 -1.674334 -0.1268568 0.634844 2.225662 -0.022458 0.9014906 -0.576726 0.0565279999999999 -1.168244 250.0448 2789.6 347.7604 -174.1037 0.213199999999995 -104.8798 -4.25252 -117.8956 104.313398 5.3574 11.8604 7.1444 13.191 -72.9718
