WSS
660237.673185072
866862.636526854
3646306.81981181
1308564.75140332
1644273.9369894
1064953.81235292
679428.099330297
530706.968252301
439698.458131226
1494867.77212232
476805.027916893
342759.436233417
1021697.35529689
1604211.57249771
362778.364641613
351468.001422701
668330.551269597
1484639.69013049
432742.486387185
2905444.06632953
917585.000479527
567535.497095515
924036.647784701
257127.218450326
1926698.48320889
635413.001265605
185869.525777007
356423.465963342
1173562.11859017
569439.726518921
904632.610037738
627862.165125356
31032962.9405286
286460136.86497
