-9.75083636363637 -49.2318181818182 -13.5743081818182 2.47886645454545 -0.688625454545455 2.25900272727273 2.54410909090909 1.53753654545455 2.64090909090909 -1.12622145454545 0.545304545454545 0.529705090909091 -0.385462545454545 0.67369 -62.7686636363636 -274.974909090909 -210.380818181818 -164.941818181818 -76.7986 -24.5400909090909 5.03709090909091 6.58823272727273 14.9912727272727 -8.40662727272727 -11.0696727272727 9.53807272727273 19.1656327272727 13.0231181818182
-5.2494 -3.28696428571428 -15.2736428571429 9.17621785714286 -0.56426 1.28186324285714 3.36057642857143 -2.48360714285714 2.87808071428571 -1.53620664285714 1.25067214285714 -0.658316428571429 -0.295400642857143 0.534079 7.84510714285714 180.235302857143 -389.305 117.468642857143 -6.42527142857143 -11.4627142857143 42.6744092857143 -25.2841285714286 30.9565214285714 -17.808 15.9905 -8.88765714285714 1.97717857142857 -6.5772
-4.55580816326531 0.870135918367347 -4.08334489795918 0.925409693877551 0.758883673469388 -0.0764517959183674 -0.142996306122449 -0.410771142857143 0.920694646938776 -0.486882653061225 0.00804853061224489 -0.582404897959184 -0.413367530612245 0.0127806734693878 1.12808306122449 46.8369877551021 94.7114734693877 -25.3090979591837 -10.5388693877551 17.8708979591837 -10.8324469387755 -7.9916706122449 -3.86601451020408 7.35241632653061 -1.13212897959184 2.96280448979592 -1.44254979591837 -2.5738973877551
-4.090575 11.4034995833333 -3.30949916666667 1.47408633333333 2.14700333333333 0.904860291666667 -0.377558333333333 -1.85214054166667 0.992685041666666 -1.89776129166667 -0.53157925 -0.345511916666667 -0.092906875 0.246836541666667 20.7531183333333 120.8641625 385.992083333333 -72.80475 -21.2686666666667 -8.94088333333333 -41.9611625 -21.6463220833333 -72.5858541666667 20.88965 -49.446525 -8.99722875 23.3838883333333 -12.8972333333333
-5.51831333333333 -2.61747666666667 -9.764934 -1.800724 -2.23562933333333 -0.552461733333333 3.29068133333333 -0.433156666666667 1.79033733333333 -1.24619226666667 1.43916446666667 0.0522472666666667 -1.31382558 0.887322666666667 127.577106666667 2014.83333333333 -50.8518 -161.013333333333 -53.8071133333333 -114.292973333333 10.5753866666667 -35.91836 -16.0612733333333 14.5406266666667 20.3473646666667 -25.6257 -27.8965533333333 6.94433333333333
-5.78743636363636 -30.0437909090909 3.00873636363636 1.66238090909091 -0.2966 1.85012818181818 1.74505363636364 -0.098389090909091 0.690368181818182 0.380571818181818 1.32547818181818 0.229230454545455 -0.499084454545455 0.464842727272727 -67.4202727272727 -1441.79090909091 -131.584345454545 225.195090909091 24.7867363636364 80.137 74.3261818181818 25.2056390909091 86.3664545454545 -16.5496363636364 39.4747327272727 8.74454545454545 -22.8308 17.8668454545455
-4.62409545454545 1.35488545454545 0.422893181818182 -0.808718181818182 1.08114 0.955143181818182 0.989166136363636 -1.34693013636364 0.152224545454545 -0.604781318181818 -0.275813181818182 -0.383447727272727 0.00698363636363637 0.0597059090909091 -2.93166818181818 -308.63 225.264954545455 28.0968318181818 1.18288181818182 26.6694955909091 16.0828318181818 7.62447272727273 -38.5156136363636 19.3185818181818 -7.24614090909091 -15.8613965 0.319334090909091 -5.56306818181818
-3.63769789915966 10.8442191596639 0.979937226890756 -1.6181351092437 -0.0353871596638655 -0.678835218487395 -0.685956579831933 0.384507235294118 -0.548622414285714 0.631618915966387 -0.338124647058824 0.086446337815126 0.302806008403361 -0.105371411764706 -0.395255243697479 0.883207563025209 -36.7745105882353 -2.09833504201681 5.15945823529412 0.256436302521009 -2.21788680672269 -0.376972184873949 8.31356848739496 -5.25806394957983 3.75341815126051 0.107843109243697 2.85774840336135 -0.254970336134454
-6.82612222222222 -28.3824555555556 -9.01739111111111 6.19387222222222 1.47819222222222 2.86550777777778 1.96072666666667 0.758772222222222 1.68031 -1.46123444444444 1.21325555555556 0.206514444444444 -0.562942777777778 0.904075 -36.731 -565.187777777778 -336.607777777778 118.929 129.861 114.845166666667 3.03483333333333 5.63933333333333 72.8514555555556 -29.4222222222222 -8.39411111111112 -21.8524955555556 -8.02498222222222 -6.97028888888889
-4.4943768 1.1179846 2.7141895 -1.09205642 0.15882294 0.80628307 -0.73838313 -0.44654275 -0.92775426 0.841372646 0.010697837 -0.17258019 0.191618859 -0.07755095 -8.9143533 -147.45131 4.3851844 24.9026403 14.9528745 13.1390459 2.6814853 -2.664728 -1.12444466 -0.216160799999999 -1.3593096 -0.5039808 -4.28701347 1.19281386
-3.94702857142857 7.65976257142857 6.28918571428571 -0.856162857142857 -1.83288114285714 1.77872285714286 1.47276285714286 -0.756568571428572 -1.29264428571429 -0.256708571428571 0.05644 0.0379164428571429 -0.556568 0.419648571428571 87.6281428571428 727.21 472.735714285714 69.2597142857143 1.51757142857143 -31.8835714285714 -86.5763 -26.9115428571429 -137.576857142857 31.2882857142857 -48.6026857142857 10.4842857142857 11.4593428571429 -4.37520714285714
-4.77129705882353 0.833414705882353 -0.926191970588236 1.38819970588235 -0.0574459411764707 -1.19557941176471 -0.210714029411765 0.145967470588235 0.468228411764706 -0.521658529411765 0.248887558823529 -0.122357117647059 -0.365973294117647 -0.165863917647059 13.8278117647059 397.892352941177 17.4415058823529 -101.766673529412 17.30935 -24.8450264705882 -40.2934352941176 11.2883794117647 -13.1057735294118 17.3114705882353 -0.905297352941177 -7.6299 1.04962058823529 -2.66069411764706
-3.50435838235294 9.68110867647059 3.90545602941177 -1.78101891176471 -2.07718532352941 -2.42874713235294 -0.658009705882353 1.82518866176471 -0.96350489117647 0.66775480882353 -0.140057691176471 0.149797588235294 0.48381825 -0.511575073529412 8.47891632352941 166.693176470588 -30.5962497058824 -53.4427222058824 -4.56759544117647 -1.93066470588235 -7.29175058823529 5.44287897058824 -7.02574138235294 10.1368220588235 1.74512838235294 5.08106286764706 4.8365125 -5.25326729117647
-5.81110697674419 -17.6114781395349 1.40777023255814 3.12530488372093 1.636217 1.56084 0.338092093023256 -0.13791476744186 0.0939011627906976 -0.202485813953488 -0.459545348837209 0.397364930232558 -0.130352511627907 0.208665627906977 -19.952588372093 -334.062790697675 -55.0487325581395 96.5567906976744 -14.8414511627907 -16.2337953488372 46.9246395348837 0.832048837209302 18.4094425581395 -16.1312881395349 7.99582348837209 0.595181395348836 -6.67394186046512 10.0988093023256
-5.79105405405405 -16.7288264864865 3.33243594594594 0.661694594594595 0.685483513513513 1.60081324324324 0.355104918918919 -0.702257864864865 0.22319027027027 -0.497206435405405 0.137842783783784 0.691284656756757 0.0108787297297297 0.245146675675676 -41.2147808108108 -733.584594594595 -20.4342864864865 125.882391891892 -9.5128972972973 41.6452024324324 35.6724297297297 11.6787648648649 33.4312709459459 -25.1550662162162 10.7914091891892 24.3696794594595 -9.42695135135135 7.74434513513513
-5.05414117647059 5.9035 -1.29891176470588 -2.52267764705882 -1.46397294117647 -3.08672 0.14475 1.16778317647059 0.777099176470588 -0.8123 0.137045882352941 0.0886424705882353 -0.328438235294118 -0.563027170588235 40.9643470588235 1031.95117647059 57.217 -152.294005882353 -46.1819117647059 -67.439 -61.0951176470588 -6.77914705882353 -21.7309529411765 5.5313294117647 3.65091705882353 -10.8744705882353 7.72315294117647 -4.67612352941176
