-2.7986	16.598	11.404	0.74552	-0.28465	1.4873	-1.0236	-1.8663	-3.5129	-2.1152	1.2601	1.0356	-1.2877	-0.21435	0	0	0	0	0	0	0	0	0	0	0	0	0	0
-1.7518	30.648	16.049	-4.3603	-0.5473	2.2493	-3.9573	-0.22154	-4.1727	-2.5673	3.2733	0.35432	0.28281	-1.0976	41.873	562.02	185.78	-204.23	-10.506	30.479	-117.35	65.791	-26.393	-18.084	80.527	-27.253	62.82	-35.332
-0.73687	37.626	19.295	-9.2455	-1.1489	2.5036	-5.4323	0.44112	-3.2993	-2.0407	2.4986	2.4391	-0.041263	-0.47946	40.597	279.09	129.86	-195.41	-24.063	10.173	-58.998	26.506	34.936	21.063	-30.989	83.393	-12.963	24.727
-0.44651	43.403	17.574	-8.8036	-2.5093	0.44227	-3.6344	0.23331	-2.7246	-3.0843	3.6836	1.6314	1.4179	-1.7814	11.614	231.1	-68.828	17.677	-54.418	-82.453	71.913	-8.3126	22.987	-41.745	47.4	-32.312	58.368	-52.078
-0.13485	44.174	17.747	-8.11	-2.8907	-0.33688	-4.4384	1.1537	-2.5016	-3.4898	2.8995	2.1638	1.9476	-2.1024	12.466	30.832	6.8846	27.745	-15.255	-31.166	-32.16	36.815	8.9215	-16.217	-31.362	21.3	21.188	-12.84
-0.17572	43.366	17.572	-5.8844	-4.6106	-0.72536	-4.5785	2.1198	-1.8334	-3.7751	1.5583	2.4001	2.593	-1.5461	-1.6349	-32.332	-6.9698	89.023	-68.798	-15.539	-5.6024	38.646	26.727	-11.412	-53.647	9.451	25.813	22.253
-0.17374	38.452	18.395	-3.8764	-5.3423	-2.2776	-4.3998	2.9895	-2.3794	-3.0718	-0.29722	3.0539	2.4926	-0.80214	0.079243	-196.54	32.907	80.322	-29.267	-62.091	7.1462	34.787	-21.838	28.13	-74.222	26.152	-4.0166	29.758
-0.22546	34.363	19.326	-2.4471	-4.4027	-4.0091	-4.2029	2.9888	-1.7674	-3.1542	-0.59531	3.1144	2.3082	-0.25881	-2.0689	-163.55	37.249	57.169	37.585	-69.258	7.8764	-0.028387	24.478	-3.2951	-11.924	2.418	-7.3736	21.733
-0.29354	30.616	21.234	-1.8021	-4.2183	-6.1011	-3.1671	2.2237	-0.4033	-3.3233	-1.2647	1.8312	2.6515	0.94377	-2.7232	-149.91	76.295	25.802	7.3752	-83.682	41.434	-30.603	54.565	-6.7636	-26.775	-51.326	13.733	48.103
-0.14126	28.746	22.566	-0.62239	-5.5091	-5.4856	-3.3077	1.7854	0.17257	-3.7473	-1.743	1.863	3.2162	-0.23433	6.0913	-74.786	53.282	47.188	-51.63	24.621	-5.6249	-17.533	23.035	-16.961	-19.131	1.2722	22.585	-47.124
0.08736	30.278	22.143	-0.68696	-4.7786	-4.9259	-4.6104	2.7657	-0.53571	-3.205	-2.1099	1.4207	2.6822	0.096599	9.1449	61.266	-16.903	-2.5828	29.219	22.388	-52.11	39.212	-28.331	21.692	-14.676	-17.692	-21.36	13.237
0.051423	30.53	20.503	0.14865	-4.6513	-4.6158	-5.7008	4.2898	-1.2212	-3.8738	-2.7121	0.38523	3.0373	0.38042	-1.4375	10.084	-65.605	33.424	5.0899	12.405	-43.615	60.963	-27.418	-26.754	-24.089	-41.42	14.204	11.353
-0.22298	30.037	19.789	-0.0016675	-2.333	-5.0926	-5.6847	4.6506	-1.8455	-2.9197	-3.1623	0.6369	2.9321	-0.57015	-10.976	-19.718	-28.551	-6.0126	92.733	-19.071	0.64312	14.434	-24.972	38.165	-18.01	10.067	-4.2071	-38.023
-0.55815	30.289	18.524	0.078457	-1.1066	-4.7822	-6.3091	4.3207	-1.8651	-2.2289	-2.2356	0.52369	2.2822	-1.2548	-13.407	10.102	-50.6	3.205	49.057	12.414	-24.977	-13.196	-0.78391	27.632	37.071	-4.5284	-25.995	-27.387
-0.74525	30.546	18.162	-0.53488	-0.44222	-4.7997	-6.5684	4.7133	-1.8471	-1.7899	-2.0064	-0.43315	2.7458	-2.0468	-7.4839	10.27	-14.493	-24.533	26.575	-0.70059	-10.371	15.704	0.7195	17.561	9.1683	-38.274	18.546	-31.678
-0.71096	32.287	17.574	-1.3465	0.46845	-5.3746	-6.1471	4.8009	-1.722	-1.5232	-2.1517	-0.75205	2.7993	-2.7129	1.3715	69.651	-23.503	-32.465	36.427	-22.994	16.855	3.5006	5.0041	10.668	-5.8119	-12.756	2.1385	-26.645
-0.68621	34.444	16.392	-1.0741	0.15439	-5.2735	-6.2131	5.8014	-2.3549	-1.6046	-2.2598	-1.2759	3.0792	-2.6289	0.99019	86.268	-47.286	10.895	-12.562	4.0434	-2.6429	40.022	-25.316	-3.2548	-4.3245	-20.956	11.196	3.3592
-0.70534	37.886	14.007	-0.3889	-0.11311	-4.5171	-5.8388	5.9568	-2.4526	-2.646	-1.7682	-1.464	3.2956	-2.1493	-0.7653	137.69	-95.391	27.409	-10.7	30.255	14.975	6.216	-3.9085	-41.657	19.663	-7.5231	8.6558	19.186
-0.77886	38.861	12.898	-0.44665	-0.031812	-2.7838	-6.2337	6.0329	-2.8648	-3.5862	-1.1508	-1.8396	4.1176	-2.3081	-2.9408	38.988	-44.368	-2.31	3.252	69.331	-15.8	3.0449	-16.489	-37.609	24.695	-15.023	32.88	-6.3555
-0.86184	38.237	12.87	-0.56137	-0.57371	-0.65323	-5.6581	5.0319	-2.7316	-4.4556	-1.2455	-1.0851	4.1003	-2.1917	-3.3191	-24.944	-1.1111	-4.5889	-21.676	85.224	23.028	-40.041	5.3289	-34.775	-3.7891	30.178	-0.69102	4.6561
-0.89366	37.105	13.243	-1.2773	-1.0528	1.0351	-4.8516	4.8003	-3.3335	-5.7848	-0.42476	-0.51475	3.648	-1.2909	-1.2727	-45.31	14.9	-28.638	-19.162	67.533	32.259	-9.2628	-24.077	-53.169	32.831	22.816	-18.094	36.032
-0.97546	37.037	13.095	-2.9124	-1.7639	3.9796	-4.7634	4.9798	-4.0012	-6.7724	-0.02438	0.020798	3.4853	-1.1209	-3.272	-2.7056	-5.8945	-65.403	-28.448	117.78	3.5267	7.1785	-26.709	-39.503	16.015	21.422	-6.5072	6.8029
-1.1914	36.883	11.511	-4.0184	-0.34326	5.7862	-4.9081	4.2169	-4.7588	-6.0428	0.70143	0.12629	2.6395	-1.6267	-8.6391	-6.1492	-63.369	-44.239	56.828	72.263	-5.7884	-30.518	-30.303	29.185	29.032	4.2198	-33.831	-20.233
-1.6011	33.787	10.61	-5.3616	0.47378	8.655	-5.5815	3.9289	-5.181	-4.9353	0.73138	0.39321	1.5922	-2.0138	-16.385	-123.86	-36.05	-53.728	32.681	114.75	-26.937	-11.52	-16.888	44.3	1.1979	10.676	-41.894	-15.485
-1.9177	28.065	10.482	-6.4819	3.6235	8.9763	-5.0331	3.5733	-5.3264	-3.9614	0.39741	0.74475	-0.33132	-0.89412	-12.664	-228.86	-5.125	-44.813	125.99	12.851	21.937	-14.223	-5.8156	38.954	-13.359	14.062	-76.94	44.788
-2.1881	25.969	9.6076	-7.99	7.5533	6.9037	-3.5186	2.8172	-5.1755	-4.0931	1.1798	0.12559	-0.53555	-0.70476	-10.818	-83.858	-34.971	-60.322	157.19	-82.902	60.582	-30.244	6.0351	-5.2661	31.296	-24.767	-8.1692	7.5743
-2.5028	26.237	5.8522	-7.0448	8.0006	6.2381	-1.504	2.037	-3.6239	-4.4393	1.8555	-0.64785	-1.5151	0.14276	-12.588	10.729	-150.21	37.805	17.891	-26.627	80.582	-31.208	62.064	-13.85	27.027	-30.937	-39.184	33.901
-3.1764	25.432	1.8419	-3.0135	5.7742	4.4836	-0.18458	1.7851	-2.3028	-2.5245	1.4826	0.16702	-3.5081	1.0923	-26.945	-32.213	-160.41	161.25	-89.058	-70.179	52.778	-10.076	52.845	76.591	-14.916	32.595	-79.717	37.982
-3.8799	24.415	-8.5042	6.1446	2.6957	1.8819	2.1376	0.67903	-2.0238	0.085634	2.2963	0.70917	-2.623	0.55377	-28.137	-40.662	-413.84	366.33	-123.14	-104.07	92.888	-44.243	11.161	104.41	32.551	21.686	35.403	-21.541
-3.9594	14.837	-16.218	11.838	3.27	0.69128	3.8801	-1.0668	-2.5724	2.3048	1.3013	0.32452	-1.4138	-0.037047	-3.1799	-383.11	-308.55	227.74	22.973	-47.624	69.698	-69.833	-21.945	88.767	-39.801	-15.386	48.367	-23.633
-3.8538	2.2257	-24.886	10.175	2.4792	0.49132	4.887	1.1153	-0.65795	1.7102	0.51641	0.38235	-1.3907	1.2161	4.2208	-504.46	-346.72	-66.536	-31.633	-7.9984	40.277	87.282	76.579	-23.784	-31.396	2.3134	0.92626	50.126
-3.895	2.6639	-25.674	7.0928	-0.8732	-1.9175	3.7848	-0.35024	-1.0585	3.967	1.1926	-0.55063	-0.56885	0.86703	-1.648	17.526	-31.508	-123.28	-134.1	-96.353	-44.089	-58.62	-16.023	90.272	27.046	-37.319	32.873	-13.963
-4.0275	1.6955	-23.359	6.9057	0.42751	-2.4116	2.3459	0.11011	0.87289	3.5756	0.46363	-0.73115	0.36167	0.84284	-5.2999	-38.735	92.597	-7.4835	52.029	-19.762	-57.555	18.414	77.256	-15.656	-29.157	-7.2211	37.221	-0.9677
-4.1247	2.3009	-23.129	4.022	-3.1203	-2.2022	3.461	-0.58222	-1.7105	2.9237	-0.19149	1.3364	0.74032	1.554	-3.8859	24.215	9.2044	-115.35	-141.91	8.3748	44.604	-27.693	-103.34	-26.077	-26.205	82.7	15.146	28.445
-4.06	2.7765	-24.071	4.7688	-3.009	-3.7698	2.6081	0.099607	-0.014048	2.8987	-0.18833	0.85058	1.0744	1.4975	2.5894	19.026	-37.716	29.873	4.4523	-62.705	-34.117	27.273	67.858	-1.0019	0.12617	-19.431	13.361	-2.2593
-3.9257	2.4299	-24.657	4.563	-1.3868	-4.8027	1.9277	0.017268	-0.70756	2.6914	-1.6581	-0.71582	-0.46791	-0.54817	5.3706	-13.866	-23.438	-8.2351	64.889	-41.314	-27.215	-3.2936	-27.741	-8.2908	-58.79	-62.656	-61.69	-81.826
-3.9778	3.5917	-22.358	6.9066	-1.0813	-2.552	4.5915	-0.50355	-2.0421	3.4296	-0.95105	-0.88937	0.10835	0.82683	-2.0853	46.473	91.99	93.744	12.217	90.027	106.55	-20.833	-53.382	29.527	28.281	-6.9419	23.05	55
-4.1376	-1.1861	-24.233	4.7928	-2.5615	-1.915	3.4198	-1.228	-2.5	3.7873	-0.27706	0.43088	0.9192	1.161	-6.3919	-191.11	-75.03	-84.551	-59.207	25.481	-46.869	-28.978	-18.315	14.31	26.959	52.81	32.434	13.366
-3.9709	-0.57078	-25.929	5.6152	-2.7084	-2.4836	5.7085	-2.0975	-3.0849	3.8164	-1.5039	-0.42925	-0.33959	-0.94464	6.667	24.612	-67.823	32.897	-5.8736	-22.746	91.546	-34.779	-23.397	1.1617	-49.074	-34.405	-50.352	-84.225
-3.9205	0.21757	-25.491	7.1267	0.79357	-2.3021	4.5139	0.69184	-2.0095	1.7823	-2.1927	0.56058	1.3574	1.1141	2.0194	31.534	17.504	60.461	140.08	7.2591	-47.782	111.57	43.014	-81.363	-27.551	39.593	67.881	82.348
-3.6503	8.7633	-22.724	3.4693	-3.0256	-2.6667	4.977	-1.3924	-1.3739	2.7197	-0.77117	-0.00629	1.0115	0.10202	10.805	341.83	110.68	-146.3	-152.76	-14.582	18.525	-83.37	25.427	37.495	56.861	-22.675	-13.836	-40.482
-3.5839	26.696	-16.297	-1.0995	0.60488	-2.0986	4.1345	-1.7535	1.4014	2.3871	-2.1108	-0.51412	-1.14	0.55714	2.6567	717.31	257.1	-182.75	145.22	22.723	-33.7	-14.444	111.01	-13.301	-53.583	-20.313	-86.06	18.205
-3.6436	20.104	-15.926	3.3395	-2.1696	-4.1993	3.7121	-3.2005	-0.8935	0.82667	-1.2528	0.06004	0.15583	0.69377	-2.3862	-263.67	14.821	177.56	-110.98	-84.027	-16.897	-57.88	-91.797	-62.419	34.317	22.966	51.832	5.4654
-3.9323	20.592	-16.692	1.2259	-1.0574	-3.0191	3.5398	-2.1136	-0.064649	1.7078	-0.45312	-0.22871	0.72911	1.5241	-11.549	19.522	-30.612	-84.543	44.488	47.207	-6.8913	43.477	33.154	35.247	31.988	-11.55	22.931	33.213
-3.931	24.404	-11.916	0.018782	-0.57716	-1.7054	3.825	-2.7666	-0.97492	2.5435	-0.7773	-0.098454	-1.2143	0.67158	0.051099	152.47	191.01	-48.286	19.209	52.547	11.406	-26.121	-36.411	33.426	-12.967	5.2102	-77.737	-34.1
-4.2948	22.581	-11.306	-0.31155	-1.2958	-2.0764	3.371	-2.4161	-0.27948	2.4667	-1.2849	-0.58408	-0.67089	1.4383	-14.552	-72.91	24.406	-13.213	-28.744	-14.836	-18.16	14.019	27.818	-3.0716	-20.304	-19.425	21.737	30.669
-5.1451	13.709	-7.9764	-2.7232	-2.6491	-3.7107	2.8295	-3.0046	0.10048	2.8164	-0.92626	1.3377	-0.59264	0.9916	-34.01	-354.9	133.19	-96.465	-54.134	-65.375	-21.661	-23.539	15.198	13.989	14.345	76.873	3.1297	-17.869
-5.5663	8.2508	-5.3193	-4.3936	-2.1472	1.2783	4.2319	-3.2243	-1.173	2.0925	-0.5382	-0.08339	-2.9972	0.57555	-16.847	-218.32	106.28	-66.818	20.076	199.56	56.098	-8.7881	-50.94	-28.957	15.523	-56.845	-96.183	-16.642
-5.6868	5.1386	-6.604	-6.0218	-3.3762	0.99946	1.5459	-3.8556	-2.4694	1.0295	0.84706	0.26814	-2.2537	-0.41482	-4.8237	-124.49	-51.391	-65.129	-49.157	-11.154	-107.44	-25.254	-51.854	-42.519	55.41	14.061	29.74	-39.615
-5.6813	2.4948	-3.2926	-5.0014	-4.2867	1.7765	2.4044	-5.2496	-2.6732	1.1161	0.77031	-0.33378	-2.3886	-0.77181	0.22105	-105.75	132.46	40.816	-36.421	31.081	34.339	-55.757	-8.152	3.4637	-3.07	-24.077	-5.3947	-14.279
-5.3244	1.8578	-2.9816	-6.4471	-5.5608	1.842	5.0304	-2.4062	-3.631	-0.10313	1.7808	1.9335	-0.83458	0.11522	14.276	-25.48	12.437	-57.827	-50.964	2.6202	105.04	113.74	-38.315	-48.771	40.42	90.691	62.16	35.481
-5.3957	-0.89811	-0.62841	-6.4578	-6.2763	1.7	2.9693	-4.3652	-3.5147	-1.5827	0.68591	2.1795	-1.1224	-0.86276	-2.8504	-110.24	94.129	-0.42611	-28.623	-5.6808	-82.443	-78.361	4.6544	-59.182	-43.796	9.8383	-11.514	-39.119
-6.0526	-4.2245	-0.25161	-6.8488	-5.8472	1.6157	3.5858	-3.326	-2.5816	-0.23471	-0.18856	3.2418	0.58429	1.0147	-26.278	-133.06	15.072	-15.64	17.164	-3.3695	24.661	41.568	37.322	53.918	-34.979	42.493	68.269	75.098
-5.8865	-6.5374	2.7994	-6.1323	-4.5778	2.604	5.0837	-1.0515	-2.0722	-0.1614	-1.2185	2.5982	0.7296	1.0917	6.6459	-92.519	122.04	28.657	50.777	39.533	59.915	90.982	20.376	2.9324	-41.196	-25.743	5.8123	3.0791
-4.6433	-7.7778	10.111	0.48911	-1.9277	5.7279	7.3856	-0.22221	-3.0548	-1.0617	-2.5689	3.6665	0.21513	0.83516	49.729	-49.612	292.47	264.86	106	124.96	92.075	33.17	-39.303	-36.013	-54.017	42.734	-20.579	-10.26
-2.9258	5.5531	18.605	5.3829	-1.6281	1.4126	1.4769	3.307	-3.4836	0.23041	-5.555	3.4911	0.11037	-0.89919	68.7	533.23	339.75	195.75	11.987	-172.61	-236.35	141.17	-17.15	51.685	-119.44	-7.0173	-4.1906	-69.374
-2.356	21.715	15.591	4.5839	-1.4864	0.79056	-0.35379	4.9391	-4.9126	-1.1444	-5.596	2.6014	0.3791	-2.0236	22.79	646.48	-120.56	-31.959	5.6653	-24.881	-73.226	65.285	-57.159	-54.993	-1.6404	-35.589	10.749	-44.976
-2.1514	23.34	13.532	4.243	-1.4394	0.63373	0.10561	4.9871	-5.1743	-1.9438	-4.8538	2.2994	1.6796	-2.4984	8.1834	64.992	-82.376	-13.635	1.8807	-6.273	18.376	1.9188	-10.47	-31.977	29.687	-12.08	52.018	-18.994
-2.3223	19.786	15.016	3.2741	0.15989	1.2912	-0.48736	4.8863	-5.288	-1.9278	-4.2854	1.3673	2.0541	-3.3381	-6.8343	-142.16	59.353	-38.758	63.972	26.3	-23.719	-4.034	-4.5468	0.64094	22.736	-37.283	14.982	-33.586
-2.3077	18.66	15.178	3.7564	-0.57575	3.7634	-1.8195	5.0511	-5.5804	-2.3751	-3.3038	1.8121	1.8239	-3.9546	0.58333	-45.034	6.4793	19.294	-29.426	98.885	-53.286	6.5932	-11.699	-17.893	39.266	17.792	-9.2073	-24.661
-2.4209	19.161	15.013	2.6581	-1.062	6.4508	-3.9313	5.9111	-6.1536	-2.203	-2.1544	1.3038	1.6554	-3.9814	-4.529	20.025	-6.5914	-43.931	-19.452	107.5	-84.472	34.398	-22.928	6.8846	45.977	-20.335	-6.7422	-1.0732
-2.7764	20.669	12.647	1.6188	0.32637	8.4438	-3.9799	4.9307	-6.2721	-1.6726	-1.0615	0.91338	0.68862	-3.2931	-14.218	60.346	-94.624	-41.573	55.537	79.719	-1.9455	-39.216	-4.7403	21.217	43.717	-15.615	-38.67	27.532
-3.4165	18.787	7.0178	0.42791	1.7456	8.9862	-0.77529	-0.41731	-3.7844	-1.295	-0.36635	0.15092	-1.5821	-0.36142	-25.606	-75.279	-225.18	-47.636	56.771	21.697	128.19	-213.92	99.509	15.106	27.804	-30.499	-90.827	117.27
-5.6544	-19.929	5.6735	-0.2098	-0.53252	8.9535	2.3148	-0.7472	-2.2037	-1.2516	-0.25808	0.37253	-1.125	0.8739	-89.514	-1548.7	-53.774	-25.509	-91.126	-1.3082	123.6	-13.195	63.228	1.7327	4.331	8.8647	18.281	49.413
-9.5467	-66.534	3.1622	8.0893	1.5838	8.4893	6.674	0.50942	0.77464	0.30862	-0.021218	0.476	-2.1449	-0.2234	-155.69	-1864.2	-100.45	331.97	84.652	-18.569	174.37	50.265	119.13	62.41	9.4743	4.1386	-40.795	-43.892
-11.61	-77.834	-3.1912	6.4081	1.722	6.252	5.498	0.85735	3.3735	0.66608	-1.7133	0.09716	-1.4082	-0.81549	-82.522	-452.02	-254.14	-67.248	5.5284	-89.491	-47.04	13.917	103.95	14.299	-67.683	-15.154	29.47	-23.684
-13.14	-83.009	-6.5349	1.8058	-2.8677	3.1151	2.7993	-0.69043	2.8636	1.0351	0.51863	0.55561	0.37324	-0.48995	-61.189	-206.99	-133.75	-184.09	-183.59	-125.48	-107.95	-61.912	-20.395	14.761	89.277	18.338	71.256	13.022
-13.95	-85.738	-7.1331	4.034	-1.6047	2.3601	3.0052	-2.0169	0.6718	0.35899	-0.26381	0.35292	0.5036	0.78002	-32.421	-109.16	-23.928	89.128	50.521	-30.202	8.2342	-53.059	-87.673	-27.045	-31.298	-8.1074	5.2144	50.799
-11.771	-64.801	-8.1479	1.7067	4.4163	2.1671	1.7155	2.6265	1.82	-0.43324	-0.67166	-0.6986	-0.92371	1.35	87.152	837.47	-40.594	-93.092	240.84	-7.7203	-51.587	185.74	45.928	-31.689	-16.314	-42.061	-57.092	22.8
-11.322	-59.731	-6.572	3.3542	5.5154	2.7048	2.3871	4.1554	3.3119	0.037148	-0.22052	-0.22361	-0.44769	1.3107	17.987	202.81	63.035	65.9	43.966	21.509	26.862	61.157	59.675	18.815	18.045	18.999	19.041	-1.5712
-11.681	-79.748	-7.9856	4.8583	0.43756	2.7649	3.6001	-0.62171	2.4127	1.271	0.32522	1.0401	0.61391	0.81384	-14.362	-800.69	-56.544	60.165	-203.11	2.4056	48.523	-191.09	-35.968	49.354	21.83	50.548	42.464	-19.876
-11.965	-81.979	-8.2223	3.0209	-1.7976	0.021856	2.4354	-0.0069886	2.2923	-0.12599	0.11685	1.7139	1.7698	1.9743	-11.363	-89.211	-9.4674	-73.497	-89.405	-109.72	-46.588	24.589	-4.8163	-55.88	-8.335	26.953	46.237	46.42
-4.6907	-11.741	-5.9741	-2.8613	0.59078	-3.1177	2.2172	3.5573	1.9195	2.5436	-1.7016	0.45048	0.56841	-0.31274	290.96	2809.5	89.93	-235.29	95.533	-125.58	-8.7288	142.57	-14.911	106.78	-72.738	-50.538	-48.057	-91.483
-3.6462	30.166	-12.912	-1.4728	-1.0014	-4.5896	2.5513	1.8836	3.1437	2.9615	-0.96277	1.2378	0.88054	0.15825	41.78	1676.3	-277.52	55.538	-63.688	-58.877	13.365	-66.948	48.97	16.716	29.553	31.492	12.485	18.84
-3.3133	28.112	-14.719	1.7033	0.09914	-2.3274	1.9467	-0.6501	3.5463	4.1635	-1.739	1.8438	0.28602	0.037474	13.318	-82.173	-72.277	127.05	44.022	90.487	-24.187	-101.35	16.104	48.083	-31.05	24.242	-23.781	-4.8311
-3.8917	21.515	-12.944	-0.23175	-0.01989	-0.46914	-1.5575	-2.189	2.8707	0.77469	-3.8938	1.4219	-0.68274	-0.73115	-23.137	-263.87	70.993	-77.403	-4.7612	74.331	-140.17	-61.554	-27.026	-135.55	-86.191	-16.877	-38.75	-30.745
-4.8818	10.047	-9.695	-0.083354	1.8453	0.093027	-1.1157	-1.5246	1.1683	1.5341	-1.3348	0.04173	-0.31036	-0.11925	-39.606	-458.71	129.96	5.936	74.608	22.487	17.671	26.575	-68.098	30.378	102.36	-55.207	14.895	24.476
-4.0012	8.6589	0.21605	8.2273	9.0534	1.445	-1.9207	-0.56506	2.7448	-0.66406	-2.7282	0.76726	0.497	1.0245	35.226	-55.536	396.44	332.43	288.32	54.08	-32.2	38.38	63.063	-87.928	-55.733	29.021	32.294	45.752
-2.7954	23.285	3.0606	5.905	10.175	0.51941	-2.4432	0.24308	2.2189	-1.5279	-2.0404	0.36271	-0.29828	-1.2123	48.233	585.05	113.78	-92.891	44.871	-37.024	-20.899	32.325	-21.035	-34.553	27.512	-16.182	-31.811	-89.474
-2.2587	31.181	1.3649	3.5946	10.685	1.9474	-3.7957	0.51904	1.3108	-3.2001	-2.0415	0.075494	0.57909	-1.0719	21.467	315.85	-67.827	-92.416	20.381	57.118	-54.099	11.038	-36.326	-66.889	-0.043543	-11.489	35.095	5.6163
-2.3356	28.963	-0.68853	4.0638	11.165	2.7664	-5.5672	0.97434	0.13709	-3.7004	-1.1654	-0.0062688	1.395	-1.274	-3.0775	-88.745	-82.138	18.77	19.193	32.762	-70.858	18.212	-46.948	-20.013	35.041	-3.2705	32.637	-8.0818
-2.8209	19.288	-0.73308	2.6698	13.426	0.66602	-4.2306	1.8071	-0.171	-2.3313	-1.1185	0.20849	1.0856	-1.164	-19.411	-386.99	-1.7821	-55.761	90.458	-84.016	53.464	33.311	-12.324	54.765	1.878	8.5904	-12.376	4.3965
-3.6375	12.145	-1.9362	4.4444	13.442	0.096883	-3.3776	2.5757	-0.25586	-1.6921	-1.225	0.3888	0.8116	-1.7191	-32.663	-285.71	-48.126	70.982	0.63403	-22.766	34.118	30.744	-3.3941	25.568	-4.2597	7.2124	-10.96	-22.202
-4.4176	1.6702	-1.6121	5.3742	14.198	-0.32701	-3.2187	3.5318	-0.36012	-1.5492	-0.16609	0.089357	0.91392	-1.8249	-31.205	-419	12.967	37.194	30.261	-16.956	6.3563	38.245	-4.1704	5.7187	42.356	-11.978	4.0927	-4.2317
-5.2387	-5.1374	-2.3026	7.5788	13.035	-0.65281	-2.7801	3.7016	-0.43441	-0.15794	0.00091056	-0.30018	1.3858	-2.5796	-32.844	-272.31	-27.622	88.183	-46.517	-13.032	17.543	6.789	-2.9717	55.649	6.6798	-15.581	18.875	-30.189
-6.1193	-18.412	-2.278	7.53	11.902	-1.049	-1.0124	4.4833	0.63505	0.50733	0.15158	0.95297	1.3459	-3.0953	-35.223	-531	0.98246	-1.9509	-45.339	-15.846	70.709	31.27	42.778	26.611	6.0268	50.126	-1.597	-20.626
-7.4731	-38.339	-9.4562	11.462	11.033	4.0466	0.039064	5.3674	2.9883	0.21213	1.6719	0.52435	2.1797	-1.0041	-54.152	-797.05	-287.13	157.29	-34.763	203.82	42.059	35.363	94.129	-11.808	60.811	-17.145	33.354	83.645
-8.9101	-65.409	-1.5092	7.9389	9.2606	4.8691	2.9373	3.876	3.0207	0.46839	0.68032	-0.69942	-0.59247	-0.46149	-57.481	-1082.8	317.88	-140.93	-70.891	32.898	115.93	-59.654	1.2981	10.25	-39.662	-48.951	-110.89	21.705
-12.308	-76.561	-4.4394	6.5262	2.3696	4.8691	5.1366	1.7156	1.337	-0.02809	0.24322	-1.1207	0.14436	0.28592	-135.92	-446.11	-117.21	-56.508	-275.64	0.0028356	87.972	-86.417	-67.349	-19.859	-17.484	-16.853	29.473	29.897
-12.758	-80.001	-5.5378	3.7793	-0.28116	1.6896	2.3364	-0.26656	1.6395	0.66911	-0.76187	1.0568	-0.3638	0.088242	-17.997	-137.59	-43.934	-109.88	-106.03	-127.18	-112.01	-79.287	12.099	27.888	-40.204	87.099	-20.327	-7.9072
-13.301	-83.342	-7.21	3.6275	-1.5514	2.6703	3.6491	-0.078205	1.5942	0.096013	0.94151	-0.066048	0.16005	0.32245	-21.728	-133.63	-66.888	-6.0704	-50.809	39.225	52.507	7.5343	-1.8114	-22.924	68.135	-44.912	20.954	9.3682
-13.234	-82.656	-7.6647	2.4013	-2.7378	2.2089	3.3181	-1.309	0.45467	0.1729	0.33262	1.6496	0.79677	0.20869	2.7049	27.433	-18.191	-49.049	-47.455	-18.455	-13.239	-49.232	-45.582	3.0756	-24.356	68.626	25.469	-4.5502
-13.129	-81.057	-5.913	3.1785	-1.7938	3.0462	3.6946	-1.6877	0.25405	0.64062	-0.4839	0.969	-0.32205	0.69767	4.201	63.975	70.071	31.088	37.757	33.492	15.062	-15.149	-8.0249	18.709	-32.661	-27.224	-44.753	19.559
-12.436	-81.419	-7.5863	3.0322	0.3953	2.2791	3.0445	1.0077	0.86206	0.47241	0.38383	-0.32799	-0.17224	1.0687	27.724	-14.507	-66.935	-5.8511	87.566	-30.685	-26.003	107.82	24.32	-6.7286	34.709	-51.879	5.9926	14.842
-6.662	-16.219	-6.1188	-3.0536	0.86595	-3.7332	1.406	1.3901	1.1355	1.025	-1.4977	0.38474	1.4575	0.3593	230.94	2608	58.702	-243.43	18.826	-240.49	-65.542	15.293	10.938	22.104	-75.261	28.509	65.19	-28.376
-4.3757	13.848	-12.592	-5.7814	-0.56625	-3.701	2.0956	1.0552	-0.33802	-1.0601	-1.641	-0.22905	0.13538	0.36641	91.45	1202.7	-258.93	-109.11	-57.288	1.2873	27.582	-13.393	-58.941	-83.404	-5.7319	-24.552	-52.885	0.28422
-3.833	21.57	-16.285	-0.51012	0.50091	-3.2555	2.0507	0.72352	-1.8518	0.59339	-0.24019	0.78201	0.24486	0.86421	21.711	308.86	-147.73	210.85	42.687	17.821	-1.7944	-13.269	-60.552	66.139	56.032	40.442	4.379	19.912
-3.4761	21.685	-19.024	1.686	1.3658	-2.8568	0.77467	0.60547	-0.36746	0.54095	0.44743	1.0102	0.29763	0.55342	14.276	4.628	-109.55	87.843	34.597	15.946	-51.041	-4.722	59.374	-2.0977	27.505	9.1283	2.111	-12.431
-3.5146	23.917	-19.243	0.14458	-0.88364	-3.567	0.78296	0.84113	0.045756	-0.50666	-2.0284	0.52906	0.67197	0.80509	-1.5424	89.283	-8.749	-61.655	-89.979	-28.407	0.33153	9.4265	16.528	-41.904	-99.034	-19.246	14.974	10.067
-4.0457	14.981	-20.324	-0.82201	1.2855	-0.33565	0.66601	0.19392	0.26801	-0.34001	-0.65865	0.96521	-0.86	1.0136	-21.244	-357.44	-43.231	-38.664	86.765	129.25	-4.678	-25.888	8.8902	6.6659	54.791	17.446	-61.279	8.3412
-4.5644	14.059	-17.946	-0.3107	0.49776	-0.97268	-0.055405	-1.7335	0.71498	1.1636	-1.1913	0.43759	-1.383	0.41145	-20.746	-36.892	95.104	20.453	-31.509	-25.481	-28.856	-77.096	17.879	60.145	-21.308	-21.105	-20.92	-24.087
-4.8148	14.108	-14.373	-2.0879	0.28572	1.733	-0.11171	-2.7583	0.13224	1.5059	-1.6365	0.22134	-1.4973	1.018	-10.019	1.9439	142.93	-71.088	-8.4814	108.23	-2.2524	-40.994	-23.309	13.691	-17.805	-8.6501	-4.5719	24.262
-5.2329	11.12	-15.223	-5.3352	-1.7947	1.399	1.3647	-3.598	1.2008	2.6026	-0.95411	0.17723	-0.91425	1.8288	-16.724	-119.52	-34.035	-129.89	-83.216	-13.36	59.058	-33.589	42.744	43.87	27.295	-1.7645	23.322	32.431
-5.8277	4.4483	-7.8261	0.2487	-0.29061	2.9142	2.8962	-2.061	1.3374	2.4794	-0.39538	0.61395	-2.5327	0.26915	-23.789	-266.85	295.89	223.36	60.162	60.608	61.26	61.48	5.4628	-4.9297	22.349	17.469	-64.738	-62.385
-6.6511	0.83791	-2.1573	1.46	0.22267	3.3134	4.2761	-1.1796	-0.20331	0.78117	-0.71921	-0.037596	-1.6376	0.91822	-32.938	-144.41	226.75	48.453	20.531	15.969	55.196	35.259	-61.629	-67.928	-12.953	-26.062	35.804	25.963
-7.0486	-9.7578	-3.6071	4.4818	0.033064	5.1571	3.8126	-0.43356	1.4081	0.081775	-1.2423	2.5091	-0.29699	1.1579	-15.897	-423.83	-57.993	120.87	-7.5843	73.747	-18.541	29.84	64.456	-27.976	-20.924	101.87	53.624	9.5886
-7.4494	-13.767	-4.0556	5.4537	-0.035411	4.2789	3.9871	0.25631	1.6206	0.25593	-0.36914	2.3601	-0.096314	0.25112	-16.036	-160.36	-17.939	38.876	-2.739	-35.13	6.98	27.595	8.5016	6.9661	34.927	-5.958	8.0269	-36.273
-7.5883	-14.195	-4.916	4.3007	-0.14869	4.3294	6.0113	0.29578	1.2095	-0.041538	-0.47983	2.2106	-0.88357	0.56135	-5.5554	-17.148	-34.414	-46.117	-4.5313	2.0237	80.968	1.5786	-16.447	-11.899	-4.4276	-5.9796	-31.49	12.409
-7.6033	-17.454	-8.4395	5.7403	0.2537	5.712	6.2421	1.0038	0.46662	0.39651	-0.20896	0.8632	-0.33757	0.96747	-0.59854	-130.34	-140.94	57.581	16.096	55.303	9.2305	28.323	-29.714	17.522	10.835	-53.898	21.84	16.245
-7.5757	-13.991	-9.3737	5.072	-1.6383	4.4524	4.7088	2.1636	1.7073	1.1404	0.39293	1.1076	-0.080415	0.50226	1.1052	138.53	-37.369	-26.729	-75.682	-50.384	-61.33	46.392	49.627	29.756	24.075	9.7762	10.286	-18.609
-7.3708	-12.904	-5.1989	3.9467	-0.96127	3.2172	3.898	1.2778	1.899	1.1456	-1.331	1.5566	-0.26137	0.66774	8.1941	43.473	166.99	-45.014	27.083	-49.41	-32.433	-35.434	7.6664	0.20852	-68.957	17.961	-7.2384	6.6194
-4.6077	13.767	3.461	-0.37288	-3.0136	1.7227	1.3094	-1.7432	0.36567	-0.056384	-1.0236	2.2956	-1.5818	0.080861	110.52	1066.9	346.39	-172.78	-82.092	-59.779	-103.55	-120.84	-61.331	-48.08	12.298	29.56	-52.818	-23.475
-1.6132	32.803	14.454	-7.5471	-1.8813	1.9062	-1.8655	-3.049	-1.6327	0.33742	0.55768	2.3107	-0.0078724	-0.46786	119.78	761.42	439.73	-286.97	45.293	7.3409	-127	-52.232	-79.935	15.752	63.25	0.60243	62.958	-21.949
-0.33603	43.895	17.252	-12.335	-0.15922	-0.85791	-2.347	-3.5349	-1.8791	1.7903	1.4	1.6902	1.1451	-1.9662	51.085	443.66	111.9	-191.5	68.881	-110.56	-19.259	-19.435	-9.8539	58.114	33.692	-24.82	46.117	-59.933
0.23344	48.363	16.679	-13.147	-0.7417	-2.1658	-2.574	-3.1928	-0.65946	3.011	1.7542	1.533	0.16142	-1.8341	22.779	178.76	-22.912	-32.507	-23.299	-52.315	-9.0809	13.685	48.784	48.828	14.17	-6.2887	-39.345	5.2836
0.64286	53.304	15.598	-14.613	-1.6914	-2.8832	-2.4385	-2.0839	-0.032457	3.1465	2.0139	0.51266	-0.47949	-1.999	16.377	197.64	-43.221	-58.627	-37.989	-28.697	5.4214	44.356	25.08	5.4197	10.387	-40.813	-25.637	-6.5968
0.51907	51.641	15.904	-15.324	-2.6725	-1.9453	-2.8817	-0.94602	0.43935	2.7763	2.239	-0.79566	-1.086	-1.676	-4.9515	-66.524	12.24	-28.453	-39.245	37.515	-17.729	45.515	18.872	-14.808	9.0043	-52.333	-24.261	12.922
0.45206	49.115	15.955	-14.469	-4.1528	-1.5571	-2.792	-0.77437	1.5993	1.8698	2.438	-1.7714	-0.82181	-2.3526	-2.6802	-101.07	2.0251	34.223	-59.212	15.529	3.5902	6.8658	46.398	-36.259	7.9593	-39.028	10.569	-27.064
0.34973	48.076	15.448	-14.084	-4.9623	-1.2559	-2.6204	-0.44844	1.9524	1.7595	2.7539	-2.5102	-0.3109	-2.6058	-4.0934	-41.558	-20.29	15.396	-32.378	12.05	6.864	13.037	14.123	-4.411	12.635	-29.552	20.436	-10.129
0.26852	46.801	16.101	-13.897	-5.6674	0.55267	-3.4529	0.60237	1.3816	2.0258	2.6788	-2.5824	-0.31171	-2.2133	-3.2483	-50.974	26.124	7.4654	-28.206	72.342	-33.301	42.033	-22.833	10.651	-3.0026	-2.8876	-0.032501	15.702
0.23455	49.158	14.14	-16.038	-4.1613	-0.16908	-3.9667	0.27702	0.78546	2.3156	2.6593	-2.8277	0.3089	-2.2626	-1.3589	94.261	-78.415	-85.648	60.244	-28.87	-20.553	-13.014	-23.844	11.594	-0.78218	-9.8142	24.824	-1.9746
0.087464	50.935	12.834	-14.877	-2.6625	-0.16601	-3.9512	-0.54373	0.90692	2.6326	3.1617	-2.1555	0.5127	-1.8708	-5.8834	71.079	-52.241	46.459	59.954	0.12311	0.62101	-32.83	4.8585	12.678	20.097	26.887	8.152	15.674
-0.0094135	51	10.366	-12.353	-1.4626	-0.54887	-5.3049	-1.7305	0.14609	3.4155	3.4966	-1.3222	0.56279	-1.4277	-3.8751	2.6181	-98.746	100.98	47.996	-15.314	-54.15	-47.472	-30.433	31.315	13.398	33.334	2.0037	17.722
-0.35746	49.884	10.244	-10.829	0.073733	-0.48978	-6.4792	-1.6712	-1.2256	3.4958	2.135	-0.096646	0.21136	0.31444	-13.922	-44.658	-4.8832	60.943	61.452	2.3635	-46.973	2.3715	-54.866	3.2146	-54.465	49.021	-14.057	69.687
-0.70949	45.703	9.3221	-6.6361	1.981	2.2085	-7.2155	-2.431	-2.1211	1.1969	2.024	-0.27401	0.54393	1.3759	-14.081	-167.23	-36.86	167.72	76.291	107.93	-29.45	-30.389	-35.822	-91.958	-4.4394	-7.0945	13.303	42.457
-1.4063	39.854	8.4859	-2.905	3.7334	3.0394	-6.0906	-3.2892	-1.9824	-0.491	1.0313	-1.316	0.19704	1.5534	-27.874	-233.97	-33.448	149.24	70.096	33.236	44.997	-34.33	5.5469	-67.516	-39.709	-41.681	-13.876	7.1027
-2.0558	34.365	5.7446	-1.1167	5.5637	3.6753	-3.2269	-3.7623	-0.79934	-0.95415	0.8989	-2.6945	0.78199	0.80636	-25.979	-219.55	-109.65	71.534	73.21	25.435	114.55	-18.922	47.324	-18.526	-5.2956	-55.137	23.398	-29.883
-2.7223	26.752	5.893	-0.80292	6.8704	4.9351	-3.381	-1.3053	-0.84036	0.21252	0.18627	-2.6727	-0.20919	1.2451	-26.66	-304.53	5.9361	12.552	52.268	50.395	-6.1656	98.276	-1.6408	46.667	-28.505	0.86968	-39.647	17.549
-3.366	15.538	6.5946	-0.32939	8.0646	6.219	-3.9502	0.26652	-0.509	0.20963	0.087539	-2.6931	-0.44619	1.6762	-25.749	-448.55	28.065	18.941	47.77	51.355	-22.768	62.875	13.255	-0.11575	-3.9491	-0.81467	-9.4803	17.242
-4.408	5.2164	5.4382	0.73306	7.7691	7.3968	-3.519	-0.2061	-0.14025	1.1319	-0.54483	-1.742	0.1298	1.6821	-41.679	-412.88	-46.255	42.498	-11.821	47.11	17.249	-18.905	14.75	36.892	-25.295	38.043	23.04	0.23903
-5.4556	-8.9974	4.4693	1.0219	7.5302	6.3596	-3.6244	0.61497	0.56428	1.3688	0.60077	-0.17817	0.42136	2.3066	-41.903	-568.55	-38.758	11.554	-9.5545	-41.485	-4.2157	32.843	28.182	9.4765	45.824	62.554	11.662	24.98
-6.7061	-28.524	5.4253	1.207	7.3759	6.8385	-2.0487	-1.4829	0.57884	1.4105	1.4759	1.4212	3.3963	2.1704	-50.021	-781.05	38.242	7.403	-6.1724	19.157	63.03	-83.913	0.58234	1.6664	35.006	63.973	119	-5.4484
-7.5896	-48.54	6.2857	6.0138	9.1818	2.3961	0.14052	0.6566	1.1993	2.8448	1.8458	0.02497	0.33717	2.0968	-35.34	-800.64	34.417	192.27	72.235	-177.7	87.568	85.578	24.82	57.37	14.795	-55.848	-122.37	-2.9446
-6.7259	-25.98	-0.1954	3.4458	9.8114	-1.7089	0.40124	-0.16499	0.48331	4.2543	-0.23068	0.15869	1.6928	2.1791	34.549	902.38	-259.25	-102.72	25.184	-164.2	10.429	-32.864	-28.641	56.38	-83.059	5.3489	54.227	3.2921
-5.0919	-4.5208	0.15749	1.6107	11.726	-0.61225	-0.68578	-0.037534	0.44594	2.4784	-0.49786	-1.8136	1.6352	0.95348	65.36	858.38	14.116	-73.406	76.57	43.865	-43.481	5.0983	-1.4946	-71.033	-10.687	-78.891	-2.306	-49.026
-4.3075	6.0244	0.69543	0.10588	14.175	0.76104	-1.5576	0.63065	0.49909	-0.095527	0.049547	-2.656	1.497	0.67352	31.375	421.81	21.518	-60.192	97.972	54.932	-34.872	26.727	2.1261	-102.96	21.896	-33.696	-5.5259	-11.198
-3.3156	15.4	1.6798	-0.95275	13.688	1.9442	-2.6547	0.88626	-0.25054	-0.1881	-0.35058	-3.4815	1.2873	0.19605	39.675	375	39.374	-42.345	-19.459	47.326	-43.883	10.224	-29.985	-3.7027	-16.005	-33.022	-8.3881	-19.099
-2.4298	22.316	4.6533	-3.3439	13.44	3.033	-4.1059	0.032236	-0.078827	-1.077	-0.85291	-3.7037	1.7692	-1.0587	35.435	276.66	118.94	-95.647	-9.9428	43.553	-58.048	-34.161	6.8685	-35.555	-20.093	-8.8858	19.275	-50.19
-1.8385	33.584	4.0183	-4.2082	12.092	3.3093	-4.9703	-2.1663	0.25657	-0.84562	-1.6503	-3.4661	1.6119	-1.034	23.653	450.73	-25.401	-34.571	-53.928	11.05	-34.578	-87.94	13.416	9.254	-31.897	9.5041	-6.2913	0.98701
-1.5903	38.332	5.759	-6.2253	10.228	3.5891	-4.969	-3.798	-0.055819	-0.34984	-1.0309	-3.4705	1.9979	-0.31037	9.9274	189.92	69.627	-80.682	-74.556	11.193	0.054306	-65.269	-12.496	19.831	24.776	-0.17694	15.437	28.947
-1.6081	36.742	8.3801	-7.7328	8.1372	3.3553	-3.2066	-4.3812	-2.0223	0.64361	-0.21172	-2.5742	1.4506	1.0196	-0.71273	-63.624	104.85	-60.302	-83.625	-9.3505	70.494	-23.327	-78.661	39.738	32.768	35.85	-21.891	53.197
-1.6317	35.021	11.032	-8.0717	5.2425	3.5562	-2.2413	-3.6964	-4.5317	0.88707	-0.031907	-1.78	1.2354	1.1614	-0.94521	-68.84	106.09	-13.557	-115.79	8.0338	38.613	27.392	-100.38	9.7385	7.1924	31.771	-8.6082	5.6741
-1.6411	32.991	13.049	-8.7442	4.164	3.1232	-1.9722	-2.5277	-6.0501	0.98615	-0.72385	-1.0721	1.2393	0.78187	-0.37679	-81.205	80.656	-26.898	-43.137	-17.319	10.764	46.747	-60.735	3.9634	-27.678	28.313	0.15578	-15.182
-1.7758	31.255	13.597	-8.5532	3.4135	2.3395	-2.1937	-1.2781	-6.6665	1.3887	-1.2318	0.22779	1.4894	-0.34677	-5.3865	-69.42	21.948	7.6397	-30.023	-31.348	-8.8621	49.982	-24.656	16.103	-20.317	51.997	10.006	-45.145
-2.152	28.872	13.016	-8.0182	2.9555	1.7972	-1.1429	-1.1744	-5.7537	0.33939	-0.67946	0.54819	1.734	-0.92529	-15.05	-95.334	-23.248	21.402	-18.319	-21.691	42.035	4.15	36.511	-41.973	22.092	12.816	9.785	-23.141
-2.1909	28.702	12.471	-7.6501	2.2713	1.9234	-1.071	-1.4054	-5.0917	-0.45113	-0.11946	0.10065	2.519	-2.0623	-1.5551	-6.7906	-21.817	14.724	-27.369	5.0478	2.8762	-9.2409	26.481	-31.621	22.4	-17.902	31.397	-45.479
-2.2124	29.746	12.359	-7.7723	2.8511	1.9925	-1.5295	-0.49994	-5.4054	-0.92948	0.41225	0.23254	2.4909	-2.1432	-0.8599	41.752	-4.484	-4.8899	23.193	2.7635	-18.34	36.219	-12.546	-19.134	21.269	5.2754	-1.1238	-3.2361
-2.1307	30.748	11.707	-6.9161	2.6284	1.9507	-1.946	-0.10373	-5.1509	-1.6311	0.87904	0.16778	1.8562	-1.5439	3.2675	40.096	-26.056	34.247	-8.9081	-1.673	-16.664	15.848	10.181	-28.063	18.671	-2.5906	-25.386	23.97
-2.2104	29.881	11.022	-5.8243	2.0883	3.4314	-3.3057	1.4868	-5.2105	-2.3241	1.2091	0.16395	1.3112	-1.4338	-3.185	-34.689	-27.418	43.675	-21.604	59.229	-54.384	63.62	-2.3854	-27.722	13.203	-0.15322	-21.802	4.4064
-2.1977	30.536	9.9973	-4.5095	1.6589	4.2045	-4.1821	2.3891	-5.552	-2.6768	1.1623	0.21668	0.78202	-1.1999	0.50635	26.197	-40.981	52.592	-17.175	30.924	-35.056	36.093	-13.662	-14.109	-1.8714	2.1092	-21.167	9.3561
-2.4089	32.502	7.8745	-3.6899	2.5455	3.5711	-3.0606	1.9662	-5.0282	-3.3174	1.1573	0.40031	0.023315	-0.82359	-8.4472	78.648	-84.912	32.783	35.462	-25.336	44.857	-16.916	20.955	-25.623	-0.20171	7.3455	-30.348	15.051
-2.6821	31.814	4.988	-1.5945	3.4972	0.50418	0.2673	-0.37192	-4.0173	-2.0724	0.072556	2.1936	-1.4459	-1.0518	-10.93	-27.509	-115.46	83.815	38.067	-122.68	133.12	-93.525	40.434	49.798	-43.39	71.732	-58.771	-9.1284
-3.3096	31.395	-3.1286	5.1656	1.4585	-0.42343	1.0085	0.28789	-4.8833	-1.6338	0.67256	1.7512	-0.64153	-0.67291	-25.099	-16.794	-324.66	270.4	-81.547	-37.104	29.648	26.393	-34.639	17.544	24	-17.696	32.177	15.156
-3.4678	25.398	-11.545	10.204	0.63209	-2.0177	2.9015	0.77417	-4.6646	-0.94281	0.85074	0.14877	-0.41097	0.61362	-6.3266	-239.85	-336.66	201.55	-33.056	-63.771	75.718	19.451	8.7468	27.641	7.1273	-64.097	9.2224	51.461
-3.328	17.864	-18.01	9.7299	0.58676	-3.4309	3.6789	0.22533	-1.7617	1.9754	0.71997	0.80984	-1.665	0.25817	5.5929	-301.39	-258.61	-18.973	-1.8134	-56.526	31.096	-21.954	116.12	116.73	-5.2308	26.443	-50.16	-14.218
-3.1401	13.126	-22.465	8.5992	0.1681	-2.2922	4.6954	0.30804	0.035341	3.6132	-0.64479	0.3068	-0.96871	0.33533	7.5145	-189.52	-178.17	-45.229	-16.746	45.546	40.663	3.3081	71.883	65.511	-54.591	-20.122	27.851	3.0864
-3.0481	13.188	-24.201	7.6718	-0.24059	-1.9527	4.4011	-0.79702	-1.3153	3.3212	-0.51345	1.5259	1.1854	-0.33548	3.6787	2.4761	-69.46	-37.095	-16.347	13.582	-11.773	-44.202	-54.027	-11.677	5.2538	48.762	86.164	-26.832
-2.9901	8.9055	-26.566	5.5678	-3.9256	-3.4671	4.7798	-1.0656	-1.2955	1.4797	-2.1994	0.98539	0.64218	-0.43142	2.3218	-171.29	-94.581	-84.16	-147.4	-60.577	15.148	-10.745	0.79203	-73.661	-67.436	-21.619	-21.729	-3.8374
-2.9691	14.291	-22.342	8.2466	-3.2295	-5.3237	4.2004	-0.92674	-1.1872	3.6471	-1.7799	-0.35469	-0.11305	0.89868	0.83779	215.4	168.96	107.15	27.844	-74.266	-23.176	5.5558	4.3333	86.695	16.777	-53.603	-30.209	53.204
-3.2174	16.895	-17.556	8.2109	-2.4768	-6.1945	3.6791	-0.39794	-1.1282	1.9572	-2.8694	0.69689	2.434	1.0658	-9.9308	104.19	191.42	-1.4289	30.107	-34.829	-20.851	21.152	2.3595	-67.594	-43.577	42.063	101.88	6.684
-3.6842	6.7021	-22.591	5.4633	1.4452	-3.0972	1.9288	-0.57354	-2.2646	0.92022	-1.7269	-0.82766	0.70495	0.18251	-18.673	-407.73	-201.41	-109.9	156.88	123.89	-70.013	-7.024	-45.454	-41.48	45.698	-60.982	-69.161	-35.331
-4.0073	14.083	-21.771	0.42445	-0.38306	-4.5419	0.77777	0.12012	-0.25959	1.2936	0.20054	0.59051	0.21249	2.4246	-12.922	295.24	32.802	-201.55	-73.131	-57.788	-46.042	27.746	80.2	14.934	77.097	56.727	-19.699	89.682
-4.3045	15.494	-18.141	-1.5477	-0.39821	-2.6041	2.1955	1.0313	3.0568	1.4844	0.37077	0.86919	-1.3743	1.6522	-11.89	56.454	145.21	-78.886	-0.60606	77.515	56.708	36.449	132.66	7.6338	6.8094	11.147	-63.473	-30.895
-4.9019	12.074	-15.914	-2.0933	0.55272	-1.5348	0.99596	-1.765	1.7671	-0.15279	-1.0609	1.4373	-0.42462	1.1601	-23.896	-136.82	89.1	-21.825	38.037	42.772	-47.98	-111.85	-51.591	-65.488	-57.268	22.726	37.989	-19.685
-5.6999	6.871	-15.002	-2.8472	0.052435	0.59242	1.6289	-2.49	1.0901	-0.072853	-0.76031	1.4838	-1.047	0.18781	-31.92	-208.12	36.46	-30.155	-20.011	85.088	25.319	-29.001	-27.078	3.1976	12.025	1.8586	-24.896	-38.891
-6.2801	-3.0058	-14.714	-3.5325	-4.1648	0.39275	0.18569	-3.2087	0.39473	-0.027747	-1.2989	-0.36033	-0.3202	1.441	-23.208	-395.07	11.51	-27.413	-168.69	-7.987	-57.73	-28.747	-27.816	1.8043	-21.544	-73.766	29.073	50.126
-7.2372	-13.911	-17.121	-3.9282	-4.8248	-1.5891	2.2161	-1.5971	0.55186	2.2891	-0.54925	0.00080885	-0.60467	1.0962	-38.282	-436.22	-96.259	-15.829	-26.399	-79.273	81.214	64.462	6.2852	92.675	29.987	14.446	-11.379	-13.792
-7.3484	-19.185	-18.4	-5.583	-3.9769	-0.50251	2.0335	-2.6291	-0.77281	0.84133	-1.2423	0.3557	-0.69948	1.0899	-4.4501	-210.94	-51.161	-66.19	33.917	43.462	-7.3011	-41.279	-52.987	-57.912	-27.723	14.196	-3.7923	-0.25002
-7.5156	-13.51	-14.508	-4.6896	-5.5512	1.3183	3.3047	-1.3555	-0.475	-0.67345	-1.9428	-0.70468	-1.1942	0.70228	-6.6863	226.99	155.68	35.736	-62.974	72.831	50.845	50.943	11.912	-60.591	-28.019	-42.415	-19.79	-15.505
-7.461	-16.693	-15.927	-1.5415	-4.6233	1.3458	1.5481	-1.7905	1.0542	0.97796	-0.17241	-0.81808	-0.43534	0.19462	2.1823	-127.3	-56.783	125.92	37.115	1.1	-70.261	-17.401	61.166	66.057	70.815	-4.5359	30.356	-20.306
-7.0293	-12.935	-15.139	-3.9608	-2.1108	-0.17574	-0.45311	1.6618	2.4373	-0.81865	-0.35753	1.7263	-0.63857	-0.21795	17.269	150.3	31.555	-96.772	100.5	-60.86	-80.049	138.09	55.325	-71.864	-7.405	101.77	-8.1291	-16.503
-6.4889	-0.53924	-8.7797	-4.4692	-2.2496	-0.7317	-1.1884	-1.1219	-0.53257	-1.3149	-0.3228	-0.1261	-1.4216	-0.089323	21.615	495.83	254.36	-20.336	-5.5512	-22.238	-29.414	-111.35	-118.79	-19.851	1.3894	-74.095	-31.32	5.1452
-2.8485	8.4491	3.5191	-0.26173	-2.5135	0.94338	1.8724	-1.8029	0.80737	0.53053	-0.36834	0.1582	-0.38752	0.35745	145.62	359.54	491.95	168.3	-10.556	67.003	122.43	-27.241	53.598	73.818	-1.8219	11.372	41.362	17.871
-1.361	21.421	23.644	-2.3266	-11.837	-1.4846	1.4473	-1.9368	-0.51477	0.84472	1.2625	-2.503	2.4938	2.5487	59.5	518.88	804.98	-82.593	-372.96	-97.12	-17.006	-5.3549	-52.886	12.567	65.234	-106.45	115.25	87.649
-0.31312	26.72	25.244	-3.1945	-13.363	-2.3063	1.4226	-2.4753	-0.74744	0.26085	3.1498	-3.823	2.8168	3.0458	41.914	211.96	64.012	-34.716	-61.03	-32.866	-0.9882	-21.538	-9.3068	-23.354	75.49	-52.799	12.917	19.885
0.075649	28.346	24.703	-3.9673	-13.238	-3.1216	2.848	-2.4777	-1.2285	0.54552	3.1568	-2.9167	2.4462	3.3428	15.551	65.053	-21.643	-30.913	5.011	-32.613	57.018	-0.098684	-19.242	11.387	0.28104	36.249	-14.822	11.879
0.23728	31.614	24.275	-6.328	-12.552	-4.4208	3.8695	-2.9551	-1.5805	0.52887	2.8703	-2.5558	1.7729	2.8656	6.4652	130.71	-17.113	-94.429	27.455	-51.968	40.861	-19.096	-14.079	-0.66616	-11.459	14.438	-26.933	-19.085
0.3402	33.939	23.036	-5.8574	-12.519	-4.8239	4.4356	-3.1631	-1.4866	0.47413	2.9055	-2.2143	1.5667	2.4104	4.117	92.997	-49.544	18.822	1.3018	-16.124	22.643	-8.3209	3.7536	-2.1895	1.4067	13.659	-8.248	-18.208
0.48393	36.281	22.42	-5.8991	-12.158	-5.1032	5.0753	-3.3389	-2.0689	0.22436	3.383	-2.6793	2.0679	2.3233	5.7491	93.662	-24.646	-1.6681	14.428	-11.171	25.589	-7.0303	-23.29	-9.9908	19.102	-18.599	20.048	-3.4864
0.37652	37.482	21.618	-5.4671	-12.948	-4.2064	4.9539	-3.3354	-3.2846	-0.013128	3.9152	-2.7573	2.2827	1.6569	-4.2964	48.056	-32.094	17.281	-31.604	35.871	-4.8584	0.13957	-48.628	-9.4997	21.286	-3.1197	8.5931	-26.656
0.2724	35.289	21.97	-5.4909	-11.597	-4.079	4.6239	-3.3946	-4.6065	0.19106	4.1587	-2.3936	1.5279	1.6291	-4.165	-87.728	14.068	-0.95312	54.061	5.0973	-13.198	-2.3688	-52.877	8.1674	9.7418	14.548	-30.193	-1.1118
-0.098901	33.352	22.009	-4.9773	-10.952	-2.616	3.9528	-2.6181	-5.9174	0.32047	4.0995	-2.2394	1.9846	1.3195	-14.852	-77.459	1.567	20.548	25.801	58.518	-26.844	31.061	-52.436	5.1764	-2.3691	6.1675	18.267	-12.385
-0.34175	29.902	21.523	-3.8049	-11.441	-0.62458	3.5375	-2.6505	-7.1316	-0.44711	4.3838	-2.4894	1.9277	1.2636	-9.7139	-138	-19.44	46.892	-19.549	79.658	-16.613	-1.2976	-48.566	-30.703	11.371	-10.002	-2.2746	-2.2341
-0.79432	29.271	20.391	-3.2776	-10.532	0.97768	3.8678	-3.1483	-7.438	-0.50365	4.3183	-2.6042	1.8687	1.042	-18.103	-25.262	-45.284	21.093	36.349	64.09	13.213	-19.909	-12.258	-2.2616	-2.6189	-4.5908	-2.3595	-8.865
-0.91148	25.465	21.88	-3.5349	-10.188	2.8234	3.1808	-3.5856	-8.2613	-0.10698	4.1606	-3.5157	1.9058	0.84881	-4.6862	-152.25	59.586	-10.292	13.759	73.828	-27.48	-17.494	-32.931	15.867	-6.3095	-36.462	1.4816	-7.7275
-0.96426	24.384	21.695	-2.4254	-9.8134	4.9626	2.2829	-4.899	-8.0821	0.33937	3.372	-4.4272	2.4528	0.80765	-2.1114	-43.233	-7.409	44.38	14.978	85.568	-35.92	-52.537	7.1658	17.854	-31.541	-36.461	21.88	-1.6461
-0.92882	24.262	21.348	-2.1108	-9.1281	8.1712	0.042519	-4.6904	-7.6776	0.12728	2.5323	-4.2036	1.8161	1.2411	1.4176	-4.8578	-13.896	12.584	27.414	128.35	-89.613	8.3454	16.182	-8.4836	-33.588	8.9472	-25.466	17.34
-1.0998	26.435	19.125	-3.6557	-6.2549	9.0091	-1.351	-4.0287	-7.3352	0.51488	2.127	-3.8827	0.76982	2.0235	-6.8397	86.911	-88.91	-61.794	114.92	33.513	-55.741	26.467	13.694	15.504	-16.214	12.834	-41.852	31.296
-1.2577	30.03	15.999	-5.3871	-3.3905	8.7781	-0.8741	-3.9115	-6.8945	1.7423	1.9532	-3.2256	-0.25507	2.3512	-6.3167	143.79	-125.04	-69.256	114.58	-9.2378	19.076	4.6882	17.629	49.096	-6.9499	26.284	-40.996	13.107
-1.3636	31.287	14.296	-6.3982	-1.2668	8.8139	-0.61547	-4.2635	-5.9356	1.8517	3.0964	-4.31	0.012957	1.8653	-4.2363	50.299	-68.117	-40.448	84.948	1.4307	10.345	-14.077	38.354	4.3754	45.725	-43.377	10.721	-19.437
-1.8517	28.362	13.372	-6.0559	-0.51461	7.9752	0.13204	-4.6051	-5.0116	2.3828	2.9282	-4.1593	-0.093817	2.1755	-19.523	-117	-36.977	13.693	30.088	-33.547	29.9	-13.667	36.962	21.246	-6.7261	6.0291	-4.271	12.41
-2.6382	22.648	6.1439	0.1214	-1.4169	6.7064	3.4103	-6.9781	-1.4977	1.7974	1.5952	-1.4514	-1.6424	3.111	-31.459	-228.57	-289.1	247.09	-36.091	-50.754	131.13	-94.92	140.56	-23.415	-53.32	108.32	-61.942	37.42
-4.1526	20.114	-3.4711	1.2176	3.138	4.0082	2.445	-4.2669	0.93762	2.0541	-0.13083	-1.2952	-1.2907	1.3975	-60.577	-101.38	-384.6	43.846	182.2	-107.92	-38.613	108.45	97.414	10.269	-69.042	6.2486	14.067	-68.542
-4.3609	18.164	-12.517	4.8156	6.5225	3.6119	2.0616	-3.3066	1.2995	1.676	-0.15536	0.63006	-1.5338	0.33702	-8.3325	-77.968	-361.84	143.92	135.38	-15.852	-15.336	38.414	14.475	-15.126	-0.98123	77.011	-9.7226	-42.418
-3.3683	18.4	-21.303	4.1133	3.4067	2.0559	1.9672	-0.5877	3.1648	1.7208	0.95612	0.81011	-2.682	0.17958	39.705	9.4038	-351.45	-28.091	-124.63	-62.242	-3.7771	108.76	74.613	1.7907	44.459	7.2021	-45.929	-6.2977
-2.5898	26.764	-22.337	5.1757	2.924	0.31089	1.8571	0.78336	1.1588	1.0977	0.059754	0.87051	-0.68084	0.50285	31.14	334.58	-41.361	42.498	-19.307	-69.8	-4.4042	54.842	-80.241	-24.924	-35.855	2.4159	80.045	12.931
-2.1035	23.663	-28.84	3.6244	0.39166	-2.2955	2.0566	2.0736	-0.4374	-1.0167	0.64836	0.64241	-0.8681	0.76439	19.454	-124.05	-260.11	-62.051	-101.29	-104.25	7.9814	51.609	-63.848	-84.575	23.544	-9.1239	-7.4907	10.462
-1.8943	25.259	-27.724	4.4302	0.027037	-2.7897	1.2417	1.2063	-0.5283	1.7383	2.0164	0.077882	-0.49599	0.43927	8.3654	63.861	44.645	32.23	-14.585	-19.77	-32.595	-34.69	-3.6361	110.2	54.723	-22.581	14.885	-13.005
-1.7048	28.498	-24.764	7.0355	0.12751	-1.5615	1.6863	0.74283	-0.88933	1.1954	-0.35119	-0.98478	-0.29106	0.026111	7.583	129.55	118.4	104.21	4.019	49.128	17.78	-18.54	-14.441	-21.714	-94.705	-42.507	8.197	-16.526
-1.4984	25.658	-27.849	6.5196	-0.77124	-3.1669	-0.49156	-1.2273	-1.9428	2.2827	-0.007654	-0.159	0.50844	0.87458	8.2543	-113.6	-123.41	-20.634	-35.95	-64.215	-87.113	-78.806	-42.14	43.492	13.742	33.031	31.98	33.939
-1.4587	27.045	-25.193	10.341	-0.072866	-1.2419	3.2565	-0.12204	-0.38486	2.8465	-1.2887	0.62564	-0.29712	1.1657	1.5876	55.467	106.27	152.87	27.935	76.999	149.92	44.211	62.319	22.551	-51.242	31.386	-32.222	11.644
-1.3899	25.773	-25.296	9.4126	-0.35214	-0.74449	2.9098	0.89438	-1.1177	2.2709	0.45327	0.50543	-0.63906	1.2018	2.7538	-50.845	-4.1406	-37.153	-11.171	19.897	-13.868	40.657	-29.313	-23.023	69.679	-4.8085	-13.678	1.4449
-1.7109	23.482	-24.894	8.7184	-0.13426	-0.87345	4.2132	1.7109	-0.72004	2.415	-0.35839	-0.34833	-0.60823	0.72258	-12.842	-91.644	16.09	-27.766	8.7152	-5.1585	52.136	32.661	15.906	5.7639	-32.466	-34.15	1.2332	-19.169
-1.9053	21.761	-24.52	11.649	-0.47465	-1.4786	4.1797	-0.36941	-0.10355	1.6553	0.19105	-0.68394	0.4235	1.1623	-7.7756	-68.844	14.964	117.22	-13.616	-24.205	-1.3409	-83.213	24.659	-30.389	21.977	-13.424	41.269	17.588
-2.0799	15.107	-29.326	8.9926	-1.7631	-1.8864	3.7264	0.69962	0.21459	2.5152	-0.63005	-0.15753	0.58262	0.87652	-6.9833	-266.16	-192.26	-106.26	-51.536	-16.314	-18.13	42.761	12.726	34.396	-32.844	21.056	6.3645	-11.431
-2.3798	13.291	-28.144	10.19	-0.047147	-2.4442	3.0711	-0.62743	-1.4048	2.3053	0.86569	0.28518	-0.39459	0.71137	-11.998	-72.648	47.292	47.881	68.636	-22.31	-26.215	-53.082	-64.774	-8.3947	59.83	17.709	-39.088	-6.6059
-2.8587	9.1561	-26.496	10.144	2.6938	-0.22497	2.6306	1.2098	-0.80706	1.7284	0.20179	-0.56268	0.80089	-0.18882	-19.154	-165.4	65.93	-1.8223	109.64	88.768	-17.617	73.488	23.908	-23.074	-26.556	-33.915	47.819	-36.008
-3.3196	0.51692	-29.733	7.4498	1.9415	-1.7685	3.8666	1.2235	-0.95197	2.7151	0.085474	-0.50582	-0.034086	-0.88456	-18.437	-345.57	-129.49	-107.77	-30.091	-61.742	49.438	0.54855	-5.7962	39.467	-4.6525	2.2747	-33.399	-27.829
-3.9662	-5.6294	-30.305	7.5953	4.7648	-2.785	2.8814	1.4883	-0.55103	2.2602	-0.072264	-0.015746	0.99311	-0.0070589	-25.863	-245.85	-22.899	5.8172	112.93	-40.66	-39.407	10.592	16.038	-18.199	-6.3095	19.603	41.088	35.1
-5.0376	-21.763	-25.82	6.545	6.8729	-1.7575	2.2255	1.3857	-0.35498	1.9474	0.1555	-1.6516	-0.29516	1.6423	-42.857	-645.34	179.42	-42.012	84.324	41.102	-26.236	-4.1049	7.8419	-12.511	9.1105	-65.435	-51.531	65.975
-7.3298	-40.182	-15.934	5.4112	5.2118	-2.7494	1.3748	0.6031	-1.2764	1.5661	0.23283	-1.9705	0.15336	0.42271	-91.687	-736.77	395.42	-45.351	-66.443	-39.678	-34.029	-31.303	-36.855	-15.252	3.0932	-12.754	17.941	-48.785
-10.865	-57.146	-4.3684	2.7674	-1.8567	-2.3669	1.1948	-0.58977	-0.95437	-0.79179	-0.87696	-1.0313	-2.0158	-0.82521	-141.43	-678.53	462.63	-105.75	-282.74	15.301	-7.2015	-47.715	12.88	-94.315	-44.392	37.568	-86.765	-49.917
-9.1653	-39.506	-2.0015	8.6255	1.6029	-1.4079	-2.0366	-0.75499	4.4645	0.95215	3.0813	-0.8339	-2.0313	-1.9062	68.005	705.59	94.677	234.32	138.39	38.362	-129.25	-6.6088	216.75	69.758	158.33	7.8953	-0.62057	-43.239
-7.45	-23.8	-10.455	8.1026	2.7021	-2.4921	0.31745	-0.10898	2.3816	3.2651	1.4317	0.68571	-2.9485	-2.1624	68.611	628.25	-338.14	-20.917	43.968	-43.369	94.16	25.841	-83.317	92.518	-65.981	60.784	-36.688	-10.25
-4.5219	14.937	-14.96	-3.5335	-1.6817	-2.3319	5.219	-0.35863	0.39092	-0.35595	-3.039	0.3919	-1.2981	-0.066528	117.13	1549.5	-180.2	-465.44	-175.35	6.4087	196.06	-9.986	-79.626	-144.84	-178.83	-11.752	66.015	83.836
-4.3171	22.309	-13.69	2.5132	-2.6604	-3.9024	3.8938	-0.87774	0.67166	1.0213	-2.1455	1.2694	0.14391	0.21372	8.1928	294.88	50.8	241.87	-39.149	-62.822	-53.008	-20.764	11.23	55.09	35.738	35.099	57.681	11.21
-4.8789	8.8019	-13.069	4.5437	-0.44765	-1.2205	4.4219	-0.17525	1.5819	2.6926	0.13537	2.1283	0.2848	-0.71563	-22.475	-540.29	24.862	81.223	88.511	107.28	21.124	28.099	36.41	66.85	91.236	34.359	5.6357	-37.174
-5.5564	9.1953	-11.864	3.9556	-2.2045	-2.3616	1.1753	-1.9255	2.0192	1.3343	-3.1552	0.59104	-0.57065	0.26413	-27.098	15.737	48.174	-23.525	-70.274	-45.644	-129.86	-70.011	17.493	-54.329	-131.62	-61.492	-34.218	39.19
-6.488	-6.3624	-6.4164	-0.7555	-2.238	-2.8795	1.6329	-0.77698	3.5088	1.7885	-1.3596	1.2877	-1.5047	-0.31607	-37.266	-622.31	217.91	-188.44	-1.3416	-20.714	18.303	45.942	59.583	18.166	71.823	27.866	-37.362	-23.208
-7.8448	-20.162	1.4066	-1.2748	-2.8226	-2.3369	0.81054	-3.2006	1.9999	1.0543	-2.2214	0.32164	0.56421	-0.3676	-54.272	-551.98	312.92	-20.771	-23.384	21.701	-32.893	-96.946	-60.357	-29.367	-34.472	-38.642	82.757	-2.061
-8.6477	-30.225	5.6979	-1.0861	-3.3507	0.6277	1.824	-1.082	4.092	0.61777	-1.8559	0.47168	-0.14271	-1.6672	-32.116	-402.54	171.65	7.5491	-21.124	118.59	40.539	84.745	83.683	-17.463	14.62	6.0018	-28.277	-51.982
-9.5408	-46.662	9.1927	2.2338	-4.0352	-0.65721	0.88723	-1.2103	2.0124	0.030554	-2.6776	-1.2062	0.12617	-0.78425	-35.724	-657.46	139.79	132.8	-27.38	-51.396	-37.471	-5.1314	-83.183	-23.488	-32.867	-67.114	10.755	35.316
-10.475	-61.695	0.44958	5.7112	0.34658	0.3468	1.9673	-0.88944	1.5122	0.353	-2.0652	-1.915	0.88015	-0.96309	-37.355	-601.32	-349.72	139.09	175.27	40.161	43.204	12.834	-20.01	12.898	24.496	-28.351	30.159	-7.1535
-12.696	-72.305	-1.9906	5.2047	-0.38778	0.39784	1.6207	-2.6244	0.80256	0.93629	-0.16701	1.4151	0.060732	0.90565	-88.844	-424.4	-97.606	-20.26	-29.374	2.0413	-13.867	-69.397	-28.384	23.332	75.927	133.2	-32.777	74.75
-13.186	-82.831	-7.3176	4.0041	-3.6868	0.013187	-0.95626	-2.8762	2.3723	0.42807	0.0062152	1.1741	-0.17065	1.8625	-19.589	-421.05	-213.08	-48.024	-131.96	-15.386	-103.08	-10.073	62.791	-20.329	6.9292	-9.6377	-9.2552	38.274
-13.42	-82.86	-5.9859	2.8097	-2.5678	2.1898	2.2404	-0.89415	2.3118	1.2143	0.75716	1.4278	-0.95443	-0.50575	-9.3665	-1.1304	53.269	-47.777	44.758	87.066	127.86	79.282	-2.4199	31.448	30.038	10.146	-31.351	-94.73
-12.986	-80.085	-5.3357	4.5676	-2.9659	1.9064	3.6214	-1.8464	1.5621	0.2681	0.14212	1.0112	-0.75226	0.71872	17.331	110.99	26.006	70.316	-15.924	-11.339	55.24	-38.09	-29.989	-37.846	-24.601	-16.663	8.0869	48.979
-12.423	-74.106	-5.7617	3.9694	-4.4101	0.33987	4.0774	-1.7451	-0.91541	-1.2999	0.13159	0.82197	0.58498	1.2135	22.539	239.16	-17.039	-23.926	-57.769	-62.66	18.241	4.0513	-99.101	-62.721	-0.42106	-7.5691	53.489	19.793
-11.945	-65.946	-2.1685	2.8606	-2.5643	2.1642	1.328	-3.0058	0.64634	0.56761	-0.38215	0.4576	0.57001	1.1887	19.137	326.39	143.73	-44.352	73.832	72.974	-109.98	-50.428	62.47	74.701	-20.55	-14.575	-0.59859	-0.9927
-11.469	-57.961	-1.6488	-0.81482	-2.0554	2.8644	0.64345	-3.3831	-0.50912	-0.95391	-0.76096	-0.79595	-1.2149	1.9363	19.01	319.4	20.789	-147.02	20.356	28.006	-27.381	-15.091	-46.218	-60.861	-15.153	-50.142	-71.398	29.901
-11.112	-55.573	-0.61447	-2.498	-0.64745	1.511	1.0988	-3.6098	-2.8953	-0.29715	-1.0926	-0.99163	-1.3506	1.1683	14.287	95.523	41.372	-67.328	56.319	-54.136	18.214	-9.0677	-95.447	26.271	-13.267	-7.8269	-5.4242	-30.719
-11.068	-56.994	1.6034	-0.52344	-2.4225	1.6821	-0.30799	-5.1728	-1.4045	0.45109	-0.2509	-1.2863	-1.0405	1.4422	1.7737	-56.83	88.715	78.983	-71.003	6.8453	-56.272	-62.52	59.631	29.93	33.67	-11.785	12.403	10.955
-10.333	-44.292	-6.7503	0.78599	-3.8192	0.28738	1.9341	-6.3015	2.6644	-0.35191	0.49561	-1.1745	-1.1408	0.18673	29.373	508.05	-334.15	52.377	-55.865	-55.789	89.685	-45.15	162.76	-32.12	29.86	4.4702	-4.0125	-50.217
-10.097	-40.894	-6.7462	-0.71163	-3.5032	0.78919	2.7057	-6.5135	0.16407	-1.1393	0.055058	-2.6682	-2.2603	0.16416	9.4658	135.93	0.16276	-59.905	12.639	20.073	30.865	-8.477	-100.01	-31.494	-17.622	-59.749	-44.78	-0.90267
-10.023	-43.266	-0.86299	-6.6275	-2.9056	-0.44142	1.2514	-1.4293	0.63202	0.28507	-0.87353	0.037035	-1.0044	-0.46458	2.9359	-94.857	235.33	-236.64	23.901	-49.225	-58.173	203.37	18.718	56.974	-37.144	108.21	50.235	-25.15
-9.712	-39.89	2.0947	-4.5501	0.26544	-0.28694	0.39209	-1.7862	-0.036916	0.45311	-0.8731	-0.64784	-0.10068	-0.17269	12.456	135.03	118.31	83.097	126.84	6.1794	-34.373	-14.276	-26.757	6.7215	0.017334	-27.395	36.149	11.676
-9.2857	-35.37	-0.4638	-5.8431	-0.75598	-0.83824	0.74438	-4.1108	0.13594	2.3011	0.21793	-0.009951	-0.11863	-0.67261	17.05	180.8	-102.34	-51.722	-40.857	-22.052	14.092	-92.984	6.9142	73.919	43.641	25.516	-0.71785	-19.997
-8.8655	-30.398	-2.7536	-6.2009	-2.4319	-2.9073	1.8771	-6.1184	-3.1466	0.87637	-0.69248	-0.96988	-1.0091	0.23453	16.808	198.88	-91.59	-14.31	-67.037	-82.764	45.308	-80.307	-131.3	-56.989	-36.416	-38.397	-35.618	36.286
-8.7304	-29.169	-3.1001	-5.7406	-1.0413	-2.5197	1.4691	-5.005	-0.90239	1.4824	-0.91614	-0.3535	-0.63721	0.39393	5.4065	49.154	-13.86	18.41	55.625	15.505	-16.32	44.536	89.766	24.24	-8.9464	24.655	14.875	6.3761
-8.6305	-27.986	-2.512	-6.8474	-3.6657	-1.0126	1.565	-4.2207	-0.13276	2.6747	-1.0964	-1.0712	-0.17234	1.2252	3.9935	47.324	23.523	-44.271	-104.98	60.283	3.8361	31.372	30.785	47.692	-7.2115	-28.709	18.595	33.252
-8.0979	-24.821	-0.86017	-6.0079	-4.9637	-1.1695	0.18971	-3.8745	0.58918	1.5443	-3.2396e-05	-0.33681	-0.39196	1.399	21.305	126.6	66.073	33.581	-51.92	-6.2772	-55.011	13.849	28.878	-45.213	43.856	29.376	-8.7847	6.9526
-8.0835	-21.619	1.1116	-6.552	-4.6107	0.74803	2.659	-4.5296	-0.73351	0.64042	0.39272	-1.8964	-1.4398	-0.48832	0.57801	128.06	78.869	-21.764	14.122	76.703	98.772	-26.205	-52.908	-36.156	15.71	-62.383	-41.915	-75.494
-8.1816	-25.887	0.57205	-6.4369	-4.1924	-1.8707	4.4458	-2.8367	-1.271	0.37357	-0.26077	-0.92955	-1.8757	-1.6474	-3.9254	-170.72	-21.58	4.6022	16.733	-104.75	71.473	67.717	-21.498	-10.674	-26.14	38.673	-17.435	-46.364
-8.6488	-26.062	-2.0176	-3.689	-5.2892	-1.0653	1.756	-2.2235	0.38494	0.035559	0.42297	-0.13654	-0.54923	0.10781	-18.689	-6.9976	-103.58	109.92	-43.874	32.217	-107.59	24.529	66.236	-13.52	27.349	31.72	53.059	70.21
-9.1063	-33.491	0.35233	-3.9729	-4.3099	-0.58157	2.0423	-2.8199	-1.0201	0.17495	-0.29378	-1.2085	-0.91953	-0.40949	-18.301	-297.14	94.796	-11.356	39.173	19.349	11.453	-23.858	-56.2	5.5757	-28.67	-42.878	-14.812	-20.692
-9.265	-38.379	3.3081	-6.6297	-4.3618	0.40384	3.0644	-0.55709	-1.4848	1.2236	-0.07327	-1.4277	-2.2083	-0.66291	-6.3456	-195.53	118.23	-106.27	-2.076	39.417	40.881	90.514	-18.589	41.944	8.8205	-8.7697	-51.552	-10.137
-9.3219	-40.92	2.8925	-6.2495	-2.651	1.4902	2.8251	-2.261	-3.027	1.994	0.93213	-1.1572	-0.50357	0.43155	-2.2777	-101.63	-16.621	15.206	68.431	43.456	-9.5727	-68.156	-61.687	30.819	40.216	10.821	68.191	43.779
-9.3843	-45.584	1.3622	-7.3839	-2.9102	2.5398	3.0129	-1.8364	-0.36658	3.4971	1.1684	-0.0042933	-1.1852	-0.89926	-2.4937	-186.59	-61.212	-45.374	-10.367	41.981	7.5126	16.985	106.42	60.12	9.4498	46.117	-27.266	-53.233
-9.1074	-41.022	4.0239	-6.7732	-3.067	0.032342	0.66784	-0.86346	-1.1292	2.9031	1.9283	-1.1524	-3.157	-1.5917	11.073	182.51	106.47	24.428	-6.2731	-100.3	-93.801	38.916	-30.504	-23.759	30.397	-45.925	-78.87	-27.696
-8.9348	-38.512	3.2822	-8.2024	-4.1898	-1.2356	-1.6224	-0.97489	-0.42017	2.0858	1.2857	0.39292	-1.7589	-1.3106	6.9045	100.39	-29.668	-57.168	-44.91	-50.718	-91.608	-4.4572	28.361	-32.689	-25.704	61.813	55.922	11.244
-8.703	-36.094	4.5144	-6.9002	-4.5079	-1.0157	-1.0938	1.1726	-0.9221	1.5263	1.0358	0.37213	-3.0986	-0.046557	9.2721	96.708	49.288	52.085	-12.727	8.7974	21.142	85.899	-20.077	-22.383	-9.9958	-0.83129	-53.588	50.56
-7.9136	-32.452	3.7182	-8.8034	-8.0616	-2.7679	0.01454	1.8738	-0.99255	1.3841	0.42473	-1.3048	-2.4503	-1.0696	31.578	145.67	-31.848	-76.127	-142.15	-70.091	44.334	28.048	-2.8179	-5.6861	-24.443	-67.079	25.933	-40.923
-7.9386	-29.539	3.7495	-9.4398	-9.8981	-2.7409	-1.3861	2.1814	-0.66401	1.8795	1.3199	0.18659	-1.3296	0.16164	-1.0001	116.55	1.2552	-25.457	-73.461	1.0806	-56.025	12.305	13.142	19.814	35.807	59.658	44.827	49.251
-8.1806	-38.682	1.7211	-8.057	-8.994	-0.99816	1.2244	4.3751	0.25274	1.7325	1.4936	0.6989	-0.11333	-0.58068	-9.6796	-365.72	-81.137	55.315	36.164	69.71	104.42	87.75	36.67	-5.8791	6.9461	20.492	48.652	-29.693
-9.2308	-54.217	1.0758	-6.7695	-11.084	-3.4155	2.1728	3.0527	0.39752	-0.33234	0.9974	0.64601	-1.7746	0.51727	-42.008	-621.41	-25.814	51.499	-83.585	-96.693	37.934	-52.898	5.791	-82.594	-19.847	-2.1156	-66.45	43.918
-11.507	-71.783	-4.785	1.8343	-5.9408	-0.43318	1.8622	0.89632	2.3179	0.94734	1.4171	1.3293	-0.97805	0.95522	-91.052	-702.65	-234.43	344.15	205.71	119.29	-12.423	-86.254	76.814	51.187	16.789	27.333	31.861	17.518
-13.112	-77.897	-8.0664	3.777	-0.67271	2.05	2.116	-0.63036	0.49596	1.2338	0.057473	1.4059	-1.2564	-0.53675	-64.204	-244.56	-131.26	77.707	210.72	99.329	10.151	-61.067	-72.876	11.456	-54.386	3.0626	-11.135	-59.679
-13.093	-81.216	-9.8064	1.9124	-2.8573	1.3796	3.6551	-0.61812	1.6193	1.3783	0.25341	0.15404	-0.29316	0.36963	0.77541	-132.76	-69.6	-74.586	-87.384	-26.819	61.564	0.4896	44.934	5.7813	7.8373	-50.074	38.531	36.255
-13.269	-81.481	-7.5378	3.1004	-1.7068	0.89154	2.8652	-0.17614	1.2702	1.3248	0.71757	1.3753	-0.10086	1.0902	-7.0391	-10.592	90.743	47.521	46.02	-19.521	-31.593	17.679	-13.964	-2.1402	18.567	48.851	7.692	28.822
-12.614	-79.6	-8.1578	1.0452	-3.3806	-0.77979	0.54529	0.51089	3.1602	-0.27034	0.56392	0.56673	-1.0619	-0.072989	26.2	75.252	-24.801	-82.206	-66.95	-66.853	-92.798	27.481	75.599	-63.805	-6.1459	-32.344	-38.443	-46.527
-10.877	-64.659	-2.0881	-3.9702	-9.4252	-2.8195	2.321	4.201	4.4956	-0.16655	0.95322	1.269	-0.70319	-1.2343	69.473	597.61	242.79	-200.62	-241.78	-81.587	71.028	147.6	53.417	4.1518	15.572	28.091	14.35	-46.451
-9.6888	-53.973	-2.6744	-7.3055	-9.7119	-0.76142	1.3616	3.7898	3.7433	-1.3247	1.2495	2.456	-0.36365	-0.26092	47.524	427.45	-23.451	-133.41	-11.469	82.321	-38.375	-16.447	-30.093	-46.327	11.85	47.478	13.582	38.934
-5.4926	-29.271	8.1179	-0.83468	-5.955	0.63706	0.93682	2.8642	3.1317	-2.7642	0.51807	2.9972	-0.15188	-1.2905	167.85	988.1	431.69	258.83	150.28	55.939	-16.992	-37.025	-24.462	-57.577	-29.256	21.65	8.4708	-41.183
-4.9115	-7.6676	14.78	-3.0768	-10.881	-3.8498	-2.156	3.6055	3.6801	-1.8668	0.5296	2.7148	-2.3332	-0.21213	23.243	864.13	266.47	-89.687	-197.05	-179.48	-123.71	29.65	21.937	35.893	0.46117	-11.294	-87.252	43.134
-4.692	-7.2938	4.4593	-5.1542	-10.693	-2.9592	-1.1194	3.1595	4.269	-0.9566	0.64251	2.2474	-3.1227	-0.70735	8.7813	14.951	-412.82	-83.095	7.5279	35.627	41.465	-17.84	23.553	36.409	4.5162	-18.699	-31.58	-19.809
-3.0127	5.5649	5.8051	-3.0641	-7.3684	0.28016	-0.71918	3.5941	3.9608	-0.08032	-0.9784	1.6089	-1.6446	0.53041	67.169	514.35	53.834	83.607	132.99	129.57	16.007	17.385	-12.327	35.051	-64.836	-25.539	59.124	49.511
-1.9357	25.557	15.47	-7.4337	-7.0331	-4.0063	-0.24617	4.1097	2.0765	-1.2499	-0.47424	1.7199	-0.23474	-0.66892	43.081	799.67	386.58	-174.79	13.412	-171.46	18.92	20.624	-75.373	-46.784	20.166	4.4405	56.393	-47.973
-0.73457	37.631	14.227	-8.9004	-5.9037	-5.2137	-0.19612	3.9925	1.7328	-1.2372	0.41125	1.3082	0.053148	-1.6113	48.047	482.98	-49.712	-58.667	45.174	-48.295	2.0024	-4.6863	-13.748	0.5075	35.42	-16.468	11.516	-37.695
-0.43829	38.755	15.228	-7.3394	-7.0391	-4.6678	-0.29998	4.4109	1.4263	-1.1506	-0.10009	1.879	-0.27445	-1.243	11.851	44.952	40.056	62.439	-45.417	21.836	-4.1546	16.736	-12.26	3.4636	-20.454	22.833	-13.104	14.733
-0.22662	39.279	17.624	-7.5398	-6.5321	-5.6397	-0.30728	4.2432	2.1984	-1.7247	-0.10818	1.8303	-0.14273	-1.1339	8.4669	20.959	95.838	-8.0166	20.28	-38.874	-0.29193	-6.7112	30.883	-22.962	-0.32352	-1.9504	5.2688	4.3613
0.18315	41.517	17.527	-7.1322	-6.7855	-5.9863	-1.1453	5.5618	1.9446	-1.3812	0.64682	0.94734	0.4322	-1.5589	16.391	89.505	-3.874	16.304	-10.136	-13.865	-33.519	52.744	-10.151	13.741	30.2	-35.317	22.997	-16.998
0.25462	39.295	18.26	-5.2675	-7.1909	-6.6689	-1.6817	5.6095	3.0135	-1.8146	0.40144	0.36634	0.81947	-1.2197	2.8589	-88.861	29.289	74.589	-16.216	-27.302	-21.459	1.9077	42.758	-17.337	-9.8154	-23.24	15.491	13.567
0.36554	38.511	20.737	-7.2866	-7.5661	-5.6494	-2.2398	5.0065	2.7358	-1.2009	0.43119	1.2412	-0.10935	-0.85167	4.4368	-31.346	99.089	-80.765	-15.005	40.779	-22.321	-24.119	-11.108	24.547	1.1899	34.993	-37.153	14.722
0.072332	35.492	22.793	-5.3715	-5.9765	-6.1662	-3.4283	3.9575	2.0949	-1.2078	0.49718	2.4206	0.062055	0.57961	-11.728	-120.79	82.24	76.603	63.583	-20.671	-47.541	-41.957	-25.636	-0.27653	2.6396	47.176	6.8564	57.251
-0.63079	15.981	24.596	-2.0679	-3.9847	-4.6379	-3.5857	2.0007	1.9754	-1.8256	-1.7622	1.8907	-0.71266	0.45695	-28.125	-780.43	72.145	132.14	79.67	61.129	-6.2967	-78.276	-4.7819	-24.712	-90.376	-21.195	-30.988	-4.9064
-5.8029	-41.014	18.931	5.8898	-1.5565	2.0014	2.4007	2.6867	1.9802	-1.3088	-0.4496	1.4441	0.6227	-1.1402	-206.88	-2279.8	-226.61	318.31	97.132	265.57	239.46	27.441	0.19301	20.672	52.505	-17.862	53.414	-63.884
-7.1211	-47.903	14.697	6.8201	1.4497	3.0653	2.088	3.0973	4.6652	-0.80923	-1.0508	0.95871	1.3666	0.44534	-52.726	-275.52	-169.37	37.213	120.25	42.557	-12.51	16.425	107.4	19.984	-24.05	-19.418	29.757	63.42
-7.2738	-49.61	12.683	9.4419	0.50595	2.1488	3.4673	4.2425	3.8509	-1.0234	-1.1341	1.8202	0.92565	0.026099	-6.1108	-68.299	-80.531	104.87	-37.752	-36.663	55.175	45.81	-32.574	-8.5658	-3.3308	34.461	-17.639	-16.77
-7.3529	-50.387	12.107	9.7173	0.56975	2.6355	3.9339	4.1212	3.347	-1.2979	-0.46786	1.6509	0.72197	0.79624	-3.1636	-31.074	-23.061	11.016	2.552	19.469	18.663	-4.8543	-20.158	-10.982	26.65	-6.7725	-8.1474	30.806
-7.4393	-52.534	12.709	8.5537	1.2606	3.2035	3.7462	4.2624	3.4664	-1.5777	-0.7455	2.3996	0.77595	0.30423	-3.4546	-85.892	24.062	-46.544	27.632	22.723	-7.5074	5.6503	4.7772	-11.191	-11.106	29.945	2.1593	-19.68
-7.607	-53.78	11.271	8.9998	1.2122	3.8549	4.6389	2.7284	3.8826	-0.88229	-1.3296	2.0929	0.60486	0.34435	-6.7082	-49.826	-57.511	17.844	-1.9342	26.054	35.706	-61.364	16.649	27.816	-23.364	-12.266	-6.8437	1.6048
-7.8611	-57.01	11.194	9.1378	1.7347	3.4901	3.7925	4.3063	3.8	-1.9436	-1.7141	2.6015	0.42726	0.41313	-10.164	-129.21	-3.0745	5.5193	20.899	-14.59	-33.853	63.116	-3.3043	-42.452	-15.379	20.343	-7.1039	2.7513
-8.0731	-59.839	11.462	10.089	0.5579	3.712	4.1864	2.9998	4.7713	-1.9448	-1.7952	1.9922	0.34476	1.2672	-8.4804	-113.17	10.739	38.048	-47.07	8.876	15.753	-52.259	38.852	-0.045828	-3.2438	-24.37	-3.3001	34.162
-8.1395	-58.681	10.352	10.532	1.0327	3.4252	4.6556	1.5959	4.2777	-0.63867	-2.0207	1.0631	1.0522	1.1723	-2.6567	46.339	-44.426	17.703	18.992	-11.474	18.77	-56.158	-19.743	52.243	-9.0188	-37.164	28.3	-3.7956
-6.5858	-27.504	1.192	5.9563	0.98217	2.5668	4.8866	0.82812	2.7868	0.93539	-0.37668	0.34132	-0.37162	1.0288	62.149	1247.1	-366.39	-183.01	-2.0214	-34.337	9.2401	-30.709	-59.637	62.962	65.759	-28.872	-56.955	-5.7399
-1.1636	25.746	10.99	2.3522	-4.4808	-4.2144	-1.9395	-0.51285	0.6928	-3.6909	-1.837	1.677	0.20758	0.71623	216.89	2130	391.92	-144.16	-218.52	-271.25	-273.04	-53.639	-83.76	-185.05	-58.412	53.428	23.168	-12.503
0.35859	42.258	18.714	-4.3679	-6.6597	-4.7127	-6.3746	5.3671	0.49818	-2.9935	2.0086	0.3781	2.2874	-1.6732	60.888	660.48	308.97	-268.81	-87.155	-19.931	-177.4	235.2	-7.7846	27.899	153.82	-51.957	83.194	-95.577
0.93339	49.465	17.381	-7.1189	-7.3059	-6.1585	-5.472	7.3515	1.6495	-3.0259	2.2068	-0.88938	2.0807	-2.0261	22.992	288.25	-53.339	-110.04	-25.849	-57.833	36.106	79.374	46.051	-1.2964	7.9284	-50.699	-8.271	-14.118
1.4344	49.619	17.317	-8.0736	-6.7201	-7.1778	-4.9357	7.5008	1.3437	-2.0202	2.6659	-1.643	1.5011	-2.6302	20.042	6.196	-2.539	-38.185	23.431	-40.771	21.449	5.9752	-12.23	40.227	18.362	-30.143	-23.182	-24.16
1.4171	49.254	18.405	-10.143	-5.72	-7.8717	-4.1134	7.8247	0.27901	-1.3584	2.2277	-1.0055	0.67134	-2.3018	-0.6945	-14.609	43.531	-82.759	40.005	-27.758	32.895	12.956	-42.588	26.473	-17.527	25.497	-33.19	13.134
1.4503	48.528	18.011	-10.333	-5.2103	-9.0013	-2.2669	6.3188	1.1169	-1.5051	2.0378	-1.0609	0.55364	-1.8715	1.3286	-29.052	-15.775	-7.6149	20.389	-45.182	73.857	-60.238	33.517	-5.8709	-7.596	-2.2135	-4.708	17.214
1.3046	46.919	17.786	-8.8777	-6.0037	-8.4681	-2.1036	5.8648	2.4976	-1.3625	1.7477	-1.8951	1.5406	-2.0551	-5.8267	-64.357	-9.0162	58.208	-31.737	21.327	6.5331	-18.16	55.228	5.7037	-11.605	-33.371	39.479	-7.3469
1.1977	44.203	18.393	-6.9889	-8.2282	-6.6208	-3.3786	6.9642	2.9245	-1.8003	1.8027	-2.0697	1.8201	-1.6594	-4.2769	-108.64	24.314	75.554	-88.981	73.892	-50.999	43.976	17.076	-17.512	2.2036	-6.9816	11.178	15.829
1.1406	44.329	16.747	-6.5392	-9.2345	-6.8781	-2.7589	6.2315	3.2672	-2.0244	0.48529	0.038071	0.50002	-0.84939	-2.283	5.0463	-65.867	17.988	-40.251	-10.295	24.786	-29.309	13.706	-8.963	-52.698	84.31	-52.802	32.401
0.926	43.514	15.754	-5.346	-7.2865	-8.6913	-1.6757	3.9478	4.288	-1.5784	-0.52166	1.8099	-0.6339	-0.29333	-8.5847	-32.587	-39.721	47.726	77.923	-72.525	43.328	-91.347	40.834	17.842	-40.278	70.873	-45.357	22.242
0.74015	35.169	19.252	-3.5594	-6.6185	-8.0333	-5.3177	3.6703	3.8081	-1.0258	0.50641	1.7745	-0.95626	0.29672	-7.4341	-333.8	139.94	71.465	26.719	26.32	-145.68	-11.098	-19.196	22.101	41.123	-1.4171	-12.895	23.602
0.40423	28.265	21.791	-1.2552	-5.7692	-7.3776	-8.2	3.9335	3.574	-1.3132	1.2131	1.22	-1.617	0.40654	-13.436	-276.17	101.54	92.17	33.972	26.227	-115.29	10.526	-9.363	-11.496	28.266	-22.179	-26.428	4.3928
-0.017932	21.607	23.546	0.69424	-5.1103	-6.3298	-9.0675	4.1065	1.7842	-0.25326	-0.28999	2.505	-1.7475	0.45756	-16.887	-266.32	70.185	77.976	26.353	41.912	-34.699	6.9197	-71.593	42.4	-60.122	51.399	-5.2202	2.0411
-0.44471	18.045	22.878	3.5313	-5.5714	-5.2195	-9.6888	3.0551	1.9401	-1.7828	-0.12481	1.9348	-1.3724	-0.09157	-17.071	-142.46	-26.716	113.48	-18.444	44.413	-24.852	-42.056	6.234	-61.18	6.6074	-22.808	15.004	-21.965
-0.80255	16.707	23.532	3.8716	-4.4287	-4.2906	-8.4708	1.9857	2.9259	-3.0401	-0.3876	1.5964	-1.2079	-0.46907	-14.314	-53.55	26.185	13.611	45.71	37.156	48.72	-42.775	39.432	-50.294	-10.512	-13.534	6.579	-15.1
-1.0931	17.167	22.65	3.5814	-3.2437	-3.4801	-7.8314	1.3455	4.239	-4.7553	-1.136	0.1475	0.43944	-1.5303	-11.622	18.415	-35.307	-11.606	47.399	32.419	25.578	-25.608	52.525	-68.609	-29.938	-57.956	65.893	-42.451
-1.5619	18.612	20.948	2.5724	-2.6958	-0.47763	-6.7427	2.0407	3.484	-5.2614	-2.3402	-0.25531	0.95869	-1.3733	-18.752	57.782	-68.061	-40.36	21.916	120.1	43.545	27.809	-30.201	-20.242	-48.165	-16.112	20.77	6.2799
-1.5693	19.8	18.937	0.029271	-1.9433	0.33313	-3.5553	2.4202	1.5661	-5.3571	-3.9949	0.87852	0.91379	-0.91982	-0.29502	47.529	-80.435	-101.73	30.1	32.43	127.5	15.181	-76.714	-3.8298	-66.188	45.353	-1.7963	18.141
-1.2667	35.743	16.117	-4.96	-4.2245	0.97473	-2.53	-0.66645	0.60429	-5.4916	0.15505	2.7482	2.531	-1.8082	12.101	637.71	-112.82	-199.57	-91.248	25.664	41.01	-123.47	-38.473	-5.3779	166	74.787	64.689	-35.535
-0.62206	42.978	15.532	-7.8336	-3.3654	0.68115	-2.4509	-2.6181	-1.3935	-3.542	3.1746	1.2895	2.5807	-3.0507	25.787	289.4	-23.383	-114.94	34.366	-11.743	3.1665	-78.066	-79.912	77.984	120.78	-58.349	1.9859	-49.701
-0.5162	47.157	12.543	-7.5529	-0.58172	1.7335	-2.9485	-3.8556	-2.3544	-1.825	4.2772	-0.51921	1.2534	-1.1906	4.2346	167.18	-119.56	11.229	111.35	42.094	-19.907	-49.501	-38.436	68.678	44.104	-72.347	-53.092	74.406
-0.47533	46.537	11.215	-6.6877	2.8597	1.6618	-4.89	-3.9275	-2.286	-1.6332	3.9389	-2.3298	0.53537	0.72202	1.6346	-24.803	-53.137	34.608	137.66	-2.8674	-77.657	-2.8732	2.7364	7.6748	-13.535	-72.423	-28.72	76.504
-0.57384	46.41	9.3298	-4.6674	5.4157	2.1337	-5.3099	-3.4072	-4.6454	2.1947	0.071663	-2.652	1.1589	0.80525	-3.9402	-5.0761	-75.397	80.811	102.24	18.874	-16.799	20.811	-94.377	153.12	-154.69	-12.891	24.941	3.3292
-0.77528	45.862	6.4818	-3.0846	6.2488	2.6929	-4.5844	-2.8617	-4.2737	2.1295	-1.6119	-2.6526	1.8372	1.1151	-8.0578	-21.911	-113.92	63.313	33.325	22.368	29.023	21.819	14.869	-2.6079	-67.342	-0.02182	27.133	12.392
-1.3498	42.136	5.7681	-3.1244	7.6856	2.7343	-4.2505	-3.1868	-3.0535	2.3253	-1.4006	-3.3506	2.7499	0.35159	-22.98	-149.04	-28.546	-1.5948	57.473	1.6594	13.353	-13.004	48.807	7.833	8.4518	-27.92	36.508	-30.539
-2.0553	31.54	9.4827	-2.9757	7.212	3.6737	-4.1027	-2.5363	-2.0904	2.5006	-1.4903	-2.5827	2.8303	-0.063253	-28.219	-423.87	148.58	5.9498	-18.943	37.573	5.9156	26.022	38.523	7.0107	-3.5882	30.717	3.2148	-16.594
-2.755	20.802	10.515	-1.3899	6.2504	5.5443	-3.8407	-2.913	-0.52861	0.61656	-0.31663	-3.3246	2.5508	1.4448	-27.991	-429.53	41.275	63.43	-38.465	74.825	10.478	-15.067	62.473	-75.362	46.946	-29.675	-11.179	60.322
-4.1246	9.2605	4.8673	4.9526	5.6846	2.1717	0.14523	-3.7762	0.61879	1.1825	-1.2561	-0.68787	-0.67234	2.5492	-54.782	-461.64	-225.89	253.7	-22.632	-134.9	159.44	-34.528	45.896	22.636	-37.579	105.47	-128.93	44.176
-5.1359	5.678	-6.4705	7.1377	6.3293	1.5593	3.4644	-3.1256	1.9275	1.9843	-0.49002	-0.47504	-2.5185	0.16886	-40.454	-143.3	-453.51	87.405	25.788	-24.496	132.77	26.023	52.35	32.075	30.643	8.5131	-73.845	-95.213
-5.491	3.606	-13.4	4.1061	5.7681	1.9838	2.0939	-0.5921	1.172	1.2815	1.1761	-0.62784	-1.8721	1.3354	-14.202	-82.881	-277.18	-121.27	-22.45	16.978	-54.818	101.34	-30.222	-28.115	66.645	-6.1119	25.853	46.662
-5.0519	3.5696	-21.395	-0.94243	3.3465	1.4472	2.0598	-0.30453	1.4665	0.54697	0.45747	-0.32601	-0.8569	0.7798	17.563	-1.4563	-319.78	-201.94	-96.864	-21.462	-1.366	11.503	11.78	-29.38	-28.745	12.073	40.609	-22.224
-4.7254	7.2043	-20.565	-0.15452	3.5794	0.23879	2.1709	-0.68254	1.7633	0.15744	-0.89988	-0.078713	-0.35122	0.26186	13.058	145.39	33.176	31.517	9.3165	-48.337	4.4441	-15.12	11.874	-15.581	-54.294	9.892	20.227	-20.717
-4.6044	1.4488	-25.76	-4.9253	2.8629	-0.81597	1.4175	-2.312	0.16263	1.0025	0.13433	-0.39036	-1.4375	0.77169	4.8412	-230.22	-207.78	-190.83	-28.661	-42.19	-30.136	-65.177	-64.028	33.803	41.368	-12.466	-43.452	20.393
-4.4262	2.6466	-26.923	-4.0544	1.3037	-1.4157	0.90361	-2.3819	0.12815	0.43253	-0.26649	-0.50888	-0.32152	0.81195	7.1272	47.915	-46.536	34.838	-62.365	-23.988	-20.554	-2.7981	-1.379	-22.799	-16.033	-4.7409	44.64	1.6103
-4.3515	9.9361	-22.273	-1.744	2.2336	-1.695	1.2214	-2.5804	1.2277	-1.0243	-1.736	0.30392	-0.93596	1.0766	2.9906	291.58	186.01	92.413	37.193	-11.174	12.713	-7.9409	43.983	-58.271	-58.782	32.512	-24.578	10.586
-4.1768	10.543	-24.007	-1.5749	3.5574	-0.2002	0.5504	-1.1768	2.2224	1.1758	-0.31647	0.45608	-0.7737	1.0654	6.9847	24.262	-69.366	6.7676	52.953	59.793	-26.842	56.146	39.786	88.001	56.782	6.0864	6.4905	-0.44805
-4.1683	7.0774	-25.177	-1.1214	3.8636	-0.48687	0.20811	-2.4944	0.089313	-0.51564	0.13808	1.016	-0.39419	1.8269	0.34127	-138.61	-46.799	18.14	12.249	-11.467	-13.692	-52.704	-85.323	-67.656	18.182	22.396	15.18	30.46
-4.2452	8.1212	-24.672	-1.2837	3.0859	-1.0307	-0.90297	-0.95845	3.266	0.60273	0.17159	0.21331	-0.15164	1.5425	-3.0748	41.751	20.203	-6.4931	-31.109	-21.753	-44.443	61.438	127.07	44.735	1.3405	-32.107	9.7023	-11.377
-4.1375	8.1705	-24.767	-1.1923	2.4966	-2.3937	-0.15046	-1.2158	1.479	-1.078	-0.31167	0.70698	-0.16312	-0.50776	4.3087	1.9739	-3.802	3.6549	-23.571	-54.523	30.1	-10.294	-71.481	-67.231	-19.331	19.747	-0.45955	-82.008
-3.9834	13.179	-22.613	-2.629	3.5853	0.39313	1.4161	-0.12028	2.7872	-0.79039	-0.83571	-0.050441	-0.29487	-0.17544	6.1616	200.32	86.17	-57.467	43.549	111.48	62.661	43.82	52.329	11.506	-20.961	-30.297	-5.2697	13.293
-4.0285	10.84	-23.592	-2.9266	5.1296	-0.10123	1.0676	-1.0319	2.5431	0.17831	0.326	0.18008	-0.758	-0.080775	-1.8018	-93.528	-39.159	-11.904	61.773	-19.774	-13.941	-36.464	-9.7671	38.748	46.469	9.2206	-18.525	3.7866
-4.2447	10.653	-22.093	-1.0252	2.7017	-1.0415	0.85855	-2.7276	1.0264	-0.21861	-0.16984	-0.71657	-0.70751	1.2485	-8.6509	-7.4967	59.939	76.056	-97.118	-37.611	-8.3603	-67.828	-60.666	-15.877	-19.834	-35.866	2.0196	53.169
-4.4561	11.751	-18.516	0.35992	3.739	1.4311	0.3251	-3.3487	0.0083151	0.94944	0.74924	0.77752	-1.949	0.62923	-8.4522	43.923	143.1	55.405	41.494	98.903	-21.338	-24.845	-40.724	46.722	36.764	59.764	-49.66	-24.769
-4.6423	13.252	-17.488	0.21571	2.4808	1.6154	0.87692	-3.8622	1.3488	1.8626	0.11989	0.5963	-0.65046	-0.75417	-7.4496	60.035	41.113	-5.7682	-50.329	7.3713	22.073	-20.542	53.619	36.526	-25.174	-7.2491	51.942	-55.336
-4.7591	13.467	-15.479	-1.873	3.1504	0.23331	-1.3607	-4.6021	2.0116	0.22766	-1.4845	0.076048	0.13271	0.92535	-4.6716	8.6049	80.372	-83.55	26.784	-55.282	-89.506	-29.595	26.511	-65.397	-64.176	-20.81	31.327	67.181
-4.7092	15.69	-11.726	-3.3713	-0.33945	1.1715	-1.7773	-4.6482	1.0459	-0.39215	-0.93782	0.54446	-0.36697	-0.92201	1.9934	88.914	150.09	-59.93	-139.59	37.53	-16.663	-1.8444	-38.628	-24.792	21.868	18.737	-19.987	-73.894
-5.0487	11.42	-9.3413	-5.8659	-0.11615	3.854	0.064488	-2.4902	3.8166	2.4836	-2.1571	-1.704	0.33361	-0.80387	-13.58	-170.81	95.403	-99.783	8.9321	107.3	73.672	86.319	110.83	115.03	-48.772	-89.937	28.023	4.7253
-5.5891	4.9876	-4.8025	-3.2713	-0.62518	0.82647	0.17714	-4.3283	2.5113	0.64677	-2.6884	-0.83131	1.1939	-0.14957	-21.613	-257.28	181.55	103.78	-20.361	-121.1	4.5061	-73.521	-52.21	-73.475	-21.252	34.906	34.411	26.172
-6.645	-6.7021	-1.9055	-3.3967	-2.2906	-0.32608	-0.49413	-3.9284	4.1904	2.3962	-0.43591	0.63146	0.63353	1.0924	-42.236	-467.59	115.88	-5.0168	-66.616	-46.102	-26.851	15.993	67.161	69.977	90.101	58.511	-22.414	49.681
-7.6429	-15.946	1.0438	-2.7814	0.42969	-0.34561	-0.31561	-3.4964	2.9127	2.2351	-0.52606	0.38686	0.95432	1.368	-39.915	-369.74	117.97	24.612	108.81	-0.78107	7.1409	17.279	-51.106	-6.4447	-3.6058	-9.7838	12.832	11.021
-8.4364	-28.824	3.9507	-3.539	-0.63899	0.44044	-0.27204	-2.2804	2.5731	1.1511	-2.4383	-0.99823	0.55489	1.3385	-31.741	-515.12	116.28	-30.304	-42.747	31.442	1.7428	48.64	-13.583	-43.361	-76.489	-55.404	-15.977	-1.1803
-9.3464	-38.751	6.6576	-2.095	-2.2253	0.84823	0.62913	-1.8311	2.606	0.32189	-3.2353	-0.71889	0.21128	0.035695	-36.4	-397.09	108.28	57.76	-63.451	16.312	36.047	17.975	1.3133	-33.167	-31.881	11.174	-13.744	-52.111
-10.097	-48.168	5.9467	0.76578	-1.2571	1.5561	1.6138	-2.3398	2.196	1.7617	-1.5266	-1.7838	-0.59192	0.71038	-30.027	-376.67	-28.437	114.43	38.727	28.313	39.386	-20.351	-16.397	57.593	68.347	-42.596	-32.128	26.988
-10.983	-58.06	4.4209	3.3954	-2.3038	2.6554	0.35927	-2.4573	1.555	1.0638	-0.78111	-2.0346	-0.24337	1.4134	-35.44	-395.71	-61.031	105.19	-41.869	43.972	-50.181	-4.6986	-25.64	-27.918	29.821	-10.033	13.942	28.122
-11.567	-65.784	2.2514	5.0142	-2.8226	1.5468	-0.46854	-4.3548	0.16044	1.4191	0.19137	0.17893	0.36435	0.66328	-23.347	-308.93	-86.782	64.752	-20.751	-44.343	-33.113	-75.9	-55.783	14.212	38.899	88.541	24.308	-30.006
-12.095	-69.744	1.4983	7.8419	-2.1727	-0.17666	2.234	-2.0261	-0.26465	1.5971	0.79267	2.1516	-0.18919	-0.54957	-21.15	-158.4	-30.123	113.11	25.993	-68.938	108.1	93.148	-17.004	7.1192	24.052	78.908	-22.141	-48.514
-12.147	-68.959	0.59065	5.7636	-3.4368	-0.53718	0.71572	-3.0234	0.5827	0.77448	-0.50073	-0.62671	-0.88345	0.39057	-2.0646	31.384	-36.306	-83.133	-50.561	-14.421	-60.732	-39.889	33.894	-32.903	-51.736	-111.13	-27.771	37.606
-12.166	-71.018	1.4145	5.1534	-4.4019	-1.1563	-0.33626	-3.9171	0.16151	1.0448	-0.37414	0.81793	1.4415	1.0264	-0.7453	-82.348	32.953	-24.406	-38.605	-24.764	-42.079	-35.749	-16.848	10.814	5.0636	57.786	92.998	25.433
-11.881	-64.268	-2.8791	-0.86146	-0.36545	2.453	-0.63062	-4.4067	0.14388	2.2838	0.1091	-0.41074	1.0646	1.8847	11.389	269.97	-171.74	-240.6	161.46	144.37	-11.775	-19.585	-0.70519	49.558	19.33	-49.147	-15.075	34.331
-12.075	-68.068	-4.9319	-0.52682	-1.1817	4.015	0.59915	-3.8304	1.7897	2.725	-0.4453	-0.14101	0.35825	0.87935	-7.7642	-151.97	-82.114	13.386	-32.651	62.479	49.191	23.053	65.831	17.65	-22.176	10.789	-28.255	-40.213
-11.486	-64.228	-6.7852	2.2936	1.433	4.9233	1.19	-0.19007	2.7568	1.5928	0.4684	-0.98665	-0.3912	0.81844	23.553	153.6	-74.129	112.82	104.59	36.334	23.633	145.61	38.685	-45.289	36.548	-33.826	-29.978	-2.4365
-11.366	-52.605	-3.8713	3.9747	2.6314	6.3502	1.0742	-0.20039	2.0396	1.0843	0.22722	-1.4861	-0.84685	0.46815	4.7915	464.9	116.55	67.244	47.937	57.076	-4.6308	-0.41289	-28.685	-20.34	-9.6474	-19.979	-18.226	-14.012
-11.747	-73.953	-9.3725	8.7577	-0.22181	3.3658	4.5862	-0.1602	5.5138	1.1923	1.8194	0.21022	-1.8781	0.018291	-15.217	-853.89	-220.05	191.32	-114.13	-119.38	140.48	1.6076	138.97	4.319	63.687	67.854	-41.248	-17.994
-12.341	-76.815	-8.7457	6.2404	-4.2556	2.7636	2.5187	-0.83618	3.6441	-0.1013	2.0548	0.17311	0.064342	0.19687	-23.777	-114.5	25.072	-100.69	-161.35	-24.089	-82.699	-27.039	-74.791	-51.743	9.4157	-1.4844	77.696	7.143
-12.742	-78.765	-8.2819	4.6035	-3.5359	1.5789	2.9349	-0.45545	2.7067	-1.9884	-0.038882	-0.12558	-0.6266	0.054888	-16.011	-78.007	18.554	-65.479	28.79	-47.388	16.647	15.229	-37.494	-75.485	-83.747	-11.948	-27.638	-5.6791
-12.739	-77.143	-9.7819	4.4499	-2.9605	3.9293	3.7684	-1.0213	0.014657	-0.19644	0.016452	0.44277	0.6501	0.56898	0.093716	64.877	-60.002	-6.1408	23.016	94.017	33.339	-22.635	-107.68	71.679	2.2134	22.734	51.068	20.564
-12.808	-82.545	-10.104	3.1389	-3.7833	0.80943	0.71312	-0.89226	0.94558	-0.31508	0.79855	1.8107	1.3626	1.1487	-2.7539	-216.08	-12.872	-52.442	-32.913	-124.8	-122.21	5.163	37.237	-4.7456	31.284	54.717	28.5	23.19
-13.279	-80.525	-6.7713	2.5196	-4.7291	2.6681	2.1015	-0.24687	2.6087	-0.36559	0.42109	3.2329	1.4756	0.52292	-18.835	80.797	133.3	-24.773	-37.831	74.348	55.536	25.816	66.525	-2.0207	-15.098	56.886	4.5214	-25.032
-13.326	-77.277	-7.5681	0.88215	-3.7039	2.5696	1.9655	-0.18439	0.033241	-1.193	0.86489	1.6086	1.2492	0.8908	-1.8706	129.95	-31.872	-65.496	41.008	-3.9436	-5.4397	2.4991	-103.02	-33.096	17.752	-64.969	-9.0566	14.715
-8.8577	-63.712	-12.341	-5.4606	-0.84999	6.7407	-2.2035	1.0999	2.2968	2.3088	0.22381	1.1106	-1.2642	0.80472	178.72	542.6	-190.93	-253.71	114.16	166.84	-166.76	51.371	90.542	140.07	-25.643	-19.923	-100.54	-3.443
-4.6508	6.876	-6.2931	-4.7531	1.7598	0.051874	0.43171	0.92523	-0.20795	0.38257	0.57638	0.21897	-1.5657	0.13813	168.28	2823.5	241.92	28.298	104.39	-267.55	105.41	-6.9866	-100.19	-77.049	14.103	-35.663	-12.059	-26.664
-3.8902	26.082	-13.968	-1.381	0.85023	-3.4872	1.6392	-0.52399	-0.72018	-0.12512	0.79177	0.41049	-1.8904	0.028456	30.427	768.25	-307	134.88	-36.382	-141.56	48.3	-57.969	-20.489	-20.308	8.6157	7.661	-12.988	-4.3869
-3.4665	17.444	-19.997	3.0444	2.184	-5.183	-0.002305	-0.77277	1.8173	0.44834	0.29652	-0.71	0.50667	1.2865	16.946	-345.53	-241.14	177.02	53.35	-67.834	-65.66	-9.951	101.5	22.938	-19.81	-44.82	95.883	50.323
-3.5098	15.564	-24.15	1.5141	3.7391	-2.1832	1.1666	0.4405	1.0225	0.37567	0.46299	-0.51143	0.54331	-0.42459	-1.7334	-75.179	-166.15	-61.214	62.205	119.99	46.757	48.531	-31.793	-2.9065	6.6589	7.9429	1.4656	-68.445
-3.831	12.694	-21.106	3.8004	2.6811	-2.7843	2.386	-1.0888	0.13438	-0.25746	-1.1319	0.79985	0.6484	0.093564	-12.845	-114.82	121.77	91.455	-42.32	-24.043	48.777	-61.173	-35.523	-25.325	-63.797	52.451	4.2036	20.726
-4.3535	14.864	-16.423	3.1046	3.0723	-1.5828	0.33577	-1.9208	1.2632	0.78478	-0.084068	0.19358	1.4118	0.70528	-20.902	86.81	187.33	-27.835	15.649	48.06	-82.011	-33.279	45.151	41.689	41.914	-24.251	30.538	24.469
-3.8743	16.346	-12.044	5.1873	8.9689	1.4967	1.0745	-1.7598	0.13572	1.3433	0.84056	-0.49106	-0.56844	0.75477	19.167	59.282	175.17	83.31	235.86	123.18	29.551	6.4419	-45.097	22.341	36.985	-27.386	-79.211	1.9796
-2.2099	36.138	0.42839	0.68606	10.058	1.8183	-3.4429	-0.14161	0.88769	-1.6304	-0.51212	-1.2253	1.2429	0.3788	66.577	791.65	498.88	-180.05	43.55	12.866	-180.7	64.726	30.079	-118.95	-54.107	-29.371	72.453	-15.039
-1.2266	41.383	5.8156	-3.4071	12.38	0.77445	-5.5437	0.0065606	0.53894	-3.1031	0.14642	-2.8518	1.5617	-0.72148	39.333	209.82	215.49	-163.73	92.883	-41.756	-84.034	5.927	-13.95	-58.911	26.342	-65.059	12.754	-44.011
-0.92061	43.943	4.1773	-4.3567	13.398	0.41611	-6.636	0.009138	0.7179	-3.5743	0.99963	-3.06	2.3449	-1.4208	12.239	102.39	-65.532	-37.985	40.72	-14.333	-43.692	0.10309	7.1583	-18.844	34.128	-8.328	31.328	-27.971
-0.73349	40.29	4.4472	-4.9889	15.038	-0.073372	-7.0127	0.62463	0.50768	-3.8732	0.72789	-2.7082	2.2712	-1.2279	7.4845	-146.12	10.796	-25.285	65.606	-19.579	-15.067	24.62	-8.4087	-11.958	-10.87	14.074	-2.9502	7.7137
-0.88311	37.481	3.8754	-3.7446	15.866	-0.71869	-6.3888	0.71723	0.37931	-3.3612	-0.12274	-2.2504	1.8369	-1.1804	-5.9847	-112.35	-22.874	49.77	33.124	-25.813	24.957	3.7037	-5.1349	20.48	-34.025	18.312	-17.37	1.9005
-0.90237	36.08	2.1944	-2.9765	16.894	-1.4447	-6.0902	1.8014	-0.12913	-3.0808	-0.57031	-1.824	1.309	-1.4306	-0.77026	-56.054	-67.241	30.722	41.127	-29.042	11.943	43.368	-20.337	11.215	-17.903	17.057	-21.117	-10.006
-1.4435	30.139	2.3644	-3.0701	17.622	-1.7622	-4.9905	2.475	-0.67051	-2.1337	-1.2414	-0.98684	0.52948	-1.3264	-21.644	-237.62	6.801	-3.7413	29.131	-12.697	43.987	26.944	-21.655	37.886	-26.845	33.485	-31.182	4.1663
-2.1456	21.938	1.7313	-2.6353	16.011	-0.90832	-5.1164	1.7031	0.576	-1.8376	-0.48938	-0.57276	0.24116	-1.657	-28.087	-328.03	-25.325	17.39	-64.472	34.154	-5.0329	-30.876	49.86	11.844	30.082	16.563	-11.533	-13.223
-4.0174	1.2855	2.3331	0.30341	13.642	0.83655	-3.8344	2.4104	1.5438	-1.468	-0.37346	-0.63704	0.057402	-1.5698	-74.87	-826.12	24.074	117.55	-94.728	69.795	51.28	28.291	38.711	14.781	4.6367	-2.5713	-7.3504	3.4873
-6.5419	-32.973	5.8899	4.8562	10.995	1.2184	-1.3227	2.0651	1.6264	-0.91195	-0.23196	-1.26	0.28886	-0.23942	-100.98	-1370.4	142.27	182.11	-105.9	15.274	100.47	-13.809	3.3058	22.243	5.6602	-24.918	9.2584	53.215
-7.5036	-24.627	2.6119	4.1444	3.2813	2.1631	1.6107	-0.2044	5.3619	-1.4004	2.1721	-0.26166	-2.3033	-1.9254	-38.468	333.85	-131.12	-28.472	-308.55	37.787	117.34	-90.781	149.42	-19.538	96.161	39.934	-103.69	-67.441
-7.3736	-30.636	3.1229	10.059	2.8932	3.6482	0.72541	0.15465	4.4254	-0.70501	2.0494	0.53029	-2.9409	-2.8041	5.2035	-240.37	20.442	236.57	-15.526	59.407	-35.412	14.362	-37.46	27.816	-4.9076	31.678	-25.506	-35.146
-4.788	-3.3422	1.6273	2.45	2.7587	0.79545	1.8303	1.9895	1.6668	-1.5414	-0.23206	0.93802	0.33915	-1.4798	103.42	1091.8	-59.823	-304.35	-5.3786	-114.11	44.194	73.393	-110.34	-33.454	-91.258	16.309	131.2	52.972
-3.4717	19.525	3.8835	2.3547	8.679	-0.48834	1.0068	2.0351	-0.047437	-4.8422	-2.0765	0.38561	0.14791	-1.4462	52.652	914.67	90.248	-3.8108	236.81	-51.352	-32.938	1.8235	-68.569	-132.03	-73.779	-22.096	-7.6496	1.3451
-3.0029	21.4	3.9361	4.178	13.735	-0.57528	-5.1986	3.6605	-2.3502	-2.0155	-0.47819	0.27647	0.78807	-1.6741	18.752	75.022	2.1042	72.931	202.25	-3.4777	-248.22	65.019	-92.11	113.07	63.934	-4.3655	25.606	-9.1187
-3.0329	20.719	2.0158	5.3866	12.386	-0.76418	-6.9583	3.5359	-1.2419	-1.6194	0.25179	0.7652	0.45424	-1.8399	-1.2021	-27.256	-76.814	48.345	-53.955	-7.5561	-70.39	-4.9843	44.331	15.844	29.199	19.549	-13.353	-6.6296
-3.3366	12	1.5961	9.87	11.466	-2.7477	-5.3594	2.9174	-1.0812	-1.0768	0.42987	1.2174	-1.8311	-1.4486	-12.146	-348.76	-16.788	179.34	-36.812	-79.343	63.958	-24.74	6.4302	21.702	7.1235	18.086	-91.412	15.65
-4.0677	2.6729	0.39541	14.023	13.132	-3.8652	-6.5514	3.8428	-1.0819	-1.4317	1.8595	0.726	-3.7713	-0.92053	-29.244	-373.07	-48.027	166.13	66.646	-44.699	-47.68	37.017	-0.027663	-14.195	57.187	-19.654	-77.61	21.123
-4.5671	-4.0002	0.61556	15.442	10.054	-4.094	-5.0637	4.6442	0.30628	-0.39032	1.3596	-0.29295	-5.1924	-0.71085	-19.976	-266.92	8.806	56.749	-123.13	-9.15	59.506	32.054	55.526	41.654	-19.999	-40.758	-56.843	8.3873
-4.9639	-12.787	2.1386	16.644	6.6402	-3.8763	-3.9954	3.7809	4.3839	-1.5687	2.6881	-2.0904	-5.5168	-0.6614	-15.871	-351.48	60.92	48.103	-136.54	8.7077	42.734	-34.532	163.11	-47.135	53.142	-71.898	-12.977	1.9779
-5.355	-21.278	9.0349	13.843	4.4832	-2.2517	-1.7495	-0.16372	7.278	-2.5293	1.2487	-1.5319	-5.6187	-0.8682	-15.645	-339.63	275.85	-112.04	-86.278	64.982	89.834	-157.79	115.76	-38.423	-57.575	22.338	-4.0768	-8.272
-5.4978	-20.587	10.543	10.592	3.9346	-2.0947	-1.3438	0.81424	4.998	-0.56505	0.5028	-1.2964	-5.8899	0.87554	-5.7121	27.643	60.314	-130.05	-21.946	6.2807	16.231	39.118	-91.199	78.569	-29.837	9.4229	-10.847	69.75
-5.6322	-15.987	7.8122	10.272	4.2556	-2.2291	-1.2754	1.1685	4.9436	-0.42394	-0.15171	-0.54598	-6.1772	1.6851	-5.3759	183.99	-109.22	-12.808	12.839	-5.3752	2.7356	14.171	-2.1774	5.6444	-26.18	30.016	-11.49	32.383
-5.6609	-15.085	8.0097	9.1946	3.9119	-2.1319	-0.14009	1.6697	4.0217	0.20666	-0.95287	-0.22186	-5.0858	0.97708	-1.1469	36.087	7.9007	-43.1	-13.746	3.8865	45.411	20.048	-36.876	25.224	-32.046	12.965	43.656	-28.322
-5.6566	-10.592	5.6107	10.092	3.7559	-5.0179	1.9215	1.2823	4.0627	0.30017	-0.96101	-0.43137	-5.0107	1.6987	0.17112	179.73	-95.963	35.89	-6.2418	-115.44	82.464	-15.495	1.6382	3.7404	-0.32581	-8.3805	3.0002	28.864
-5.6419	-6.8717	5.097	9.6006	2.1183	-4.0597	1.9579	0.12497	3.9403	-0.61364	-0.9201	-0.34884	-4.8727	1.516	0.58592	148.79	-20.545	-19.65	-65.505	38.328	1.4541	-46.294	-4.8945	-36.552	1.6367	3.3011	5.5232	-7.3068
-5.6858	-7.9449	4.622	8.3656	2.2512	-2.3146	0.36474	1.8182	1.9307	-0.73515	-0.47607	-0.86765	-3.9087	-0.20484	-1.756	-42.929	-19	-49.397	5.3174	69.802	-63.725	67.729	-80.383	-4.8606	17.761	-20.752	38.559	-68.834
-5.7364	-8.9	3.9058	11.807	1.1167	-3.1156	-0.12109	2.6875	2.6233	-1.0709	-0.27836	-0.076526	-4.9663	-0.4631	-2.0232	-38.202	-28.651	137.67	-45.38	-32.039	-19.433	34.771	27.705	-13.43	7.9082	31.645	-42.305	-10.33
-5.7281	-9.8981	4.835	11.076	1.3484	-0.35049	-1.084	2.1363	3.7729	-1.1977	-0.57362	0.39544	-3.4644	-0.029987	0.33083	-39.927	37.172	-29.267	9.2673	110.6	-38.515	-22.045	45.98	-5.0698	-11.81	18.879	60.077	17.324
-6.0916	-8.1037	4.1467	9.6324	1.9522	0.63481	-1.617	1.3543	3.7381	-1.7308	0.92566	0.18377	-1.8565	-1.085	-14.539	71.777	-27.533	-57.733	24.154	39.412	-21.323	-31.28	-1.3887	-21.328	59.971	-8.4669	64.315	-42.199
-6.7692	-11.891	3.8804	9.6435	2.0027	1.2944	0.0075838	0.31685	2.9619	-1.987	2.0003	1.2521	-0.3552	-0.8051	-27.105	-151.48	-10.652	0.44317	2.0174	26.385	64.985	-41.499	-31.049	-10.244	42.985	42.733	60.052	11.195
