-6.0965	-12.196	-1.7178	-4.5328	-7.2912	4.3569	-1.6288	0.024251	-1.3462	-1.6072	0.15805	-0.50624	0.62799	-0.82316	0	0	0	0	0	0	0	0	0	0	0	0	0	0
-4.7692	-5.2008	1.8613	-0.43046	-7.3627	3.7599	0.0048197	0.32859	-1.38	-2.1376	0.18266	0.63963	1.0758	-0.83369	53.091	279.83	143.16	164.09	-2.8594	-23.882	65.346	12.174	-1.3503	-21.216	0.98438	45.835	17.913	-0.42084
-2.9924	-11.995	19.297	2.6173	-11.914	1.1367	0.56019	2.0632	-0.74359	-3.1618	0.033136	-0.53015	1.2535	-0.62849	71.075	-271.78	697.41	121.91	-182.03	-104.93	22.215	69.385	25.456	-40.967	-5.9811	-46.791	7.1077	8.2078
-1.6903	-6.119	25.743	-1.5962	-13.067	-1.8485	3.7363	1.0652	-4.7397	-1.1172	0.49499	-0.49753	3.2871	-0.61022	52.083	235.05	257.87	-168.54	-46.146	-119.41	127.05	-39.921	-159.84	81.783	18.474	1.305	81.342	0.73071
-0.78029	4.956	27.067	-8.2816	-12.398	-3.615	4.9414	-0.19327	-6.7862	0.10393	1.2299	0.42993	2.3181	-0.033898	36.4	443	52.927	-267.41	26.75	-70.661	48.204	-50.339	-81.858	48.846	29.395	37.098	-38.757	23.053
-0.21457	12.015	25.918	-11.311	-11.381	-2.8928	4.6679	-1.2188	-5.9655	1.8429	2.5368	0.035194	1.733	0.46906	22.629	282.36	-45.951	-121.18	40.692	28.891	-10.942	-41.02	32.826	69.559	52.276	-15.789	-23.406	20.118
0.21931	18.592	23.612	-15.148	-9.1884	-1.9915	3.1674	-3.0463	-3.4673	3.6863	2.0895	-1.2395	1.099	0.22017	17.355	263.06	-92.245	-153.46	87.711	36.053	-60.018	-73.103	99.926	73.735	-17.889	-50.988	-25.357	-9.9553
0.56148	26.505	18.892	-15.71	-7.5344	-2.0639	1.3081	-3.538	-1.5259	4.3763	1.7502	-1.7081	0.86494	-1.2516	13.687	316.54	-188.79	-22.484	66.158	-2.8982	-74.374	-19.665	77.657	27.599	-13.573	-18.744	-9.3638	-58.871
0.83111	32.769	16.644	-17.996	-4.2732	-3.3861	2.1294	-4.0075	-0.018204	3.505	1.5006	-0.36099	0.21885	-2.3527	10.785	250.56	-89.926	-91.434	130.45	-52.886	32.854	-18.782	60.309	-34.852	-9.9829	53.885	-25.844	-44.043
0.92799	37.692	14.24	-19.41	-3.1255	-3.5636	2.0134	-4.1597	1.4691	2.567	1.2955	-0.40748	-0.0066202	-2.4571	3.8751	196.94	-96.159	-56.586	45.906	-7.1035	-4.6422	-6.088	59.49	-37.52	-8.2059	-1.8598	-9.0186	-4.1777
0.89642	37.851	13.835	-19.449	-2.2646	-3.2836	0.92049	-4.158	1.6669	2.9933	1.0766	-0.36107	-0.40005	-2.0653	-1.2625	6.3456	-16.193	-1.5459	34.437	11.201	-43.715	0.068891	7.9125	17.053	-8.7562	1.8563	-15.737	15.671
0.72055	37.333	13.509	-18.851	-0.089583	-3.6455	-0.068194	-4.9337	2.7479	2.9709	1.5492	-0.51456	-0.19536	-1.6303	-7.0351	-20.71	-13.02	23.92	87.002	-14.476	-39.547	-31.028	43.242	-0.89419	18.907	-6.1396	8.1877	17.402
0.39388	36.381	12.52	-16.366	1.1283	-3.9767	-1.9177	-4.643	3.8795	2.6287	1.0205	-0.62773	0.31984	-0.58644	-13.067	-38.1	-39.584	99.403	48.714	-13.247	-73.981	11.626	45.263	-13.688	-21.15	-4.5266	20.608	41.753
0.19865	38.171	9.6003	-14.049	2.8059	-5.0476	-2.5792	-4.6445	4.223	1.2003	1.1558	0.60637	1.7803	-0.27228	-7.8094	71.593	-116.78	92.67	67.107	-42.835	-26.461	-0.05988	13.741	-57.136	5.4113	49.364	58.418	12.567
-0.021243	37.215	6.9429	-9.7381	4.8416	-5.0909	-3.6215	-5.3228	2.969	0.52099	1.3648	2.3121	1.8082	-0.11609	-8.7956	-38.217	-106.3	172.44	81.425	-1.7341	-41.69	-27.13	-50.162	-27.173	8.3616	68.231	1.1155	6.2475
-0.48161	30.737	5.3282	-4.7758	5.493	-5.1751	-4.3839	-4.3048	2.6265	-0.64789	1.0027	2.0949	0.21262	0.18129	-18.415	-259.13	-64.589	198.49	26.057	-3.3655	-30.497	40.72	-13.7	-46.755	-14.484	-8.6878	-63.822	11.895
-0.86679	27.706	3.5235	-1.7344	7.3192	-5.8444	-3.5897	-3.143	1.8323	-2.4562	-0.2782	2.6406	-0.4905	1.1886	-15.407	-121.24	-72.185	121.66	73.049	-26.773	31.768	46.472	-31.768	-72.333	-51.237	21.826	-28.125	40.292
-1.1	28.087	0.039473	-0.72449	9.5828	-5.7469	-2.5929	-3.202	0.66563	-4.2882	-1.0269	3.5177	-0.93363	2.1581	-9.3298	15.249	-139.36	40.396	90.544	3.898	39.872	-2.3588	-46.665	-73.278	-29.946	35.085	-17.725	38.781
-1.5801	20.562	-3.3648	3.2916	10.37	-3.916	-2.3778	-2.9263	0.042725	-3.3297	0.14212	3.9989	-1.311	2.8445	-19.205	-301.01	-136.17	160.64	31.503	73.237	8.6066	11.025	-24.916	38.338	46.759	19.248	-15.093	27.456
-2.7819	7.715	-2.8769	4.3031	10.05	-2.3766	-2.3836	-2.3724	1.4557	-2.6369	1.2294	4.4502	-1.5344	3.0982	-48.07	-513.88	19.515	40.457	-12.83	61.575	-0.23148	22.16	56.52	27.714	43.491	18.049	-8.9388	10.148
-3.7336	-3.0179	-0.42522	4.7173	7.8777	1.3862	-2.5975	-2.2167	2.0483	-2.6589	0.45838	3.6886	-1.4026	3.595	-38.068	-429.31	98.068	16.57	-86.878	150.51	-8.5566	6.2256	23.703	-0.88023	-30.841	-30.462	5.272	19.873
-4.7786	-12.238	1.5226	6.2336	4.7807	5.3021	-3.1098	-1.9413	1.1919	-2.0817	0.28461	2.1515	-0.79088	3.2001	-41.801	-368.82	77.912	60.653	-123.88	156.63	-20.493	11.015	-34.256	23.087	-6.9508	-61.485	24.47	-15.797
-5.6078	-21.257	2.5243	8.4032	0.72145	7.0561	-3.7559	-0.38422	1.1922	-1.5545	0.98929	-1.3109	-1.1321	1.8022	-33.165	-360.75	40.071	86.785	-162.37	70.161	-25.844	62.285	0.013337	21.088	28.187	-138.49	-13.651	-55.919
-6.3936	-27.732	-5.3514	14.664	-3.9337	5.2346	-2.5457	0.95473	1.8186	-0.87306	0.8116	-1.5968	0.24203	-0.92182	-31.433	-258.97	-315.03	250.44	-186.21	-72.859	48.409	53.558	25.053	27.258	-7.1076	-11.438	54.967	-108.96
-6.3057	-32.183	-17.933	9.2547	-6.6549	4.8852	-0.87515	0.04978	1.8191	-0.34359	1.0794	-2.2009	-0.29935	-1.5805	3.5137	-178.05	-503.26	-216.38	-108.85	-13.978	66.82	-36.198	0.022339	21.179	10.712	-24.163	-21.655	-26.347
-5.4131	-27.743	-21.652	7.63	-7.7477	5.7228	-1.6645	1.4314	0.84084	-0.98615	-0.78281	-3.5412	0.45457	0.43667	35.706	177.58	-148.76	-64.99	-43.713	33.504	-31.572	55.263	-39.131	-25.702	-74.488	-53.613	30.157	80.687
-4.1247	-17.788	-21.616	8.5173	-8.5084	6.8849	1.3397	1.9961	0.36412	-0.97705	1.4389	-0.36104	0.75511	-0.22797	51.533	398.22	1.446	35.493	-30.427	46.484	120.16	22.592	-19.069	0.36391	88.87	127.21	12.021	-26.586
-3.2864	-8.5544	-23.032	8.0983	-10.86	2.2086	-2.3848	0.26671	1.0314	-1.146	0.696	-0.74182	1.2058	0.047744	33.535	369.34	-56.647	-16.761	-94.081	-187.05	-148.98	-69.177	26.693	-6.7597	-29.717	-15.231	18.026	11.029
-2.7477	-0.93822	-19.307	9.0441	-12.107	3.6596	-2.4124	0.48392	1.2769	-0.6373	0.19374	-0.74324	2.8041	-1.4723	21.548	304.65	148.99	37.832	-49.863	58.038	-1.102	8.6884	9.8165	20.35	-20.091	-0.057027	63.931	-60.804
-2.3039	-7.0313	-24.078	9.2253	-10.058	7.4709	-0.27869	2.4086	1.1039	-0.31774	-0.45622	-0.58821	2.057	-0.99482	17.751	-243.72	-190.84	7.2479	81.966	152.45	85.347	76.989	-6.9166	12.782	-25.998	6.2012	-29.882	19.101
-2.2799	-5.9528	-22.652	9.6168	-8.5022	7.6365	-2.7608	2.0099	0.94826	-1.6894	-1.2405	0.43639	2.6295	-0.28547	0.95866	43.141	57.045	15.661	62.228	6.622	-99.283	-15.95	-6.227	-54.866	-31.372	40.984	22.9	28.374
-2.4733	-5.1388	-21.109	9.9286	-10.888	6.7788	-2.2079	0.63238	2.0547	-0.65602	1.0757	0.43285	2.2096	-0.031286	-7.7354	32.559	61.718	12.473	-95.423	-34.308	22.114	-55.1	44.258	41.335	92.651	-0.14139	-16.796	10.167
-2.7612	-8.3997	-23.046	9.2422	-12.142	5.3592	-1.2532	1.8516	1.8205	-0.62999	1.9281	-0.17014	1.8424	-0.60825	-11.518	-130.44	-77.494	-27.458	-50.16	-56.783	38.188	48.767	-9.3697	1.0413	34.095	-24.12	-14.688	-23.079
-2.9483	-6.7687	-22.195	9.7237	-9.1394	7.405	-0.60605	1.8232	0.79453	-0.87235	0.54383	0.28153	2.0177	-0.98807	-7.4804	65.239	34.074	19.262	120.09	81.833	25.886	-1.1331	-41.038	-9.6944	-55.371	18.067	7.0102	-15.193
-2.9232	-2.1577	-20.309	9.8757	-10.035	5.4163	-0.83321	1.9106	0.73403	-0.65709	2.1659	0.93791	1.4733	-0.49986	1.0036	184.44	75.42	6.0782	-35.815	-79.548	-9.0864	3.4927	-2.42	8.6102	64.881	26.255	-21.775	19.528
-3.0339	-9.8756	-26.302	7.9043	-10.169	5.2389	-1.3493	1.0825	0.36228	-1.8668	-0.60489	-0.034203	1.3514	-1.3843	-4.4284	-308.72	-239.7	-78.854	-5.3527	-7.0968	-20.642	-33.12	-14.87	-48.387	-110.83	-38.885	-4.8762	-35.376
-3.5571	-6.8446	-20.901	8.4791	-8.409	6.448	-1.2553	1.2946	2.9547	0.1345	-0.0071783	-1.2336	1.2123	-0.69294	-20.93	121.24	216.02	22.992	70.383	48.366	3.7572	8.4837	103.7	80.051	23.908	-47.974	-5.5622	27.652
-2.7286	12.395	-2.8075	8.5879	-6.1581	5.6331	-1.5583	-2.0594	-1.9769	-0.65006	1.7075	-0.34341	-0.062704	-0.71424	33.143	769.57	723.74	4.3534	90.036	-32.6	-12.117	-134.16	-197.26	-31.383	68.588	35.606	-51.002	-0.85208
-1.4316	27.984	7.236	-4.0631	-0.56054	-1.3106	0.082081	-3.6471	-1.9739	1.134	1.9944	1.8138	-1.5174	-0.12566	51.88	623.56	401.74	-506.04	223.9	-277.75	65.614	-63.505	0.11957	71.363	11.475	86.288	-58.186	23.543
-0.72003	32.817	6.906	-9.1509	0.71126	-5.0688	1.5148	-3.8898	-0.94921	3.0986	2.9086	2.7105	-2.7328	0.66398	28.461	193.35	-13.202	-203.51	50.872	-150.33	57.307	-9.7095	40.986	78.582	36.568	35.869	-48.617	31.586
-0.55079	35.151	5.8946	-10.455	-0.62651	-5.7452	2.4757	-2.7532	-0.10398	3.5567	2.6971	1.4352	-2.5859	0.53857	6.7697	93.325	-40.455	-52.16	-53.511	-27.057	38.438	45.466	33.809	18.325	-8.4609	-51.014	5.8734	-5.0165
-0.62946	33.441	5.6798	-10.474	-0.24694	-5.2587	2.488	-1.8818	0.62424	3.2591	2.2398	0.75279	-2.9146	1.0689	-3.1468	-68.386	-8.5937	-0.76641	15.183	19.458	0.49214	34.855	29.129	-11.903	-18.293	-27.294	-13.145	21.212
-0.66751	32.457	5.8943	-10.296	0.15795	-5.231	2.6075	-1.5276	0.83423	3.6342	1.7622	0.52828	-3.0317	1.3039	-1.522	-39.35	8.5809	7.1385	16.196	1.1076	4.7813	14.168	8.3994	15.002	-19.103	-8.9805	-4.6844	9.4001
-0.83397	29.864	7.191	-9.9273	0.54922	-4.8625	2.8186	-2.0352	1.2316	3.8904	1.5252	0.14443	-2.7707	1.6505	-6.6585	-103.72	51.868	14.733	15.651	14.743	8.443	-20.305	15.896	10.249	-9.4795	-15.354	10.441	13.866
-1.1922	27.771	7.4734	-8.9983	1.0632	-3.9821	2.5306	-2.1045	1.3628	3.9654	1.6596	-0.25557	-2.3343	2.1676	-14.33	-83.744	11.297	37.159	20.558	35.214	-11.519	-2.7699	5.2488	2.9984	5.3758	-16	17.455	20.683
-1.6716	22.757	8.7835	-8.7478	2.4832	-3.9303	2.37	-2.5555	1.7855	3.3356	1.9343	-0.406	-1.488	2.7729	-19.177	-200.54	52.404	10.02	56.803	2.0726	-6.4244	-18.042	16.906	-25.192	10.99	-6.0173	33.853	24.212
-2.4862	15.11	8.8991	-5.2038	2.6623	-2.7021	1.4356	-2.0604	0.81098	3.4064	0.89552	0.05177	-1.0389	3.0018	-32.583	-305.88	4.622	141.76	7.1644	49.126	-37.376	19.804	-38.981	2.8325	-41.552	18.311	17.964	9.1581
-3.4004	0.5561	7.4332	3.3752	0.15329	3.69	-0.2099	-0.70696	0.7914	1.0171	0.011188	-1.0764	1.4775	1.4176	-36.568	-582.16	-58.635	343.16	-100.36	255.69	-65.821	54.138	-0.78298	-95.573	-35.373	-45.126	100.65	-63.369
-3.7024	-12.711	14.35	2.5458	-0.10982	5.1812	-1.1147	-0.49591	2.4443	-0.10446	-2.0495	0.76423	2.3864	0.70653	-12.079	-530.69	276.68	-33.176	-10.525	59.647	-36.192	8.4417	66.115	-44.861	-82.426	73.624	36.356	-28.444
-3.7419	-17.926	16.616	3.1247	0.42415	3.3778	-0.47307	-0.035447	2.8687	-1.3022	-2.0632	1.9551	2.1201	0.61892	-1.581	-208.59	90.632	23.153	21.359	-72.135	25.665	18.419	16.977	-47.911	-0.54968	47.635	-10.653	-3.5045
-3.7909	-19.134	16.799	3.3506	0.15221	4.0471	-0.69578	-0.13993	2.9475	-1.3274	-2.1099	1.8105	1.7866	1.1218	-1.9594	-48.305	7.3152	9.0391	-10.878	26.773	-8.9082	-4.1794	3.151	-1.0067	-1.8683	-5.7846	-13.339	20.117
-3.8821	-22.654	17.399	4.1441	0.50863	3.5008	-0.62199	-0.014901	3.1588	-1.1375	-2.6632	1.8705	1.9223	1.1726	-3.6476	-140.83	24.018	31.738	14.257	-21.85	2.9516	5.0012	8.4516	7.596	-22.131	2.4019	5.4292	2.0306
-4.0125	-26.113	16.995	6.1706	-0.56524	3.9937	-0.65652	0.8773	3.1093	-1.659	-2.2596	0.88886	2.4471	1.092	-5.2159	-138.35	-16.155	81.06	-42.955	19.717	-1.3814	35.688	-1.9776	-20.86	16.143	-39.267	20.993	-3.2245
-4.2383	-26.417	16.237	6.087	-1.3835	4.856	0.72611	0.26022	3.6496	-2.4979	-1.5354	1.3244	1.0168	0.54532	-9.0337	-12.148	-30.327	-3.3451	-32.731	34.491	55.305	-24.683	21.61	-33.557	28.968	17.422	-57.212	-21.867
-4.5617	-15.698	6.5598	4.9732	2.9952	2.6267	0.72498	2.8685	1.1769	-2.0819	0.020005	-1.0144	1.5046	-0.45906	-12.935	428.76	-387.1	-44.552	175.15	-89.173	-0.045403	104.33	-98.909	16.639	62.217	-93.554	19.511	-40.175
-5.281	-3.1684	-0.2303	1.3982	1.8903	2.3814	0.60269	3.9403	0.85782	-1.067	2.0921	-0.87562	1.8881	-1.1217	-28.773	501.17	-271.6	-143	-44.195	-9.8134	-4.8917	42.87	-12.762	40.599	82.882	5.5525	15.34	-26.506
-5.2803	-15.296	-12.293	8.4762	3.9694	4.0178	0.17534	3.1892	0.91598	-1.0513	1.1919	-1.8659	0.94698	0.13305	0.030688	-485.1	-482.5	283.12	83.164	65.456	-17.094	-30.045	2.3266	0.62478	-36.005	-39.611	-37.646	50.191
-4.3713	-10.604	-24.84	5.179	1.3376	1.5356	-0.7852	2.9679	1.9518	-1.0385	0.94897	-2.2383	0.98586	-0.11161	36.359	187.66	-501.87	-131.89	-105.27	-99.289	-38.421	-8.8508	41.434	0.51322	-9.7183	-14.895	1.5552	-9.7864
-3.5546	-3.9442	-28.09	2.1689	0.52368	-0.30672	-3.2703	2.0276	1.8339	-1.6157	0.29447	-2.0925	-0.14352	0.46024	32.667	266.41	-130.03	-120.41	-32.556	-73.691	-99.403	-37.61	-4.7188	-23.087	-26.18	5.8291	-45.175	22.874
-3.3542	-1.6971	-28.06	3.3376	1.0315	0.33789	-2.0914	1.2038	-0.68264	-1.9988	2.8458	-0.50703	1.692	0.74582	8.0146	89.883	1.204	46.751	20.313	25.784	47.153	-32.953	-100.66	-15.323	102.05	63.421	73.423	11.423
-3.3344	-1.2835	-26.588	4.3758	0.85426	0.30301	-0.55772	3.9626	1.0696	-2.0388	1.6389	-0.073147	0.87047	-0.70039	0.7953	16.544	58.889	41.526	-7.0893	-1.3953	61.349	110.35	70.09	-1.6027	-48.275	17.355	-32.863	-57.848
-3.163	0.29244	-28.088	2.5418	0.54528	-0.62848	-1.1202	3.7119	2.7607	-0.63753	1.0668	-1.6811	0.1653	0.64407	6.8537	63.039	-60.012	-73.359	-12.359	-37.26	-22.5	-10.028	67.645	56.052	-22.882	-64.319	-28.207	53.778
-3.2048	3.2151	-25.393	4.7241	-0.73759	-1.7414	-3.8238	-0.56697	-0.15605	-1.1413	1.3029	-1.2631	1.5689	-0.012291	-1.6695	116.91	107.82	87.292	-51.315	-44.518	-108.14	-171.16	-116.67	-20.151	9.4429	16.722	56.145	-26.254
-3.7556	-2.7893	-25.07	1.4835	-1.9988	-1.1332	-1.812	1.9892	0.89748	-0.57373	2.1062	-1.3578	-0.0766	-0.12056	-22.032	-240.18	12.893	-129.62	-50.446	24.332	80.472	102.25	42.141	22.703	32.132	-3.7908	-65.821	-4.3307
-4.5171	-4.8129	-20.341	1.8658	-2.8358	0.19045	-1.8557	1.9494	1.8212	-0.22707	1.3202	-1.9867	0.72095	-0.53782	-30.462	-80.945	189.16	15.289	-33.482	52.944	-1.7493	-1.5924	36.95	13.866	-31.441	-25.154	31.902	-16.691
-4.8934	-8.4939	-5.7664	5.6569	0.19354	0.90751	-4.0609	1.5194	3.0105	0.74291	0.1672	-1.2376	0.85409	0.28656	-15.05	-147.24	582.99	151.64	121.17	28.682	-88.209	-17.2	47.572	38.799	-46.119	29.962	5.3254	32.975
-2.5985	4.5922	13.841	-2.1332	-2.551	-0.35173	-3.712	-0.20973	0.11123	1.3518	2.3349	-0.99981	0.2461	0.35342	91.794	523.44	784.29	-311.6	-109.78	-50.37	13.959	-69.164	-115.97	24.354	86.708	9.5133	-24.319	2.6743
-1.5708	13.326	15.996	-9.2004	-2.7002	-1.8962	-2.1482	-2.3287	1.3107	1.4143	2.3334	0.31004	-1.2407	-0.11824	41.11	349.33	86.202	-282.69	-5.9676	-61.778	62.548	-84.757	47.98	2.503	-0.059157	52.394	-59.473	-18.866
-1.1313	20.885	13.819	-12.989	-2.2283	-4.1116	-0.5062	-1.6453	2.1876	1.684	1.903	-0.081984	-3.3057	-0.49198	17.578	302.37	-87.086	-151.56	18.875	-88.618	65.682	27.335	35.074	10.787	-17.217	-15.681	-82.599	-14.95
-0.81627	21.33	14.632	-15.457	-2.3287	-4.2325	1.5637	-1.8929	3.1683	0.84377	2.1776	0.049543	-3.347	-1.0778	12.602	17.798	32.547	-98.688	-4.0153	-4.8326	82.797	-9.9045	39.23	-33.61	10.984	5.2611	-1.6508	-23.432
-0.83689	22.966	13.438	-14.873	-3.978	-3.0821	2.8484	-0.81287	2.2693	0.93332	1.4783	-0.18626	-3.2646	-1.016	-0.82491	65.456	-47.797	23.364	-65.971	46.014	51.389	43.201	-35.96	3.5819	-27.971	-9.4321	3.2941	2.4705
-0.79751	22.803	13.135	-16.335	-3.7807	-3.9362	3.9539	-0.99448	2.09	0.61697	1.1535	-0.53581	-3.4059	-0.70405	1.5754	-6.5294	-12.104	-58.486	7.8917	-34.165	44.219	-7.2645	-7.1702	-12.654	-12.994	-13.982	-5.6496	12.478
-1.0166	21.154	12.99	-15.718	-4.4718	-2.4968	3.4075	-0.049678	1.2772	0.91409	1.0432	-0.84126	-3.4325	-0.26496	-8.7648	-65.964	-5.8023	24.66	-27.646	57.575	-21.856	37.792	-32.513	11.885	-4.4083	-12.218	-1.0651	17.564
-1.0401	19.439	13.533	-16.642	-3.4853	-2.505	4.0977	-0.75988	1.6351	0.85481	0.76146	-0.95254	-3.427	-0.092563	-0.93962	-68.61	21.724	-36.964	39.461	-0.32736	27.609	-28.408	14.315	-2.3712	-11.271	-4.4511	0.22118	6.896
-1.2904	21.482	11.542	-14.937	-3.8611	-0.87061	2.5935	0.40485	1.181	1.3812	0.72854	-1.2433	-2.9456	-0.14301	-10.013	81.725	-79.652	68.205	-15.03	65.377	-60.17	46.589	-18.161	21.055	-1.317	-11.629	19.255	-2.0181
-1.3262	19.398	12.452	-16.322	-2.0252	-1.534	2.4515	-0.33609	2.0516	1.1705	0.82239	-1.492	-3.3129	0.42636	-1.4313	-83.346	36.395	-55.379	73.433	-26.534	-5.6795	-29.637	34.823	-8.4258	3.7542	-9.9482	-14.691	22.775
-1.5749	19.815	11.661	-15.287	-0.99938	-1.8498	1.9799	-0.64374	2.6865	1.6925	0.44888	-1.4859	-2.8873	0.29797	-9.9466	16.684	-31.622	41.383	41.034	-12.633	-18.865	-12.306	25.396	20.88	-14.941	0.24469	17.022	-5.1353
-1.6054	19.197	10.492	-14.011	-0.48507	-2.0579	0.6079	-0.77718	3.6068	1.2808	0.4418	-2.1221	-2.0786	-0.22966	-1.221	-24.704	-46.758	51.045	20.573	-8.3252	-54.879	-5.3378	36.81	-16.472	-0.2831	-25.451	32.348	-21.105
-1.8569	18.249	9.0708	-11.829	1.2139	-3.1749	-0.52788	-0.67999	4.111	1.4365	0.047964	-1.5659	-1.6915	-0.56381	-10.061	-37.95	-56.852	87.29	67.96	-44.681	-45.431	3.888	20.168	6.2308	-15.753	22.251	15.485	-13.366
-1.9687	15.823	7.9383	-9.7337	3.2585	-4.4721	-2.1602	-0.13764	4.2484	1.3634	-0.27012	-0.38896	-1.7008	-1.1035	-4.4728	-97.039	-45.3	83.799	81.785	-51.886	-65.294	21.694	5.4991	-2.9236	-12.723	47.076	-0.37149	-21.589
-2.4717	10.393	7.4639	-6.7253	5.0785	-4.754	-3.7646	0.31433	4.4511	1.27	-0.46457	0.51545	-1.6784	-1.5637	-20.12	-217.17	-18.977	120.34	72.798	-11.277	-64.174	18.079	8.1073	-3.738	-7.7781	36.177	0.89598	-18.407
-3.0317	3.8184	6.9095	-4.1597	7.5216	-5.8644	-4.2552	1.0518	3.5547	1.228	-1.1804	1.1368	-1.5224	-1.2281	-22.4	-263	-22.175	102.62	97.723	-44.416	-19.625	29.5	-35.858	-1.6781	-28.632	24.856	6.2381	13.426
-3.7426	-0.92868	5.5306	-1.6538	9.1831	-6.4096	-3.7336	1.4047	2.4951	0.54906	-1.8132	2.014	-1.0958	-0.7273	-28.435	-189.88	-55.155	100.24	66.462	-21.811	20.865	14.114	-42.384	-27.159	-25.313	35.084	17.065	20.031
-4.3377	-9.0441	5.8162	1.2216	8.7188	-5.1232	-3.7174	1.7123	2.0265	-0.1801	-1.5037	1.285	0.072242	-1.2248	-23.806	-324.62	11.424	115.02	-18.571	51.456	0.64697	12.305	-18.744	-29.166	12.38	-29.157	46.722	-19.899
-4.8156	-18.503	7.9453	2.9441	7.6071	-4.8613	-2.7028	3.1947	1.6543	-1.2877	-2.0989	1.2255	0.28143	-1.3101	-19.114	-378.37	85.164	68.898	-44.47	10.478	40.582	59.297	-14.886	-44.303	-23.807	-2.3807	8.3675	-3.4123
-5.1441	-27.485	10.613	4.9881	4.775	-1.9068	-0.83698	3.2491	-0.086904	-2.2009	-2.4806	1.0664	0.026611	-0.45619	-13.138	-359.25	106.71	81.762	-113.28	118.18	74.634	2.1746	-69.648	-36.529	-15.27	-6.3643	-10.193	34.155
-5.2008	-34.278	14.042	8.1395	-1.3949	0.77147	3.1355	-0.37493	-0.36271	-3.3032	-2.0052	1.8546	-0.46128	-0.30651	-2.2676	-271.74	137.16	126.06	-246.8	107.13	158.9	-144.96	-11.032	-44.092	19.017	31.527	-19.516	5.9874
-5.1425	-39.984	16.893	9.3695	-3.4322	2.8876	2.0796	-0.13321	-0.28356	-2.4393	-3.9666	2.9812	-0.83085	0.11127	2.3299	-228.23	114.03	49.198	-81.492	84.646	-42.233	9.669	3.1659	34.557	-78.456	45.065	-14.783	16.711
-5.2003	-41.644	15.62	11.023	-3.2934	4.1752	1.8471	0.46022	-0.38743	-3.3862	-3.503	2.1728	-0.56095	1.2268	-2.3099	-66.413	-50.897	66.125	5.5533	51.504	-9.3022	23.737	-4.1546	-37.877	18.543	-32.337	10.796	44.62
-5.4613	-44.06	15.531	11.364	-2.7582	2.8533	2.5893	1.2678	0.33266	-2.0453	-4.2912	-0.078819	-0.2507	1.9324	-10.442	-96.626	-3.5623	13.67	21.408	-52.875	29.689	32.304	28.804	53.635	-31.526	-90.065	12.41	28.225
-6.3344	-22.927	3.195	5.0495	2.1788	1.5159	0.98024	4.1959	-1.0819	-1.4175	-0.063078	-0.55479	0.62544	-1.5313	-34.925	845.34	-493.45	-252.59	197.48	-53.498	-64.363	117.12	-56.581	25.115	169.12	-19.039	35.045	-138.55
-6.2262	-25.372	-5.7394	7.9339	2.2696	1.5203	0.43134	3.8194	-0.033307	-1.4796	0.05512	-0.54646	0.80265	-1.5881	4.3308	-97.828	-357.38	115.38	3.6353	0.1766	-21.956	-15.061	41.942	-2.4855	4.7279	0.33316	7.0884	-2.2711
-5.06	-19.178	-23.78	5.9698	1.4931	2.0608	1.4694	1.0226	-0.66507	-1.3196	1.0308	-0.94862	0.42415	-1.9143	46.647	247.78	-721.62	-78.567	-31.061	21.619	41.522	-111.87	-25.271	6.3991	39.026	-16.086	-15.14	-13.047
-4.0509	-13.252	-29.293	5.2301	1.5888	1.1007	0.97167	0.73447	-1.5258	-1.8455	-0.20193	-1.4614	1.5979	-0.60258	40.364	237.04	-220.51	-29.585	3.8266	-38.402	-19.909	-11.527	-34.429	-21.034	-49.308	-20.511	46.949	52.469
-3.3319	-10.332	-31.758	6.5239	1.3972	0.074375	0.33835	2.2835	-0.51767	-0.85826	0.89865	-2.207	-0.080229	-1.1762	28.762	116.8	-98.599	51.752	-7.6647	-41.054	-25.333	61.959	40.326	39.488	44.023	-29.824	-67.124	-22.945
-2.9291	-0.65691	-26.738	7.6892	2.3932	-1.6512	-0.98283	2.5711	0.63836	-0.13219	1.6444	-0.16018	1.8315	-0.74777	16.112	386.99	200.8	46.613	39.841	-69.025	-52.847	11.508	46.241	29.043	29.828	81.873	76.467	17.138
-2.8772	1.1421	-28.404	5.0932	0.43199	-1.2168	-0.12757	1.467	-1.0705	0.2368	1.9091	-1.5059	1.4168	-0.11162	2.0762	71.96	-66.647	-103.84	-78.448	17.378	34.21	-44.168	-68.356	14.759	10.591	-53.828	-16.587	25.446
-2.8575	2.3179	-25.828	7.3499	2.1947	0.37541	-1.0539	3.4931	-0.44046	-1.0754	1.9152	-2.2275	0.8922	-0.38766	0.78523	47.034	103.05	90.267	70.508	63.688	-37.052	81.048	25.203	-52.487	0.24459	-28.863	-20.983	-11.041
-2.8809	2.171	-26.61	4.9473	2.0235	-0.43312	-1.3187	3.0994	0.13167	-0.73916	0.61279	-2.5335	1.3159	-1.1991	-0.93295	-5.8764	-31.313	-96.104	-6.8477	-32.341	-10.595	-15.751	22.886	13.449	-52.098	-12.242	16.949	-32.456
-2.7496	2.3837	-28.93	2.4789	-1.7376	-0.94829	-1.9893	1.406	-1.648	-1.1932	1.9142	-0.42687	1.3058	-2.0275	5.2503	8.5072	-92.789	-98.735	-150.44	-20.607	-26.824	-67.733	-71.188	-18.161	52.057	84.265	-0.40499	-33.138
-2.5534	5.3521	-26.783	2.5642	0.90932	-0.60521	-1.3439	4.4065	0.35883	-0.6054	2.094	0.50982	2.3879	-0.45409	7.8479	118.74	85.907	3.4131	105.88	13.723	25.818	120.02	80.274	23.512	7.1903	37.468	43.285	62.937
-2.5862	2.4194	-30.019	1.8466	2.3421	0.44235	-2.1132	2.6313	1.1162	0.38436	2.4951	-0.30026	2.3525	-0.11502	-1.3102	-117.31	-129.47	-28.704	57.309	41.902	-30.774	-71.008	30.293	39.59	16.045	-32.403	-1.418	13.563
-2.8138	5.4881	-24.634	5.9724	1.6163	0.073727	-1.5164	3.6005	1.1304	-1.3925	1.7757	-1.1972	0.75179	-0.77873	-9.1073	122.75	215.43	165.03	-29.031	-14.745	23.873	38.767	0.57043	-71.075	-28.777	-35.876	-64.027	-26.548
-3.2191	3.9992	-23.569	6.1708	0.98231	0.50144	-0.70697	4.2793	1.0264	-2.3409	0.92447	-0.34177	0.35313	0.35514	-16.21	-59.555	42.578	7.9348	-25.359	17.109	32.378	27.155	-4.1613	-37.935	-34.048	34.215	-15.946	45.355
-3.8	-1.95	-23.291	2.4104	0.19894	-0.095428	-3.5861	2.8855	0.067947	-2.2358	2.1124	-0.46846	0.41406	-0.3259	-23.236	-237.97	11.129	-150.42	-31.335	-23.875	-115.17	-55.755	-38.338	4.2052	47.517	-5.0673	2.4372	-27.242
-2.95	7.6657	-6.5324	5.9801	4.5932	4.0714	-3.3506	0.54179	0.0044163	-1.6705	1.6015	-1.8836	1.9099	-0.56383	33.999	384.63	670.34	142.79	175.77	166.67	9.4224	-93.747	-2.5412	22.611	-20.436	-56.607	59.834	-9.517
-1.926	23.442	3.7355	-5.5091	10.396	-0.087392	-3.519	-1.6935	-2.527	0.46243	-2.1632	0.32625	1.4283	0.97337	40.962	631.06	410.72	-459.57	232.13	-166.35	-6.7366	-89.411	-101.26	85.316	-150.59	88.395	-19.264	61.488
-1.3269	26.494	4.9539	-8.0091	10.09	-2.606	-3.5697	-2.2772	-1.9469	2.5861	-1.3722	2.3469	1.0208	1.034	23.961	122.08	48.735	-99.999	-12.248	-100.74	-2.0278	-23.35	23.205	84.946	31.637	80.827	-16.3	2.424
-1.1685	27.109	6.1317	-10.661	7.8115	-1.6342	-3.545	-1.4343	-0.17244	4.5099	-0.47982	2.2689	1.1349	0.27398	6.3386	24.602	47.114	-106.07	-91.147	38.871	0.98701	33.718	70.978	76.955	35.697	-3.1216	4.5628	-30.4
-1.2554	25.464	9.1685	-13.129	5.3088	-0.33092	-2.5807	-2.074	-0.71892	5.7744	-0.60766	1.9968	0.99344	0.024336	-3.4781	-65.829	121.47	-98.741	-100.11	52.131	38.573	-25.588	-21.859	50.578	-5.114	-10.883	-5.6574	-9.9859
-1.8679	19.726	12.95	-12.325	1.0408	1.7604	0.32054	-1.9847	-2.9308	5.0813	0.027194	1.7392	1.4439	-0.34664	-24.5	-229.49	151.25	32.179	-170.72	83.652	116.05	3.5717	-88.476	-27.723	25.394	-10.306	18.018	-14.839
-2.9165	0.47608	15.115	-5.2613	-1.756	3.7442	2.1516	1.5314	-4.1425	2.6652	-0.97962	-0.31009	3.5902	0.25869	-41.942	-770.01	86.617	282.55	-111.87	79.354	73.243	140.64	-48.467	-96.646	-40.272	-81.971	85.85	24.213
-3.5794	-7.0527	14.684	-3.1548	-1.5092	4.7117	4.5903	1.8705	-5.0997	2.4427	-3.3231	-1.6436	5.0731	1.8089	-26.515	-301.15	-17.271	84.261	9.8737	38.699	97.549	13.564	-38.287	-8.8993	-93.738	-53.342	59.316	62.009
-3.51	-7.2743	15.028	-3.6731	-1.5736	4.6173	4.4651	1.9636	-4.8381	2.4207	-3.6217	-1.9773	5.0038	2.3356	2.7757	-8.8639	13.762	-20.734	-2.5793	-3.7746	-5.0107	3.7254	10.463	-0.87831	-11.946	-13.344	-2.7697	21.066
-3.5285	-6.1668	14.608	-3.8356	-1.5232	4.0261	4.431	1.8515	-4.6312	3.1517	-3.9188	-2.7314	4.8229	2.3187	-0.74092	44.299	-16.773	-6.5003	2.0161	-23.648	-1.3647	-4.4871	8.2764	29.24	-11.884	-30.167	-7.2361	-0.67364
-3.6096	-6.9217	14.949	-3.767	-1.5419	3.5182	4.7213	1.2811	-4.2489	3.4744	-4.1424	-3.1481	4.3675	2.3062	-3.2454	-30.193	13.648	2.743	-0.74518	-20.316	11.612	-22.814	15.291	12.908	-8.9433	-16.668	-18.215	-0.49956
-2.9516	4.3476	10.547	-3.7779	-3.0597	3.3585	3.4643	0.67392	-1.1019	0.38884	-1.3915	-2.1413	2.8451	0.38292	26.323	450.77	-176.11	-0.43238	-60.715	-6.3915	-50.28	-24.288	125.88	-123.42	110.04	40.273	-60.896	-76.933
-2.2939	22.753	9.5204	-6.5101	-6.1597	1.711	2.5143	0.068467	-0.3233	-0.237	0.69916	-0.45149	2.949	-0.23132	26.307	736.24	-41.049	-109.29	-124	-65.9	-37.999	-24.218	31.144	-25.034	83.625	67.592	4.1563	-24.569
-1.7843	13.749	15.709	-10.076	-4.2705	1.6256	3.6489	-2.3452	-5.231	5.8352	0.21842	-0.70004	1.3538	-0.065471	20.385	-360.19	247.55	-142.62	75.568	-3.4142	45.386	-96.547	-196.31	242.89	-19.23	-9.9421	-63.808	6.6338
-1.6986	13.207	15.204	-11.545	-0.51575	2.4356	0.88811	-3.6125	-4.6711	8.1022	-0.88839	-0.88922	0.21064	0.76019	3.4282	-21.667	-20.215	-58.766	150.19	32.401	-110.43	-50.692	22.397	90.682	-44.272	-7.5672	-45.728	33.026
-1.7589	13.529	14.225	-10.862	1.0879	2.682	-1.0192	-3.568	-3.5592	7.6281	-1.5668	-0.56452	0.61247	0.88136	-2.415	12.888	-39.137	27.304	64.146	9.8536	-76.291	1.7814	44.474	-18.964	-27.137	12.988	16.073	4.8469
-2.0782	13.651	13.671	-10.788	3.0101	2.404	-2.5132	-3.2616	-2.557	6.2862	-2.3303	0.63202	0.32485	1.0704	-12.772	4.8789	-22.177	2.9541	76.889	-11.118	-59.761	12.257	40.089	-53.679	-30.541	47.862	-11.505	7.5617
-2.2125	14.122	12.58	-9.595	4.8871	1.2535	-3.4427	-2.7044	-2.1142	4.5012	-2.4128	1.4653	0.029037	1.0838	-5.3698	18.821	-43.654	47.731	75.08	-46.022	-37.18	22.286	17.71	-71.399	-3.2984	33.333	-11.833	0.53406
-2.1788	14.474	11.748	-8.2372	6.5165	-0.18607	-3.442	-1.8132	-2.9474	3.6572	-2.6173	1.9237	-0.88137	1.9718	1.3482	14.103	-33.252	54.311	65.174	-57.582	0.028272	35.647	-33.327	-33.761	-8.182	18.334	-36.416	35.521
-2.2477	13.914	10.473	-6.2687	8.0997	-1.5748	-1.9321	-2.0429	-3.2172	2.9026	-2.4843	0.84588	-1.3509	2.6491	-2.7557	-22.407	-51.026	78.741	63.331	-55.548	60.395	-9.1865	-10.79	-30.183	5.3234	-43.112	-18.78	27.095
-2.6579	15.078	6.0252	-1.4588	6.0935	0.10485	-0.12134	-3.1341	-1.5884	0.30094	-0.82045	-1.3399	-0.88065	1.1715	-16.409	46.549	-177.9	192.4	-80.247	67.185	72.431	-43.647	65.151	-104.07	66.553	-87.433	18.809	-59.106
-3.2968	13.406	-1.4364	8.55	-1.766	4.5513	-1.1399	-3.0954	-0.026511	-0.70879	1.6902	-1.7962	-0.3444	0.91977	-25.555	-66.881	-298.46	400.35	-314.38	177.86	-40.743	1.545	62.475	-40.389	100.43	-18.25	21.45	-10.069
-3.3422	5.217	-8.3847	17.059	-5.0089	6.0143	-0.37359	-3.5062	-0.13643	-0.87954	2.6394	-1.6035	1.3497	0.12585	-1.8174	-327.56	-277.93	340.38	-129.71	58.521	30.654	-16.43	-4.3969	-6.8297	37.966	7.7094	67.765	-31.757
-2.903	-6.7303	-17.411	22.168	-4.0623	7.6949	-1.1907	-1.6473	-1.6093	-2.1996	1.7823	-1.0992	2.287	-0.62646	17.57	-477.89	-361.05	204.35	37.862	67.227	-32.686	74.355	-58.916	-52.802	-34.282	20.169	37.492	-30.092
-2.86	-18.851	-27.206	17.648	-3.5327	8.1391	0.027481	1.5929	0.68776	-1.6165	-0.90993	-0.094054	1.4939	-0.36862	1.7201	-484.84	-391.79	-180.8	21.185	17.767	48.729	129.61	91.884	23.323	-107.69	40.207	-31.724	10.313
-3.424	-28.573	-26.812	14.876	-7.9891	4.5791	-1.1487	2.2712	1.9386	0.059914	1.1789	-0.68923	0.55911	-0.32775	-22.563	-388.88	15.737	-110.88	-178.26	-142.4	-47.047	27.133	50.036	67.057	83.555	-23.807	-37.393	1.6349
-4.2541	-30.625	-25.037	12.36	-9.9649	3.9106	0.75587	1.9621	2.8442	-1.1371	0.96744	-1.6041	1.3739	-0.38724	-33.203	-82.053	71.016	-100.66	-79.03	-26.741	76.182	-12.364	36.222	-47.882	-8.4603	-36.596	32.591	-2.3795
-4.8709	-27.776	-21.341	11.784	-8.1707	5.1655	-0.29422	0.012012	2.3625	-0.41942	1.6514	-0.36044	2.0415	-1.0018	-24.673	113.93	147.85	-23.021	71.764	50.196	-42.004	-78.004	-19.267	28.709	27.358	49.748	26.706	-24.581
-4.7134	-19.322	-20.254	8.7548	-9.785	4.0226	-1.1452	0.72354	1.9831	-1.5786	2.1284	-0.92478	0.92927	-0.55775	6.3011	338.16	43.476	-121.17	-64.568	-45.715	-34.041	28.461	-15.178	-46.367	19.078	-22.574	-44.49	17.761
-4.789	-8.0257	-18.447	7.6527	-7.6993	1.768	-1.4037	0.078997	2.1799	-1.1127	0.77013	-2.0537	0.8988	-0.35925	-3.0257	451.86	72.28	-44.083	83.426	-90.184	-10.337	-25.782	7.8728	18.637	-54.329	-45.158	-1.2188	7.94
-3.5472	3.5132	-1.2862	9.5897	-5.9832	1.2714	-0.9997	-1.1258	-3.3047	-3.2074	2.6042	1.0411	0.23061	-1.4412	49.674	461.56	686.42	77.479	68.645	-19.865	16.159	-48.191	-219.39	-83.788	73.362	123.79	-26.728	-43.28
-2.2316	11.131	12.554	-3.1699	-5.6974	-3.2646	-0.20314	-2.0331	-3.8846	-1.6313	0.39514	4.5627	-0.98121	-2.2166	52.625	304.71	553.62	-510.38	11.43	-181.44	31.862	-36.292	-23.196	63.042	-88.362	140.86	-48.473	-31.016
-1.6881	15.492	13.608	-7.6066	-6.1402	-6.1591	0.65176	-0.27363	-2.2683	-0.43088	0.96405	3.2192	-2.8241	-2.2638	21.738	174.42	42.158	-177.47	-17.709	-115.78	34.196	70.378	64.655	48.017	22.756	-53.739	-73.717	-1.8885
-1.6461	14.62	9.0669	-6.0367	-9.9099	-5.4091	1.7221	2.9114	-1.872	-0.75466	2.0503	1.6756	-2.9669	-2.3646	1.68	-34.868	-181.65	62.796	-150.79	30	42.816	127.4	15.853	-12.951	43.452	-61.743	-5.7106	-4.0294
-1.4076	19.65	3.8888	-2.1662	-12.876	-3.4653	2.2325	4.8973	-1.7302	-1.3589	2.4505	0.50089	-1.9283	-2.1775	9.5404	201.21	-207.12	154.82	-118.63	77.752	20.414	79.435	5.6686	-24.17	16.006	-46.989	41.542	7.4818
-1.1224	17.279	9.224	-8.0592	-7.8333	-6.8579	5.8614	4.4698	-1.348	-0.94694	1.2205	0.85224	-1.8885	-0.66618	11.41	-94.843	213.41	-235.72	201.69	-135.7	145.16	-17.1	15.291	16.479	-49.198	14.054	1.5918	60.454
-0.94723	16.998	11.239	-10.968	-5.6315	-8.9352	8.3867	3.192	-0.82675	-1.8845	1.0454	-0.38046	-1.0163	-0.68423	7.006	-11.22	80.593	-116.36	88.076	-83.092	101.01	-51.114	20.849	-37.501	-7.0063	-49.308	34.889	-0.72193
-0.88928	17.283	11.932	-9.3081	-5.2848	-8.0944	8.5422	3.3563	-1.1303	-1.2847	1.3175	-0.86566	-0.79558	-0.63507	2.3181	11.393	27.744	66.4	13.865	33.631	6.2198	6.571	-12.14	23.99	10.886	-19.408	8.8298	1.9664
-0.97116	19.696	12.34	-9.8253	-4.4112	-8.8381	8.7207	3.1893	-1.6543	-0.31844	1.5593	-1.0456	-0.81577	-0.58235	-3.2755	96.515	16.307	-20.685	34.944	-29.748	7.1395	-6.6786	-20.961	38.651	9.6702	-7.1964	-0.80776	2.109
-1.2551	19.152	13.145	-9.7961	-3.4755	-8.082	7.878	2.686	-2.4922	0.88385	1.7414	-0.70696	-1.186	-1.1775	-11.356	-21.748	32.201	1.1669	37.43	30.243	-33.709	-20.13	-33.517	48.092	7.2829	13.545	-14.807	-23.805
-1.9108	15.145	14.151	-8.3674	-2.5617	-6.2177	5.9783	1.8655	-3.4294	2.6057	1.5884	-0.17731	-1.5376	-1.0263	-26.23	-160.3	40.222	57.147	36.552	74.572	-75.985	-32.822	-37.485	68.876	-6.1165	21.186	-14.067	6.0466
-2.5772	1.8448	15.169	-5.4743	-3.2627	-1.8427	4.0388	0.99651	-3.7256	3.1993	2.2051	-0.25052	-0.6728	-1.5037	-26.656	-532.01	40.748	115.72	-28.041	175	-77.583	-34.76	-11.85	23.743	24.666	-2.9284	34.594	-19.095
-3.9104	-10.06	13.602	-1.2314	-3.3955	4.9296	2.7335	-1.4648	-2.0722	1.7047	1.1426	0.58572	0.35079	-1.8637	-53.329	-476.18	-62.694	169.72	-5.3109	270.89	-52.212	-98.451	66.138	-59.786	-42.5	33.45	40.943	-14.4
-4.554	-17.099	12.619	-1.1802	0.68905	7.2096	2.7458	-2.8968	-1.6534	1.3385	-1.2815	1.3637	-1.4477	-0.91024	-25.745	-281.56	-39.331	2.05	163.38	91.2	0.4933	-57.281	16.75	-14.645	-96.965	31.118	-71.941	38.137
-4.5295	-19.841	12.809	-0.86388	2.3887	6.4007	2.4516	-3.4645	-0.41575	1.6828	-1.6339	0.14878	-2.3801	0.10785	0.98208	-109.69	7.6229	12.652	67.988	-32.357	-11.766	-22.708	49.506	13.772	-14.092	-48.596	-37.296	40.723
-4.6353	-22.057	12.007	0.57762	2.6926	6.2794	2.7901	-4.1912	0.44571	0.99352	-2.4741	0.22089	-1.9387	0.45309	-4.2324	-88.655	-32.102	57.66	12.156	-4.8514	13.54	-29.069	34.458	-27.573	-33.611	2.8846	17.655	13.81
-4.7718	-26.06	12.791	2.0262	2.5183	6.8058	1.3081	-3.5454	1.2293	0.66672	-3.8922	-0.38996	-1.0829	1.9466	-5.4614	-160.12	31.356	57.944	-6.9749	21.059	-59.282	25.831	31.344	-13.072	-56.723	-24.434	34.234	59.742
-4.7664	-29.183	13.438	3.3319	2.3127	6.6688	0.28277	-2.4624	2.0073	1.2771	-5.804	-1.4192	-0.34997	2.4975	0.21816	-124.89	25.892	52.227	-8.2219	-5.4799	-41.012	43.321	31.12	24.414	-76.472	-41.169	29.317	22.035
-4.7966	-30.695	12.894	3.8404	3.388	5.4336	0.016578	-1.2629	2.6751	1.1304	-5.7572	-2.5165	-0.2864	2.0559	-1.2073	-60.506	-21.76	20.339	43.01	-49.411	-10.648	47.98	26.713	-5.866	1.8706	-43.893	2.5426	-17.665
-4.921	-24.604	8.5642	4.2796	6.3439	1.6139	-0.25612	-0.41992	1.1722	2.457	-3.8776	-3.272	-0.85688	2.2677	-4.9792	243.63	-173.19	17.568	118.24	-152.79	-10.908	33.719	-60.119	53.065	75.186	-30.219	-22.819	8.4712
-4.4202	-13.117	1.9566	4.5805	8.0449	0.49013	-0.32783	-1.812	1.6167	0.37596	-2.1991	-2.3066	0.58656	0.23221	20.033	459.51	-264.3	12.036	68.041	-44.953	-2.8685	-55.683	17.783	-83.243	67.138	38.615	57.738	-81.419
-3.8977	3.4637	-3.5304	6.3342	8.6713	-1.2009	-1.5954	-2.3998	1.5512	-2.1653	-2.3343	-0.18605	1.0529	-0.86983	20.903	663.22	-219.48	70.151	25.058	-67.64	-50.702	-23.514	-2.6239	-101.65	-5.4092	84.822	18.654	-44.081
-3.4434	4.3075	-2.4199	6.1614	10.239	-3.3132	-2.0856	-1.3925	1.3524	-1.3354	-3.0515	1.7108	-1.4971	-0.439	18.17	33.753	44.419	-6.9144	62.706	-84.491	-19.608	40.293	-7.9517	33.195	-28.687	75.874	-102	17.233
-3.3447	2.9287	-2.375	5.8042	11.414	-4.9963	-1.2444	0.53627	1.4791	-1.4991	-3.3028	1.5575	-2.6233	-0.76027	3.9496	-55.153	1.7964	-14.289	46.997	-67.326	33.646	77.152	5.0688	-6.5456	-10.05	-6.1325	-45.05	-12.851
-3.3241	-2.3653	-1.405	5.7465	12.579	-4.5582	0.51001	1.1917	0.23781	-2.0333	-3.3829	2.0129	-3.5975	-0.88224	0.82526	-211.76	38.801	-2.3059	46.61	17.523	70.178	26.216	-49.651	-21.367	-3.2048	18.217	-38.967	-4.8787
-3.3333	-4.9448	-1.4594	5.9955	13.714	-4.8848	1.0461	0.79239	0.35156	-2.2577	-2.8096	1.0528	-3.6088	-1.0809	-0.37107	-103.18	-2.1745	9.96	45.395	-13.063	21.445	-15.971	4.5503	-8.9784	22.933	-38.404	-0.45292	-7.9463
-3.3443	-5.8335	-2.7188	7.6879	12.986	-5.3709	1.5286	0.83113	0.79016	-2.7587	-2.3894	0.46841	-3.4572	-1.7692	-0.43846	-35.55	-50.378	67.696	-29.121	-19.442	19.3	1.5497	17.544	-20.039	16.806	-23.376	6.0645	-27.533
-3.2857	-7.0218	-2.8092	7.9076	13.607	-6.1748	2.0578	0.56195	0.82249	-2.6452	-2.3286	0.14077	-4.3034	-1.126	2.3428	-47.533	-3.6131	8.7855	24.845	-32.155	21.167	-10.767	1.2935	4.5413	2.433	-13.106	-33.849	25.73
-3.2527	-8.2541	-2.3247	7.3078	13.948	-5.404	2.0918	0.72426	0.28161	-3.0865	-2.0283	0.10132	-4.7477	-1.4343	1.3204	-49.291	19.38	-23.989	13.641	30.828	1.3582	6.4923	-21.635	-17.653	12.013	-1.5778	-17.771	-12.331
-3.2287	-8.3134	-1.7228	7.7035	14.292	-6.3555	1.4198	-0.89736	1.1012	-4.5544	-1.9563	0.27351	-4.6539	-1.2396	0.95867	-2.371	24.076	15.826	13.74	-38.059	-26.88	-64.865	32.784	-58.716	2.8774	6.8876	3.7525	7.7881
-3.1758	-3.5968	0.041735	6.8487	13.416	-6.8705	-0.23821	-2.5252	0.73803	-4.6822	-1.626	1.776	-4.5717	-0.55849	2.1162	188.66	70.58	-34.192	-35.031	-20.602	-66.319	-65.114	-14.528	-5.1117	13.213	60.1	3.29	27.243
-3.0853	-0.26922	2.7521	4.9035	10.483	-6.27	-1.1012	-4.5824	0.99967	-4.0213	-2.3614	2.253	-2.0073	0.22525	3.6229	133.1	108.42	-77.808	-117.32	24.02	-34.519	-82.288	10.466	26.435	-29.417	19.078	102.57	31.349
-2.3604	4.7674	5.1218	2.2691	7.6741	-4.8595	-1.9385	-6.4185	0.55457	-2.6019	-1.4035	1.3388	0.13692	1.8908	28.994	201.46	94.789	-105.37	-112.35	56.421	-33.495	-73.443	-17.804	56.777	38.319	-36.565	85.769	66.622
-1.9569	11.538	7.6451	-0.96272	4.7052	-6.5014	-2.2982	-6.7903	-0.027504	-0.71598	0.49143	0.85881	-0.59054	2.576	16.14	270.81	100.93	-129.27	-118.76	-65.674	-14.385	-14.871	-23.283	75.437	75.795	-19.201	-29.098	27.409
-1.7795	15.059	8.5612	-3.1423	3.2458	-6.7943	-0.19065	-5.7239	-1.7416	-0.66518	2.0849	1.7693	-1.3632	0.087688	7.0984	140.84	36.642	-87.185	-58.377	-11.719	84.3	42.654	-68.565	2.032	63.741	36.419	-30.906	-99.534
-1.4761	18.973	9.1025	-2.4727	0.0037326	-7.5485	1.9542	-3.3479	-2.5062	-2.3993	3.5124	3.1814	-1.7307	-1.1515	12.134	156.55	21.653	26.785	-129.68	-30.166	85.794	95.041	-30.581	-69.365	57.096	56.486	-14.698	-49.568
-1.171	18.921	11.656	-2.7289	-2.0709	-8.0289	1.3486	-0.44504	-4.1005	-2.1467	2.2072	4.0268	-0.73489	-1.1732	12.206	-2.0662	102.15	-10.246	-82.986	-19.216	-24.222	116.11	-63.775	10.104	-52.205	33.815	39.831	-0.86867
-1.1868	17.33	12.889	-2.3248	-2.1738	-9.4756	1.9268	0.69814	-3.9911	-2.0339	1.0612	3.2033	-0.31531	0.25103	-0.63312	-63.651	49.323	16.164	-4.1142	-57.868	23.128	45.727	4.3756	4.5133	-45.841	-32.941	16.783	56.97
-1.3538	12.513	14.964	-0.088573	-2.4058	-10.052	1.3405	2.304	-3.5588	-2.0813	-0.58463	2.2426	-0.11855	1.6054	-6.6804	-192.66	83.005	89.448	-9.2819	-23.077	-23.452	64.235	17.293	-1.8963	-65.833	-38.428	7.8701	54.173
-1.5827	6.1607	17.124	1.2459	-1.8355	-10.248	1.5826	2.9786	-3.6304	-3.0603	-1.3947	1.3055	0.22152	2.1575	-9.1541	-254.1	86.377	53.378	22.814	-7.8316	9.6823	26.985	-2.8634	-39.162	-32.403	-37.485	13.603	22.087
-2.0068	1.363	17.166	3.4695	-1.7069	-8.8056	0.88153	4.001	-4.1662	-2.5534	-2.2118	0.82442	-0.20846	2.544	-16.965	-191.91	1.7004	88.945	5.144	57.709	-28.043	40.896	-21.431	20.277	-32.685	-19.242	-17.199	15.46
-2.4265	-4.2226	16.741	5.5913	-2.8079	-6.1637	-0.36093	5.477	-4.028	-2.5524	-1.6927	-0.1265	0.052451	1.6804	-16.79	-223.42	-17.008	84.871	-44.042	105.68	-49.699	59.039	5.5285	0.039996	20.766	-38.037	10.436	-34.544
-2.769	-8.4889	17.309	6.4018	-3.9137	-4.6204	0.43083	5.2828	-3.1544	-3.1517	-1.804	0.083836	0.037835	1.1728	-13.699	-170.65	22.702	32.422	-44.229	61.729	31.671	-7.7678	34.941	-23.971	-4.4543	8.4133	-0.58463	-20.306
-3.257	-14.268	17.487	6.8835	-3.1577	-4.2571	2.4895	5.1201	-3.9862	-2.909	-1.8807	1.8287	-1.1096	0.90803	-19.519	-231.19	7.146	19.266	30.239	14.532	82.348	-6.507	-33.27	9.7065	-3.0682	69.794	-45.896	-10.59
-3.8578	-17.327	16.989	3.9252	-2.7477	0.46341	3.2186	3.0291	-3.666	-3.2609	0.036884	2.2676	-2.4304	0.28369	-24.03	-122.35	-19.936	-118.33	16.399	188.82	29.163	-83.643	12.806	-14.074	76.705	17.556	-52.833	-24.973
-4.8221	-25.672	12.583	6.3425	-1.3942	6.0523	0.85546	1.0776	-2.3327	-2.2102	1.3807	0.69429	-0.13234	-0.43778	-38.572	-333.77	-176.22	96.694	54.138	223.56	-94.526	-78.058	53.335	42.024	53.753	-62.932	91.923	-28.859
-5.5405	-18.47	-2.6716	3.6629	0.30977	8.7492	-0.92431	-1.3207	-1.3934	0.73154	2.4297	-2.3068	0.71108	-0.24976	-28.738	288.06	-610.2	-107.18	68.161	107.88	-71.191	-95.932	37.569	117.67	41.958	-120.04	33.737	7.5208
-4.8577	-9.4708	-18.77	-1.8301	-1.0646	8.6264	-1.2425	-1.9589	-0.071989	1.4299	2.3127	-1.5086	1.6593	0.73352	27.312	359.97	-643.95	-219.72	-54.974	-4.9134	-12.728	-25.528	52.858	27.933	-4.677	31.926	37.929	39.331
-3.4015	-2.0634	-27.53	-2.9303	-0.17778	5.8402	-5.1947	-0.22443	1.3095	0.65831	1.3284	-0.8039	1.4301	-0.37964	58.249	296.3	-350.39	-44.01	35.472	-111.45	-158.09	69.378	55.261	-30.862	-39.372	28.188	-9.1677	-44.527
-2.7564	4.177	-27.079	-0.20767	5.1057	6.923	-4.8264	1.3621	0.89646	0.66535	2.0003	-1.5564	2.0836	-0.90728	25.803	249.62	18.037	108.91	211.34	43.313	14.733	63.46	-16.523	0.28124	26.873	-30.101	26.141	-21.106
-2.614	1.6146	-30.266	-0.7658	2.9897	4.1597	-3.1732	2.6059	-0.2231	-0.77705	2.2388	-1.8855	0.14734	-0.49282	5.6946	-102.5	-127.46	-22.325	-84.639	-110.53	66.129	49.752	-44.782	-57.696	9.541	-13.164	-77.452	16.578
-2.7508	1.956	-28.107	2.8013	3.4872	4.8724	-2.6559	2.2495	-0.27694	0.4348	2.8906	-1.7	1.702	-1.0068	-5.4711	13.657	86.346	142.68	19.901	28.51	20.691	-14.254	-2.1535	48.474	26.074	7.4203	62.185	-20.558
-2.8445	3.6455	-27.856	2.6881	1.681	2.4862	-1.5578	3.7355	0.72107	-0.50352	1.4342	-1.4984	1.4185	-0.65569	-3.7472	67.582	10.053	-4.5289	-72.248	-95.449	43.924	59.438	39.92	-37.533	-58.257	8.0639	-11.337	14.043
-2.8075	-0.43235	-30.788	2.404	1.1404	1.2861	-1.8072	4.2093	0.13829	-1.6961	1.8051	-0.33222	1.5778	-0.55549	1.4815	-163.12	-117.31	-11.361	-21.623	-48.003	-9.9737	18.954	-23.311	-47.704	14.836	46.648	6.3721	4.008
-2.8901	-0.4984	-29.807	3.9118	1.974	3.3687	-0.6015	3.4628	0.281	-1.1639	0.62732	-0.26154	2.0959	0.045587	-3.3052	-2.6421	39.272	60.309	33.344	83.302	48.226	-29.861	5.7084	21.287	-47.113	2.827	20.724	24.043
-3.0058	0.39902	-27.847	5.3212	2.0409	1.1409	-0.58419	4.2954	-1.2031	-0.53993	1.7878	-0.81417	1.2826	0.15392	-4.6276	35.897	78.395	56.379	2.6743	-89.109	0.69238	33.305	-59.366	24.961	46.418	-22.105	-32.534	4.3332
-3.177	1.2818	-25.924	5.3835	1.6047	2.9957	-1.4959	2.9802	0.013187	-1.9555	1.1344	-1.5981	1.4949	-0.51284	-6.8472	35.312	76.922	2.4924	-17.449	74.189	-36.467	-52.61	48.653	-56.623	-26.133	-31.358	8.4928	-26.67
-3.5839	-6.3899	-28.175	2.6609	0.71497	2.0109	-2.4004	3.0952	-0.51238	-0.82014	2.7215	-1.3739	1.967	0.24794	-16.276	-306.87	-90.06	-108.91	-35.588	-39.39	-36.183	4.6017	-21.023	45.414	63.483	8.9688	18.885	30.431
-4.0614	-10.238	-28.177	3.5597	1.6768	4.5125	-1.3204	2.8882	-0.6353	-1.887	0.19436	0.20241	2.5038	-1.6203	-19.104	-153.94	-0.055421	35.954	38.475	100.06	43.2	-8.2791	-4.917	-42.673	-101.09	63.053	21.47	-74.73
-4.6159	-12.894	-25.076	2.553	2.3487	2.5916	-1.2555	1.9288	-0.54958	-1.8085	0.43448	-0.65912	1.6637	-1.8528	-22.18	-106.23	124.04	-40.27	26.877	-76.838	2.5953	-38.377	3.4288	3.1374	9.6048	-34.461	-33.603	-9.2987
-5.3478	-22.312	-15.49	4.764	4.5843	1.444	-0.55803	2.6829	0.12386	0.27094	1.4753	-1.4221	0.98929	-0.78198	-29.275	-376.73	383.42	88.442	89.424	-45.905	27.901	30.164	26.938	83.179	41.631	-30.519	-26.977	42.832
-5.5669	-17.195	4.8235	4.1433	4.4453	0.99472	-2.6571	-1.8621	1.1971	1.5759	-0.25041	-0.79606	-0.018009	0.33688	-8.7619	204.68	812.55	-24.83	-5.563	-17.969	-83.964	-181.8	42.93	52.199	-69.027	25.042	-40.292	44.754
-4.8628	-10.619	9.2683	-2.2457	6.5785	-2.8681	-1.0741	-2.6352	-0.67657	2.516	-1.9637	1.0698	-1.1299	1.3134	28.163	263.07	177.8	-255.56	85.328	-154.51	63.322	-30.922	-74.947	37.602	-68.533	74.633	-44.475	39.059
-4.6413	-12.425	9.5712	-3.3917	6.2118	-2.8726	-0.98877	-2.7508	-0.69189	3.3251	-0.88206	1.658	-0.99208	0.43085	8.8575	-72.254	12.114	-45.84	-14.667	-0.17974	3.4122	-4.622	-0.61313	32.366	43.266	23.528	5.5121	-35.301
-4.7663	-14.323	9.4806	-3.0359	4.5611	-2.189	-0.5642	-1.8902	-0.71444	3.7555	-0.81001	1.7634	-1.5553	0.51922	-4.998	-75.917	-3.6238	14.231	-66.027	27.341	16.983	34.421	-0.90195	17.217	2.8821	4.2169	-22.53	3.5346
-5.2731	-22.302	10.109	-1.3505	4.4891	-1.3435	0.26015	-1.9446	-1.0463	3.5218	-0.69649	0.85559	-1.404	0.45781	-20.274	-319.18	25.128	67.415	-2.88	33.819	32.974	-2.1746	-13.273	-9.3497	4.541	-36.312	6.052	-2.4562
-5.7958	-35.362	8.7935	5.6573	0.80742	3.8479	-0.37503	-0.92074	-0.59959	2.6846	-3.8542	-0.4213	-0.85514	0.5016	-20.907	-522.4	-52.611	280.31	-147.27	207.66	-25.407	40.954	17.867	-33.489	-126.31	-51.076	21.955	1.7514
-6.2152	-43.927	10.156	8.1666	-1.2668	7.6492	-0.69245	-1.3356	1.5938	0.53801	-6.1309	-0.80431	-0.67886	0.34499	-16.776	-342.59	54.512	100.37	-82.969	152.05	-12.697	-16.592	87.737	-85.862	-91.069	-15.32	7.0511	-6.2641
-6.1136	-47.849	12.277	7.059	1.0383	6.1388	-0.093055	-2.3684	2.1621	0.23151	-5.5294	-0.50644	-1.6224	0.51358	4.0635	-156.85	84.811	-44.302	92.204	-60.415	23.976	-41.315	22.731	-12.26	24.058	11.915	-37.743	6.7436
-6.2671	-49.937	13.545	6.9655	0.81774	5.8636	0.064468	-2.5906	1.871	0.56505	-5.3514	-0.85513	-1.1802	0.19655	-6.138	-83.519	50.718	-3.7433	-8.8221	-11.008	6.3009	-8.8864	-11.645	13.341	7.1197	-13.948	17.688	-12.682
-6.3456	-49.279	12.039	9.4908	-0.60114	6.151	1.1439	-1.1099	1.0677	-0.75915	-4.2125	-0.90546	-0.38461	-0.026487	-3.1409	26.281	-60.239	101.01	-56.755	11.493	43.178	59.226	-32.131	-52.968	45.555	-2.0131	31.824	-8.9213
