-3.9206	-11.675	16.023	2.7206	0.61473	1.5855	-4.3654	-0.33208	1.6631	3.429	-3.5839	-1.4713	1.6357	-1.5346	0	0	0	0	0	0	0	0	0	0	0	0	0	0
-3.4006	-4.9559	16.316	1.3932	1.3015	0.3438	-3.5219	0.33207	1.8074	2.6053	-3.7545	-2.3491	1.6672	-0.43613	20.801	268.78	11.697	-53.094	27.469	-49.669	33.74	26.566	5.7744	-32.95	-6.8238	-35.111	1.2632	43.939
-3.0559	1.0181	14.787	1.5314	1.6068	-0.87259	-2.4653	1.2591	1.6328	1.291	-3.7005	-3.7794	2.7847	0.42461	13.787	238.96	-61.164	5.5265	12.214	-48.656	42.266	37.08	-6.9847	-52.571	2.1604	-57.212	44.698	34.43
-2.6855	6.2126	13.242	1.2351	2.2314	-1.1437	-1.9983	1.4903	1.0148	-0.50154	-2.973	-3.0067	2.6929	1.2722	14.819	207.78	-61.781	-11.853	24.983	-10.845	18.678	9.2474	-24.722	-71.702	29.099	30.905	-3.6739	33.902
-2.2735	14.376	11.598	0.55996	2.4303	-1.7169	-1.8699	1.714	0.79903	-2.0635	-2.4187	-2.9304	3.581	1.3445	16.478	326.54	-65.775	-27.004	7.9549	-22.927	5.135	8.9501	-8.6302	-62.479	22.172	3.0523	35.526	2.8955
-1.804	20.543	10.618	-0.38026	2.7525	-2.1572	-1.7645	1.509	0.32091	-3.1096	-1.4568	-2.275	3.7613	0.94378	18.782	246.69	-39.17	-37.609	12.89	-17.614	4.2161	-8.1988	-19.125	-41.844	38.475	26.217	7.2108	-16.03
-1.3313	27.719	8.1162	0.92242	3.0685	-3.5825	-1.7422	0.99781	0.58067	-3.1124	-1.9596	-0.77002	2.9552	0.72419	18.909	287.02	-100.09	52.108	12.641	-57.01	0.89167	-20.449	10.39	-0.11332	-20.112	60.2	-32.241	-8.7838
-0.94519	31.622	7.5096	0.89003	3.2638	-5.5972	-1.3416	0.70722	1.2621	-3.1305	-2.7266	0.25188	2.4043	0.80829	15.443	156.14	-24.266	-1.2957	7.8103	-80.59	16.026	-11.624	27.258	-0.72191	-30.68	40.876	-22.039	3.3641
-0.67718	34.834	6.675	1.1046	3.5519	-7.4497	-2.1523	0.92867	2.0439	-3.0683	-2.7706	0.3671	2.0089	0.5876	10.72	128.46	-33.384	8.5817	11.526	-74.097	-32.426	8.8582	31.273	2.4862	-1.7599	4.6085	-15.814	-8.8276
-0.59536	34.648	6.1734	2.2383	4.0703	-8.2393	-2.8855	1.121	1.7474	-2.1883	-2.7683	0.89275	1.1932	0.42899	3.2726	-7.4062	-20.061	45.347	20.735	-31.587	-29.33	7.6947	-11.863	35.203	0.092501	21.026	-32.628	-6.3445
-0.65456	32.147	7.4042	1.7302	4.6767	-8.6927	-3.4658	1.4036	1.8046	-1.8152	-1.5757	-0.39093	1.3654	-0.81671	-2.3679	-100.06	49.229	-20.321	24.258	-18.134	-23.213	11.303	2.2874	14.925	47.706	-51.347	6.8869	-49.828
-0.81602	28.588	8.1112	2.5538	4.8966	-9.0335	-3.5708	1.2749	2.2652	-1.3992	-1.1531	-1.4233	1.294	-1.762	-6.4586	-142.38	28.28	32.943	8.7932	-13.632	-4.1997	-5.1481	18.427	16.638	16.904	-41.295	-2.8539	-37.813
-1.1494	26.347	7.5232	3.4193	4.9365	-8.9674	-2.9876	0.55104	2.751	-0.27956	-1.6142	-3.0687	2.0502	-2.6346	-13.334	-89.638	-23.519	34.622	1.5986	2.6452	23.33	-28.955	19.43	44.786	-18.445	-65.814	30.245	-34.903
-1.8906	21.778	4.5534	7.4907	2.2091	-7.2925	-1.77	-0.38026	1.8703	1.4099	-2.0502	-2.3579	-0.22374	-0.5915	-29.648	-182.74	-118.79	162.86	-109.1	66.993	48.701	-37.252	-35.227	67.577	-17.441	28.43	-90.956	81.725
-2.5564	21.534	-10.147	15.369	-1.7552	-4.1617	3.4373	-3.9478	2.3575	0.96623	-1.4236	-0.99197	-2.2122	0.49132	-26.634	-9.754	-588.03	315.15	-158.57	125.23	208.29	-142.7	19.486	-17.745	25.067	54.637	-79.539	43.313
-2.3085	19.548	-27.229	13.718	-1.8597	-1.1094	5.2754	-2.9253	3.1377	-0.12838	-1.2404	0.72332	-2.424	0.82035	9.9179	-79.443	-683.26	-66.061	-4.1815	122.09	73.525	40.899	31.211	-43.784	7.3255	68.612	-8.4715	13.161
-1.9156	19.861	-30.698	11.007	-2.6234	-0.34899	4.5429	-4.5764	2.8276	1.356	-0.74532	1.1823	-1.5897	1.3918	15.716	12.505	-138.74	-108.45	-30.548	30.415	-29.298	-66.042	-12.406	59.375	19.804	18.357	33.371	22.857
-1.8509	22.965	-29.25	10.74	-2.8879	-1.1462	4.6223	-4.9854	1.2225	-0.17618	0.18213	1.7597	-1.4857	1.8429	2.589	124.15	57.904	-10.657	-10.58	-31.887	3.1729	-16.36	-64.204	-61.287	37.098	23.098	4.1604	18.044
-1.6415	25.001	-28.4	11.226	-0.95689	-0.70771	7.6385	-3.6784	1.7917	1.5699	-0.43138	0.98014	-2.4853	0.50647	8.375	81.475	34.008	19.432	77.24	17.539	120.65	52.281	22.77	69.845	-24.54	-31.183	-39.983	-53.456
-1.5285	25.791	-30.073	10.156	-2.4228	-2.4684	6.4115	-2.9296	3.151	2.2172	0.10987	1.3729	-1.941	1.3716	4.5192	31.574	-66.942	-42.816	-58.637	-70.428	-49.079	29.948	54.372	25.889	21.65	15.712	21.77	34.604
-1.4328	22.796	-31.976	9.8503	-2.5857	-2.8891	2.8646	-4.7454	0.44918	-0.87512	0.0042324	1.6121	-1.0217	1.3111	3.8268	-119.78	-76.11	-12.211	-6.515	-16.827	-141.88	-72.632	-108.07	-123.69	-4.2255	9.5653	36.775	-2.4192
-1.3778	23.98	-33.065	8.7023	-1.296	-0.47025	7.0291	-3.4196	0.35789	-0.62636	-0.043613	1.609	-0.56742	2.308	2.2001	47.354	-43.568	-45.923	51.589	96.753	166.58	53.033	-3.6518	9.9501	-1.9138	-0.12139	18.17	39.877
-1.0396	25.699	-32.212	9.5963	-0.14614	-2.341	5.9837	-3.5143	1.5932	1.7214	1.5137	3.6576	-2.1301	1.596	13.528	68.747	34.143	35.763	45.993	-74.83	-41.814	-3.787	49.411	93.909	62.294	81.942	-62.506	-28.482
-0.92129	29.388	-31.889	10.383	0.79392	-3.1132	4.8149	-3.2163	2.1856	2.2344	0.11589	2.0299	-1.6623	1.5868	4.7344	147.57	12.918	31.458	37.602	-30.888	-46.752	11.921	23.7	20.523	-55.914	-65.105	18.71	-0.36823
-0.73137	30.382	-30.922	8.8384	-1.3765	-3.835	4.4207	-4.6149	2.6559	1.0529	0.35407	2.7197	-2.5517	0.63241	7.5967	39.77	38.681	-61.776	-86.815	-28.872	-15.769	-55.947	18.81	-47.261	9.5275	27.591	-35.574	-38.174
-0.81625	26.195	-32.637	10.444	1.3818	-2.9903	5.2355	-2.1074	3.1267	1.2029	-0.50039	3.1507	-4.0453	1.1645	-3.395	-167.51	-68.6	64.244	110.33	33.789	32.594	100.3	18.833	5.9997	-34.178	17.241	-59.744	21.284
-0.96228	27.115	-31.35	10.256	-1.3823	-2.5781	6.1295	-2.5207	0.66841	1.5493	1.1212	0.72707	-2.5474	2.4187	-5.8413	36.827	51.479	-7.556	-110.56	16.485	35.756	-16.533	-98.332	13.855	64.864	-96.946	59.916	50.169
-1.5547	26.12	-32.192	6.659	-1.4543	-1.339	6.733	-1.5916	2.6514	2.5949	-0.4523	1.1213	-3.4007	-0.43106	-23.697	-39.802	-33.713	-143.86	-2.8798	49.567	24.14	37.164	79.321	41.827	-62.941	15.77	-34.134	-113.99
-2.2881	21.215	-29.366	8.5062	1.5267	-0.21954	6.3426	-4.0424	-1.7404	1.5006	1.1054	2.3568	-3.3875	-1.4112	-29.335	-196.2	113.05	73.89	119.24	44.777	-15.616	-98.03	-175.67	-43.772	62.309	49.419	0.52718	-39.204
-3.3164	9.1371	-20.935	8.7072	4.0615	-2.552	4.4807	-1.4586	0.48561	0.78661	-0.5043	4.167	-0.011518	0.89833	-41.133	-483.13	337.24	8.0394	101.39	-93.3	-74.473	103.35	89.039	-28.561	-64.389	72.406	135.04	92.379
-2.1706	28.54	-0.67022	1.7277	5.2228	-1.0969	0.84254	0.74399	-2.3159	-3.4097	-2.1363	2.7682	-0.41799	-0.61729	45.834	776.1	810.6	-279.18	46.453	58.204	-145.53	88.104	-112.06	-167.85	-65.28	-55.952	-16.259	-60.625
-1.5066	37.283	4.0124	-1.6962	4.9074	0.26951	-2.2918	3.3684	-4.3197	-5.0464	-0.58508	1.5955	0.66154	-1.1073	26.558	349.72	187.3	-136.96	-12.619	54.658	-125.37	104.98	-80.151	-65.466	62.048	-46.907	43.181	-19.599
-0.97615	32.215	10.278	-7.868	7.4133	-0.099271	-0.78791	1.6936	-3.2385	-7.4266	2.102	0.60378	-0.4385	-0.67219	21.218	-202.71	250.61	-246.87	100.24	-14.751	60.156	-66.991	43.249	-95.21	107.48	-39.669	-44.002	17.403
-0.90663	31.687	12.877	-10.19	6.3028	1.0182	-0.47245	1.9882	-4.4294	-6.7927	3.146	-0.33944	-0.87494	-0.23909	2.781	-21.137	103.95	-92.866	-44.421	44.698	12.618	11.784	-47.638	25.36	41.762	-37.729	-17.458	17.324
-0.80563	30.5	14.747	-10.568	4.507	1.5119	0.3691	1.5006	-5.1977	-6.192	3.5431	-0.63494	-1.0804	0.48295	4.0401	-47.461	74.827	-15.131	-71.832	19.749	33.662	-19.504	-30.731	24.026	15.883	-11.82	-8.2167	28.882
-0.58795	30.17	15.983	-10.244	2.5207	2.5466	0.1334	1.3689	-5.4161	-5.2069	3.5553	-1.0039	-0.87782	0.97862	8.707	-13.2	49.438	12.947	-79.453	41.389	-9.428	-5.2701	-8.7367	39.404	0.48798	-14.758	8.1015	19.827
-0.62579	31.398	15.308	-8.9275	0.57554	3.2317	-0.15146	1.5457	-6.2266	-3.5507	2.6685	-1.0709	-0.60983	1.1808	-1.5133	49.12	-27.013	52.67	-77.805	27.404	-11.395	7.072	-32.421	66.247	-35.472	-2.6801	10.72	8.0869
-0.62647	31.982	15.171	-8.7555	0.37791	2.6604	0.3127	1.0679	-6.0318	-3.2006	2.3457	-1.017	-0.45961	1.198	-0.027207	23.378	-5.457	6.8795	-7.905	-22.853	18.566	-19.111	7.792	14.005	-12.911	2.1548	6.0088	0.68769
-0.54888	31.668	15.508	-8.5539	-0.38314	3.5017	0.0045903	1.1942	-6.3869	-2.8028	2.4141	-0.8758	-0.71767	1.5025	3.1035	-12.566	13.455	8.0662	-30.442	33.651	-12.324	5.0538	-14.205	15.91	2.7352	5.6485	-10.322	12.182
-0.54186	32.417	15.171	-8.3586	-0.67819	3.6126	0.18142	1.0537	-6.5603	-1.9144	2.083	-0.68424	-0.68693	1.3742	0.28074	29.944	-13.461	7.81	-11.802	4.4385	7.0731	-5.6222	-6.9329	35.536	-13.244	7.6627	1.2296	-5.1314
-0.57017	32.794	15.141	-8.2937	-0.39761	3.5108	0.1491	0.50014	-6.5851	-1.7583	2.3314	-0.95778	-0.55202	1.2863	-1.1324	15.071	-1.2056	2.595	11.223	-4.0724	-1.2928	-22.141	-0.99457	6.2461	9.9361	-10.942	5.3962	-3.516
-0.59558	31.647	15.447	-7.7274	-0.017723	2.8801	0.093931	0.49035	-6.7393	-1.6197	1.9838	-0.85834	-0.13987	1.0599	-1.0166	-45.858	12.245	22.653	15.196	-25.229	-2.2067	-0.39183	-6.1654	5.5409	-13.905	3.9776	16.486	-9.0573
-0.60805	29.925	15.922	-7.143	-0.09369	2.6475	0.40341	0.95652	-7.1253	-1.6914	1.5635	-0.67878	0.18672	0.76845	-0.49874	-68.891	18.972	23.378	-3.0387	-9.3044	12.379	18.647	-15.44	-2.8654	-16.812	7.1823	13.063	-11.658
-0.75837	26.689	17.025	-6.464	-0.84025	3.5976	0.099732	1.1601	-6.8351	-1.9814	1.4753	-0.57094	-0.25688	1.0862	-6.0125	-129.45	44.119	27.159	-29.862	38.003	-12.147	8.1425	11.605	-11.6	-3.5289	4.3138	-17.744	12.71
-0.86906	23.197	17.729	-5.857	-0.9751	3.6213	0.60062	1.0972	-6.9591	-1.8553	0.95033	-0.63951	-0.087552	0.71953	-4.4276	-139.67	28.193	24.281	-5.3941	0.95	20.036	-2.5148	-4.9574	5.0435	-20.997	-2.7429	6.7732	-14.667
-1.1401	19.457	18.371	-5.0831	-1.2376	3.3705	0.77466	1.8235	-6.5587	-2.0286	0.29791	-0.54558	0.02697	0.52534	-10.843	-149.57	25.649	30.956	-10.498	-10.031	6.9613	29.049	16.016	-6.9317	-26.097	3.757	4.5809	-7.7678
-1.622	14.795	17.632	-3.5286	-2.296	3.5435	1.2432	2.1623	-5.7868	-1.3524	-1.1384	-0.43801	-0.62533	0.99507	-19.276	-186.52	-29.561	62.181	-42.339	6.9177	18.741	13.555	30.874	27.048	-57.452	4.3029	-26.092	18.789
-2.4493	9.3056	13.938	-0.32345	-3.9783	2.8961	2.7892	1.3567	-3.0585	-2.582	-0.81374	-0.6886	-1.1185	1.4862	-33.093	-219.56	-147.75	128.2	-67.293	-25.894	61.84	-32.225	109.13	-49.186	12.986	-10.024	-19.726	19.646
-3.6113	5.0804	7.9462	3.6969	-5.5201	2.2735	3.3788	-0.42481	-1.2804	-1.572	-1.1885	0.085137	-1.819	1.6094	-46.477	-169.01	-239.67	160.81	-61.669	-24.903	23.584	-71.26	71.125	40.401	-14.989	30.95	-28.022	4.9266
-4.7412	-1.9162	2.4026	6.4624	-5.1085	0.34693	3.1363	0.21011	-0.9353	0.85774	-0.8731	0.25464	-2.0422	1.2434	-45.199	-279.87	-221.74	110.62	16.463	-77.064	-9.6998	25.397	13.804	97.19	12.615	6.7801	-8.9281	-14.64
-6.0283	-13.514	-1.5933	5.7074	-3.6497	2.5296	1.7693	1.5012	0.74998	0.4946	-0.512	1.4554	-3.8645	1.5786	-51.481	-463.9	-159.84	-30.199	58.351	87.308	-54.68	51.644	67.411	-14.526	14.444	48.029	-72.89	13.409
-7.4278	-22.811	-6.3025	7.07	-1.1082	3.0325	0.7504	2.5565	1.7451	0.86151	-1.389	2.1554	-5.1879	1.8477	-55.982	-371.88	-188.37	54.506	101.66	20.117	-40.755	42.214	39.807	14.677	-35.081	28.001	-52.938	10.764
-7.9108	-27.992	-9.9766	5.913	0.65959	4.0588	2.3164	2.0852	2.2169	1.8125	-0.71386	0.12283	-3.181	0.043941	-19.318	-207.26	-146.97	-46.282	70.712	41.052	62.642	-18.855	18.87	38.04	27.007	-81.303	80.276	-72.151
-8.0613	-17.132	-11.709	4.1741	0.35824	3.6052	1.9978	0.27623	1.6947	0.90366	-1.3547	1.5127	-2.2901	-0.092108	-6.0226	434.41	-69.308	-69.553	-12.054	-18.146	-12.745	-72.358	-20.887	-36.354	-25.635	55.595	35.637	-5.4419
-7.1929	-23.861	-13.364	7.065	0.88173	3.1133	1.8645	1.7619	1.856	1.7087	-0.65921	0.63042	-3.0611	1.0371	34.738	-269.17	-66.193	115.64	20.94	-19.674	-5.332	59.425	6.4517	32.2	27.822	-35.292	-30.841	45.168
-7.1231	-1.4012	-12.971	1.4524	0.35584	2.5764	1.6612	0.59995	0.29189	-0.44363	-1.6043	2.02	-2.4059	1.4518	2.7913	898.41	15.708	-224.51	-21.035	-21.478	-8.1326	-46.476	-62.564	-86.092	-37.805	55.585	26.21	16.589
-6.6927	-12.522	-4.9754	6.3042	-1.7858	2.5317	0.43963	1.6987	0.18869	0.4655	-0.80629	1.2076	-3.2485	0.20401	17.217	-444.84	319.84	194.07	-85.665	-1.7865	-48.864	43.95	-4.1283	36.365	31.921	-32.497	-33.705	-49.913
-6.1927	-7.2458	0.017989	5.4575	-3.0812	3.1941	1.3774	1.4921	-1.309	0.59595	-1.0691	0.96915	-2.355	-0.35726	19.998	211.05	199.74	-33.868	-51.817	26.497	37.512	-8.2657	-59.906	5.2181	-10.514	-9.5391	35.74	-22.451
-5.3069	-3.6359	4.923	4.6802	-4.2001	3.4466	1.752	1.3435	-0.63956	-0.27524	-1.7785	0.76472	-2.8513	1.6444	35.433	144.39	196.2	-31.093	-44.756	10.098	14.984	-5.9438	26.777	-34.848	-28.376	-8.177	-19.854	80.068
-4.7289	-0.71363	6.8941	3.6587	-3.3769	4.0807	2.986	-0.79787	0.63417	-1.1812	-2.2826	1.0705	-2.7014	1.9357	23.122	116.89	78.842	-40.856	32.929	25.365	49.358	-85.654	50.949	-36.237	-20.162	12.23	5.9993	11.652
-4.1271	1.4919	8.7076	2.3233	-2.8888	3.6747	4.2141	0.079443	-1.0058	-0.74254	-1.8228	-0.28209	-1.355	0.89526	24.069	88.222	72.541	-53.419	19.521	-16.241	49.127	35.093	-65.6	17.545	18.391	-54.102	53.855	-41.619
-3.7292	0.086202	11.156	0.98714	-1.8906	5.2567	3.9636	-0.35251	-1.0716	-0.91183	-1.8764	-0.12702	-1.7235	1.3801	15.918	-56.229	97.95	-53.445	39.93	63.279	-10.022	-17.278	-2.6298	-6.7715	-2.145	6.2031	-14.742	19.392
-3.2966	3.4241	13.088	0.043795	-1.6859	4.5891	4.0584	0.23888	-1.1373	-0.58068	-2.0069	-1.1849	-2.2631	1.6337	17.302	133.51	77.279	-37.734	8.1865	-26.702	3.7934	23.655	-2.6309	13.246	-5.22	-42.317	-21.582	10.146
-2.8303	2.7218	17.783	-2.7285	-1.7768	8.7762	-0.86418	1.7092	-2.0267	-0.78241	-1.6876	-2.2742	-0.098152	1.1195	18.654	-28.091	187.77	-110.89	-3.6363	167.48	-196.9	58.814	-35.575	-8.0694	12.772	-43.572	86.597	-20.567
-2.5294	6.4135	17.801	-3.4726	-0.54196	8.7805	-2.5184	3.4771	-1.9419	-1.6005	-2.3131	-3.0257	1.2688	0.77635	12.036	147.67	0.72034	-29.764	49.395	0.17361	-66.167	70.717	3.3945	-32.724	-25.02	-30.058	54.678	-13.727
-2.2948	7.8576	17.002	-3.1713	1.8353	6.8071	-2.9083	4.2625	-2.2571	-1.5074	-2.9136	-3.3391	1.4739	0.70337	9.3827	57.765	-31.953	12.054	95.089	-78.938	-15.598	31.414	-12.609	3.7243	-24.02	-12.538	8.2022	-2.9191
-2.1772	8.3743	16.1	-2.2092	3.2398	4.5175	-2.3754	4.4539	-1.6836	-1.674	-2.9758	-4.2297	1.0809	1.6868	4.706	20.666	-36.069	38.481	56.181	-91.583	21.316	7.6577	22.939	-6.6639	-2.4862	-35.622	-15.72	39.338
-2.2501	7.2439	15.121	-0.12497	3.9525	2.4498	-2.1049	5.1025	-2.2003	-0.5589	-3.3283	-5.0079	1.471	1.6949	-2.919	-45.216	-39.15	83.371	28.51	-82.708	10.818	25.943	-20.668	44.604	-14.1	-31.128	15.604	0.32358
-2.5697	4.962	13.791	2.2659	4.2695	0.54211	-2.013	4.3503	-0.717	0.45678	-2.7406	-6.1132	0.77588	1.8552	-12.781	-91.274	-53.198	95.636	12.678	-76.308	3.6771	-30.089	59.331	40.627	23.508	-44.213	-27.803	6.41
-3.1167	-3.503	14.103	3.3204	5.2994	-1.469	-1.5878	2.3378	1.131	1.8589	-1.9007	-5.5957	-0.88264	0.85276	-21.882	-338.6	12.459	42.18	41.195	-80.444	17.007	-80.5	73.921	56.086	33.597	20.698	-66.341	-40.096
-4.3025	-21.209	12.237	5.7512	3.092	-0.79087	-0.72291	1.2599	1.4896	2.2728	-1.4877	-2.7122	-0.82862	0.17085	-47.433	-708.25	-74.64	97.23	-88.295	27.125	34.597	-43.117	14.341	16.554	16.519	115.34	2.1607	-27.276
-6.3855	-47.519	7.1399	10.877	5.3135	2.7162	-1.4724	0.41015	4.1561	2.8747	1.728	0.11751	0.31774	-1.3146	-83.317	-1052.4	-203.87	205.02	88.861	140.28	-29.981	-33.989	106.66	24.075	128.63	113.19	45.854	-59.419
-6.9108	-52.518	5.616	12.445	5.0157	3.7781	-1.4057	0.38416	4.5189	2.4772	1.768	0.83116	-1.6866	-1.6788	-21.012	-199.96	-60.957	62.753	-11.914	42.476	2.6717	-1.0394	14.512	-15.897	1.5999	28.546	-80.175	-14.569
-7.3239	-57.3	3.7178	13.72	5.1051	4.0029	-0.013489	-0.034778	4.7776	2.2899	0.86828	0.65105	-2.3393	-0.64602	-16.524	-191.26	-75.931	50.996	3.5788	8.9927	55.687	-16.758	10.349	-7.4926	-35.989	-7.2044	-26.106	41.313
-7.8069	-62.566	3.4742	13.644	5.6592	2.6834	0.057158	1.5473	5.1814	1.7958	-0.20753	0.42821	-2.427	-0.61367	-19.322	-210.64	-9.7407	-3.0714	22.163	-52.78	2.8259	63.283	16.151	-19.765	-43.032	-8.9137	-3.5095	1.2939
-8.3443	-65.864	0.99128	12.331	5.9888	4.9762	0.47963	0.91187	4.3793	2.335	0.30253	-0.69373	-2.3344	-0.54359	-21.496	-131.92	-99.318	-52.488	13.183	91.709	16.899	-25.418	-32.085	21.571	20.402	-44.878	3.7036	2.8029
-5.123	-4.7191	-4.1154	2.5456	2.828	2.7678	1.8532	-1.1331	0.98612	0.33214	0.46498	0.23773	-1.8635	-0.14979	128.85	2445.8	-204.27	-391.43	-126.43	-88.334	54.944	-81.798	-135.73	-80.116	6.4978	37.258	18.836	15.752
-2.3394	14.053	6.9744	3.7469	1.4158	-3.2398	-1.6873	0.95961	1.2467	-1.0019	-1.1646	-1.7545	-0.27705	1.5965	111.35	750.88	443.59	48.051	-56.487	-240.31	-141.62	83.708	10.423	-53.361	-65.182	-79.688	63.46	69.852
-1.1201	23.492	12.747	-0.099813	2.1891	-4.6564	-5.7658	2.6843	0.51281	-0.75453	-1.0129	-3.5752	2.107	1.7348	48.773	377.57	230.92	-153.87	30.932	-56.663	-163.14	68.986	-29.356	9.8941	6.0688	-72.828	95.362	5.5302
-0.3774	29.341	12.626	-1.2139	1.574	-5.4632	-6.1654	1.9697	1.0857	-0.89131	0.43689	-4.0504	2.9063	1.2568	29.707	233.94	-4.8346	-44.565	-24.607	-32.272	-15.985	-28.584	22.917	-5.4713	57.99	-19.007	31.972	-19.118
-0.33208	31.182	12.851	-3.0702	1.3458	-4.7456	-7.5255	3.6911	0.40238	-0.47862	0.55547	-3.992	3.5015	0.70535	1.8127	73.661	8.9718	-74.252	-9.1268	28.704	-54.404	68.856	-27.334	16.507	4.743	2.3343	23.808	-22.059
-0.41172	29.659	12.865	-3.8188	1.5006	-4.3016	-7.4044	3.6372	0.50203	-0.24246	0.04284	-3.2344	3.2068	0.82241	-3.1855	-60.925	0.5652	-29.944	6.1919	17.761	4.844	-2.1533	3.9863	9.4466	-20.505	30.302	-11.79	4.6825
-0.41518	30.121	13.342	-4.8654	1.331	-4.0551	-8.2465	4.372	0.41137	-0.15728	0.71687	-3.9463	3.9807	-0.3853	-0.13846	18.48	19.097	-41.861	-6.7828	9.8567	-33.682	29.389	-3.6266	3.4073	26.961	-28.476	30.958	-48.308
-0.20219	31.366	13.1	-5.0324	0.15942	-3.4796	-8.9505	4.4319	0.58615	0.0060572	0.41339	-4.0762	3.9334	-0.3949	8.5196	49.797	-9.6983	-6.6821	-46.864	23.022	-28.161	2.3968	6.9912	6.5334	-12.14	-5.1962	-1.8926	-0.38411
-0.1296	32.642	12.976	-4.5313	-1.1166	-2.9287	-8.3545	3.2693	1.7095	0.099927	-0.013295	-3.1931	3.0421	0.33601	2.9037	51.029	-4.9517	20.046	-51.039	22.036	23.84	-46.502	44.932	3.7548	-17.067	35.324	-35.652	29.236
-0.060526	31.736	15.259	-6.0678	-2.199	-1.8035	-7.8643	2.6661	1.8001	0.37654	-0.51668	-2.4492	2.2829	0.60693	2.7629	-36.225	91.329	-61.461	-43.297	45.009	19.607	-24.13	3.6266	11.065	-20.136	29.757	-30.368	10.837
0.074524	32.127	16.337	-7.1856	-2.9845	-1.2765	-6.7318	2.1819	0.64937	1.2525	-1.4732	-1.4545	2.0251	0.43317	5.402	15.636	43.093	-44.712	-31.422	21.079	45.301	-19.369	-46.03	35.04	-38.259	39.788	-10.31	-6.9504
0.035362	30.116	18.168	-7.9171	-3.6274	0.13353	-6.2964	2.2741	-1.0502	1.2356	-1.6431	-0.54795	1.8698	0.81399	-1.5665	-80.418	73.265	-29.259	-25.715	56.401	17.417	3.6908	-67.983	-0.67688	-6.7984	36.263	-6.2142	15.233
-0.017318	29.409	18.486	-8.2723	-3.6302	-0.58624	-4.3596	1.6786	-2.2021	0.60975	-1.4319	-0.01852	1.0704	1.28	-2.1072	-28.279	12.698	-14.211	-0.1136	-28.791	77.47	-23.82	-46.075	-25.035	8.4477	21.177	-31.974	18.642
-0.059125	28.27	19.393	-8.6768	-3.5866	-0.74898	-2.3771	1.1648	-2.7655	-0.41435	-1.1464	0.080565	0.87791	1.612	-1.6723	-45.58	36.283	-16.18	1.7475	-6.5093	79.299	-20.555	-22.534	-40.964	11.42	3.9634	-7.7009	13.28
-0.26891	24.314	20.844	-8.3702	-4.3683	0.81287	-2.3746	1.6483	-3.9949	-0.93136	-0.6731	0.11728	0.5119	1.4792	-8.3914	-158.23	58.062	12.265	-31.271	62.474	0.10123	19.342	-49.176	-20.681	18.933	1.4687	-14.64	-5.3138
-0.63181	20.622	20.7	-6.7274	-4.9605	2.2131	-2.5396	1.9627	-4.2916	-1.3216	-0.54551	-0.18306	0.11823	1.4653	-14.516	-147.68	-5.7541	65.713	-23.688	56.008	-6.6007	12.574	-11.87	-15.61	5.1038	-12.014	-15.747	-0.55786
-1.1139	16.205	20.167	-3.9894	-4.6708	1.9602	-1.2928	1.272	-3.0131	-1.6893	-1.3476	-0.36872	-1.0386	1.4254	-19.285	-176.71	-21.349	109.52	11.59	-10.114	49.872	-27.625	51.139	-14.708	-32.086	-7.4264	-46.272	-1.593
-2.1088	5.3906	20.625	-2.2051	-4.0886	1.7156	-1.2821	1.6198	-2.0246	-1.9482	-1.5283	-1.6642	-2.2027	0.28883	-39.793	-432.56	18.343	71.374	23.288	-9.7846	0.42735	13.91	39.54	-10.354	-7.2275	-51.821	-46.564	-45.464
-3.7254	-21.325	16.588	2.799	-3.7731	1.9479	0.99752	1.1502	1.267	0.066265	-0.51882	-0.89075	-3.5038	0.51547	-64.664	-1068.6	-161.49	200.16	12.62	9.2896	91.186	-18.784	131.66	80.577	40.381	30.94	-52.047	9.0656
-6.7499	-46.94	9.7712	7.6047	-0.49026	4.7146	3.0874	2.5386	3.8254	1.916	0.88853	-1.0802	-3.9852	1.8121	-120.98	-1024.6	-272.67	192.23	131.31	110.67	83.594	55.537	102.34	73.988	56.294	-7.5798	-19.253	51.865
-6.9311	-49.759	7.6536	8.1873	-0.40678	4.6813	3.6887	2.7913	4.4415	1.7023	-0.38574	-1.5679	-2.8287	3.2102	-7.2489	-112.75	-84.703	23.303	3.3393	-1.3305	24.054	10.108	24.643	-8.5468	-50.971	-19.507	46.257	55.925
-7.3875	-55.04	6.1623	8.5314	1.6762	5.3751	3.2033	2.0584	4.625	1.4792	-1.213	-1.6952	-1.4612	1.987	-18.254	-211.23	-59.653	13.763	83.319	27.751	-19.416	-29.315	7.3416	-8.9241	-33.089	-5.0927	54.703	-48.929
-7.8704	-57.259	3.7989	10.218	2.3607	4.4754	2.0424	3.2457	4.908	1.0692	-2.2591	-2.1771	-1.439	2.9733	-19.318	-88.777	-94.535	67.47	27.381	-35.987	-46.437	47.492	11.321	-16.401	-41.845	-19.277	0.88836	39.454
-8.4094	-59.756	2.727	10.235	2.6163	4.2945	2.6724	2.436	5.3681	0.040226	-2.6695	-1.749	-1.4327	2.7242	-21.559	-99.862	-42.877	0.68155	10.222	-7.2355	25.198	-32.388	18.403	-41.158	-16.414	17.127	0.2499	-9.964
-9.1436	-66.668	0.048397	12.07	3.9675	5.1234	3.3425	0.55097	4.6961	-0.4737	-2.1915	-0.2484	-2.0738	1.5344	-29.367	-276.51	-107.14	73.398	54.05	33.157	26.805	-75.403	-26.882	-20.557	19.117	60.023	-25.645	-47.592
-10.165	-78.656	-7.5667	10.69	5.369	7.0127	3.962	0.79545	4.3244	-0.047208	-1.8616	0.83084	-2.4774	1.6585	-40.867	-479.49	-304.61	-55.192	56.059	75.57	24.779	9.7791	-14.866	17.06	13.198	43.17	-16.142	4.9628
-11.326	-84.614	-12.646	8.8692	1.917	5.7514	2.3102	1.2899	2.8774	-0.062702	-0.1731	2.0903	-1.7034	0.64695	-46.45	-238.32	-203.17	-72.847	-138.08	-50.453	-66.072	19.778	-57.882	-0.61974	67.539	50.378	30.958	-40.461
-12.355	-83.094	-18.49	5.007	-0.69572	4.6943	1.8971	0.48496	3.9607	1.2091	0.38766	1.3965	-1.3755	0.26853	-41.132	60.793	-233.75	-154.49	-104.51	-42.282	-16.525	-32.197	43.334	50.872	22.431	-27.75	13.116	-15.137
-7.7275	-26.012	-6.3692	0.30211	4.1139	2.2719	2.4582	-2.5005	0.68273	1.4378	-0.46839	3.5312	-2.1899	-0.39127	185.09	2283.3	484.82	-188.2	192.39	-96.899	22.447	-119.42	-131.12	9.1486	-34.242	85.388	-32.575	-26.392
-6.748	-7.9453	-5.3252	-1.1672	-0.075366	1.2065	3.212	-1.0059	1.5202	0.91429	-1.4848	1.9367	-0.4625	0.64816	39.181	722.69	41.757	-58.771	-167.57	-42.613	30.151	59.784	33.498	-20.941	-40.657	-63.781	69.097	41.577
-6.3611	-12.901	-2.6527	-1.6658	-3.6143	-2.7917	0.14435	1.2779	3.6121	0.86976	0.32536	1.0594	-1.7006	-0.28973	15.474	-198.21	106.9	-19.945	-141.56	-159.93	-122.71	91.352	83.676	-1.7811	72.407	-35.094	-49.526	-37.516
-6.1055	-14.667	-7.0998	-2.786	-1.3298	-6.9173	-2.1318	-1.4691	4.5547	0.2677	-0.96648	1.2217	-1.1545	-0.30983	10.224	-70.643	-177.89	-44.807	91.382	-165.02	-91.047	-109.88	37.705	-24.082	-51.674	6.4938	21.847	-0.80399
-6.1678	-7.4562	-7.1684	-4.8342	-1.3875	-5.6753	-0.60984	0.7913	6.03	1.6301	-1.6805	1.0097	-0.4882	-0.39256	-2.4924	288.42	-2.7408	-81.931	-2.3098	49.679	60.879	90.415	59.011	54.495	-28.562	-8.4825	26.651	-3.309
-6.0622	-8.0144	-8.2506	-4.7075	-1.683	-3.8578	-0.44258	0.49276	4.8535	0.98095	-1.2304	2.9339	-1.0031	-1.2708	4.2249	-22.327	-43.289	5.0698	-11.819	72.701	6.6904	-11.942	-47.06	-25.966	18.005	76.97	-20.595	-35.131
-6.0417	-7.4815	-7.4383	-2.5234	-0.84254	-3.6666	1.3665	3.7657	5.6238	1.2235	0.20941	1.2229	0.66971	1.0743	0.81852	21.316	32.49	87.363	33.617	7.6471	72.362	130.92	30.814	9.7035	57.593	-68.44	66.911	93.805
-3.6219	3.5752	6.0931	2.6897	-0.66545	-4.2127	-1.396	1.5654	4.5029	1.0286	-0.71495	0.80488	-0.10215	-0.12563	96.793	442.27	541.26	208.52	7.0834	-21.846	-110.5	-88.014	-44.838	-7.796	-36.974	-16.72	-30.874	-47.997
-1.1232	20.344	12.357	-2.1469	-1.5252	-6.7003	-2.4648	2.7523	3.3168	-0.23526	-0.90339	-0.055972	1.0662	0.54361	99.95	670.75	250.56	-193.46	-34.388	-99.501	-42.75	47.476	-47.443	-50.556	-7.5376	-34.434	46.733	26.77
-0.41867	35.983	8.8359	-3.9891	-0.67627	-7.5818	-3.8063	2.371	3.6115	-1.3184	0.47586	-0.74003	2.3324	0.46703	28.179	625.54	-140.85	-73.689	33.955	-35.264	-53.664	-15.252	11.789	-43.326	55.17	-27.362	50.648	-3.0633
-0.092509	36.999	8.9955	-4.8206	-0.21674	-8.6386	-3.8516	2.5418	3.4966	-1.5625	0.70384	-0.61774	2.5155	0.2508	13.047	40.671	6.3845	-33.259	18.381	-42.269	-1.8084	6.834	-4.599	-9.7624	9.1193	4.8916	7.3262	-8.6492
-0.011472	32.504	11.895	-5.5824	-0.93036	-7.5931	-4.7376	3.2851	2.4232	-1.2966	1.0707	-0.51162	2.6437	0.22893	3.2415	-179.81	116	-30.472	-28.545	41.82	-35.441	29.729	-42.933	10.636	14.672	4.2446	5.1267	-0.87483
-0.0059747	29.676	13.053	-5.5659	-1.9914	-7.0422	-4.1849	2.6624	3.0985	-1.7722	1.0742	-0.26969	2.9003	0.61055	0.21988	-113.13	46.288	0.65885	-42.442	22.035	22.107	-24.908	27.013	-19.027	0.14115	9.6773	10.264	15.265
-0.15595	28.616	13.686	-5.5376	-2.1539	-6.9947	-3.1865	3.0329	3.0339	-1.018	0.43106	0.19692	2.8101	0.68269	-5.999	-42.412	25.352	1.1347	-6.5005	1.8996	39.936	14.82	-2.5842	30.171	-25.725	18.664	-3.6094	2.8854
-0.37522	28.256	14.067	-6.5903	-1.6727	-7.483	-2.9377	2.7497	3.4032	-1.5156	0.37046	0.13271	2.5219	0.064969	-8.7707	-14.369	15.207	-42.111	19.25	-19.532	9.9544	-11.328	14.769	-19.904	-2.4242	-2.5681	-11.528	-24.709
-0.34553	31.322	12.451	-7.2873	-1.3805	-7.0665	-2.9019	2.5717	3.0733	-1.5098	0.52212	0.18823	2.2697	0.19759	1.1875	122.64	-64.612	-27.88	11.685	16.661	1.4315	-7.1196	-13.195	0.23048	6.0664	2.2207	-10.085	5.305
-0.2772	32.522	12.232	-7.7891	-0.99944	-6.4979	-3.3303	3.1418	2.5572	-1.498	0.71994	-0.036215	3.0725	-0.50245	2.7332	47.983	-8.788	-20.07	15.244	22.743	-17.138	22.805	-20.644	0.47363	7.9128	-8.9779	32.109	-28.002
-0.22427	37.083	9.5898	-7.0697	-1.1309	-6.83	-2.5577	2.4026	3.2198	-1.8095	0.69494	0.55784	2.4596	-0.12541	2.117	182.46	-105.67	28.776	-5.2582	-13.286	30.905	-29.567	26.505	-12.46	-1.0002	23.762	-24.514	15.082
-0.18813	37.781	9.633	-7.8646	-1.2448	-6.634	-2.5597	2.1531	3.0484	-1.842	0.96184	0.3692	2.7028	-0.76797	1.4458	27.92	1.7291	-31.799	-4.5566	7.8426	-0.078947	-9.9808	-6.8548	-1.3031	10.676	-7.546	9.7283	-25.703
-0.18891	39.043	8.0435	-7.1055	-1.7672	-5.7848	-2.8963	2.2923	2.3753	-1.5521	1.0798	0.74125	2.44	-0.81618	-0.031128	50.485	-63.582	30.364	-20.896	33.969	-13.467	5.5664	-26.924	11.597	4.7189	14.882	-10.515	-1.9282
-0.16358	38.445	8.4589	-7.3935	-2.2192	-5.5784	-2.6266	2.4013	2.019	-1.583	0.97795	1.0451	2.7635	-1.6154	1.013	-23.943	16.616	-11.518	-18.079	8.2563	10.789	4.3625	-14.255	-1.2371	-4.0745	12.156	12.94	-31.969
-0.16655	41.35	6.7697	-7.7795	-2.0628	-5.3747	-2.1595	2.0515	1.6311	-1.4106	1.3544	1.2033	2.6546	-1.5282	-0.11863	116.22	-67.567	-15.44	6.2555	8.1456	18.686	-13.993	-15.513	6.898	15.06	6.3268	-4.3554	3.4883
-0.20067	40.297	6.8477	-8.0482	-1.5563	-5.026	-2.0128	1.7943	1.5637	-1.2138	1.5401	1.7019	2.3398	-1.5717	-1.3648	-42.124	3.1209	-10.749	20.26	13.949	5.8656	-10.289	-2.6993	7.8698	7.4268	19.945	-12.589	-1.7388
-0.44661	38.821	8.2032	-8.4141	-1.0685	-4.1703	-1.7387	1.4855	1.6799	-0.93403	1.6975	2.0084	2.1401	-1.6231	-9.8377	-59.038	54.218	-14.635	19.511	34.226	10.965	-12.349	4.6512	11.192	6.2969	12.26	-7.9911	-2.0562
-0.54697	35.62	9.4311	-9.6059	-1.5855	-3.2214	-1.9111	0.73091	1.3764	-1.0923	2.4989	1.7631	1.6527	-1.4404	-4.0141	-128.05	49.116	-47.673	-20.68	37.958	-6.8978	-30.186	-12.142	-6.3303	32.055	-9.8136	-19.494	7.3058
-0.63791	38.27	7.295	-9.1299	-1.5386	-2.3956	-2.1077	0.14271	1.1345	-0.77026	3.1618	1.494	1.5399	-1.6189	-3.6376	106.01	-85.441	19.042	1.8777	33.03	-7.8622	-23.528	-9.6742	12.881	26.516	-10.766	-4.5128	-7.1403
-0.77899	38.271	6.5887	-9.0231	-1.4946	-0.84216	-2.7052	-0.30319	0.2373	-0.084289	3.7375	1.3247	1.5923	-1.7456	-5.6434	0.018038	-28.254	4.2719	1.7591	62.139	-23.9	-17.836	-35.89	27.439	23.025	-6.7695	2.0956	-5.066
-0.94684	36.205	7.0756	-8.7622	-1.429	0.1918	-2.9592	-1.1419	-0.26048	0.68892	3.945	0.78045	1.7911	-2.0828	-6.714	-82.63	19.476	10.436	2.6245	41.358	-10.16	-33.549	-19.911	30.929	8.3003	-21.771	7.9521	-13.487
-1.1092	34.894	7.3163	-9.0868	-0.76154	0.86502	-2.9725	-2.103	-0.68617	1.1748	4.2781	0.050533	2.6616	-2.8607	-6.4943	-52.419	9.6284	-12.984	26.698	26.929	-0.53355	-38.442	-17.027	19.435	13.326	-29.197	34.82	-31.116
-1.2512	33.363	7.0043	-8.9066	-0.32337	1.9851	-3.3682	-2.6733	-1.704	1.9027	4.5795	-0.63208	3.2334	-3.1937	-5.6794	-61.271	-12.48	7.2083	17.527	44.802	-15.827	-22.815	-40.714	29.118	12.055	-27.304	22.874	-13.32
-1.4742	30.422	7.6261	-8.7888	1.0209	2.4099	-3.2886	-3.7912	-2.1528	2.1979	4.8521	-1.805	3.6395	-3.0109	-8.9205	-117.62	24.871	4.7105	53.771	16.994	3.1854	-44.714	-17.95	11.805	10.903	-46.918	16.242	7.3112
-1.6434	28.968	7.2411	-8.2639	2.1803	2.6397	-3.1146	-4.62	-2.6543	2.5665	3.823	-2.1232	3.5167	-1.8873	-6.7689	-58.145	-15.4	20.996	46.377	9.1934	6.9589	-33.154	-20.062	14.747	-41.163	-12.726	-4.9123	44.946
-1.8483	26.419	6.7929	-7.4679	2.9719	3.5413	-3.5094	-5.1199	-3.2146	2.6319	3.2196	-2.6852	3.8975	-1.6358	-8.1955	-101.98	-17.928	31.842	31.663	36.061	-15.793	-19.993	-22.413	2.6158	-24.136	-22.481	15.232	10.058
-2.0785	23.481	7.2665	-6.8632	3.1162	4.0078	-3.4568	-5.3006	-3.0713	2.7432	2.1716	-2.2571	3.2086	-0.79648	-9.2092	-117.54	18.944	24.188	5.7722	18.66	2.1072	-7.2307	5.732	4.4504	-41.92	17.124	-27.553	33.573
-2.2129	22.445	6.8486	-6.8232	3.4931	4.6909	-3.6911	-5.3481	-3.7384	3.1167	1.6518	-2.5063	2.522	-0.1347	-5.3728	-41.403	-16.714	1.6	15.077	27.324	-9.3741	-1.9001	-26.682	14.94	-20.791	-9.9663	-27.466	26.471
-2.321	22.501	5.335	-5.7751	3.4486	5.4933	-3.8741	-5.3879	-3.7449	2.9052	1.0085	-3.3366	2.6854	-0.35926	-4.3273	2.2022	-60.546	41.921	-1.7818	32.097	-7.3173	-1.5925	-0.26151	-8.461	-25.733	-33.211	6.5356	-8.9824
-2.2895	21.169	6.2589	-4.7259	4.1775	4.7955	-3.9363	-5.6766	-3.0772	2.5674	0.46127	-3.2822	2.9848	-0.65987	1.2604	-53.28	36.958	41.971	29.155	-27.911	-2.4915	-11.545	26.71	-13.51	-21.889	2.1744	11.978	-12.024
-2.2022	21.447	5.9432	-4.4992	4.6614	4.2308	-3.6236	-6.1308	-3.5402	2.8387	0.20084	-3.3418	2.9676	-0.30961	3.4943	11.137	-12.628	9.0682	19.358	-22.59	12.509	-18.171	-18.521	10.853	-10.417	-2.3832	-0.68843	14.01
-2.3727	18.089	7.5983	-5.3144	5.0405	4.1601	-3.8358	-5.4998	-2.8811	2.4239	0.45334	-3.1362	2.6957	-0.39404	-6.8231	-134.33	66.201	-32.61	15.163	-2.8267	-8.4868	25.243	26.361	-16.595	10.1	8.2223	-10.876	-3.3774
-2.6456	18.711	5.5192	-5.091	5.1476	3.9077	-3.5059	-5.8317	-2.4945	2.7449	1.1727	-3.1619	2.7865	-0.13986	-10.915	24.897	-83.162	8.9377	4.2836	-10.094	13.197	-13.278	15.466	12.839	28.774	-1.0272	3.6317	10.167
-2.6017	16.052	4.7683	-5.7213	3.8746	2.4995	-3.3841	-6.1088	-1.9944	2.5961	1.4302	-2.1332	3.0442	-0.17945	1.7567	-106.34	-30.038	-25.213	-50.921	-56.329	4.8694	-11.085	20.004	-5.9512	10.303	41.147	10.307	-1.5837
-2.7917	13.691	3.4787	-5.3314	2.7217	2.7376	-4.7355	-7.3419	-3.1123	3.2446	1.5353	-2.4974	3.5319	-0.027248	-7.6007	-94.456	-51.581	15.596	-46.116	9.5235	-54.057	-49.323	-44.715	25.94	4.2005	-14.565	19.508	6.0881
-2.7486	5.3878	5.391	-1.2736	0.20586	1.867	-4.0516	-6.3624	-3.2155	3.0669	2.6969	-1.092	3.2209	-0.11843	1.726	-332.13	76.49	162.31	-100.63	-34.823	27.36	39.181	-4.1302	-7.1081	46.467	56.214	-12.44	-3.6472
-2.6578	20.379	5.8211	-7.8153	0.91786	1.957	-3.6172	-4.2658	-2.8611	3.4904	2.8773	-0.59131	2.5206	-0.63223	3.6315	599.66	17.207	-261.67	28.48	3.5976	17.376	83.866	14.179	16.941	7.2132	20.029	-28.011	-20.552
-2.3815	11.467	6.1789	-6.4197	-0.66604	0.94963	-3.1703	-4.9738	-1.8096	2.2993	3.5541	0.47993	1.8463	-0.46515	11.052	-356.5	14.31	55.822	-63.356	-40.294	17.874	-28.32	42.058	-47.644	27.075	42.849	-26.972	6.6832
-2.4061	14.697	4.722	-6.0757	-0.8145	0.62675	-3.7909	-5.2081	-1.5931	2.4282	3.6672	1.8629	1.1044	-0.52218	-0.98691	129.2	-58.276	13.763	-5.9383	-12.915	-24.825	-9.3746	8.6597	5.1551	4.5237	55.317	-29.677	-2.2815
-2.2413	20.298	5.2274	-6.7685	-1.4403	0.64223	-3.3847	-3.2617	-2.4092	2.5375	3.2897	2.1295	0.85076	-1.3287	6.5935	224.06	20.214	-27.714	-25.033	0.61917	16.249	77.858	-32.643	4.375	-15.1	10.665	-10.145	-32.261
-2.0901	23.074	6.1958	-7.7009	-1.2758	-0.13705	-2.9597	-1.4038	-2.6341	2.3234	3.1002	2.5683	0.49509	-2.3013	6.0503	111.03	38.739	-37.296	6.5807	-31.171	17.001	74.317	-8.9948	-8.5665	-7.5822	17.551	-14.227	-38.904
-2.0638	19.914	8.3657	-6.1422	-3.4814	1.4707	-3.3575	-0.75896	-2.5603	2.2705	2.9512	2.7836	-0.23089	-0.50846	1.0504	-126.39	86.794	62.35	-88.223	64.312	-15.912	25.792	2.9506	-2.1137	-5.9612	8.6146	-29.039	71.714
-1.9969	19.291	9.8798	-5.3401	-4.36	2.8575	-4.2276	-0.20557	-2.3265	1.4025	3.0691	2.3765	0.64256	-1.7831	2.6754	-24.936	60.565	32.081	-35.146	55.469	-34.801	22.136	9.3516	-34.721	4.7171	-16.286	34.938	-50.985
-1.9531	23.457	8.901	-4.5944	-5.4093	3.3527	-4.1797	0.34346	-1.9196	1.0689	3.0118	1.7933	0.76163	-2.0317	1.7536	166.65	-39.152	29.829	-41.97	19.811	1.914	21.961	16.276	-13.344	-2.2908	-23.328	4.7629	-9.9437
-1.9836	27.802	6.7397	-6.1111	-3.9439	2.5111	-3.7489	1.6472	-2.0043	0.77727	2.1044	1.9022	1.5776	-2.8217	-1.223	173.78	-86.452	-60.668	58.617	-33.664	17.231	52.149	-3.3875	-11.666	-36.298	4.3583	32.637	-31.6
-2.2137	25.578	7.3455	-5.0917	-4.1821	3.0829	-4.4825	2.0107	-2.2606	2.1319	1.0041	1.7356	1.3284	-1.6231	-9.2007	-88.931	24.232	40.775	-9.5308	22.869	-29.343	14.542	-10.249	54.187	-44.011	-6.6648	-9.9648	47.944
-2.7365	13.361	10.072	-3.1801	-4.5118	3.0701	-3.9885	1.9706	-1.9238	0.45585	0.73874	2.9394	1.6083	-1.6054	-20.913	-488.69	109.07	76.466	-13.187	-0.51055	19.759	-1.6063	13.469	-67.044	-10.614	48.151	11.193	0.70804
-3.6972	0.18053	9.6783	1.5084	-6.657	4.6263	-2.6602	0.67193	-0.78482	0.0918	0.99509	3.1906	1.7519	-0.99885	-38.428	-527.22	-15.764	187.54	-85.807	62.248	53.133	-51.946	45.561	-14.562	10.254	10.051	5.7466	24.261
-5.2045	-10.075	1.638	4.8373	-3.3703	-0.86583	0.61562	-1.877	0.35997	-0.67892	-0.074205	2.5897	1.1569	-0.17562	-60.294	-410.21	-321.61	133.15	131.47	-219.68	131.03	-101.96	45.792	-30.829	-42.772	-24.039	-23.8	32.929
-8.4324	-32.088	-17.519	2.1469	1.0995	0.95955	1.8001	0.25941	1.0131	1.7016	0.39437	2.2157	-1.352	-0.11843	-129.12	-880.55	-766.3	-107.61	178.79	73.015	47.38	85.456	26.124	95.22	18.743	-14.958	-100.36	2.2873
-9.4903	-38.745	-21.334	-1.749	-0.36607	1.2925	1.5222	-0.67888	1.7043	0.27189	-1.1505	1.3507	-1.4224	0.29627	-42.314	-266.25	-152.58	-155.84	-58.623	13.32	-11.118	-37.531	27.649	-57.187	-61.794	-34.6	-2.8167	16.588
-8.8009	-21.006	-12.959	-1.9377	-0.87476	1.9864	-0.2454	-0.44069	1.2548	0.45582	0.86516	1.3466	-1.1623	0.76124	27.574	709.54	334.99	-7.5459	-20.347	27.752	-70.703	9.5275	-17.981	7.3574	80.626	-0.16629	10.402	18.599
-8.9756	-32.195	-11.421	-1.1765	0.18527	1.4	0.41575	-0.75461	1.2954	0.39786	1.083	1.9915	-1.314	1.8797	-6.986	-447.55	61.524	30.446	42.401	-23.455	26.446	-12.557	1.6246	-2.3185	8.7143	25.796	-6.0671	44.737
-11.499	-67.306	-14.306	0.1444	-3.3079	-0.27296	2.7482	2.5231	2.2609	0.77976	-1.1288	2.0357	0.23135	2.3911	-100.92	-1404.4	-115.4	52.837	-139.73	-66.918	93.298	131.11	38.62	15.276	-88.474	1.7681	61.814	20.458
-12.163	-82.875	-17.154	4.4486	-3.677	1.3657	1.2132	2.2716	3.7794	0.50027	-0.19225	0.90175	-0.9063	1.5095	-26.583	-622.76	-113.91	172.17	-14.765	65.545	-61.399	-10.059	60.739	-11.18	37.463	-45.356	-45.506	-35.264
-7.7052	-58.709	-5.5097	3.3476	-1.2581	1.8946	1.2501	1.7218	1.163	-0.90407	1.4056	1.3173	-2.2826	0.89807	178.31	966.64	465.76	-44.039	96.759	21.157	1.4735	-21.993	-104.65	-56.174	63.915	16.621	-55.052	-24.458
-6.9374	-13.203	-4.1283	-6.3762	-2.6352	-2.1088	-0.73533	1.8154	-0.62127	-2.6184	0.884	2.126	-3.1523	-0.79383	30.714	1820.2	55.256	-388.95	-55.086	-160.13	-79.415	3.7468	-71.372	-68.573	-20.865	32.347	-34.788	-67.676
-5.85	-4.5447	-13.889	-6.0548	-0.85638	0.5922	1.6735	0.074274	-2.3723	-0.50885	2.203	1.0685	-3.6807	0.84017	43.496	346.33	-390.42	12.856	71.153	108.04	96.355	-69.647	-70.041	84.382	52.758	-42.298	-21.136	65.36
-5.16	9.3963	-14.308	-6.2044	-1.1543	0.012276	0.84578	-2.4679	-1.1492	0.1125	0.61907	-0.45321	-3.3841	1.5422	27.599	557.64	-16.753	-5.9837	-11.915	-23.197	-33.11	-101.69	48.924	24.854	-63.356	-60.869	11.866	28.08
-5.1527	1.3703	-18.762	-4.9921	3.9541	5.4191	1.8618	-3.812	-2.2063	1.5394	4.216	-0.5582	-2.7535	3.0093	0.292	-321.04	-178.17	48.492	204.33	216.27	40.64	-53.762	-42.283	57.078	143.88	-4.1996	25.222	58.683
-5.6439	-7.8609	-14.489	-4.2102	2.3292	4.1607	0.94382	-3.0353	-1.8073	0.95081	2.0875	-1.0472	-3.282	1.0084	-19.647	-369.25	170.93	31.277	-64.996	-50.334	-36.718	31.067	15.959	-23.545	-85.137	-19.561	-21.139	-80.035
-5.5147	-10.908	-2.0709	-1.7162	2.3814	4.7019	1.6932	-2.9337	-1.7626	-0.40312	0.82967	-0.088267	-1.3785	1.2848	5.1647	-121.88	496.71	99.758	2.0898	21.645	29.976	4.0648	1.787	-54.157	-50.315	38.359	76.141	11.055
-4.0392	-4.0624	12.83	-3.4775	-1.8634	5.1793	2.7646	-2.5128	-3.7438	-1.7348	1.0574	0.76165	-2.1586	0.69787	59.023	273.82	596.05	-70.451	-169.79	19.097	42.855	16.833	-79.246	-53.267	9.1108	33.997	-31.205	-23.475
-3.4284	-1.7012	16.755	-6.9682	-1.3706	6.1515	2.5686	-1.4669	-5.31	-2.0528	1.6209	-0.18421	-1.4976	-0.42771	24.432	94.451	156.99	-139.63	19.712	38.888	-7.8412	41.839	-62.648	-12.719	22.537	-37.834	26.439	-45.023
-3.4773	-2.3687	17.174	-6.2565	-2.394	6.4174	2.9224	-1.3533	-5.3683	-2.2696	1.4097	-0.0052534	-2.0639	-0.47247	-1.9581	-26.701	16.766	28.468	-40.937	10.634	14.153	4.5423	-2.3341	-8.6737	-8.4482	7.1581	-22.652	-1.7906
-3.7391	-6.0421	17.375	-4.2121	-3.7136	6.3349	3.4946	-0.4571	-5.238	-2.6745	0.74384	0.79879	-1.9805	-0.86315	-10.472	-146.94	8.0465	81.777	-52.783	-3.299	22.89	35.849	5.2124	-16.198	-26.633	32.162	3.3357	-15.627
-4.1207	-11.369	17.608	-2.6972	-4.6877	5.6258	4.5014	-0.16092	-3.328	-3.213	0.092356	0.63468	-1.8242	-0.83988	-15.262	-213.09	9.2988	60.597	-38.966	-28.364	40.269	11.847	76.403	-21.539	-26.059	-6.5642	6.2509	0.93056
-4.5283	-15.574	16.018	0.10002	-5.1386	4.5348	3.8452	0.71555	-2.4511	-1.9802	-0.25349	-0.88572	-1.0854	-1.0853	-16.306	-168.17	-63.6	111.89	-18.035	-43.637	-26.247	35.059	35.075	49.311	-13.834	-60.816	29.553	-9.8171
-5.3431	-21.697	13.093	1.244	-3.0377	2.5183	1.4005	1.7856	0.14594	-1.9361	-1.2703	0.54148	-1.8078	-0.77397	-32.589	-244.95	-116.98	45.758	84.036	-80.66	-97.786	42.801	103.88	1.7673	-40.674	57.088	-28.897	12.453
-6.4532	-29.874	8.6419	4.4281	-0.31263	-1.0438	2.1286	0.74085	0.36804	-0.1627	-0.82407	-0.43671	-2.4156	-0.061093	-44.406	-327.07	-178.06	127.37	109	-142.48	29.124	-41.789	8.884	70.934	17.851	-39.127	-24.311	28.515
-7.2738	-35.809	6.5796	5.9968	-1.5466	-0.53301	1.822	0.73149	1.5632	-0.29714	-1.2915	0.23699	-1.9568	-0.059477	-32.821	-237.39	-82.494	62.748	-49.361	20.43	-12.267	-0.37457	47.805	-5.3775	-18.699	26.948	18.351	0.064643
-7.6515	-37.193	5.1552	5.3433	0.049786	0.63865	-0.24999	0.88366	2.8965	-0.40349	-1.2003	0.45533	-2.414	-0.35496	-15.109	-55.376	-56.975	-26.142	63.857	46.866	-82.879	6.0869	53.333	-4.254	3.6487	8.7334	-18.286	-11.819
-7.5367	-36.293	6.37	5.2825	-0.73313	0.60601	0.95456	0.50645	2.0729	-0.21365	-1.3537	1.1018	-2.0687	-0.49289	4.5917	36.009	48.592	-2.4299	-31.317	-1.3055	48.182	-15.088	-32.945	7.5937	-6.1352	25.857	13.812	-5.5172
-6.8416	-30.741	7.0696	4.7144	-1.6805	0.3499	2.7575	-0.38941	1.5958	-1.1618	-0.73773	1.1873	-2.982	0.067893	27.803	222.08	27.982	-22.726	-37.895	-10.245	72.117	-35.835	-19.085	-37.924	24.639	3.4202	-36.533	22.431
-5.572	-22.908	9.724	3.0641	-3.0772	0.57833	3.197	0.71358	1.1693	-1.5189	-2.532	1.0866	-1.9386	-0.24479	50.786	313.29	106.18	-66.01	-55.866	9.1372	17.58	44.12	-17.057	-14.285	-71.77	-4.0274	41.737	-12.507
-4.3808	-11.484	11.787	1.1819	-4.5991	2.3892	4.9457	0.19724	-0.84791	-2.6153	-3.2289	0.32395	-0.13925	-0.12842	47.648	456.96	82.52	-75.29	-60.878	72.434	69.948	-20.653	-80.69	-43.855	-27.879	-30.505	71.973	4.6547
-3.5152	-8.5757	17.184	-1.1606	-6.4341	6.2372	3.7792	1.1885	-4.3542	-3.9613	-0.85304	2.1349	-2.3437	-2.2196	34.621	116.35	215.88	-93.698	-73.398	153.92	-46.659	39.651	-140.25	-53.842	95.036	72.439	-88.18	-83.646
-2.9267	0.10526	17.867	-4.8379	-5.0489	8.7291	1.3169	-1.2283	-5.6405	-1.8867	0.79532	0.71252	-1.8952	-1.4174	23.543	347.24	27.33	-147.09	55.405	99.677	-98.493	-96.672	-51.453	82.986	65.934	-56.896	17.943	32.087
-2.6087	9.7721	15.945	-8.2985	-1.786	8.7237	-1.0947	-2.2951	-5.3468	-0.075104	0.83581	-0.017135	-0.6838	-1.5479	12.72	386.67	-76.904	-138.43	130.52	-0.2152	-96.464	-42.675	11.75	72.463	1.6196	-29.186	48.454	-5.2211
-2.3513	13.034	14.864	-8.8583	0.83104	6.9697	-2.3474	-3.1435	-4.332	0.45633	0.49941	-0.15501	0.92679	-1.1329	10.294	130.49	-43.232	-22.391	104.68	-70.162	-50.106	-33.933	40.592	21.258	-13.456	-5.5149	64.424	16.601
-2.1612	18.894	12.154	-9.2796	3.2513	5.5292	-3.4915	-2.7536	-4.4033	0.67111	1.1223	0.083709	1.1033	-1.339	7.6036	234.39	-108.4	-16.851	96.81	-57.62	-45.768	15.593	-2.852	8.5911	24.915	9.5486	7.061	-8.2453
-2.1009	22.163	10.492	-9.8113	3.8289	5.7236	-4.262	-2.9168	-4.4152	1.1202	1.637	-1.5945	2.0656	-1.8448	2.4126	130.75	-66.481	-21.27	23.104	7.7772	-30.816	-6.5274	-0.47724	17.963	20.587	-67.127	38.492	-20.23
-2.0368	23.197	9.0665	-8.5795	4.7717	5.3103	-4.4003	-3.4786	-4.2703	1.2745	2.1971	-2.5333	2.3825	-1.8698	2.5666	41.388	-57.015	49.273	37.712	-16.531	-5.5328	-22.47	5.7953	6.1737	22.405	-37.553	12.676	-1.0023
-2.1282	20.866	8.8891	-7.3683	5.0662	5.5407	-4.1258	-4.2235	-3.6834	1.3116	1.8958	-3.741	3.057	-1.3186	-3.6565	-93.266	-7.0952	48.448	11.783	9.2146	10.98	-29.798	23.475	1.4818	-12.049	-48.309	26.98	22.051
-2.3757	20.821	7.3595	-7.1494	6.8021	5.7789	-4.2631	-3.9621	-3.5522	1.3483	1.3622	-3.5769	2.6898	-1.1947	-9.9013	-1.7833	-61.187	8.7553	69.434	9.5297	-5.4935	10.457	5.249	1.4713	-21.345	6.5652	-14.688	4.953
-2.58	22.245	4.2594	-5.0594	6.7452	6.1335	-3.0651	-5.0227	-2.013	0.55409	1.8065	-4.6457	2.1659	-0.28285	-8.1715	56.958	-124	83.603	-2.2766	14.182	47.92	-42.424	61.568	-31.77	17.772	-42.753	-20.955	36.476
-2.6832	19.622	4.3413	-4.3143	7.3414	6.9112	-3.436	-4.367	-2.3587	1.0263	1.3476	-5.3566	2.1563	-0.73063	-4.1286	-104.92	3.2757	29.804	23.85	31.109	-14.837	26.228	-13.829	18.89	-18.358	-28.439	-0.3849	-17.911
-2.7587	16.63	4.5338	-4.4787	9.1312	6.8802	-2.9847	-3.764	-3.3625	1.3455	1.0023	-5.5265	1.7204	-0.98901	-3.0181	-119.67	7.6998	-6.5784	71.59	-1.2383	18.054	24.123	-40.149	12.768	-13.811	-6.793	-17.437	-10.335
-3.0565	12.047	4.2929	-4.0833	10.203	7.1931	-2.5161	-3.109	-3.832	1.8221	0.33042	-5.4964	1.412	-1.1402	-11.912	-183.32	-9.6366	15.818	42.877	12.516	18.743	26.196	-18.783	19.062	-26.875	1.2031	-12.337	-6.0463
-3.8554	4.5893	2.5628	-2.3961	10.429	6.6622	-0.29558	-3.9003	-2.4098	1.4245	-0.024718	-4.7808	0.10831	-0.20637	-31.956	-298.32	-69.202	67.486	9.0478	-21.237	88.821	-31.652	56.891	-15.904	-14.206	28.622	-52.146	37.352
-5.4186	-9.3125	0.27223	-0.1056	8.1795	6.5949	0.85058	-3.2926	-2.4851	2.1981	0.096801	-4.2868	-0.68591	-0.5363	-62.53	-556.07	-91.623	91.62	-89.99	-2.6916	45.847	24.309	-3.014	30.946	4.8607	19.76	-31.769	-13.197
-8.5918	-51.836	-4.4449	3.5417	4.2713	5.489	5.0118	-0.57462	-1.6357	2.2867	2.0114	-0.98823	-1.0835	-0.32093	-126.93	-1700.9	-188.68	145.89	-156.33	-44.236	166.45	108.72	33.978	3.5433	76.583	131.94	-15.905	8.615
-11.613	-74.92	-13.287	2.4659	-0.83033	7.2122	5.9569	2.1994	0.65044	-1.4443	-1.0217	1.8712	-1.3754	-0.81992	-120.84	-923.38	-353.68	-43.031	-204.07	68.925	37.805	110.96	91.444	-149.24	-121.32	114.38	-11.675	-19.96
-12.923	-78.89	-15.268	0.48242	-2.97	3.4913	3.8688	0.75473	0.63095	-0.4616	0.09534	2.0521	-0.52178	0.62232	-52.398	-158.77	-79.233	-79.341	-85.588	-148.84	-83.523	-57.788	-0.77973	39.306	44.683	7.238	34.145	57.69
-10.987	-74.4	-15.338	5.1818	1.7875	2.774	3.4389	1.7961	-0.95281	0.068406	-0.40876	0.21005	-1.0528	0.099579	77.429	179.58	-2.8092	187.98	190.3	-28.691	-17.198	41.656	-63.35	21.2	-20.164	-73.682	-21.24	-20.91
-7.354	-39.664	-23.497	-1.213	3.6711	1.1111	5.9851	1.0472	-2.4423	1.3893	0.95525	0.23641	-1.8582	0.76803	145.32	1389.5	-326.34	-255.79	75.344	-66.515	101.85	-29.957	-59.578	52.835	54.56	1.0545	-32.215	26.738
-5.3246	-17.111	-29.846	-4.4765	2.6014	-0.67142	4.2174	2.2787	-2.7095	-0.1951	1.7606	1.1365	-1.7649	1.0011	81.179	902.11	-253.99	-130.54	-42.785	-71.303	-70.707	49.259	-10.691	-63.376	32.213	36.002	3.7295	9.3234
-4.1421	-2.5526	-34.179	-1.8665	4.7609	1.0368	4.0614	2.5217	-2.7453	-0.5686	3.0515	1.3176	-1.1179	0.021552	47.299	582.34	-173.33	104.4	86.379	68.33	-6.2415	9.7189	-1.4322	-14.94	51.636	7.2462	25.881	-39.183
-3.1587	18.198	-30.588	0.91009	5.4543	2.1365	2.9414	1.4981	-2.1265	-0.24732	2.3238	2.6648	-1.9399	0.17219	39.333	830.04	143.66	111.06	27.736	43.988	-44.8	-40.943	24.752	12.851	-29.109	53.889	-32.879	6.0257
-2.9133	20.401	-30.923	-0.18241	5.4562	-0.40392	1.3111	0.71753	-0.5561	0.16256	0.99412	1.6693	-1.2235	0.92062	9.8178	88.118	-13.425	-43.7	0.073547	-101.62	-65.212	-31.222	62.818	16.396	-53.186	-39.821	28.653	29.937
-3.1949	15.436	-29.491	-0.041411	4.9398	-0.44778	0.018316	0.20443	-0.92764	-0.70921	1.6925	0.69705	-1.6658	1.0744	-11.262	-198.63	57.286	5.64	-20.654	-1.7544	-51.711	-20.524	-14.862	-34.871	27.935	-38.891	-17.691	6.151
-3.7688	11.948	-24.274	1.2939	5.2985	0.84365	2.3344	-0.20443	-2.1447	0.54687	3.5233	0.67425	-1.8682	-0.13533	-22.957	-139.51	208.71	53.413	14.35	51.657	92.645	-16.354	-48.681	50.243	73.233	-0.91184	-8.095	-48.389
-5.0488	1.7702	-18.747	-2.8338	3.8769	1.4567	2.9415	0.75862	-0.85596	-0.3334	2.1545	2.3458	0.19789	1.1718	-51.201	-407.1	221.07	-165.11	-56.865	24.523	24.282	38.522	51.548	-35.211	-54.754	66.863	82.643	52.287
-4.7342	-9.3592	-6.5543	1.1668	2.1734	0.069805	1.7792	2.6054	-1.0447	-0.98857	1.4279	1.1341	-0.62775	0.29456	12.585	-445.18	487.7	160.03	-68.141	-55.477	-46.493	73.87	-7.5492	-26.207	-29.064	-48.471	-33.026	-35.091
-3.7152	7.113	8.8968	-2.497	3.3429	-2.4693	-2.7645	3.8712	-1.6066	-3.404	-0.93245	-1.4344	3.6411	-2.1426	40.757	658.89	618.05	-146.55	46.781	-101.57	-181.75	50.631	-22.477	-96.618	-94.414	-102.74	170.75	-97.485
-3.2552	11.585	7.5654	0.18372	2.6743	-3.527	-4.022	4.7807	-1.1491	-2.9512	-1.6806	-2.6554	3.6048	-1.5607	18.4	178.87	-53.259	107.23	-26.746	-42.306	-50.302	36.382	18.301	18.112	-29.927	-48.839	-1.4534	23.275
-3.2681	7.6425	7.215	3.634	2.0053	-5.1657	-3.4996	3.5559	0.50743	-1.9215	-2.0567	-2.9943	3.2085	-1.6838	-0.51222	-157.69	-14.014	138.01	-26.761	-65.547	20.897	-48.992	66.26	41.189	-15.042	-13.556	-15.851	-4.9238
-3.5782	-0.0056787	8.1174	5.3503	2.5676	-6.2708	-3.4858	2.4673	0.87044	-0.41971	-2.0114	-3.2587	2.5068	-2.3772	-12.406	-305.93	36.094	68.651	22.495	-44.203	0.55173	-43.545	14.52	60.071	1.8092	-10.575	-28.069	-27.736
-3.8254	-2.8144	7.484	6.4382	2.5053	-6.7398	-3.6342	1.5475	1.2138	-0.12369	-1.3773	-3.5353	2.8155	-3.0067	-9.8864	-112.35	-25.333	43.516	-2.4932	-18.761	-5.9377	-36.791	13.733	11.841	25.364	-11.065	12.348	-25.182
-3.8746	-5.0564	7.3266	7.1367	2.6067	-6.9883	-3.7629	0.74566	1.4392	0.4481	-1.4417	-3.3627	2.1689	-3.2024	-1.9689	-89.679	-6.2959	27.94	4.0543	-9.9425	-5.1466	-32.074	9.0194	22.871	-2.5749	6.9033	-25.864	-7.8252
-3.9486	-7.3371	7.4446	8.1612	2.612	-7.5732	-3.8522	0.81978	1.1837	0.97329	-2.3173	-3.0603	1.7683	-3.305	-2.96	-91.229	4.7182	40.98	0.21383	-23.396	-3.5711	2.9648	-10.221	21.008	-35.025	12.099	-16.023	-4.1037
-4.0952	-10.642	8.2681	8.7634	3.2798	-8.332	-3.3382	0.18397	1.0609	1.0397	-2.2169	-3.2017	2.0613	-3.5491	-5.8635	-132.2	32.94	24.086	26.713	-30.352	20.556	-25.432	-4.913	2.6562	4.0193	-5.6565	11.722	-9.7657
-4.2893	-10.702	7.5336	9.9213	3.3485	-8.4794	-3.3075	-0.2552	1.0215	1.5032	-1.8863	-3.5418	2.7928	-4.3957	-7.7635	-2.4096	-29.379	46.317	2.748	-5.895	1.2315	-17.567	-1.5743	18.54	13.221	-13.604	29.261	-33.863
-4.301	-13.315	7.4479	11.064	3.864	-8.2659	-2.9175	-0.51167	1.2705	1.7005	-1.7682	-3.16	2.607	-4.9728	-0.46937	-104.5	-3.4273	45.711	20.621	8.5386	15.599	-10.259	9.9587	7.8938	4.7248	15.269	-7.4347	-23.086
-4.5911	-16.728	7.3589	11.004	4.698	-7.6292	-2.2646	-0.92051	1.2461	2.7265	-2.2104	-2.1911	1.324	-4.2987	-11.603	-136.53	-3.5597	-2.3975	33.359	25.468	26.115	-16.354	-0.97515	41.038	-17.688	38.758	-51.317	26.965
-5.07	-16.748	4.9883	13.242	3.1879	-8.0646	-0.83901	-1.4202	2.9978	2.0878	-2.9342	-0.92818	-0.26077	-3.197	-19.157	-0.78241	-94.824	89.521	-60.406	-17.414	57.024	-19.99	70.066	-25.548	-28.949	50.517	-63.393	44.068
-5.3034	-14.505	1.6154	12.652	2.2381	-6.0144	0.3345	-1.3702	1.6516	2.9861	-2.8785	-0.98009	-2.1461	-1.1734	-9.3368	89.688	-134.92	-23.598	-37.99	82.007	46.94	2.0008	-53.846	35.931	2.2279	-2.0766	-75.412	80.941
-5.5918	-10.258	-3.0783	13.052	1.987	-6.425	2.6259	-3.3951	2.92	3.6307	-4.2771	-0.42021	-3.35	0.16146	-11.534	169.9	-187.75	16.009	-10.046	-16.425	91.656	-80.997	50.734	25.783	-55.944	22.395	-48.156	53.396
-5.8074	-8.5528	-4.7201	11.889	1.7072	-6.0272	3.2813	-3.1043	1.812	3.1992	-3.7512	-0.78426	-2.5972	-0.55238	-8.6247	68.211	-65.674	-46.545	-11.191	15.914	26.218	11.632	-44.317	-17.259	21.033	-14.562	30.113	-28.554
-6.2032	-5.2876	-8.1967	11.233	2.3886	-5.5114	2.8501	-2.2115	1.7822	1.5364	-2.5083	0.24572	-3.0637	-0.088042	-15.833	130.61	-139.06	-26.228	27.257	20.634	-17.248	35.712	-1.1957	-66.513	49.715	41.199	-18.66	18.574
-5.3612	-7.8457	-19.495	11.801	2.9333	-2.1246	4.9794	-2.601	1.4991	2.1015	-2.2612	0.1809	-2.586	1.0335	33.68	-102.32	-451.93	22.721	21.787	135.47	85.172	-15.578	-11.324	22.607	9.8852	-2.5929	19.106	44.861
-4.1847	-5.9713	-29.598	9.4382	1.5745	-2.3953	5.8557	-3.062	0.73662	2.2465	-1.9017	1.5443	-1.0794	0.50355	47.059	74.974	-404.13	-94.519	-54.35	-10.827	35.05	-18.44	-30.497	5.7997	14.38	54.537	60.263	-21.197
-3.1549	0.16041	-32.222	9.2229	1.1247	-3.5054	7.5478	-1.1159	0.063351	1.1701	-3.1045	1.6664	-0.71567	1.3077	41.195	245.27	-104.96	-8.6125	-17.995	-44.404	67.686	77.845	-26.931	-43.058	-48.113	4.8826	14.551	32.165
-2.9067	1.7188	-32.382	7.6568	-0.31716	-2.7416	6.6805	-3.5684	-0.21342	1.5335	-3.3119	3.0949	-1.1738	1.3846	9.9276	62.337	-6.3808	-62.643	-57.673	30.552	-34.694	-98.101	-11.071	14.538	-8.2929	57.141	-18.325	3.079
-3.1247	2.2535	-33.213	8.041	-2.887	-3.2451	6.2339	-3.1136	0.45334	0.8212	-0.88579	1.9755	-2.9485	1.4202	-8.7227	21.388	-33.242	15.367	-102.79	-20.142	-17.861	18.19	26.67	-28.493	97.043	-44.779	-70.99	1.4242
-3.1366	2.5512	-31.451	8.4211	-1.636	-1.1651	4.6921	-5.9549	1.0963	2.1425	-2.121	2.6862	-1.5757	1.8656	-0.47526	11.907	70.48	15.205	50.039	83.202	-61.673	-113.65	25.718	52.853	-49.407	28.429	54.913	17.813
-3.1881	5.2684	-32.317	8.1392	-1.0378	-0.60576	7.4327	-1.8975	-0.40739	0.87977	-1.2247	3.593	-2.5998	1.8835	-2.0578	108.69	-34.641	-11.276	23.928	22.372	109.63	162.3	-60.147	-50.51	35.852	36.273	-40.962	0.71633
-3.2659	5.5958	-30.982	8.582	-0.96169	-1.5408	6.8676	-1.7859	0.1614	1.4387	-0.63753	3.4192	-1.5601	1.4203	-3.1111	13.096	53.392	17.713	3.0456	-37.403	-22.604	4.4628	22.752	22.355	23.485	-6.9502	41.587	-18.527
-3.2985	4.4663	-34.132	6.4078	-2.6462	-1.5974	4.9682	-2.8342	0.095243	0.71543	-0.92724	2.0752	-1.9462	1.011	-1.3067	-45.18	-126.01	-86.968	-67.381	-2.263	-75.976	-41.93	-2.6463	-28.929	-11.588	-53.762	-15.443	-16.373
-2.9838	9.5158	-30.677	8.3695	0.17038	-0.25634	5.9679	-1.7706	1.3841	0.86338	-0.70217	3.2346	-2.0804	0.97115	12.589	201.98	138.22	78.465	112.66	53.643	39.987	42.544	51.553	5.918	9.0026	46.377	-5.3689	-1.5933
-2.9644	8.9278	-31.437	7.1745	-0.63046	-1.7033	7.9149	-2.9424	1.5301	1.5536	0.33294	3.2519	-2.1653	0.70394	0.77626	-23.524	-30.39	-47.798	-32.034	-57.877	77.879	-46.875	5.8401	27.607	41.405	0.69267	-3.3984	-10.688
-3.1352	4.6561	-31.711	5.7474	-0.4763	-1.5669	7.0579	-3.5521	0.54961	2.0151	0.060394	2.6754	-2.9941	0.35177	-6.8338	-170.87	-10.975	-57.083	6.1663	5.4564	-34.28	-24.386	-39.219	18.462	-10.902	-23.064	-33.15	-14.087
-3.8755	-3.505	-31.529	4.3538	-0.40645	-4.7849	6.7806	-1.5161	-0.71889	2.6135	-1.3466	2.6671	-1.5634	0.61976	-29.61	-326.44	7.2769	-55.745	2.794	-128.72	-11.09	81.438	-50.74	23.934	-56.279	-0.33195	57.228	10.72
-4.9792	-17.125	-23.132	6.3635	4.1343	-0.84878	6.4136	-1.1177	-0.75151	2.6538	-0.00057643	1.7659	-2.115	0.8446	-44.15	-544.79	335.9	80.389	181.63	157.44	-14.681	15.938	-1.3049	1.6129	53.84	-36.045	-22.066	8.9936
-8.9117	-59.629	-22.659	2.2348	1.5235	-2.1085	5.2374	-0.002808	-1.2526	0.5557	-1.912	0.74647	0.034815	0.19125	-157.3	-1700.2	18.905	-165.15	-104.43	-50.389	-47.049	44.595	-20.045	-83.923	-76.459	-40.778	85.993	-26.134
-10.863	-71.566	-13.323	3.5402	-2.4407	2.7809	4.136	2.05	1.4469	-1.5088	0.11596	2.2415	-0.56888	0.21491	-78.045	-477.46	373.45	52.216	-158.56	195.58	-44.055	82.111	107.98	-82.581	81.12	59.802	-24.148	0.9462
-7.5888	-30.604	-19.98	-14.197	0.15682	2.297	3.6216	5.0238	-2.53	-0.58487	2.1025	2.2079	1.2234	1.1179	130.96	1638.5	-266.31	-709.48	103.9	-19.359	-20.577	118.96	-159.08	36.958	79.463	-1.3435	71.693	36.118
-7.588	-38.534	-20.601	-15.688	0.14834	2.7488	4.9442	6.0709	-3.3351	-1.1515	1.7635	1.5086	0.41322	0.15608	0.032649	-317.2	-24.807	-59.637	-0.33893	18.073	52.903	41.883	-32.203	-22.666	-13.562	-27.973	-32.408	-38.471
-6.4343	-18.456	-5.8977	-7.1408	1.0311	-4.2299	-1.139	3.9849	-0.59309	-2.281	0.483	1.7634	-1.7983	0.3632	46.149	803.16	588.12	341.88	35.31	-279.15	-243.33	-83.442	109.68	-45.177	-51.219	10.189	-88.463	8.285
-4.7436	7.2956	-14.532	-2.3005	-0.56366	-5.1856	1.1712	1.9441	-0.51237	-2.0114	0.54819	1.6486	-1.5472	0.61193	67.628	1030	-345.35	193.61	-63.79	-38.225	92.41	-81.631	3.2288	10.784	2.6075	-4.5897	10.048	9.9491
-4.6252	16.749	-18.085	-0.023147	1.4049	-5.9246	0.26677	-2.4863	-2.1339	1.7312	0.65312	0.051592	-0.35476	1.2833	4.7334	378.12	-142.13	91.092	78.743	-29.561	-36.179	-177.22	-64.861	149.7	4.1973	-63.881	47.696	26.856
-4.7238	3.3346	-14.097	1.365	-1.3338	-4.5121	2.1627	-3.8386	-2.3138	1.7634	1.7558	-0.60362	-0.22254	0.051814	-3.9421	-536.56	159.53	55.528	-109.55	56.502	75.837	-54.09	-7.1963	1.2909	44.108	-26.208	5.2888	-49.261
-6.7161	-10.447	-8.1187	-0.4944	-1.0357	-3.0222	3.2386	0.22235	-0.56113	-0.89142	0.035523	1.2092	-2.0043	-1.8756	-79.691	-551.27	239.12	-74.378	11.921	59.595	43.037	162.44	70.106	-106.19	-68.812	72.513	-71.269	-77.096
-7.0201	-12.156	-9.1538	-1.1906	-2.2043	-2.8069	1.3105	-0.15422	2.3602	0.43983	0.83103	2.9027	-1.8485	-1.8279	-12.164	-68.364	-41.401	-27.85	-46.744	8.6124	-77.125	-15.062	116.85	53.25	31.82	67.741	6.2291	1.9085
-7.0352	-13.716	-8.4932	2.2415	-3.6178	-1.9523	-0.17931	-1.0655	-0.39047	-2.5506	0.82056	2.4702	-1.0352	-2.283	-0.60013	-62.371	26.424	137.28	-56.537	34.184	-59.591	-36.45	-110.03	-119.62	-0.41858	-17.3	32.533	-18.207
-6.8639	-16.25	-4.5784	3.1627	-4.4646	-0.6093	-2.0048	2.9338	3.2042	-0.60375	0.91199	2.433	-0.95489	-2.1287	6.8513	-101.39	156.59	36.848	-33.874	53.719	-73.019	159.97	143.79	77.873	3.6573	-1.4874	3.2127	6.1716
-3.4387	5.6906	8.4891	1.734	-4.5321	-1.9987	-3.3988	2.9377	2.2619	-0.35674	-0.1312	0.067469	1.3357	-0.6162	137.01	877.64	522.7	-57.145	-2.702	-55.576	-55.759	0.15659	-37.691	9.8803	-41.728	-94.623	91.625	60.502
-2.3185	18.026	7.6318	-0.89394	-3.306	-3.5183	-3.8168	2.7512	2.2358	-1.0765	0.15463	-0.16598	2.2887	-0.26697	44.805	493.41	-34.292	-105.12	49.047	-60.784	-16.721	-7.4633	-1.0464	-28.792	11.433	-9.3378	38.119	13.969
-1.8958	19.919	8.2655	-1.9258	-2.9473	-4.5061	-3.8305	2.2956	2.8018	-1.7101	0.59888	-0.90246	3.3721	-0.39367	16.91	75.725	25.351	-41.274	14.347	-39.512	-0.54653	-18.223	22.639	-25.342	17.77	-29.459	43.335	-5.0678
-1.7856	20.472	7.9733	-1.8368	-2.9347	-5.17	-4.2532	1.8867	3.1542	-1.5285	0.098996	-0.20707	2.6258	0.0035496	4.408	22.098	-11.688	3.5601	0.50361	-26.557	-16.909	-16.358	14.099	7.2623	-19.995	27.815	-29.85	15.889
-1.6867	20.667	7.9116	-1.8565	-3.6784	-5.6415	-4.3472	1.9461	3.8265	-1.879	0.3044	-0.38457	2.435	0.1853	3.9564	7.8209	-2.4679	-0.7887	-29.746	-18.859	-3.7591	2.3766	26.891	-14.019	8.2161	-7.0999	-7.6346	7.2701
-1.582	22.109	8.2332	-2.1526	-3.2012	-5.9711	-3.965	1.7621	4.0826	-1.807	0.89444	-0.70782	2.6935	-0.20904	4.1892	57.665	12.862	-11.843	19.086	-13.186	15.285	-7.3589	10.245	2.8791	23.602	-12.93	10.342	-15.774
-1.4896	21.335	8.4557	-2.1882	-3.6545	-5.8581	-4.1909	1.9105	3.7625	-1.5922	0.78712	-0.87105	2.5599	-0.43532	3.6942	-30.935	8.9017	-1.4246	-18.133	4.5224	-9.0365	5.9355	-12.804	8.5934	-4.293	-6.5291	-5.3456	-9.0513
-1.8289	20.928	7.5748	-1.4734	-3.7026	-5.8963	-3.7127	1.2718	4.7281	-1.8416	1.0906	-0.60391	2.1832	-0.35884	-13.573	-16.285	-35.239	28.592	-1.9206	-1.5283	19.128	-25.548	38.622	-9.9766	12.14	10.686	-15.07	3.0593
-1.9835	17.293	8.36	-1.8329	-4.0216	-4.8744	-3.9578	2.1629	4.3186	-1.8308	0.87884	-0.84184	3.0635	-0.86758	-6.1819	-145.42	31.408	-14.379	-12.761	40.874	-9.8024	35.644	-16.379	0.43119	-8.4715	-9.5174	35.215	-20.35
-2.0365	17.962	6.8952	-0.69326	-4.9096	-4.4542	-3.2182	1.1255	5.602	-2.007	0.84194	-0.66589	2.7352	-0.78264	-2.1208	26.79	-58.591	45.584	-35.522	16.809	29.582	-41.495	51.336	-7.0488	-1.4761	7.038	-13.132	3.3978
-1.9881	14.903	8.4634	-1.849	-4.4544	-4.5373	-3.2954	1.7167	4.9858	-1.845	0.22452	-0.46868	3.5123	-1.0054	1.9339	-122.39	62.73	-46.23	18.211	-3.3249	-3.0886	23.646	-24.649	6.4829	-24.696	7.8887	31.082	-8.9109
-2.0948	16.292	7.9732	-1.9213	-5.2074	-5.0096	-3.0192	1.3063	5.5043	-1.7936	0.16299	-0.28734	2.9864	-0.59389	-4.2654	55.575	-19.608	-2.8899	-30.121	-18.892	11.048	-16.413	20.739	2.0533	-2.4613	7.2534	-21.036	16.461
-2.1285	16.309	8.3101	-2.3659	-4.4855	-5.2961	-2.826	1.0536	4.8048	-1.7714	0.30136	-0.010299	3.0036	-0.56404	-1.35	0.66902	13.474	-17.785	28.875	-11.459	7.7277	-10.108	-27.978	0.88896	5.5349	11.082	0.68877	1.1939
-2.1619	16.177	9.8062	-3.1315	-4.9447	-4.4136	-2.8504	1.2506	4.6411	-2.0471	0.39976	-0.31679	3.406	-0.043612	-1.3352	-5.2834	59.843	-30.626	-18.367	35.302	-0.97512	7.8798	-6.5479	-11.026	3.936	-12.26	16.098	20.817
-2.3173	9.7466	12.198	-3.3566	-6.3685	-2.7947	-3.0636	0.45953	4.4687	-2.5746	0.50113	0.31178	1.9041	1.1115	-6.2144	-257.2	95.684	-9.0037	-56.952	64.753	-8.5277	-31.644	-6.8974	-21.1	4.0546	25.143	-60.079	46.206
-2.5728	1.8229	11.571	-1.6522	-6.7626	-4.1787	-1.2639	-0.11132	2.724	-0.68903	-0.88599	0.7925	1.885	0.51978	-10.223	-316.95	-25.085	68.176	-15.763	-55.357	71.99	-22.834	-69.787	75.422	-55.485	19.229	-0.76412	-23.67
-3.3132	1.4306	10.515	-0.89901	-7.8018	-5.3333	-1.4958	-0.30015	1.6669	-0.60025	-1.5358	0.89775	2.4551	0.89261	-29.613	-15.691	-42.226	30.127	-41.568	-46.187	-9.2787	-7.5532	-42.283	3.5512	-25.994	4.21	22.807	14.913
-4.4834	-15.692	5.2676	1.9705	-6.1651	-2.2376	-2.3913	-0.78044	2.7781	-1.4399	-2.192	1.008	1.524	0.80394	-46.811	-684.91	-209.92	114.78	65.465	123.83	-35.816	-19.211	44.447	-33.586	-26.248	4.4084	-37.247	-3.5465
-4.9541	-7.885	10.995	-1.1769	-5.6376	1.3314	-0.69802	-0.43898	1.3336	0.25967	-1.988	1.1944	1.116	1.6241	-18.826	312.28	229.08	-125.89	21.102	142.76	67.73	13.658	-57.78	67.983	8.1634	7.4576	-16.32	32.807
-5.2844	-21.042	9.9475	-1.2981	-7.2395	0.64951	-0.65619	-0.8819	0.54623	-0.89165	-2.9393	1.3691	1.9328	1.8913	-13.215	-526.29	-41.886	-4.8485	-64.078	-27.275	1.6733	-17.717	-31.495	-46.053	-38.052	6.989	32.673	10.687
-7.3521	-55.839	-0.085436	2.2222	-8.0619	1.4151	2.5757	0.5376	-0.49139	-1.7791	-0.60537	2.6578	1.3819	1.7111	-82.707	-1391.9	-401.32	140.81	-32.894	30.625	129.27	56.78	-41.505	-35.497	93.356	51.548	-22.037	-7.2085
-12.02	-78.83	-14.869	2.3921	-2.1568	3.1848	3.3658	1.7709	1.1691	-1.35	-0.32067	1.9179	0.34473	0.42173	-186.73	-919.65	-591.34	6.7932	236.2	70.786	31.606	49.331	66.418	17.164	11.388	-29.596	-41.485	-51.574
-13.181	-81.33	-17.56	3.3162	-1.2143	4.1622	3.8951	1.7046	1.3966	0.18049	-0.91619	2.0349	-0.27428	-0.82445	-46.437	-100.02	-107.65	36.963	37.701	39.098	21.172	-2.6505	9.1008	61.218	-23.821	4.6776	-24.76	-49.847
-12.942	-83.955	-17.872	4.1835	0.16369	5.2885	3.9838	0.54743	0.34529	-0.69217	0.16461	2.2956	-0.904	1.0556	9.5484	-104.97	-12.454	34.694	55.119	45.051	3.5461	-46.287	-42.051	-34.906	43.232	10.431	-25.189	75.202
-12.593	-85.062	-18.577	6.4349	0.10909	4.6959	3.4565	1.9943	1.5541	-0.77036	-0.48294	1.5031	-2.2734	-0.26557	13.996	-44.291	-28.216	90.055	-2.184	-23.703	-21.09	57.875	48.354	-3.1276	-25.902	-31.699	-54.774	-52.847
-12.569	-82.575	-16.619	4.6462	-0.93308	3.811	1.0392	-1.0272	2.0935	-0.28734	-0.76745	1.709	-1.9737	0.57219	0.94211	99.469	78.326	-71.546	-41.687	-35.396	-96.693	-120.86	21.575	19.321	-11.38	8.2351	11.985	33.51
-12.623	-84.042	-18.298	4.097	-0.90502	3.7533	2.2382	-0.57017	1.7234	0.28009	-0.56128	1.6891	-0.47083	1.3647	-2.142	-58.657	-67.155	-21.969	1.1225	-2.3093	47.961	18.283	-14.802	22.697	8.2468	-0.79757	60.116	31.702
-12.796	-83.675	-17.578	5.0107	-1.8415	3.2971	0.16737	-1.0035	2.8444	0.079704	0.13525	1.8296	-1.2682	0.99178	-6.9548	14.678	28.776	36.549	-37.459	-18.247	-82.833	-17.335	44.84	-8.0153	27.861	5.6197	-31.894	-14.919
-9.5137	-66.121	-6.8785	8.4607	-2.6568	2.0432	0.84283	0.31773	1.117	0.78903	-0.13339	0.96354	-0.39134	1.7739	131.31	702.16	428	138	-32.614	-50.154	27.019	52.851	-69.097	28.373	-10.746	-34.642	35.074	31.285
-4.8256	15.826	-6.848	-4.3257	-5.2139	-2.0436	2.2094	-0.19475	-2.2131	1.6131	-1.3791	1.1295	-1.3534	-1.2106	187.52	3277.8	1.2225	-511.46	-102.28	-163.48	54.662	-20.499	-133.21	32.963	-49.83	6.6368	-38.481	-119.38
-4.7866	10.347	-6.5139	-3.6068	-4.5352	-1.6579	2.1647	-0.56853	-3.0221	1.0771	-1.1755	0.99334	-1.4466	-1.8561	1.5608	-219.16	13.363	28.757	27.148	15.428	-1.7879	-14.951	-32.362	-21.44	8.1447	-5.445	-3.7282	-25.821
-6.8603	-19.195	-10.573	-0.68211	-2.7105	1.0828	2.0959	-1.1376	-2.8381	1.1362	0.13663	3.7881	-1.043	-2.1227	-82.948	-1181.7	-162.35	116.99	72.986	109.63	-2.751	-22.763	7.3613	2.3636	52.486	111.79	16.143	-10.662
-7.9253	-19.453	-8.76	-0.67679	0.94517	3.3796	3.5791	-0.31147	-1.6572	1.4424	0.53974	1.9546	-3.0519	-1.4813	-42.601	-10.301	72.5	0.21277	146.23	91.871	59.326	33.045	47.237	12.248	16.124	-73.339	-80.355	25.657
-7.6926	-18.161	-6.8888	-1.6017	0.029953	2.5486	1.93	-1.7435	-0.81249	2.177	-0.15199	0.95614	-1.643	-1.129	9.3088	51.68	74.849	-36.997	-36.609	-33.24	-65.963	-57.282	33.788	29.383	-27.669	-39.938	56.356	14.092
-7.7428	-18.432	-3.9783	-1.6562	-0.20029	3.0811	2.8407	-0.76037	-1.7747	1.7274	-0.13005	0.95521	-1.8932	-0.36611	-2.0064	-10.848	116.42	-2.1808	-9.2096	21.302	36.429	39.326	-38.49	-17.982	0.87754	-0.037463	-10.009	30.514
-8.0159	-25.692	-7.0736	-2.9522	2.1841	4.0968	4.1016	0.36462	-2.1113	0.87972	0.18646	0.3944	-2.3561	-0.96921	-10.927	-290.39	-123.81	-51.837	95.377	40.625	50.437	45	-13.46	-33.908	12.66	-22.432	-18.516	-24.124
-8.484	-29.4	-6.8984	-3.7772	1.2524	1.2109	1.612	0.12469	-1.3196	1.8629	-0.31588	0.60535	-2.1408	-0.29249	-18.721	-148.34	7.0103	-33.004	-37.268	-115.43	-99.584	-9.5972	31.666	39.327	-20.094	8.4379	8.6118	27.069
-8.6608	-30.37	-3.7495	-3.0552	1.3314	1.0015	3.0485	-0.062092	-1.6108	0.42654	-0.80086	0.85353	-1.9331	0.49121	-7.0746	-38.789	125.96	28.883	3.159	-8.377	57.458	-7.4713	-11.648	-57.454	-19.399	9.927	8.3101	31.348
-9.0395	-34.745	-5.2575	-3.2166	0.58761	0.1655	2.8059	-1.1998	-1.6352	0.081492	-0.45001	2.058	-1.7845	-0.59584	-15.146	-175	-60.321	-6.4582	-29.752	-33.441	-9.7027	-45.51	-0.97495	-13.802	14.034	48.18	5.9409	-43.482
-9.6382	-41.377	-6.2711	-3.7297	0.43346	1.4395	3.0923	-1.4853	-0.6054	1.1482	-1.0117	2.1181	-0.60192	-0.27327	-23.949	-265.26	-40.545	-20.524	-6.166	50.961	11.457	-11.42	41.19	42.669	-22.467	2.4014	47.304	12.903
