-2.3926	14.422	5.7009	0.54429	3.5861	4.6733	-0.98744	-3.8061	0.16215	-1.7091	2.4932	-1.1353	-0.65377	1.2594	0	0	0	0	0	0	0	0	0	0	0	0	0	0
-1.3062	32.744	9.9893	-1.6082	5.0303	3.2124	-4.0461	-2.2937	-1.4204	-2.9719	2.8241	-2.7764	0.70831	0.078045	43.457	732.9	171.53	-86.101	57.771	-58.434	-122.34	60.496	-63.301	-50.511	13.234	-65.645	54.483	-47.256
-0.60231	40.677	10.644	-3.7585	3.0244	4.2078	-4.4504	-2.5032	-2.3522	-1.8265	3.517	-3.305	0.57746	0.051299	28.155	317.32	26.177	-86.011	-80.237	39.818	-16.172	-8.3819	-37.272	45.815	27.716	-21.143	-5.234	-1.0699
-0.30555	48.433	9.9201	-8.6813	5.9987	3.2178	-4.7735	-1.9672	-1.9825	-1.472	3.1544	-2.7038	0.4677	-0.17659	11.871	310.24	-28.943	-196.91	118.97	-39.602	-12.925	21.441	14.789	14.18	-14.502	24.047	-4.3902	-9.1154
-0.17633	52.018	8.5829	-7.6748	5.3928	2.5978	-4.4209	-1.9054	-2.3425	-1.3033	2.9202	-2.49	0.49616	-0.14336	5.1688	143.41	-53.488	40.26	-24.238	-24.798	14.103	2.4733	-14.401	6.7463	-9.3685	8.5546	1.1383	1.3291
-0.16955	52.212	8.9121	-7.8746	4.862	2.7083	-4.0508	-1.1098	-3.0382	-1.3283	3.2025	-2.5727	0.67405	-0.095646	0.2711	7.7651	13.168	-7.9949	-21.232	4.4171	14.805	31.823	-27.828	-0.99935	11.293	-3.3092	7.1154	1.9086
-0.35293	51.707	8.6742	-7.2951	4.9163	2.2462	-3.6233	0.58891	-3.9166	-1.7717	3.5982	-3.0196	0.84296	0.085148	-7.3351	-20.203	-9.5185	23.183	2.1751	-18.483	17.099	67.948	-35.138	-17.737	15.826	-17.875	6.7565	7.2318
-1.1078	43.65	9.176	-6.5813	5.5268	1.4229	-2.4748	3.1634	-4.5789	-1.9511	2.7163	-2.6926	1.4302	-0.24286	-30.194	-322.27	20.075	28.55	24.42	-32.931	45.938	102.98	-26.493	-7.1771	-35.276	13.078	23.49	-13.12
-2.458	15.737	7.2954	-5.0009	5.797	0.081094	-1.2175	3.8387	-3.3591	-2.0669	1.6267	-2.0057	0.81011	-0.013336	-54.01	-1116.5	-75.223	63.218	10.808	-53.673	50.296	27.011	48.793	-4.6287	-43.584	27.478	-24.804	9.1808
-5.3553	-22.772	6.7988	0.77094	5.9585	2.6279	1.6136	7.2466	0.93851	-2.3706	2.5496	-1.0929	0.053656	0.79555	-115.89	-1540.3	-19.865	230.87	6.4576	101.87	113.24	136.32	171.91	-12.148	36.919	36.509	-30.258	32.355
-6.097	-34.403	7.9187	3.0306	3.4388	4.6329	3.2614	5.5981	2.1974	-3.7878	0.69165	2.6086	-0.76518	-0.01169	-29.666	-465.27	44.796	90.386	-100.79	80.2	65.911	-65.938	50.354	-56.691	-74.319	148.06	-32.753	-32.289
-6.6567	-40.682	7.8179	4.6306	0.88589	6.1936	4.466	3.9218	3.3371	-2.9303	-0.79096	3.1139	-0.4955	-0.3614	-22.39	-251.14	-4.0318	63.999	-102.12	62.427	48.183	-67.052	45.589	34.302	-59.305	20.215	10.787	-13.989
-6.9301	-45.655	7.7706	6.5925	-0.93497	6.423	4.891	3.1206	3.4891	-2.0354	-0.83445	3.1824	-0.71715	-0.19966	-10.936	-198.92	-1.8937	78.478	-72.834	9.1791	17.001	-32.048	6.079	35.797	-1.7395	2.7394	-8.866	6.4696
-7.2337	-44.152	7.5228	6.1539	-1.2553	4.6311	3.4956	4.0905	3.1598	-2.6009	0.41227	3.0216	-1.2482	0.93751	-12.142	60.13	-9.9106	-17.544	-12.813	-71.676	-55.816	38.795	-13.171	-22.62	49.869	-6.4319	-21.241	45.487
-5.613	-3.0125	-3.6352	0.27373	3.8411	3.2506	-0.83989	2.0439	2.1039	-0.47268	0.62661	-0.52196	-0.83994	3.3815	64.826	1645.6	-446.32	-235.21	203.86	-55.223	-173.42	-81.863	-42.234	85.129	8.5735	-141.74	16.329	97.761
-4.8386	19.151	-4.5807	1.5601	4.1881	-0.42209	0.19076	2.3347	1.901	-1.609	-0.24519	-0.094613	-0.51315	0.5394	30.975	886.54	-37.821	51.453	13.879	-146.91	41.226	11.632	-8.1197	-45.454	-34.872	17.094	13.072	-113.69
-4.2986	18.048	-3.7993	7.6176	0.19826	-0.974	2.3031	1.9143	2.6798	-3.3872	-1.2421	0.87476	-1.2266	-0.4007	21.602	-44.132	31.259	242.3	-159.59	-22.076	84.492	-16.815	31.154	-71.125	-39.875	38.775	-28.539	-37.604
-3.7806	24.179	-2.1729	5.1957	-1.4291	1.1475	2.8749	0.97361	1.9015	-4.2548	-1.0187	1.1527	-0.5667	0.10192	20.719	245.27	65.054	-96.876	-65.094	84.86	22.875	-37.629	-31.134	-34.706	8.9352	11.116	26.397	20.105
-2.7308	25.424	4.0696	3.6381	-1.0499	0.28493	1.2493	0.78252	-1.1072	-3.5176	-0.6044	-0.29854	0.79682	-0.96954	41.991	49.798	249.7	-62.306	15.167	-34.503	-65.027	-7.6438	-120.35	29.488	16.572	-58.048	54.541	-42.859
-2.2063	28.816	7.6127	0.97447	2.7479	1.143	-0.58137	0.16342	-2.2315	-2.3972	-0.26097	-1.592	2.2701	-1.9494	20.982	135.65	141.72	-106.54	151.91	34.325	-73.225	-24.764	-44.973	44.817	13.737	-51.74	58.932	-39.193
-2.2876	27.837	9.1241	-2.3987	4.5676	3.7816	-2.4735	0.95581	-4.2532	-0.18947	-0.40603	-2.5131	2.9739	-2.3216	-3.254	-39.155	60.458	-134.93	72.79	105.54	-75.686	31.696	-80.867	88.309	-5.8027	-36.843	28.15	-14.891
-2.9859	15.168	7.9321	-2.7715	5.5743	4.6038	-1.8939	0.44378	-4.7623	1.1944	-1.4536	-2.085	3.0289	-0.89086	-27.93	-506.76	-47.682	-14.911	40.265	32.89	23.184	-20.481	-20.366	55.356	-41.903	17.127	2.1997	57.231
-4.8255	-15.784	5.1906	-2.2619	5.9841	4.7567	0.59782	-0.72881	-2.479	1.8435	-1.0138	-2.0815	1.8417	-0.43721	-73.584	-1238.1	-109.66	20.382	16.396	6.117	99.669	-46.904	91.331	25.961	17.592	0.13893	-47.488	18.146
-8.4641	-54.108	1.1351	9.0967	3.6471	8.7267	2.4666	-2.768	-1.465	-1.4724	-0.48369	-1.8762	-0.96606	0.47869	-145.54	-1532.9	-162.22	454.34	-93.48	158.8	74.751	-81.566	40.559	-132.63	21.205	8.2109	-112.31	36.636
-9.8442	-67.822	-5.3421	10.629	3.6327	6.9886	2.0714	-0.15652	-0.24921	-1.9016	-1.0184	-1.4963	-2.0312	-0.38536	-55.204	-548.57	-259.09	61.309	-0.5776	-69.527	-15.809	104.46	48.634	-17.169	-21.389	15.198	-42.605	-34.562
-11.863	-74.207	-13.609	7.254	1.3556	4.3701	0.95637	1.7429	4.3	1.1041	0.95472	-0.26305	-1.6615	1.0251	-80.748	-255.4	-330.66	-135.01	-91.084	-104.74	-44.6	75.979	181.97	120.23	78.926	49.329	14.788	56.419
-12.258	-77.413	-18.885	3.0353	-3.0061	3.9711	0.90422	0.17942	4.0191	0.82581	0.95127	0.77757	-1.5641	1.2204	-15.79	-128.23	-211.08	-168.75	-174.47	-15.959	-2.086	-62.541	-11.233	-11.13	-0.13813	41.625	3.8953	7.8116
-4.9708	-38.509	-12.18	-8.8409	-10.654	-1.3249	4.4583	3.8502	3.5596	1.3977	-0.724	2.0848	-1.1889	0.371	291.47	1556.1	268.23	-475.05	-305.9	-211.84	142.16	146.83	-18.383	22.874	-67.011	52.288	15.006	-33.976
-4.4941	14.721	-6.1191	-6.2671	-9.1057	-2.3644	5.4141	2.7817	0.91517	0.89251	-2.447	3.9841	0.55598	-1.1345	19.067	2129.2	242.42	102.95	61.915	-41.581	38.233	-42.742	-105.78	-20.206	-68.92	75.974	69.796	-60.219
-4.4315	0.72044	-7.903	-3.2212	-8.622	-2.3374	4.5036	2.0345	-1.5493	-0.74528	-2.6066	4.5553	1.0454	-0.7021	2.5062	-560.01	-71.357	121.84	19.346	1.0809	-36.421	-29.889	-98.581	-65.512	-6.3853	22.846	19.577	17.295
-5.8469	7.6335	-7.189	5.1403	-6.054	-3.7023	1.8458	1.578	-1.1386	-0.84685	-1.3451	3.9187	0.9831	-1.3923	-56.615	276.52	28.559	334.46	102.72	-54.596	-106.31	-18.258	16.429	-4.0628	50.462	-25.464	-2.4928	-27.608
-5.3555	8.7545	-6.5954	2.8085	-7.8397	-2.1159	2.4099	-0.12893	-0.56358	-0.042995	-2.2146	3.1424	0.79765	-0.086806	19.655	44.837	23.746	-93.271	-71.425	63.455	22.566	-68.279	23.002	32.154	-34.781	-31.051	-7.418	52.219
-5.7636	-0.26026	-4.8887	-1.5741	-8.264	-3.4562	1.8034	0.31369	-0.60091	-1.6694	-3.2743	2.6709	0.55783	1.6649	-16.324	-360.59	68.268	-175.31	-16.973	-53.612	-24.261	17.705	-1.4934	-65.055	-42.388	-18.862	-9.5926	70.069
-2.888	10.435	7.946	5.2427	-3.6525	-5.1162	0.73474	1.6953	0.3456	-0.065247	-2.5592	0.75768	-0.73039	0.95126	115.02	427.82	513.39	272.67	184.46	-66.399	-42.746	55.263	37.86	64.165	28.604	-76.527	-51.529	-28.547
-1.701	26.259	12.871	-1.084	1.5818	-7.2486	-2.8363	3.072	0.046034	0.1751	-2.6197	-1.1462	1.4386	0.82878	47.478	632.93	196.98	-253.07	209.37	-85.296	-142.84	55.07	-11.982	9.6139	-2.4193	-76.155	86.759	-4.8991
-1.2145	30.287	13.2	-2.4518	2.9773	-8.9516	-3.8054	2.3252	0.60336	-0.17897	-1.7011	-2.8472	2.8595	0.13119	19.46	161.14	13.171	-54.713	55.819	-68.12	-38.764	-29.872	22.293	-14.163	36.743	-68.041	56.837	-27.904
-1.1536	27.667	12.653	-1.436	3.4868	-9.8223	-4.9863	2.5937	0.7484	0.36255	-1.0756	-3.5655	2.7768	-0.50148	2.4373	-104.79	-21.891	40.631	20.382	-34.828	-47.235	10.739	5.8017	21.661	25.021	-28.73	-3.3085	-25.307
-1.3504	23.825	12.736	-0.20246	3.9998	-11.007	-4.8836	2.7378	0.57694	0.29234	-0.86279	-3.6703	3.0464	-1.1993	-7.8705	-153.71	3.3227	49.341	20.519	-47.392	4.1057	5.7651	-6.8586	-2.8086	8.5133	-4.1928	10.786	-27.914
-1.466	22.621	12.315	1.1199	2.8614	-10.34	-5.5737	3.244	0.3725	0.84056	-0.94764	-3.704	2.9182	-1.8368	-4.6262	-48.131	-16.82	52.895	-45.534	26.675	-27.604	20.245	-8.1774	21.929	-3.3939	-1.349	-5.1289	-25.499
-1.5635	19.988	12.218	1.1049	4.5802	-11.243	-5.6643	3.0883	0.37616	1.4507	-1.2212	-3.8063	2.909	-2.2308	-3.8981	-105.33	-3.8792	-0.60151	68.749	-36.107	-3.6252	-6.2271	0.14618	24.407	-10.942	-4.0919	-0.37041	-15.761
-1.7686	20.973	9.4241	3.1213	3.6373	-10.27	-4.7859	2.1943	0.57376	1.4712	-0.95139	-4.174	3.3392	-2.8516	-8.2038	39.382	-111.76	80.658	-37.715	38.905	35.139	-35.758	7.904	0.81754	10.792	-14.71	17.211	-24.831
-2.2681	15.554	10.753	4.2995	2.1333	-10.415	-3.2646	2.2063	0.49189	1.5634	-0.6991	-4.1846	2.8544	-2.1932	-19.983	-216.74	53.154	47.128	-60.158	-5.7861	60.851	0.47723	-3.2746	3.6866	10.091	-0.42275	-19.394	26.338
-3.0859	8.0056	2.7419	9.2697	-2.7448	-6.3301	1.0241	-1.5822	3.2007	2.8073	-1.4491	-2.0334	-0.52355	-0.65387	-32.709	-301.94	-320.44	198.81	-195.13	163.39	171.55	-151.54	108.35	49.76	-29.998	86.05	-135.12	61.572
-4.3683	9.2096	-16.697	5.9221	-2.5341	-2.061	3.5912	-2.0326	3.032	-0.061429	-0.90019	1.23	-2.6616	1.1532	-51.298	48.159	-777.55	-133.91	8.4285	170.76	102.68	-18.018	-6.7476	-114.75	21.955	130.54	-85.521	72.281
-3.6919	16.705	-25.444	7.1875	-4.0752	-2.1754	4.1809	-4.4397	3.5312	0.28943	-0.80876	1.3444	-2.1399	1.0199	27.055	299.81	-349.89	50.619	-61.644	-4.5768	23.588	-96.285	19.967	14.034	3.6573	4.5733	20.866	-5.3318
-2.6997	18.516	-30.059	6.9269	-3.8747	-1.203	3.6368	-4.1138	3.8073	0.98647	0.57367	1.183	-2.4817	-0.30523	39.689	72.436	-184.6	-10.423	8.0234	38.894	-21.764	13.037	11.043	27.882	55.297	-6.4536	-13.671	-53.004
-2.2514	23.029	-29.78	9.5229	-3.9294	-2.8537	5.2891	-2.6248	2.9079	-1.4434	-0.032335	1.8326	-0.32844	1.6871	17.931	180.53	11.148	103.84	-2.191	-66.027	66.093	59.562	-35.977	-97.194	-24.24	25.984	86.13	79.694
-2.1562	22.829	-30.472	9.3617	-3.4153	-3.112	4.2787	-2.0862	2.9683	0.041408	-0.14258	0.62444	-1.3344	1.6197	3.8104	-7.9901	-27.649	-6.4464	20.566	-10.331	-40.416	21.541	2.4169	59.391	-4.4097	-48.327	-40.239	-2.6972
-2.2917	23.896	-29.9	9.5344	-3.7942	-2.949	4.3092	-1.3789	2.425	-0.38656	0.15763	1.8653	-1.8962	1.2978	-5.4223	42.675	22.88	6.9074	-15.157	6.5179	1.222	28.294	-21.732	-17.119	12.008	49.634	-22.474	-12.876
-2.2927	25.768	-29.646	6.9075	-3.3124	0.087517	5.4721	-3.5068	1.9784	-0.30897	-1.5817	2.6974	-1.6842	1.6957	-0.037705	74.862	10.13	-105.08	19.271	121.46	46.516	-85.117	-17.866	3.1035	-69.574	33.286	8.483	15.915
-2.7384	22.605	-27.404	5.707	-3.9597	0.72753	7.0101	-3.633	1.3788	-1.094	-1.8823	3.3517	-1.1873	1.1661	-17.831	-126.52	89.69	-48.02	-25.892	25.601	61.521	-5.0479	-23.982	-31.402	-12.025	26.17	19.876	-21.183
-4.4619	11.941	-20.785	1.7583	-4.4105	-2.6239	6.9043	-0.34744	2.2903	0.079403	-3.648	2.1976	0.79248	1.1116	-68.939	-426.56	264.78	-157.95	-18.031	-134.06	-4.2347	131.42	36.46	46.936	-70.625	-46.161	79.19	-2.1794
-6.7408	-22.046	-11.998	3.3622	-6.4353	-3.2334	6.2529	1.1644	1.1662	-2.5185	-4.2194	0.78624	-0.008477	1.0018	-91.154	-1359.5	351.45	64.155	-80.993	-24.379	-26.055	60.475	-44.966	-103.92	-22.858	-56.456	-32.038	-4.3917
-9.6097	-60.623	-16.619	3.3333	-7.5475	-0.13693	4.9671	3.1454	2.4525	-1.0636	-0.90523	1.2796	0.49508	1.6777	-114.76	-1543.1	-184.83	-1.1573	-44.488	123.86	-51.431	79.237	51.455	58.194	132.57	19.736	20.142	27.036
-12.813	-75.512	-17.517	2.6746	-0.963	3.7945	2.1791	0.87947	2.2188	-0.98597	-0.41096	0.9626	-1.5057	0.17266	-128.15	-595.58	-35.888	-26.349	263.38	157.26	-111.52	-90.636	-9.3476	3.1063	19.771	-12.682	-80.033	-60.202
-12.285	-71.969	-22.693	3.5323	-0.40876	-0.42782	0.88936	1.4657	-0.51923	1.1718	-0.67982	2.9949	-0.94731	0.068053	21.134	141.73	-207.05	34.311	22.17	-168.89	-51.589	23.447	-109.52	86.311	-10.754	81.291	22.337	-4.1845
-5.6708	-16.971	-8.8558	-7.4844	-7.3334	-1.8702	2.1619	2.7434	0.99668	1.9505	0.18412	3.5387	1.0876	-1.1144	264.57	2199.9	553.48	-440.67	-276.99	-57.696	50.902	51.11	60.636	31.147	34.558	21.753	81.397	-47.297
-5.484	12.219	-5.5405	-5.2419	-6.5764	-2.2416	2.0922	1.9861	-1.0131	0.36311	-1.8911	2.7197	0.48939	-3.1118	7.4731	1167.6	132.61	89.701	30.28	-14.857	-2.7903	-30.293	-80.39	-63.495	-83.008	-32.759	-23.929	-79.899
-5.3938	-5.3628	-6.2454	2.4748	-5.9287	-3.2052	1.9978	0.83167	-0.56133	-1.2215	-3.1897	2.0426	0.79653	-1.2756	3.6092	-703.26	-28.197	308.67	25.908	-38.542	-3.7727	-46.176	18.07	-63.386	-51.943	-27.085	12.285	73.451
-2.5233	21.764	2.7695	2.2016	-1.4633	-4.5772	-0.74554	1.3821	-1.8025	-2.5538	0.21825	-0.10632	2.1884	0.65239	114.82	1085.1	360.6	-10.926	178.62	-54.879	-109.74	22.019	-49.647	-53.289	136.32	-85.956	55.673	77.119
-1.345	30.774	13.048	-5.9517	0.50441	-5.7557	-1.8215	2.2839	-3.0982	0.11295	-0.54124	0.2097	2.701	1.37	47.134	360.42	411.14	-326.13	78.707	-47.14	-43.038	36.07	-51.829	106.67	-30.379	12.641	20.506	28.704
-0.82945	34.544	12.665	-5.5875	-0.98925	-7.631	-1.5241	1.8159	-1.4507	0.70871	-1.1153	0.2854	2.3645	2.0403	20.621	150.79	-15.333	14.569	-59.746	-75.013	11.894	-18.72	65.9	23.83	-22.964	3.0281	-13.459	26.812
-0.66444	35.309	11.097	-4.2522	-2.1384	-7.6152	-2.0792	1.9358	-0.030686	0.48278	-0.91456	0.44929	2.8843	1.7685	6.6002	30.6	-62.708	53.414	-45.964	0.63144	-22.203	4.7973	56.802	-9.0369	8.0308	6.5557	20.791	-10.871
-0.60925	36.714	9.858	-3.4148	-2.8672	-8.0455	-1.874	2.2733	0.8749	0.54236	-1.078	-0.22506	3.5725	0.65187	2.2076	56.186	-49.558	33.494	-29.155	-17.211	8.2094	13.499	36.223	2.3833	-6.5396	-26.974	27.529	-44.665
-0.53015	37.148	10.185	-4.0238	-1.9299	-8.6523	-2.6415	2.2695	2.2917	0.2653	-0.27863	-1.3824	4.3924	-0.69917	3.1642	17.384	13.076	-24.362	37.495	-24.271	-30.702	-0.15113	56.673	-11.083	31.977	-46.295	32.796	-54.042
-0.5249	38.563	8.9898	-2.7669	-2.5202	-8.5967	-3.8133	3.1615	2.3028	1.0065	-0.23399	-1.5463	4.1185	-1.2997	0.21012	56.599	-47.804	50.277	-23.614	2.2206	-46.872	35.679	0.44443	29.648	1.7857	-6.5565	-10.957	-24.021
-0.53692	37.922	9.4754	-3.6948	-1.1778	-9.3846	-3.6668	2.7203	2.6156	1.1065	0.045307	-1.8437	3.8089	-1.5717	-0.48101	-25.636	19.423	-37.116	53.696	-31.512	5.8609	-17.647	12.509	3.9999	11.172	-11.893	-12.383	-10.881
-0.55914	35.047	10.74	-3.3987	-1.5359	-9.3751	-4.182	3.3128	2.7098	0.77551	0.11346	-2.3297	3.6921	-1.2498	-0.88866	-115.03	50.571	11.843	-14.322	0.38004	-20.606	23.7	3.7702	-13.24	2.7259	-19.44	-4.6717	12.877
-0.58214	33.444	11.151	-3.4006	-0.45591	-10.114	-4.0026	2.7932	2.933	0.8223	0.17365	-2.6919	3.578	-1.226	-0.91995	-64.095	16.453	-0.074712	43.198	-29.561	7.1768	-20.786	8.9274	1.8715	2.4078	-14.488	-4.5668	0.95129
-0.62569	34.278	8.9653	-0.56293	-1.7115	-9.2184	-5.1756	3.0041	2.7489	1.0368	-0.18116	-2.2564	2.8292	0.22294	-1.7422	33.326	-87.428	113.51	-50.225	35.827	-46.922	8.4356	-7.3655	8.5809	-14.193	17.418	-29.95	57.958
-0.69392	29.677	12.305	-2.4467	0.25531	-10.523	-4.8077	2.6816	2.1565	1.65	-0.29798	-2.1302	2.5831	0.05672	-2.729	-184.03	133.6	-75.351	78.674	-52.179	14.717	-12.9	-23.694	24.527	-4.6726	5.047	-9.8425	-6.649
-0.81374	26.999	12.809	-1.3087	0.21185	-10.715	-4.5005	1.6087	2.7964	0.81425	1.0774	-3.073	3.0372	-0.55507	-4.7927	-107.09	20.161	45.519	-1.7383	-7.6908	12.289	-42.917	25.596	-33.43	55.016	-37.711	18.162	-24.471
-1.0152	24.494	12.921	-0.042458	-0.040807	-9.8231	-5.3132	1.4957	2.3189	1.5045	0.7668	-2.7992	2.8226	-1.2028	-8.0591	-100.24	4.4645	50.65	-10.106	35.68	-32.508	-4.5171	-19.1	27.608	-12.425	10.952	-8.5822	-25.91
-1.3059	21.395	12.519	1.4348	1.1015	-10.662	-4.64	0.58827	2.5848	1.6114	0.48833	-3.1053	2.949	-1.7991	-11.629	-123.94	-16.06	59.089	45.694	-33.536	26.927	-36.299	10.635	4.2791	-11.139	-12.241	5.0545	-23.852
-1.6746	17.068	12.172	2.4908	2.5758	-11.142	-4.5666	0.42903	2.2305	2.5508	-0.48021	-3.321	2.6248	-1.8383	-14.745	-173.06	-13.885	42.241	58.972	-19.201	2.9383	-6.3695	-14.17	37.575	-38.741	-8.6309	-12.966	-1.5659
-2.0243	14.313	11.888	3.2567	2.2261	-11.112	-3.4858	-0.020708	2.5538	2.0655	-0.69968	-2.9678	2.1783	-2.2512	-13.989	-110.23	-11.362	30.636	-13.989	1.1636	43.231	-17.99	12.932	-19.411	-8.7791	14.129	-17.86	-16.519
-2.2518	15.83	10.918	1.4453	4.2921	-11.324	-3.6873	1.0325	1.7841	2.5558	-1.3749	-2.7334	1.8387	-2.0123	-9.0992	60.714	-38.824	-72.457	82.64	-8.4609	-8.0604	42.13	-30.791	19.609	-27.01	9.3759	-13.586	9.5589
-2.3664	14.053	12.304	-0.58704	4.6242	-8.8604	-5.4959	2.0702	2.447	1.8069	-1.3299	-3.1259	1.9169	-3.0439	-4.5856	-71.113	55.468	-81.293	13.285	98.544	-72.345	41.507	26.518	-29.953	1.8029	-15.7	3.1288	-41.265
-2.3178	14.927	14.061	-3.0428	2.5865	-5.7048	-6.552	2.3825	3.4924	0.19945	-2.0935	-2.5874	2.5405	-2.8329	1.9429	34.957	70.267	-98.231	-81.508	126.22	-42.241	12.493	41.814	-64.299	-30.545	21.54	24.945	8.4422
-2.1246	20.379	13.425	-4.4364	0.25678	-3.6553	-5.9144	2.0523	2.6282	0.053695	-2.4671	-2.2892	3.4472	-2.307	7.7294	218.09	-25.455	-55.744	-93.189	81.98	25.502	-13.211	-34.566	-5.8302	-14.944	11.929	36.265	21.034
-1.9519	18.303	17.29	-6.4221	-2.2179	-1.5189	-4.7039	1.1413	0.97635	0.35131	-2.1662	-1.1345	2.696	0.34591	6.9072	-83.049	154.6	-79.428	-98.988	85.456	48.421	-36.438	-66.074	11.904	12.034	46.187	-30.047	106.12
-1.9527	18.773	18.526	-8.3814	-1.3115	-2.6201	-2.6465	2.0359	-1.3541	-0.9138	-0.22331	0.35304	0.76285	0.3868	-0.029826	18.812	49.477	-78.372	36.259	-44.048	82.297	35.785	-93.217	-50.604	77.717	59.502	-77.325	1.6359
-2.0679	16.336	19.711	-7.5576	-4.4359	-0.087059	-2.1413	1.364	-1.7963	-0.96968	0.39923	0.24496	0.35076	0.76753	-4.6103	-97.484	47.385	32.955	-124.98	101.32	20.205	-26.879	-17.689	-2.2351	24.902	-4.3231	-16.484	15.229
-2.3172	13.697	19.238	-5.4252	-6.5895	1.4286	-1.1431	0.76466	-2.4795	-0.70226	0.56675	0.65973	-0.22662	1.0421	-9.9706	-105.56	-18.924	85.295	-86.143	60.627	39.929	-23.972	-27.327	10.697	6.7007	16.591	-23.095	10.982
-2.4901	9.9661	20.031	-5.5221	-6.3372	0.88311	0.37151	0.34316	-2.8405	-0.82888	0.64282	0.66035	-0.42367	1.2379	-6.9174	-149.23	31.741	-3.8779	10.09	-21.821	60.585	-16.86	-14.442	-5.0647	3.0428	0.025104	-7.8822	7.8326
-2.6178	7.0977	20.247	-4.708	-7.3851	1.7117	0.93959	0.046652	-3.2358	-1.232	1.3956	0.31826	-0.38444	0.83673	-5.1091	-114.73	8.6359	32.564	-41.914	33.144	22.723	-11.86	-15.811	-16.125	30.11	-13.684	1.5691	-16.047
-2.774	4.1345	20.263	-4.1126	-7.3943	1.9736	1.6694	-0.51386	-3.759	-1.5401	1.5119	0.71539	-0.72727	0.66306	-6.2471	-118.53	0.61141	23.815	-0.36985	10.475	29.191	-22.42	-20.928	-12.325	4.6536	15.885	-13.713	-6.9469
-2.9636	2.7068	19.715	-3.6495	-7.0848	2.2994	1.6257	-0.21137	-4.356	-2.2045	1.7012	1.0199	-1.593	0.56045	-7.5819	-57.111	-21.914	18.525	12.379	13.031	-1.745	12.099	-23.882	-26.574	7.5699	12.182	-34.628	-4.1043
-3.1765	1.1324	19.566	-3.6288	-6.6141	2.0698	2.5012	0.082858	-5.256	-2.4688	1.6189	1.0541	-1.6192	-0.43583	-8.5155	-62.974	-5.9579	0.82728	18.83	-9.182	35.018	11.769	-35.999	-10.572	-3.2904	1.3682	-1.0486	-39.851
-3.4626	-0.48633	19.416	-2.883	-6.959	3.0367	2.8154	-0.1232	-4.1755	-3.7739	1.8746	2.1447	-2.7087	-0.90547	-11.447	-64.75	-5.9754	29.832	-13.798	38.674	12.569	-8.2424	43.219	-52.207	10.228	43.623	-43.58	-18.786
-3.6103	-1.6378	17.894	-2.4153	-5.9884	2.7896	2.9417	0.71798	-3.7582	-4.2384	2.0745	2.4453	-2.6568	-1.641	-5.9077	-46.057	-60.889	18.71	38.827	-9.881	5.0533	33.647	16.693	-18.578	7.9962	12.023	2.0738	-29.422
-4.1409	-5.8914	15.483	-0.15532	-5.4211	3.0026	2.4622	1.6755	-3.0659	-5.6005	2.6971	2.9314	-3.1081	-1.5728	-21.224	-170.15	-96.452	90.397	22.692	8.5168	-19.182	38.3	27.694	-54.486	24.904	19.446	-18.051	2.7276
-4.8203	-0.99516	5.8922	2.4332	-0.47514	-0.47037	3.3436	2.4221	-2.7224	-4.9422	2.709	2.0831	-3.5447	-0.91828	-27.174	195.85	-383.63	103.54	197.84	-138.92	35.256	29.866	13.738	26.332	0.47814	-33.933	-17.462	26.182
-5.4921	-0.91153	0.3156	3.46	0.5637	-0.50722	2.4942	2.1788	-3.3518	-2.9844	3.5593	1.0454	-4.1238	0.58084	-26.875	3.3455	-223.07	41.071	41.554	-1.4738	-33.978	-9.7331	-25.174	78.314	34.009	-41.509	-23.165	59.965
-5.865	2.9968	-5.7454	2.5249	3.3482	-2.2476	2.9897	0.96182	-2.201	-2.7876	2.8055	0.42391	-2.6162	-0.10026	-14.912	156.33	-242.44	-37.403	111.38	-69.615	19.821	-48.679	46.031	7.871	-30.151	-24.859	60.306	-27.244
-5.9433	4.9555	-11.924	4.5238	2.716	-3.926	5.1264	1.8652	-3.2989	-1.4969	0.85634	1.2424	-1.8361	-0.19269	-3.132	78.352	-247.15	79.956	-25.288	-67.135	85.469	36.137	-43.917	51.631	-77.966	32.74	31.203	-3.6973
-5.674	-0.51178	-16.659	8.1195	3.5553	-3.2814	6.334	0.78851	-2.1075	-0.61156	0.67432	1.2671	-2.4445	-0.35815	10.769	-218.69	-189.39	143.83	33.572	25.78	48.305	-43.07	47.656	35.412	-7.2809	0.98793	-24.338	-6.6183
-5.4096	-1.4449	-25.119	8.6627	3.5573	-2.2018	7.0412	-0.17939	-1.0639	-1.4068	0.15932	1.6306	-2.5719	-2.1301	10.579	-37.326	-338.41	21.727	0.078695	43.188	28.287	-38.716	41.745	-31.808	-20.6	14.539	-5.0947	-70.879
-4.5047	-1.4217	-27.458	7.557	1.2564	-1.9102	5.6208	-0.53186	-1.7946	0.37048	1.3593	2.8861	-2.3563	-0.80334	36.194	0.92852	-93.538	-44.226	-92.036	11.664	-56.816	-14.099	-29.227	71.089	48	50.22	8.6241	53.071
-4.155	2.2086	-31.85	5.2553	0.058055	-4.4416	5.247	-1.7326	0.64938	1.3553	-0.91933	1.6126	-2.5762	-0.070174	13.988	145.21	-175.7	-92.066	-47.933	-101.26	-14.951	-48.03	97.759	39.391	-91.146	-50.94	-8.7962	29.327
-3.8474	4.5178	-29.728	7.4873	0.37511	-3.6711	6.2988	-0.45448	-0.3007	1.8879	0.58725	1.0249	-1.1051	-0.57147	12.304	92.368	84.9	89.279	12.682	30.82	42.072	51.125	-38.003	21.307	60.263	-23.509	58.844	-20.052
-3.9543	3.8709	-32.084	7.2494	1.6339	-3.2874	5.3757	-0.90606	0.15587	1.6059	0.48777	1.3086	-0.96041	1.3917	-4.2741	-25.876	-94.259	-9.516	50.353	15.351	-36.927	-18.063	18.263	-11.28	-3.9792	11.351	5.788	78.527
-3.777	7.1989	-29.776	4.8468	0.44656	-3.53	6.3024	0.62989	0.36464	1.5463	0.42417	1.6398	-1.8268	0.39361	7.0925	133.12	92.312	-96.107	-47.495	-9.707	37.07	61.438	8.3507	-2.3867	-2.5441	13.245	-34.655	-39.924
-3.9676	6.1409	-28.564	1.6983	0.4654	-3.8311	5.4142	-2.7508	0.21871	1.2318	-2.5187	1.4463	-0.040866	1.5392	-7.6263	-42.322	48.512	-125.94	0.75342	-12.043	-35.528	-135.23	-5.8371	-12.578	-117.72	-7.7384	71.437	45.823
-4.5576	5.8777	-23.004	2.1228	1.2149	-2.0131	4.259	-2.0189	2.1701	1.6732	-1.3208	2.6014	-0.064135	0.10055	-23.601	-10.527	222.38	16.981	29.978	72.722	-46.208	29.274	78.056	17.655	47.919	46.204	-0.93078	-57.545
-6.1577	1.5548	-12.03	5.5297	2.0994	-3.6649	4.3926	-1.7083	-0.31902	0.047281	-1.0993	2.2847	-0.10567	-1.1474	-64.003	-172.92	438.95	136.28	35.382	-66.072	5.3446	12.424	-99.566	-65.036	8.8602	-12.669	-1.6613	-49.916
-6.4795	-13.489	-1.2309	3.4863	0.41909	-3.0706	3.9383	-0.10745	-0.98953	-1.3373	-1.7287	0.73729	0.28918	-0.95412	-12.873	-601.74	431.98	-81.739	-67.213	23.772	-18.172	64.035	-26.82	-55.382	-25.176	-61.895	15.794	7.7297
-5.4297	-13.273	4.2414	5.0841	-0.95595	-1.5278	2.7522	-0.066915	-0.1166	-2.9306	-3.4192	1.9679	0.5301	-1.9449	41.994	8.6317	218.89	63.913	-55.001	61.713	-47.444	1.6214	34.917	-63.735	-67.62	49.223	9.6368	-39.633
-5.3692	-1.4402	6.1635	3.0974	-2.44	-2.1278	2.0474	-0.11924	-0.80624	-4.5126	-3.9498	1.9299	2.2765	-3.3227	2.4179	473.31	76.885	-79.468	-59.362	-24.002	-28.191	-2.0928	-27.585	-63.277	-21.224	-1.5186	69.855	-55.109
-5.6117	-44.337	1.5767	4.3969	-2.8057	1.1912	0.70342	-2.6328	-4.5755	-8.0787	-4.4332	3.4818	3.8893	-0.052832	-9.6985	-1715.9	-183.47	51.98	-14.629	132.76	-53.761	-100.54	-150.77	-142.64	-19.337	62.077	64.514	130.79
-8.9462	-64.116	-5.4931	6.3303	-2.6883	1.2777	-0.10144	-2.6853	-2.4433	-5.3641	-2.2398	3.2573	2.0489	4.1032	-133.38	-791.14	-282.79	77.337	4.6985	3.461	-32.195	-2.101	85.287	108.58	87.734	-8.9823	-73.618	166.24
-11.305	-61.895	-21.378	5.7892	-3.0497	-1.3917	1.4717	-3.0133	-3.0913	-0.85209	-0.56408	3.6495	0.056796	2.9388	-94.334	88.856	-635.39	-21.646	-14.458	-106.78	62.925	-13.118	-25.918	180.48	67.03	15.691	-79.683	-46.574
-11.752	-69.347	-18.74	4.0674	-1.7683	1.4509	0.92464	-1.2111	1.9031	0.49194	0.30543	3.5151	0.67398	1.1263	-17.893	-298.12	105.53	-68.871	51.257	113.7	-21.882	72.088	199.78	53.761	34.781	-5.376	24.687	-72.503
-12.438	-78.219	-18.8	3.2176	-3.4541	0.66151	-0.48597	1.5939	3.446	-0.87172	-0.36934	1.9144	-0.34435	1.8414	-27.45	-354.84	-2.431	-33.992	-67.433	-31.574	-56.424	112.2	61.715	-54.546	-26.991	-64.03	-40.733	28.604
-11.624	-72.709	-18.531	2.9801	-2.208	1.967	-0.16784	-0.16898	3.1374	-0.063785	-0.64225	0.24495	-0.91067	1.2071	32.567	220.37	10.769	-9.4979	49.845	52.221	12.725	-70.515	-12.346	32.317	-10.916	-66.777	-22.653	-25.37
-10.966	-54.104	-18.814	-2.3629	-2.8079	5.1819	0.65667	-5.7016	7.7638	2.3155	-0.3446	0.55521	0.19166	1.311	26.3	744.22	-11.33	-213.72	-23.996	128.59	32.981	-221.3	185.06	95.171	11.906	12.41	44.093	4.153
-10.701	-50.61	-12.434	0.74072	-1.7695	-2.8134	-2.3756	-3.7796	3.5814	3.2621	-1.4759	1.0824	2.4897	2.0138	10.608	139.74	255.21	124.14	41.536	-319.81	-121.29	76.876	-167.3	37.865	-45.253	21.088	91.923	28.113
-5.6538	-9.7713	-1.6637	-6.3854	-4.5886	-4.2747	-2.5393	1.6998	3.0798	2.2341	-0.10122	-0.73494	2.0794	0.50683	201.9	1633.6	430.82	-285.04	-112.77	-58.452	-6.5481	219.18	-20.062	-41.122	54.989	-72.694	-16.412	-60.277
-4.4403	7.6882	6.7462	-3.3586	-6.1021	-4.8076	-1.7529	1.7018	3.2332	1.9591	-1.0298	-0.28884	1.4215	-0.51925	48.538	698.38	336.4	121.07	-60.537	-21.317	31.458	0.07925	6.136	-11.001	-37.145	17.844	-26.32	-41.043
-3.1547	6.7318	10.388	0.2496	-6.2271	-4.2789	-3.9119	1.7249	3.2105	1.8345	-1.7195	0.16357	1.6522	0.29504	51.422	-38.259	145.68	144.33	-5.0017	21.149	-86.363	0.92621	-0.90936	-4.9819	-27.587	18.096	9.2311	32.571
-2.5103	10.303	13.698	-1.3611	-7.2455	-3.9342	-4.1408	2.1539	2.8923	1.3783	-0.44923	-0.1931	2.5221	0.27918	25.779	142.83	132.39	-64.426	-40.736	13.789	-9.154	17.16	-12.726	-18.25	50.812	-14.267	34.793	-0.63428
-2.1252	13.88	15.781	-4.5203	-7.2233	-2.5436	-3.5339	0.90068	3.5448	0.68527	0.15647	-0.15432	2.1962	0.12732	15.403	143.09	83.32	-126.37	0.88656	55.621	24.275	-50.13	26.099	-27.72	24.228	1.5512	-13.032	-6.0742
-1.8799	16.451	17.285	-6.3568	-8.0292	-0.56043	-4.1446	1.4649	2.8651	0.31836	0.6962	-0.84367	2.4904	0.10337	9.8129	102.87	60.141	-73.463	-32.236	79.329	-24.426	22.569	-27.189	-14.676	21.589	-27.574	11.767	-0.95814
-1.7724	19.135	16.999	-6.3761	-7.7613	-0.4408	-4.4483	1.63	2.0364	0.7749	-0.19983	-0.028375	1.7139	0.88399	4.297	107.36	-11.417	-0.77261	10.716	4.785	-12.149	6.6047	-33.146	18.261	-35.842	32.612	-31.061	31.225
-1.8117	16.58	19.729	-7.7269	-7.119	-0.2699	-3.8535	0.6778	1.7166	0.76471	-0.21286	0.5051	1.4171	1.273	-1.5707	-102.2	109.2	-54.029	25.692	6.836	23.793	-38.089	-12.791	-0.40746	-0.52114	21.339	-11.871	15.558
-1.7862	18.708	18.048	-6.7865	-7.2687	0.39429	-3.9995	0.76044	0.80778	1.047	-0.40582	0.68052	1.5786	0.89913	1.0193	85.099	-67.253	37.616	-5.9853	26.568	-5.8404	3.3056	-36.355	11.292	-7.7183	7.0166	6.4586	-14.953
-1.7645	19.089	18.425	-6.8061	-7.8737	0.82706	-4.1674	1.1946	0.14257	0.57043	-0.041542	0.73362	1.6656	0.80344	0.86974	15.246	15.108	-0.78446	-24.202	17.311	-6.7168	17.368	-26.608	-19.063	14.571	2.1242	3.4791	-3.8278
-1.7895	19.606	17.78	-6.3471	-8.0536	1.2275	-4.0663	1.5499	-0.571	0.29745	-0.073704	0.92946	1.8601	0.54177	-1.0002	20.704	-25.813	18.36	-7.195	16.018	4.0458	14.212	-28.543	-10.919	-1.2865	7.8332	7.7828	-10.466
-1.9009	20.267	17.598	-6.4363	-7.8988	2.0549	-4.6254	2.6332	-1.8626	-0.21304	0.52591	1.0664	1.8521	-0.022094	-4.4547	26.407	-7.2884	-3.5669	6.193	33.095	-22.364	43.331	-51.664	-20.419	23.985	5.4758	-0.32182	-22.555
-2.1002	19.458	16.996	-6.7529	-6.6772	2.7282	-3.8474	0.6498	-1.2976	-0.50017	0.59069	1.2513	1.4496	0.70623	-7.9741	-32.333	-24.063	-12.664	48.861	26.931	31.12	-79.336	22.6	-11.485	2.5912	7.3974	-16.1	29.133
-2.1946	17.148	17.86	-7.9697	-4.4756	2.0342	-2.7385	0.045135	-1.6302	-1.0036	0.63523	1.0025	1.1563	1.1482	-3.7771	-92.419	34.551	-48.675	88.064	-27.757	44.354	-24.187	-13.303	-20.137	1.7813	-9.9512	-11.731	17.68
-2.6222	12.706	18.073	-7.8504	-2.7387	3.3989	-3.4382	0.78882	-2.6865	-1.5334	1.2486	-0.3374	1.1641	0.86093	-17.102	-177.66	8.5033	4.7751	69.477	54.586	-27.988	29.747	-42.254	-21.191	24.533	-53.596	0.31005	-11.492
-3.4027	5.6895	16.959	-7.0333	-0.6884	4.4232	-2.037	1.3385	-2.9442	-2.5505	2.4879	-2.0982	0.43093	1.5955	-31.221	-280.68	-44.539	32.682	82.013	40.972	56.049	21.985	-10.306	-40.684	49.574	-70.432	-29.326	29.384
-4.4683	-15.009	13.938	-0.79406	-2.7452	5.3459	1.7849	-0.035383	-3.1369	-1.6157	3.3352	-0.83137	-0.87711	0.73169	-42.625	-827.94	-120.83	249.57	-82.271	36.909	152.88	-54.954	-7.7087	37.389	33.891	50.673	-52.321	-34.553
-6.6988	-41.024	6.3248	4.5776	-1.4392	5.7344	4.3454	-0.28037	-3.0721	-0.91945	2.1344	1.1021	-1.1309	-0.080028	-89.217	-1040.6	-304.54	214.87	52.239	15.539	102.42	-9.7993	2.5912	27.852	-48.03	77.34	-10.153	-32.469
-8.9364	-58.862	0.49014	10.513	5.1223	5.8348	2.5095	-0.60232	-0.7053	-0.52972	0.49125	-0.23067	-1.5381	0.90142	-89.507	-713.51	-233.39	237.41	262.46	4.0157	-73.437	-12.878	94.672	15.589	-65.727	-53.312	-16.287	39.258
-9.5404	-62.039	-1.5364	9.3552	3.4878	7.3338	3.3889	-0.74697	-0.82209	-0.11878	-0.22099	-0.44796	-0.20128	2.2956	-24.161	-127.11	-81.062	-46.303	-65.379	59.962	35.174	-5.7861	-4.6715	16.438	-28.49	-8.6914	53.473	55.767
-10.25	-63.457	-4.4702	10.154	3.0145	5.4863	2.5706	1.3715	1.4859	-0.97327	-0.2934	-0.11705	0.018086	1.7123	-28.375	-56.705	-117.35	31.964	-18.931	-73.902	-32.731	84.74	92.32	-34.18	-2.8962	13.236	8.7747	-23.331
-6.8219	-35.948	-10.515	-2.5716	6.3002	1.6977	-0.41852	3.2767	2.5018	0.86339	0.4119	0.96144	-0.7975	-0.55318	137.12	1100.3	-241.78	-509.04	131.43	-151.54	-119.56	76.205	40.634	73.467	28.212	43.14	-32.623	-90.621
-5.9025	11.051	-12.761	-5.816	4.5347	-2.588	-3.8718	0.21313	0.10647	-0.49914	-0.71646	0.38857	-1.3868	-1.725	36.775	1880	-89.839	-129.78	-70.621	-171.43	-138.13	-122.54	-95.812	-54.501	-45.134	-22.915	-23.574	-46.872
-5.8627	-6.0547	-10.286	-3.1967	6.6212	-2.4358	-3.7041	0.77434	0.45053	0.64364	0.57405	1.9288	-0.50621	-1.5817	1.591	-684.23	98.974	104.77	83.461	6.0874	6.7043	22.448	13.762	45.711	51.62	61.611	35.226	5.73
-7.5891	-19.683	-11	1.1889	10.746	0.19197	1.0173	2.6538	0.9303	-1.0254	-2.1443	0.52635	-1.1673	-0.68112	-69.056	-545.13	-28.553	175.43	164.99	105.11	188.86	75.177	19.191	-66.76	-108.73	-56.099	-26.442	36.024
-6.704	-16.761	-4.3737	2.3582	11.262	0.19422	0.21827	1.341	0.4839	1.0838	-1.4506	-0.54195	-1.0052	0.097998	35.407	116.87	265.06	46.772	20.653	0.090006	-31.963	-52.511	-17.856	84.365	27.746	-42.732	6.4826	31.165
-5.7117	-12.064	1.517	-0.081528	10.307	3.5856	-1.1949	0.51754	0.75088	1.4196	-1.6134	-0.7798	-1.5947	0.57489	39.689	187.88	235.63	-97.59	-38.218	135.66	-56.525	-32.937	10.679	13.433	-6.5132	-9.514	-23.579	19.076
-4.9963	-0.31531	2.8438	-4.9759	12.848	4.1959	-2.9685	0.99695	-0.067745	1.4769	-0.89214	-2.53	-1.0973	0.090772	28.619	469.96	53.07	-195.78	101.63	24.413	-70.945	19.177	-32.745	2.2909	28.852	-70.007	19.896	-19.365
-4.5356	6.027	2.4891	-5.6154	11.887	4.8842	-2.9862	-0.50225	-0.0044855	1.6441	-0.26886	-3.2116	0.18155	-0.025565	18.426	253.69	-14.186	-25.579	-38.411	27.531	-0.70677	-59.968	2.5304	6.6889	24.931	-27.265	51.153	-4.6535
-4.4417	8.7796	2.2404	-6.4512	11.189	4.8484	-2.4905	-1.2719	-0.91284	3.6431	-1.2588	-3.3477	0.3609	0.38435	3.7565	110.1	-9.9493	-33.431	-27.951	-1.4325	19.826	-30.784	-36.334	79.962	-39.599	-5.4445	7.174	16.397
-4.4308	7.3335	3.383	-6.3599	8.8892	6.0272	-1.3834	-2.3383	-1.6933	4.0801	-1.0087	-3.7401	0.27722	0.83353	0.43574	-57.842	45.704	3.652	-91.972	47.15	44.286	-42.658	-31.22	17.479	10.005	-15.695	-3.3472	17.967
-4.6108	0.82926	6.0355	-5.5251	6.546	6.5756	-0.70275	-1.8171	-2.3493	3.7461	-0.78068	-3.1993	-0.13673	0.43398	-7.1999	-260.17	106.1	33.39	-93.728	21.937	27.225	20.848	-26.239	-13.361	9.1215	21.63	-16.558	-15.982
-5.0581	-3.7806	7.0021	-3.6618	4.9647	6.3589	0.30405	-2.2596	-2.2357	2.4014	-0.26236	-3.4923	-0.00086814	-0.1239	-17.892	-184.39	38.663	74.532	-63.251	-8.6673	40.272	-17.7	4.5457	-53.787	20.733	-11.717	5.4344	-22.315
-5.1079	-6.5781	7.7586	-2.3867	3.666	5.9012	0.93149	-1.876	-2.6486	1.5466	-0.71212	-2.802	-0.041732	-0.46573	-1.9906	-111.9	30.262	51.006	-51.95	-18.31	25.098	15.345	-16.518	-34.192	-17.99	27.611	-1.6346	-13.673
-5.1699	-12.185	10.93	-0.3904	1.2558	6.8347	1.3462	-1.7296	-2.0695	-0.19595	-0.78205	-1.8997	-0.50116	-0.3078	-2.4811	-224.27	126.86	79.852	-96.409	37.343	16.59	5.8539	23.165	-69.703	-2.7972	36.093	-18.377	6.3174
-5.3873	-11.453	9.4987	-0.77682	2.1461	6.9768	0.83409	-2.1332	-2.4115	1.6593	-0.8909	-1.2972	-0.66375	-0.23752	-8.6974	29.29	-57.258	-15.457	35.612	5.6821	-20.486	-16.142	-13.681	74.212	-4.3538	24.098	-6.5034	2.8113
-5.7438	-21.011	5.9666	4.8683	2.6508	6.8951	0.58704	-1.7159	-2.5594	0.55001	-0.98724	-0.86453	-0.13524	-0.11484	-14.257	-382.32	-141.28	225.81	20.189	-3.2661	-9.8818	16.692	-5.9167	-44.373	-3.8537	17.307	21.14	4.9071
-6.1478	-20.806	2.8961	3.2577	5.1279	10.506	-3.224	-3.5027	0.55595	2.3026	-3.1996	-2.1295	-0.17726	-0.20841	-16.163	8.1918	-122.82	-64.424	99.086	144.42	-152.44	-71.473	124.62	70.104	-88.493	-50.598	-1.6806	-3.7428
-6.4561	-16.216	2.5776	0.24831	3.0524	7.7146	-2.2132	-1.4934	-0.68233	4.0226	-1.9994	-1.8721	-0.60262	-0.012663	-12.329	183.57	-12.743	-120.38	-83.02	-111.64	40.432	80.372	-49.531	68.802	48.006	10.297	-17.014	7.8298
-6.9566	-20.011	0.4655	-1.1046	4.0666	7.2341	-2.5222	1.059	2.3572	4.1014	-0.68905	-1.3533	-0.60881	-0.75648	-20.021	-151.8	-84.482	-54.117	40.568	-19.22	-12.363	102.09	121.58	3.149	52.415	20.751	-0.24757	-29.753
-6.8106	-15.33	0.68631	-2.2433	4.0729	7.2894	-4.2676	-0.36653	0.26485	2.7135	-0.15011	-0.38243	0.10089	-0.18054	5.8387	187.25	8.8324	-45.547	0.24953	2.2128	-69.815	-57.019	-83.694	-55.513	21.557	38.834	28.388	23.037
-6.4887	-11.569	-0.96997	-0.15419	3.7394	7.2433	-4.6177	-1.3084	-0.21878	1.4946	-2.2261	-0.75881	-0.76772	-1.0854	12.875	150.45	-66.251	83.564	-13.339	-1.8412	-14.003	-37.673	-19.345	-48.756	-83.04	-15.055	-34.745	-36.193
-6.1498	-8.981	-0.67654	0.21959	3.887	6.9223	-5.1304	-2.6706	1.4318	2.9383	-0.66786	-0.18613	-1.2812	-2.1439	13.557	103.52	11.737	14.951	5.9032	-12.843	-20.51	-54.492	66.023	57.749	62.33	22.907	-20.537	-42.342
-6.0974	-6.9594	2.7899	-0.31225	2.5202	5.9413	-6.1309	-2.6223	1.65	2.9985	-0.4343	0.02201	-1.3749	-0.21408	2.098	80.863	138.66	-21.274	-54.67	-39.238	-40.018	1.9339	8.7279	2.4073	9.3424	8.3256	-3.7507	77.194
-5.9952	-7.8222	0.96832	-1.3269	1.7867	6.8097	-2.0368	-0.16448	2.8104	2.3903	-1.2354	-0.82137	-0.94601	1.5524	4.0864	-34.513	-72.864	-40.587	-29.343	34.736	163.77	98.313	46.418	-24.331	-32.044	-33.735	17.156	70.659
-5.3125	0.57949	4.0743	-0.39108	2.7906	6.4558	-2.7036	-3.6004	-0.21032	2.2553	-0.25692	-0.096053	-0.83439	0.4413	27.309	336.07	124.24	37.434	40.158	-14.154	-26.674	-137.44	-120.83	-5.3987	39.139	29.013	4.4646	-44.444
-4.5569	8.525	6.0087	-0.85528	1.6398	4.4331	-2.153	-3.284	-0.36087	1.5292	0.52765	0.54946	-1.1803	-0.62786	30.226	317.82	77.378	-18.568	-46.03	-80.911	22.024	12.655	-6.022	-29.045	31.383	25.82	-13.837	-42.766
-3.9261	10.7	7.8551	-0.24196	0.077271	4.0157	-1.5873	-2.9825	-2.0363	1.5142	1.7032	-0.71664	-0.75138	-0.48228	25.229	86.986	73.854	24.533	-62.503	-16.694	22.627	12.062	-67.019	-0.60033	47.021	-50.644	17.158	5.8233
-3.5625	9.2697	9.35	1.5238	-1.5173	3.9212	-1.9701	-2.9133	-1.7659	1.0098	1.2498	-0.3893	0.026162	-1.8968	14.544	-57.197	59.795	70.63	-63.781	-3.7828	-15.31	2.7682	10.816	-20.175	-18.134	13.093	31.102	-56.581
-3.5817	6.5935	10.232	2.1919	-2.1765	3.5753	-1.0137	-3.5311	-1.5293	-0.27827	0.76018	0.065134	0.8721	-2.3737	-0.76802	-107.05	35.279	26.726	-26.371	-13.835	38.255	-24.715	9.4656	-51.522	-19.586	18.177	33.837	-19.074
-3.9668	4.3111	9.988	2.758	-3.1884	3.7586	0.40753	-3.999	-1.9309	-0.62481	1.352	0.19755	-0.0071053	-1.7828	-15.401	-91.298	-9.7582	22.642	-40.475	7.3305	56.85	-18.716	-16.065	-13.862	23.673	5.2967	-35.168	23.634
-4.7799	0.34541	5.2558	8.0686	-2.9345	1.7436	2.7648	-4.5378	-0.97788	-1.3961	1.0565	1.3655	-1.7334	-1.5598	-32.526	-158.63	-189.29	212.42	10.157	-80.598	94.292	-21.55	38.122	-30.851	-11.82	46.718	-69.053	8.9188
-5.6406	1.5741	-7.7969	6.7819	3.7911	1.8852	3.2867	-4.0166	-0.30246	-0.54822	0.42044	1.3072	-2.0046	0.38145	-34.429	49.148	-522.11	-51.466	269.02	5.6623	20.877	20.845	27.017	33.914	-25.443	-2.3326	-10.848	77.652
-4.6845	9.001	-22.644	6.9374	1.8868	-0.64624	2.4353	-3.7422	0.43671	0.79354	1.3421	2.168	-2.4206	0.30172	38.243	297.08	-593.86	6.2178	-76.171	-101.26	-34.057	10.977	29.567	53.671	36.865	34.434	-16.639	-3.1893
-3.7511	14.831	-26.258	9.1491	-0.94446	-3.3497	3.3325	-2.6385	2.3591	2.4431	0.68931	1.0469	-1.4503	0.66972	37.339	233.19	-144.58	88.468	-113.25	-108.14	35.887	44.149	76.895	65.981	-26.111	-44.846	38.811	14.72
-3.0964	18.157	-27.784	11.48	-0.98938	-4.558	4.3655	-1.2064	3.7918	1.4475	0.23421	1.437	-2.0362	1.4827	26.187	133.04	-61.025	93.251	-1.7965	-48.333	41.318	57.283	57.308	-39.821	-18.204	15.604	-23.436	32.519
-2.8328	19.437	-26.86	9.5445	-1.8858	-3.6369	5.3576	-2.4213	3.7016	0.4913	-0.92325	2.1207	-2.5623	1.5407	10.543	51.211	36.947	-77.436	-35.858	36.844	39.687	-48.598	-3.6072	-38.25	-46.298	27.347	-21.042	2.32
-2.9283	16.476	-27.894	8.6042	-2.5053	-2.7095	5.8109	-3.6162	2.9451	1.8437	-0.42347	2.7814	-1.2556	1.8004	-3.8203	-118.43	-41.344	-37.612	-24.781	37.096	18.129	-47.792	-30.261	54.097	19.991	26.431	52.268	10.388
-2.3133	20.606	-30.42	8.9847	0.14277	-1.3881	4.2568	-1.7723	2.5402	1.7264	-1.0176	1.7922	-1.7709	0.47073	24.6	165.19	-101.04	15.223	105.92	52.853	-62.163	73.756	-16.197	-4.6931	-23.765	-39.571	-20.613	-53.187
-2.1104	19.75	-35.398	7.1296	1.3612	-2.8622	3.9819	-2.4117	1.1528	2.6276	-1.4719	0.58683	-3.021	-0.40511	8.118	-34.232	-199.14	-74.205	48.739	-58.962	-10.994	-25.577	-55.494	36.047	-18.174	-48.213	-50.006	-35.034
-2.4027	16.981	-28.257	8.4931	3.2921	-3.308	6.848	-0.027076	-0.60938	3.1053	0.11853	1.3668	-0.70905	-0.72677	-11.693	-110.78	285.66	54.541	77.236	-17.832	114.64	95.385	-70.487	19.11	63.618	31.199	92.479	-12.866
-3.8915	-5.0661	-27.287	1.1525	3.5914	-3.2549	5.6771	1.2439	-1.8417	2.005	1.9573	0.55102	-0.74742	-1.1272	-59.552	-881.88	38.788	-293.62	11.972	2.1224	-46.834	50.84	-49.293	-44.015	73.549	-32.632	-1.535	-16.018
-7.3491	-28.328	-17.13	-0.42567	3.7371	-0.35491	4.0285	1.783	-0.89959	0.045862	3.0044	0.78292	-1.7479	0.59447	-138.3	-930.46	406.29	-63.128	5.8278	116	-65.946	21.565	37.685	-78.364	41.886	9.2763	-40.019	68.867
-9.2157	-43.231	-20.262	-6.3969	2.1229	-0.47948	0.84749	1.831	-0.90336	-1.8549	2.1604	1.5469	-1.633	1.955	-74.663	-596.14	-125.27	-238.85	-64.567	-4.9827	-127.24	1.9193	-0.15083	-76.031	-33.759	30.559	4.5948	54.423
-8.6203	-29.952	-19.31	-7.9044	1.7133	2.0959	1.8423	0.04827	-1.0062	-1.661	2.1051	2.1538	-1.0088	0.24411	23.814	531.14	38.041	-60.297	-16.385	103.02	39.792	-71.31	-4.1126	7.7552	-2.2147	24.276	24.969	-68.437
-7.6307	-20.437	-20.092	-8.5489	1.0247	1.8734	1.6925	0.45454	-0.39844	-1.9985	1.2347	0.54058	-2.57	0.62904	39.584	380.6	-31.263	-25.784	-27.543	-8.9009	-5.9932	16.251	24.31	-13.501	-34.813	-64.528	-62.449	15.397
-6.8506	-5.2231	-20.692	-6.5482	1.6644	1.5464	0.75012	-0.1059	0.62471	1.0574	2.317	2.2351	-2.1438	0.96441	31.204	608.57	-24.012	80.029	25.586	-13.08	-37.693	-22.418	40.926	122.24	43.29	67.779	17.048	13.415
-6.7049	-2.6693	-20.213	-6.3786	-0.2818	0.32889	0.54849	-0.49857	1.0945	3.1629	3.187	2.1563	-1.6564	0.26066	5.8275	102.15	19.174	6.7837	-77.847	-48.7	-8.0654	-15.707	18.793	84.218	34.8	-3.1495	19.496	-28.15
-7.1022	-10.429	-17.627	-4.8267	1.2128	2.6727	1.1279	-0.8576	1.157	-0.82216	1.6995	2.1134	-2.0338	-0.39583	-15.893	-310.39	103.43	62.076	59.784	93.751	23.175	-14.361	2.5	-159.4	-59.499	-1.7172	-15.095	-26.26
-5.2453	-3.6212	2.9286	-3.1739	1.1814	3.3736	1.2164	-0.7913	-0.55453	-2.1464	1.6655	1.3893	-2.7933	0.034416	74.276	272.31	822.23	66.113	-1.256	28.037	3.5409	2.6518	-68.462	-52.971	-1.359	-28.965	-30.377	17.21
-4.3255	-2.9852	14.123	-6.6872	-0.14503	5.2169	0.7539	-1.5064	-3.1378	-3.2822	1.7607	0.25466	-2.8992	-0.80819	36.795	25.441	447.77	-140.53	-53.057	73.73	-18.499	-28.603	-103.33	-45.432	3.8074	-45.384	-4.2388	-33.704
-3.9836	2.4669	15.2	-8.3403	-0.19493	6.0133	-0.039694	-1.444	-3.3061	-3.4709	3.0595	0.055985	-2.812	-0.75144	13.673	218.08	43.07	-66.127	-1.9959	31.858	-31.744	2.4933	-6.7307	-7.5457	51.95	-7.947	3.4895	2.27
-3.9267	4.1483	13.172	-7.7484	1.1448	5.3977	0.36124	-1.7549	-3.8765	-1.7809	2.9835	-0.10897	-2.5561	-0.33104	2.2788	67.253	-81.091	23.676	53.588	-24.624	16.037	-12.433	-22.818	67.598	-3.0367	-6.598	10.236	16.816
-4.0141	4.9919	13.145	-9.9973	2.8343	5.2062	-0.57151	-0.96382	-3.9471	-1.417	2.4696	-0.45351	-2.0952	-0.39727	-3.4975	33.743	-1.0726	-89.955	67.58	-7.6584	-37.31	31.642	-2.8212	14.558	-20.558	-13.782	18.437	-2.6493
-4.1317	-0.090011	13.29	-6.8946	0.85408	6.2163	-0.2904	-2.1825	-3.1429	-1.0805	2.5813	-0.45758	-2.7961	0.039448	-4.7019	-203.27	5.7872	124.11	-79.207	40.402	11.244	-48.748	32.165	13.459	4.4665	-0.1629	-28.039	17.469
-4.4223	-6.2795	13.113	-5.5828	0.89792	6.1046	-0.26856	-3.2556	-3.1066	-1.1306	2.2157	-0.54484	-3.132	0.74807	-11.625	-247.58	-7.0872	52.472	1.7534	-4.467	0.87342	-42.921	1.4522	-2.0032	-14.624	-3.4904	-13.434	28.345
-4.6304	-2.6522	10.853	-5.6375	1.6907	6.4536	-0.75023	-3.4165	-3.4852	-0.66388	1.6922	-1.3885	-3.1152	0.32976	-8.3234	145.09	-90.404	-2.1897	31.712	13.961	-19.267	-6.4388	-15.144	18.668	-20.939	-33.748	0.67258	-16.733
-4.8847	-6.3842	12.211	-3.5828	0.61577	7.5163	-2.0281	-3.2	-2.0224	0.11618	2.2706	-1.76	-2.9626	0.41631	-10.175	-149.28	54.334	82.191	-42.998	42.506	-51.115	8.6621	58.512	31.202	23.136	-14.858	6.1019	3.4619
-5.0424	-10.057	11.657	-0.96366	-0.28571	7.5987	-2.66	-2.7907	-1.0812	1.025	2.1949	-2.9955	-2.1829	1.0426	-6.3051	-146.9	-22.157	104.76	-36.059	3.2944	-25.277	16.369	37.651	36.354	-3.0265	-49.422	31.19	25.052
-5.5116	-8.2634	8.2149	-2.5583	2.84	4.9062	-1.0781	-2.218	-2.3556	2.7519	1.3531	-1.6931	-1.3137	0.19883	-18.771	71.729	-137.7	-63.784	125.03	-107.7	63.277	22.909	-50.976	69.076	-33.673	52.097	34.766	-33.751
-5.9319	-9.821	5.5656	-1.511	2.7446	6.1526	-1.8026	-2.9179	-1.0171	3.663	0.5798	-1.8069	-0.48502	0.64709	-16.809	-62.303	-105.97	41.892	-3.815	49.855	-28.981	-27.994	53.54	36.441	-30.932	-4.5507	33.147	17.93
-6.4091	-21.536	5.2711	1.4858	2.4992	6.0814	-2.5786	-2.9605	0.061079	4.0785	0.45	-1.8932	0.56256	0.0074031	-19.09	-468.6	-11.782	119.87	-9.8153	-2.8474	-31.038	-1.7062	43.126	16.62	-5.1916	-3.4536	41.903	-25.587
-7.0579	-23.951	3.6511	2.4983	3.2834	6.263	-2.6784	-3.6963	0.55126	3.5993	-0.067233	-2.5078	1.1929	0.39678	-25.953	-96.59	-64.8	40.497	31.368	7.2635	-3.9928	-29.433	19.607	-19.167	-20.689	-24.584	25.214	15.575
-8.1038	-33.929	3.2849	4.2849	1.2248	4.9514	-1.1699	-2.9697	0.79918	2.2715	0.011344	-0.92226	0.42278	0.95176	-41.833	-399.14	-14.649	71.467	-82.345	-52.461	60.341	29.065	9.9166	-53.112	3.1431	63.423	-30.805	22.199
