0.4558	56.95	0.92065	-8.4766	-2.9943	-1.2708	-3.4916	-2.0208	1.4842	2.9717	2.9311	-0.38974	0.19607	-1.1475	0	0	0	0	0	0	0	0	0	0	0	0	0	0
0.81293	58.146	0.76185	-8.207	-3.6849	-1.6517	-2.6771	-1.0105	1.2654	3.0485	3.4557	1.0648	-0.99948	-1.3546	14.285	47.837	-6.3521	10.788	-27.623	-15.238	32.577	40.412	-8.7513	3.0751	20.982	58.181	-47.822	-8.2834
1.0066	58.028	2.0031	-8.1075	-4.92	-3.0363	-1.1165	0.71208	0.43621	1.6751	3.322	1.7008	-0.64619	-1.4526	7.7477	-4.7059	49.65	3.9787	-49.404	-55.382	62.427	68.902	-33.168	-54.937	-5.3487	25.442	14.132	-3.9218
1.0338	52.885	5.8152	-7.7332	-4.0328	-5.4765	0.55162	2.4413	-0.60076	0.66713	3.5236	2.5503	-0.046539	-1.4813	1.0858	-205.72	152.48	14.972	35.486	-97.609	66.724	69.169	-41.479	-40.32	8.0648	33.978	23.986	-1.1478
0.94294	48.143	7.0347	-6.0627	-4.0831	-7.8852	0.64031	3.3551	-0.69437	0.092409	2.7359	1.8884	0.60473	-0.60343	-3.6331	-189.69	48.779	66.818	-2.0103	-96.349	3.5476	36.55	-3.7443	-22.989	-31.509	-26.475	26.051	35.116
0.75146	42.779	8.5143	-4.2216	-4.1004	-9.3785	0.15034	4.9398	-0.8516	-0.17044	1.8727	1.9295	1.0062	-0.014615	-7.6589	-214.57	59.187	73.645	-0.6909	-59.729	-19.599	63.387	-6.2892	-10.514	-34.525	1.6438	16.058	23.553
0.45724	38.322	9.1166	-2.6137	-3.0767	-10.309	0.083539	4.1973	-0.43019	1.16	1.0385	1.3687	0.14016	0.97248	-11.769	-178.29	24.09	64.315	40.946	-37.235	-2.6722	-29.697	16.856	53.218	-33.372	-22.43	-34.641	39.484
0.35136	35.182	8.9394	-0.56641	-2.7739	-11.363	-0.31438	3.8212	-0.65952	2.4223	-0.59309	0.9233	-0.6368	1.7969	-4.2352	-125.61	-7.0895	81.893	12.112	-42.131	-15.917	-15.046	-9.1732	50.491	-65.262	-17.817	-31.078	32.975
0.27942	31.76	9.6533	1.978	-1.7649	-12.362	-0.85023	4.2938	-0.89782	3.4917	-1.1967	0.90732	-0.65198	2.6395	-2.8775	-136.88	28.559	101.77	40.362	-39.993	-21.434	18.906	-9.5317	42.778	-24.144	-0.63929	-0.60717	33.707
0.2302	26.929	11.365	3.2354	-1.0132	-13.61	-1.9099	4.1972	-1.5881	3.1192	-1.6216	0.36431	-0.34522	2.6395	-1.9691	-193.21	68.463	50.299	30.068	-49.918	-42.385	-3.8669	-27.611	-14.901	-16.996	-21.72	12.271	2.0809e-05
0.033499	23.13	12.828	4.8877	-0.73608	-11.221	-2.8129	4.4075	-3.0038	2.9133	-1.3202	0.86791	0.39088	1.6691	-7.8679	-151.99	58.515	66.091	11.084	95.573	-36.122	8.4144	-56.627	-8.2388	12.057	20.144	29.444	-38.815
-0.1608	16.543	12.472	6.7549	-0.19174	-11.634	-3.4429	3.7804	-2.9333	2.9569	-2.1718	0.78719	-0.58616	0.40619	-7.7719	-263.47	-14.227	74.687	21.774	-16.507	-25.201	-25.085	2.8173	1.7455	-34.066	-3.2288	-39.082	-50.518
-0.54915	14.881	12.085	6.3146	-0.36545	-11.667	-1.7506	4.0787	-2.5256	3.0855	-2.4448	0.28146	-0.71928	0.19962	-15.534	-66.472	-15.497	-17.612	-6.9484	-1.3448	67.692	11.931	16.308	5.1459	-10.917	-20.229	-5.325	-8.2627
-1.1395	12.856	11.054	6.4987	-1.2063	-10.423	-0.88412	3.9756	-1.5379	2.1993	-2.7701	-0.056227	-1.4285	0.36925	-23.615	-80.994	-41.209	7.3641	-33.634	49.772	34.66	-4.1248	39.507	-35.449	-13.012	-13.508	-28.369	6.7853
-2.0219	11.212	7.2102	8.017	-2.7428	-7.7229	-0.15361	2.5545	1.1448	-0.067446	-1.2893	-1.7653	-0.50777	0.11427	-35.295	-65.763	-153.77	60.732	-61.461	108.01	29.22	-56.843	107.31	-90.671	59.23	-68.364	36.83	-10.199
-3.2776	0.66264	4.6514	9.3666	-4.1089	-3.997	1.018	3.0786	2.3004	-0.80872	-0.87617	-1.6022	1.411	0.11817	-50.228	-421.98	-102.35	53.985	-54.643	149.04	46.864	20.964	46.221	-29.651	16.525	6.5241	76.75	0.15602
-5.1073	-14.259	-0.29598	8.4966	-3.4996	-0.80111	3.8835	1.1382	3.0298	-1.6577	-0.026673	-0.062076	0.6267	-0.47565	-73.187	-596.86	-197.89	-34.802	24.373	127.83	114.62	-77.614	29.178	-33.961	33.98	61.606	-31.371	-23.753
-4.0043	10.354	-10.066	1.7736	-0.18758	3.7398	4.6187	-1.5376	1.0597	-2.7533	-0.95686	-1.0509	-0.27139	-1.9697	44.12	984.5	-390.79	-268.92	132.48	181.64	29.408	-107.04	-78.803	-43.822	-37.207	-39.553	-35.924	-59.762
-2.4755	29.683	-2.4891	3.4144	-2.879	-0.10231	1.4132	-2.1979	-0.70797	-3.8309	-0.71202	-1.1551	-1.1696	-2.8312	61.151	773.17	303.07	65.63	-107.66	-153.68	-128.22	-26.41	-70.707	-43.105	9.7935	-4.1676	-35.93	-34.46
-1.6238	28.001	2.7698	0.060335	-1.1867	-5.1906	1.9453	0.49641	-4.0488	-0.70506	-0.51097	1.2557	-3.4341	-1.7619	34.07	-67.292	210.35	-134.16	67.69	-203.53	21.283	107.77	-133.63	125.04	8.0421	96.433	-90.58	42.771
-1.1975	30.254	3.8574	-3.2227	-0.21463	-4.8994	1.5128	0.51801	-5.4687	1.4046	-0.4945	2.8424	-4.6001	-2.3836	17.053	90.123	43.505	-131.32	38.884	11.649	-17.299	0.86395	-56.793	84.385	0.65867	63.468	-46.64	-24.869
-1.107	29.614	5.4664	-5.8246	0.14025	-2.5064	0.11737	-0.095182	-5.215	2.2813	-0.16979	2.6759	-4.1451	-2.6377	3.6182	-25.596	64.36	-104.08	14.195	95.719	-55.817	-24.528	10.146	35.069	12.988	-6.663	18.202	-10.162
-1.1923	28.475	6.9167	-7.3514	0.04176	-0.19784	-1.9423	0.18048	-5.749	4.3893	-1.9512	1.902	-2.6656	-2.1844	-3.4126	-45.549	58.012	-61.075	-3.9395	92.343	-82.389	11.027	-21.358	84.319	-71.258	-30.956	59.179	18.13
-1.3666	26.305	8.2182	-8.0331	0.51767	0.73591	-1.6991	-0.98577	-5.0288	5.7598	-2.7769	1.1199	-1.5658	-1.3255	-6.972	-86.815	52.059	-27.266	19.036	37.35	9.728	-46.65	28.805	54.819	-33.026	-31.283	43.991	34.357
-1.4861	21.939	10.486	-9.3405	0.83883	0.36491	-1.2749	-1.9605	-5.0953	5.6673	-2.31	0.028578	-1.4853	-0.73689	-4.7807	-174.63	90.727	-52.295	12.846	-14.84	16.97	-38.99	-2.6573	-3.6996	18.674	-43.654	3.2201	23.545
-1.5789	21.003	11.379	-9.0869	0.92016	1.2488	-0.34453	-2.324	-4.2433	5.1193	-1.0936	-0.52784	-0.91038	-0.5135	-3.7102	-37.436	35.722	10.141	3.2535	35.357	37.215	-14.539	34.081	-21.92	48.658	-22.257	22.998	8.9356
-1.7696	19.202	11.369	-9.6036	0.72649	1.029	-0.082238	-2.8818	-4.2822	4.5519	-1.2972	-0.87375	-1.6151	-0.52704	-7.6289	-72.059	-0.40326	-20.668	-7.7469	-8.7951	10.492	-22.311	-1.5574	-22.695	-8.1444	-13.837	-28.188	-0.5417
-2.1128	16.644	11.807	-9.2151	1.1777	1.7183	0.046319	-2.1962	-4.0946	4.3896	-1.3471	-0.13362	-2.1519	-0.3415	-13.727	-102.31	17.505	15.543	18.048	27.572	5.1423	27.421	7.5023	-6.4896	-1.9984	29.605	-21.474	7.4218
-2.5763	12.143	10.77	-8.4465	1.6601	2.0785	1.3436	-1.4896	-3.8708	3.5282	-0.59672	-0.66331	-1.9293	-0.99555	-18.541	-180.04	-41.483	30.743	19.297	14.411	51.892	28.264	8.9533	-34.456	30.017	-21.188	8.9031	-26.162
-2.6564	11.088	9.9194	-6.6636	2.755	-0.83108	3.1032	-2.1291	-3.3546	1.8675	-0.12349	-0.27939	-1.696	-0.99509	-3.2015	-42.184	-34.018	71.316	43.796	-116.38	70.382	-25.579	20.649	-66.429	18.929	15.357	9.3357	0.018687
-2.5333	15.419	9.9027	-4.6338	1.5214	-3.2143	3.5238	-2.5408	-2.6344	0.3435	0.46058	0.99064	-2.1999	-0.13949	4.921	173.2	-0.66921	81.192	-49.343	-95.329	16.824	-16.468	28.806	-60.96	23.363	50.801	-20.16	34.224
-2.4276	12	10.426	-3.1244	0.28549	-2.946	3.4661	-0.50447	-1.7728	-1.5999	0.98565	1.2967	-0.4711	-0.98751	4.2307	-136.73	20.931	60.377	-49.438	10.734	-2.3076	81.452	34.464	-77.736	21.003	12.241	69.154	-33.921
-2.3675	10.536	12.301	-1.5902	-0.47093	-4.2739	2.3438	2.8117	-2.7687	-3.2396	0.73996	1.009	0.50998	-1.0016	2.4028	-58.554	74.998	61.365	-30.257	-53.118	-44.892	132.65	-39.835	-65.586	-9.8276	-11.509	39.243	-0.56321
-2.1485	9.9548	13.074	-1.609	0.2553	-5.7711	1.2159	3.7463	-2.0376	-1.6867	-0.87549	0.89297	-0.026623	1.2832	8.7595	-23.264	30.929	-0.75168	29.049	-59.888	-45.113	37.382	29.245	62.116	-64.618	-4.64	-21.464	91.392
-2.1566	8.1941	13.899	-0.44105	0.080231	-6.9634	0.94317	4.9718	-0.98604	-1.9524	-0.6099	-0.10558	0.76357	1.7778	-0.32246	-70.427	32.977	46.719	-7.0029	-47.691	-10.911	49.022	42.06	-10.63	10.624	-39.942	31.608	19.784
-2.3314	4.843	13.923	-0.17617	-0.30772	-6.4487	0.32379	5.1636	-0.12423	-2.4719	-0.34827	-0.82079	1.2486	1.7675	-6.9915	-134.05	0.97392	10.595	-15.518	20.588	-24.775	7.6706	34.473	-20.779	10.465	-28.608	19.403	-0.41051
-2.6853	8.5955	8.2764	2.751	-3.8984	-2.4889	2.2532	2.2308	0.43717	-3.4311	0.1335	0.7959	0.11396	1.4002	-14.156	150.1	-225.86	117.09	-143.63	158.39	77.176	-117.31	22.456	-38.369	19.271	64.668	-45.387	-14.693
-2.6772	15.002	6.2786	0.93764	-1.1842	-3.0189	5.7149	-1.6694	-1.5619	-2.2573	1.6211	1.9096	-0.83714	0.78013	0.32199	256.25	-79.91	-72.536	108.57	-21.197	138.47	-156.01	-79.962	46.952	59.503	44.548	-38.044	-24.803
-2.3919	21.837	4.9668	-2.6714	2.2152	-2.4527	5.0668	-4.8993	-2.4126	0.73753	1.2324	1.1976	-2.7001	1.7913	11.415	273.41	-52.474	-144.36	135.98	22.646	-25.926	-129.2	-34.027	119.79	-15.548	-28.481	-74.52	40.447
-2.2892	25.81	1.7622	-4.4579	6.1452	-1.5925	2.6682	-6.6556	-0.598	2.4872	0.12224	0.19041	-1.8142	2.6445	4.107	158.94	-128.18	-71.461	157.2	34.407	-95.943	-70.25	72.583	69.985	-44.406	-40.286	35.437	34.128
-2.4883	25.492	-0.23691	-3.9237	8.8764	-1.0422	0.081498	-5.7505	1.572	2.2977	-1.8435	0.4861	-0.17744	2.3799	-7.9659	-12.742	-79.965	21.37	109.25	22.013	-103.47	36.205	86.802	-7.5802	-78.628	11.828	65.472	-10.585
-2.6526	24.404	-1.6015	-3.2887	10.715	-1.6161	-0.77773	-4.257	2.5909	0.77634	-2.445	1.515	0.15938	1.042	-6.5725	-43.521	-54.585	25.401	73.551	-22.954	-34.369	59.74	40.754	-60.853	-24.064	41.156	13.473	-53.513
-2.7932	20.81	-1.3179	-2.4039	11.566	-1.0909	-1.611	-2.9113	2.8571	-0.045519	-2.0877	1.5744	0.36883	0.11148	-5.6205	-143.77	11.345	35.392	34.017	21.009	-33.331	53.825	10.647	-32.874	14.293	2.3757	8.378	-37.223
-2.9703	19.007	-0.9863	-1.5268	11.329	-0.50237	-1.8602	-2.4886	3.4015	-0.7927	-1.9662	1.4772	0.50947	-0.55452	-7.0852	-72.094	13.265	35.084	-9.48	23.539	-9.966	16.908	21.776	-29.887	4.8598	-3.8878	5.6257	-26.64
-2.9257	17.007	-0.59666	-0.35496	10.401	0.51154	-2.5735	-1.6132	3.163	-0.25872	-2.2999	1.554	0.41805	-0.67804	1.7815	-79.999	15.586	46.873	-37.122	40.556	-28.532	35.016	-9.5388	21.359	-13.345	3.0718	-3.6567	-4.9409
-2.9919	16.086	0.085826	-0.54679	10.421	0.65988	-2.8023	-1.6012	3.3843	-0.32526	-2.512	1.4608	0.47071	-1.0639	-2.6477	-36.847	27.3	-7.6736	0.8189	5.9338	-9.1542	0.48278	8.8518	-2.6615	-8.4873	-3.7262	2.1061	-15.434
-3.3267	13.671	2.8302	-1.5433	10.829	0.91149	-2.74	-1.6006	2.1639	1.3721	-3.1506	0.40605	0.7274	-1.735	-13.39	-96.619	109.78	-39.86	16.319	10.064	2.4943	0.021195	-48.817	67.894	-25.541	-42.191	10.268	-26.846
-4.0666	-7.8831	6.2975	-0.070662	9.8622	2.2134	-2.3218	-1.3355	0.36504	1.9713	-1.8712	-0.57487	0.48003	-1.8042	-29.597	-862.15	138.69	58.905	-38.673	52.075	16.728	10.606	-71.954	23.968	51.175	-39.237	-9.8947	-2.7665
-6.9225	-53.873	5.3477	10.955	4.7389	4.8667	1.0667	0.73213	2.3822	-0.9319	-0.63552	0.5085	-0.32915	0.05052	-114.24	-1839.6	-37.992	441.02	-204.93	106.13	135.54	82.705	80.686	-116.13	49.427	43.335	-32.367	74.189
-8.6169	-55.869	-6.8974	9.218	2.0037	7.1743	2.6354	0.66734	1.3939	-1.1403	-0.32179	-0.6403	0.49126	0.75239	-67.775	-79.816	-489.8	-69.471	-109.41	92.305	62.749	-2.5917	-39.531	-8.3345	12.549	-45.952	32.816	28.075
-11.975	-77.283	-14.272	4.6965	0.24165	5.048	3.2525	2.2008	2.3899	0.33682	1.4882	0.050691	-0.44584	0.13366	-134.31	-856.57	-295	-180.86	-70.48	-85.054	24.684	61.338	39.838	59.083	72.401	27.64	-37.484	-24.749
-12.202	-83.542	-17.894	2.9851	-2.7131	2.3196	0.45075	2.3633	2.6651	0.4934	2.1615	1.4647	1.556	-0.54034	-9.0936	-250.34	-144.88	-68.458	-118.19	-109.14	-112.07	6.4998	11.01	6.2632	26.931	56.56	80.075	-26.96
-11.794	-83.908	-15.446	2.236	-2.072	3.6093	-0.52893	-0.48497	1.1823	0.58082	-0.016659	-0.50377	2.1292	-0.22434	16.339	-14.639	97.941	-29.96	25.644	51.589	-39.187	-113.93	-59.313	3.4967	-87.128	-78.739	22.927	12.64
-5.468	-15.629	-17.179	0.47571	1.7185	5.3514	-0.23745	-1.8839	4.6607	-1.4409	2.2269	1.3108	-0.77279	0.75011	253.02	2731.1	-69.329	-70.413	151.62	69.685	11.659	-55.957	139.13	-80.868	89.744	72.582	-116.08	38.978
-4.7372	25.488	-14.736	-1.1183	2.5003	6.1401	-0.38997	-4.023	3.4183	0.018174	2.5177	0.84922	-0.048456	0.79019	29.234	1644.7	97.727	-63.761	31.271	31.548	-6.1008	-85.566	-49.695	58.362	11.631	-18.462	28.973	1.603
-4.5878	18.421	-15.846	-3.4778	2.7085	2.6751	0.37393	-3.5002	4.2578	0.7522	-1.2032	-0.68796	1.6497	-0.088816	5.9761	-282.67	-44.403	-94.381	8.3284	-138.6	30.556	20.915	33.582	29.361	-148.84	-61.488	67.927	-35.16
-5.5483	5.1888	-16.286	-2.9084	4.993	1.4657	0.61326	-2.134	2.1616	-3.9006	-1.1061	1.1678	0.63641	-0.4204	-38.421	-529.3	-17.609	22.778	91.379	-48.377	9.573	54.648	-83.849	-186.11	3.8852	74.23	-40.532	-13.263
-4.1298	1.9673	-9.7439	2.71	7.4776	1.4792	3.5817	-0.18067	2.5584	-3.3142	-1.9042	-1.3921	-2.7474	-3.274	56.741	-128.86	261.69	224.74	99.386	0.53962	118.74	78.132	15.873	23.457	-31.926	-102.39	-135.35	-114.14
-3.0292	12.085	-3.7783	4.9341	11.015	0.83213	-1.5827	2.3305	1.086	-3.0941	-2.7689	-2.7752	-1.6772	-3.0686	44.025	404.71	238.63	88.964	141.51	-25.882	-206.57	100.45	-58.898	8.8052	-34.589	-55.326	42.808	8.2156
-2.5358	19.179	-6.6798	4.0673	11.904	1.0605	-2.8635	2.467	1.6625	-1.9957	-2.1272	-2.3627	-0.36578	-3.0592	19.736	283.77	-116.06	-34.675	35.546	9.1331	-51.232	5.4567	23.06	43.934	25.669	16.501	52.456	0.37262
-2.5136	19.348	-7.9838	4.0036	13.275	0.30677	-2.9718	2.9689	0.70744	-0.090249	-2.5006	-1.5421	-0.40825	-3.4905	0.88552	6.7365	-52.159	-2.5448	54.854	-30.147	-4.3347	20.076	-38.201	76.219	-14.938	32.823	-1.699	-17.25
-2.5269	18.465	-7.2055	3.175	13.657	0.57269	-2.1872	2.1319	0.82414	-0.41223	-2.4729	-1.0657	-0.04083	-3.1198	-0.53272	-35.308	31.132	-33.148	15.257	10.637	31.386	-33.478	4.6678	-12.879	1.11	19.055	14.697	14.826
-2.5348	16.784	-5.7779	1.724	15.058	-0.21438	-1.119	0.83097	1.7075	-0.89133	-2.5548	-1.0713	0.63768	-3.455	-0.31301	-67.253	57.103	-58.038	56.065	-31.483	42.728	-52.038	35.336	-19.164	-3.2741	-0.22441	27.14	-13.407
-2.5313	16.909	-5.4661	1.9088	14.25	0.22267	-1.0003	1.2834	1.4835	-1.0966	-2.267	-1.3482	0.47642	-3.5868	0.13862	5.0006	12.473	7.3933	-32.345	17.482	4.7476	18.097	-8.9602	-8.2103	11.51	-11.073	-6.4502	-5.2717
-2.5018	13.853	-4.3651	1.5204	15.328	-0.7262	-1.2554	1.546	2.272	-1.2886	-2.7352	-1.4794	-0.33748	-3.3749	1.1783	-122.22	44.04	-15.536	43.122	-37.955	-10.206	10.504	31.538	-7.6822	-18.726	-5.251	-32.556	8.4764
-2.4252	11.695	-1.9619	-0.25044	15.902	-0.61976	-1.5544	1.9678	2.9226	-1.5963	-3.187	-1.2104	-0.9222	-4.5631	3.0666	-86.319	96.13	-70.835	22.959	4.2577	-11.958	16.874	26.024	-12.305	-18.073	10.764	-23.389	-47.528
-2.4931	10.098	0.95877	-2.429	15.749	0.81323	-1.5321	0.15389	4.2303	-0.90727	-4.3338	-2.4957	-0.21887	-4.5179	-2.7161	-63.913	116.82	-87.142	-6.1038	57.319	0.89197	-72.558	52.308	27.56	-45.872	-51.415	28.133	1.8065
-3.0561	5.0102	4.2889	-2.197	12.253	4.0938	-0.48433	-2.3157	1.7533	-0.098447	-3.1063	-3.1469	-1.2636	-3.5348	-22.522	-203.5	133.2	9.2774	-139.87	131.22	41.91	-98.784	-99.081	32.353	49.099	-26.048	-41.788	39.325
-4.5057	-30.126	5.8142	4.3945	6.6749	3.1346	0.96598	-3.3166	-0.56927	-0.041119	-0.1227	-0.92095	-1.8043	-1.8108	-57.981	-1405.5	61.011	263.66	-223.1	-38.371	58.013	-40.036	-92.903	2.2931	119.34	89.039	-21.629	68.96
-8.5101	-71.124	-5.1563	9.6973	5.3913	6.3828	0.44323	-0.63466	2.1044	-1.7181	-1.6461	-1.5212	-1.8048	-1.3827	-160.18	-1639.9	-438.82	212.11	-51.347	129.93	-20.91	107.28	106.95	-67.079	-60.935	-24.009	-0.020511	17.125
-12.644	-80.832	-15.965	5.2585	2.4226	5.0354	1.798	0.13151	3.5004	-1.1218	-1.6842	-1.1812	-0.56482	-1.6643	-165.35	-388.31	-432.35	-177.55	-118.75	-53.894	54.191	30.647	55.84	23.851	-1.5229	13.599	49.599	-11.266
-12.744	-82.218	-17.281	1.1095	-1.9371	5.5271	1.8621	1.0286	3.0563	1.6186	0.89807	0.74569	0.66155	-0.6426	-4.0088	-55.428	-52.652	-165.96	-174.39	19.668	2.5636	35.884	-17.767	109.62	103.29	77.075	49.055	40.87
-12.403	-81.039	-17.193	2.4068	-1.8089	4.8565	1.0025	-0.20184	1.5207	1.6485	0.66191	-0.36282	1.0597	-0.99696	13.651	47.151	3.5174	51.894	5.1291	-26.823	-34.385	-49.218	-61.422	1.1993	-9.4465	-44.34	15.927	-14.174
-12.43	-80.341	-15.826	3.3946	-2.5469	3.1612	0.33417	-1.1409	2.1865	0.68877	1.4066	-1.2409	0.90996	0.2371	-1.1034	27.933	54.68	39.512	-29.521	-67.814	-26.732	-37.563	26.63	-38.39	29.787	-35.123	-5.991	49.362
-12.66	-80.579	-17.117	2.1211	-2.8727	3.1506	2.0643	-0.45537	1.52	0.58246	0.54502	-0.86444	0.67465	0.091613	-9.1953	-9.5254	-51.642	-50.939	-13.032	-0.42268	69.205	27.421	-26.657	-4.2526	-34.462	15.058	-9.4121	-5.8194
-5.5871	-2.7359	-13.499	1.9515	-5.2993	2.4978	1.9619	-1.8	3.6833	1.1047	2.7387	0.52535	0.84443	0.57067	282.93	3113.7	144.74	-6.7841	-97.063	-26.112	-4.0969	-53.786	86.528	20.889	87.748	55.592	6.791	19.162
-5.3145	21.651	-11.445	3.403	-3.2459	1.8741	1.45	-2.215	2.815	-0.60436	2.7091	0.62959	0.39878	1.2328	10.904	975.48	82.157	58.06	82.136	-24.95	-20.476	-16.597	-34.73	-68.362	-1.1857	4.1696	-17.826	26.484
-3.0985	2.3403	3.8232	7.9525	-2.6316	-2.548	0.24985	0.18266	2.543	-2.1337	-0.41377	-0.98897	-1.0395	2.3324	88.639	-772.43	610.73	181.98	24.572	-176.88	-48.005	95.905	-10.88	-61.173	-124.91	-64.742	-57.531	43.985
-2.0514	8.5819	11.554	8.7311	-3.4648	-8.4288	-2.2253	4.5111	-0.53251	-0.32759	-0.72517	0.77205	0.22163	2.0846	41.886	249.67	309.25	31.145	-33.328	-235.23	-99.004	173.14	-123.02	72.244	-12.456	70.441	50.444	-9.9101
-1.5311	13.065	9.4656	8.0153	-3.7216	-8.9998	-2.8912	5.3569	-2.2472	1.1179	0.017732	0.060288	0.96538	1.6527	20.811	179.31	-83.55	-28.631	-10.274	-22.843	-26.636	33.831	-68.586	57.818	29.716	-28.471	29.75	-17.276
-1.5187	13.647	7.7151	8.4976	-3.7899	-8.3044	-4.236	5.0435	-2.5195	1.1725	0.074023	-0.80175	0.45738	1.34	0.49363	23.282	-70.021	19.292	-2.7324	27.819	-53.793	-12.534	-10.894	2.1834	2.2516	-34.481	-20.32	-12.508
-1.7148	11.956	8.3481	8.5676	-2.6272	-8.1294	-5.8308	4.992	-3.1176	1.9806	-0.095119	-1.6778	0.78259	0.44875	-7.8434	-67.622	25.32	2.7982	46.51	6.9983	-63.791	-2.0584	-23.922	32.324	-6.7657	-35.042	13.009	-35.65
-1.8879	8.7652	10.023	7.6852	-0.80312	-9.1176	-6.3539	4.7644	-3.9503	2.8592	-0.15133	-1.2851	0.49535	-0.29287	-6.9212	-127.64	66.981	-35.295	72.962	-39.527	-20.925	-9.1059	-33.309	35.145	-2.2485	15.709	-11.49	-29.665
-2.055	3.1356	11.469	8.1671	-0.31389	-8.677	-7.3575	4.2778	-4.3843	3.1949	0.021736	-1.3846	-0.10596	-0.014819	-6.6864	-225.19	57.865	19.275	19.569	17.623	-40.143	-19.466	-17.36	13.429	6.9226	-3.9834	-24.053	11.122
-2.1266	-1.0628	11.864	8.0778	0.55943	-8.4568	-7.2098	3.8412	-3.8261	2.6555	0.66998	-2.0159	0.18746	-0.12778	-2.8639	-167.93	15.808	-3.5718	34.933	8.8063	5.9064	-17.464	22.33	-21.577	25.93	-25.25	11.737	-4.5183
-2.0154	2.7665	12.2	6.8422	1.0227	-9.3325	-7.0292	4.3693	-4.2384	2.8314	0.27117	-1.7028	0.088515	-0.36583	4.4508	153.17	13.442	-49.425	18.531	-35.025	7.2247	21.125	-16.495	7.0351	-15.952	12.523	-3.9576	-9.5221
-1.6795	8.0877	10.726	5.6838	0.21727	-9.8449	-6.8468	5.011	-3.962	3.0962	-0.13726	-1.9369	-0.15117	-0.19689	13.434	212.85	-58.985	-46.336	-32.218	-20.496	7.2953	25.67	11.059	10.592	-16.337	-9.3619	-9.5875	6.7577
-1.521	14.124	11.249	4.9578	-1.7586	-10.726	-5.6172	5.2929	-3.5525	2.9227	-1.0335	-1.5692	-0.16007	0.33961	6.3416	241.44	20.931	-29.038	-79.033	-35.252	49.184	11.274	16.381	-6.9373	-35.851	14.707	-0.35576	21.46
-1.2708	20.804	8.6459	3.7913	-2.8908	-11.177	-3.1853	5.0539	-1.7655	1.0171	-0.36168	-1.3111	-0.14036	1.023	10.006	267.23	-104.13	-46.66	-45.288	-18.048	97.276	-9.5578	71.48	-76.224	26.874	10.322	0.78835	27.335
-1.1536	25.975	8.5306	1.5459	-4.0403	-11.367	-3.2645	6.3818	-2.2711	-0.19379	-0.49386	-0.35279	0.64122	1.2264	4.6873	206.81	-4.6116	-89.818	-45.982	-7.5962	-3.1678	53.117	-20.224	-48.437	-5.2871	38.333	31.263	8.1385
-0.94435	28.947	9.3812	-1.9998	-3.9766	-10.567	-1.6753	5.2885	-2.0447	-0.85728	0.46645	0.27356	0.83818	1.3854	8.3709	118.9	34.024	-141.83	2.5505	32.012	63.567	-43.736	9.0557	-26.539	38.413	25.054	7.8783	6.3582
-0.77923	30.582	9.1518	-4.1069	-3.0908	-8.8152	-1.3328	4.6306	-1.3449	-0.92553	1.2268	1.1712	0.84418	0.83296	6.605	65.378	-9.1771	-84.286	35.43	70.071	13.7	-26.312	27.992	-2.7299	30.415	35.907	0.23985	-22.098
-0.746	32.767	9.2711	-4.9829	-3.3958	-8.2297	-0.68432	2.9288	-0.079554	-2.2427	2.2414	1.3711	0.55309	0.32229	1.3292	87.432	4.7735	-35.039	-12.2	23.421	25.941	-68.075	50.612	-52.688	40.584	7.9942	-11.644	-20.427
-0.75011	33.195	7.29	-5.0406	-4.2448	-7.0417	-0.60918	2.2232	1.0527	-2.9633	1.9228	1.6533	1.1699	-0.56528	-0.16458	17.108	-79.244	-2.3105	-33.961	47.519	3.0058	-28.222	45.291	-28.824	-12.747	11.29	24.673	-35.503
-0.98505	27.572	12.96	-9.0771	-3.9229	-3.7322	-2.8356	3.264	-1.3628	0.064969	0.22413	1.0185	3.1072	-1.827	-9.3974	-224.94	226.81	-161.46	12.878	132.38	-89.058	41.632	-96.622	121.13	-67.945	-25.395	77.491	-50.47
-1.2878	30.861	8.6646	-2.9617	-11.682	1.8475	-1.6037	-1.8253	1.2678	-1.7947	2.2616	-1.7452	3.7057	-1.0001	-12.109	131.58	-171.83	244.61	-310.35	223.19	49.278	-203.57	105.23	-74.388	81.498	-110.55	23.938	33.079
-1.5804	22.57	12.088	-3.3651	-13.431	4.234	-0.031696	-2.597	-0.72801	-0.9176	3.6471	-3.153	2.6486	0.33245	-11.705	-331.63	136.92	-16.136	-69.969	95.458	62.88	-30.867	-79.833	35.085	55.421	-56.314	-42.281	53.3
-1.7695	13.164	18.755	-7.1486	-12.31	3.4631	1.035	-1.4999	-3.6337	1.0442	2.5513	-1.6443	0.64208	1.0944	-7.5637	-376.24	266.68	-151.34	44.83	-30.834	42.669	43.885	-116.23	78.471	-43.83	60.351	-80.261	30.477
-1.8466	12.754	17.652	-6.7489	-13.328	3.0513	2.8425	-1.5108	-3.212	1.1632	1.6664	-1.4269	-0.37302	1.4541	-3.0839	-16.403	-44.095	15.991	-40.73	-16.471	72.299	-0.43816	16.866	4.7601	-35.398	8.6961	-40.604	14.39
-1.7811	12.11	18.521	-5.2326	-14.961	3.4374	2.8772	-1.502	-2.8129	1.1835	1.3508	-0.8875	-0.50614	1.0035	2.6186	-25.773	34.731	60.65	-65.313	15.441	1.3882	0.35404	15.963	0.81194	-12.623	21.575	-5.3249	-18.026
-1.725	11.683	18.154	-5.9729	-14.335	3.0133	3.198	-1.3891	-3.0351	1.6071	1.3936	-1.5326	-0.20958	0.5454	2.2436	-17.089	-14.663	-29.612	25.057	-16.961	12.831	4.5145	-8.8889	16.947	1.7096	-25.805	11.862	-18.323
-1.7234	14.333	16.329	-6.1716	-13.581	2.6587	3.0072	-0.80885	-3.0059	2.1006	0.67224	-1.2391	-0.58361	0.76273	0.066755	106.04	-73.012	-7.9474	30.166	-14.186	-7.6298	23.21	1.1679	19.739	-28.854	11.741	-14.961	8.6933
-1.5893	14.739	16.334	-7.1306	-12.942	2.5709	3.0005	-0.50993	-2.8069	2.7333	-0.37406	-1.2366	-0.78384	1.1247	5.3634	16.216	0.21765	-38.362	25.554	-3.5111	-0.26947	11.957	7.9614	25.309	-41.852	0.098548	-8.0094	14.478
-1.4319	17.867	15.872	-7.1126	-13.775	3.1984	1.4703	-0.3297	-1.5193	2.3919	-0.31764	-1.8975	0.60039	0.44954	6.2972	125.12	-18.503	0.72132	-33.319	25.1	-61.209	7.2089	51.504	-13.659	2.2568	-26.435	55.37	-27.006
-1.2397	19.274	15.817	-8.798	-11.902	2.8338	0.45391	0.95508	-0.81668	2.3577	-1.4571	-1.7	1.722	-0.15808	7.6873	56.303	-2.1688	-67.417	74.893	-14.586	-40.655	51.391	28.105	-1.366	-45.58	7.9022	44.862	-24.305
-1.0344	22.403	13.486	-9.1947	-9.7295	0.56913	0.5341	1.8474	0.30815	1.0761	-1.9898	-1.0492	2.2206	-0.71678	8.2114	125.15	-93.243	-15.867	86.918	-90.586	3.2076	35.693	44.993	-51.263	-21.306	26.029	19.946	-22.348
-0.88302	24.214	12.973	-9.7688	-7.9787	-0.63194	-0.67767	4.0639	0.16425	0.3947	-3.0266	0.1747	1.9839	-1.0681	6.0547	72.446	-20.537	-22.963	70.031	-48.043	-48.471	88.658	-5.7561	-27.257	-41.472	48.957	-9.4663	-14.051
-0.81817	25.011	11.311	-8.8765	-7.2874	-1.987	-0.12223	5.0829	0.41823	-0.85954	-2.24	0.35287	1.4677	-0.27615	2.5938	31.891	-66.491	35.692	27.653	-54.202	22.218	40.761	10.159	-50.17	31.463	7.1265	-20.649	31.676
-0.87187	25.531	10.648	-8.3261	-6.2754	-2.9404	0.065066	6.235	0.017867	-1.3791	-2.1175	1.0268	0.37137	0.7495	-2.1478	20.78	-26.512	22.014	40.483	-38.135	7.4917	46.085	-16.014	-20.784	4.9001	26.959	-43.853	41.026
-0.85429	24.466	10.536	-8.2132	-5.8324	-3.9609	0.309	6.6565	-0.11747	-1.4928	-2.3212	1.1974	0.21536	1.5153	0.70309	-42.618	-4.4806	4.5181	17.72	-40.82	9.7574	16.858	-5.4135	-4.5447	-8.1464	6.8202	-6.2407	30.63
-0.76586	26.594	8.4583	-6.6313	-6.4099	-4.1398	1.4173	5.5693	0.80359	-2.8899	-0.85564	-0.36702	1.0472	1.3486	3.5371	85.14	-83.102	63.275	-23.103	-7.1592	44.333	-43.486	36.842	-55.885	58.621	-62.575	33.274	-6.6663
-0.67137	28.461	7.4777	-6.5885	-6.2276	-4.6527	2.2364	5.5216	0.59243	-3.0392	-0.50967	-0.33099	1.2218	1.6976	3.7798	74.671	-39.222	1.7142	7.2917	-20.512	32.762	-1.9066	-8.4466	-5.9706	13.839	1.4414	6.9835	13.958
-0.55827	27.668	9.3602	-9.3808	-4.2732	-6.0238	3.9377	4.8696	0.27259	-2.6758	-0.68881	0.22737	0.58367	2.5995	4.5239	-31.704	75.298	-111.69	78.178	-54.845	68.055	-26.08	-12.794	14.535	-7.1656	22.334	-25.525	36.077
-0.46652	29.618	8.7924	-10.529	-4.2146	-5.726	4.642	4.4654	0.12769	-2.734	-0.40537	0.73776	0.15351	3.0067	3.6698	78.007	-22.712	-45.919	2.3438	11.911	28.169	-16.171	-5.7961	-2.3287	11.337	20.416	-17.206	16.289
-0.42191	30.539	8.3374	-10.308	-4.7731	-4.7349	5.048	3.8582	0.28818	-3.3591	0.62912	0.86677	-0.1728	3.2882	1.7844	36.835	-18.199	8.8205	-22.339	39.643	16.243	-24.285	6.4199	-25.003	41.38	5.1603	-13.052	11.262
-0.60637	30.005	8.2537	-9.3289	-5.5783	-3.8063	5.1979	3.132	0.13765	-3.2295	1.4997	0.6337	-0.14379	3.2334	-7.3784	-21.372	-3.3501	39.174	-32.209	37.144	5.9961	-29.051	-6.0214	5.1835	34.824	-9.323	1.1601	-2.1927
-1.0344	27.018	10.043	-8.07	-5.0368	-2.5976	4.4473	2.8716	0.74863	-3.4826	0.86037	1.2094	-0.78396	3.2917	-17.121	-119.49	71.56	50.357	21.66	48.35	-30.025	-10.416	24.439	-10.127	-25.574	23.029	-25.607	2.3323
-1.7732	30.125	7.986	-10.449	-6.4209	2.4013	3.9725	2.2327	1.2495	-3.5325	2.0006	0.2725	-0.78366	2.6366	-29.553	124.28	-82.268	-95.16	-55.366	199.95	-18.994	-25.553	20.037	-1.9929	45.609	-37.477	0.012007	-26.204
-2.5845	11.693	3.4504	-7.4445	-2.4362	2.5082	7.9834	2.6715	1.9636	-2.2591	0.47796	-0.39081	-0.74963	1.8923	-32.453	-737.25	-181.42	120.18	159.39	4.2768	160.44	17.551	28.561	50.934	-60.905	-26.532	1.3615	-29.773
-5.2014	9.1246	-5.6567	-5.7806	1.2246	1.2115	7.6069	-2.512	2.3611	-2.9224	2.311	-1.308	-1.0598	3.0639	-104.68	-102.75	-364.29	66.556	146.43	-51.87	-15.059	-207.34	15.899	-26.529	73.32	-36.689	-12.408	46.864
-5.4977	8.9993	-6.2257	-1.4908	1.6367	0.45861	4.1787	-2.4059	2.2314	-3.1104	2.1771	0.3969	-2.1953	1.3395	-11.85	-5.0141	-22.76	171.59	16.484	-30.114	-137.13	4.2437	-5.185	-7.5238	-5.3552	68.198	-45.42	-68.977
-5.6933	5.7639	-5.0871	1.942	0.17916	2.3872	-0.27774	-0.96381	1.95	0.32482	0.64911	0.065907	-0.61514	0.28495	-7.8248	-129.42	45.544	137.32	-58.301	77.142	-178.26	57.682	-11.259	137.41	-61.119	-13.24	63.207	-42.181
-6.2609	-1.5275	-6.1257	1.2499	-5.4266	1.6898	0.27729	-2.5839	2.3575	-0.25388	-1.5234	-0.23872	0.21156	-0.95003	-22.703	-291.65	-41.544	-27.686	-224.23	-27.894	22.201	-64.805	16.302	-23.148	-86.901	-12.185	33.068	-49.399
-7.0002	-11.484	-6.6265	3.8633	-5.081	0.77277	0.3209	0.10837	0.54195	-3.5465	-1.5529	0.61486	0.84407	-0.57293	-29.573	-398.28	-20.03	104.53	13.822	-36.681	1.7447	107.69	-72.622	-131.7	-1.1807	34.143	25.3	15.084
-7.8855	-17.511	-10.556	2.5504	-2.4721	1.4813	-2.3051	-1.1738	1.4781	-1.3544	-2.5333	-0.40421	-0.26468	0.065056	-35.412	-241.04	-157.19	-52.513	104.36	28.343	-105.04	-51.286	37.445	87.682	-39.214	-40.763	-44.35	25.52
-8.2955	-24.332	-17.019	3.8583	-1.2938	3.638	-1.4313	-1.4685	1.6967	1.2085	0.29215	0.014531	1.0372	-1.216	-16.398	-272.84	-258.52	52.313	47.13	86.268	34.954	-11.789	8.7462	102.52	113.02	16.75	52.077	-51.24
-8.3533	-23.482	-19.726	0.6074	-2.623	1.027	-0.20675	-1.1391	2.0137	1.2832	-0.19636	0.1151	1.7733	0.29104	-2.3115	33.971	-108.26	-130.03	-53.168	-104.44	48.981	13.178	12.679	2.988	-19.54	4.0225	29.441	60.28
-8.1698	-20.456	-15.261	3.1338	-0.58749	3.5236	1.134	-0.088746	2.428	0.56559	-0.48109	-1.6891	-1.2034	-0.016238	7.3395	121.04	178.58	101.05	81.422	99.865	53.63	42.012	16.571	-28.705	-11.389	-72.167	-119.06	-12.291
-7.3221	-12.831	-12.14	4.1642	0.39336	3.9853	0.66121	-3.3583	0.56555	-0.639	0.019895	0.058476	-1.2423	-0.042699	33.909	305.03	124.85	41.216	39.234	18.468	-18.912	-130.78	-74.497	-48.183	20.04	69.902	-1.5559	-1.0584
-6.7336	-4.9867	-10.773	4.2033	0.12238	5.1547	2.9325	-1.4555	2.8045	0.77222	1.2777	0.42577	-0.26992	0.024194	23.54	313.76	54.683	1.564	-10.839	46.776	90.853	76.113	89.559	56.449	50.312	14.692	38.893	2.6757
-6.5941	1.6967	-11.211	3.3453	-1.532	2.9428	1.6351	-2.0759	1.7826	-0.8862	0.81002	-0.76077	-0.6893	-2.1576	5.5785	267.33	-17.505	-34.32	-66.174	-88.476	-51.898	-24.819	-40.877	-66.337	-18.708	-47.461	-16.775	-87.271
-5.022	-2.8506	-5.591	3.9091	-1.9415	1.5042	2.6358	-1.6121	2.3706	-1.2823	1.1521	-0.98638	-0.9789	0.25253	62.884	-181.89	224.79	22.552	-16.381	-57.543	40.028	18.552	23.519	-15.845	13.683	-9.0243	-11.584	96.405
-3.3222	18.924	7.3671	-0.96817	-3.9082	1.56	-0.64157	0.15781	-1.576	-2.3238	2.4266	0.84792	-2.1496	0.03081	67.992	871	518.32	-195.09	-78.67	2.2324	-131.09	70.798	-157.86	-41.659	50.981	73.372	-46.827	-8.8689
-3.1338	23.14	5.7889	-3.418	-2.7733	0.60933	-1.8571	1.2458	-2.6739	-2.3317	2.1388	0.69132	-1.0326	1.1952	7.5373	168.63	-63.126	-97.995	45.399	-38.028	-48.62	43.52	-43.916	-0.31711	-11.511	-6.2639	44.679	46.575
-3.8529	3.5101	5.4488	-1.633	-0.57297	2.3239	-4.0263	1.8172	-2.6346	-2.1744	2.0096	0.78152	-0.27313	-0.25216	-28.764	-785.2	-13.607	71.4	88.013	68.581	-86.771	22.857	1.5721	6.2955	-5.1683	3.6081	30.379	-57.894
-5.1456	-14.291	4.1812	3.7134	2.9306	5.7492	-8.0932	-4.0206	3.6772	-0.28638	1.0974	1.433	-1.8647	0.5089	-51.709	-712.03	-50.701	213.86	140.14	137.01	-162.67	-233.51	252.47	75.519	-36.491	26.059	-63.661	30.442
-5.0138	-13.735	4.5301	3.4369	2.0435	5.6319	-6.9131	-4.0261	4.0309	-0.81981	-0.55417	0.37977	-2.4308	1.3603	5.2709	22.232	13.956	-11.058	-35.486	-4.692	47.205	-0.22025	14.15	-21.337	-66.061	-42.129	-22.647	34.054
-4.9167	-13.889	5.0442	3.0974	1.3622	5.216	-7.2809	-2.7851	3.7416	-0.76169	-1.5113	-0.43042	-2.4111	0.77458	3.883	-6.1732	20.564	-13.579	-27.25	-16.634	-14.714	49.642	-11.572	2.3246	-38.283	-32.408	0.7874	-23.427
-4.8486	-14.644	5.1551	3.2948	0.69295	4.7921	-7.2723	-3.0538	4.0891	-0.3202	-1.7033	-0.74972	-2.3155	-0.25714	2.7247	-30.187	4.4329	7.8962	-26.771	-16.956	0.34718	-10.749	13.897	17.66	-7.6802	-12.772	3.8238	-41.269
-4.8775	-15.257	5.4475	3.3069	0.019866	5.501	-8.023	-2.5891	3.3364	0.88238	-2.6902	-0.42138	-2.2035	-0.7402	-1.1547	-24.534	11.699	0.48104	-26.923	28.354	-30.029	18.587	-30.107	48.103	-39.477	13.134	4.4831	-19.323
-4.383	-9.1337	4.228	0.94078	1.545	4.044	-7.2755	-1.0683	0.9279	0.39881	-0.66051	-0.24223	-1.8952	-1.4705	19.779	244.94	-48.782	-94.644	61.005	-58.279	29.898	60.834	-96.339	-19.343	81.187	7.1659	12.331	-29.212
-3.8668	15.856	3.2035	-7.581	2.47	0.45057	-4.2189	0.072386	-4.9973	-0.93016	2.0816	0.90062	-0.16228	-0.088692	20.648	999.57	-40.98	-340.87	37	-143.74	122.26	45.626	-237.01	-53.159	109.68	45.714	69.316	55.272
-3.6314	16.348	3.0307	-9.5953	1.7551	2.3389	-3.1881	1.2125	-4.9967	1.545	1.4236	-0.66132	0.52549	-0.84175	9.4162	19.687	-6.9108	-80.57	-28.597	75.532	41.23	45.603	0.026693	99.008	-26.319	-62.478	27.511	-30.122
-4.0587	10.864	4.0799	-9.061	1.5918	2.5767	-3.4175	-0.25311	-2.9024	1.9218	0.71906	-0.66746	-0.12481	0.44213	-17.095	-219.34	41.966	21.368	-6.5329	9.5114	-9.1748	-58.622	83.771	15.071	-28.183	-0.24539	-26.012	51.355
-3.7899	15.054	1.1171	-7.9214	3.5154	2.4939	-3.172	-3.3203	-0.98498	2.5729	-1.0356	-0.69521	-0.31702	0.60029	10.752	167.59	-118.51	45.585	76.945	-3.31	9.8191	-122.69	76.697	26.042	-70.186	-1.1101	-7.6884	6.3264
-4.0834	23.51	-2.9568	-8.6169	2.3735	1.8319	-4.8854	-4.7364	-2.0216	2.5858	-1.2396	-1.0728	0.32517	0.91528	-11.738	338.26	-162.96	-27.818	-45.677	-26.482	-68.536	-56.644	-41.465	0.51795	-8.1619	-15.105	25.687	12.6
-5.5125	-30.883	1.882	0.71566	2.6872	5.7255	-3.3575	-4.5709	-2.4421	3.1272	1.6104	-1.4709	1.7316	0.94166	-57.163	-2175.8	193.55	373.3	12.549	155.74	61.119	6.6184	-16.821	21.656	114	-15.921	56.257	1.055
-7.825	-42.375	5.1295	5.5728	1.9912	5.1785	-9.5786	-6.8612	1.7792	2.3058	-1.9482	-0.57674	2.4342	-0.81337	-92.501	-459.66	129.9	194.29	-27.839	-21.876	-248.85	-91.609	168.85	-32.856	-142.34	35.765	28.103	-70.201
-9.3416	-71.544	-7.0563	4.5932	1.3276	4.997	-2.2459	-2.9671	0.90918	-1.0941	-0.99918	0.73891	1.2377	-0.29418	-60.663	-1166.7	-487.43	-39.183	-26.545	-7.2622	293.31	155.76	-34.802	-136	37.961	52.626	-47.859	20.768
-13.058	-79.154	-15.856	1.1858	-0.98997	3.8463	-0.35993	-1.7876	1.3253	-0.26031	0.18147	0.61038	1.1651	0.76015	-148.65	-304.41	-351.97	-136.3	-92.702	-46.027	75.439	47.177	16.645	33.352	47.226	-5.1413	-2.9043	42.173
-12.861	-77.871	-13.424	6.7651	0.78586	3.9939	0.30869	-1.0281	1.9703	-1.1167	-0.55909	-0.28497	0.46153	0.55797	7.8657	51.302	97.275	223.17	71.033	5.9052	26.745	30.382	25.801	-34.254	-29.623	-35.814	-28.141	-8.0873
-12.717	-78.816	-14.978	2.6631	-1.9875	4.5736	1.1754	0.87671	1.1595	0.27146	1.4582	0.63781	1.433	-0.58368	5.7771	-37.794	-62.156	-164.08	-110.93	23.185	34.667	76.192	-32.434	55.524	80.694	36.911	38.859	-45.666
-5.5086	-37.838	-1.6826	-7.7695	-7.606	2.1174	2.3899	-0.58263	-1.0052	1.4152	1.6763	1.6358	2.0037	-0.25925	288.32	1639.1	531.8	-417.3	-224.74	-98.246	48.58	-58.374	-86.589	45.748	8.7222	39.92	22.828	12.977
-4.908	5.0626	-0.27625	-10.862	-7.6041	-0.0020758	2.3241	-2.4488	-2.6036	1.3766	1.3122	2.7006	1.5435	0.0012251	24.024	1716	56.253	-123.69	0.074496	-84.78	-2.6311	-74.646	-63.937	-1.544	-14.562	42.593	-18.408	10.419
-4.3721	15.886	-12.74	-4.4104	-7.0161	0.68586	5.3162	-3.3816	-0.72258	0.065942	2.4809	1.083	-0.23088	0.070676	21.435	432.92	-498.53	258.05	23.523	27.517	119.68	-37.315	75.242	-52.425	46.748	-64.706	-70.975	2.778
-3.7786	14.849	-24.172	1.086	-3.256	2.3174	4.218	-4.2776	1.6342	1.5363	1.7924	2.6022	-0.91538	0.015856	23.739	-41.47	-457.31	219.85	150.4	65.263	-43.929	-35.84	94.273	58.814	-27.542	60.767	-27.38	-2.1928
-2.7801	17.436	-28.391	4.1271	-3.2089	1.7746	4.7629	-3.9199	0.60272	0.97852	1.9949	1.25	-1.0712	0.043481	39.941	103.47	-168.76	121.64	1.8821	-21.713	21.799	14.31	-41.261	-22.311	8.1004	-54.086	-6.2315	1.105
-2.3949	21.537	-30.721	7.0323	-4.5559	2.3223	5.6499	-3.7544	1.4779	2.7301	0.77133	0.044008	-0.80439	0.0030985	15.407	164.05	-93.2	116.21	-53.88	21.909	35.478	6.6179	35.009	70.065	-48.943	-48.241	10.671	-1.6153
-2.192	23.834	-27.762	8.6684	-3.8637	2.2301	4.2098	-3.7332	1.9805	1.127	-0.041633	-0.27147	1.0387	1.4443	8.1163	91.895	118.38	65.444	27.688	-3.6902	-57.603	0.85102	20.101	-64.125	-32.518	-12.619	73.725	57.646
-1.9438	17.902	-31.302	8.1527	-6.2882	-0.4748	3.2553	-4.9686	2.0802	0.34961	0.97812	0.68819	0.64819	1.8251	9.9271	-237.27	-141.6	-20.629	-96.979	-108.2	-38.18	-49.419	3.987	-31.097	40.79	38.387	-15.622	15.234
-1.8899	19.557	-29.726	11.623	-5.1341	1.7871	4.5946	-4.2136	4.7331	0.26187	0.7511	1.8551	-0.67681	-0.61941	2.1569	66.202	63.047	138.81	46.165	90.475	53.572	30.201	106.12	-3.5097	-9.0808	46.676	-53	-97.781
-1.7228	15.733	-32.606	9.0096	-4.2694	1.5836	3.1534	-5.0583	1.1584	-1.4087	-0.04551	0.98254	-0.74989	-0.0014281	6.6865	-152.99	-115.22	-104.53	34.586	-8.1403	-57.648	-33.788	-142.99	-66.823	-31.864	-34.902	-2.923	24.719
-1.8877	15.865	-34.191	9.3339	-3.6335	2.1781	5.6588	-4.0689	2.3435	1.6425	0.13601	0.79297	-0.36353	0.15614	-6.5985	5.2859	-63.418	12.97	25.434	23.783	100.22	39.576	47.404	122.05	7.2606	-7.5827	15.454	6.3027
-2.1945	17.822	-32.723	7.2409	-3.4697	3.9575	5.7351	-3.733	0.67517	0.39416	0.78426	1.2003	-1.3699	-0.010744	-12.27	78.29	58.758	-83.718	6.5523	71.175	3.0506	13.438	-66.734	-49.933	25.93	16.293	-40.255	-6.6754
-2.8612	17.209	-29.283	3.41	-5.7157	3.6069	8.6079	-3.1985	0.25318	0.38224	-0.32839	-1.2735	-2.356	-0.29806	-26.668	-24.529	137.59	-153.24	-89.837	-14.026	114.91	21.379	-16.88	-0.4769	-44.506	-98.951	-39.444	-11.493
-4.1526	7.5387	-23.022	1.1826	-5.919	3.2622	6.5531	-4.5349	-1.321	0.26355	-0.015126	0.72357	-0.34914	-1.1093	-51.657	-386.81	250.42	-89.096	-8.1316	-13.787	-82.192	-53.456	-62.966	-4.7477	12.531	79.881	80.274	-32.45
-7.2214	-35.094	-15.425	1.0619	-6.487	1.938	7.7339	0.70801	2.2269	0.72927	-0.69113	1.4723	0.508	-0.79894	-122.75	-1705.3	303.88	-4.8263	-22.721	-52.97	47.233	209.72	141.92	18.629	-27.04	29.949	34.286	12.415
-8.1172	-48.296	-27.671	-4.0069	1.8575	-0.51305	4.7169	3.3682	0.94927	0.28182	-2.8465	2.964	0.39326	0.71873	-35.829	-528.11	-489.82	-202.75	333.78	-98.041	-120.68	106.41	-51.106	-17.898	-86.216	59.669	-4.5899	60.707
-8.1549	-31.393	-30.801	-4.8978	1.8815	-0.47643	5.283	3.8154	1.402	0.11971	-3.5396	2.4913	-0.1343	0.66106	-1.5116	676.13	-125.2	-35.637	0.96306	1.4648	22.645	17.89	18.109	-6.4845	-27.722	-18.911	-21.102	-2.307
-8.1896	-64.644	-21.238	-1.544	-1.2127	2.0221	6.0101	2.5189	1.7792	0.72407	-1.0389	1.6901	0.11692	-0.34969	-1.3871	-1330	382.53	134.15	-123.77	99.941	29.084	-51.86	15.087	24.174	100.03	-32.048	10.049	-40.43
-11.334	-59.237	-24.834	0.091447	-7.1084	4.1364	4.4362	2.8582	3.2377	-3.3211	-1.1346	-0.47659	1.8958	-0.19512	-125.77	216.27	-143.84	65.419	-235.83	84.572	-62.957	13.569	58.339	-161.81	-3.8301	-86.667	71.153	6.1831
-5.9692	-25.332	-0.23173	2.2114	-12.079	-0.10305	-0.63792	-1.6613	2.7709	-3.0904	1.5845	0.36369	1.4872	-0.94552	214.59	1356.2	984.08	84.797	-198.81	-169.58	-202.96	-180.78	-18.668	9.2264	108.76	33.611	-16.342	-30.016
-5.7819	2.6864	-5.5964	0.2113	-11.61	-1.8778	-1.9039	0.74539	2.8793	-1.5259	0.82395	-0.40631	1.0498	-0.14838	7.4936	1120.7	-214.59	-80.003	18.763	-70.991	-50.639	96.267	4.3358	62.582	-30.42	-30.8	-17.497	31.886
-5.9762	-6.0092	-9.959	1.1	-6.2322	2.0507	-0.24484	0.64377	2.0039	-2.0794	-0.79998	-1.0646	0.49517	1.182	-7.7738	-347.83	-174.51	35.546	215.09	157.14	66.363	-4.0646	-35.019	-22.142	-64.957	-26.331	-22.185	53.216
-4.8526	-6.3664	-0.47867	4.2927	-1.2645	3.8202	0.81189	-0.90854	1.8793	-2.102	-0.90445	-1.9386	0.7183	-0.89628	44.945	-14.288	379.21	127.71	198.71	70.778	42.269	-62.092	-4.9841	-0.90139	-4.179	-34.961	8.9251	-83.131
-3.9359	5.796	7.6469	5.9068	-3.3801	1.6251	-0.78628	1.1087	1.1197	-3.3298	-0.31683	-1.7319	0.57749	0.50124	36.666	486.5	325.02	64.564	-84.625	-87.805	-63.927	80.688	-30.382	-49.111	23.505	8.2696	-5.6321	55.901
-3.6322	-0.079726	5.9743	8.7324	-3.6866	1.1076	-1.0105	1.7117	0.83565	-2.4982	0.3616	0.11547	2.3651	0.23522	12.149	-235.03	-66.906	113.02	-12.262	-20.699	-8.9672	24.121	-11.363	33.261	27.137	73.894	71.503	-10.641
-3.4798	-3.1156	5.8797	7.4198	-0.93309	-0.42694	2.3436	0.27393	1.153	-2.4617	1.5547	-0.25005	2.0267	0.11511	6.0973	-121.44	-3.7818	-52.504	110.14	-61.381	134.16	-57.511	12.695	1.4604	47.723	-14.621	-13.535	-4.8041
-2.7241	10.57	5.6748	5.6363	0.50817	-0.43023	0.90199	-1.9168	-0.35492	-3.4607	2.747	-0.019992	1.5864	-0.40207	30.226	547.43	-8.1953	-71.336	57.65	-0.13131	-57.666	-87.631	-60.318	-39.96	47.694	9.2023	-17.611	-20.687
-2.1467	14.155	5.1414	3.5926	1.4637	0.38334	-0.56958	-3.0785	-0.91895	-2.2844	3.7644	1.3499	0.84457	-0.34783	23.096	143.41	-21.337	-81.75	38.223	32.543	-58.863	-46.467	-22.561	47.054	40.697	54.796	-29.673	2.1696
-1.9912	15.84	3.8819	2.2743	4.258	0.12773	-2.0301	-3.5636	-1.1423	0.0015363	2.6499	1.1937	0.063056	1.0252	6.2199	67.397	-50.38	-52.732	111.77	-10.224	-58.422	-19.405	-8.9353	91.437	-44.579	-6.2467	-31.261	54.922
-2.1304	17.582	1.9298	1.361	5.8499	-0.40061	-1.6919	-3.8903	-1.0115	1.399	1.1653	1.5093	0.16392	1.5604	-5.5657	69.696	-78.084	-36.533	63.676	-21.134	13.529	-13.065	5.2335	55.9	-59.386	12.621	4.0346	21.407
-2.3539	15.926	2.3305	1.1852	5.8396	-0.097133	-2.2217	-1.8053	-2.0901	1.3972	0.778	1.4927	0.88157	1.0394	-8.9397	-66.252	16.027	-7.0293	-0.41016	12.139	-21.19	83.398	-43.146	-0.074373	-15.492	-0.66382	28.706	-20.843
-2.6957	9.9192	4.4583	0.6	7.2472	0.17587	-3.4213	-0.75866	-2.1268	2.3672	-0.21679	1.7	1.3056	0.39583	-13.675	-240.28	85.113	-23.41	56.303	10.92	-47.986	41.865	-1.4651	38.803	-39.791	8.2937	16.96	-25.741
-2.9552	5.7059	5.5747	-0.00032333	8.1239	0.31595	-3.7068	-0.055812	-2.259	2.8401	-0.40238	1.5778	1.5362	0.001199	-10.378	-168.53	44.658	-24.013	35.069	5.6034	-11.418	28.114	-5.2906	18.914	-7.4238	-4.8876	9.226	-15.785
-3.2831	3.0442	6.1845	-0.5879	7.9896	-0.21872	-1.8681	-0.51742	-2.6277	2.4061	-0.034683	1.586	1.3068	-0.16812	-13.114	-106.47	24.389	-23.503	-5.3747	-21.387	73.547	-18.464	-14.748	-17.358	14.708	0.32609	-9.1756	-6.7727
-3.5191	-1.7624	7.9797	-1.1142	7.0192	0.99276	-1.8761	0.37931	-3.4764	1.8249	0.18258	1.9036	1.2395	-0.5664	-9.4427	-192.26	71.808	-21.051	-38.816	48.459	-0.31929	35.869	-33.947	-23.248	8.6905	12.703	-2.6944	-15.931
-3.7372	-5.0019	9.3464	-1.2468	6.5495	1.3155	-1.7012	1.6884	-4.5309	0.67092	1.0302	1.4119	1.2474	-0.9117	-8.7228	-129.58	54.669	-5.3054	-18.785	12.908	6.9944	52.364	-42.182	-46.16	33.904	-19.667	0.31656	-13.812
-3.944	-9.2012	10.961	-1.1488	6.3718	0.61907	-0.84721	2.4648	-4.553	0.15305	1.1359	0.86279	1.8952	-1.4457	-8.2718	-167.97	64.592	3.9204	-7.1104	-27.856	34.159	31.054	-0.88159	-20.715	4.2283	-21.964	25.913	-21.358
-4.0762	-11.04	11.897	-1.5739	6.3378	1.1223	-0.8296	2.4659	-3.1637	-2.2118	1.7505	0.48456	1.5531	-1.135	-5.2874	-73.558	37.416	-17.003	-1.3607	20.129	0.70472	0.04517	55.573	-94.594	24.584	-15.129	-13.684	12.427
-4.3664	-12.722	12.731	-2.8827	5.9716	3.8336	-2.5902	2.3668	-1.3517	-4.1169	1.6666	1.3078	0.36519	-0.27941	-11.608	-67.284	33.357	-52.353	-14.647	108.45	-70.425	-3.966	72.477	-76.204	-3.3554	32.928	-47.516	34.223
-5.0443	-17.346	12.061	-3.0445	3.3941	7.3766	-1.8073	-0.97244	0.53066	-3.4166	0.46492	1.5845	-0.45394	-0.089296	-27.118	-184.96	-26.779	-6.4735	-103.1	141.72	31.319	-133.57	75.295	28.012	-48.067	11.07	-32.766	7.6044
-6.3767	-40.468	8.9438	1.8918	-0.59235	8.0113	2.0178	-2.5518	-0.46432	-1.27	1.0571	0.3688	-1.0257	-0.50137	-53.293	-924.87	-124.69	197.45	-159.46	25.389	153	-63.176	-39.799	85.864	23.686	-48.629	-22.872	-16.483
-8.4018	-63.961	2.7007	10.767	4.7118	8.4556	1.1433	-2.8625	-0.0042994	0.35908	2.5733	0.76913	-0.49453	-0.12986	-81.008	-939.74	-249.72	355.02	212.17	17.771	-34.98	-12.429	18.401	65.162	60.648	16.013	21.249	14.86
-8.8703	-68.695	-0.6845	10.043	5.5732	10.228	2.7516	-2.4506	1.106	0.021262	0.90343	1.6893	1.196	0.4375	-18.739	-189.34	-135.41	-28.981	34.457	70.899	64.332	16.479	44.411	-13.513	-66.793	36.807	67.623	22.695
-5.9969	-33.938	-4.6812	-5.5099	6.2093	4.7167	0.60713	2.3483	2.6773	0.19951	0.56754	-1.109	0.84271	1.2146	114.94	1390.3	-159.87	-622.1	25.445	-220.46	-85.78	191.96	62.852	7.1299	-13.436	-111.93	-14.133	31.082
-5.4276	14.482	-8.9207	-8.6236	3.024	1.2399	-1.8008	-0.57062	0.70619	-0.76318	-0.57183	-1.6404	-0.19306	1.2514	22.773	1936.8	-169.58	-124.55	-127.41	-139.07	-96.319	-116.76	-78.843	-38.507	-45.575	-21.254	-41.431	1.4738
-3.6237	10.063	-0.29423	0.42448	6.7757	2.376	-1.3752	-4.1621	-1.6867	-0.67015	-0.18851	-2.0705	-0.9816	1.0174	72.153	-176.73	345.06	361.92	150.07	45.445	17.025	-143.66	-95.715	3.7211	15.333	-17.206	-31.542	-9.3608
-3.2619	10.01	5.0699	-4.1371	7.8272	0.96952	-3.4646	-4.2569	-2.9916	-0.85231	0.26671	-3.1465	-0.16592	0.75975	14.472	-2.1284	214.56	-182.46	42.061	-56.26	-83.578	-3.7907	-52.198	-7.2864	18.209	-43.041	32.627	-10.305
-3.1494	13.348	3.8225	-5.7246	8.3723	0.34982	-2.2218	-4.5418	-2.163	-0.18811	1.0872	-2.9978	-0.42433	0.49794	4.5023	133.52	-49.894	-63.503	21.804	-24.788	49.715	-11.395	33.147	26.568	32.82	5.9487	-10.336	-10.472
-3.2346	15.231	3.2157	-4.3893	7.94	0.63927	-2.2435	-5.0488	-2.5274	-0.44918	1.2729	-2.8581	-0.48188	1.1587	-3.4084	75.315	-24.274	53.412	-17.294	11.578	-0.87042	-20.28	-14.579	-10.443	7.4256	5.5899	-2.3019	26.432
-3.5318	12.414	3.9852	-3.5194	8.7619	0.86112	-2.3558	-4.6204	-3.2016	-1.1442	0.67998	-3.1154	-0.83118	1.2759	-11.887	-112.67	30.78	34.798	32.876	8.8741	-4.4915	17.133	-26.966	-27.799	-23.715	-10.293	-13.972	4.6876
-4.2329	-11.685	5.9313	0.0042491	7.7177	2.4497	0.59365	-0.78462	-2.3763	-0.86399	-0.0040778	-3.2679	0.61391	1.1243	-28.046	-963.96	77.843	140.95	-41.769	63.541	117.98	153.43	33.012	11.207	-27.362	-6.1015	57.804	-6.0664
-6.5568	-38.028	3.4967	4.4733	6.4326	3.4564	0.11507	0.68761	-0.81165	-0.7724	0.3852	-2.5406	-0.13234	-0.2234	-92.958	-1053.7	-97.382	178.76	-51.402	40.272	-19.143	58.889	62.585	3.6635	15.571	29.092	-29.85	-53.906
-8.8892	-62.718	0.83755	10.94	6.4929	5.6392	-0.09342	-1.6428	-0.93435	-0.039844	2.5736	-0.12399	-0.35781	-0.036624	-93.294	-987.62	-106.37	258.66	2.4127	87.311	-8.3395	-93.218	-4.9081	29.302	87.535	96.666	-9.0187	7.4709
-8.9591	-67.597	1.1281	11.04	4.988	6.9858	2.1277	-0.76066	0.48192	-0.12447	1.1368	0.022294	0.44507	0.73544	-2.7972	-195.16	11.622	4.0011	-60.196	53.865	88.845	35.287	56.651	-3.3851	-57.473	5.8515	32.115	30.883
-9.0252	-70.629	-1.9704	12.761	5.8204	8.6351	2.4634	-1.4206	1.862	-1.3294	1.1042	1.5249	0.90491	0.10289	-2.6422	-121.29	-123.94	68.828	33.296	65.971	13.43	-26.396	55.203	-48.197	-1.3037	60.104	18.394	-25.302
-9.4731	-72.616	-2.8891	9.8318	5.0825	8.9007	5.4302	1.3517	2.3423	-1.7708	-1.3514	0.28492	-0.22664	0.12501	-17.916	-79.477	-36.75	-117.15	-29.518	10.625	118.67	110.89	19.214	-17.654	-98.223	-49.599	-45.262	0.88483
-10.454	-78.675	-6.3103	9.8503	4.205	8.5627	3.4194	1.9007	1.9832	-0.71038	-1.0598	-1.0303	0.17091	-0.27884	-39.221	-242.33	-136.85	0.7404	-35.097	-13.521	-80.436	21.962	-14.365	42.415	11.665	-52.609	15.902	-16.154
-11.934	-82.316	-12.952	7.6764	1.2	6.2939	1.2017	2.3811	3.2709	0.49727	-0.070979	0.23981	1.0161	0.071089	-59.23	-145.63	-265.65	-86.958	-120.2	-90.752	-88.704	19.216	51.506	48.306	39.552	50.805	33.806	13.997
-9.8565	-76.175	-11.2	3.6852	-0.14428	6.0508	2.2237	0.33283	2.6535	-0.20872	0.205	0.20047	0.53888	-0.063169	83.117	245.63	70.078	-159.65	-53.77	-9.723	40.88	-81.932	-24.695	-28.239	11.039	-1.5734	-19.087	-5.3703
-7.7805	-34.942	4.8267	2.4533	-0.83097	0.60673	-7.7025	-5.3505	4.021	1.603	-1.2316	-0.68387	1.1924	-0.74837	83.039	1649.3	641.06	-49.277	-27.468	-217.76	-397.05	-227.33	54.698	72.47	-57.465	-35.374	26.142	-27.408
-6.1599	5.1746	-7.4864	-8.5397	-0.17836	-1.0062	-2.6914	-1.0515	0.94964	-1.7022	0.65166	-0.91479	0.66221	0.013705	64.823	1604.7	-492.53	-439.72	26.105	-64.517	200.45	171.96	-122.85	-132.21	75.332	-9.2367	-21.209	30.483
-6.3682	-1.6288	-8.9442	-7.7661	-0.80381	-0.83115	-2.9569	-1.051	0.87862	-1.8119	0.77887	-0.82437	0.53573	0.66399	-8.333	-272.14	-58.313	30.942	-25.018	7.0016	-10.62	0.017365	-2.841	-4.3847	5.0883	3.617	-5.0591	26.011
