Log_Energy MFCC_1 MFCC_2 MFCC_3 MFCC_4 MFCC_5 MFCC_6 MFCC_7 MFCC_8 MFCC_9 MFCC_10 MFCC_11 MFCC_12 MFCC_13 Log_Energy_D MFCC_1_D MFCC_2_D MFCC_3_D MFCC_4_D MFCC_5_D MFCC_6_D MFCC_7_D MFCC_8_D MFCC_9_D MFCC_10_D MFCC_11_D MFCC_12_D MFCC_13_D
-6.03565555555555 -3.73189722222222 -0.337763055555555 1.48332955555556 1.07077388888889 -0.407715777777778 -0.0479663888888889 0.197365333333333 0.252708333333333 0.460825194444445 0.164887777777778 -0.0205797222222222 -0.0686315 -0.246353888888889 -11.7058391666667 -179.460222222222 -87.64725 111.945036111111 72.6545030555556 -12.8169861111111 -9.85221666666667 -27.272075 7.83204166666667 15.5980166666667 -30.1501666666667 11.433125 17.2301859166667 -14.7437888888889
-6.14423 12.863277 -15.2847 -2.950695 -0.632431 0.111551 1.0429135 -0.470832 0.4295342 -1.8963075 0.5566098 0.4344 0.192771 0.7664909 141.296 2551.65 -129.8928 -269.2003 -30.31595 -130.77044 -44.11854 -105.306 -61.744542 -18.4069 4.4331 18.6934 -0.399410000000001 16.4629
-10.0338333333333 -39.6812222222222 -10.2987777777778 3.87292222222222 -2.22139211111111 1.20328888888889 1.04443821111111 1.11284344444444 1.98675444444444 0.227865222222222 -0.559031222222222 -0.462914444444445 1.14635888888889 -0.11907 -60.0388888888889 -366.146666666667 -230.575111111111 -104.323444444444 -131.556333333333 -73.4769666666667 -24.9532222222222 15.4462222222222 -32.6780333333333 17.2352888888889 65.1328888888889 30.9393444444444 14.5964444444444 27.3174811111111
-8.1037 -30.4794888888889 -5.5545185 6.07816905555555 -0.698056388888889 2.25308944444444 2.69951194444444 0.648158888888889 1.91117055555556 -0.614596388888889 -0.61656 -0.362331111111111 0.621822888888889 0.722653888888889 -38.92055 -511.338333333333 -237.050222222222 40.6469388888889 40.4416833333333 61.8388183333333 51.4492722222222 25.2610888888889 46.6452222222222 20.0456333333333 18.8192388888889 8.27486666666667 -1.12795555555555 14.4055366666667
-5.71965263157895 7.00732631578947 -4.28423684210526 -1.59490378947368 -2.30857994736842 1.58300861578947 0.535628947368421 -1.03592263157895 -0.268507368421053 -1.14195794736842 0.252631789473684 0.631407157894737 0.501738421052631 -0.0145758947368421 76.5235789473684 973.528947368421 54.2919736842105 -105.216578947368 7.07961052631579 6.10211052631579 -38.4172731578947 -20.7331894736842 -43.4418947368421 -24.3256421052632 -4.22376073684211 11.40471 5.48242105263158 14.4070315789474
-4.77297068965517 8.70272498275862 2.55611517241379 -1.68360920689655 1.47768431034483 -0.495585862068966 -0.966359448275862 -0.0586026724137931 -0.857161851724138 0.283788448275862 -0.0557230517241379 -0.0149635172413792 0.156004448275862 0.154647655172414 -2.31963327241379 19.1724225862069 1.25109172413793 -39.9140913793104 26.5488781034483 42.7769724137931 -27.4553189655172 -17.7634534482759 -11.5828510344828 6.7122225862069 6.71903310344828 -2.21876632758621 -3.10495224137931 1.73485575862069
-6.66224285714286 -15.112169047619 -0.305694285714286 2.69451904761905 1.04126285714286 2.00063928571429 1.51568628571429 -0.213330047619048 0.220892857142857 -0.397782476190476 -0.627879380952381 -0.579703857142857 0.0106795238095239 0.311585276190476 -44.1266761904762 -738.973333333333 -74.7887285714286 183.050095238095 -27.675019047619 38.3134761904762 68.7877714285714 26.7696380952381 50.7255285714286 -10.1897619047619 -19.624480952381 -1.86689380952381 3.22418095238095 10.0926476190476
-6.2391 -3.43515 -6.77053333333334 -3.713555 -3.31241416666667 2.48852583333333 1.19854575 -0.855054166666667 0.115713083333333 -0.631523333333333 0.742414166666667 -0.37675375 -0.04604 0.960797166666667 117.271291666667 1645.25833333333 102.27925 -226.000025 -105.571166666667 -45.210975 -34.5584 -46.1731916666667 -36.1652933333333 6.418675 30.086075 11.4316916666667 -20.6529583333333 15.0016416666667
-5.60418421052632 -1.20823986842105 2.92394947368421 0.0342807894736841 1.11322565789474 -0.352622934210526 -0.474718552631579 0.520803684210526 -0.313017131578947 0.353177960526316 -0.389025869736842 -0.449041986842105 0.122218723684211 0.115654197368421 -5.71652092105263 -103.063302631579 -36.2753844736842 12.3000517105263 25.561817368421 -5.92976315789474 -0.679094210526316 8.97288618421052 8.70144244736842 -1.43630263157895 -0.435947894736839 -7.69938947368421 -1.48266822368421 3.24078342105263
-7.4726 -18.204575 -8.7295 2.648625 -2.5735775 0.2014175 4.013025 2.0595525 0.859675 -1.06259 0.044665 -0.05958 0.757275 1.25908 -45.599 -936.7125 461.565 121.45725 -63.2605 86.4822 31.5985 77.79525 43.6035 -74.528525 -28.8456 -25.1965 29.441 2.86805
-5.27363888888889 9.49703111111111 -0.436085 -2.66590277777778 -0.575947777777778 -0.634661111111111 -0.145667222222222 0.266475 0.195907777777778 -0.510258555555556 0.594319722222222 -0.0434736111111111 -0.303648333333333 -0.559502777777778 23.8945905555556 501.788333333333 -104.324944444444 -150.097833333333 -28.2974316666667 -16.9964444444444 -23.5793388888889 13.8102166666667 -10.0697555555556 -8.23234444444445 46.5359333333333 -1.66474 -4.62011111111111 12.4660666666667
-5.667084375 6.029708125 -4.11835625 -1.318915625 -1.5015675 -0.12293925 -0.18137803125 -0.878263125 0.47721321875 0.12957871875 0.2862515625 0.0261118125 0.03319334375 -0.14814740625 -3.5987828125 -149.19746875 156.186834375 -80.6536975 -60.616808125 -15.37338125 2.0247825 -9.7571059375 -2.947410625 7.8684625 13.165653125 -5.7667375 3.82870625 -8.14736875
-6.12701707317073 -5.89114585365854 1.11776336585366 1.87980546341463 0.582741414634146 0.49007487804878 0.143700195121951 -0.0738044634146341 0.18587 -0.309739756097561 -1.30924221463415 0.293219829268293 -0.178473658536585 -0.511655487804878 -20.8610243902439 -350.69 -36.5965179512195 88.4668478048781 -23.8145917073171 42.4012517073171 31.3747292682927 -5.83552439024391 11.4042414634146 -2.44630487804878 -9.46194146341463 -7.85927780487805 -0.142136585365853 -3.30438317073171
-5.85868461538461 9.47867923076923 -11.7938384615385 2.16784153846154 -0.562371538461539 0.307578461538461 1.37430153846154 -2.16844076923077 1.53394923076923 -0.855709615384615 0.394629076923077 0.553458692307692 -0.865092076923077 -0.505280769230769 -9.34396153846154 218.600384615385 -406.191538461539 131.812615384615 -77.6392769230769 -17.2968461538462 5.80152307692308 2.36307692307692 19.2848461538462 -21.7263846153846 25.962 -22.6649769230769 -16.0349615384615 13.3002369230769
-4.75042558139535 9.22176302325581 5.63972790697674 -1.63497695348837 0.66528888372093 -0.578197674418604 -0.770002790697674 -0.488756511627907 -0.774074930232558 0.564973720930233 -0.128388209302326 0.0312924418604652 -0.0461515813953488 -0.721904407674419 -6.71242558139535 -209.464953488372 47.1342009302326 77.6470744186047 -30.0778860465116 -21.1086002325581 24.1394720930233 -1.01813876744186 15.9604874418605 -5.93453395348837 -17.0230288372093 3.12493023255814 9.54406976744186 -2.80371860465117
-5.4243 5.193624 1.47583571428571 1.09461142857143 1.93528928571429 1.19835164285714 0.252732857142857 -1.50078142857143 -0.838657857142857 -0.0365671428571429 0.185285142857143 0.0816707142857142 0.173835714285714 0.370274142857143 32.0073 171.155314285714 448.909285714286 59.2326785714286 74.8529642857143 -33.1888428571429 -59.0887142857143 -13.0763642857143 -83.5412857142857 2.14437857142857 -25.33265 -11.346 2.30112142857143 -14.8382857142857
-4.648755 10.835908 3.65574 -2.6627415 0.30972 -0.250976 -0.904199 0.33009355 -1.022704 -0.35134985 0.53182555 0.3746235 -0.12768335 -0.31485 18.4781825 134.60224 101.835785 -158.6087 -10.179536 3.43295449999999 -17.679845 41.75291 -31.817584 -15.432125 22.816085 -1.727005 -6.5270235 -8.297752
-10.43594 -50.9485 -12.63424 5.24677 -0.477002 2.959226 3.21954 0.979688 1.2216949 -0.478781 0.1655392 -0.1397845 0.1997436 -0.3082067 -123.5363 -1465.48 -8.9843 126.9052 -87.11567 100.7945 47.29142 39.6238 33.5905 -36.20243 -20.20012 42.91508 -3.16423 -35.78811
-6.6043 -3.244135 -10.579684 5.46668 -0.111291 -0.768419 2.731624 -1.446389 1.8523507 -1.260952 0.31522217 0.66669 -0.547247 -0.5303951 -22.8639 -170.2392 -374.315 121.36816 -85.9858 21.7055 76.2413 -1.33087 29.0184 -23.7736 31.834249 -4.4462 24.625348 11.5911
-5.17796 9.39948 -0.40538 -1.038736 3.0697664 1.32618 -0.6566724 -2.177746 -1.022046 1.515586 -0.38264914 -0.0687666 -0.01937 -0.355186 -4.91328 -318.202 309.214 -224.55 120.3566 -56.8382 58.71264 18.91314 -47.2872 22.0204 -62.6434 19.28118 -3.07016 -0.1532
-4.8729119047619 9.14980238095238 2.08440988095238 -3.11833664285714 -0.072764761904762 -1.06267721428571 -0.581091190476191 0.616120642857143 -1.32639571428571 0.288176942857143 0.385734738095238 0.239813585714286 -0.0832796666666667 0.273291071428571 6.19344721904762 200.35119047619 -60.9245419047619 -73.4518761904762 59.2772785714286 -3.21093452380952 -19.6120690476191 19.7911342857143 -8.76774523809524 1.54712547619048 -6.87727142857143 -7.66764340714286 -2.75036904761905 7.21828095238095
-5.84595294117647 -1.43508176470588 0.0447443137254908 0.643234509803921 -1.39611405882353 -0.457459549019608 0.0762415686274509 0.493868274509804 0.467164196078431 -0.276629490196079 0.0792965039215686 -0.0796568627450981 -0.0838371176470589 0.478112294117647 7.21512466666667 141.775117647059 50.0365215686275 -7.28290823529412 -37.3895549019608 -25.9255156862745 -6.63646666666667 2.99008235294118 12.3997443137255 -2.92034901960784 4.63573333333333 -1.16006607843137 -0.908822823529412 3.51641568627451
-6.82776956521739 -7.3228647826087 -4.81208260869565 0.126459565217391 -1.36657565217391 0.482651304347826 0.181884782608696 -0.312445217391304 1.07445665217391 -0.277428695652174 0.689086086956522 -0.150810434782609 0.352627652173913 0.513257913043478 -10.6362826086956 -440.380434782609 191.227086956522 16.0178086956522 54.7098626086957 7.0376 -22.2593095652174 2.00500869565217 -3.92902608695652 52.7024043478261 5.83174217391305 -16.1223634782609 14.9916826086957 18.2919243478261
-8.23716666666667 -36.0696666666667 -6.59535802111111 4.45333444444444 1.76070222222222 1.66399222222222 0.518094444444444 0.679798888888889 0.480133333333333 -0.157963333333333 -0.424729333333333 -0.775408877777778 1.19008444444444 0.23689 -69.2424444444444 -1052.53666666667 -288.401666666667 94.6292222222222 -39.0689555555555 19.4405 34.844 64.8440333333333 18.2603333333333 46.4402111111111 39.6314277777778 -39.1973777777778 21.6545555555556 25.9113888888889
-4.81035609756097 7.79438585365854 2.62802682926829 0.0517558048780488 1.78160707317073 -1.7160312195122 -0.62016043902439 -0.103103926829268 -0.394248780487805 0.558374553658536 -0.372427219512195 -0.175549317073171 -0.0531826658536586 0.0682317073170732 -2.05750243902439 33.1429704878049 -84.2847943902439 22.3795609756098 57.7385585365854 -38.7920975609756 29.2755268292683 -20.9690707317073 -2.40442195121951 20.8263594878049 -8.11393414634146 -2.37408292682927 -3.58440609756098 -6.66177731707317
-5.43956666666667 6.56455466666667 -7.55431066666667 3.4243878 -0.320188 -0.741953333333333 -0.114154 -0.509923333333333 1.0570228 0.3602012 -0.498378533333333 0.231089333333333 0.396880266666667 0.0543893333333333 22.0315473333333 367.242666666667 61.2098533333333 51.9848066666667 2.84813333333333 -84.7096 -31.4458933333333 -37.9535 -28.4596326666667 -7.16951333333333 -18.8378853333333 -12.3586 4.496508 -3.779336
-6.42184444444444 -3.09849666666667 -3.10539144444444 1.26586333333333 -0.763582222222222 1.64874444444444 0.835741111111111 0.423603 1.16878111111111 0.176667444444444 1.04255666666667 0.371863111111111 -0.0356755555555555 -0.376732222222222 26.1598888888889 -57.8576277777778 157.062444444444 196.689 82.8801111111111 74.6057777777778 48.1739 20.7162222222222 -3.79295555555555 -16.3409222222222 21.7040111111111 -3.11053333333333 -10.3400222222222 -0.408822222222223
-4.74628181818182 6.47731428571429 6.06647532467533 -2.07953879220779 -1.20375735064935 -0.267033924675325 -0.949803532467532 0.890777389610389 -0.728661224675325 0.661104442857143 0.669157688311688 -0.272981909090909 -0.205020044155844 0.0791854025974025 0.0958031948051948 -13.6889733766234 21.5746958441558 16.4559092207792 -23.1458192207792 -7.35368584415584 6.66508064935065 12.2422888831169 4.90879363636364 -5.10173108051948 -14.2111443636364 7.16415987012987 -3.41053298701299 -6.2866012987013
-6.209475 -2.440505 -1.3433105 0.646597942857143 1.79322871428571 1.40451142857143 0.33042375 -1.61233435714286 0.632363571428571 -0.0386311071428571 -0.4670265 0.485988285714286 -0.467498178571429 -0.390859428571429 -16.7828535714286 -239.955714285714 28.7507910714286 -23.8464357142857 31.4187892857143 72.8947857142857 12.7963607142857 -22.4026821428571 -9.59441428571428 -8.39179285714286 19.6359478571429 12.593365 -6.45848571428571 -2.76238928571429
-6.813953125 -11.8529259375 -3.32588625 2.610200625 -1.3374475 -0.164028125 0.920233125 0.45199684375 1.00706196875 -0.3127776875 0.241920990625 -0.01976375 -0.25847528125 -0.139047625 -3.17020625 66.392596875 -93.5045 -25.486790625 -60.29503 8.003716875 1.059303125 7.199215625 13.2051490625 5.817553125 13.06688125 -1.871886875 -11.5422778125 -13.8070040625
-6.20221666666667 -3.689775 4.56333333333333 0.0495300000000002 -1.69550416666667 -1.38895416666667 0.105352966666667 0.988286666666667 -0.252554166666667 -0.310349166666667 0.189459166666667 0.167043333333333 0.26834 -0.628515 40.4681666666667 560.315 239.639166666667 -50.0750333333333 -22.2197833333333 -76.57925 -56.4055 -1.17684666666667 -43.176275 -7.550775 12.8045 12.6457666666667 -11.0669166666667 -26.9340833333333
-5.06933076923077 11.1632692307692 5.54470538461538 -2.00011153846154 0.509977153846154 0.190683846153846 -0.496351076923077 -1.55939769230769 -0.0921853076923077 -1.86771153846154 -0.966355384615385 1.82320276923077 -0.266560153846154 0.0129576923076923 21.8087923076923 347.012307692308 234.126153846154 -206.613538461538 -5.57358461538462 17.5864692307692 -66.8358753846154 -1.88823846153846 15.7320453846154 -51.8079615384615 -10.5911769230769 21.8633692307692 0.469938461538461 11.1105176923077
