-8.6535	-53.78	-11.335	5.8639	3.1648	9.3184	1.7929	-1.6858	0.57226	-0.87224	0.24131	0.26649	-0.52216	0.028378	0	0	0	0	0	0	0	0	0	0	0	0	0	0
-6.3777	-14.12	1.0378	1.3715	4.0287	1.3964	2.0251	0.51073	-4.354	-1.2538	2.3196	0.69637	-0.35699	-2.458	91.03	1586.4	494.92	-179.69	34.554	-316.88	9.2862	87.859	-197.05	-15.263	83.13	17.195	6.607	-99.454
-6.3034	-6.066	1.3098	0.080383	4.8924	0.99691	1.7873	-1.3384	-6.4538	-2.3702	1.8399	0.051555	-1.6548	-3.1963	2.9732	322.17	10.877	-51.646	34.55	-15.98	-9.5126	-73.966	-83.989	-44.656	-19.188	-25.793	-51.911	-29.535
-6.7568	-24.536	-7.4755	1.0721	5.3225	4.8629	2.409	-4.3573	-3.842	-1.6622	0.24376	0.64266	-2.7486	-0.3829	-18.137	-738.81	-351.41	39.669	17.203	154.64	24.868	-120.76	104.47	28.321	-63.844	23.644	-43.752	112.54
-6.1755	-2.6799	-3.1267	0.81771	3.5754	2.2691	3.7417	-3.0574	-2.3929	0.73277	-0.31777	0.85854	0.051008	-1.3857	23.254	874.25	173.95	-10.176	-69.883	-103.75	53.31	51.997	57.965	95.798	-22.461	8.6353	111.98	-40.11
-6.0325	12.304	-5.9549	1.3407	2.3638	2.7502	3.5862	-5.1969	-1.5879	-1.0885	-0.13619	0.02311	-0.49559	-0.40834	5.7205	599.35	-113.13	20.92	-48.464	19.244	-6.2213	-85.581	32.2	-72.853	7.2631	-33.417	-21.864	39.093
-6.0966	14.438	-20.224	4.7482	-3.194	5.7785	2.4639	-3.6091	0.91718	0.23169	-0.55771	0.13292	-0.78526	0.3253	-2.5666	85.358	-570.77	136.3	-222.31	121.13	-44.891	63.513	100.2	52.809	-16.861	4.3924	-11.587	29.345
-4.9339	18.203	-30.301	3.6078	-2.2283	5.5936	1.2198	-3.5963	2.8751	1.3804	-0.076922	-0.030088	-0.30473	0.23423	46.511	150.61	-403.06	-45.614	38.626	-7.3952	-49.764	0.51107	78.318	45.949	19.232	-6.5204	19.221	-3.6429
-3.9665	26.262	-33.778	4.7765	-2.2688	4.5922	2.4377	-1.7612	4.8247	2.0336	-0.35523	-0.41127	-1.402	-0.60389	38.696	322.34	-139.07	46.749	-1.6168	-40.055	48.715	73.406	77.982	26.127	-11.132	-15.247	-43.89	-33.525
-3.4814	32.413	-31.335	6.0735	-1.6038	4.1339	2.4924	-2.7085	3.6343	2.2224	0.84481	-0.27343	-0.25019	-1.2595	19.404	246.04	97.708	51.878	26.6	-18.332	2.189	-37.895	-47.614	7.5521	48.001	5.5136	46.071	-26.224
-3.1509	37.351	-31.705	7.8289	0.50365	2.4815	2.8648	-2.6735	1.9814	0.74421	-0.93861	0.067344	-0.19894	0.92255	13.217	197.54	-14.823	70.218	84.297	-66.094	14.894	1.4037	-66.115	-59.127	-71.337	13.631	2.0502	87.282
-2.9571	32.75	-33.876	8.5174	1.1542	1.9138	3.5836	-3.5498	3.9261	1.8204	-2.5646	-1.0658	-0.48466	0.68577	7.7537	-184.05	-86.838	27.537	26.021	-22.71	28.752	-35.055	77.787	43.046	-65.04	-45.324	-11.429	-9.4711
-3.0886	30.285	-35.578	7.8032	0.78118	-0.49398	4.1633	-1.9153	3.5313	2.5986	-1.5585	-1.0008	0.192	0.75521	-5.2609	-98.601	-68.049	-28.568	-14.92	-96.31	23.188	65.383	-15.791	31.131	40.244	2.5991	27.066	2.7774
-3.4504	30.291	-33.781	4.9364	0.96705	-3.4168	2.877	-0.56167	0.31237	3.5534	0.45518	-1.2872	0.67285	0.47514	-14.471	0.26119	71.86	-114.67	7.4347	-116.91	-51.453	54.144	-128.76	38.19	80.547	-11.458	19.234	-11.203
-4.2822	26.609	-29.91	-1.9452	3.2876	-0.7064	-1.6165	4.0256	-1.0541	0.76899	1.3467	0.68914	1.9313	-0.44397	-33.271	-147.31	154.85	-275.26	92.823	108.42	-179.74	183.49	-54.658	-111.38	35.661	79.055	50.336	-36.764
-5.8657	5.0181	-22.232	-4.5751	4.393	1.5842	-2.9597	2.3927	2.8396	-0.52389	0.75663	0.83588	0.044579	0.095535	-63.34	-863.63	307.11	-105.2	44.213	91.624	-53.73	-65.314	155.75	-51.715	-23.603	5.8695	-75.467	21.58
-7.7482	-18.803	-13.897	-3.5772	-1.72	3.7371	2.6448	0.91725	2.8924	-0.14848	-0.91085	0.42175	-1.2906	-0.10657	-75.302	-952.84	333.41	39.917	-244.52	86.117	224.18	-59.019	2.1103	15.016	-66.699	-16.565	-53.408	-8.0843
-5.7467	-11.429	-0.20377	2.326	2.549	5.2569	2.3918	0.52689	1.2323	-0.72807	-2.3201	0.47691	0.34681	-0.28149	80.062	294.94	547.71	236.13	170.76	60.791	-10.121	-15.614	-66.403	-23.183	-56.371	2.2063	65.497	-6.9968
-4.9433	4.2841	3.8573	-0.38168	3.7303	4.0024	1.9253	2.3706	1.2203	-1.8495	-3.8636	-0.22664	-0.4574	0.1876	32.136	628.53	162.44	-108.31	47.253	-50.18	-18.663	73.747	-0.48152	-44.856	-61.738	-28.142	-32.168	18.764
-4.5982	5.75	3.6852	-0.47049	3.4988	4.1686	0.8389	3.9329	1.6839	-0.60366	-3.9446	-1.1195	-2.0065	0.105	13.804	58.636	-6.8843	-3.5525	-9.2596	6.6478	-43.454	62.492	18.545	49.832	-3.2417	-35.715	-61.966	-3.3042
-4.6614	7.4798	1.8065	-0.04253	4.2592	1.4503	2.3319	3.4474	2.4075	0.88261	-3.9196	-0.77099	-2.8249	-0.22131	-2.5299	69.192	-75.148	17.118	30.414	-108.73	59.719	-19.419	28.943	59.451	0.99867	13.941	-32.733	-13.052
-3.7698	14.728	2.8064	1.2396	1.6215	0.77632	0.11473	0.94706	2.5434	0.64661	-1.1775	-1.9322	-2.0424	-0.0091296	35.666	289.91	39.993	51.285	-105.51	-26.96	-88.686	-100.01	5.435	-9.4402	109.68	-46.45	31.3	8.4871
-2.8818	20.514	8.3016	-0.12567	1.1475	-3.4292	-3.72	1.6354	0.44663	0.34684	0.46374	-1.3467	-1.2346	1.3701	35.521	231.47	219.81	-54.61	-18.959	-168.22	-153.39	27.533	-83.87	-11.991	65.65	23.42	32.311	55.171
-2.3304	21.468	11.034	-1.7948	0.8158	-5.5855	-4.852	3.5528	-0.70284	1.1549	0.80592	-1.4835	-0.34731	0.95689	22.054	38.154	109.3	-66.767	-13.269	-86.253	-45.28	76.697	-45.979	32.322	13.687	-5.4708	35.492	-16.53
-1.8835	24.225	10.802	-3.4755	1.2796	-7.7351	-4.1785	4.9984	-1.137	2.9187	1.1292	-3.2996	1.2276	0.063363	17.875	110.29	-9.2631	-67.226	18.55	-85.983	26.943	57.824	-17.366	70.555	12.933	-72.645	62.995	-35.741
-1.6208	27.444	10.53	-3.2282	-1.0274	-8.1714	-3.2716	4.3828	0.25902	2.9829	0.4439	-2.782	0.61972	0.47158	10.511	128.75	-10.913	9.8916	-92.276	-17.453	36.276	-24.625	55.84	2.5645	-27.413	20.703	-24.313	16.329
-1.4295	27.01	11.579	-4.3658	-0.58237	-8.2951	-3.625	4.8863	-0.34636	3.5773	-0.19839	-2.3325	0.3686	0.34904	7.6501	-17.385	41.984	-45.505	17.799	-4.9483	-14.136	20.139	-24.215	23.78	-25.692	17.983	-10.045	-4.9013
-1.3165	28.734	10.592	-2.9774	-2.7386	-7.3096	-4.4268	6.1122	-1.5667	3.3117	0.8224	-2.9088	0.75714	-0.028241	4.5211	68.996	-39.478	55.537	-86.251	39.423	-32.071	49.039	-48.812	-10.627	40.832	-23.054	15.542	-15.091
-1.1751	28.18	11.086	-2.9463	-2.9438	-8.5423	-3.6041	5.9098	-1.7574	3.8426	0.5101	-3.2483	1.1955	0.25846	5.6576	-22.185	19.75	1.243	-8.2047	-49.307	32.907	-8.0977	-7.6314	21.238	-12.492	-13.581	17.534	11.468
-1.1363	30.14	10.618	-2.8229	-3.2456	-8.665	-3.1805	6.2951	-2.0081	4.2462	0.28517	-3.0627	1.2967	0.18764	1.5513	78.417	-18.715	4.9388	-12.072	-4.9082	16.946	15.411	-10.028	16.144	-8.9973	7.4251	4.0478	-2.8328
-1.162	30.07	10.467	-2.9719	-4.075	-8.151	-2.8149	4.9889	-0.77763	3.508	0.035088	-2.8797	1.4265	-0.024726	-1.0286	-2.8072	-6.0315	-5.9599	-33.179	20.56	14.623	-52.245	49.22	-29.53	-10.003	7.3214	5.1943	-8.4946
-1.1037	28.346	10.578	-2.1357	-4.6991	-9.0978	-1.6065	4.1991	-0.97539	3.4587	1.1092	-3.9134	1.7834	-0.51584	2.3306	-68.975	4.4267	33.446	-24.962	-37.873	48.337	-31.591	-7.9106	-1.9722	42.964	-41.348	14.273	-19.645
-1.1538	26.397	10.112	-0.45351	-4.1248	-11.449	-0.8225	4.2714	-0.97063	2.664	2.2277	-4.4573	1.8063	-0.33853	-2.0029	-77.94	-18.63	67.288	22.972	-94.057	31.359	2.892	0.19075	-31.786	44.739	-21.755	0.91704	7.0925
-1.2275	23.205	10.256	1.0626	-3.9822	-12.072	-1.6585	5.2336	-2.0723	3.6467	2.1005	-4.4538	1.4644	-0.086787	-2.9484	-127.68	5.7536	60.646	5.7027	-24.899	-33.438	38.488	-44.066	39.307	-5.0862	0.13833	-13.674	10.07
-1.3833	20.057	10.481	1.4732	-3.1027	-11.829	-3.3604	5.873	-1.8561	3.6298	2.4677	-4.8945	1.6144	-0.45724	-6.2297	-125.91	8.979	16.424	35.179	9.6931	-68.078	25.573	8.6483	-0.67718	14.686	-17.626	5.9967	-14.818
-1.7188	17.582	9.1136	3.0925	-2.1962	-11.171	-3.6911	4.4107	-0.31873	3.8883	1.7343	-4.1789	1.2894	-0.080477	-13.421	-99.022	-54.678	64.77	36.26	26.318	-13.23	-58.492	61.494	10.34	-29.333	28.624	-13	15.071
-2.3342	14.282	8.3762	3.4854	-2.2299	-9.5506	-3.765	3.105	-0.49675	4.1031	1.5541	-3.8357	1.7225	-0.24548	-24.618	-132.01	-29.495	15.718	-1.3486	64.83	-2.9542	-52.227	-7.1208	8.5921	-7.2098	13.725	17.324	-6.6003
-2.7974	8.8874	7.6036	6.5871	-1.8077	-10.306	-2.5004	2.5456	-2.1118	3.9994	2.6319	-3.9303	1.8132	-0.27892	-18.525	-215.77	-30.906	124.07	16.887	-30.213	50.584	-22.374	-64.601	-4.1486	43.114	-3.7831	3.6299	-1.3374
-3.1315	4.924	7.7841	6.3275	-0.31342	-8.5171	-4.5764	1.6692	-0.90963	3.7852	1.72	-2.9487	1.5327	-0.1145	-13.367	-158.53	7.2232	-10.387	59.772	71.555	-83.038	-35.059	48.086	-8.5661	-36.478	39.266	-11.222	6.5766
-3.5352	0.40363	7.6795	7.7046	1.1114	-8.1946	-4.2048	0.96981	-0.79115	3.1277	0.41668	-2.6375	2.6812	-0.10936	-16.146	-180.82	-4.1841	55.087	56.991	12.899	14.863	-27.974	4.7389	-26.3	-52.132	12.445	45.941	0.20558
-4.0785	-5.4797	7.7826	8.1171	2.158	-5.4517	-3.4955	0.53461	-0.99687	0.99632	-0.13877	-1.5478	2.0297	0.098126	-21.735	-235.33	4.1206	16.5	41.865	109.72	28.37	-17.408	-8.2286	-85.256	-22.218	43.588	-26.059	8.2996
-5.5819	-13.619	5.0487	7.791	2.3273	-1.6798	-1.6496	-0.41339	-1.1538	1.299	-1.2864	-2.8884	1.1397	0.55691	-60.135	-325.58	-109.35	-13.046	6.7734	150.88	73.84	-37.92	-6.2766	12.109	-45.907	-53.625	-35.598	18.351
-7.111	-26.726	0.6219	6.0349	0.52858	3.0172	1.6833	1.5142	2.1077	1.7853	-0.42002	-0.59936	-0.73155	-1.8258	-61.165	-524.28	-177.07	-70.244	-71.95	187.88	133.31	77.105	130.46	19.451	34.656	91.564	-74.852	-95.308
-7.3293	-30.316	0.20021	8.4624	1.8312	3.1801	0.87361	0.59854	3.368	2.6383	-2.4018	-1.7301	-0.76133	-1.918	-8.7303	-143.58	-16.868	97.099	52.104	6.5161	-32.388	-36.628	50.412	34.119	-79.271	-45.229	-1.1913	-3.6887
-7.3657	-30.303	-0.90323	7.5422	3.0531	2.5063	1.7757	2.5999	3.0072	1.8804	-2.3995	-1.3278	-1.3182	-1.8049	-1.4578	0.52618	-44.138	-36.808	48.877	-26.952	36.083	80.054	-14.431	-30.316	0.09078	16.093	-22.276	4.5247
-7.4737	-32.393	-0.66717	6.3309	3.0565	4.6791	2.1423	0.66097	3.8754	1.2469	-1.7	-1.2027	-2.1524	-0.68835	-4.3186	-83.62	9.4425	-48.452	0.13455	86.91	14.664	-77.557	34.73	-25.34	27.981	5.0022	-33.368	44.661
-7.6473	-32.888	-1.6429	6.5231	3.5428	4.0684	0.85416	1.3074	4.6399	2.2458	-2.8755	-1.2607	-1.6362	-0.88351	-6.9427	-19.798	-39.027	7.69	19.455	-24.428	-51.525	25.858	30.58	39.956	-47.019	-2.3213	20.648	-7.8064
-6.8662	-8.1334	-6.2125	-0.043507	2.0351	4.6323	0.080304	-0.72543	3.794	1.8347	-0.61096	-1.2319	0.36907	-0.20965	31.244	990.18	-182.78	-262.66	-60.308	22.556	-30.954	-81.314	-33.836	-16.446	90.58	1.1555	80.212	26.954
-5.5104	16.258	-5.4333	-0.61629	0.78504	2.7146	-1.7486	-2.1906	2.5041	0.9804	-1.2469	-2.1784	0.23858	0.1695	54.232	975.66	31.167	-22.911	-50.004	-76.709	-73.154	-58.605	-51.597	-34.17	-25.437	-37.86	-5.2199	15.166
-4.0114	4.251	6.9053	4.9946	3.7674	-2.8058	-5.5511	2.281	-1.2157	1.8618	0.34532	-2.333	-1.175	0.91139	59.961	-480.28	493.55	224.44	119.29	-220.82	-152.1	178.86	-148.79	35.257	63.689	-6.1867	-56.545	29.676
-3.3579	5.0816	8.7414	6.4612	4.761	-4.0015	-7.4625	2.7063	-1.8616	1.3982	0.72309	-2.1564	-1.0105	0.50883	26.141	33.225	73.444	58.661	39.744	-47.827	-76.456	17.013	-25.838	-18.544	15.111	7.064	6.5811	-16.102
-3.0458	2.0103	10.319	8.5443	4.5024	-5.391	-8.0072	3.2485	-1.3401	0.33175	0.096321	-1.0729	-0.74065	0.14452	12.48	-122.85	63.103	83.326	-10.34	-55.579	-21.788	21.687	20.861	-42.659	-25.071	43.343	10.795	-14.572
-2.9045	5.5007	9.5848	7.7401	4.757	-6.139	-7.0417	1.9957	-1.3952	0.61267	0.42374	-1.2313	-1.0279	0.86389	5.6521	139.62	-29.37	-32.169	10.184	-29.921	38.621	-50.111	-2.2052	11.237	13.097	-6.3377	-11.489	28.775
-2.868	2.2474	12.44	7.0819	2.5274	-5.112	-7.0677	2.3835	-1.6203	-0.08591	2.1229	-1.6302	-1.6812	0.52416	1.4599	-130.13	114.2	-26.327	-89.186	41.079	-1.0409	15.511	-9.0029	-27.943	67.967	-15.957	-26.134	-13.589
-2.8522	4.3324	12.294	5.8494	2.5572	-4.0979	-7.5476	1.7146	-1.0874	0.58869	1.5678	-1.6898	-1.0549	0.0059514	0.63227	83.402	-5.8488	-49.299	1.1923	40.563	-19.198	-26.757	21.315	26.984	-22.204	-2.3841	25.054	-20.728
-2.7971	3.6218	12.723	6.7784	1.2452	-4.582	-7.6882	3.07	-1.4267	0.40981	1.7448	-1.5308	-1.755	1.2608	2.2063	-28.426	17.168	37.159	-52.482	-19.364	-5.624	54.218	-13.572	-7.1551	7.0769	6.3618	-28.005	50.192
-2.8392	4.6101	13.197	5.1901	1.5098	-4.6945	-7.6358	3.2409	-1.1894	-0.48538	2.6965	-1.5208	-2.3823	1.4496	-1.684	39.535	18.982	-63.533	10.587	-4.4991	2.0965	6.8357	9.4925	-35.808	38.07	0.39738	-25.092	7.5522
-2.9716	6.0164	12.711	3.3989	2.3072	-5.1161	-6.7207	3.2535	-0.25178	-1.5372	1.5461	-0.3434	-2.4722	1.901	-5.2946	56.25	-19.438	-71.646	31.897	-16.864	36.607	0.50478	37.504	-42.074	-46.016	47.098	-3.5948	18.058
-3.1602	5.4538	12.617	2.8275	1.6272	-4.7456	-7.2321	3.908	0.53214	-1.1364	1.0693	-1.6155	-1.412	2.722	-7.5454	-22.502	-3.7766	-22.856	-27.2	14.819	-20.458	26.177	31.357	16.033	-19.073	-50.882	42.406	32.841
-3.2492	8.2912	12.394	0.56583	1.3517	-3.9463	-6.2792	3.4865	0.91443	-1.494	-0.24729	0.33745	-2.0514	3.0746	-3.5622	113.49	-8.9136	-90.468	-11.021	31.972	38.117	-16.859	15.292	-14.303	-52.663	78.116	-25.574	14.103
-3.2835	9.6392	11.531	0.43555	1.8225	-4.077	-6.7571	4.4313	0.80364	-2.1478	1.113	-1.2331	-0.87172	3.374	-1.3703	53.921	-34.514	-5.2112	18.831	-5.2275	-19.118	37.794	-4.4319	-26.152	54.411	-62.821	47.186	11.976
-3.2752	15.641	9.2637	-1.0228	1.4475	-3.4049	-5.5574	3.5883	1.9938	-4.083	1.4635	-0.63823	0.20304	2.5622	0.33339	240.08	-90.704	-58.333	-15.001	26.887	47.988	-33.723	47.606	-77.41	14.022	23.794	42.991	-32.473
-3.1668	14.384	9.7009	0.0010283	0.63716	-4.574	-4.8198	3.7355	2.0163	-5.5499	2.5471	-0.66822	2.2256	0.94066	4.3341	-50.279	17.489	40.952	-32.412	-46.764	29.506	5.8878	0.90118	-58.675	43.342	-1.1997	80.904	-64.861
-3.0837	19.163	8.6657	-3.0849	-0.11642	-1.7622	-3.4019	1.6413	0.76047	-4.8297	3.4385	-0.37107	2.6029	0.54051	3.3258	191.15	-41.411	-123.44	-30.143	112.47	56.715	-83.768	-50.234	28.81	35.656	11.886	15.088	-16.006
-3.0297	19.757	9.3273	-4.3583	-1.9332	-0.045331	-2.9383	0.3988	0.095933	-4.0908	4.6925	0.085824	2.4862	-0.7015	2.1599	23.76	26.467	-50.935	-72.672	68.674	18.545	-49.699	-26.581	29.553	50.159	18.276	-4.6653	-49.68
-3.0586	19.962	8.2427	-5.0336	-2.1085	0.28432	-3.0561	-1.02	1.2971	-3.4285	3.4566	2.5368	2.1377	-2.8498	-1.1578	8.2086	-43.385	-27.01	-7.0102	13.186	-4.7144	-56.753	48.045	26.494	-49.434	98.039	-13.94	-85.933
-3.1561	23.983	6.151	-7.6619	0.35476	1.0978	-3.978	-2.3575	0.98972	-1.217	4.4561	0.94504	0.085476	-1.7742	-3.8982	160.84	-83.669	-105.13	98.529	32.541	-36.873	-53.498	-12.294	88.461	39.979	-63.67	-82.09	43.027
-3.1784	26.909	5.6568	-10.183	1.9964	0.72048	-3.1594	-2.992	0.42168	-0.4363	3.8903	1.3197	-0.83841	-0.71908	-0.89325	117.02	-19.767	-100.85	65.665	-15.094	32.744	-25.38	-22.722	31.227	-22.63	14.987	-36.955	42.203
-3.1235	27.133	3.3441	-6.7899	2.6456	0.30655	-2.7982	-5.6977	2.5045	-0.01801	2.1726	2.061	-0.6437	-0.69553	2.197	8.9657	-92.508	135.73	25.971	-16.557	14.446	-108.23	83.312	16.732	-68.708	29.65	7.7882	0.94203
-3.1358	29.465	3.7503	-9.8597	5.1409	1.4527	-4.3345	-5.3209	1.3518	1.4525	1.1528	1.1813	-0.11297	-0.59901	-0.49141	93.306	16.249	-122.79	99.809	45.844	-61.449	15.069	-46.106	58.822	-40.793	-35.188	21.229	3.8606
-3.4128	27.056	1.5093	-7.6795	6.0709	3.2077	-5.2612	-6.6939	2.1291	2.2027	-0.060784	0.99848	-0.3371	0.87642	-11.082	-96.385	-89.643	87.208	37.199	70.2	-37.068	-54.919	31.092	30.007	-48.544	-7.3111	-8.9649	59.017
-3.9047	20.573	3.2465	-6.3306	4.4925	5.9914	-5.0451	-6.5771	1.0026	2.2519	-0.66281	0.81767	0.15864	1.3719	-19.678	-259.31	69.492	53.958	-63.136	111.35	8.6403	4.6744	-45.061	1.9653	-24.081	-7.2327	19.829	19.818
-4.3868	14.979	-1.1402	-3.9432	8.7998	4.5714	-3.5284	-6.0832	1.0517	0.044362	-0.74712	1.6063	-0.026201	2.7395	-19.281	-223.77	-175.47	95.493	172.29	-56.802	60.67	19.755	1.9633	-88.3	-3.3724	31.547	-7.3937	54.707
-4.716	13.758	-2.7672	-1.6952	9.2221	4.9346	-4.5137	-4.6508	1.1536	-0.56462	-2.2438	3.3796	-1.0373	0.37628	-13.17	-48.839	-65.079	89.921	16.89	14.529	-39.413	57.294	4.0759	-24.359	-59.866	70.931	-40.445	-94.531
-5.0135	8.3076	-3.6925	-1.3626	11.187	4.7588	-4.6177	-4.3272	-0.29333	-0.5027	-2.4798	3.1331	-0.32806	0.73842	-11.9	-218.01	-37.01	13.304	78.582	-7.032	-4.1602	12.947	-57.876	2.4768	-9.4419	-9.8597	28.37	14.486
-5.8736	3.9873	-6.7518	-1.2035	12.086	4.0168	-3.838	-3.4571	2.9094	-0.9275	-2.7821	2.3821	-1.1394	1.6395	-34.403	-172.81	-122.38	6.367	35.995	-29.679	31.191	34.802	128.11	-16.992	-12.091	-30.04	-32.455	36.044
-6.3265	-0.92366	-7.7563	-1.4918	12.571	3.8941	-4.7998	-2.4444	5.1644	-0.21215	-2.0765	2.3749	-1.2111	0.67314	-18.115	-196.44	-40.178	-11.532	19.366	-4.9103	-38.472	40.51	90.199	28.614	28.222	-0.29079	-2.8665	-38.655
-6.6108	-4.2814	-6.5519	-2.3114	14.032	7.497	-3.3023	-4.0908	2.2039	-0.20541	-3.506	1.0303	-0.0047238	0.17006	-11.375	-134.31	48.175	-32.787	58.443	144.12	59.901	-65.858	-118.42	0.2693	-57.179	-53.782	48.255	-20.123
-7.262	-10.385	-6.3657	-1.4706	11.034	6.2619	-3.3375	-4.6339	2.6145	1.1287	-0.046225	-0.37271	-1.0277	-0.048286	-26.047	-244.14	7.448	33.632	-119.9	-49.404	-1.4104	-21.724	16.422	53.366	138.39	-56.121	-40.919	-8.7337
-8.7335	-24.244	-10.943	-2.6964	6.6978	6.8249	-0.60409	-2.5484	2.0068	2.141	2.0341	0.12119	0.41968	-1.0922	-58.858	-554.36	-183.1	-49.03	-173.46	22.521	109.34	83.421	-24.307	40.492	83.214	19.756	57.895	-41.756
-10.014	-48.898	-11.587	3.62	4.03	6.4507	1.7125	-1.482	2.5842	1.8359	-0.70205	-0.1475	-0.46179	-0.22788	-51.222	-986.15	-25.763	252.66	-106.71	-14.968	92.663	42.654	23.097	-12.206	-109.45	-10.748	-35.259	34.572
-10.514	-40.403	-7.7003	4.7476	-0.19895	5.4795	-1.1383	-2.0378	1.8246	1.3358	-0.62278	-1.2632	-0.10676	-0.67735	-19.999	339.77	155.48	45.104	-169.16	-38.851	-114.03	-22.23	-30.386	-20.002	3.1708	-44.63	14.201	-17.979
-10.118	-39.7	-7.4593	3.8001	-1.3651	3.4495	-2.2107	-2.0747	3.2587	0.38513	-0.2797	0.20563	-0.85428	0.12387	15.838	28.137	9.6384	-37.901	-46.645	-81.199	-42.894	-1.4765	57.366	-38.028	13.723	58.755	-29.901	32.049
-10.048	-38.576	-6.3336	5.2454	-0.8972	3.542	-1.0129	-3.3965	2.5228	0.46166	-0.70254	-0.35785	-1.014	-0.47627	2.8088	44.954	45.028	57.81	18.716	3.7004	47.91	-52.871	-29.435	3.0614	-16.913	-22.539	-6.3901	-24.006
-10.043	-39.218	-6.2148	3.7309	-0.050136	4.148	-0.43905	-2.7633	1.6926	0.73416	-0.51028	0.061387	-0.51099	-0.90841	0.20265	-25.687	4.7519	-60.579	33.882	24.239	22.956	25.328	-33.208	10.9	7.6904	16.769	20.122	-17.286
-10.226	-38.424	-6.7676	2.1824	-1.5513	3.8467	-1.1357	-1.4604	1.516	0.48034	-0.50923	0.36241	0.17764	-0.88922	-7.3362	31.751	-22.113	-61.941	-60.046	-12.051	-27.864	52.117	-7.0649	-10.153	0.041989	12.041	27.545	0.76759
-5.9998	22.071	-11.565	-8.6509	-1.4577	4.4602	-1.5138	-3.6136	0.4149	0.061018	-0.42924	0.19882	-0.36499	-0.73885	169.05	2419.8	-191.91	-433.33	3.7423	24.542	-15.125	-86.129	-44.044	-16.773	3.1995	-6.5433	-21.705	6.0149
-5.7935	25.675	-10.503	-6.5344	-3.0128	2.4002	-1.399	-2.1246	0.35526	-0.11165	0.24032	0.11095	0.71075	-0.44226	8.2538	144.14	42.512	84.657	-62.204	-82.4	4.5904	59.561	-2.3856	-6.9066	26.782	-3.5148	43.03	11.864
-6.5177	14.157	-14.266	-8.561	-4.4116	2.5276	1.5702	-0.56445	1.757	0.69381	-0.018889	-0.61571	1.1559	-1.2524	-28.968	-460.73	-150.56	-81.062	-55.952	5.0974	118.77	62.404	56.069	32.218	-10.368	-29.067	17.806	-32.405
-6.7701	12.675	-11.599	-6.3001	-2.403	2.8538	0.70389	-3.9577	-0.25232	-0.41073	0.57214	1.5277	2.1609	-0.43702	-10.096	-59.269	106.71	90.435	80.348	13.046	-34.653	-135.73	-80.373	-44.182	23.641	85.737	40.2	32.614
-5.8054	6.1506	-8.3695	-5.2243	1.0714	2.6544	-0.041026	-2.1728	-0.69135	-1.7728	0.77872	0.46428	0.69503	-0.2418	38.587	-260.97	129.17	43.033	138.98	-7.976	-29.797	71.398	-17.561	-54.483	8.2631	-42.538	-58.635	7.8087
-4.0641	14.653	0.30639	-0.99378	2.5274	1.493	2.4116	-2.6602	-3.6093	-0.87043	2.2905	1.5354	-0.45301	-0.4827	69.654	340.08	347.04	169.22	58.238	-46.456	98.106	-19.498	-116.72	36.095	60.47	42.844	-45.921	-9.6359
-3.677	20.346	3.5634	-0.83358	4.9069	1.8055	0.62664	-3.4979	-4.5212	-1.2643	2.2064	1.4221	-1.9761	0.4874	15.48	227.75	130.28	6.4082	95.18	12.499	-71.399	-33.508	-36.474	-15.756	-3.3622	-4.5293	-60.922	38.804
-3.7806	20.957	-0.72865	-0.37413	4.3988	5.0716	-0.3009	-4.0203	-3.0334	-0.74385	1.2941	0.17373	-0.49773	-1.3625	-4.1424	24.437	-171.68	18.378	-20.324	130.64	-37.102	-20.893	59.509	20.819	-36.492	-49.937	59.133	-73.998
-4.8261	10.026	-6.1943	1.6057	4.1137	4.6021	3.5729	-2.0749	-0.15707	-0.22123	-0.79425	-1.2708	0.45265	-1.1251	-41.821	-437.25	-218.63	79.191	-11.403	-18.78	154.95	77.815	115.05	20.905	-83.535	-57.782	38.015	9.4965
-6.9185	-34.938	-7.326	2.7054	2.8642	5.2695	1.9643	-2.4314	0.74706	0.88731	-0.5346	0.26786	0.54685	-1.8224	-83.694	-1798.6	-45.267	43.991	-49.981	26.699	-64.342	-14.261	36.165	44.342	10.386	61.547	3.7678	-27.891
-13.074	-61.4	-18.79	-0.0087852	1.1047	6.56	2.0672	0.39102	3.0022	1.5588	-0.86954	0.30283	0.80397	-0.45048	-246.22	-1058.5	-458.58	-108.57	-70.38	51.619	4.1147	112.9	90.205	26.861	-13.398	1.3988	10.285	54.878
-13.905	-66.233	-21.128	-1.7129	-0.94929	5.4755	0.092924	-0.82171	1.6638	1.9566	-0.25249	-0.87536	-0.29092	-0.1678	-33.261	-193.36	-93.491	-68.164	-82.159	-43.379	-78.971	-48.509	-53.534	15.91	24.682	-47.128	-43.796	11.307
-13.97	-66.658	-22.257	-2.7401	-0.82909	5.517	-0.41457	-1.5347	0.19664	0.44767	-1.44	-0.22801	-0.19999	-0.67217	-2.5941	-16.969	-45.151	-41.088	4.8079	1.6602	-20.3	-28.518	-58.688	-60.356	-47.5	25.894	3.6375	-20.175
-13.929	-66.491	-24.358	-3.7894	-0.46086	6.5633	0.53262	-0.42653	2.6067	0.80236	-1.5506	-0.45375	-0.34087	-0.8218	1.6599	6.6746	-84.052	-41.974	14.729	41.851	37.888	44.325	96.404	14.188	-4.4232	-9.0296	-5.6353	-5.9852
-14.016	-68.124	-23.158	-2.146	-1.0488	5.6225	0.60628	-0.43618	2.0715	0.28054	0.86905	0.8459	0.53556	-1.0307	-3.505	-65.343	48.011	65.739	-23.519	-37.632	2.9463	-0.38579	-21.408	-20.873	96.785	51.986	35.057	-8.3544
-14.059	-68.958	-21.642	-2.1097	-0.533	5.8786	-0.14302	-0.73175	2.1641	1.6098	0.85716	-0.96669	-0.63232	0.26236	-1.7215	-33.355	60.625	1.4511	20.633	10.242	-29.972	-11.823	3.7034	53.169	-0.47589	-72.504	-46.715	51.721
-6.1032	20.256	-15.545	-6.7187	-3.1254	0.93567	0.40851	-3.6284	2.5408	-0.0043395	2.0399	-1.0154	-0.64568	-0.55951	318.25	3568.6	243.89	-184.36	-103.7	-197.72	22.062	-115.87	15.069	-64.564	47.31	-1.9493	-0.53412	-32.875
-5.678	30.608	-16.118	-3.987	-3.7871	2.3468	-1.1897	-3.9519	0.88439	-0.87356	-0.14796	0.0095271	-0.10341	-0.34403	17.009	414.09	-22.929	109.27	-26.469	56.444	-63.927	-12.94	-66.257	-34.769	-87.515	40.998	21.691	8.6189
-4.5011	17.436	-8.12	0.61599	-0.18327	3.7598	-0.44692	-2.5385	-1.9398	-0.83073	0.37124	0.45564	-0.50835	-0.7864	47.075	-526.87	319.91	184.12	144.15	56.521	29.71	56.538	-112.97	1.7134	20.768	17.844	-16.198	-17.695
-4.0569	23.733	3.1654	-4.0557	2.8862	1.5493	-0.15871	-0.94649	-1.6675	-3.1832	-1.4567	0.44081	1.2696	0.057454	17.77	251.87	451.42	-186.87	122.78	-88.42	11.528	63.679	10.893	-94.099	-73.119	-0.59286	71.118	33.754
-3.854	7.4824	8.8669	-0.55292	2.749	-0.76264	-0.36144	1.4512	0.040469	-4.0406	-0.99018	-0.71507	0.33116	1.1904	8.1167	-650.03	228.06	140.11	-5.4886	-92.477	-8.1089	95.907	68.319	-34.298	18.662	-46.235	-37.537	45.317
-4.3186	-1.6916	9.3925	2.7274	4.5959	-1.8207	-3.4049	3.2103	1.6761	-3.2556	-0.3055	-0.7193	-2.5698	1.0396	-18.585	-366.96	21.024	131.21	73.877	-42.323	-121.74	70.364	65.427	31.403	27.387	-0.16932	-116.04	-6.0334
-4.8102	-4.7491	6.3577	3.9701	3.5782	0.77899	-3.5546	1.7407	1.5605	-0.82491	0.085421	-1.4322	-1.5195	-0.25314	-19.662	-122.3	-121.39	49.71	-40.706	103.99	-5.9877	-58.785	-4.6268	97.227	15.637	-28.515	42.011	-51.708
-5.5459	-11.211	5.2629	3.2964	4.4704	3.2146	-2.7556	-1.6959	0.75901	0.18927	0.58386	-0.63035	-0.97536	-0.34448	-29.429	-258.48	-43.793	-26.949	35.685	97.425	31.962	-137.46	-32.058	40.567	19.938	32.073	21.767	-3.6536
-6.1233	-18.9	4.5642	6.7735	1.8578	2.607	-1.6858	-1.3917	0.35498	-0.74865	-1.0181	0.080718	-0.78157	-1.0935	-23.096	-307.55	-27.946	139.08	-104.5	-24.306	42.792	12.166	-16.161	-37.516	-64.077	28.443	7.7516	-29.96
-6.3819	-23.201	1.6827	10.421	4.3214	1.8094	-2.0479	-1.8626	0.014046	0.08168	-1.3559	0.54038	-1.9398	-0.45286	-10.343	-172.04	-115.26	145.9	98.542	-31.903	-14.485	-18.835	-13.637	33.213	-13.513	18.387	-46.329	25.625
-6.3715	-19.757	-0.801	10.82	5.5484	0.6841	-0.56959	-1.4903	0.12737	-0.21148	-1.6945	-0.079217	-0.049914	-0.09642	0.41557	137.78	-99.349	15.965	49.083	-45.012	59.133	14.892	4.5328	-11.726	-13.544	-24.784	75.595	14.257
-6.1751	-19.942	0.43481	9.6657	6.2573	3.3588	-1.1464	-2.6759	-1.2854	-0.043734	-1.5568	1.265	-1.4242	-0.78266	7.8562	-7.4332	49.432	-46.169	28.353	106.99	-23.074	-47.425	-56.509	6.71	5.5065	53.768	-54.97	-27.45
-5.7615	-19.415	1.4841	11.552	5.432	2.1766	-2.2243	-2.9646	-1.4541	0.3079	-2.347	0.5793	-0.88737	-0.088783	16.543	21.088	41.971	75.449	-33.011	-47.287	-43.115	-11.546	-6.7483	14.065	-31.606	-27.428	21.472	27.755
-5.1304	-14.16	2.9437	11.061	3.658	1.9399	-3.0001	-4.5023	-0.9408	-0.33999	-2.4856	1.5252	-0.10767	-0.27699	25.242	210.22	58.384	-19.619	-70.959	-9.4675	-31.031	-61.509	20.531	-25.916	-5.5453	37.838	31.188	-7.5281
-4.4469	-7.8099	4.4497	9.8869	4.3299	-0.44001	-4.7166	-3.7568	-0.65546	-0.14559	-0.49839	1.0973	0.045877	-0.55177	27.342	253.99	60.24	-46.982	26.876	-95.196	-68.662	29.82	11.414	7.7759	79.489	-17.116	6.1419	-10.992
-3.8056	4.1457	6.1313	4.8516	3.2429	-2.1511	-5.4889	-1.7399	0.69027	1.1907	-2.3246	2.2241	-1.5291	-1.1661	25.652	478.22	67.263	-201.41	-43.482	-68.442	-30.891	80.675	53.83	53.451	-73.049	45.071	-62.998	-24.573
-3.432	8.4773	9.9203	2.1978	0.09441	-1.5059	-4.6027	-1.4978	1.965	1.7825	-3.3044	0.042471	-0.063005	-0.99104	14.943	173.27	151.56	-106.15	-125.94	25.808	35.449	9.6839	50.99	23.672	-39.193	-87.266	58.643	7.0029
-3.1546	11.091	11.399	0.20912	-0.92443	-1.0617	-3.0413	-2.4016	3.2498	1.3465	-2.9213	-0.97115	-0.88659	1.4388	11.096	104.56	59.146	-79.547	-40.754	17.768	62.456	-36.152	51.392	-17.441	15.325	-40.545	-32.943	97.192
-3.0347	13.263	13.187	-0.99956	-3.8754	-0.4461	-0.21599	-2.7865	0.95344	2.9658	-3.1133	-1.5011	-0.76254	1.4166	4.7976	86.882	71.519	-48.347	-118.04	24.622	113.01	-15.395	-91.855	64.772	-7.6788	-21.198	4.962	-0.88551
-2.9191	13.159	14.783	-1.4101	-6.1991	0.51231	0.47815	-1.5343	0.12891	0.80426	-1.923	-0.135	-1.3167	1.1081	4.6216	-4.1638	63.86	-16.423	-92.95	38.336	27.765	50.089	-32.982	-86.46	47.612	54.644	-22.165	-12.341
-2.8769	15.1	14.867	-0.97567	-7.3581	-0.33912	1.9895	-0.55533	-1.6888	1.1969	-0.9589	-1.3632	0.17769	0.80938	1.6891	77.646	3.3586	17.378	-46.359	-34.057	60.455	39.158	-72.709	15.706	38.562	-49.13	59.775	-11.949
-2.7843	17.389	13.404	-1.2594	-7.2779	-0.56883	3.1941	-0.87787	-1.7562	-0.19984	0.068747	-0.0058388	-0.9405	0.76595	3.7053	91.55	-58.523	-11.348	3.2066	-9.1885	48.185	-12.901	-2.6943	-55.87	41.106	54.296	-44.727	-1.7372
-2.7315	20.708	13.627	-3.4512	-6.7841	-0.95413	2.4137	0.43874	-0.96576	-1.9204	0.10854	1.1544	-0.88703	0.63589	2.1121	132.77	8.8994	-87.672	19.753	-15.412	-31.216	52.664	31.617	-68.824	1.5915	46.409	2.1389	-5.2026
-2.6805	19.039	14.416	-2.4873	-8.0395	-0.7913	3.3337	-0.83705	-0.85202	-1.5125	-0.099135	1.2628	-0.10684	-0.42262	2.0386	-66.772	31.577	38.556	-50.215	6.513	36.798	-51.032	4.5495	16.32	-8.3068	4.3384	31.207	-42.34
-2.7672	17.026	14.414	-1.3215	-8.2715	-2.3192	4.3164	0.46537	-2.4221	-1.9764	0.81629	1.4101	-0.61123	0.20295	-3.4667	-80.519	-0.086383	46.633	-9.2799	-61.116	39.31	52.097	-62.803	-18.557	36.617	5.8889	-20.175	25.023
-2.9182	14.903	15.494	-3.2079	-8.2665	0.45373	3.5996	-1.382	-1.5715	-1.516	0.2085	2.1354	-0.75401	0.13112	-6.0418	-84.923	43.209	-75.458	0.19737	110.92	-28.672	-73.897	34.022	18.416	-24.312	29.012	-5.7112	-2.8733
-3.0985	16.826	12.9	-3.2297	-6.5518	-0.65325	3.094	0.71308	-2.1619	-3.1581	0.36821	3.9899	-1.6886	-0.30842	-7.2093	76.91	-103.76	-0.87044	68.59	-44.279	-20.225	83.805	-23.615	-65.686	6.3884	74.181	-37.385	-17.582
-3.1814	18.227	11.316	-4.0201	-4.7693	-1.2411	2.7254	1.5729	-2.9378	-3.2579	1.5841	2.4963	-0.97778	-0.2903	-3.3182	56.037	-63.356	-31.618	71.3	-23.513	-14.746	34.394	-31.036	-3.9912	48.637	-59.744	28.434	0.72494
-3.2241	22.733	9.4056	-4.911	-4.6008	-0.83529	3.6944	0.29594	-3.467	-1.9742	1.1706	2.8715	-1.5817	-0.30721	-1.7054	180.24	-76.429	-35.637	6.7405	16.232	38.763	-51.08	-21.169	51.349	-16.541	15.01	-24.157	-0.67647
-3.2069	19.422	10.637	-3.8123	-6.8551	-0.053008	4.4685	0.047323	-4.312	-1.0882	0.87302	2.7647	-1.5092	-0.0025559	0.68537	-132.42	49.25	43.951	-90.173	31.291	30.964	-9.9447	-33.798	35.438	-11.904	-4.2737	2.8994	12.186
-3.2802	16.188	12.722	-3.5326	-8.7095	0.43003	4.9646	-0.40016	-4.6567	-0.82022	1.4288	1.9318	-0.80849	-0.25629	-2.9296	-129.36	83.396	11.185	-74.177	19.321	19.844	-17.899	-13.787	10.721	22.229	-33.314	28.029	-10.149
-3.4178	13.156	13.045	-3.4948	-8.4782	0.86116	4.448	-1.4045	-2.9716	-0.58458	0.18386	2.3987	-0.41008	-0.68711	-5.5067	-121.27	12.913	1.5141	9.2532	17.245	-20.665	-40.174	67.401	9.4259	-49.796	18.676	15.936	-17.233
-3.6798	11.468	12.978	-3.7726	-7.5464	0.29571	5.7318	-2.3807	-2.5609	-0.48328	-0.13644	2.3484	-0.17818	-0.5769	-10.478	-67.525	-2.6718	-11.113	37.271	-22.618	51.352	-39.047	16.43	4.0519	-12.812	-2.0119	9.2759	4.4085
-3.9713	13.545	10.34	-3.6763	-6.8634	-0.26813	4.3399	0.95574	-3.9482	-1.7021	1.4281	2.7922	-2.0956	0.55626	-11.659	83.074	-105.5	3.8504	27.32	-22.554	-55.677	133.46	-55.493	-48.753	62.583	17.751	-76.698	45.327
-4.0162	12.553	11.875	-5.3678	-5.77	0.4221	3.1587	0.20667	-3.5482	-0.86345	1.3776	1.5246	-0.39558	-0.42856	-1.7983	-39.672	61.405	-67.657	43.737	27.609	-47.249	-29.963	16.001	33.546	-2.0205	-50.705	68.002	-39.393
-4.0578	12.157	10.463	-5.0498	-4.9704	-1.0793	4.357	0.62151	-3.9168	-0.88086	0.65771	2.6172	-1.5731	0.87808	-1.6621	-15.854	-56.476	12.72	31.983	-60.058	47.932	16.594	-14.743	-0.69629	-28.797	43.703	-47.1	52.266
-4.1713	10.811	9.1316	-3.621	-4.6284	-1.3302	3.7303	1.1413	-3.216	-1.4886	0.67885	2.4547	-0.99112	0.69948	-4.5417	-53.826	-53.269	57.151	13.681	-10.033	-25.069	20.793	28.03	-24.311	0.84567	-6.499	23.279	-7.1441
-4.2785	9.7996	8.8964	-2.5952	-4.0802	-2.3647	3.8669	0.3282	-2.9778	-1.1781	0.34885	2.7725	-1.3137	0.59541	-4.2863	-40.47	-9.4064	41.031	21.929	-41.381	5.464	-32.526	9.5277	12.423	-13.2	12.714	-12.904	-4.1627
-4.415	6.8507	8.8654	-1.5116	-3.2262	-2.9283	2.7771	0.84965	-2.8996	-0.77189	-0.14419	2.1713	-0.5989	0.53663	-5.4623	-117.96	-1.2409	43.344	34.158	-22.544	-43.591	20.858	3.1288	16.247	-19.721	-24.049	28.592	-2.3511
-4.7574	5.4576	8.6932	-0.93714	-4.6437	-1.8722	2.8627	0.62661	-2.4169	-0.97249	-0.81311	1.6427	-0.32041	0.90597	-13.694	-55.726	-6.8888	22.979	-56.698	42.242	3.4233	-8.9216	19.31	-8.0242	-26.757	-21.147	11.139	14.773
-5.3762	-2.0132	8.1005	1.9124	-3.1556	-2.2169	3.3723	-0.66528	-2.3236	0.36737	-0.97129	-0.1383	-0.52432	1.7222	-24.754	-298.83	-23.709	113.98	59.524	-13.785	20.385	-51.676	3.7325	53.595	-6.3271	-71.239	-8.1563	32.648
-6.0207	-8.0547	5.9981	2.0413	-0.85275	0.34921	2.6341	0.14138	-0.64181	-0.69634	-1.4846	0.31351	-1.3186	1.0414	-25.781	-241.66	-84.094	5.1531	92.113	102.64	-29.527	32.266	67.27	-42.549	-20.534	18.073	-31.771	-27.23
-6.0464	-14.29	4.2985	3.2136	-0.80391	1.6551	5.6242	1.021	0.73496	-0.61598	-4.8238	-0.45965	-1.7396	1.3134	-1.0247	-249.41	-67.983	46.893	1.9536	52.236	119.6	35.187	55.071	3.2145	-133.57	-30.926	-16.84	10.877
-6.257	-14.018	2.8121	4.1253	1.4136	2.0948	4.3017	0.57024	1.0476	-0.73397	-4.4328	-0.64577	-1.4798	0.8983	-8.4249	10.875	-59.459	36.467	88.702	17.59	-52.901	-18.032	12.505	-4.7196	15.64	-7.4449	10.391	-16.602
-6.3469	-9.0156	-0.30921	0.24387	3.4405	1.5236	4.3215	2.0004	2.4212	-3.1947	-3.5466	-0.92498	-1.0068	1.085	-3.5985	200.1	-124.85	-155.26	81.076	-22.849	0.79201	57.208	54.945	-98.431	35.45	-11.168	18.924	7.4683
-6.5254	-15.694	0.38024	3.9652	4.7107	0.76471	2.5309	3.0709	0.79453	-0.88897	-3.2939	-2.4444	-1.3984	2.2162	-7.1375	-267.15	27.578	148.86	50.805	-30.356	-71.622	42.817	-65.067	92.231	10.109	-60.779	-15.664	45.249
-6.6032	-15.66	1.472	3.2419	1.0797	2.3831	3.5697	1.3489	2.2373	-0.067456	-5.2362	-1.3333	-0.26702	-0.47151	-3.1145	1.3948	43.669	-28.935	-145.24	64.736	41.549	-68.877	57.71	32.861	-77.693	44.448	45.253	-107.51
-6.7475	-14.969	0.10276	2.7413	3.6658	2.3458	2.9823	1.6701	2.1374	0.75574	-4.0588	-2.0664	-1.7122	0.5713	-5.7703	27.617	-54.768	-20.024	103.44	-1.4902	-23.497	12.849	-3.9951	32.928	47.094	-29.324	-57.807	41.712
-5.2339	7.3955	-3.4576	0.71502	1.0617	2.9941	-0.14125	-3.2233	0.31307	-0.21661	-1.4792	0.048919	0.45037	0.12204	60.544	894.59	-142.41	-81.05	-104.16	25.928	-124.94	-195.74	-72.973	-38.894	103.19	84.611	86.503	-17.97
-5.1373	7.46	4.5257	1.8929	0.34957	-3.827	-2.4172	1.1715	1.5531	0.44023	-0.042827	-1.349	-0.38495	1.7382	3.8625	2.5794	319.33	47.117	-28.487	-272.84	-91.038	175.8	49.601	26.274	57.453	-55.918	-33.413	64.648
-5.3463	-9.9201	3.4751	2.1232	-1.3638	-6.3786	-1.49	4.2903	0.70979	-0.47224	0.17044	-0.68416	0.51708	2.7586	-8.3598	-695.2	-42.026	9.2086	-68.534	-102.07	37.09	124.75	-33.732	-36.499	8.5308	26.595	36.081	40.816
-6.614	-11.874	5.6626	0.61602	-3.6014	-2.1193	1.1893	6.3117	1.8637	-0.66658	-2.0166	-1.8884	1.1212	1.6566	-50.708	-78.165	87.499	-60.286	-89.503	170.37	107.17	80.857	46.157	-7.7734	-87.482	-48.17	24.163	-44.081
-6.4988	-19.235	0.8407	-1.6688	-3.8919	-0.97526	2.6422	5.7698	1.9576	-0.54557	-2.2742	-1.9886	1.5536	1.8482	4.6106	-294.43	-192.88	-91.391	-11.622	45.761	58.116	-21.678	3.755	4.8404	-10.303	-4.0084	17.3	7.6643
-6.4319	-8.731	6.6203	0.40996	-6.2265	-1.9259	1.284	3.5234	1.6215	-0.28466	-1.3046	-0.83451	1.3848	0.38155	2.6755	420.16	231.18	83.149	-93.385	-38.026	-54.327	-89.855	-13.444	10.436	38.784	46.165	-6.7533	-58.666
-6.1669	-14.255	3.4437	-1.9407	-5.5625	-0.79112	1.3765	3.5747	1.8404	0.77755	-1.2398	-1.6098	2.4395	1.7073	10.6	-220.98	-127.06	-94.026	26.561	45.391	3.7004	2.0517	8.7555	42.488	2.5916	-31.012	42.189	53.03
-5.5676	0.28071	8.0233	0.27535	-5.3491	-2.2091	-0.1431	1.8862	0.88461	0.25027	-0.89276	-0.95119	1.3041	-0.27912	23.97	581.44	183.18	88.642	8.5367	-56.72	-60.784	-67.538	-38.231	-21.091	13.881	26.345	-45.418	-79.457
-5.443	-6.8396	5.5831	-0.99827	-7.1251	-2.2893	1.6465	1.6012	1.2879	-0.39642	-0.78467	-0.73613	2.5474	0.82646	4.9854	-284.81	-97.608	-50.945	-71.041	-3.2071	71.585	-11.4	16.132	-25.868	4.3235	8.6021	49.733	44.223
-4.7772	8.416	8.9642	-4.0961	-3.8348	-2.543	0.54287	2.208	0.54293	-0.35912	-0.44725	-0.3848	2.0001	-0.15304	26.633	610.22	135.25	-123.91	131.61	-10.147	-44.147	24.272	-29.8	1.492	13.497	14.054	-21.891	-39.18
-4.4015	6.9314	8.3116	-3.3002	-6.0643	-2.1635	1.4425	2.5906	-0.89738	0.029169	-0.36224	0.27424	1.1471	0.12725	15.025	-59.382	-26.103	31.835	-89.176	15.179	35.984	15.302	-57.612	15.531	3.4004	26.361	-34.122	11.212
-5.0661	1.6332	9.2613	-0.44815	-9.9724	-1.2953	4.416	0.40453	0.18801	-0.78237	-0.066552	2.242	0.37203	0.11971	-26.582	-211.93	37.986	114.08	-156.32	34.728	118.94	-87.441	43.416	-32.462	11.827	78.71	-31.003	-0.30145
-6.0486	-8.443	4.3905	3.3789	-2.1677	1.0024	1.7627	-2.4674	1.6723	-0.50374	-2.2548	0.96073	0.072646	0.18014	-39.299	-403.05	-194.83	153.08	312.19	91.909	-106.13	-114.88	59.374	11.145	-87.531	-51.251	-11.975	2.4169
-6.8348	-14.87	1.1866	1.6291	2.8003	3.7544	3.3781	-0.044409	-0.18244	-1.8994	-3.8248	0.6409	0.6906	0.62492	-31.45	-257.1	-128.16	-69.991	198.72	110.08	64.615	96.922	-74.191	-55.827	-62.8	-12.793	24.718	17.791
-6.5395	-18.966	-0.36437	4.3715	5.2715	5.9025	2.7523	-2.5553	-0.38416	-1.5657	-2.4305	0.90869	0.73408	-0.010877	11.812	-163.81	-62.038	109.7	98.848	85.926	-25.029	-100.44	-8.0689	13.349	55.773	10.712	1.7392	-25.432
-6.3394	-18.989	1.0687	4.5515	5.5726	4.9686	3.0203	-1.9491	-3.0348	-2.1534	0.34382	1.7505	-0.3827	-0.45601	8.0059	-0.93566	57.325	7.198	12.041	-37.359	10.719	24.25	-106.02	-23.507	110.97	33.672	-44.671	-17.805
-6.2064	-18.627	2.0515	4.5529	3.9463	7.1246	2.262	-2.5988	-2.3899	-2.1427	0.23752	1.8242	-0.39499	-0.45113	5.3199	14.493	39.312	0.058812	-65.05	86.242	-30.332	-25.991	25.795	0.42564	-4.2519	2.949	-0.49177	0.19518
-4.9054	2.0868	-3.2886	3.1244	3.6569	4.0883	0.98783	-3.8803	0.75922	-0.87359	-0.13398	0.74359	-0.28954	-0.031481	52.038	828.54	-213.6	-57.14	-11.578	-121.45	-50.968	-51.258	125.96	50.765	-14.86	-43.225	4.2181	16.786
-4.0818	13.87	2.3612	2.8106	0.47266	0.8541	0.3077	-4.0771	-0.64676	-1.3931	0.52376	1.4235	-0.185	-0.049081	32.944	471.34	225.99	-12.554	-127.37	-129.37	-27.205	-7.8716	-56.239	-20.779	26.31	27.197	4.1815	-0.70399
-3.566	19.91	5.519	-1.4454	-1.3258	-3.3127	0.92066	0.17569	-1.8504	0.88054	2.3639	1.307	-1.3552	-0.40167	20.633	241.58	126.31	-170.24	-71.937	-166.67	24.519	170.11	-48.146	90.944	73.606	-4.6613	-46.809	-14.104
-3.485	24.071	5.4672	-4.0946	-0.47209	-5.1567	1.6258	2.2632	-2.7716	-0.29382	3.0579	1.7748	-0.91844	-1.781	3.2373	166.46	-2.0712	-105.97	34.147	-73.76	28.206	83.5	-36.849	-46.974	27.759	18.713	17.471	-55.175
-3.6652	18.984	6.8507	-3.127	-1.8894	-4.3881	3.0464	1.2334	-2.6688	0.40172	3.1058	0.70156	0.22379	-1.9989	-7.2088	-203.5	55.339	38.703	-56.692	30.743	56.823	-41.191	4.1131	27.822	1.9155	-42.93	45.689	-8.7148
-4.1614	14.937	5.1519	-4.5693	2.2203	-1.672	-0.56847	0.81605	-0.37346	0.22567	2.7219	0.89656	-0.94732	-0.36402	-19.848	-161.87	-67.952	-57.69	164.39	108.65	-144.59	-16.694	91.814	-7.0423	-15.355	7.7998	-46.844	65.395
-4.955	8.054	3.3101	-2.7711	0.87318	-2.7311	1.7127	2.2094	-0.89318	0.74191	2.5763	1.8335	-0.71954	-1.2157	-31.741	-275.32	-73.672	71.926	-53.883	-42.364	91.245	55.732	-20.789	20.65	-5.8244	37.478	9.1111	-34.066
-5.7701	0.04844	-0.53584	-3.8367	0.41821	-2.1475	1.5153	2.0613	-1.1343	-1.1398	2.5535	1.1599	0.062203	-0.023387	-32.607	-320.22	-153.84	-42.622	-18.199	23.341	-7.8927	-5.9211	-9.6439	-75.27	-0.91253	-26.945	31.27	47.692
-6.6456	-3.671	-1.5172	-2.3562	-0.94722	-2.1897	2.193	0.32582	-0.55891	-1.3341	3.6416	-0.31445	0.45205	0.44528	-35.018	-148.78	-39.256	59.218	-54.617	-1.6875	27.106	-69.42	23.015	-7.7722	43.525	-58.974	15.594	18.747
-6.893	-6.3545	-3.8138	-3.8938	-3.8187	-3.3209	3.5142	1.5048	0.28966	0.033161	4.1305	0.04017	0.754	0.32425	-9.8961	-107.34	-91.863	-61.501	-114.86	-45.246	52.847	47.158	33.943	54.692	19.558	14.185	12.078	-4.8413
-7.2326	-6.4069	-3.7345	-3.9112	-4.008	-3.013	3.0262	0.79303	0.95322	-0.26316	3.2453	0.52129	1.4951	-0.74452	-13.584	-2.0936	3.1724	-0.69618	-7.5715	12.315	-19.517	-28.47	26.542	-11.853	-35.41	19.245	29.643	-42.751
-7.3163	-6.7687	-6.239	-6.0003	-3.7842	-2.5752	2.7084	0.92706	-0.73875	-0.67394	3.0901	-0.76661	1.6765	0.047166	-3.3489	-14.474	-100.18	-83.564	8.9495	17.511	-12.715	5.361	-67.679	-16.431	-6.2072	-51.516	7.2581	31.668
-7.2352	-4.8875	-3.9532	-6.5834	-2.247	-1.3919	2.9484	2.2376	-1.5195	-0.56555	2.6424	-1.1082	1.4667	1.0132	3.2437	75.247	91.432	-23.326	61.489	47.333	9.6032	52.422	-31.229	4.3355	-17.906	-13.665	-8.3934	38.64
-5.39	-2.5999	-3.2587	-4.0321	-0.45734	-1.0039	4.8468	4.0515	-0.31803	-0.36771	2.8142	0.12352	1.9682	0.082336	73.808	91.507	27.78	102.05	71.586	15.518	75.933	72.555	48.058	7.9137	6.8694	49.27	20.059	-37.233
-4.4173	10.231	4.3241	1.9748	1.9655	-2.046	-0.036358	1.3485	-0.87648	-2.1598	2.1314	-0.66024	1.6825	0.3133	38.908	513.23	303.31	240.28	96.915	-41.683	-195.33	-108.12	-22.338	-71.685	-27.312	-31.35	-11.428	9.2384
-3.9028	13.136	4.3038	1.9427	2.7661	-3.4445	0.085447	-0.30973	-2.6282	-0.587	0.8275	0.27089	2.3744	-0.38356	20.582	116.19	-0.81318	-1.2856	32.021	-55.942	4.8722	-66.328	-70.068	62.913	-52.155	37.245	27.678	-27.874
-3.6732	16.338	5.4703	-0.40841	0.82574	-4.1264	2.5971	0.15218	-4.7394	-0.66253	0.96433	-0.78059	3.4742	-0.6333	9.1802	128.1	46.658	-94.044	-77.613	-27.273	100.47	18.476	-84.449	-3.0214	5.473	-42.059	43.994	-9.9894
-3.5576	20.143	5.5085	-2.2895	-0.67173	-2.9375	1.8501	0.72903	-3.8769	-2.3126	1.5905	-0.51573	3.0776	-0.4133	4.6265	152.18	1.5309	-75.244	-59.899	47.553	-29.882	23.074	34.502	-66.004	25.048	10.595	-15.865	8.7999
-3.4914	23.819	4.4458	-4.1062	-0.57963	-3.4668	2.52	0.611	-3.2766	-1.9559	0.80628	0.2962	2.8393	-0.74406	2.6484	147.07	-42.508	-72.668	3.6841	-21.171	26.797	-4.7212	24.01	14.271	-31.37	32.477	-9.5314	-13.231
-3.5695	25.112	5.6484	-7.2341	-0.0061282	-3.4413	1.0685	2.2931	-3.1884	-1.3431	0.49505	0.43827	2.5237	-0.8308	-3.1238	51.708	48.103	-125.11	22.94	1.023	-58.058	67.283	3.529	24.511	-12.449	5.6824	-12.623	-3.4694
-3.582	27.372	4.9835	-7.5843	0.059802	-3.6646	1.0993	2.0035	-2.1795	-1.748	0.6667	0.55784	2.1251	-0.17089	-0.50266	90.391	-26.597	-14.01	2.6372	-8.9355	1.2311	-11.584	40.354	-16.196	6.8658	4.7828	-15.945	26.396
-3.4978	25.386	3.0952	-7.3053	-0.036131	-4.8392	0.40769	2.1274	-1.3142	-0.96108	1.5335	0.13374	2.7116	-1.1198	3.3688	-79.431	-75.531	11.162	-3.8373	-46.983	-27.665	4.9583	34.614	31.475	34.671	-16.964	23.458	-37.956
-3.8905	20.069	5.7146	-3.8629	-0.26099	-6.0679	1.3988	2.3936	-1.4128	-2.0128	2.0684	0.42832	2.3849	-1.218	-15.705	-212.69	104.78	137.7	-8.9942	-49.146	39.646	10.645	-3.9443	-42.069	21.398	11.783	-13.067	-3.9274
-4.0156	7.6227	6.2298	-3.673	-2.5537	-5.3471	1.2112	2.4636	-0.78177	-1.6903	1.6029	1.3505	1.9123	-1.2539	-5.0078	-497.85	20.605	7.5948	-91.707	28.832	-7.5073	2.8012	25.242	12.9	-18.622	36.886	-18.905	-1.4379
-4.3204	8.7115	8.9271	-1.1921	-2.1475	-5.1736	0.023431	1.1435	0.03786	-1.5194	1.4028	1.0168	2.2207	-0.29848	-12.188	43.553	107.89	99.238	16.249	6.9398	-47.509	-52.805	32.785	6.8367	-8.001	-13.346	12.336	38.218
-4.7196	-6.3923	4.7789	0.82751	-2.4365	-5.0982	-1.4616	1.6745	-0.0034242	-0.85407	1.427	2.1832	2.6363	-0.80632	-15.969	-604.15	-165.93	80.783	-11.561	3.0134	-59.402	21.241	-1.6514	26.613	0.96507	46.656	16.625	-20.314
-7.1477	-13.839	1.8447	1.1868	-0.16039	-1.7259	1.8182	2.3443	1.1568	-1.0326	-0.15177	2.0638	2.9005	-1.1293	-97.124	-297.85	-117.37	14.373	91.043	134.9	131.19	26.794	46.41	-7.1393	-63.149	-4.7763	10.57	-12.919
-7.4596	-21.211	0.52446	1.7832	-2.4516	1.153	4.7708	1.1244	0.23445	-1.4079	0.21368	1.9328	2.0442	-0.68847	-12.477	-294.91	-52.81	23.853	-91.649	115.15	118.11	-48.798	-36.895	-15.014	14.618	-5.242	-34.256	17.632
-7.4853	-16.949	-0.31431	6.3357	-1.1938	0.78283	2.6552	0.23086	0.042962	-2.1324	-1.3132	3.1354	-0.020164	-0.10521	-1.0291	170.48	-33.551	182.1	50.312	-14.805	-84.625	-35.74	-7.6596	-28.979	-61.074	48.104	-82.573	23.331
-7.9213	-29.838	-1.4984	6.462	-0.069291	1.0539	3.1842	-1.7114	-0.2351	-3.8086	-1.9154	2.803	0.59712	0.22353	-17.441	-515.57	-47.365	5.0536	44.982	10.842	21.161	-77.692	-11.122	-67.049	-24.088	-13.295	24.691	13.15
-11.304	-57.732	-15.133	1.0136	0.3044	5.3843	1.4628	-0.63082	0.47062	-1.6062	-0.52207	1.8403	1.605	-0.67459	-135.32	-1115.7	-545.4	-217.94	14.947	173.22	-68.857	43.225	28.229	88.095	55.733	-38.509	40.317	-35.925
-11.721	-51.623	-23.894	-2.9206	-5.0814	4.481	1.8081	1.06	-0.60307	0.97583	-0.089376	2.0803	0.60125	0.15729	-16.66	244.35	-350.41	-157.37	-215.43	-36.131	13.814	67.635	-42.948	103.28	17.308	9.5989	-40.152	33.275
-11.744	-38.81	-23.858	-2.9884	-6.6476	3.8716	1.9238	0.67042	-1.6983	0.87366	-0.33164	2.1808	0.41981	-0.33404	-0.90824	512.51	1.415	-2.7132	-62.648	-24.379	4.6294	-15.585	-43.808	-4.0865	-9.6907	4.0213	-7.2578	-19.653
-12.91	-63.455	-22.127	-2.8143	-0.314	5.8094	1.6272	-0.29643	1.1293	-0.56593	-1.9339	0.20763	0.49237	-0.030111	-46.645	-985.79	69.244	6.9673	253.34	77.512	-11.867	-38.674	113.11	-57.584	-64.091	-78.926	2.9027	12.157
-14.027	-67.044	-22.61	-3.525	-0.078045	6.9996	1.5414	-0.971	2.0605	-0.16124	-1.8993	0.29398	-0.31491	0.10621	-44.685	-143.56	-19.305	-28.428	9.4384	47.61	-3.4307	-26.983	37.245	16.187	1.3858	3.4539	-32.292	5.453
-14.085	-66.646	-22.092	-2.7073	0.38484	5.4222	0.31362	-0.5782	2.787	0.57873	-1.6102	-0.77123	-0.15965	-0.39552	-2.3131	15.926	20.718	32.707	18.515	-63.095	-49.111	15.712	29.06	29.599	11.564	-42.608	6.2107	-20.069
-13.832	-66.978	-23.932	-2.9457	0.75753	6.6862	-0.32016	-1.0569	2.0146	-0.8437	-0.32486	-0.17775	-0.52821	-0.96975	10.084	-13.29	-73.595	-9.5389	14.907	50.56	-25.351	-19.148	-30.897	-56.897	51.412	23.739	-14.742	-22.969
-12.577	-63.128	-22.301	-2.1462	0.34798	5.6867	0.058841	-0.78052	1.9654	-0.0642	-1.1109	0.35582	0.11626	-0.27131	50.231	153.98	65.249	31.983	-16.382	-39.981	15.16	11.054	-1.9663	31.18	-31.441	21.343	25.779	27.938
-6.457	19.545	-10.119	-9.7543	-3.5444	2.9927	5.4469	-4.989	1.1566	0.78984	-0.79274	2.3852	-1.8282	-0.14519	244.79	3306.9	487.28	-304.33	-155.7	-107.76	215.52	-168.34	-32.351	34.162	12.726	81.174	-77.778	5.0449
-5.9216	7.5726	-12.631	-7.5257	-5.2777	4.0871	5.5375	-4.72	0.48382	1.3138	-0.45724	2.7197	-1.6106	-0.15707	21.417	-478.88	-100.48	89.144	-69.332	43.775	3.6261	10.758	-26.912	20.959	13.42	13.38	8.7021	-0.47529
-6.4651	17.44	-9.4568	-5.5834	-7.409	2.8014	6.1422	-6.7079	0.16669	3.189	0.16062	1.8594	0.0042032	-0.54859	-21.74	394.69	126.96	77.694	-85.251	-51.429	24.186	-79.517	-12.685	75.006	24.715	-34.411	64.594	-15.661
-6.4776	0.054531	-11.378	-5.2492	-4.2832	2.6119	4.2766	-5.6541	-0.2407	3.6602	1.5804	1.3927	-0.82272	0.73618	-0.50358	-695.41	-76.857	13.365	125.03	-7.5812	-74.625	42.153	-16.296	18.848	56.79	-18.667	-33.077	51.391
