Log_Energy MFCC_1 MFCC_2 MFCC_3 MFCC_4 MFCC_5 MFCC_6 MFCC_7 MFCC_8 MFCC_9 MFCC_10 MFCC_11 MFCC_12 MFCC_13 Log_Energy_D MFCC_1_D MFCC_2_D MFCC_3_D MFCC_4_D MFCC_5_D MFCC_6_D MFCC_7_D MFCC_8_D MFCC_9_D MFCC_10_D MFCC_11_D MFCC_12_D MFCC_13_D
-5.80536 1.57263 -4.34912 -0.447663 1.812509 0.198419 1.361095 -0.39491 0.171449 0.0131 -0.5402946 -0.3776433 -0.250287 0.296849 35.0216 -24.1897 338.737 155.8839 164.5701 107.44865 21.3999 -23.12317 13.53321 4.40674 -13.601432 8.255098 3.050568 15.21737
-7.4346 -40.255125 -1.21937 4.18133375 3.6098535 1.99128095 2.56637225 -0.248765125 0.216565 0.71480875 0.31224125 0.655179375 0.060387375 0.33089875 -63.63775 -1456.15 -196.16925 135.761375 56.284425 84.1883875 96.8825 68.501625 23.618725 64.3446875 15.6504625 36.82675 -7.9009625 -27.15337375
-5.56206785714286 0.586746071428571 0.0798135714285713 -3.74162071428571 -0.208784214285714 -1.31339767857143 -0.667413214285714 -0.613967857142857 -0.663303142857143 -0.763258285714286 -0.0420014642857143 0.272248928571429 -0.07877075 -0.253164142857143 -20.262625 -352.270714285714 70.711425 -7.44823571428572 7.74196428571428 -10.5757014285714 4.62911478571429 3.37915857142857 -10.7937407142857 -34.285 -17.4775161428571 3.67915357142857 -3.59808571428571 -5.3151825
-4.14844794520548 9.33333356164384 6.28026068493151 -1.52551239726027 -0.974419041095891 0.0604177671232877 -1.41580517808219 -0.240331150684932 -0.710018419178082 0.140124794520548 -0.0280187534246575 -0.0794564684931507 0.0737481369863014 0.233505146575343 -4.1345201369863 -106.327054794521 34.6199739726027 23.2584612328767 -16.2351782191781 -3.73352068493151 14.9543217808219 -4.30850698630137 -8.67892438356165 -8.8775395890411 4.86301643835616 3.05781246575342 -5.59634602739726 1.21898524657534
-4.50962258064516 6.9920164516129 0.679123548387097 -0.872197419354839 -1.71902935483871 -2.25054483870968 -0.433003612903226 0.762021458064516 -0.266717193548387 -0.741141709677419 0.280822774193548 0.495331612903226 0.250491612903226 0.0247543548387097 18.4862322580645 302.518709677419 -10.1713716129032 -85.6731290322581 -21.8179548387097 -30.6112077419355 -29.7536677419355 2.23410967741935 -16.4899677419355 -6.0595864516129 8.63342903225806 12.4122670967742 16.2331741935484 9.1316335483871
-6.394575 -5.7839375 -9.497225 3.891025 3.20213125 0.108778 4.2175375 0.29104375 0.85864875 0.487655 0.36218675 -0.41828375 -0.61722125 -0.416970125 -23.276875 143.462625 -517.485 94.8796125 15.01575 -80.6321125 70.823525 8.490625 11.8486 -31.7065 22.864625 1.511875 1.6024125 -0.3051125
-6.89795 6.27565 -10.373 -2.1862 0.359035 -2.573 0.2795 -0.956795 1.96655 -1.04487 -0.588915 -1.114945 -0.539865 1.35601 218.63 3092.8 158.725 -202.185 -25.8705 -185.5 -79.9715 -114.43 60.314 -55.46 0.5595 -36.144 -46.091 51.8355
-7.14518 -13.8633066666667 -4.72221266666667 -1.15402 -0.682079733333333 -0.653564 1.32140486666667 -0.9850738 0.846340906666667 0.360795333333333 -0.475966933333334 -0.182388266666667 -0.191256666666667 0.453378666666667 -20.2625466666667 -569.911333333333 280.011333333333 -0.126799999999999 38.3674 88.7404 5.16176 32.8464933333333 7.05583333333334 3.48244 5.94594666666667 17.1098466666667 -17.1765184666667 7.63322666666667
-5.70992608695652 0.7904 -13.4398086956522 1.23068434782609 -1.14327039130435 -1.5001442173913 2.03161643478261 -1.19202591304348 0.684736539130435 0.138059069565217 0.745449130434783 -0.165985573913043 -0.110811695652174 -0.0795608913043478 10.2513956521739 238.305652173913 167.877695652174 47.1888782608696 18.7190813043478 10.9758939130435 -1.52614826086957 -14.7910869565217 -10.1295152173913 -4.60279565217391 -6.53346869565218 0.293195652173913 16.1528239130435 11.560947826087
-4.64384772727273 6.21266545454545 -0.4844125 -1.21786681818182 0.695565931818182 0.112472727272727 -1.23231472727273 -0.406694954545454 -0.302971204545454 0.32845175 -0.175693068181818 -0.0717370227272728 0.0901022454545454 0.0825240931818182 2.20772045454545 62.5081113636364 70.4797318181818 -54.86275 -46.5996456818182 1.59296409090909 -10.1365545454545 -16.6257477272727 -2.47819545454545 25.930095 1.18500477272727 -7.46867022727273 1.98771113636364 -2.93422340909091
-5.435340625 -1.3239725 -1.0948 -1.1942815625 -0.0767507187500001 0.332783125 0.41910625 0.12981465625 -0.3056090625 -0.23713290625 -0.1827590625 -0.24703403125 0.139233196875 -0.00583156250000007 -12.4072008125 -212.8375 74.95900625 -21.13535475625 -51.13393125 32.2608625 20.1933875 23.26186445625 0.00346874999999858 8.9744825 4.636515625 -9.892184375 12.9576875 -5.6178396875
-5.422625 -2.34979 -5.3529 3.4978625 6.265275 -1.65254 0.44002025 -1.5537775 -0.6251 -0.17885 -1.1192825 -0.385715 -0.137561 0.625439 2.4763 -437.635 604.75 302.8075 162.46 102.87325 30.914625 56.1845 -19.37378 -19.021 -41.2855 7.65025 -22.321225 -25.62265
-3.8242 14.8622428571429 -4.20781428571429 -0.278612857142857 -0.0600000000000002 -1.21553571428571 1.04012571428571 -2.03428571428571 -0.168442857142857 0.404082857142857 -0.309316142857143 0.860671428571429 1.26445142857143 -0.873884 6.40940857142857 171.197142857143 103.861988571429 -98.7724428571429 110.038428571429 -48.9750571428571 -12.2357142857143 -12.2117142857143 -6.94544285714286 28.0147142857143 -43.1941428571429 34.7254428571429 -1.09528571428571 -13.8353285714286
-4.77836885245902 0.65467375409836 2.00103081967213 1.09690393442623 -0.378680836065574 0.693372803278689 -0.964704672131148 0.671506590163934 0.373147618032787 -0.186680196721311 0.205322 -0.052829868852459 -0.0131507377049181 -0.101782854098361 0.734790491803278 -5.24311229508197 -22.6841370491803 53.6751916393443 -12.9495526229508 -3.15556918032787 -17.2169770491803 18.672641147541 19.1238918032787 -10.8694973770492 3.45804295081967 -0.924414262295081 -2.93905573770492 -3.26265426229508
-4.22884693877551 8.9060387755102 2.6551987755102 -0.750667163265306 -0.554459102040816 -0.391379918367347 -1.72232151020408 0.547005265306122 -0.310272857142857 -0.252821020408163 -0.0381683673469387 0.136091428571429 0.417105808163265 0.268797551020408 6.49690821428572 140.529489795918 -18.2831589795918 -25.3544565306122 -15.0778795918367 12.6740979591837 -9.08525918367347 -10.6442775510204 6.6613787755102 0.765201428571429 4.84949795918367 -4.76263081632653 8.68125387755102 13.0528763265306
-5.60789 -1.466533 -1.81111 3.605194 1.743229 0.43749 3.094298 -0.9767019 0.72031 0.0492847 0.016473 -0.344532 0.3179555 0.14538 -25.14606 -141.7537 -365.771 152.5431 96.5104 -24.069266 105.4253 -9.945 21.24044 -17.15755 -10.598193 -27.0358 20.68448 0.823750000000002
-6.03902941176471 -16.5510676470588 5.07860588235294 1.36729470588235 3.30084470588235 2.23061058823529 0.473449411764706 -0.202465882352941 0.576394705882353 -0.0380818235294118 -0.0859882352941177 0.460466470588235 -0.190126705882353 0.151304117647059 -38.3723594117647 -735.399411764706 -73.6558823529412 131.219411764706 23.7789411764706 43.5634294117647 75.2934488235294 21.5515147058824 8.54343529411765 17.1734470588235 6.78157470588235 11.5804235294118 -7.71297329411765 -21.3685882352941
-4.64094444444444 6.41501111111111 4.94014444444444 2.03936222222222 3.15972 1.07785222222222 -0.725773333333333 -1.142213 1.07164966666667 -0.161765333333333 -0.862522222222222 -0.270702222222222 0.0310055555555556 0.590436666666667 24.981 -52.7338 505.812222222222 -155.501733333333 -23.6722222222222 15.2976222222222 -115.057 10.6755066666667 10.9008333333333 -14.6973222222222 -27.9433 12.9286111111111 -20.0154333333333 18.2171444444444
-5.13664444444445 -4.45715555555556 10.5878444444444 1.02559222222222 -0.95824 -0.168895666666667 -0.354506666666667 0.596081111111111 -0.981157777777778 -0.455536666666667 -0.415971111111111 0.0351955555555555 -0.931868888888889 -0.0338466666666667 86.422 311.340888888889 627.59 179.577333333333 -18.4064333333333 40.8472222222222 -91.3099888888889 39.1716222222222 -37.9150888888889 -57.8237777777778 -31.2657888888889 -3.88470222222222 -33.9913333333333 10.1761544444444
-5.4178 -1.7087 -2.65256666666667 -2.61930666666667 -7.0297 -5.66403333333333 0.865577666666667 -0.0520666666666667 -0.622812266666667 0.829866666666667 0.9256 0.20361 0.5382 -0.210353333333333 114.338666666667 1279.56666666667 498.106666666667 -245.163333333333 -196.425333333333 -128.246333333333 -92.007 -16.3893 -51.447 34.2773333333333 23.642 1.5158 20.9842 21.3883266666667
-5.22258333333333 8.44650833333333 2.76151433333333 -4.3364275 0.798199166666667 -1.204247 -0.614269166666667 0.374164166666667 -0.550688333333333 -0.9076925 0.8384505 0.294010583333333 0.124708666666667 -0.196341666666667 32.1533 754.836666666667 92.7941666666667 -207.9974 -59.0999833333333 -25.2297666666667 -90.493575 -1.91416666666667 -38.25685 -1.626675 41.3256308333333 -1.71441666666667 20.4957416666667 -1.9211925
-7.30888571428571 -22.9160928571429 -17.7089857142857 3.64937857142857 0.044414042857143 -0.764014357142857 2.94677857142857 0.333861428571429 1.23426728571429 0.616477142857143 0.624692071428571 -0.323371428571429 0.165545714285714 -0.427853571428571 -20.3868785714286 -196.981428571429 -215.077142857143 -87.5909285714286 -85.6984285714286 -51.4956428571429 -34.4567928571429 -8.23128571428571 -14.489225 23.1484285714286 4.37499857142857 3.40290642857143 -5.58437142857143 -1.62138571428571
-7.06008 -10.64339 -16.65818 1.9762802 -1.667035 0.420734 3.4441373 0.207373 1.02073 0.7321527 -0.012462 -0.470947 0.47924 -0.8835102 1.18483 117.1461 -209.551 -119.9962 -163.2281 -37.82385 -80.33428 -17.10858 11.1893 26.91543 8.33344 -7.98945 14.2294 -17.851103
-5.55992807017544 -13.0207929824561 2.63550684210526 2.30459122807018 0.775058771929824 1.85333036842105 1.47643526315789 0.059867350877193 0.459678631578947 0.0938541368421051 -0.205414385964912 0.169066754385965 -0.185433245614035 -0.162376192982456 -11.6275845614035 -161.230684210526 -75.662859122807 17.8099025614035 38.8635701754386 11.6821596491228 32.6826021052632 -5.81207128070175 10.5341626315789 -0.353122280701753 -5.26810649122807 15.7883905263158 -6.25420374561403 -1.17837710526316
-5.00143571428571 6.14238571428572 5.38857857142857 0.140279285714286 -0.483127857142857 -0.243543142857143 -1.07430735714286 -1.315395 -1.29242571428571 -0.7380745 0.140162521428571 0.196066214285714 -0.303071285714286 0.298194142857143 44.0227857142857 615.56 423.142142857143 -38.8918 -56.2878571428571 -24.0047785714286 -81.8017142857143 -27.1295714285714 -70.9209142857143 -19.1734785714286 22.1736142857143 7.33047857142857 0.619495714285713 8.33665714285714
-8.7215 -30.9155 -6.55965 1.26809425 3.99755 0.8397975 2.8489425 0.6600175 0.10804 0.2458025 0.3929075 1.316695 0.380846 0.49599 -93.78125 -542.57 -507.485 63.5735 101.444 48.513725 119.2855 63.84525 34.761475 0.720875000000001 -22.17 -2.442 19.9335 13.92175
-5.6819 8.3184375 -9.008825 -8.09996875 1.935775 -2.8944125 1.460885 1.71485 -0.06283025 -0.1765875 1.018005 0.069251625 -0.28077375 -0.145243625 50.00335 1587.35 -164.791875 -253.7355 -37.7817375 -172.74315 -88.17175 -34.6289875 -43.456125 -20.762125 6.958125 -17.371875 4.7053 5.028
-5.466208 -0.6916276 -8.689136 3.58551 1.8843604 0.20770456 1.9590708 -0.3753668 0.7353672 -0.478245312 -0.7223472 -0.56260632 -0.2738211256 -0.38837784 -0.121088 149.44756 -225.8628 59.931388 -3.2269012 -6.798484 29.579852 6.844508 -5.9534308 -7.736148 0.351588 -5.919792 12.6063196 -9.89276
-4.88752033898305 2.55976542372881 2.89284288135593 -1.35791016949153 -1.40353793220339 0.0901802881355932 -0.909661728813559 0.32740986440678 -0.434823644067797 0.403202648983051 0.0855571186440679 -0.0614073440677966 -0.0420625762711864 -0.0489149322033898 -4.2067073559322 -43.8187679661017 13.0213169491525 -54.0135428813559 40.4397898305085 13.5302423728814 -16.4078772881356 3.56364915254238 -7.69453718644068 13.9485908474576 2.29290186440678 -12.550852220339 -7.83319440677966 0.72981
-5.84974666666667 -0.65646 -13.2080999333333 4.99586 -0.844398 -0.519340666666667 1.64051193333333 -0.250076 0.576890666666667 0.2151904 0.648096933333333 0.0357551999999999 -0.245685133333333 -0.3700768 25.889396 677.296666666667 -288.864666666667 28.95364 -101.498446666667 -92.2210086666667 -35.3226933333333 -62.8435333333333 -5.66056 -17.46596 18.230978 -14.47432 -0.0691433333333345 -6.67723333333333
-4.51855641025641 5.16988069230769 2.76295205128205 -0.645875307692308 -0.729821025641026 -0.0751280897435897 -0.92930182051282 0.199615423076923 0.134637192307692 0.201737273333333 -0.0386627923076923 0.0211584487179487 -0.156306752564103 0.13575091025641 0.00769045333333351 38.2111983333333 -36.5268064102564 -3.41048897435898 13.1766512820513 -11.9845148717949 13.0083423076923 -9.67002128205128 4.37584 10.5278516666667 -9.19679383333333 1.64565961538462 0.835399666666666 1.1775108974359
-6.12009333333333 -13.0349966666667 -0.454317333333333 0.685156666666667 2.05118066666667 0.578738866666667 1.18886866666667 0.306499333333333 -0.0512926666666668 0.181539733333333 -0.2352683 -0.108195966666667 0.161091333333333 -0.229515766666667 -22.2264336666667 -414.430333333333 -125.453533333333 93.2415366666666 62.01281 48.1196266666667 30.9604733333333 12.42713 38.53823 9.55360183333333 -16.5133833333333 -17.3320836666667 -8.07076133333333 -7.05014633333334
