-6.36271578947368 -21.4239576315789 -2.49565605263158 1.80505868421053 3.01085315789474 1.79787826315789 -0.13303447368421 0.753976634210526 -0.173010315789474 0.0480642631578947 -1.01870594210526 -0.625225184210526 -0.0591471052631579 -0.376109789473684 -29.6891723684211 -397.016842105263 -179.584789473684 26.7656657894737 46.4193157894737 -6.74451315789474 16.0399871052632 26.112477368421 -11.2780473684211 15.8642473684211 1.83957368421053 -2.31019210526316 6.25352105263158 -6.5795052631579
-4.38651428571429 0.402746043956044 1.67796141318681 0.834853351648352 0.161371 0.687971703296704 -0.191193395604396 -0.156919572527473 -0.162274681318681 -0.0932973186813187 0.0672098021978022 -0.0404948065934066 -0.326945856043956 0.18633670989011 -9.95641340659341 -154.779340659341 -49.7411667032967 -10.2183087912088 46.8689476923077 14.5290392307692 -4.02521208791209 14.8970224065934 0.25681785714286 4.35853835164835 -4.4429434065934 2.28607285714286 -4.22582428571429 -2.26695615384615
-4.72202461538461 3.92501369230769 -3.20180153846154 -1.37654081538462 0.817242923076923 -0.0588938461538462 -0.0952374307692308 -0.133978446153846 -0.427149246153846 0.693917123076923 0.564527953846154 -0.287876904615385 -0.198535046153846 -0.145996713846154 6.59710692307692 187.447369230769 116.912635384615 -42.6648145538461 -28.1374076923077 13.6922846153846 -17.0442523076923 -18.9849815384615 7.15584461538462 -10.1289497846154 3.33001907692308 -3.58018947692308 -1.99495692307692 8.07835427692308
-6.262865625 -30.2591346875 -1.1472040625 2.539210625 3.815604375 1.909132365625 -0.82303125 0.14987303125 -0.36092403125 0.422415 -0.63381446875 -0.4491525 -0.121095446875 -0.1101668125 -47.704966875 -892.7759375 -38.071088125 54.6138625 12.43824375 39.199721875 23.2995 34.228584375 -22.8403259375 15.44508 -7.40867875 1.191008125 8.305496875 -1.0696875
-3.5286178358209 9.25566920895522 3.84205962686567 0.36148575261194 -2.63654645714179 -0.452017091791045 0.392510858208955 -0.278120679104477 0.36698547761194 -0.575700089552239 -0.117104034328358 0.174835386567164 0.243872586567164 0.183141634328358 -2.10551514925373 -38.5147921641791 34.1348935074627 11.1170244029851 -30.5287861940298 -5.93894029850746 8.27286440298507 1.72015276119403 3.40094865671642 2.58935873134328 -3.28416664179104 3.02071082089552 2.05820082089552 -0.683343656716419
-4.58386 1.89077830769231 1.16041387692308 -0.285429276923077 -0.506900169230769 -1.27734307692308 -0.304533538461539 0.301696153846154 0.517917846153846 -0.165694567692308 -0.0244645723076923 0.206135307692308 0.256608076923077 0.187575861538462 -11.3067049230769 -257.438461538462 117.164447692308 7.30599246153846 -8.47069323076923 8.98210615384616 -6.79999230769231 -2.56502289230769 0.207741692307693 4.47566430769231 -2.39292784615385 -3.91843384615385 -3.05200153846154 2.70341476923077
-4.824415625 2.85626875 0.0373625000000005 -2.2268628125 1.243704375 -0.2787140625 -1.35921175 -0.3043528125 0.24550875 0.1073705625 -0.74409875 -0.0482941625 -0.2757434375 0.633673125 14.972696875 654.5134375 -87.920875 -81.697921875 -15.12290625 -50.452325 -3.9787078125 -22.183110625 11.053646875 4.33753125 -2.013609375 -3.76040625 -2.344746875 3.76198125
-5.32994782608696 -2.3573507826087 -3.55818260869565 -1.9567252173913 -1.3542 -0.766853043478261 0.419386739130435 0.330250434782609 -1.47193217391304 0.854091304347826 0.392501304347826 0.144584434782609 0.549584826086956 -0.264245473913043 75.951 1206.34173913043 60.5900956521739 -19.2034434782609 -58.1879652173913 -24.0628882608696 0.287388260869566 -52.0561869565217 -4.63712608695652 -13.9527191304348 13.2164260869565 3.49029565217391 -7.54967826086956 9.70712608695652
-4.61670952380952 4.46688571428571 1.63887142857143 -0.170928571428571 0.889919523809524 0.621610476190476 0.06238 0.0806779523809524 -1.72887761904762 0.241116619047619 0.978340095238095 -0.356854476190476 0.229457142857143 -0.397122295238095 48.7736904761905 534.683333333333 403.748095238095 33.4462238095238 -41.3087523809524 7.84912380952381 -17.8615857142857 -43.2984142857143 -6.49414761904762 -53.6363661904762 18.8857952380952 -16.4974142857143 -27.1573676190476 -9.03851904761905
-5.06552727272727 -2.24548636363636 -14.6450363636364 3.92797409090909 2.74314600909091 -1.28493772727273 2.47933045454545 0.852939636363636 -0.590665090909091 1.13022709090909 0.634261181818182 -0.323123827272727 0.160009636363636 -0.805840954545455 9.00867727272727 -62.0502454545455 -415.656363636364 66.9681818181818 49.8214909090909 11.8432272727273 26.1186 33.4974590909091 -1.28995454545455 21.6277454545455 13.4587263636364 -8.4283 29.8944090909091 -4.84392409090909
-4.40568125 3.0898375 0.23869925 -0.340235625 3.4417475 0.8443875 -0.27860125 0.5025558125 -1.774946875 0.1077700625 0.495299 -0.1790277875 0.27082125 -0.330645625 25.53821875 36.36751875 456.495 64.7611875 24.145075 56.29210625 45.1736125 -49.0233925 -23.4293 -28.60620625 -15.85933125 0.171725 -5.25134375 0.904975
-3.90837384615384 7.47143923076923 0.643765320512819 -0.484976952564103 -1.43784673782051 -0.557918801282051 0.745051794871795 -0.404860028846154 0.25070889551282 -0.248356564102564 0.187828653846154 0.175618961538462 -0.0316250064102564 -0.0269881038461538 2.20353548076923 80.2850519230769 -45.7643117948718 -12.8362291666667 9.33393448717949 -9.26986 -5.74716814102564 -5.68330192307692 2.43757794871795 0.746107243589743 3.99356559615384 1.07836057692308 -0.396611884615385 1.07875538461538
-4.51615846153846 3.89816015384615 -1.37530276923077 -0.0820881384615384 0.426120153846154 -0.569678769230769 -0.644500446153846 0.248219384615385 0.637276307692308 -0.1365728 -0.0212844615384615 -0.095126923076923 -0.138988707692308 0.0415958769230769 16.3763600615385 342.755384615385 -71.8716630769231 4.41318923076923 -13.6524914923077 -28.7845449230769 3.30549538461538 -12.9740867692308 17.4463521538462 -12.7656615384615 1.06808461538462 2.58161107692308 -2.84031535384615 1.58508153846154
-5.12311555555556 -7.80909288888889 2.996238 -0.111688588888889 1.81151066666667 2.77451489555555 -1.41134846666667 -0.540300888888889 0.767585111111111 -0.340352666666667 -0.290420666666667 -0.0127201555555556 -0.307247048888889 0.250875266666667 -19.8103866666667 -523.222888888889 45.8968444444444 69.4924828888889 4.75663111111111 43.4976991111111 10.0162 29.0614555555556 4.10729777777778 -2.92207777777778 -13.8158991111111 -2.70355822222222 8.52244222222222 -4.62084735555556
-6.16946153846154 -10.1168361538462 -8.63821615384615 -7.24627692307692 2.52721769230769 -2.36784630769231 0.0334292307692308 1.62852384615385 -2.10220153846154 1.78816076923077 0.113532923076923 0.713120846153846 0.273030153846154 -0.520123923076923 152.256230769231 2213.94615384615 -151.629307692308 -296.346153846154 29.8909384615385 -166.893923076923 -33.2649461538462 -24.3765461538462 -39.2786615384615 41.4164615384615 36.1335769230769 40.4580384615385 -5.85233076923077 0.667492307692308
-7.64968888888889 -52.1973888888889 -4.01423 2.93728666666667 1.1890085 0.759071666666667 -0.368229444444444 1.72279055555556 -0.346277222222222 1.161851 -0.583359661111111 0.526490166666667 0.398754055555555 -0.680362111111111 -117.292333333333 -1730.26666666667 -79.1278333333334 105.377661111111 -5.49076111111111 62.7400333333333 5.87372222222222 53.1832944444444 -38.68 11.5399427777778 -14.4389444444444 -14.2479222222222 4.29028888888889 -11.6794055555556
