-4.8327	14.823	-17.326	1.3048	-5.3383	-0.91584	0.2481	0.22278	1.9831	1.0739	-0.47649	-1.2028	-2.8019	1.478	0	0	0	0	0	0	0	0	0	0	0	0	0	0
-2.8307	14.193	-8.8609	3.7108	-0.47626	2.6987	1.0677	-0.87643	-0.71417	0.5775	0.70915	1.4784	-1.2085	0.6446	80.078	-25.175	338.62	96.238	194.48	144.58	32.782	-43.968	-107.89	-19.856	47.426	107.24	63.733	-33.336
-1.1648	26.712	3.9184	-3.7867	5.5402	-1.4667	1.3262	-2.9496	-3.5823	0.1518	0.62233	1.1634	-1.6916	0.60711	66.637	500.73	511.17	-299.9	240.66	-166.62	10.342	-82.928	-114.72	-17.028	-3.4727	-12.6	-19.323	-1.4998
-0.88464	22.622	6.651	-0.66796	1.6029	-1.7197	1.3408	-2.526	-3.6988	-1.0908	0.9932	1.9208	-1.352	0.71003	11.207	-163.59	109.3	124.75	-157.49	-10.12	0.58407	16.945	-4.66	-49.705	14.835	30.298	13.587	4.1167
-1.08	19.894	7.2235	1.5661	-2.704	-0.67402	0.17802	0.59573	-3.0189	-0.80097	0.24539	2.4986	-0.30311	-0.31359	-7.816	-109.11	22.903	89.362	-172.28	41.826	-46.511	124.87	27.195	11.594	-29.913	23.11	41.954	-40.945
-0.86523	13.995	13.971	-2.1035	-4.4384	-2.1729	0.28454	0.95933	-0.49119	-2.1091	0.87386	3.5965	-0.46613	0.45568	8.5923	-235.96	269.89	-146.79	-69.377	-59.955	4.2608	14.544	101.11	-52.324	25.139	43.918	-6.5208	30.771
-1.0753	9.4224	15.576	-1.4182	-5.5505	-2.4277	0.1435	2.0105	1.5244	-3.2274	0.23521	3.3878	-0.11819	1.0352	-8.4041	-182.92	64.202	27.414	-44.483	-10.194	-5.6419	42.047	80.622	-44.733	-25.546	-8.3498	13.918	23.183
-1.2309	6.7989	15.531	-0.34097	-5.8692	-4.2596	1.3077	3.4173	1.2149	-2.9004	-0.08216	1.7248	0.65913	1.146	-6.2243	-104.94	-1.8095	43.089	-12.75	-73.274	46.569	56.273	-12.38	13.078	-12.695	-66.519	31.093	4.4303
-1.3895	6.298	13.319	2.1931	-5.2373	-5.8187	1.6695	4.6165	1.0184	-2.678	0.50471	0.076507	0.78705	1.5344	-6.3443	-20.037	-88.475	101.36	25.278	-62.362	14.469	47.969	-7.8603	8.8985	23.475	-65.932	5.1166	15.536
-1.6643	4.462	13.351	3.2055	-5.3656	-7.4611	2.7107	5.0765	0.91448	-3.1133	0.58698	-0.43674	0.16614	2.219	-10.988	-73.442	1.2705	40.495	-5.1332	-65.699	41.652	18.398	-4.1553	-17.413	3.2908	-20.53	-24.837	27.382
-1.5753	5.3081	12.521	2.577	-5.1999	-6.2074	2.391	4.9538	0.76783	-2.8836	-0.094245	-0.23165	0.50729	1.6464	3.5565	33.845	-33.193	-25.141	6.6284	50.151	-12.79	-4.9055	-5.866	9.1884	-27.249	8.2038	13.646	-22.902
-1.8746	7.4286	10.199	4.2315	-7.2133	-3.7306	1.8323	5.2567	-0.038765	-3.4059	0.038073	0.53015	0.68438	0.12082	-11.972	84.819	-92.885	66.182	-80.536	99.069	-22.348	12.113	-32.264	-20.892	5.2927	30.472	7.0838	-61.023
-2.2238	6.065	11.671	1.1214	-5.7593	-3.0919	4.5781	1.8452	0.49237	-3.3113	-0.42827	1.7189	0.60842	-0.35368	-13.966	-54.544	58.882	-124.41	58.161	25.549	109.83	-136.46	21.245	3.7837	-18.654	47.548	-3.0387	-18.98
-2.7217	-1.547	8.3996	1.5014	-4.8784	-1.159	5.4806	1.0535	1.4352	-3.18	-1.0204	2.0008	-0.29253	-1.1571	-19.915	-304.48	-130.84	15.203	35.234	77.316	36.102	-31.67	37.715	5.2532	-23.686	11.278	-36.038	-32.138
-4.2465	-13.288	2.6671	4.7574	1.1148	2.0384	4.0379	-0.047847	2.6846	-3.5615	-2.4748	2.4858	-0.67281	-1.5014	-60.992	-469.64	-229.3	130.24	239.73	127.9	-57.707	-44.053	49.974	-15.262	-58.173	19.4	-15.211	-13.769
-3.0189	12.551	-5.2793	1.6576	1.5955	2.8647	2.4519	-0.52009	-2.2496	-2.3203	1.9496	1.0305	0.97258	-2.6809	49.104	1033.6	-317.86	-123.99	19.23	33.051	-63.442	-18.89	-197.37	49.648	176.98	-58.213	65.816	-47.18
-1.9452	27.062	-0.1747	-0.22226	-1.803	0.23383	1.4237	-0.84078	-1.4452	-0.38497	2.3428	-0.72883	-0.18759	-2.4889	42.947	580.41	204.19	-75.196	-135.94	-105.23	-41.129	-12.827	32.174	77.415	15.726	-70.372	-46.407	7.6803
-1.6929	16.568	9.2704	-4.5735	0.097444	0.002604	0.61747	-1.8956	0.0096509	1.9488	0.6604	-0.54887	-1.4497	-0.0013978	10.092	-419.75	377.81	-174.05	76.018	-9.2491	-32.247	-42.193	58.194	93.349	-67.296	7.1984	-50.484	99.498
-1.6898	19.394	7.5674	-4.7819	1.2135	-0.69146	0.14087	-2	2.0557	0.29417	1.3685	-0.59297	-2.0189	1.4583	0.1238	113.04	-68.12	-8.3362	44.644	-27.763	-19.064	-4.175	81.843	-66.183	28.322	-1.764	-22.769	58.388
-1.5199	20.512	7.0452	-5.7728	1.6856	-0.091017	-1.0817	-1.48	2.079	0.60941	0.96905	-0.92551	-1.8887	1.9912	6.795	44.71	-20.89	-39.636	18.883	24.018	-48.901	20.8	0.93089	12.609	-15.976	-13.302	5.2075	21.316
-1.6969	20.002	6.6938	-5.9675	2.6211	-0.58176	-1.7768	-0.91245	2.0959	0.44621	1.385	-1.8763	-0.74099	1.6296	-7.0771	-20.392	-14.054	-7.7895	37.421	-19.63	-27.806	22.702	0.67438	-6.528	16.639	-38.033	45.909	-14.466
-1.5509	23.206	5.0898	-5.7781	1.6652	0.063977	-2.7573	0.46057	1.3819	1.026	1.2295	-2.2491	0.32357	0.45425	5.8387	128.19	-64.16	7.5761	-38.239	25.829	-39.219	54.921	-28.56	23.191	-6.2203	-14.909	42.582	-47.012
-1.327	27.93	3.0533	-6.8753	3.1766	-1.5178	-2.5112	0.86231	1.9523	-0.71714	2.7232	-3.2927	0.77183	0.24036	8.9536	188.95	-81.461	-43.885	60.456	-63.272	9.8425	16.07	22.818	-69.725	59.749	-41.745	17.931	-8.5555
-1.3505	33.44	1.1984	-8.1085	2.992	-0.74531	-3.7698	1.38	2.1061	-0.57276	2.5159	-3.187	0.57952	0.22139	-0.94001	220.41	-74.194	-49.33	-7.3815	30.9	-50.343	20.707	6.1501	5.7752	-8.2939	4.2264	-7.6924	-0.75881
-0.9549	33.915	1.3352	-8.3863	2.3888	-1.4707	-3.1293	1.6514	2.2216	-1.2287	2.7081	-2.5431	0.026407	0.065947	15.826	18.989	5.4718	-11.112	-24.129	-29.017	25.621	10.855	4.6225	-26.237	7.6882	25.755	-22.124	-6.2178
-1.1589	34.558	1.2223	-7.9314	0.96283	-1.742	-2.2988	0.83922	2.8418	-1.7648	3.3728	-2.2296	-0.78836	0.33286	-8.1618	25.729	-4.5166	18.195	-57.039	-10.848	33.218	-32.486	24.806	-21.446	26.587	12.542	-32.591	10.676
-0.97757	29.874	4.8623	-8.8085	0.25444	-1.735	-0.85387	0.2077	1.8957	-0.27585	3.3148	-2.5572	-0.49047	-0.26511	7.2547	-187.36	145.6	-35.083	-28.335	0.2795	57.799	-25.261	-37.844	59.559	-2.3172	-13.103	11.916	-23.919
-0.89425	30.131	4.9813	-8.8243	-0.44382	-1.412	-2.9051	0.97565	2.5889	-0.56526	2.6065	-1.5675	-0.66884	-1.2995	3.333	10.275	4.7598	-0.63234	-27.931	12.919	-82.05	30.718	27.728	-11.577	-28.332	39.585	-7.1349	-41.374
-0.84794	28.468	6.7698	-7.2982	-2.9516	-2.1008	-0.64087	0.23669	2.05	0.43079	1.9958	-0.76962	-0.26126	-1.9553	1.8522	-66.536	71.542	61.044	-100.31	-27.554	90.57	-29.558	-21.557	39.842	-24.43	31.917	16.303	-26.234
-0.76883	26.143	7.4576	-8.0571	-3.4681	-1.4557	-0.20213	0.68277	1.4846	1.0015	1.4506	-0.24475	0.29687	-3.263	3.1647	-92.973	27.51	-30.357	-20.658	25.806	17.55	17.843	-22.615	22.827	-21.806	20.995	22.326	-52.309
-1.3006	27.118	5.1101	-3.5679	-4.5794	-1.6172	0.23717	-1.2443	1.8869	1.3584	2.3938	-0.28927	-1.1506	-3.2102	-21.27	39.005	-93.898	179.57	-44.453	-6.462	17.572	-77.081	16.093	14.28	37.725	-1.7805	-57.9	2.1115
-1.6254	22.946	0.29898	0.5328	-4.6154	0.28806	0.77621	-1.5955	3.3337	1.0378	1.6124	1.2917	-1.8484	-2.1621	-12.992	-166.91	-192.45	164.03	-1.4373	76.211	21.561	-14.049	57.871	-12.827	-31.256	63.24	-27.911	41.926
-3.0642	18.772	-13.974	11.762	-8.2369	2.0354	0.83892	1.4004	2.3633	2.0191	2.3976	-0.39263	-1.17	-0.53166	-57.553	-166.96	-570.91	449.16	-144.86	69.894	2.5087	119.84	-38.814	39.255	31.407	-67.375	27.136	65.217
-2.55	12.273	-28.269	13.526	-8.4459	2.7835	0.80659	2.7228	1.2948	-0.50673	0.32096	-2.0474	-0.57208	0.45279	20.568	-259.96	-571.81	70.564	-8.3608	29.925	-1.2933	52.895	-42.743	-101.03	-83.064	-66.192	23.917	39.378
-2.4772	-0.027942	-33.036	14.239	-11.339	5.3144	-0.82082	1.3708	0.48563	-0.68691	2.3197	-0.096077	-0.88098	0.56518	2.9098	-492.03	-190.69	28.509	-115.73	101.23	-65.096	-54.081	-32.365	-7.2074	79.951	78.054	-12.356	4.4953
-2.9453	-4.4022	-30.988	10.976	-12.21	4.761	0.91934	4.2992	3.058	-0.054338	0.56457	-0.92693	-0.67254	1.3898	-18.723	-174.97	81.933	-130.5	-34.838	-22.133	69.606	117.14	102.89	25.303	-70.207	-33.234	8.3378	32.984
-3.0993	2.7787	-31.141	13.55	-9.0032	4.0274	1.4227	1.4561	3.2049	0.1993	1.2065	-0.17257	-1.3903	1.5546	-6.1594	287.24	-6.1076	102.96	128.28	-29.344	20.133	-113.72	5.8778	10.145	25.679	30.174	-28.71	6.5931
-2.4386	6.2727	-33.538	13.008	-7.2673	4.3357	1.7366	1.6211	2.6973	0.33783	1.3108	1.0125	-1.4792	0.30794	26.428	139.76	-95.912	-21.678	69.435	12.331	12.556	6.5988	-20.307	5.5413	4.1692	47.403	-3.5573	-49.866
-2.0556	10.9	-34.703	13.061	-7.477	2.9828	3.318	-0.32108	2.5068	1.0206	0.57103	0.32218	-1.9168	0.65858	15.319	185.11	-46.567	2.1158	-8.3874	-54.117	63.257	-77.686	-7.617	27.31	-29.589	-27.613	-17.503	14.026
-2.2235	13.711	-35.139	8.8173	-9.2173	2.2604	3.3548	-1.7877	1.4981	1.4729	-0.7666	0.05219	-1.1487	0.0082068	-6.7147	112.43	-17.473	-169.76	-69.611	-28.894	1.4707	-58.665	-40.349	18.092	-53.505	-10.8	30.724	-26.015
-3.5036	11.218	-23.519	7.4809	-6.8237	1.5098	0.84547	-0.81242	0.57927	1.6589	-1.13	0.88456	-0.34901	-0.20549	-51.205	-99.735	464.83	-53.457	95.743	-30.025	-100.37	39.011	-36.753	7.443	-14.537	33.295	31.987	-8.5477
-6.2561	-32.426	-13.397	4.3358	-7.1283	0.18171	0.77596	-0.023766	0.45682	1.4033	-0.5296	0.40006	-0.35057	0.57942	-110.1	-1745.7	404.87	-125.8	-12.185	-53.123	-2.7805	31.546	-4.898	-10.225	24.017	-19.38	-0.062243	31.396
-10.873	-82.827	-18.843	6.1911	-7.6341	3.8317	0.72119	0.91099	-0.26311	-0.66867	-0.021375	-0.4737	-1.3342	1.4783	-184.66	-2016	-217.84	74.214	-20.23	146	-2.1909	37.39	-28.797	-82.879	20.329	-34.951	-39.344	35.956
-13.897	-97.062	-22.045	5.0546	-6.6813	1.5834	0.18577	3.751	2.4193	-1.2089	0.013874	0.86798	0.3209	0.99645	-120.98	-569.41	-128.07	-45.463	38.109	-89.931	-21.417	113.6	107.3	-21.609	1.4099	53.667	66.203	-19.275
-11.734	-93.259	-17.823	8.7304	-4.0272	4.3106	1.08	3.6339	2.276	-0.4529	0.98314	-0.46521	0.53004	0.66694	86.509	152.1	168.89	147.03	106.16	109.09	35.769	-4.6843	-5.7351	30.24	38.771	-53.328	8.3653	-13.18
-9.1332	-48.721	-9.2935	8.2506	-2.0544	3.2742	-0.97379	0.07477	3.0538	0.42802	-1.0451	1.9642	0.8517	-2.2828	104.05	1781.5	341.16	-19.191	78.915	-41.458	-82.151	-142.36	31.115	35.236	-81.131	97.176	12.867	-117.99
-9.0639	-47.102	-6.4943	10.259	-3.0988	1.848	0.081343	1.8459	5.0825	1.5194	-0.83906	0.35152	0.98307	-2.5045	2.7732	64.747	111.97	80.329	-41.779	-57.046	42.205	70.845	81.146	43.656	8.243	-64.507	5.2549	-8.8659
-6.6052	-58.314	-7.016	14.035	0.42813	3.2834	2.5057	1.9108	4.0211	0.72123	0.20499	0.64321	0.064755	-0.9222	98.345	-448.45	-20.868	151.03	141.08	57.412	96.973	2.5963	-42.455	-31.928	41.762	11.668	-36.733	63.292
-5.4471	-36.639	7.3546	13.366	-3.5658	3.1089	1.9866	-0.93426	4.7209	1.9022	-1.9188	-2.1658	0.85907	0.19379	46.325	866.99	574.83	-26.732	-159.76	-6.9796	-20.764	-113.8	27.993	47.24	-84.952	-112.36	31.772	44.639
-4.7998	-24.985	4.3	8.6305	-2.1554	2.9872	2.3179	-3.5243	3.0397	3.1785	-3.2428	-2.423	2.4842	-0.10273	25.892	466.14	-122.18	-189.43	56.414	-4.8681	13.253	-103.6	-67.251	51.051	-52.958	-10.29	65.007	-11.861
-4.7827	-20.335	1.9617	6.1671	1.0828	3.1829	2.1196	-2.7528	2.3041	1.7304	-2.6831	-3.0876	2.4141	1.2456	0.68649	185.99	-93.535	-98.536	129.53	7.8312	-7.9329	30.861	-29.424	-57.926	22.386	-26.585	-2.8033	53.935
-4.0729	-15.357	2.3203	5.4671	-0.27699	1.5676	1.5301	-0.034929	1.7514	1.2489	-3.9283	-1.0838	2.2021	0.33545	28.391	199.16	14.345	-27.998	-54.392	-64.613	-23.579	108.71	-22.106	-19.258	-49.806	80.156	-8.484	-36.408
-3.3868	0.97858	4.3929	-1.0754	2.6072	0.8819	-0.60528	-0.11238	-1.441	-0.00011982	-0.70561	0.090255	1.1036	0.4813	27.443	653.4	82.903	-261.7	115.37	-27.428	-85.415	-3.0982	-127.7	-49.961	128.91	46.96	-43.939	5.834
-2.588	11.46	-0.049078	-0.081053	5.7189	1.3683	-3.7453	0.3666	-2.2951	1.7931	-1.0845	-1.0592	0.44281	0.67379	31.951	419.25	-177.68	39.775	124.47	19.457	-125.6	19.159	-34.161	71.729	-15.156	-45.979	-26.43	7.6996
-2.3954	9.7201	2.0666	-2.5131	9.2499	0.28249	-3.4228	-1.5178	-1.9897	3.33	-2.1789	-1.1465	0.53811	0.67231	7.7054	-69.586	84.626	-97.281	141.24	-43.434	12.901	-75.376	12.213	61.476	-43.774	-3.4917	3.8118	-0.059199
-2.2425	8.5243	2.9296	-3.4479	11.492	-0.20395	-3.7146	-1.9642	-0.91687	2.0111	-1.9492	-0.67191	-0.2355	1.3989	6.1139	-47.833	34.521	-37.395	89.672	-19.457	-11.671	-17.858	42.914	-52.755	9.188	18.984	-30.944	29.062
-2.1333	9.431	1.8631	-2.1621	11.629	-0.19312	-4.6023	-0.84979	-0.85085	0.98721	-1.7488	-0.70285	-0.21047	1.253	4.3692	36.269	-42.662	51.432	5.5068	0.43316	-35.509	44.578	2.641	-40.957	8.0155	-1.2377	1.0011	-5.8349
-2.1709	9.9486	2.7808	-2.9511	12.263	-1.2666	-4.5161	-0.41788	-1.0656	1.7191	-2.986	-0.35146	-0.52591	1.5522	-1.504	20.7	36.71	-31.56	25.328	-42.94	3.4479	17.276	-8.5921	29.276	-49.49	14.056	-12.617	11.968
-2.0754	9.4576	1.8709	-2.4294	13.162	-1.4231	-4.0193	-0.29119	-1.8683	1.5503	-2.2858	-1.4372	0.13992	0.69186	3.8182	-19.636	-36.396	20.869	35.972	-6.2597	19.872	5.068	-32.108	-6.7538	28.008	-43.429	26.633	-34.413
-2.589	7.6578	1.9467	-2.8287	12.292	0.69557	-3.8164	0.10554	-2.2579	1.5455	-2.5891	-1.4196	0.23699	0.077551	-20.543	-71.993	3.0329	-15.971	-34.791	84.747	8.1156	15.869	-15.583	-0.18989	-12.129	0.70401	3.8829	-24.572
-3.1766	-0.05983	-0.99916	0.56338	8.7997	2.8545	-2.8436	1.0501e-05	-1.353	0.90998	-1.3165	-2.2114	0.59381	-0.48705	-23.503	-308.71	-117.84	135.68	-139.69	86.356	38.913	-4.2213	36.197	-25.421	50.904	-31.671	14.273	-22.584
-5.0687	-23.37	-1.8154	5.5907	4.0637	3.01	0.53212	0.063448	-2.0366	1.1209	-1.5553	-1.0158	0.14568	-0.69348	-75.683	-932.41	-32.651	201.09	-189.44	6.2206	135.03	2.5375	-27.346	8.4384	-9.5535	47.823	-17.925	-8.2571
-5.2838	-10.678	-13.506	9.6256	1.4054	3.8	1.0879	-2.0019	-0.18734	-0.35426	-2.264	0.38368	-0.78764	1.0348	-8.6055	507.68	-467.63	161.4	-106.33	31.601	22.232	-82.615	73.972	-59.008	-28.348	55.978	-37.333	69.13
-3.4967	5.5279	-8.825	7.2666	3.5655	3.9767	-0.42797	-2.4498	1.2404	-0.63929	-2.063	-0.67971	-0.71455	-0.90311	71.485	648.25	187.25	-94.362	86.401	7.0669	-60.636	-17.914	57.109	-11.401	8.0412	-42.535	2.9236	-77.515
-2.7299	8.3104	-0.10995	1.7443	7.9924	2.9817	-2.2053	-0.65589	-0.4227	0.39561	-2.9118	-1.7811	0.90111	-0.50235	30.672	111.3	348.6	-220.89	177.08	-39.798	-71.094	71.756	-66.523	41.396	-33.955	-44.054	64.626	16.03
-2.6432	5.4103	3.0207	-0.96662	10.513	2.6749	-1.9911	-1.3677	0.27239	1.0442	-4.0948	-1.4644	0.19847	0.48361	3.4649	-116	125.23	-108.44	100.82	-12.275	8.5683	-28.471	27.803	25.945	-47.319	12.668	-28.105	39.438
-3.3043	-4.573	-0.41878	1.7369	10.135	4.4656	-2.7235	-0.19861	0.35315	0.23605	-4.1127	-2.0104	1.1623	-0.062621	-26.443	-399.33	-137.58	108.14	-15.121	71.63	-29.297	46.762	3.2303	-32.328	-0.71384	-21.843	38.554	-21.849
-5.0045	-33.246	-3.2402	4.4071	6.8733	6.0165	-3.3193	-0.31493	3.4373	-0.50738	-4.1426	-2.1742	0.19653	0.72242	-68.006	-1146.9	-112.86	106.81	-130.47	62.035	-23.83	-4.6528	123.36	-29.737	-1.1968	-6.5523	-38.631	31.402
-10.276	-84.666	-12.668	12.594	1.7005	8.0815	-0.014555	3.1493	2.4936	0.37789	0.33589	-2.2258	0.068728	-0.24428	-210.86	-2056.8	-377.13	327.48	-206.91	82.603	132.19	138.57	-37.747	35.411	179.14	-2.0638	-5.1122	-38.668
-12.847	-95.559	-20.173	7.4517	-2.1855	6.3389	0.16244	3.9411	1.7417	-1.8489	1.2179	0.3951	1.0767	0.45881	-102.83	-435.71	-300.21	-205.7	-155.44	-69.707	7.08	31.673	-30.076	-89.071	35.282	104.84	40.32	28.123
-13.939	-95.216	-20.089	6.1627	-5.1471	4.6806	-1.0956	2.7043	1.6971	-3.266	-0.63884	0.36808	-0.42994	-0.5651	-43.71	13.704	3.3626	-51.558	-118.47	-66.331	-50.323	-49.472	-1.781	-56.682	-74.271	-1.0807	-60.267	-40.956
-13.96	-97.303	-21.526	6.4935	-4.8646	4.3584	-1.7763	2.5978	2.3145	-1.8569	-1.1473	-1.1583	-1.2443	0.64223	-0.81526	-83.482	-57.445	13.233	11.3	-12.886	-27.225	-4.2599	24.695	56.361	-20.337	-61.056	-32.575	48.293
-14.031	-96.925	-21.757	7.3361	-3.2992	3.947	-0.62339	2.4458	2.016	0.38462	-0.23384	-0.94466	-0.12064	0.92772	-2.8509	15.138	-9.2588	33.702	62.616	-16.458	46.115	-6.0813	-11.941	89.662	36.537	8.5459	44.947	11.42
-14.097	-98.659	-21.857	4.8162	-3.8102	5.1207	0.29115	1.9878	1.4896	-0.0059552	0.54468	-1.5325	-0.48674	0.041089	-2.6352	-69.367	-3.9944	-100.8	-20.437	46.949	36.582	-18.32	-21.056	-15.623	31.141	-23.514	-14.644	-35.465
-4.2648	-11.417	-14.958	-4.9263	-0.65061	-0.49923	-0.24087	-0.1396	3.2214	-1.024	-1.4487	0.9863	-2.224	0.70351	393.29	3489.7	275.96	-389.7	126.38	-224.8	-21.281	-85.095	69.274	-40.722	-79.735	100.75	-69.489	26.497
-3.7586	23.389	-14.099	-1.0745	-1.0929	-1.81	-2.0849	0.32053	1.8298	-2.0061	-0.72256	1.0211	-2.5166	0.71668	20.247	1392.3	34.37	154.07	-17.692	-52.431	-73.762	18.405	-55.664	-39.283	29.045	1.3935	-11.708	0.5267
-3.3884	17.782	-17.906	6.2154	0.48219	-3.5965	-2.538	1.984	4.2912	-2.3583	-0.72368	0.53835	-1.5482	0.97357	14.809	-224.3	-152.29	291.6	63.004	-71.459	-18.123	66.539	98.457	-14.089	-0.044785	-19.311	38.739	10.275
-3.737	17.329	-22.031	7.9153	1.0667	-3.0132	-0.59991	1.6312	4.4077	-2.6904	-0.46239	0.051476	-0.73524	1.3924	-13.943	-18.101	-165	67.993	23.38	23.33	77.523	-14.111	4.6583	-13.286	10.452	-19.475	32.517	16.753
-4.012	12.525	-21.924	7.503	1.1917	-1.0101	-1.3558	1.302	4.4016	-2.1403	0.53372	0.90143	-0.60156	1.8714	-10.999	-192.15	4.2933	-16.49	5.0005	80.124	-30.234	-13.171	-0.24377	22.006	39.844	33.998	5.3475	19.161
-4.6057	7.8633	-18.566	5.0472	-0.084773	-1.2958	-2.0465	1.9466	4.1594	-0.5392	0.31341	1.2414	-1.16	0.95986	-23.75	-186.48	134.29	-98.234	-51.059	-11.428	-27.631	25.786	-9.6868	64.043	-8.8124	13.6	-22.339	-36.462
-5.0219	3.7202	-16.032	1.9693	-0.099754	-0.31261	-1.5299	-0.29867	3.8675	-0.70922	1.0833	2.0701	-0.037287	1.2368	-16.648	-165.72	101.36	-123.11	-0.59926	39.328	20.665	-89.811	-11.676	-6.8006	30.797	33.145	44.91	11.077
-5.243	-2.787	-11.539	2.1252	0.25568	-0.11734	-4.0041	-0.89392	3.804	-0.50421	0.52622	-0.62267	-0.66454	0.50454	-8.8422	-260.29	179.74	6.2357	14.218	7.8107	-98.967	-23.81	-2.5409	8.2005	-22.284	-107.71	-25.09	-29.29
-1.9047	13.745	1.2975	-2.1488	3.5398	2.232	-1.0442	-1.9785	1.2685	0.099634	0.086177	-0.8177	0.65982	0.86417	133.53	661.26	513.45	-170.96	131.37	93.976	118.39	-43.385	-101.42	24.154	-17.602	-7.8011	52.975	14.385
-0.99994	30.935	4.178	-4.7694	3.4244	0.41792	-2.443	-2.5244	-0.6921	1.2166	-0.40529	-1.4828	0.83929	0.73239	36.192	687.63	115.22	-104.83	-4.6154	-72.565	-55.952	-21.835	-78.423	44.679	-19.659	-26.605	7.1788	-5.2714
-0.63443	28.168	5.9998	-6.0484	3.1589	0.5637	-3.0306	-2.914	-2.4652	1.7646	-0.30545	-1.486	1.2837	0.9606	14.62	-110.7	72.869	-51.159	-10.62	5.8314	-23.501	-15.584	-70.924	21.921	3.9934	-0.12777	17.778	9.1285
-0.40231	24.976	8.3545	-7.6478	3.444	-1.1171	-0.87907	-3.1718	-3.5433	2.3376	-0.35695	-1.4491	0.93148	1.5697	9.285	-127.68	94.188	-63.976	11.404	-67.233	86.06	-10.312	-43.125	22.917	-2.0597	1.4778	-14.091	24.365
-0.38655	21.638	10.623	-7.3676	2.2239	-0.76157	-0.71694	-3.7176	-3.8727	2.8048	-0.01133	-1.1184	0.2938	2.0794	0.63022	-133.51	90.743	11.207	-48.806	14.223	6.4851	-21.832	-13.173	18.69	13.825	13.228	-25.507	20.388
-0.16892	22.524	11.144	-7.4546	0.45107	0.18758	-0.0079177	-3.1456	-5.2588	3.0242	0.11735	-0.613	-0.2486	2.3253	8.7055	35.444	20.847	-3.4787	-70.912	37.966	28.361	22.881	-55.446	8.7749	5.1474	20.215	-21.696	9.8356
-0.10305	23.941	10.84	-7.5609	-0.9271	0.92824	0.55	-3.1831	-5.9179	2.5522	0.88942	-1.1431	-0.36839	2.3353	2.6347	56.68	-12.162	-4.2514	-55.127	29.626	22.317	-1.5025	-26.365	-18.88	30.883	-21.205	-4.7919	0.40027
-0.20421	23.069	11.361	-8.6051	-0.0086913	0.52579	0.98878	-2.286	-7.2793	3.3422	0.37246	-0.74599	-0.52272	2.2605	-4.0465	-34.896	20.851	-41.771	36.736	-16.098	17.551	35.884	-54.457	31.602	-20.678	15.886	-6.1732	-2.9909
-0.20959	18.656	13.548	-8.3059	-1.7756	1.4788	1.3203	-2.215	-7.7916	2.9858	0.67886	-0.90922	-0.69933	2.3174	-0.21532	-176.5	87.464	11.968	-70.675	38.12	13.259	2.8396	-20.492	-14.259	12.256	-6.5292	-7.0641	2.2748
-0.50204	16.634	13.478	-6.3993	-3.0179	1.2608	1.9137	-1.7965	-8.0816	2.8242	0.43684	-0.43635	-0.73433	1.8866	-11.698	-80.869	-2.8209	76.267	-49.693	-8.7198	23.738	16.74	-11.6	-6.4608	-9.6806	18.915	-1.4	-17.23
-0.63075	13.951	13.737	-4.5841	-4.8837	1.5027	3.1294	-1.5703	-8.8501	2.2884	0.88837	-0.42529	-0.82657	1.389	-5.1483	-107.34	10.385	72.607	-74.632	9.6749	48.626	9.0506	-30.738	-21.432	18.061	0.44233	-3.6896	-19.905
-0.66638	14.692	13.74	-5.2829	-3.9671	0.74905	3.4784	-0.067305	-9.978	2.5363	0.79771	-0.12227	-1.0347	1.1466	-1.4252	29.635	0.11692	-27.954	36.663	-30.144	13.962	60.119	-45.115	9.9135	-3.6266	12.121	-8.3251	-9.6959
-0.88418	10.812	14.845	-3.9152	-4.8174	1.0268	2.9842	0.048015	-10.36	2.7879	0.69422	-0.55611	-0.85985	0.99985	-8.7122	-155.19	44.184	54.708	-34.011	11.111	-19.766	4.6128	-15.265	10.066	-4.1394	-17.353	6.9938	-5.871
-0.80965	12.942	13.599	-4.9174	-3.9607	1.5769	2.7053	-0.2035	-10.091	2.5396	1.225	-0.88082	-0.89112	0.98981	2.9812	85.197	-49.807	-40.088	34.266	22.003	-11.159	-10.06	10.742	-9.9339	21.232	-12.989	-1.2508	-0.4014
-0.94192	14.065	12.187	-4.7756	-2.0956	1.2063	2.3001	-0.32268	-10.116	2.7098	0.90904	-0.79947	-1.2579	1.3371	-5.2907	44.912	-56.509	5.6723	74.604	-14.824	-16.205	-4.7675	-0.99417	6.809	-12.639	3.2542	-14.672	13.892
-1.017	13.965	12.303	-5.8674	-0.75503	2.0185	1.2659	-1.495	-8.8086	3.0206	0.57748	-1.7082	-0.92453	1.4477	-3.0014	-3.9796	4.6614	-43.67	53.624	32.489	-41.368	-46.891	52.29	12.432	-13.263	-36.351	13.336	4.4224
-0.91511	13.603	11.655	-5.6829	1.5732	1.5752	0.91405	-3.021	-7.0286	3.1946	-0.3025	-2.3478	-0.1702	1.2376	4.074	-14.489	-25.921	7.3799	93.129	-17.734	-14.075	-61.04	71.201	6.9579	-35.199	-25.582	30.173	-8.4026
-1.1345	15.411	9.2726	-6.6168	5.6853	1.6775	-0.48011	-2.9743	-5.8662	3.0571	-1.5311	-2.7388	-0.037978	1.1886	-8.7759	72.329	-95.305	-37.357	164.49	4.0926	-55.766	1.8679	46.497	-5.4999	-49.143	-15.642	5.2889	-1.9596
-1.0392	14.374	7.9013	-5.5967	7.6998	1.3189	-1.1733	-3.2797	-4.3395	2.6295	-2.5634	-2.8803	0.26822	1.1441	3.8137	-41.495	-54.852	40.802	80.578	-14.345	-27.727	-12.218	61.068	-17.102	-41.293	-5.6595	12.248	-1.7804
-1.1889	17.095	4.5795	-5.6393	10.524	0.82308	-1.3242	-3.0985	-2.6904	1.4427	-3.4735	-2.7172	0.52014	0.72122	-5.9877	108.84	-132.87	-1.7016	112.98	-19.831	-6.0354	7.2477	65.963	-47.473	-36.403	6.527	10.077	-16.915
-1.4169	22.974	-2.1248	-2.2912	10.371	2.5727	-2.5211	-2.5469	-1.9452	0.67862	-2.7339	-3.7994	2.0476	-0.022015	-9.1221	235.17	-268.17	133.92	-6.1299	69.984	-47.877	22.066	29.807	-30.562	29.582	-43.29	61.099	-29.729
-1.632	19.866	-3.0405	0.18202	8.455	1.5744	-4.1754	-1.8622	-0.86561	0.061653	-1.6707	-3.2378	3.063	-0.39762	-8.6056	-124.35	-36.628	98.931	-76.639	-39.932	-66.174	27.388	43.185	-24.679	42.528	22.465	40.614	-15.024
-2.2094	16.192	-0.984	-3.0859	11.457	-1.8065	-2.4918	-2.3192	0.016139	0.3851	-1.662	-2.3517	2.2173	0.23292	-23.095	-146.93	82.258	-130.72	120.06	-135.23	67.347	-18.281	35.27	12.938	0.35066	35.445	-33.827	25.222
-2.0941	17.092	-2.1216	-3.0834	12.014	-2.6075	-2.7643	-1.4217	0.14487	0.39228	-1.6297	-1.7291	1.9071	0.31246	4.6145	35.983	-45.502	0.099626	22.31	-32.042	-10.903	35.9	5.1491	0.28696	1.2904	24.904	-12.408	3.1813
-2.0764	19.989	-2.9923	-3.7843	12.12	-2.7077	-2.8413	-0.90885	0.060665	0.68378	-1.1671	-1.7587	2.1046	0.16024	0.70777	115.87	-34.828	-28.037	4.2135	-4.0062	-3.0774	20.514	-3.3681	11.66	18.504	-1.1854	7.9002	-6.0885
-2.0471	22.031	-2.9159	-4.9634	12.255	-3.3829	-2.3841	-1.3582	0.91451	0.47926	-0.43476	-2.1182	2.4813	-0.13885	1.1724	81.688	3.0548	-47.164	5.4156	-27.01	18.286	-17.973	34.154	-8.1809	29.293	-14.379	15.066	-11.964
-1.963	23.155	-2.8959	-4.6942	11.124	-3.3504	-2.0384	-1.5192	1.6099	1.0173	-0.14032	-1.942	1.9838	0.088553	3.3641	44.953	0.79801	10.769	-45.233	1.3001	13.827	-6.4397	27.815	21.522	11.778	7.048	-19.898	9.096
-1.7845	28.904	-4.7052	-4.4532	8.4461	-2.314	-2.1945	-0.60855	1.3487	1.6725	0.35177	-1.7909	1.4646	-0.1572	7.137	229.95	-72.369	9.641	-107.13	41.457	-6.244	36.425	-10.447	26.208	19.684	6.042	-20.767	-9.83
-1.8633	25.725	-2.9925	-5.0552	8.1478	-2.3776	-0.7004	-1.5985	2.1725	1.4001	1.3345	-1.8507	1.0916	-0.40888	-3.149	-127.13	68.506	-24.081	-11.932	-2.5426	59.765	-39.6	32.952	-10.896	39.311	-2.3912	-14.921	-10.067
-1.9484	30.331	-4.0941	-5.2154	6.3761	-2.5333	-0.45642	-1.0369	1.2859	1.5414	2.3004	-2.2536	1.1402	-0.79667	-3.4069	184.21	-44.064	-6.4076	-70.867	-6.2288	9.7592	22.465	-35.464	5.652	38.635	-16.116	1.9434	-15.512
-1.9283	26.934	-2.8763	-5.2908	5.5744	-2.5221	0.83506	-1.2149	0.32529	1.8103	2.6605	-1.8643	0.98228	-1.3367	0.80668	-135.86	48.712	-3.0187	-32.07	0.44825	51.659	-7.1199	-38.426	10.754	14.404	15.573	-6.3161	-21.602
-2.576	21.815	-1.7702	-4.2235	4.7502	-2.4499	1.3896	0.0019555	-1.8359	2.8742	2.0206	-1.0565	0.4391	-2.1186	-25.909	-204.77	44.243	42.693	-32.969	2.8886	22.181	48.674	-86.448	42.556	-25.598	32.312	-21.727	-31.273
-3.6439	2.414	-1.1882	-2.2992	4.828	-1.7188	1.5414	0.030733	-1.9357	2.2666	1.8383	-0.0065428	0.55334	-2.9674	-42.716	-776.04	23.282	76.971	3.1134	29.242	6.0741	1.1511	-3.993	-24.301	-7.2904	41.998	4.5695	-33.952
-4.926	-15.015	0.54566	2.7126	4.2888	3.453	1.5084	-1.5963	3.5505	-1.4192	-0.68224	2.0743	-0.56273	-3.1052	-51.283	-697.14	69.354	200.47	-21.566	206.87	-1.3215	-65.082	219.45	-147.43	-100.82	83.233	-44.643	-5.5147
-4.8553	-11.34	-2.3689	1.8209	5.1689	3.0565	1.764	-1.055	4.0424	-0.16735	-0.46226	2.4605	-0.038563	-3.1089	2.8275	146.98	-116.58	-35.665	35.202	-15.859	10.222	21.651	19.677	50.074	8.7992	15.447	20.967	-0.14719
-5.0382	-14.843	-1.4025	2.0013	4.3369	3.3368	1.7423	-1.1896	4.5231	-1.4506	0.14892	2.7766	-0.58491	-2.5218	-7.315	-140.12	38.658	7.2132	-33.28	11.211	-0.8666	-5.3808	19.227	-51.331	24.447	12.647	-21.854	23.483
-5.5358	-23.104	-0.76516	2.8121	4.6371	4.5579	0.6256	0.78168	3.3224	-0.64002	-0.72548	3.4325	-0.61826	-2.7981	-19.906	-330.44	25.493	32.433	12.006	48.845	-44.668	78.849	-48.024	32.425	-34.976	26.235	-1.3344	-11.052
-6.3154	-30.825	3.5247	3.9636	1.4324	3.852	0.81806	0.65888	2.0743	-1.454	-2.5694	2.927	0.07388	-1.403	-31.182	-308.82	171.6	46.062	-128.19	-28.236	7.6987	-4.912	-49.926	-32.56	-73.755	-20.22	27.686	55.806
-5.5129	-17.658	-2.2008	1.3796	-5.2341	0.67618	4.678	1.8779	0.55045	0.092261	0.1008	2.6798	0.89378	-0.38535	32.098	526.66	-229.02	-103.36	-266.66	-127.03	154.4	48.761	-60.953	61.851	106.81	-9.8893	32.796	40.705
-5.3247	-16.756	3.3598	2.2863	-5.5189	0.21475	5.5703	2.3725	-0.26589	0.64332	0.82691	3.2029	0.029866	-1.4639	7.5307	36.077	222.42	36.268	-11.39	-18.457	35.69	19.785	-32.654	22.042	29.044	20.924	-34.557	-43.144
-5.5989	-29.551	9.8798	3.8904	-9.3427	-1.2981	2.5452	3.7189	2.3809	-1.8943	-1.5836	1.6972	-0.17609	1.2831	-10.969	-511.81	260.8	64.165	-152.95	-60.513	-121	53.856	105.87	-101.51	-96.42	-60.228	-8.2384	109.88
-4.8766	-25.843	5.9925	4.5677	-6.2284	-5.3088	-0.12525	3.3433	2.6557	-2.3414	0.40849	0.13463	0.01672	2.501	28.893	148.34	-155.49	27.091	124.57	-160.43	-106.82	-15.026	10.992	-17.88	79.684	-62.503	7.7126	48.717
-5.1062	-25.279	4.9201	4.8708	-6.676	-7.7262	-1.2027	2.8888	3.1421	-1.2783	0.27064	0.46756	0.20567	3.0023	-9.1863	22.547	-42.894	12.127	-17.904	-96.692	-43.099	-18.179	19.455	42.524	-5.5141	13.317	7.5578	20.053
-5.6457	-34.794	-1.9181	11.724	-0.68939	-5.5833	-0.36404	2.6903	5.1015	0.037981	1.002	-0.28131	-0.9811	2.3292	-21.579	-380.61	-273.53	274.12	239.47	85.712	33.547	-7.9414	78.377	52.65	29.256	-29.955	-47.471	-26.925
-3.96	-17.797	8.1007	6.592	-2.3206	-8.4941	-2.9529	2.9627	3.649	1.706	0.58512	0.016955	-0.81036	0.66327	67.428	679.91	400.75	-205.27	-65.248	-116.43	-103.55	10.898	-58.099	66.72	-16.676	11.93	6.8298	-66.638
-2.9545	-20.998	6.4063	7.1143	-1.6554	-8.5632	-3.5447	3.3851	4.1183	2.3792	1.4163	0.51978	-0.45776	1.1141	40.222	-128.04	-67.777	20.89	26.609	-2.7655	-23.675	16.896	18.771	26.929	33.246	20.113	14.104	18.034
-2.8168	-4.2219	6.2955	5.8829	-0.011699	-10.061	-3.601	2.304	3.4876	1.5074	1.2788	0.076189	-0.38403	0.83841	5.5048	671.03	-4.429	-49.257	65.746	-59.909	-2.251	-43.247	-25.228	-34.873	-5.4975	-17.744	2.9493	-11.028
-2.2591	-9.5115	12.449	7.2811	-1.8149	-8.2881	-4.6686	3.4476	1.5984	1.3295	0.92626	-0.5367	-0.20138	0.59771	22.308	-211.58	246.16	55.93	-72.13	70.913	-42.703	45.745	-75.571	-7.1135	-14.103	-24.516	7.306	-9.6279
-1.8235	-12.015	12.794	6.9877	-2.2741	-8.338	-4.1851	3.6587	2.7245	0.29421	0.63899	0.067121	-0.74342	0.68711	17.425	-100.14	13.766	-11.736	-18.365	-1.993	19.338	8.4432	45.044	-41.413	-11.491	24.153	-21.682	3.576
-1.5324	-3.0019	12.702	5.3003	-1.734	-9.0342	-6.0437	3.43	2.879	-0.6359	-0.38926	-0.209	-0.69391	1.098	11.644	360.52	-3.6598	-67.499	21.603	-27.85	-74.343	-9.1447	6.1797	-37.205	-41.13	-11.045	1.9803	16.436
-1.253	3.519	12.239	1.8979	-0.51005	-10.053	-4.2842	4.0679	2.3044	-0.7698	-1.6619	-0.39676	-0.74996	1.6135	11.178	260.84	-18.516	-136.1	48.957	-40.757	70.381	25.513	-22.984	-5.356	-50.904	-7.5104	-2.2421	20.621
-1.0684	5.7848	12.523	1.1876	0.095522	-9.7485	-3.3974	3.4931	2.3223	-1.5429	-2.6346	-0.094006	0.2216	1.6132	7.384	90.629	11.372	-28.41	24.223	12.185	35.47	-22.991	0.71884	-30.924	-38.911	12.11	38.862	-0.011681
-0.92069	7.4663	12.962	0.46061	-0.55302	-8.9695	-2.2295	2.7889	2.2869	-2.1369	-2.9977	-0.058822	0.60604	2.0575	5.9063	67.26	17.553	-29.08	-25.942	31.163	46.716	-28.167	-1.4174	-23.762	-14.521	1.4074	15.378	17.773
-1.0794	11.435	12.333	-1.4316	-0.61343	-7.92	-0.40126	3.1968	0.6452	-2.5957	-3.6286	0.53785	2.0562	2.2544	-6.3474	158.76	-25.168	-75.689	-2.4167	41.979	73.129	16.317	-65.668	-18.351	-25.239	23.867	58.007	7.8746
-0.96003	12.808	11.669	-1.9401	-0.074686	-6.0977	0.60376	1.6553	-1.2743	-2.3041	-2.4749	0.64237	2.6213	1.3584	4.7737	54.925	-26.572	-20.34	21.55	72.892	40.201	-61.661	-76.782	11.667	46.148	4.1811	22.605	-35.841
-1.119	14.895	10.702	-2.7225	1.1509	-4.1062	0.9129	1.2374	-3.2695	-1.3852	-1.892	0.61684	2.215	0.92393	-6.3577	83.474	-38.679	-31.295	49.025	79.658	12.366	-16.717	-79.805	36.756	23.315	-1.0215	-16.253	-17.378
-0.91077	18.709	7.8987	-3.1405	3.2919	-3.163	1.4165	-0.76836	-3.7764	-0.9959	-1.4776	0.48075	0.65087	0.97729	8.3284	152.53	-112.12	-16.72	85.639	37.728	20.143	-80.229	-20.278	15.571	16.576	-5.4434	-62.566	2.1343
-0.98373	19.724	6.8365	-3.3354	4.7015	-1.7269	1.1951	-1.7014	-3.8451	-0.26971	-1.3	-0.12962	0.027911	0.91573	-2.9184	40.602	-42.488	-7.7956	56.384	57.446	-8.8537	-37.321	-2.747	29.048	7.1076	-24.415	-24.918	-2.4624
-0.97648	17.179	6.5463	-3.1118	6.5534	-1.951	1.3528	-2.5667	-3.8289	-0.10624	-1.0395	-0.57281	-0.94639	1.1463	0.29012	-101.79	-11.611	8.9425	74.074	-8.9654	6.3074	-34.612	0.64965	6.5389	10.418	-17.727	-38.972	9.2223
-1.3189	13.311	6.675	-2.68	8.0742	-2.5898	2.238	-2.4013	-4.4433	0.77886	-1.3194	-0.9617	-1.1849	0.92871	-13.697	-154.73	5.1505	17.271	60.835	-25.551	35.407	6.6143	-24.576	35.404	-11.195	-15.556	-9.5396	-8.7033
-1.878	7.1779	6.3406	-1.7704	7.615	-1.5835	2.6516	-1.9124	-4.9435	1.4253	-1.7008	-0.52764	-1.3625	-0.15502	-22.364	-245.32	-13.377	36.386	-18.368	40.25	16.543	19.556	-20.011	25.859	-15.257	17.362	-7.1045	-43.349
-2.5725	3.8847	0.63279	4.965	3.4137	1.538	0.43033	0.85046	-2.9787	-0.53869	-0.68989	0.4407	-0.67238	-2.3784	-27.78	-131.73	-228.31	269.42	-168.05	124.86	-88.849	110.52	78.594	-78.561	40.437	38.734	27.604	-88.934
-2.4778	8.4883	0.35309	5.3115	4.1826	0.98985	-1.5969	2.219	-2.9287	-1.2347	-1.1389	1.3816	-0.72151	-2.8199	3.7878	184.14	-11.188	13.859	30.756	-21.926	-81.091	54.74	2.0001	-27.84	-17.961	37.637	-1.9653	-17.663
-2.3514	3.8621	4.614	1.7241	7.7015	-2.1315	1.5708	0.68253	-1.7144	-1.9242	-1.9642	1.8624	-0.42439	-2.1525	5.0549	-185.05	170.44	-143.49	140.75	-124.85	126.71	-61.457	48.572	-27.58	-33.012	19.229	11.885	26.696
-2.4839	6.7546	2.523	2.0048	7.3676	-1.813	1.4428	0.86106	-1.6057	-1.1803	-2.6347	1.2231	0.38131	-2.0374	-5.2996	115.7	-83.64	11.227	-13.356	12.737	-5.1208	7.1413	4.3474	29.755	-26.818	-25.571	32.228	4.6038
-2.5974	7.8997	-0.5301	3.9524	5.6492	-0.068498	0.64177	1.342	-1.7428	-0.17174	-3.2981	0.84235	1.0088	-2.1263	-4.5397	45.802	-122.12	77.905	-68.735	69.781	-32.041	19.237	-5.4835	40.342	-26.538	-15.229	25.098	-3.5555
-2.4689	12.95	-2.0751	3.9434	3.3608	3.1364	0.026896	0.11647	-2.929	1.1494	-2.3114	-0.6567	-0.012248	-1.4051	5.1393	202.03	-61.799	-0.36069	-91.535	128.2	-24.595	-49.021	-47.45	52.847	39.467	-59.962	-40.84	28.848
-1.9352	17.335	0.48827	-0.008205	6.6188	0.9225	-1.0887	-1.6315	-2.4828	0.81761	-2.1916	-1.4566	-0.22999	-0.63865	21.348	175.37	102.53	-158.06	130.32	-88.555	-44.623	-69.92	17.847	-13.273	4.7929	-31.996	-8.7095	30.66
-1.8793	14.101	1.7686	-0.40216	7.551	0.88235	-2.3114	-0.97255	-2.0651	1.0827	-3.1088	-1.3311	-0.42655	0.066913	2.2373	-129.34	51.214	-15.758	37.288	-1.6063	-48.91	26.359	16.709	10.602	-36.689	5.0187	-7.8627	28.222
-1.8532	14.037	2.1654	-2.2422	9.4788	0.023779	-1.0671	-1.3582	-1.8868	0.90517	-3.0952	-1.4752	-0.7165	0.49099	1.0433	-2.5477	15.871	-73.601	77.111	-34.343	49.772	-15.426	7.1337	-7.0993	0.54622	-5.7638	-11.598	16.963
-1.9762	10.708	3.1972	-1.1158	8.2621	1.5877	-1.7864	-0.63587	-2.7473	1.2433	-3.5018	-1.207	-0.88879	0.67466	-4.9191	-133.16	41.271	45.054	-48.667	62.558	-28.773	28.893	-34.423	13.527	-16.265	10.728	-6.8916	7.3467
-2.0478	7.5093	5.7009	-2.6372	7.8113	1.8532	0.45924	-1.6087	-3.4645	2.1961	-3.8499	-0.97346	-1.0428	0.34837	-2.8643	-127.96	100.15	-60.856	-18.033	10.621	89.827	-38.913	-28.687	38.111	-13.923	9.3432	-6.1602	-13.052
-2.1217	5.0904	7.6232	-3.4252	6.7674	1.7364	1.9491	-1.8043	-4.9502	3.0019	-3.4898	-1.6327	-0.010568	-0.59851	-2.9555	-96.754	76.892	-31.518	-41.756	-4.6729	59.593	-7.8241	-59.429	32.231	14.405	-26.368	41.289	-37.875
-2.4472	-1.0245	10.651	-3.3297	3.3447	2.6031	2.6801	0.89973	-6.1599	1.9157	-2.6195	-2.1262	1.155	-1.1046	-13.018	-244.59	121.1	3.8189	-136.91	34.667	29.242	108.16	-48.386	-43.449	34.81	-19.741	46.624	-20.243
-2.8503	-9.8375	13.349	-0.71634	-0.57071	3.2916	2.5829	2.545	-5.1849	0.19984	-2.658	-2.4673	1.5629	-0.47586	-16.125	-352.52	107.95	104.54	-156.62	27.539	-3.8874	65.811	38.998	-68.633	-1.5403	-13.645	16.314	25.149
-3.3886	-14.856	11.987	1.2947	-2.8286	3.5638	3.4909	2.8871	-2.5685	-1.1321	-2.2546	-3.1097	0.7135	0.09837	-21.531	-200.72	-54.511	80.441	-90.317	10.889	36.32	13.684	104.66	-53.277	16.139	-25.693	-33.975	22.969
-3.6018	-18.845	13.078	2.4684	-4.9282	3.7571	3.1133	3.401	-1.5106	-1.5048	-1.4175	-3.3644	-0.84657	0.27357	-8.531	-159.56	43.668	46.95	-83.982	7.7325	-15.106	20.555	42.314	-14.907	33.483	-10.191	-62.403	7.0079
-3.4941	-17.213	14.55	2.1992	-7.1148	4.0715	3.6018	3.4205	-2.7543	-0.84122	-2.1504	-2.2228	-1.4222	0.43876	4.3087	65.256	58.876	-10.769	-87.465	12.577	19.539	0.78136	-49.747	26.542	-29.317	45.667	-23.024	6.6076
-2.7892	-14.687	15.652	1.9155	-7.3063	4.3888	3.1515	2.9872	-3.121	-1.9927	-1.7345	-1.5063	-1.4583	0.0021387	28.196	101.03	44.062	-11.35	-7.6588	12.692	-18.009	-17.332	-14.668	-46.059	16.635	28.66	-1.444	-17.465
-2.3984	-5.9934	16.505	-1.2467	-7.8715	4.2312	2.2886	2.3085	-3.9895	-2.3481	-2.0036	0.11901	-1.6971	0.39367	15.632	347.76	34.129	-126.49	-22.61	-6.3041	-34.518	-27.149	-34.742	-14.217	-10.762	65.011	-9.5517	15.661
-1.8974	-0.86334	16.374	-4.2646	-6.2064	3.8408	1.8609	1.5258	-5.2864	-1.9938	-1.7322	1.3962	-1.7097	0.2481	20.04	205.2	-5.2597	-120.72	66.607	-15.617	-17.105	-31.307	-51.873	14.174	10.853	51.088	-0.50296	-5.8226
-1.4218	8.9366	14.111	-5.812	-6.301	3.8152	1.6111	-0.24312	-5.3499	-2.1296	-0.45777	1.8398	-1.5743	1.0033	19.024	392	-90.512	-61.896	-3.7831	-1.0259	-9.9927	-70.757	-2.5439	-5.4332	50.978	17.744	5.4159	30.209
-0.89685	15.577	13.293	-9.0728	-3.5493	2.7078	0.54302	-0.44983	-5.3743	-0.32644	-1.1029	2.823	-1.5782	1.1272	20.998	265.61	-32.705	-130.43	110.07	-44.293	-42.724	-8.2685	-0.97337	72.127	-25.806	39.328	-0.15675	4.9541
-0.4658	20.227	12.827	-10.235	-1.8364	1.6888	-0.59522	-0.94329	-4.4058	-0.28869	-0.55391	3.0201	-0.96245	1.1596	17.242	185.99	-18.631	-46.497	68.513	-40.762	-45.53	-19.738	38.74	1.5101	21.961	7.8826	24.629	1.2962
-0.24994	26.666	10.771	-11.458	-0.38137	0.058297	-1.5462	-1.3403	-3.6944	0.58673	-0.20239	3.406	-0.95835	1.2779	8.6345	257.58	-82.249	-48.905	58.203	-65.22	-38.041	-15.882	28.455	35.016	14.061	15.437	0.16405	4.7331
-0.018168	31.753	6.8243	-9.6235	-0.24678	-0.66804	-2.1482	-1.0425	-2.7059	0.62487	0.9654	2.9486	0.14142	-0.054945	9.2709	203.49	-157.87	73.373	5.3838	-29.054	-24.078	11.912	39.542	1.5258	46.711	-18.295	43.991	-53.314
-0.090155	32.21	7.5043	-11.63	2.6602	-3.0713	-0.5265	-1.5495	-2.2305	0.644	1.1635	3.4662	-0.43062	0.017978	-2.8795	18.275	27.201	-80.277	116.28	-96.13	64.868	-20.278	19.016	0.76505	7.9232	20.705	-22.882	2.9169
-0.12524	33.706	5.8481	-11.429	2.8677	-3.8948	-0.088618	-2.1618	-1.6487	0.52425	1.6457	2.9371	-0.064595	-0.42142	-1.4036	59.816	-66.247	8.0467	8.3004	-32.942	17.515	-24.491	23.27	-4.79	19.291	-21.167	14.641	-17.576
-0.10529	37.555	1.8218	-8.3122	0.93948	-2.5129	-0.96451	-1.7841	-1.7513	0.79706	2.0115	2.5206	0.22474	-0.73144	0.79831	153.98	-161.06	124.69	-77.131	55.276	-35.036	15.108	-4.1045	10.912	14.63	-16.66	11.574	-12.401
-0.02042	35.538	3.9957	-10.249	2.775	-4.0203	0.10954	-2.7837	-0.84134	0.61998	2.0695	2.44	0.20025	-0.40724	3.3947	-80.685	86.956	-77.49	73.423	-60.293	42.962	-39.984	36.4	-7.083	2.3213	-3.2226	-0.97977	12.968
-0.091203	34.261	4.7599	-10.221	3.2157	-4.1046	0.25663	-3.2721	-0.27175	0.16506	2.5688	2.0208	0.32415	-0.29253	-2.8313	-51.075	30.569	1.1222	17.625	-3.3737	5.8838	-19.539	22.784	-18.197	19.973	-16.768	4.9562	4.5886
-0.17358	34.027	4.4717	-9.9017	2.7628	-3.6527	-0.38383	-3.4416	-0.31251	0.26697	2.7598	1.6239	0.31672	-0.31364	-3.2949	-9.3755	-11.526	12.785	-18.114	18.076	-25.618	-6.7791	-1.6305	4.0763	7.6392	-15.875	-0.29734	-0.8443
-0.073178	33.305	4.3981	-8.9459	2.5569	-2.7113	-0.89348	-3.4251	-0.042497	0.21239	3.1277	1.4145	0.4624	-0.20204	4.0159	-28.852	-2.9456	38.232	-8.2375	37.654	-20.386	0.65994	10.801	-2.1833	14.714	-8.3784	5.827	4.464
-0.21674	32.293	4.6691	-8.4767	2.0932	-2.3631	-1.3032	-3.0434	-0.7926	0.66398	2.6597	1.1312	0.30299	-0.094169	-5.7426	-40.517	10.839	18.769	-18.548	13.931	-16.389	15.268	-30.004	18.064	-18.719	-11.33	-6.3764	4.3147
-0.37019	32.571	4.13	-8.4596	2.7366	-2.0826	-1.2572	-3.5937	-0.53443	0.44259	2.8037	0.98745	-0.15913	0.34319	-6.138	11.127	-21.563	0.68546	25.739	11.218	1.84	-22.01	10.327	-8.8555	5.7593	-5.7502	-18.484	17.494
-0.37417	33.537	2.3847	-6.9824	2.571	-1.233	-2.1638	-3.2459	-0.89267	0.68655	2.526	0.65938	0.15204	0.21438	-0.15903	38.661	-69.814	59.085	-6.6265	33.985	-36.262	13.91	-14.33	9.7583	-11.108	-13.123	12.447	-5.1526
-0.42316	32.289	2.8807	-6.992	4.1077	-1.6643	-2.1015	-3.9554	-0.33474	0.69144	1.7819	0.34968	0.26842	0.82652	-1.9599	-49.932	19.841	-0.38113	61.467	-17.253	2.4904	-28.378	22.317	0.19557	-29.765	-12.388	4.6549	24.486
-0.65461	30.825	2.1292	-6.3657	5.3156	-1.359	-1.6353	-5.2137	0.14393	0.18151	0.99133	-0.50442	0.20542	1.4356	-9.2579	-58.547	-30.06	25.051	48.318	12.212	18.646	-50.334	19.147	-20.397	-31.621	-34.164	-2.5198	24.362
-1.0784	25.317	1.9141	-4.6409	5.7426	0.75047	-1.8334	-5.9563	0.33247	-0.24583	-0.70687	-1.0916	0.42897	1.9501	-16.951	-220.35	-8.6019	68.991	17.081	84.38	-7.9231	-29.701	7.5414	-17.094	-67.928	-23.486	8.942	20.582
-1.6988	14.566	1.9815	-2.3931	6.2803	2.8442	-1.734	-4.4463	0.16509	0.18148	-2.0519	-1.5171	0.7139	1.847	-24.817	-430.03	2.6952	89.913	21.506	83.747	3.9765	60.4	-6.6952	17.092	-53.802	-17.021	11.397	-4.1234
-3.3198	-2.1083	1.1341	-0.60972	6.721	5.7116	-1.002	-2.6832	0.31819	1.1782	-2.2076	-2.7769	1.0457	0.70723	-64.838	-666.96	-33.898	71.335	17.626	114.7	29.279	70.524	6.1241	39.87	-6.2261	-50.392	13.27	-45.592
-5.6136	-34.55	0.091926	1.8629	3.245	7.5277	0.045809	0.17406	1.4721	1.8348	-1.3182	-3.0837	0.5179	-0.33064	-91.755	-1297.7	-41.686	98.904	-139.04	72.644	41.914	114.29	46.157	26.264	35.574	-12.271	-21.11	-41.515
-7.2871	-58.537	0.076764	9.0347	0.019156	11.413	1.7189	0.059394	0.90233	0.64464	-0.764	0.22316	1.014	-1.8559	-66.937	-959.48	-0.60648	286.87	-129.03	155.42	66.923	-4.5866	-22.791	-47.608	22.168	132.27	19.844	-61.011
-6.3941	-54.423	2.3726	7.8145	-5.5167	8.1571	3.5857	3.617	3.8007	-2.1631	-3.0333	0.48585	0.91925	-0.80061	35.719	164.57	91.832	-48.809	-221.44	-130.25	74.673	142.31	115.94	-112.31	-90.772	10.508	-3.79	42.212
-5.609	-23.813	2.7244	4.6045	-11.503	4.3694	5.5158	4.5337	2.6946	-4.372	-1.2076	-1.1417	-0.88862	-1.1078	31.404	1224.4	14.075	-128.4	-239.46	-151.51	77.205	36.667	-44.246	-88.358	73.03	-65.102	-72.315	-12.287
-4.1063	-14.306	-4.1186	17.415	-10.126	2.1738	2.7056	1.802	4.4784	-6.199	-1.6592	-1.7437	0.58155	-0.075304	60.106	380.27	-273.72	512.43	55.085	-87.826	-112.41	-109.27	71.355	-73.079	-18.064	-24.081	58.807	41.299
-3.008	-4.5867	3.844	11.243	-4.2747	-1.378	0.52021	2.7491	2.5006	-4.0382	-3.1595	-2.1777	1.9326	-0.79946	43.933	388.79	318.5	-246.87	234.06	-142.07	-87.415	37.884	-79.114	86.43	-60.014	-17.358	54.041	-28.966
-2.4078	-1.3619	10.321	4.0131	1.0105	-6.2383	1.2067	1.8043	1.6959	-2.6481	-4.4969	0.38058	0.96305	0.078029	24.01	128.99	259.07	-289.21	211.4	-194.41	27.461	-37.792	-32.188	55.606	-53.495	102.33	-38.781	35.099
-1.8124	0.13054	10.291	4.1415	0.70603	-8.657	1.1423	1.9894	2.0879	-2.1561	-5.2893	2.1237	0.96969	0.5908	23.813	59.696	-1.1816	5.1353	-12.177	-96.748	-2.5758	7.4056	15.682	19.682	-31.699	69.725	0.26568	20.511
-1.613	13.959	7.9527	1.6877	0.14325	-9.2811	1.5012	1.4903	1.1942	-1.456	-5.166	1.6731	2.0889	0.91755	7.9781	553.14	-93.544	-98.15	-22.511	-24.964	14.354	-19.963	-35.747	28.004	4.9357	-18.023	44.77	13.07
-0.97184	9.9545	10.094	2.5707	-3.2058	-7.1013	0.88062	1.2558	0.51642	-0.66603	-4.0499	2.7504	2.9737	-0.48705	25.645	-160.18	85.668	35.319	-133.96	87.19	-24.822	-9.3795	-27.113	31.597	44.644	43.092	35.392	-56.184
-0.89364	16.809	10.119	-0.25028	-3.6556	-9.2733	2.1866	0.36697	0.88806	-0.96285	-3.1745	3.676	2.9943	0.24714	3.1283	274.19	0.98188	-112.84	-17.993	-86.88	52.239	-35.555	14.866	-11.872	35.015	37.021	0.82349	29.368
-0.46794	27.182	6.7603	-3.2626	-2.3764	-7.2269	1.5218	0.84641	-0.41598	0.29334	-2.132	3.4816	2.8454	-0.86851	17.028	414.89	-134.34	-120.49	51.169	81.856	-26.59	19.178	-52.162	50.248	41.701	-7.7746	-5.956	-44.626
-0.32374	27.904	6.6012	-5.4028	-1.1984	-8.0734	1.3216	0.58922	-0.42823	0.9812	-1.319	4.2253	1.8878	-1.038	5.7676	28.895	-6.3647	-85.608	47.117	-33.858	-8.0098	-10.288	-0.48974	27.514	32.517	29.748	-38.306	-6.7787
-0.37186	33.523	4.5527	-9.0221	0.70082	-7.0493	2.0769	-0.40321	-1.4017	1.2326	-0.32867	3.5475	1.7604	-1.1523	-1.9246	224.75	-81.94	-144.77	75.971	40.963	30.214	-39.697	-38.939	10.055	39.615	-27.109	-5.0964	-4.5736
-0.4448	35.187	2.2443	-7.9844	1.0928	-5.2087	1.5815	-2.1118	-1.6043	1.3074	0.52465	2.8622	0.64494	-0.1647	-2.9175	66.574	-92.336	41.508	15.681	73.624	-19.818	-68.344	-8.1016	2.9922	34.133	-27.414	-44.617	39.505
-0.70935	32.969	0.49958	-5.8403	1.5594	-2.3028	0.27759	-3.4167	-1.3409	1.0377	1.2395	1.6856	0.57978	0.43221	-10.582	-88.719	-69.788	85.766	18.66	116.24	-52.155	-52.195	10.535	-10.788	28.594	-47.064	-2.6064	23.876
-1.4885	23.578	2.5599	-5.443	4.1905	-1.2507	0.68032	-6.0031	0.52838	0.70757	0.34088	0.7966	-0.20119	1.777	-31.167	-375.67	82.413	15.891	105.25	42.087	16.109	-103.46	74.77	-13.205	-35.944	-35.561	-31.239	53.793
-2.5498	14.976	-1.1455	-3.7877	7.7708	2.2327	-1.9616	-4.9201	1.9306	1.3411	-1.599	-0.64842	0.25207	1.6982	-42.452	-344.06	-148.22	66.212	143.21	139.33	-105.68	43.321	56.088	25.342	-77.596	-57.801	18.131	-3.1543
-3.5833	-9.4683	-2.3185	2.4987	8.1887	4.9458	-1.9697	-4.3339	2.365	1.1809	-2.4018	-0.77421	0.96948	1.5255	-41.338	-977.77	-46.918	251.46	16.716	108.52	-0.32234	23.446	17.376	-6.4075	-32.11	-5.0313	28.696	-6.9054
-5.8746	-32.026	-19.13	13.229	2.4074	7.6079	-4.3031	-1.3549	0.8998	-1.2805	-0.71576	-1.7258	0.64811	0.4601	-91.655	-902.31	-672.47	429.2	-231.25	106.49	-93.338	119.16	-58.607	-98.459	67.44	-38.064	-12.855	-42.618
-8.9749	-63.241	-31.261	6.5254	-3.952	5.283	-1.1817	2.6165	1.6177	-0.51552	3.4825	0.53032	0.064458	1.9656	-124.01	-1248.6	-485.23	-268.13	-254.38	-92.995	124.86	158.86	28.714	30.601	167.93	90.245	-23.346	60.22
-9.4655	-49.58	-28.14	1.4111	-10.067	7.1799	-0.75869	-0.149	3.0761	-2.7233	3.0446	-2.0168	2.2621	-0.9291	-19.627	546.44	124.82	-204.57	-244.59	75.874	16.919	-110.62	58.338	-88.311	-17.514	-101.89	87.905	-115.79
-6.3208	-24.629	-9.3835	1.89	-11.52	1.3362	3.1356	0.0039125	0.49446	-2.6095	1.0663	-2.4735	-0.68354	-2.0788	125.79	998	750.27	19.156	-58.134	-233.75	155.77	6.1167	-103.27	4.5527	-79.136	-18.269	-117.83	-45.989
-6.3495	-17.532	-4.7957	1.432	-15.571	2.8166	-0.49344	0.28007	-1.4809	-3.2848	0.1426	-2.7657	0.6726	-2.4807	-1.1458	283.88	183.51	-18.321	-162.02	59.216	-145.16	11.046	-79.015	-27.012	-36.946	-11.685	54.246	-16.074
-7.3518	-54.857	-8.5721	9.5028	-9.3118	4.6625	0.30908	3.0346	0.32425	-0.45231	0.95046	0.1509	0.72373	-0.14667	-40.094	-1493	-151.06	322.83	250.36	73.836	32.101	110.18	72.207	113.3	32.314	116.66	2.0451	93.36
-7.074	-44.148	-17.592	5.8143	-8.8887	1.9987	-0.71582	1.2809	0.80872	-0.04822	0.6642	-1.7704	-0.93072	-0.2976	11.114	428.34	-360.78	-147.54	16.925	-106.55	-40.996	-70.148	19.379	16.164	-11.45	-76.851	-66.178	-6.0372
-6.3467	-3.2102	-14.983	4.2612	-8.1878	2.808	0.21498	1.2651	0.81245	1.0917	0.90836	-2.0932	-0.12485	-0.11436	29.09	1637.5	104.36	-62.122	28.034	32.37	37.232	-0.63219	0.14907	45.598	9.7661	-12.912	32.235	7.3297
-6.0294	-5.2565	-18.027	9.6729	-5.5055	6.5302	-0.83775	0.69474	1.1667	-0.381	2.957	-0.46117	0.22284	0.30427	12.692	-81.854	-121.78	216.47	107.29	148.89	-42.109	-22.813	14.17	-58.909	81.947	65.28	13.908	16.745
-6.3568	-10.144	-19.566	6.3247	-5.4501	4.2167	-1.7901	1.0129	1.5173	0.4989	1.4364	-1.1799	0.13631	-0.68111	-13.094	-195.5	-61.579	-133.93	2.2139	-92.54	-38.094	12.729	14.025	35.196	-60.827	-28.751	-3.4613	-39.415
-4.9942	-18.668	-8.9458	6.0652	-0.72146	6.2197	-1.0405	0.053316	1.6345	0.80248	1.4978	-0.23738	0.0080257	-0.62928	54.501	-340.98	424.83	-10.377	189.15	80.12	29.983	-38.385	4.6889	12.143	2.4581	37.702	-5.1312	2.0731
-2.296	13.642	5.3201	-2.5865	1.7087	0.67701	0.66715	-2.0909	0.41111	-1.1656	1.779	-0.14948	1.0684	-0.9301	107.93	1292.4	570.63	-346.07	97.205	-221.71	68.308	-85.768	-48.937	-78.723	11.247	3.5161	42.415	-12.033
-1.6177	18.189	5.2036	-2.9537	1.8948	-0.79216	-0.38444	-3.6237	-0.29676	-1.4391	2.0769	0.039549	1.0656	-1.0377	27.133	181.84	-4.66	-14.691	7.4468	-58.767	-42.064	-61.314	-28.315	-10.939	11.917	7.5612	-0.11054	-4.3053
-1.53	19.469	4.6431	-2.9666	0.5362	-0.9997	-0.5643	-2.6732	-0.92797	-0.39389	1.9559	0.28317	1.0712	-0.73519	3.508	51.237	-22.418	-0.51659	-54.345	-8.3014	-7.1946	38.022	-25.248	41.808	-4.8396	9.7448	0.22231	12.102
-1.5353	15.815	4.5067	-2.8377	-0.19849	0.93528	-1.2639	-3.0805	-0.4813	-0.33573	1.9124	1.444	0.96622	-0.96873	-0.21226	-146.18	-5.4562	5.158	-29.388	77.399	-27.983	-16.293	17.867	2.3261	-1.7398	46.434	-4.199	-9.3416
-1.4731	18.789	4.7674	-3.9376	-0.97447	-0.064659	-2.3236	-0.89287	-1.1204	0.39639	2.1976	0.88773	1.2471	-1.1175	2.4885	118.95	10.425	-43.996	-31.039	-39.998	-42.387	87.505	-25.565	29.285	11.406	-22.252	11.234	-5.9518
-1.3335	23.905	4.2654	-6.5076	-1.979	-1.0119	-2.1835	-0.74151	0.066468	1.234	3.2481	1.2569	0.38714	-1.8443	5.5849	204.65	-20.077	-102.8	-40.181	-37.891	5.6025	6.0542	47.476	33.504	42.022	14.767	-34.397	-29.071
-1.2815	28.03	2.4787	-7.7796	-0.86078	-2.9014	-0.29722	-0.72058	1.3631	1.2206	3.6717	0.64181	-0.59428	-1.2289	2.0768	165.02	-71.469	-50.879	44.729	-75.58	75.451	0.83741	51.866	-0.5339	16.943	-24.604	-39.257	24.617
-1.2942	20.643	4.2461	-7.2017	-0.52089	-3.1265	-0.46687	0.27283	0.18188	1.6723	3.788	0.9848	-0.45835	-1.3556	-0.5077	-295.51	70.696	23.115	13.595	-9.0029	-6.786	39.736	-47.25	18.066	4.6542	13.719	5.4373	-5.0699
-1.5963	29.005	2.9877	-10.22	0.76214	-3.7283	0.13182	0.55729	0.60655	1.4012	3.168	0.30738	0.024684	-1.664	-12.081	334.48	-50.335	-120.73	51.321	-24.07	23.948	11.379	16.987	-10.843	-24.802	-27.097	19.321	-12.333
-1.4308	19.942	3.8824	-6.5451	-1.4098	-3.8424	0.69464	0.36324	0.51892	1.466	4.1761	0.41645	-0.52671	-1.3421	6.6167	-362.51	35.787	146.99	-86.876	-4.5662	22.512	-7.762	-3.5053	2.5913	40.325	4.363	-22.056	12.872
-1.8103	24.778	3.7855	-9.8356	-1.2771	-2.5416	-0.32795	1.2659	0.49056	1.0593	3.2018	1.1301	-0.92723	-1.7061	-15.179	193.43	-3.8774	-131.62	5.3068	52.031	-40.903	36.107	-1.1343	-16.266	-38.971	28.547	-16.021	-14.56
-1.6868	15.396	5.262	-7.0049	-2.7656	-2.1289	0.16816	1.2286	1.533	0.43018	3.166	1.4338	-0.82351	-1.1868	4.9402	-375.27	59.063	113.23	-59.542	16.508	19.845	-1.495	41.696	-25.166	-1.4337	12.148	4.1488	20.774
-2.3639	17.645	3.7732	-8.5935	-3.7069	-1.8356	0.37421	1.2627	1.0775	0.38118	3.7814	2.0132	-1.2804	-1.4809	-27.082	89.975	-59.554	-63.544	-37.651	11.734	8.2416	1.3662	-18.22	-1.96	24.617	23.174	-18.275	-11.764
-2.4399	17.867	4.6072	-6.3712	-4.1182	-1.6913	0.0011902	2.5273	1.0317	-0.92337	3.5129	0.3585	-0.36296	-1.8744	-3.0423	8.8645	33.362	88.893	-16.451	5.7718	-14.921	50.583	-1.8327	-52.182	-10.739	-66.187	36.697	-15.739
-2.5452	10.697	1.064	-5.8183	-4.3922	-3.0618	1.4642	0.14892	2.2474	-0.34218	3.8134	2.5349	-1.6714	-2.0486	-4.211	-286.78	-141.73	22.114	-10.959	-54.821	58.521	-95.135	48.63	23.248	12.02	87.058	-52.338	-6.971
-3.7962	1.4657	3.3335	-1.8951	-4.5114	-1.3892	1.5165	0.063894	1.4281	1.0058	2.5802	1.5124	-0.8886	-1.8879	-50.042	-369.27	90.782	156.93	-4.7682	66.903	2.0919	-3.4012	-32.775	53.92	-49.327	-40.902	31.312	6.4308
-3.2046	-10.709	4.7334	-1.7576	-4.2404	-1.2984	1.3847	1.2003	2.0594	0.75792	3.0935	2.5532	-0.97517	-2.1313	23.666	-486.97	55.996	5.4995	10.838	3.634	-5.2737	45.456	25.254	-9.9158	20.532	41.633	-3.4629	-9.7355
-3.4358	12.754	3.0588	-4.6776	-4.2056	-3.0841	2.268	2.116	-0.10482	-0.10761	3.1872	1.6767	-0.28167	-2.8963	-9.2492	938.51	-66.985	-116.8	1.3909	-71.431	35.334	36.63	-86.569	-34.622	3.746	-35.062	27.74	-30.603
-3.4552	-9.4181	-6.0377	-5.0701	-5.3016	-2.8627	0.027535	1.6832	-1.0823	1.5781	3.0951	4.0455	-1.0271	-2.8771	-0.77551	-886.9	-363.86	-15.7	-43.84	8.8582	-89.619	-17.312	-39.099	67.429	-3.6839	94.756	-29.819	0.76909
-5.7978	-12.953	-4.2817	-0.62266	-4.4632	-0.57295	1.8559	1.652	0.35057	-0.075404	2.2038	4.4323	-1.7398	-0.24197	-93.702	-141.4	70.238	177.9	33.539	91.59	73.134	-1.25	57.314	-66.14	-35.652	15.468	-28.505	105.41
-6.1701	-25.321	4.8192	0.11981	-5.5561	0.52893	1.1817	2.4988	0.22346	-0.7961	1.9478	2.0259	-0.33627	-1.8765	-14.892	-494.73	364.04	29.699	-43.716	44.075	-26.967	33.875	-5.0845	-28.828	-10.24	-96.254	56.14	-65.38
-6.9506	-60.694	-1.4266	4.4935	-7.9153	1.1383	-0.55026	2.2253	-0.8679	-1.2398	2.8326	3.7741	0.2237	-2.1311	-31.222	-1414.9	-249.83	174.95	-94.371	24.376	-69.279	-10.941	-43.654	-17.747	35.393	69.93	22.399	-10.185
-11.172	-76.422	-13.656	12.553	-1.449	3.985	1.3675	-0.24462	2.116	-2.1793	0.37131	0.11798	-0.10177	0.69401	-168.87	-629.11	-489.16	322.39	258.66	113.86	76.712	-98.797	119.36	-37.581	-98.451	-146.25	-13.019	113
-11.015	-67.436	-9.8295	12.737	-1.2708	3.8141	0.50089	-0.99364	3.2428	-2.5748	1.1732	0.50108	-0.94138	-0.38932	6.2833	359.46	153.04	7.3594	7.1269	-6.8361	-34.666	-29.961	45.073	-15.819	32.074	15.324	-33.584	-43.333
-11.184	-78.979	-18.32	10.784	-2.2966	5.7024	3.0721	-2.4233	2.9289	-2.8029	1.0478	0.5529	-1.4884	0.64919	-6.7481	-461.72	-339.62	-78.113	-41.031	75.535	102.85	-57.185	-12.556	-9.1262	-5.0162	2.0729	-21.88	41.54
-11.839	-80.008	-22.614	6.0922	-6.2961	3.7885	1.5692	-0.32483	4.781	-2.1566	2.5537	2.5888	-0.12599	-1.8542	-26.186	-41.193	-171.77	-187.69	-159.98	-76.557	-60.114	83.938	74.081	25.854	60.237	81.437	54.496	-100.13
-10.604	-65.565	-18.733	7.417	-3.0059	6.5944	1.1419	-1.2523	4.595	-3.1927	2.3349	0.73278	0.0096287	-1.1324	49.371	577.75	155.22	52.992	131.61	112.24	-17.091	-37.098	-7.4409	-41.446	-8.7508	-74.241	5.4247	28.869
-10.255	-55.778	-16.125	8.3851	-2.0326	7.3178	1.3868	-0.84175	6.42	-1.8308	3.1203	-0.38361	-0.96623	-2.1457	13.986	391.47	104.35	38.723	38.932	28.934	9.7974	16.421	73.001	54.477	31.414	-44.656	-39.034	-40.531
-10.116	-60.14	-16.729	0.73345	-6.2939	8.2208	1.706	2.1086	7.8811	-1.6893	4.9671	1.0562	-0.642	-2.0721	5.5499	-174.49	-24.163	-306.07	-170.45	36.122	12.766	118.01	58.442	5.6598	73.872	57.591	12.969	2.9436
-10.022	-56.921	-16.366	0.0047462	-8.2166	7.1512	1.4706	-1.3416	3.9567	-2.791	2.9911	-0.44038	-2.1187	-1.4159	3.7497	128.76	14.524	-29.148	-76.907	-42.785	-9.4148	-138.01	-156.97	-44.067	-79.038	-59.862	-59.068	26.25
