-4.901	-19.658	0.4008	-7.0462	-9.2568	2.8666	-0.15187	7.2257	-4.3034	1.0271	-0.28619	1.0005	-0.75593	-0.7035	0	0	0	0	0	0	0	0	0	0	0	0	0	0
-5.0434	-16.884	2.2334	-7.2143	-8.1889	4.5715	-0.13799	7.4572	-5.2656	-2.1836	-1.9758	2.1724	-0.69532	0.0030886	-5.6961	110.96	73.302	-6.7233	42.716	68.197	0.55534	9.2587	-38.491	-128.43	-67.583	46.875	2.4245	28.264
-5.7895	-32.009	-2.7566	-7.5765	-6.2451	6.3703	0.12751	5.8355	-2.0404	-2.533	-0.2308	4.4336	1.0216	1.2502	-29.845	-604.96	-199.6	-14.489	77.748	71.953	10.62	-64.866	129.01	-13.978	69.799	90.449	68.677	49.885
-3.6806	-27.763	11.69	4.3134	-3.0042	4.3884	0.53553	2.117	-1.2515	-2.8329	0.59397	1.6675	0.5272	0.12434	84.354	169.8	577.87	475.6	129.64	-79.277	16.321	-148.74	31.557	-11.993	32.99	-110.64	-19.776	-45.035
-2.5578	-8.6947	19.039	-0.29969	-5.1507	4.5871	0.6215	-0.0093544	-2.4784	-2.2982	-0.56441	-0.11746	0.603	-0.53004	44.912	762.75	293.96	-184.52	-85.864	7.9476	3.4387	-85.056	-49.074	21.385	-46.335	-71.398	3.0321	-26.175
-1.379	-1.0754	20.196	-4.1862	-4.966	4.0372	-0.39864	-0.26717	-3.5818	-1.6992	-1.2305	0.15629	0.82651	-0.34713	47.153	304.77	46.284	-155.46	7.3916	-21.997	-40.805	-10.313	-44.138	23.961	-26.644	10.95	8.9403	7.3164
-0.84046	1.4747	21.872	-2.4123	-8.8908	5.2393	-1.0496	-0.62877	-4.3603	-1.6554	-0.64721	1.0571	-0.0086885	0.53507	21.542	102	67.018	70.959	-157	48.084	-26.038	-14.464	-31.14	1.7537	23.332	36.031	-33.408	35.288
-0.38712	8.2185	22.172	-6.2683	-7.8817	4.8427	-1.5445	-0.7115	-5.0543	-1.2179	-0.19178	1.892	-0.061407	0.16775	18.133	269.75	11.995	-154.24	40.366	-15.863	-19.797	-3.3091	-27.759	17.499	18.217	33.398	-2.1087	-14.693
-0.43408	8.8565	21.045	-5.9946	-5.4971	2.0988	-1.5575	-0.98419	-5.5862	-0.18929	0.88076	1.6788	-0.31095	-0.031443	-1.8783	25.519	-45.092	10.946	95.385	-109.76	-0.52089	-10.908	-21.276	41.144	42.902	-8.5297	-9.9817	-7.9679
-0.43765	10.541	17.488	-5.3284	-0.91712	1.4945	-4.398	-1.2728	-3.745	1.4085	-0.48478	1.8468	-0.23081	0.23576	-0.14261	67.392	-142.24	26.652	183.2	-24.17	-113.62	-11.543	73.649	63.91	-54.622	6.7215	3.2058	10.688
-0.49286	14.549	17.016	-7.5763	-0.30961	1.9017	-4.1404	-1.524	-3.9232	1.29	-0.050312	2.1129	-0.016344	0.16586	-2.2086	160.31	-18.889	-89.918	24.3	16.289	10.303	-10.049	-7.1282	-4.7373	17.379	10.642	8.5785	-2.796
-0.35351	21.049	13.531	-9.3533	3.7517	0.24239	-3.3822	-1.4061	-5.8777	3.0942	0.011803	1.4782	0.48313	-0.058794	5.574	260	-139.41	-71.079	162.45	-66.374	30.327	4.7151	-78.18	72.167	2.4846	-25.384	19.979	-8.986
-0.51021	22.966	12.681	-8.5414	3.0961	-1.2544	-0.28133	-2.6595	-5.8128	4.0025	-0.32661	0.84659	0.14471	1.0437	-6.268	76.687	-34.002	32.476	-26.224	-59.871	124.04	-50.135	2.5951	36.332	-13.537	-25.266	-13.537	44.099
-0.5719	20.072	10.715	-4.6848	4.4155	-1.7944	-2.0092	-3.4591	-3.7434	4.1106	-2.0829	1.0186	0.011208	0.93912	-2.4673	-115.76	-78.627	154.26	52.779	-21.602	-69.114	-31.986	82.775	4.3246	-70.253	6.8815	-5.3403	-4.1825
-0.67725	16.052	9.7475	-2.795	6.4256	-1.3349	-2.2208	-4.8133	-2.7887	3.6923	-2.5129	0.14844	-0.24367	1.8187	-4.2139	-160.82	-38.709	75.592	80.401	18.382	-8.4659	-54.165	38.189	-16.734	-17.197	-34.807	-10.195	35.183
-0.85664	13.402	10.288	-2.4847	7.1165	0.16022	-2.1422	-4.5564	-3.9694	4.3895	-3.8861	-0.87181	0.62279	1.9638	-7.1759	-106.01	21.637	12.413	27.636	59.804	3.1461	10.272	-47.228	27.888	-54.927	-40.81	34.659	5.805
-1.4844	9.9981	8.2225	-2.4172	8.7303	0.73308	-1.512	-3.8208	-4.7161	6.4356	-5.1274	-2.6982	2.2406	2.2095	-25.11	-136.14	-82.637	2.7008	64.552	22.915	25.205	29.427	-29.865	81.844	-49.654	-73.056	64.711	9.8275
-2.4497	-8.0487	7.6983	1.3865	7.0825	3.1133	-1.1842	-3.062	-4.0784	5.5525	-3.765	-1.5855	1.9148	0.94474	-38.611	-721.87	-20.968	152.15	-65.912	95.207	13.115	30.351	25.505	-35.321	54.498	44.509	-13.031	-50.591
-4.3393	-27.417	6.1254	1.4241	2.9888	3.2459	-1.0253	-2.7391	-1.54	5.9005	-2.9962	-2.7963	3.67	0.97877	-75.585	-774.72	-62.913	1.5061	-163.75	5.3053	6.3549	12.915	101.54	13.917	30.749	-48.434	70.209	1.3612
-6.5922	-54.838	0.20691	6.1852	1.8177	9.072	0.10173	-1.9015	1.1543	3.3974	-0.17364	-3.7627	2.5482	1.6378	-90.118	-1096.9	-236.74	190.44	-46.846	233.04	45.081	33.504	107.77	-100.12	112.9	-38.655	-44.874	26.359
-6.3772	-44.365	0.94319	1.8401	0.66297	7.2461	-0.49136	0.73816	-0.71048	1.5807	0.92287	-3.4983	2.5321	1.7844	8.6008	418.92	29.452	-173.8	-46.188	-73.033	-23.724	105.59	-74.592	-72.668	43.86	10.575	-0.64258	5.8669
-4.2436	-5.4941	4.1206	-6.6815	2.3099	4.5549	-1.5664	4.6937	-1.7286	1.7904	-2.6741	-1.168	-0.18864	2.0274	85.343	1554.8	127.1	-340.86	65.878	-107.65	-43.002	158.22	-40.726	8.389	-143.88	93.213	-108.83	9.7173
-2.8992	-1.8197	7.3257	-2.0785	3.3605	5.1096	-2.9309	0.51352	-3.9565	2.3071	-0.31206	-2.7189	0.052218	2.463	53.778	146.97	128.21	184.12	42.022	22.189	-54.58	-167.21	-89.114	20.668	94.483	-62.035	9.6345	17.425
-2.0365	-1.9468	14.398	-2.3649	2.1822	6.767	-3.1454	-2.0225	-3.6962	2.2089	1.1938	-2.4984	-1.0363	1.4709	34.507	-5.0832	282.89	-11.458	-47.13	66.297	-8.5785	-101.44	10.412	-3.9293	60.234	8.8197	-43.542	-39.684
-1.5295	-0.59445	17.76	-2.5141	-0.010276	4.7266	-0.36672	-2.0729	-4.8636	3.1204	-0.61665	-1.8323	-0.58256	1.0966	20.282	54.092	134.49	-5.9688	-87.7	-81.616	111.15	-2.0167	-46.695	36.459	-72.418	26.644	18.151	-14.971
-1.3664	-1.9676	20.256	-1.8072	-3.5846	4.569	0.61168	-0.5405	-6.2406	0.88746	-0.1716	-0.53825	-0.56163	0.32704	6.523	-54.927	99.851	28.279	-142.97	-6.3063	39.136	61.295	-55.081	-89.317	17.802	51.761	0.83708	-30.783
-1.2906	-0.46259	20.383	-1.233	-5.5778	4.2456	0.56992	-0.42565	-5.3453	0.65296	-1.203	0.89172	-0.56917	-0.060459	3.0309	60.202	5.0795	22.966	-79.729	-12.935	-1.6703	4.5939	35.812	-9.3801	-41.255	57.199	-0.30154	-15.5
-1.2156	-2.5987	20.763	0.41847	-7.2843	3.7509	1.3254	0.16234	-5.9425	-0.029468	-0.62794	1.285	-2.0196	1.5545	3.0006	-85.446	15.173	66.059	-68.26	-19.789	30.217	23.519	-23.888	-27.297	23.002	15.732	-58.016	64.597
-1.2237	-3.919	21.316	0.93507	-8.555	3.931	3.2151	-0.32865	-7.4018	-0.14133	-0.66442	2.0516	-1.5436	0.38927	-0.32537	-52.81	22.126	20.664	-50.827	7.204	75.59	-19.64	-58.374	-4.4743	-1.4595	30.664	19.038	-46.607
-1.222	-4.8066	22.294	0.86875	-9.6635	3.5277	2.3453	1.4088	-5.6428	-2.8929	-0.21714	3.0522	-2.5298	0.78394	0.07012	-35.503	39.139	-2.653	-44.341	-16.128	-34.79	69.496	70.362	-110.06	17.891	40.023	-39.446	15.787
-1.2142	-4.7459	21.878	1.983	-10.819	4.6713	1.2391	1.9344	-5.2047	-3.7795	-0.19408	3.6089	-2.6471	0.72345	0.31073	2.4278	-16.652	44.569	-46.208	45.74	-44.25	21.026	17.521	-35.462	0.92212	22.269	-4.6931	-2.4198
-1.1185	-3.2196	21.626	1.0435	-9.4928	4.4071	1.3342	1.5972	-5.5669	-3.312	0.3651	3.1634	-3.1386	1.4566	3.8301	61.051	-10.089	-37.58	53.037	-10.565	3.8049	-13.49	-14.487	18.698	22.367	-17.823	-19.661	29.324
-1.0218	0.37101	20.243	-0.6339	-7.2466	4.3243	1.6077	0.59505	-6.7093	-1.8803	1.3961	1.1687	-2.3214	1.7105	3.867	143.62	-55.319	-67.095	89.848	-3.3139	10.941	-40.085	-45.697	57.268	41.241	-79.787	32.687	10.158
-0.95268	4.3905	18.28	-2.6039	-5.0444	5.9335	1.4806	-2.1161	-7.4783	1.4265	-0.52508	0.95389	-1.8174	1.5167	2.7645	160.78	-78.506	-78.801	88.086	64.37	-5.0872	-108.45	-30.759	132.27	-76.848	-8.5911	20.162	-7.7531
-0.902	7.9035	16.314	-4.4858	-1.9461	7.5818	-1.0399	-3.4353	-5.9565	2.3251	-1.1114	0.30646	-1.5793	1.673	2.027	140.52	-78.643	-75.274	123.93	65.932	-100.82	-52.769	60.872	35.943	-23.451	-25.897	9.5226	6.2542
-0.95064	9.3447	15.348	-5.9668	2.1671	6.6288	-3.883	-2.0786	-5.0571	2.2382	-0.58948	-1.0676	-1.7013	2.1875	-1.9456	57.647	-38.64	-59.24	164.53	-38.121	-113.72	54.27	35.976	-3.4745	20.875	-54.963	-4.8795	20.577
-1.1455	10.088	12.567	-6.5624	5.8197	6.1054	-3.6728	-2.8223	-4.6643	2.7871	-1.2495	-1.6387	-0.30769	1.6315	-7.7941	29.748	-111.26	-23.825	146.11	-20.935	8.4077	-29.747	15.711	21.955	-26.399	-22.844	55.744	-22.24
-1.3777	10.11	10.016	-6.8087	10.425	4.1742	-4.742	-1.5102	-4.7378	3.5671	-1.5982	-3.0384	1.3399	0.53059	-9.2897	0.87361	-102.03	-9.8544	184.21	-77.249	-42.771	52.48	-2.9381	31.199	-13.949	-55.985	65.904	-44.035
-1.6109	7.5077	7.5046	-3.8681	12.487	2.9346	-5.1372	-1.8496	-3.0293	3.3778	-2.5551	-3.0354	1.6335	0.32259	-9.3255	-104.1	-100.45	117.63	82.468	-49.585	-15.808	-13.575	68.341	-7.57	-38.276	0.11856	11.746	-8.3201
-1.7923	7.807	4.0578	-2.3397	13.855	2.0834	-3.9829	-1.5841	-2.6614	2.1838	-2.6404	-1.811	0.95133	0.63056	-7.2568	11.97	-137.87	61.137	54.715	-34.049	46.173	10.621	14.713	-47.761	-3.4128	48.975	-27.289	12.319
-1.9178	10.459	1.1379	-1.9312	15.067	0.32156	-2.6921	-1.4994	-1.6765	1.8331	-4.1016	-0.32379	-0.38735	1.3905	-5.0202	106.08	-116.8	16.338	48.502	-70.472	51.632	3.39	39.398	-14.026	-58.447	59.489	-53.547	30.397
-2.0005	10.253	-0.50897	0.51656	13.878	1.0896	-3.2244	-0.98642	-1.6185	0.46967	-2.5347	-1.4193	0.87356	0.68773	-3.3094	-8.2257	-65.876	97.912	-47.563	30.723	-21.293	20.518	2.3186	-54.539	62.674	-43.819	50.436	-28.11
-2.1795	8.0292	1.826	0.11813	11.885	1.5903	-5.6268	-0.5997	-1.5741	0.31246	-1.2196	-1.427	2.0291	0.32031	-7.1568	-88.964	93.4	-15.937	-79.736	20.027	-96.094	15.469	1.7779	-6.2881	52.606	-0.30934	46.222	-14.697
-2.0955	5.3232	3.9624	-0.88679	11.235	-0.63152	-4.1833	-1.1822	-1.6977	1.5586	-3.3238	0.4468	1.5156	1.3892	3.3568	-108.24	85.454	-40.197	-25.997	-88.873	57.74	-23.299	-4.9439	49.845	-84.169	74.952	-20.541	42.757
-2.0469	7.7428	4.692	-0.47832	9.7601	-2.3916	-4.8392	0.0096487	-1.7713	1.4287	-2.9633	0.22691	1.7757	1.3409	1.9469	96.784	29.186	16.339	-58.988	-70.404	-26.236	47.672	-2.9446	-5.1954	14.422	-8.7955	10.403	-1.9316
-1.7843	11.139	4.7229	-1.044	9.5515	-3.1046	-5.7576	0.24892	-0.87963	1.687	-2.991	0.13384	1.8425	0.97758	10.504	135.85	1.2354	-22.626	-8.3466	-28.518	-36.735	9.5707	35.666	10.331	-1.1094	-3.723	2.6734	-14.535
-1.7434	16.647	4.0471	-2.1286	8.8631	-3.0095	-5.6297	0.59097	-0.99255	1.9715	-3.2923	1.4214	0.68007	0.96577	1.6349	220.33	-27.031	-43.387	-27.534	3.8033	5.1146	13.682	-4.5166	11.379	-12.053	51.504	-46.498	-0.47249
-1.4085	19.642	4.9005	-3.0655	7.5106	-3.9029	-3.8906	-0.57051	-0.020885	1.3357	-2.0105	0.87111	0.44178	0.65082	13.393	119.78	34.136	-37.473	-54.1	-35.736	69.565	-46.459	38.866	-25.43	51.271	-22.013	-9.5314	-12.598
-1.2944	21.782	6.1823	-4.1541	6.3564	-4.7921	-2.738	-0.53495	-0.18562	2.0474	-1.2013	0.23815	0.0031257	0.19918	4.566	85.605	51.269	-43.546	-46.168	-35.571	46.105	1.4224	-6.5894	28.467	32.37	-25.318	-17.546	-18.066
-1.181	25.223	5.4726	-3.8631	3.9199	-3.5697	-2.7104	-0.97458	0.25317	2.5473	-1.116	-0.28691	0.13139	-0.12438	4.537	137.65	-28.388	11.641	-97.463	48.896	1.1006	-17.585	17.552	19.997	3.4113	-21.003	5.1308	-12.942
-1.1872	24.602	6.6239	-4.7507	3.2651	-2.533	-2.3123	-0.56824	-0.61082	2.4877	-0.093146	-1.0104	0.22903	-0.37872	-0.25127	-24.851	46.052	-35.505	-26.189	41.468	15.927	16.253	-34.56	-2.3855	40.914	-28.94	3.9056	-10.174
-1.4054	24.55	6.6435	-4.0613	1.7442	-2.4149	-0.92069	-0.481	-0.3358	1.3863	0.42272	-0.4705	-0.37495	-0.12253	-8.728	-2.0699	0.78468	27.576	-60.839	4.7264	55.663	3.4896	11.001	-44.054	20.635	21.597	-24.159	10.248
-1.3448	23.539	7.2141	-4.2603	2.3311	-2.9152	-0.63156	-0.39822	-0.40672	1.6465	0.30867	0.26492	-0.84571	-0.24063	2.4262	-40.45	22.825	-7.9574	23.479	-20.012	11.565	3.3113	-2.8368	10.406	-4.5618	29.417	-18.83	-4.7238
-1.6447	20.711	7.6468	-3.1651	2.1536	-3.1052	0.91898	-0.71883	-0.97976	1.9208	0.060965	-0.3526	-0.60796	-0.06655	-11.994	-113.13	17.307	43.808	-7.1024	-7.6009	62.022	-12.824	-22.922	10.972	-9.9083	-24.701	9.5102	6.963
-1.9811	16.607	9.2465	-3.6164	2.114	-2.5479	1.5812	-1.2395	-1.1588	1.4327	1.2226	-0.95423	0.21971	-0.98687	-13.456	-164.13	63.989	-18.053	-1.5834	22.293	26.491	-20.827	-7.1597	-19.523	46.467	-24.065	33.107	-36.813
-2.4965	0.34453	10.167	-1.8057	1.574	0.56958	1.0824	-0.99169	-0.17096	0.32341	0.59444	-0.12711	0.36041	-1.736	-20.617	-650.51	36.801	72.429	-21.599	124.7	-19.955	9.9129	39.512	-44.371	-25.128	33.085	5.6278	-29.964
-3.838	-14.245	6.6779	2.4862	3.2411	3.1032	0.38753	-0.50564	3.2709	-0.35469	-3.069	1.4493	0.30174	-3.9719	-53.659	-583.59	-139.55	171.68	66.682	101.34	-27.794	19.442	137.67	-27.124	-146.54	63.057	-2.3466	-89.436
-3.7473	-14.668	5.6211	3.6067	3.6596	2.0084	1.0628	-1.0365	4.6323	-0.26547	-4.1854	1.9045	0.25715	-4.4817	3.6283	-16.906	-42.272	44.817	16.741	-43.79	27.011	-21.233	54.458	3.5688	-44.657	18.206	-1.7837	-20.392
-3.8185	-16.63	5.019	4.9883	3.3245	1.4565	0.86085	-0.89856	5.2824	-0.57715	-3.2488	1.778	0.28187	-5.1522	-2.8495	-78.503	-24.083	55.264	-13.404	-22.078	-8.0775	5.5165	26.003	-12.467	37.463	-5.058	0.98895	-26.823
-4.1713	-22.798	4.6517	7.0827	2.6696	3.8267	1.3491	-1.1342	5.9988	-0.62395	-4.3217	0.43767	0.3882	-4.9321	-14.111	-246.71	-14.694	83.777	-26.197	94.808	19.529	-9.424	28.659	-1.8718	-42.914	-53.613	4.2531	8.8043
-4.6316	-31.028	1.8872	9.4393	3.4777	3.2477	1.5842	-0.24718	5.8356	1.0435	-2.2541	-0.092194	-0.74326	-4.0265	-18.415	-329.21	-110.58	94.266	32.326	-23.16	9.4027	35.479	-6.5284	66.699	82.701	-21.195	-45.258	36.224
-5.7986	-44.85	-4.4357	13.954	2.194	2.6265	2.161	1.2678	6.2288	1.2318	-1.694	-0.82644	-0.95013	-1.6907	-46.678	-552.85	-252.92	180.58	-51.352	-24.85	23.073	60.599	15.728	7.5302	22.405	-29.37	-8.2752	93.432
-8.2632	-61.2	-9.053	6.7683	-1.7346	5.6103	4.3134	4.5778	3.9985	-1.3589	-1.4126	0.47644	-2.1224	-2.8582	-98.584	-654	-184.69	-287.42	-157.14	119.36	86.097	132.4	-89.212	-103.63	11.255	52.115	-46.889	-46.7
-11.301	-75.413	-10.44	3.9344	-7.554	0.47682	-0.069682	2.4965	3.3725	-1.1248	1.2731	1.6181	0.22087	-0.85019	-121.52	-568.54	-55.489	-113.36	-232.78	-205.34	-175.32	-83.252	-25.043	9.3619	107.43	45.665	93.73	80.321
-12.955	-93.013	-16.905	5.6303	-5.6838	-0.10572	-1.3115	2.4948	2.4496	-0.25005	1.3852	1.6271	0.37381	-0.5516	-66.149	-704	-258.57	67.836	74.808	-23.301	-49.672	-0.065387	-36.913	34.991	4.4819	0.36284	6.1176	11.944
-6.1528	-50.255	-17.611	2.4415	-4.1697	4.317	5.3766	2.6307	1.8463	-1.7051	-0.94733	-1.5504	0.65682	0.75998	272.08	1710.3	-28.243	-127.55	60.563	176.91	267.52	5.4359	-24.134	-58.204	-93.301	-127.1	11.32	52.463
-3.0905	16.044	-17.891	6.9699	-7.9333	2.3405	0.74009	1.2401	2.9372	0.48017	-0.905	-2.4914	0.40842	2.5321	122.49	2652	-11.209	181.13	-150.54	-79.059	-185.46	-55.625	43.636	87.413	1.6933	-37.638	-9.9362	70.885
-2.2043	24.803	-25.514	9.753	-9.3535	0.3831	-1.5791	-0.2363	2.4334	0.75966	-1.6919	-2.5853	-0.57903	3.4606	35.451	350.37	-304.91	111.32	-56.806	-78.295	-92.766	-59.056	-20.151	11.179	-31.474	-3.7585	-39.498	37.141
-1.9825	23.302	-29.413	10.639	-5.4145	1.7743	-0.10644	0.70387	1.7039	0.80247	0.0038369	-0.80826	-0.27166	1.0318	8.8701	-60.049	-155.95	35.443	157.56	55.648	58.905	37.607	-29.18	1.7125	67.828	71.083	12.295	-97.152
-2.6166	26.104	-24.876	8.1252	-4.0635	-0.49176	-1.5064	0.91288	1.424	0.13903	0.20975	-0.28864	0.66219	0.08034	-25.363	112.07	181.45	-100.56	54.04	-90.642	-55.998	8.3608	-11.195	-26.538	8.2367	20.785	37.354	-38.058
-3.3092	21.941	-15.407	5.991	-3.637	-0.22435	-1.2012	-0.69076	1.2868	-0.053086	0.038454	-1.1775	-1.62	-0.71366	-27.707	-166.5	378.78	-85.366	17.06	10.696	12.206	-64.146	-5.4894	-7.6845	-6.852	-35.555	-91.29	-31.76
-3.6199	16.854	-7.3853	2.7029	-4.6404	4.7076	0.73456	0.4839	2.2519	-0.20569	0.89999	-1.3426	-1.9748	-0.59715	-12.428	-203.51	320.87	-131.52	-40.136	197.28	77.432	46.987	38.606	-6.1042	34.461	-6.6051	-14.191	4.6604
-3.3924	11.053	-4.1708	-2.6251	-7.4422	0.20623	-0.02464	2.1173	5.4921	-0.70164	3.1504	-0.74199	-2.5341	-0.66108	9.1031	-232.03	128.58	-213.12	-112.07	-180.05	-30.368	65.337	129.61	-19.838	90.015	24.026	-22.371	-2.5571
-2.8348	10.897	-1.6345	-2.8896	-8.6199	1.7271	1.0847	2.7769	5.2029	-0.01359	4.7609	1.6005	-0.32295	0.56713	22.301	-6.2332	101.45	-10.579	-47.105	60.835	44.373	26.384	-11.569	27.522	64.422	93.701	88.446	49.128
-2.1671	20.013	3.6944	-0.88862	-6.4837	-0.16137	3.1215	1.5119	3.0333	-1.1084	2.4385	3.0736	-1.1884	-1.227	26.711	364.62	213.16	80.04	85.447	-75.539	81.473	-50.601	-86.783	-43.793	-92.896	58.924	-34.618	-71.765
-1.3212	24.866	6.4438	-3.7786	-5.1887	-2.3883	2.7877	0.6431	3.7851	-2.0384	2.0506	2.1829	-1.6602	-0.42337	33.833	194.15	109.98	-115.6	51.799	-89.077	-13.35	-34.753	30.073	-37.2	-15.515	-35.631	-18.874	32.145
-0.95141	24.598	9.5059	-4.8172	-5.6049	-3.7781	3.4738	0.7978	2.5742	-2.1769	1.8189	2.3564	-1.0825	-1.4264	14.793	-10.756	122.49	-41.546	-16.647	-55.593	27.444	6.1881	-48.435	-5.5391	-9.2676	6.9422	23.111	-40.12
-0.69775	25.747	9.4921	-5.1266	-5.2478	-4.3751	2.3295	1.4456	2.2854	-2.847	3.0852	1.5223	-0.71744	-1.2286	10.146	45.988	-0.55388	-12.375	14.285	-23.878	-45.774	25.913	-11.554	-26.807	50.649	-33.364	14.601	7.9098
-0.81307	23.207	11.535	-6.4415	-4.2693	-5.3216	1.6989	2.4257	1.9393	-2.8424	2.2386	1.509	-0.47299	-0.98984	-4.6129	-101.6	81.716	-52.595	39.137	-37.862	-25.223	39.204	-13.843	0.18392	-33.864	-0.53233	9.7777	9.5507
-0.82978	20.546	11.145	-4.9553	-4.4302	-4.6722	0.92601	2.0301	3.0952	-4.0558	2.658	1.6177	-1.7958	0.066124	-0.66857	-106.43	-15.605	59.446	-6.4337	25.978	-30.916	-15.824	46.237	-48.534	16.778	4.3477	-52.911	42.239
-1.0345	19.693	10.626	-3.2569	-5.9046	-4.0954	1.732	1.0553	3.1639	-4.236	2.7106	1.5829	-2.1071	0.1765	-8.1872	-34.142	-20.748	67.935	-58.977	23.068	32.239	-38.993	2.7475	-7.2069	2.1025	-1.3904	-12.454	4.4151
-0.99884	19.008	11.823	-3.8855	-6.8423	-3.0294	1.8937	1.4491	2.0735	-4.7837	3.4091	0.71002	-1.1572	0.18674	1.4248	-27.414	47.879	-25.141	-37.509	42.643	6.4682	15.751	-43.615	-21.909	27.94	-34.916	37.996	0.40936
-0.94701	20.781	10.858	-3.7968	-5.9192	-3.4981	1.6572	2.1057	0.86985	-4.3552	3.5089	0.49329	-0.89885	-0.15894	2.0735	70.928	-38.618	3.5455	36.924	-18.75	-9.4616	26.265	-48.148	17.137	3.992	-8.6689	10.335	-13.827
-0.86902	22.338	11.031	-4.1767	-5.8589	-4.9433	3.5581	2.1129	-0.1616	-3.7728	3.1142	0.41942	-0.79193	-0.28193	3.1194	62.278	6.936	-15.196	2.411	-57.806	76.038	0.28852	-41.258	23.297	-15.788	-2.9551	4.2768	-4.9194
-0.95615	22.6	10.441	-3.3395	-5.8524	-5.2733	4.4711	1.1282	0.34749	-3.8354	2.9197	0.72481	-1.1919	-0.0037718	-3.4852	10.493	-23.599	33.49	0.26073	-13.201	36.521	-39.386	20.364	-2.5048	-7.7794	12.216	-15.998	11.126
-0.85822	22.688	10.773	-3.9577	-4.9096	-5.2585	3.7276	1.2733	0.64965	-4.2037	3.3222	0.40797	-1.4609	0.46287	3.9171	3.5093	13.285	-24.728	37.714	0.59125	-29.74	5.804	12.086	-14.731	16.099	-12.673	-10.762	18.665
-1.0629	19.426	12.822	-3.9272	-5.6421	-5.1331	3.7814	2.3059	-0.60024	-3.833	3.2919	0.17761	-0.9353	-0.44978	-8.188	-130.49	81.944	1.2203	-29.303	5.0156	2.149	41.302	-49.996	14.829	-1.2111	-9.2146	21.026	-36.506
-0.83276	21.1	11.843	-3.7501	-5.4425	-5.5825	4.2953	1.9996	0.011087	-4.4489	3.2861	0.6197	-1.0872	-0.62477	9.2066	66.972	-39.135	7.0821	7.9846	-17.974	20.557	-12.253	24.453	-24.637	-0.22936	17.684	-6.0761	-6.9999
-1.0058	21.926	11.941	-4.5599	-5.2985	-4.9411	4.1955	1.606	0.41929	-4.4257	2.7959	1.1127	-1.2498	-0.47304	-6.9218	33.042	3.898	-32.39	5.7607	25.657	-3.9914	-15.741	16.328	0.92906	-19.608	19.719	-6.5033	6.0695
-0.84894	20.414	12.517	-4.244	-5.0783	-5.4935	4.6723	1.8172	-0.098765	-4.0908	2.9663	1.0708	-1.4292	-0.099666	6.2747	-60.48	23.059	12.634	8.8078	-22.096	19.074	8.4471	-20.722	13.395	6.8135	-1.6736	-7.178	14.935
-1.0474	20.088	12.846	-4.1319	-5.8186	-4.3285	3.5065	2.7117	-0.46877	-3.9192	3.0996	0.31976	-0.8031	0.15832	-7.9388	-13.022	13.128	4.4845	-29.611	46.597	-46.633	35.78	-14.8	6.8658	5.333	-30.043	25.045	10.319
-1.1762	17.103	14.074	-3.6749	-5.4489	-4.7691	3.5132	2.3488	1.0651	-4.6606	2.4895	0.76349	-0.69398	0.4942	-5.1504	-119.41	49.128	18.28	14.787	-17.624	0.26663	-14.517	61.357	-29.657	-24.405	17.749	4.3646	13.435
-1.5413	10.854	14.399	-2.175	-5.1838	-5.1522	3.5718	2.148	1.4836	-2.8884	0.19704	0.77773	0.21764	0.58301	-14.605	-249.95	12.993	59.998	10.606	-15.324	2.3449	-8.0306	16.738	70.89	-91.697	0.56969	36.465	3.5525
-3.0193	-5.5159	10.478	1.1511	-2.4111	-2.3101	2.6679	1.1153	2.9784	-0.58468	-2.5672	-0.2222	1.7695	-1.3076	-59.121	-654.81	-156.82	133.04	110.91	113.69	-36.158	-41.308	59.791	92.147	-110.57	-39.998	62.074	-75.625
-3.8021	-7.2985	3.9541	2.0041	1.7984	0.63405	4.5389	-0.43427	2.937	-2.0263	-3.8457	-0.54865	1.2667	-0.51873	-31.311	-71.306	-260.97	34.118	168.38	117.77	74.842	-61.985	-1.6534	-57.666	-51.139	-13.058	-20.112	31.555
-3.7463	-7.1541	3.2073	2.6082	1.9087	1.0203	4.9468	-1.2536	3.4996	-2.2529	-3.5516	-0.30137	1.2524	-0.10642	2.2306	5.7786	-29.871	24.167	4.409	15.451	16.316	-32.775	22.502	-9.0642	11.763	9.8912	-0.57267	16.493
-3.8116	-6.7006	2.297	3.5352	1.9732	1.0322	5.4853	-1.9841	4.0931	-2.9787	-2.1596	-0.50955	0.25261	0.073311	-2.6123	18.138	-36.409	37.08	2.5797	0.47404	21.54	-29.217	23.74	-29.03	55.681	-8.3269	-39.99	7.1891
-3.7713	-9.4228	3.4362	4.0596	2.4499	0.29957	3.7518	-0.25252	4.5209	-3.8382	-1.0355	0.90212	-1.5412	-0.93932	1.6126	-108.89	45.567	20.975	19.071	-29.305	-69.337	69.262	17.112	-34.38	44.965	56.467	-71.752	-40.505
-3.9293	-12.944	1.3707	6.7542	3.0581	0.47834	3.5697	-1.0131	6.7222	-3.4215	-1.9023	1.2889	-0.31879	-4.4027	-6.3189	-140.83	-82.622	107.78	24.325	7.1508	-7.2854	-30.424	88.05	16.669	-34.674	15.472	48.896	-138.53
-4.4023	-13.872	0.65878	5.9132	-0.61256	4.1282	3.5128	1.393	3.324	-2.1554	-1.8021	2.3249	-0.46338	-2.8494	-18.922	-37.139	-28.475	-33.64	-146.83	145.99	-2.2767	96.246	-135.93	50.643	4.0093	41.44	-5.7838	62.131
-5.1674	-27.775	-2.4552	8.7878	-0.62658	6.4351	4.1965	0.32869	2.9585	-0.16588	-0.68999	0.34163	-1.2236	-1.3532	-30.601	-556.11	-124.56	114.98	-0.56088	92.277	27.348	-42.574	-14.619	79.581	44.485	-79.331	-30.409	59.846
-6.7084	-55.276	-3.8581	11.581	-0.76437	3.4292	2.6953	2.8667	3.8033	1.0956	0.049131	1.3218	-1.2554	-2.4527	-61.643	-1100.1	-56.114	111.73	-5.5117	-120.24	-60.048	101.52	33.791	50.461	29.565	39.207	-1.2704	-43.977
-6.7254	-41.311	-13.624	-1.1307	-1.8546	-0.20666	-2.4357	4.405	0.57897	-0.29733	0.76564	-0.69708	-0.3681	-0.23149	-0.6774	558.59	-390.64	-508.47	-43.609	-145.43	-205.24	61.53	-128.97	-55.718	28.66	-80.756	35.491	88.847
-5.7028	-4.437	-16.374	-3.9188	-4.6828	-1.5664	-2.3183	3.9535	0.60594	-0.30796	1.4499	-0.53899	0.60761	0.64687	40.904	1475	-110	-111.52	-113.13	-54.39	4.6929	-18.06	1.0787	-0.42533	27.371	6.3238	39.029	35.134
-3.7988	6.5035	-25.742	5.5018	-3.5759	-1.3304	-0.78716	3.4777	0.44933	-0.64959	1.5521	-0.63208	1.1617	1.2203	76.159	437.62	-374.73	376.82	44.277	9.4405	61.247	-19.03	-6.2646	-13.665	4.0868	-3.7235	22.163	22.936
-2.7186	10.519	-35.609	7.6807	2.4081	1.0356	-1.2526	3.932	1.0399	-0.4999	2.0574	-0.62636	0.15587	0.23522	43.206	160.6	-394.65	87.157	239.36	94.638	-18.619	18.17	23.625	5.9875	20.213	0.22855	-40.232	-39.402
-2.4231	15.331	-35.973	5.5608	0.39018	-0.18287	-1.1657	2.898	0.8629	-1.1712	0.62556	-0.91311	-0.081134	-0.36478	11.822	192.49	-14.589	-84.797	-80.718	-48.737	3.4794	-41.358	-7.0819	-26.853	-57.274	-11.47	-9.4803	-24
-2.192	18.845	-33.548	5.6691	0.90751	-0.011297	-1.4583	2.8064	2.4796	1.2048	0.58092	-1.2765	1.4554	0.67951	9.2423	140.56	97.007	4.3333	20.693	6.8629	-11.706	-3.6635	64.667	95.042	-1.7859	-14.534	61.46	41.772
-2.3081	23.272	-29.878	4.6659	2.6426	0.8709	-2.7	2.1385	1.0024	1.284	0.83979	-0.99128	0.3869	0.11114	-4.6424	177.1	146.8	-40.127	69.402	35.288	-49.667	-26.716	-59.086	3.1651	10.355	11.407	-42.739	-22.735
-2.8784	21.136	-25.998	2.2112	-1.3304	-1.0882	-4.377	-1.2392	-0.46765	-0.47751	-0.7901	0.24892	0.5718	0.058522	-22.814	-85.468	155.22	-98.189	-158.92	-78.365	-67.08	-135.11	-58.803	-70.459	-65.196	49.608	7.3961	-2.1049
-3.8732	10.403	-20.674	1.0219	-1.8297	0.73919	-4.1464	1.7522	1.6605	-0.84742	0.08743	-0.15402	1.1049	-0.62754	-39.79	-429.29	212.94	-47.573	-19.97	73.096	9.2225	119.66	85.127	-14.796	35.101	-16.117	21.324	-27.443
-2.3291	6.0632	-4.8686	4.9129	2.4007	4.8354	-2.8039	-0.22007	1.3146	-0.37603	1.0695	-0.93158	1.4288	-0.12137	61.762	-173.61	632.22	155.64	169.22	163.85	53.7	-78.893	-13.838	18.856	39.282	-31.103	12.955	20.247
-1.0788	25.024	9.2117	-5.1145	4.6849	0.46476	-0.4471	-2.8294	-1.3107	0.8001	-0.30689	-0.22319	-0.015223	0.1138	50.014	758.45	563.21	-401.1	91.367	-174.83	94.273	-104.37	-105.01	47.045	-55.055	28.336	-57.76	9.4067
-0.4751	25.774	11.023	-7.7696	4.5494	-2.4505	-0.20869	-3.2997	-2.5865	0.47893	-0.46731	-0.043188	0.76811	-0.43992	24.147	30.004	72.442	-106.2	-5.4209	-116.61	9.5364	-18.812	-51.034	-12.847	-6.4167	7.2001	31.333	-22.149
-0.28647	24.878	12.099	-8.4297	4.0388	-2.786	-0.72933	-2.242	-3.6954	-0.32019	0.09102	0.38565	0.88577	-0.52117	7.5451	-35.875	43.056	-26.407	-20.424	-13.42	-20.826	42.307	-44.356	-31.965	22.333	17.153	4.7062	-3.2501
-0.4476	21.952	12.218	-6.3048	3.2191	-2.8574	-1.9759	-1.6155	-3.4264	0.039733	-0.74051	1.672	0.77038	-0.50506	-6.4451	-117	4.7698	84.998	-32.788	-2.8566	-49.861	25.062	10.763	14.397	-33.261	51.453	-4.6153	0.64472
-0.2572	20.539	12.968	-4.7778	1.0732	-3.1024	-1.8234	-1.3082	-2.3525	-1.8945	-0.80896	2.7728	0.43576	0.081309	7.616	-56.532	29.977	61.078	-85.836	-9.8002	6.0964	12.293	42.954	-77.368	-2.738	44.034	-13.385	23.455
-0.40563	19.037	12.589	-3.0173	1.4422	-4.8418	-3.0834	1.323	-2.7854	-2.9313	-0.66182	2.8424	0.65165	0.1422	-5.9373	-60.099	-15.15	70.421	14.758	-69.577	-50.398	105.25	-17.317	-41.472	5.8857	2.7846	8.6359	2.4357
-0.40775	14.773	13.428	-1.4843	0.82982	-4.414	-3.0635	0.30162	-0.73056	-3.9676	-0.95021	2.5962	0.674	0.71712	-0.084785	-170.56	33.546	61.32	-24.494	17.11	0.79591	-40.856	82.195	-41.453	-11.536	-9.85	0.89393	22.997
-0.58667	12.459	14.261	-0.77166	0.10674	-4.6326	-2.9737	1.4074	-1.3227	-3.8762	-1.7645	2.8494	0.73535	0.75267	-7.1567	-92.545	33.322	28.505	-28.923	-8.7427	3.5924	44.233	-23.687	3.6546	-32.572	10.129	2.454	1.422
-0.63505	11.728	14.124	-0.56542	1.1031	-6.0065	-2.2907	1.7466	-1.1211	-4.2065	-2.3144	2.7434	0.85441	0.62306	-1.935	-29.26	-5.459	8.2496	39.853	-54.957	27.32	13.567	8.0658	-13.211	-21.998	-4.2399	4.7625	-5.1844
-0.70205	11.635	13.909	-1.0783	2.2372	-6.4689	-1.8349	2.0365	-1.3156	-3.848	-3.0405	2.3909	0.92573	0.79071	-2.68	-3.6983	-8.6068	-20.513	45.368	-18.493	18.232	11.596	-7.7808	14.341	-29.044	-14.098	2.8525	6.7057
-0.75525	11.146	14.636	-3.0034	3.3055	-6.1361	-2.2112	2.8062	-1.4337	-4.574	-2.9834	1.3072	1.8897	-0.17995	-2.1281	-19.577	29.075	-77.007	42.731	13.312	-15.054	30.788	-4.725	-29.04	2.2841	-43.349	38.559	-38.826
-0.71284	10.152	14.221	-2.4254	3.3642	-5.5666	-1.5082	2.2201	-1.4623	-4.7314	-3.4264	1.2815	1.5763	-0.15536	1.6963	-39.752	-16.581	23.12	2.349	22.777	28.122	-23.444	-1.1426	-6.2967	-17.72	-1.0284	-12.537	0.98362
-0.93168	9.3729	13.417	-2.3625	4.2158	-4.3606	-1.2157	2.2944	-1.9711	-4.7593	-3.4188	0.86073	1.7939	-0.62944	-8.7537	-31.163	-32.198	2.5171	34.062	48.243	11.7	2.9723	-20.35	-1.1155	0.30654	-16.832	8.7025	-18.963
-0.97591	7.3067	13.015	-2.1991	4.5466	-2.9937	-0.41278	1.931	-2.8925	-4.2376	-3.6649	1.0241	1.2331	-0.9047	-1.769	-82.648	-16.075	6.5365	13.233	54.675	32.117	-14.536	-36.858	20.867	-9.847	6.5352	-22.428	-11.011
-1.4051	6.4633	11.928	-2.1116	5.1699	-1.6674	-0.30602	1.4044	-3.062	-3.2944	-3.0611	0.39945	0.77896	-1.0307	-17.167	-33.738	-43.473	3.5005	24.933	53.053	4.2702	-21.066	-6.7807	37.729	24.152	-24.987	-18.167	-5.0415
-1.5975	7.3925	10.297	-2.2324	6.5241	-1.664	0.55738	-0.4393	-2.1688	-1.5685	-2.3779	0.087008	-0.79702	-0.73904	-7.6966	37.168	-65.221	-4.8342	54.168	0.13687	34.536	-73.747	35.728	69.036	27.33	-12.497	-63.039	11.668
-2.0396	14.267	4.4079	-3.3915	9.0486	-2.4166	2.2582	-1.6725	-1.9915	-0.52248	-1.86	-0.12055	-0.79196	-1.5162	-17.684	274.98	-235.58	-46.364	100.98	-30.106	68.032	-49.327	7.0946	41.841	20.716	-8.3024	0.20213	-31.088
-2.777	12.224	-2.0973	4.6363	2.4035	3.5926	-0.30876	-0.45564	-2.2651	-1.5315	0.12506	0.23443	-1.4502	-2.5251	-29.495	-81.723	-260.21	321.11	-265.81	240.37	-102.68	48.674	-10.944	-40.36	79.402	14.199	-26.328	-40.354
-3.5338	7.6436	-14.976	8.3978	0.59037	2.5591	-1.2003	0.76872	-0.31268	-0.013705	-0.061506	-0.64834	-1.3962	-0.37066	-30.272	-183.21	-515.14	150.46	-72.524	-41.34	-35.662	48.974	78.095	60.712	-7.4628	-35.311	2.1568	86.176
-4.1905	6.6548	-25.398	5.6237	-1.1841	2.5457	0.14737	1.0334	1.646	3.0213	0.5478	-0.30733	0.2734	0.84139	-26.268	-39.553	-416.88	-110.97	-70.98	-0.53786	53.907	10.587	78.349	121.4	24.372	13.64	66.786	48.482
-3.5895	10.798	-28.882	4.8006	-2.5054	0.082882	-0.06788	-1.3321	1.005	-0.3457	-1.9668	-0.74825	-0.6893	0.030284	24.039	165.72	-139.38	-32.924	-52.849	-98.512	-8.6101	-94.62	-25.641	-134.68	-100.59	-17.637	-38.508	-32.444
-3.2456	10.321	-32.215	6.5343	-2.1739	1.2958	0.80851	1.7142	2.9344	1.689	-0.66786	-0.82471	0.31874	0.45528	13.756	-19.076	-133.3	69.349	13.257	48.517	35.056	121.85	77.175	81.388	51.959	-3.0585	40.321	17
-3.2093	7.6298	-32.583	6.4089	-4.9063	-0.20535	1.06	-0.41002	-0.52455	1.0931	-0.70954	-0.1831	-0.073314	-0.34443	1.4503	-107.64	-14.722	-5.0147	-109.29	-60.046	10.059	-84.968	-138.36	-23.838	-1.667	25.664	-15.682	-31.989
-3.7029	-1.6802	-33.202	10.39	-6.3463	-0.75974	1.6609	-0.65682	-0.27829	0.80221	-0.79	-0.82907	0.046149	-0.035216	-19.744	-372.4	-24.777	159.23	-57.601	-22.175	24.038	-9.8718	9.8505	-11.634	-3.2184	-25.839	4.7785	12.369
-4.5884	-20.651	-34.568	10.926	-3.597	-2.1558	1.215	1.9926	0.18634	0.97013	0.88344	-1.0986	1.1531	1.1929	-35.417	-758.85	-54.619	21.442	109.97	-55.844	-17.836	105.98	18.585	6.7167	66.938	-10.779	44.278	49.124
-6.4821	-56.699	-31.818	10.65	-1.1477	-1.5051	3.106	1.7411	-0.61832	1.0931	1.1442	-0.58544	1.8011	-0.32413	-75.75	-1441.9	109.98	-11.024	97.973	26.03	75.638	-10.061	-32.187	4.9195	10.429	20.525	25.92	-60.68
-7.4352	-59.955	-16.09	-2.4164	-3.7167	-2.0565	-1.0942	2.6893	-0.47355	-0.24804	-0.29231	-0.99424	0.63021	-0.13635	-38.123	-130.28	629.12	-522.66	-102.76	-22.056	-168.01	37.928	5.791	-53.646	-57.459	-16.352	-46.836	7.5112
-5.4929	-1.0154	-15.975	-0.37687	-4.386	-1.8321	-0.44084	2.4783	0.78152	0.84334	0.18429	-0.99946	0.88358	-0.075082	77.691	2357.6	4.6089	81.582	-26.773	8.9762	26.132	-8.4375	50.203	43.655	19.064	-0.20893	10.135	2.4506
-3.2483	10.784	-25.151	7.3078	-5.2533	-3.0169	0.41124	1.2544	0.020004	2.6025	-0.65778	-0.68001	0.56614	1.2893	89.784	471.97	-367.03	307.39	-34.693	-47.395	34.083	-48.959	-30.461	70.366	-33.683	12.778	-12.698	54.576
-2.941	21.572	-23.93	10.866	-3.4677	-3.9713	-2.0672	0.42663	0.20407	2.3686	-0.8697	-1.2802	-0.017055	1.3592	12.295	431.52	48.832	142.34	71.424	-38.175	-99.139	-33.11	7.3627	-9.3541	-8.4766	-24.008	-23.328	2.7929
-3.2269	11.828	-29.447	7.9589	-0.084989	0.93131	-1.1346	0.011188	0.22529	0.77785	-0.28857	-1.0235	0.72511	0.81262	-11.439	-389.74	-220.67	-116.3	135.31	196.11	37.306	-16.618	0.84894	-63.631	23.245	10.267	29.687	-21.861
-4.0272	8.5428	-23.925	3.0581	-0.99662	1.8484	0.088658	-0.54001	0.39605	0.25237	0.54407	-0.010678	0.58847	-0.039806	-32.009	-131.43	220.88	-196.03	-36.465	36.683	48.93	-22.048	6.8301	-21.019	33.306	40.514	-5.4655	-34.097
-5.6218	-3.4535	-15.07	2.4458	-2.8329	3.0114	3.069	0.10444	-0.11828	-0.61625	-0.70743	-2.144	-1.3732	-1.0538	-63.784	-479.85	354.18	-24.492	-73.452	46.519	119.22	25.778	-20.573	-34.745	-50.06	-85.332	-78.468	-40.558
-3.7148	-11.732	1.4941	4.3583	-2.6543	5.8889	2.3573	0.68292	-0.54327	-0.69827	0.08952	-0.030442	0.21133	1.2159	76.28	-331.15	662.57	76.501	7.1434	115.1	-28.468	23.139	-16.999	-3.2806	31.878	84.541	63.382	90.786
-2.9991	-4.0662	13.173	2.1671	-0.076935	0.87613	1.3557	2.2475	-0.62209	-1.3138	-2.7671	-1.8878	2.315	-0.80948	28.627	306.64	467.15	-87.647	103.1	-200.51	-40.065	62.583	-3.153	-24.62	-114.26	-74.295	84.146	-81.015
-2.7412	-11.923	13.584	4.3539	-0.25748	-2.8527	1.078	3.2507	-0.76567	-0.43519	-5.5745	-1.8987	2.4049	0.827	10.315	-314.26	16.433	87.47	-7.2218	-149.15	-11.11	40.129	-5.7432	35.143	-112.3	-0.43494	3.5979	65.459
-3.0004	-18.12	14.104	7.5119	-1.2165	-4.0957	-0.85356	3.7212	0.6903	-0.11333	-4.2872	-2.6775	1.4577	0.33913	-10.368	-247.88	20.828	126.32	-38.362	-49.721	-77.261	18.817	58.239	12.874	51.491	-31.154	-37.89	-19.515
-3.1548	-19.494	13.332	9.3299	-0.87588	-5.7549	-1.6529	3.4858	1.5835	0.57139	-4.504	-2.1637	1.0522	-1.2178	-6.1755	-54.964	-30.905	72.719	13.626	-66.366	-31.973	-9.4124	35.726	27.389	-8.6732	20.555	-16.218	-62.278
-2.827	-20.218	14.974	8.25	-0.52029	-5.5772	-2.4645	2.6935	1.2635	0.80302	-3.1639	-1.7976	0.62951	-1.9697	13.111	-28.976	65.683	-43.195	14.224	7.1081	-32.465	-31.694	-12.796	9.2653	53.604	14.641	-16.909	-30.074
-2.4665	-16.718	15.139	8.1586	-0.24168	-6.5317	-3.83	2.87	1.8336	0.86906	-3.8111	-1.7839	-0.12037	-1.9476	14.422	140.02	6.5939	-3.6589	11.144	-38.179	-54.618	7.0612	22.802	2.6415	-25.886	0.5484	-29.995	0.88391
-2.0433	-11.061	15.513	6.6007	0.68636	-7.9111	-4.2195	3.0554	2.5834	0.1811	-4.4709	-1.3617	-0.60479	-1.1579	16.928	226.28	14.989	-62.317	37.122	-55.178	-15.58	7.4153	29.992	-27.518	-26.392	16.89	-19.377	31.586
-1.4971	-4.9322	15.094	4.953	0.47406	-8.8347	-3.8206	3.1288	1.3464	-1.1489	-4.0294	-0.66787	-0.99865	-0.6281	21.847	245.15	-16.781	-65.906	-8.4918	-36.942	15.954	2.9344	-49.481	-53.201	17.658	27.752	-15.754	21.194
-1.0037	5.511	13.404	2.6185	0.17983	-11.059	-2.6208	1.5338	2.856	-1.8433	-4.3818	0.013368	-0.51381	1.3161	19.736	417.73	-67.574	-93.379	-11.769	-88.963	47.992	-63.797	60.386	-27.775	-14.097	27.249	19.393	77.768
-0.56264	12.435	13.258	0.41069	-1.5096	-10.619	-1.0162	1.0908	3.2138	-2.3446	-4.2519	0.30268	0.82292	1.9173	17.642	276.97	-5.8512	-88.313	-67.577	17.583	64.186	-17.723	14.31	-20.053	5.1965	11.572	53.469	24.049
0.046455	20.654	12.647	-2.6642	-1.3175	-10.296	-0.75554	1.5374	2.1578	-3.1206	-3.2311	0.74026	2.0459	2.3707	24.364	328.73	-24.465	-123	7.6833	12.933	10.425	17.865	-42.24	-31.039	40.832	17.503	48.918	18.136
0.16996	24.281	13.39	-4.3169	-2.6121	-9.5339	-0.26882	0.94832	2.2105	-3.2422	-1.8232	1.4628	2.9736	1.4934	4.9402	145.08	29.752	-66.109	-51.783	30.479	19.469	-23.563	2.1096	-4.8636	56.316	28.902	37.108	-35.092
0.16942	31.509	8.5077	-3.8083	-3.1121	-9.3076	0.05295	0.31053	1.526	-2.5985	-0.76696	2.1522	2.6883	0.65166	-0.021634	289.15	-195.3	20.343	-20	9.052	12.871	-25.512	-27.381	25.748	42.251	27.576	-11.409	-33.672
0.19272	29.567	9.7785	-6.4562	-1.4823	-8.9661	1.9566	-0.96319	1.1344	-2.6538	0.4488	2.5113	3.2878	0.046175	0.93195	-77.705	50.832	-105.92	65.193	13.658	76.148	-50.949	-15.665	-2.2116	48.63	14.364	23.979	-24.219
0.058671	32.655	8.545	-8.6148	-0.27282	-8.5956	2.4189	-1.4126	0.3663	-2.2148	0.69312	2.5302	2.8313	-0.23547	-5.3619	123.54	-49.342	-86.342	48.377	14.821	18.491	-17.977	-30.723	17.557	9.7729	0.75565	-18.261	-11.266
0.095703	35.51	6.6183	-8.827	0.0070377	-8.6291	3.2303	-2.8262	0.15388	-1.4715	1.3617	2.5249	2.3048	-1.0813	1.4813	114.21	-77.068	-8.4885	11.195	-1.3414	32.456	-56.543	-8.4967	29.732	26.745	-0.21133	-21.059	-33.834
-0.1148	33.286	4.8249	-7.3793	0.51708	-6.8827	2.9054	-3.7429	-1.4554	-0.96475	1.428	3.2442	2.0565	-1.4508	-8.4203	-88.971	-71.737	57.91	20.402	69.858	-12.995	-36.668	-64.371	20.271	2.6502	28.77	-9.9316	-14.78
-1.0887	25.133	4.9909	-5.4936	1.5008	-5.8068	3.3806	-4.6979	-0.1731	-1.9701	1.6408	2.1384	1.6586	-1.6119	-38.957	-326.15	6.6433	75.427	39.349	43.034	19.006	-38.2	51.291	-40.215	8.5129	-44.229	-15.918	-6.4423
-2.6331	3.9229	4.3235	-2.6153	1.4253	-2.4054	1.6499	-2.8842	-1.0491	-1.4106	1.4144	3.1063	0.3053	-0.34339	-61.776	-848.38	-26.697	115.13	-3.0223	136.05	-69.226	72.547	-35.041	22.381	-9.0578	38.717	-54.132	50.739
-5.8183	-33.228	0.341	0.28208	0.27019	2.0734	-1.3224	0.68637	0.27123	-2.2647	1.1427	1.1372	0.1074	-0.96683	-127.4	-1486.1	-159.3	115.89	-46.202	179.15	-118.89	142.82	52.814	-34.163	-10.867	-78.765	-7.9159	-24.938
-10.711	-73.236	-30.075	10.598	-5.017	0.43342	0.38093	3.2581	0.27435	0.056157	3.8314	1.0904	1.1911	0.16149	-195.69	-1600.3	-1216.6	412.62	-211.49	-65.6	68.133	102.87	0.12497	92.833	107.55	-1.8726	43.349	45.133
-10.866	-77.1	-30.463	11.026	-4.0694	1.1365	0.92773	4.3569	0.74491	-0.82681	2.0402	-0.13313	1.318	0.59018	-6.2052	-154.56	-15.548	17.12	37.903	28.122	21.872	43.95	18.822	-35.319	-71.647	-48.941	5.0747	17.148
-5.5995	-8.6692	-16.918	-4.5093	-2.7248	-1.7011	-2.6563	3.5334	-0.84736	-0.1543	0.3411	-1.266	0.20157	0.49865	210.65	2737.2	541.81	-621.39	53.783	-113.5	-143.36	-32.941	-63.691	26.9	-67.965	-45.313	-44.657	-3.6613
-4.0605	6.0278	-22.699	1.0779	-1.9727	-0.41152	-1.6506	3.9875	0.87969	-0.35482	1.2757	-1.6058	0.52603	0.90861	61.56	587.88	-231.22	223.49	30.085	51.584	40.228	18.166	69.082	-8.0208	37.384	-13.592	12.978	16.398
-3.454	16.415	-27.7	4.1632	-4.5461	-3.114	0.32369	2.6051	-0.36456	0.18096	1.9498	-2.0998	0.66992	1.088	24.262	415.48	-200.05	123.41	-102.93	-108.1	78.973	-55.298	-49.77	21.431	26.962	-19.761	5.7557	7.1737
-3.1687	8.5524	-34.313	5.5182	-0.76719	0.36311	-0.29338	2.4375	2.3818	1.8118	1.4819	1.1008	1.2904	0.24807	11.41	-314.5	-264.55	54.201	151.15	139.09	-24.683	-6.7034	109.86	65.233	-18.713	128.02	24.818	-33.595
-3.0792	18.086	-30.07	3.6074	-1.5969	2.2111	0.26972	1.9451	2.2144	-0.028148	1.0929	-0.45994	-0.070961	-0.68641	3.5809	381.35	169.74	-76.434	-33.189	73.92	22.524	-19.695	-6.6963	-73.597	-15.564	-62.428	-54.453	-37.379
-3.3634	18.505	-27.225	-2.4391	-3.5715	5.4097	-0.015016	-0.10868	1.4374	2.379	2.276	-0.42296	1.9161	-0.53161	-11.367	16.771	113.82	-241.86	-78.983	127.94	-11.39	-82.151	-31.08	96.285	47.325	1.479	79.481	6.1918
-4.2759	-1.4865	-22.601	-1.6483	-2.033	5.2439	0.75999	1.1389	3.1197	2.7263	1.9883	-1.6628	0.6292	1.3465	-36.5	-799.67	184.95	31.63	61.539	-6.6306	31	49.903	67.291	13.893	-11.507	-49.593	-51.475	75.123
-7.0109	-41.678	-13.176	-1.371	-1.684	1.5016	-1.0548	2.4541	-0.11025	0.71631	0.78364	0.31463	-0.036665	-0.19388	-109.4	-1607.7	377	11.094	13.962	-149.69	-72.592	52.608	-129.2	-80.4	-48.187	79.096	-26.634	-61.613
-11.065	-89.61	-12.05	4.1551	-8.0885	0.8516	-1.3918	0.13788	0.27951	-0.48663	1.5359	-0.68591	-0.26463	1.0875	-162.15	-1917.3	45.03	221.04	-256.18	-25.999	-13.481	-92.648	15.59	-48.118	30.089	-40.022	-9.1188	51.253
-12.828	-99.122	-18.2	5.1991	-5.6607	0.9942	-0.44533	-0.27948	0.91261	-0.4543	-0.37067	-1.2329	0.73147	-0.13208	-70.515	-380.47	-246.01	41.761	97.112	5.704	37.86	-16.695	25.324	1.2934	-76.261	-21.878	39.844	-48.781
-13.648	-97.249	-19.282	5.9842	-4.0566	4.0768	1.5253	2.6126	1.6515	-0.49046	0.6392	-0.027286	1.1155	0.50504	-32.818	74.899	-43.272	31.405	64.165	123.31	78.826	115.68	29.554	-1.4467	40.395	48.223	15.361	25.485
-6.217	-57.298	-8.0751	-3.4191	-7.592	1.9741	2.8696	-0.26331	-1.5086	0.23383	-0.1177	-0.38349	0.32976	-0.046096	297.24	1598	448.29	-376.13	-141.42	-84.111	53.771	-115.03	-126.4	28.972	-30.276	-14.248	-31.429	-22.045
-4.4213	-2.1848	-5.4662	-6.8553	-7.6648	-0.66979	2.7369	-1.2482	-2.7804	0.91169	-0.35642	-0.74925	1.382	0.52534	71.828	2204.5	104.36	-137.45	-2.909	-105.75	-5.3075	-39.398	-50.872	27.115	-9.5489	-14.63	42.091	22.858
-4.0401	8.9197	-3.099	-4.0329	-9.0505	-0.49899	2.9333	0.54316	-1.2734	0.7917	-2.2141	-1.2427	-0.80129	-0.27599	15.248	444.18	94.69	112.9	-55.428	6.832	7.8541	71.656	60.28	-4.7995	-74.305	-19.739	-87.333	-32.053
-4.2116	7.5402	-7.3568	0.31369	-4.9086	-0.84409	3.0008	-0.5749	-1.7525	2.2942	1.5141	1.4549	0.13178	1.3817	-6.8593	-55.182	-170.31	173.86	165.68	-13.804	2.7002	-44.722	-19.165	60.1	149.13	107.91	37.323	66.309
-4.7617	-4.3884	-7.6433	-1.4065	-6.1925	2.3905	2.4159	-1.0324	-2.8057	1.3507	1.2727	1.9051	-0.58462	0.7531	-22.005	-477.14	-11.458	-68.807	-51.356	129.38	-23.395	-18.298	-42.129	-37.742	-9.6583	18.009	-28.656	-25.146
-2.3415	-8.2596	4.2897	1.2201	-5.0522	3.2284	5.1939	0.81076	-1.7007	0.72513	0.69142	1.3356	-0.65406	0.25206	96.81	-154.85	477.32	105.06	45.609	33.514	111.12	73.725	44.204	-25.021	-23.25	-22.781	-2.7776	-20.041
-1.033	21.286	14.273	-7.3194	-1.6175	-3.1377	3.0321	-1.3652	-2.4436	1.6783	0.16917	0.44498	0.85667	1.0926	52.341	1181.8	399.35	-341.58	137.39	-254.64	-86.471	-87.039	-29.717	38.128	-20.89	-35.625	60.429	33.623
-0.32384	24.465	15.688	-9.1299	-3.3897	-4.1307	1.8277	-0.22986	-3.9768	2.3056	0.023695	0.38156	0.88953	1.3521	28.365	127.16	56.607	-72.42	-70.889	-39.72	-48.179	45.414	-61.327	25.092	-5.8189	-2.5367	1.3142	10.377
0.23381	27.425	15.326	-8.2622	-4.945	-4.2536	1.066	-0.45974	-4.8885	2.7682	0.60472	0.089548	1.3748	0.84191	22.306	118.41	-14.481	34.707	-62.209	-4.9168	-30.464	-9.195	-36.47	18.502	23.241	-11.681	19.412	-20.406
0.23155	25.711	15.742	-8.6728	-4.6171	-4.3572	2.051	-1.3779	-6.074	4.1317	0.14159	0.80625	0.95447	1.4193	-0.090518	-68.568	16.604	-16.422	13.113	-4.1442	39.396	-36.725	-47.417	54.542	-18.526	28.668	-16.814	23.098
0.16302	24.521	16.098	-8.9188	-4.2909	-4.1832	2.2778	-0.54542	-7.2777	2.7493	0.77361	0.47841	0.80956	1.5624	-2.7412	-47.596	14.268	-9.8412	13.05	6.9617	9.0739	33.298	-48.149	-55.296	25.281	-13.113	-5.7967	5.7232
-0.0049273	23.468	15.037	-7.1573	-4.412	-2.6013	2.786	-0.88606	-7.6189	2.1292	1.2514	0.14255	0.67817	1.3608	-6.7177	-42.147	-42.445	70.46	-4.8444	63.274	20.326	-13.626	-13.65	-24.806	19.113	-13.434	-5.2554	-8.066
-0.42406	18.903	15.263	-7.6791	-2.9932	-2.0878	3.7018	-1.4875	-8.5238	1.7374	0.95603	-0.1558	-0.26285	1.4548	-16.765	-182.58	9.0466	-20.871	56.754	20.541	36.633	-24.058	-36.196	-15.672	-11.817	-11.934	-37.641	3.761
-0.91384	16.04	14.34	-8.2141	-1.1138	-0.91531	4.0588	-1.2976	-8.8046	2.2414	0.69127	-0.55931	-0.93477	0.80443	-19.591	-114.54	-36.932	-21.401	75.175	46.9	14.28	7.5954	-11.229	20.162	-10.591	-16.14	-26.877	-26.015
-1.6945	10.864	11.722	-4.7788	-1.277	1.6018	3.6447	-1.5679	-6.2727	2.4064	1.3485	-1.1753	-1.9608	0.39845	-31.228	-207.01	-104.72	137.41	-6.5281	100.69	-16.563	-10.81	101.27	6.5986	26.289	-24.641	-41.042	-16.239
-3.1766	0.69208	3.0645	1.7013	-4.6634	7.5125	1.501	-1.3169	-4.2464	-0.17937	2.7834	-0.32371	-3.1108	2.1503	-59.28	-406.89	-346.3	259.2	-135.46	236.43	-85.75	10.037	81.05	-103.43	57.397	34.065	-45.998	70.073
-6.0583	-29.59	-2.316	2.3053	-4.1181	6.7618	-0.3969	-0.069073	-0.12437	-1.3499	2.0809	-0.28956	-1.4707	1.8	-115.27	-1211.3	-215.22	24.164	21.812	-30.028	-75.915	49.915	164.88	-46.821	-28.1	1.366	65.603	-14.009
-9.5926	-69.199	-6.4214	2.3245	-5.6241	3.7266	-2.2421	-0.53634	1.8766	0.088498	0.89853	-1.1676	0.4476	0.9651	-141.37	-1584.4	-164.22	0.76646	-60.24	-121.41	-73.806	-18.691	80.037	57.535	-47.296	-35.12	76.732	-33.398
-13.093	-83.522	-14.769	1.8449	-5.1819	4.1777	-0.10275	4.5413	3.8354	-0.77512	0.31603	0.27637	0.54072	-0.77381	-140	-572.91	-333.9	-19.183	17.687	18.047	85.572	203.1	78.352	-34.545	-23.3	57.757	3.7246	-69.556
-9.3359	-83.07	-19.167	1.2744	-3.0113	1.9055	-0.95785	2.4191	1.1927	-0.09756	0.21087	-0.13413	0.33338	0.19497	150.26	18.063	-175.93	-22.821	86.824	-90.89	-34.204	-84.889	-105.71	27.102	-4.2065	-16.42	-8.2934	38.751
-5.6425	-17.363	-13.225	-2.2385	-3.9701	-0.56625	-0.63497	2.8824	0.72961	-0.93452	0.36274	-0.66024	0.29706	0.60045	147.74	2628.3	237.7	-140.52	-38.351	-98.87	12.915	18.533	-18.522	-33.478	6.075	-21.044	-1.4528	16.219
-3.939	14.393	-21.672	2.7095	-7.008	-1.4259	-1.3064	2.631	0.98112	-0.49509	0.6312	0.046381	0.75183	1.5523	68.14	1270.3	-337.89	197.92	-121.52	-34.387	-26.855	-10.057	10.06	17.577	10.739	28.265	18.191	38.074
-3.1326	15.461	-27.577	8.6779	-5.274	-0.49131	0.23297	2.4587	2.1689	-1.3444	-1.2698	0.45628	-0.71862	-0.16504	32.256	42.722	-236.21	238.73	69.36	37.385	61.573	-6.8904	47.512	-33.972	-76.039	16.396	-58.818	-68.693
-3.0598	19.551	-26.882	7.2282	-2.804	0.72474	0.65323	0.50557	0.83688	0.54939	-0.034325	-2.0498	-0.50947	-0.66305	2.9133	163.59	27.826	-57.987	98.801	48.642	16.81	-78.125	-53.282	75.751	49.418	-100.24	8.3662	-19.921
-3.5465	15.684	-24.274	4.443	-1.5093	2.0176	-1.5763	-0.22764	0.57145	0.51312	-0.24407	-0.45063	-0.60127	-0.84408	-19.47	-154.66	104.29	-111.41	51.788	51.715	-89.18	-29.329	-10.617	-1.4507	-8.3898	63.969	-3.6722	-7.2412
-4.3784	11.061	-17.998	4.0351	-2.9552	-0.37459	-2.8491	-1.8081	-0.11204	-0.91996	-0.67635	-0.0028335	-0.25094	-0.62256	-33.275	-184.92	251.05	-16.314	-57.837	-95.688	-50.915	-63.217	-27.34	-57.323	-17.291	17.912	14.013	8.8608
-5.1845	0.25228	-15.002	1.6441	-4.8941	0.38932	-1.1853	-1.1125	1.397	0.3744	0.5674	-1.7922	0.46979	0.67749	-32.244	-432.36	119.84	-95.641	-77.554	30.556	66.552	27.822	60.363	51.775	49.75	-71.575	28.829	52.002
-3.4188	2.3039	-2.2188	2.9303	0.042162	3.598	-0.85188	-0.9629	2.1222	1.6915	1.3309	0.56849	0.10806	0.22982	70.629	82.064	511.34	51.446	197.45	128.35	13.338	5.9852	29.007	52.686	30.541	94.428	-14.469	-17.907
-2.0707	16.203	6.7111	-2.0284	3.5387	-0.0071131	-0.90895	-2.1817	-0.70978	2.6465	-0.5448	1.0397	-0.025198	0.46196	53.925	555.98	357.2	-198.35	139.86	-144.21	-2.2828	-48.753	-113.28	38.196	-75.029	18.847	-5.3302	9.2857
-1.6057	18.483	6.8927	-4.5423	4.0526	-0.33171	-1.9169	-2.8205	-1.0655	3.0923	-0.3109	0.25681	0.41214	0.60837	18.597	91.176	7.2631	-100.56	20.556	-12.984	-40.317	-25.551	-14.229	17.833	9.3562	-31.314	17.493	5.8564
-1.6491	14.629	7.5121	-5.5437	5.9159	-0.93417	-2.2126	-2.0524	-2.2393	4.0694	-0.39162	-0.19483	0.50678	0.54054	-1.7332	-154.15	24.777	-40.053	74.534	-24.098	-11.83	30.723	-46.953	39.086	-3.229	-18.066	3.7857	-2.7133
-1.9122	11.949	7.5355	-4.8265	5.5114	-0.59763	-2.5234	-1.3459	-2.163	3.2594	-0.509	0.094825	0.50055	0.57271	-10.526	-107.21	0.93408	28.687	-16.18	13.462	-12.432	28.26	3.0528	-32.4	-4.6951	11.586	-0.24915	1.287
-2.1308	6.2849	8.0385	-2.6471	5.2814	-0.35541	-3.4304	-1.3747	-2.3884	3.9701	-0.53681	0.46606	-0.064672	0.81664	-8.7436	-226.55	20.12	87.174	-9.2001	9.6887	-36.28	-1.1493	-9.0159	28.428	-1.1124	14.849	-22.609	9.7571
-2.2821	6.3882	7.1355	-3.112	6.2221	-0.19128	-3.3921	-1.6059	-1.9835	2.7881	1.0139	-0.54395	0.43251	0.39893	-6.0541	4.1306	-36.12	-18.594	37.628	6.5652	1.5338	-9.2486	16.197	-47.28	62.03	-40.4	19.887	-16.708
-2.4127	4.5795	7.7492	-2.8664	5.4328	-0.2751	-2.3981	-1.4969	-2.2907	2.2777	0.95103	-0.056708	0.16896	0.23065	-5.2209	-72.346	24.551	9.8249	-31.574	-3.3525	39.76	4.3593	-12.287	-20.414	-2.5164	19.489	-10.542	-6.7312
-2.4967	3.9337	7.6881	-2.0695	5.0381	-1.7441	-0.49678	-1.0501	-3.357	2.2494	0.55877	0.23339	0.33639	0.36817	-3.3628	-25.832	-2.4446	31.876	-15.786	-58.761	76.053	17.871	-42.653	-1.1351	-15.69	11.604	6.6972	5.5006
-2.5726	2.611	7.6747	-1.4296	4.914	-1.8334	-0.2793	-0.69155	-3.0677	1.0037	1.018	0.16738	0.47537	-0.10021	-3.0341	-52.908	-0.53706	25.596	-4.9637	-3.571	8.6989	14.343	11.572	-49.826	18.37	-2.6406	5.559	-18.735
-2.6405	2.5631	7.6682	-0.69491	3.8647	-1.5546	-0.22717	-0.18787	-3.5475	0.91422	0.9081	-0.07347	0.92054	-0.69938	-2.7158	-1.9185	-0.26081	29.387	-41.972	11.153	2.0853	20.147	-19.195	-3.5798	-4.3965	-9.634	17.807	-23.967
-2.633	2.2782	7.6496	-0.045715	3.1793	-1.5188	-0.3147	0.51935	-3.5222	0.36756	0.87805	-0.48991	1.275	-0.48341	0.29937	-11.397	-0.74452	25.968	-27.42	1.4305	-3.5009	28.289	1.0155	-21.866	-1.2023	-16.657	14.18	8.6388
-2.7186	0.86562	8.059	1.6587	1.6012	-1.4862	0.51429	0.047943	-2.9764	-0.050946	0.51544	-0.29458	0.88697	-0.0090806	-3.4249	-56.502	16.379	68.178	-63.124	1.3034	33.159	-18.856	21.832	-16.74	-14.504	7.8129	-15.523	18.973
-2.6875	1.4552	8.3763	1.2832	1.4583	-1.665	1.3337	-0.50601	-2.5165	-0.40883	0.25027	-0.20852	0.99069	-0.42641	1.2453	23.583	12.689	-15.021	-5.7149	-7.1517	32.777	-22.158	18.393	-14.315	-10.607	3.4424	4.1488	-16.693
-2.6741	2.6031	8.2583	0.77068	1.3775	-0.81286	1.2437	-0.53839	-2.6181	0.078678	0.10151	-0.34984	0.59046	-0.38619	0.53477	45.915	-4.7182	-20.501	-3.2305	34.086	-3.5989	-1.295	-4.0636	19.5	-5.9502	-5.6526	-16.009	1.6091
-2.8801	2.6509	8.7931	-0.29106	1.4668	0.15471	1.085	-1.0966	-2.0741	0.10518	0.95932	-1.2953	1.0143	-0.97687	-8.2375	1.9147	21.39	-42.47	3.5725	38.703	-6.3485	-22.329	21.763	1.0601	34.312	-37.821	16.955	-23.627
-2.7054	4.487	6.8989	-0.040977	2.0132	0.022905	1.7127	-1.1832	-1.5984	-0.28688	1.8127	-0.86589	-0.37513	-0.30141	6.9856	73.444	-75.765	10.003	21.856	-5.2722	25.106	-3.465	19.025	-15.683	34.137	17.178	-55.579	27.018
-3.0934	5.8495	4.8616	1.1702	1.8711	0.14199	2.1995	-2.0152	-1.1861	0.68879	2.1104	-1.2737	-0.90969	-0.15644	-15.519	54.497	-81.492	48.447	-5.6856	4.7632	19.473	-33.28	16.491	39.027	11.906	-16.312	-21.382	5.7992
-3.4575	3.9565	4.333	0.1397	2.4526	1.342	1.4208	-2.0113	-0.12211	1.0507	1.1163	-0.688	-0.53784	-0.53236	-14.566	-75.72	-21.143	-41.22	23.261	48	-31.15	0.15861	42.561	14.478	-39.761	23.427	14.874	-15.037
-3.9409	-11.485	0.2232	1.1104	5.2989	3.5867	1.1054	-2.4331	4.3802	0.19883	-1.6006	2.189	-0.83962	-3.127	-19.337	-617.66	-164.39	38.828	113.85	89.788	-12.615	-16.875	180.09	-34.076	-108.68	115.08	-12.071	-103.78
-4.4477	-10.397	-2.1777	3.9128	6.2887	1.2315	0.2417	-2.3503	6.967	-0.39599	-2.9655	1.8369	-1.4198	-2.7665	-20.271	43.505	-96.037	112.1	39.592	-94.209	-34.548	3.3149	103.47	-23.793	-54.594	-14.087	-23.206	14.418
-4.5852	-15.336	-1.3206	4.9712	7.2277	1.2022	0.091181	-2.501	6.8744	-0.73942	-3.1183	1.7053	-1.012	-3.2531	-5.4979	-197.56	34.284	42.336	37.561	-1.172	-6.0208	-6.0291	-3.7048	-13.737	-6.1128	-5.2604	16.31	-19.464
-4.6354	-22.731	0.038499	6.7752	7.0373	3.0339	0.035113	-2.6066	6.8077	-0.85886	-3.0945	2.3192	-1.48	-3.4103	-2.0108	-295.79	54.366	72.159	-7.6144	73.267	-2.2427	-4.2227	-2.6653	-4.7773	0.952	24.553	-18.719	-6.2866
-4.8727	-32.615	1.8838	8.7552	5.9845	4.0707	-0.031558	-0.74276	7.3639	-0.97162	-2.9217	2.1508	-1.0658	-3.5471	-9.4893	-395.37	73.812	79.201	-42.114	41.474	-2.6668	74.552	22.245	-4.5106	6.9113	-6.7364	16.57	-5.4746
-5.5669	-28.33	-8.6268	12.098	1.6377	3.6008	2.7901	2.7397	4.1675	-0.68159	-0.38484	-0.11418	-1.0969	-0.96558	-27.769	171.4	-420.42	133.72	-173.87	-18.796	112.86	139.3	-127.85	11.601	101.48	-90.597	-1.2446	103.26
-6.0637	-8.0058	-18.731	6.3849	-3.8832	1.4617	2.9793	3.4473	3.7265	-0.40698	-0.20129	-0.15095	-0.81522	0.32909	-19.873	812.99	-404.18	-228.53	-220.84	-85.565	7.5691	28.302	-17.641	10.984	7.342	-1.4706	11.267	51.787
-5.0561	-20.789	-31.554	11.312	-5.819	2.2526	1.0575	0.2228	2.8782	0.45028	0.34807	-0.085442	-0.96001	0.34721	40.305	-511.34	-512.93	197.09	-77.434	31.637	-76.873	-128.98	-33.931	34.291	21.974	2.6202	-5.7916	0.725
-4.2121	-10.677	-34.167	11.663	-5.6775	0.019872	-0.74351	-0.088887	2.2885	0.76874	0.77345	-0.96772	-0.69787	2.1899	33.759	404.5	-104.49	14.028	5.6631	-89.31	-72.039	-12.468	-23.587	12.738	17.015	-35.291	10.486	73.709
-4.1485	-2.3608	-31.143	9.632	-5.4801	2.0443	-0.60426	-1.6587	1.124	0.027599	-0.3623	-1.9632	-1.1849	3.3451	2.5458	332.63	120.96	-81.236	7.8957	80.978	5.5703	-62.792	-46.58	-29.646	-45.43	-39.818	-19.482	46.206
-4.7022	-7.2137	-28.415	5.7245	-2.9989	6.3677	1.2078	-1.187	3.754	2.056	0.70037	-1.561	-1.0289	2.7259	-22.149	-194.11	109.1	-156.3	99.247	172.94	72.482	18.866	105.2	81.134	42.507	16.086	6.2428	-24.767
-3.8635	-1.644	-14.099	10.878	1.3526	5.3837	2.0032	-1.4768	2.0294	-0.28857	-0.25124	-1.2382	0.017844	1.5142	33.547	222.79	572.65	206.15	174.06	-39.359	31.814	-11.59	-68.982	-93.781	-38.064	12.912	41.868	-48.469
-2.8342	12.144	-2.8912	4.3794	4.8828	4.3479	-0.18697	-1.4864	-0.66945	-0.15322	-2.3129	-0.90196	-0.99535	-0.17813	41.172	551.52	448.31	-259.95	141.21	-41.434	-87.605	-0.38461	-107.96	5.4138	-82.467	13.45	-40.528	-67.692
-2.044	17.228	-0.25131	0.58887	7.3747	1.8613	0.81769	-2.6871	-0.84997	0.1176	-2.6083	-0.43006	-1.9106	0.18225	31.608	203.37	105.6	-151.62	99.675	-99.464	40.186	-48.027	-7.2208	10.833	-11.815	18.876	-36.608	14.415
-2.0225	18.33	0.62079	0.30291	7.2696	1.0233	0.36725	-3.0732	-1.2178	0.076808	-1.6643	-0.70017	-1.2149	-0.068101	0.85981	44.079	34.884	-11.438	-4.2048	-33.519	-18.018	-15.444	-14.715	-1.6317	37.758	-10.804	27.828	-10.014
-2.4264	18.297	0.13044	-0.30728	6.1962	-0.44513	0.87856	-3.6064	-0.29591	0.34407	0.090565	-0.70597	-0.48251	-0.50989	-16.154	-1.3291	-19.614	-24.408	-42.935	-58.738	20.453	-21.328	36.877	10.691	70.196	-0.23171	29.294	-17.672
-3.0225	6.3184	2.7365	0.087549	4.1841	0.90166	2.1536	-3.1224	-0.199	0.85061	1.3764	-1.1429	-0.24256	-0.95514	-23.845	-479.14	104.24	15.793	-80.482	53.872	51.001	19.358	3.8761	20.262	51.434	-17.476	9.5981	-17.81
-3.8233	-8.9645	1.2412	2.0743	4.3693	2.8188	0.88678	-2.844	2.7485	0.40747	0.66183	1.2134	-0.63828	-2.7463	-32.032	-611.32	-59.812	79.47	7.4063	76.687	-50.672	11.137	117.9	-17.726	-28.583	94.251	-15.829	-71.645
-4.5226	-14.687	0.75584	2.6392	6.1193	2.9666	0.76085	-2.4389	6.2751	-0.17646	-1.6591	1.6944	-1.5891	-3.341	-27.972	-228.91	-19.415	22.597	70	5.9099	-5.037	16.203	141.07	-23.357	-92.838	19.238	-38.033	-23.79
-4.5003	-18.444	2.0704	3.2451	4.8498	3.7147	0.17753	-1.7546	6.634	-1.0495	-1.7571	1.2001	-1.2504	-2.9312	0.89353	-150.25	52.584	24.236	-50.781	29.927	-23.333	27.373	14.357	-34.921	-3.9181	-19.77	13.551	16.394
-4.4499	-16.304	1.295	2.3629	6.8254	2.8711	0.33644	-1.9242	6.3706	-0.77722	-2.2199	1.4569	-1.5841	-2.7631	2.0147	85.575	-31.018	-35.29	79.027	-33.745	6.3563	-6.7858	-10.536	10.891	-18.511	10.273	-13.351	6.7227
-4.3306	-15.389	0.90967	2.4501	6.9833	2.2837	0.71596	-2.0876	6.4265	-0.19276	-2.4409	1.7446	-1.8339	-2.4098	4.7721	36.598	-15.413	3.4898	6.313	-23.498	15.181	-6.5328	2.2336	23.378	-8.8416	11.507	-9.9923	14.134
-4.4632	-13.714	0.85854	1.6877	6.9092	2.0057	0.55367	-2.1605	5.9325	0.37999	-2.3131	1.5021	-0.72717	-2.9629	-5.3027	66.999	-2.0452	-30.498	-2.9615	-11.122	-6.4913	-2.9157	-19.757	22.91	5.1101	-9.6997	44.271	-22.124
-4.0912	0.26138	-7.553	7.9215	0.86153	4.3482	-0.94662	-0.78521	3.5759	1.2203	-0.4376	-1.3582	-0.045429	-1.9742	14.878	559.03	-336.46	249.35	-241.91	93.704	-60.012	55.01	-94.265	33.613	75.021	-114.41	27.27	39.545
-3.4972	15.687	-7.7506	6.5435	-0.6307	3.958	-1.0793	-1.6168	0.9134	1.792	0.79813	-2.3604	0.27942	-0.43075	23.759	617.02	-7.9016	-55.119	-59.689	-15.611	-5.3076	-33.264	-106.5	22.869	49.429	-40.087	12.994	61.74
-2.8791	11.573	-1.0304	0.95117	5.3088	2.1057	-2.5468	-0.58238	0.43999	2.0687	0.4817	-2.0824	0.63755	0.033645	24.725	-164.56	268.81	-223.69	237.58	-74.089	-58.702	41.377	-18.936	11.067	-12.657	11.12	14.325	18.576
-2.7493	17.082	-2.164	-0.79439	8.9779	-0.50052	-3.6766	-0.2049	0.59861	1.3904	-0.52035	-1.061	1.2896	0.73237	5.1916	220.34	-45.345	-69.822	146.76	-104.25	-45.189	15.099	6.3447	-27.133	-40.082	40.854	26.082	27.949
-2.6845	13.054	-1.2861	0.67057	9.5579	-0.30554	-4.856	0.47614	1.5441	1.0388	-0.87478	-1.0853	1.0723	0.23678	2.5914	-161.09	35.118	58.598	23.202	7.7993	-47.178	27.241	37.818	-14.065	-14.177	-0.96891	-8.6925	-19.824
-2.5887	10.402	-0.82095	0.84361	10.443	-0.53771	-5.4215	1.3644	0.86905	0.9246	-1.0175	-0.8646	1.0475	0.48601	3.8315	-106.1	18.604	6.9215	35.392	-9.2868	-22.619	35.531	-27	-4.5663	-5.7092	8.8265	-0.98977	9.9692
-2.6527	11.177	-0.32595	0.41036	10.557	-0.89418	-5.2159	1.6163	0.6828	0.93137	-1.6873	-0.34437	0.83569	0.28239	-2.5584	31.008	19.8	-17.33	4.5785	-14.259	8.2232	10.074	-7.45	0.2707	-26.793	20.809	-8.4738	-8.1446
-2.5058	12.57	-0.38168	-0.89876	11.858	-1.1821	-5.2735	0.97578	0.28447	1.1884	-1.7945	-0.096505	0.84973	0.39111	5.8775	55.725	-2.2291	-52.365	52.052	-11.518	-2.3053	-25.619	-15.934	10.283	-4.2879	9.9147	0.56174	4.3488
-2.3437	15.369	-0.26479	-1.1988	11.19	-1.3642	-5.2059	0.49634	0.27748	1.4034	-1.8454	-0.28774	0.66563	0.77464	6.482	111.96	4.6756	-12.001	-26.74	-7.2841	2.7054	-19.178	-0.27928	8.5977	-2.036	-7.6496	-7.3642	15.341
-1.9777	17.056	0.93141	-2.3233	10.667	-1.4095	-4.9897	-0.063166	0.35363	1.3636	-1.9461	0.016263	0.78279	0.98925	14.641	67.468	47.848	-44.98	-20.927	-1.8117	8.6481	-22.38	3.0458	-1.5896	-4.0285	12.16	4.6866	8.5843
-1.8532	16.592	2.9289	-3.237	10.114	-1.4382	-5.0842	-1.467	0.78364	1.3191	-1.4812	0.24941	0.87244	1.1376	4.9808	-18.562	79.9	-36.547	-22.1	-1.1457	-3.779	-56.153	17.2	-1.7825	18.597	9.326	3.586	5.9324
-1.6446	19.722	3.8965	-4.6401	8.9943	-1.8188	-4.6221	-2.0687	0.42917	2.1452	-1.0525	-0.16022	0.69302	1.8861	8.3432	125.22	38.704	-56.126	-44.8	-15.226	18.481	-24.07	-14.179	33.043	17.151	-16.386	-7.1768	29.942
-1.5217	21.819	4.1555	-5.2437	7.14	-1.6742	-4.3633	-2.8821	1.4965	1.6051	0.43913	-0.46674	0.41556	1.9701	4.9169	83.867	10.36	-24.142	-74.172	5.7865	10.355	-32.533	42.695	-21.604	59.663	-12.261	-11.098	3.3587
-1.2461	24.042	4.407	-5.9641	5.6135	-1.4385	-4.049	-2.7764	1.1869	2.6291	0.48596	-0.31165	0.49369	1.0585	11.022	88.915	10.059	-28.815	-61.057	9.425	12.57	4.225	-12.385	40.961	1.873	6.2036	3.125	-36.462
-1.1881	25.699	5.5371	-7.4021	4.0356	-1.5392	-3.1205	-3.1296	1.695	2.4498	1.2929	-0.72447	-0.40819	1.6183	2.3225	66.31	45.207	-57.522	-63.116	-4.0258	37.142	-14.125	20.323	-7.1701	32.276	-16.513	-36.075	22.39
-1.0589	25.77	6.4778	-7.7202	2.5241	-2.6021	-2.3225	-2.3673	1.1895	2.7192	1.7059	-1.0065	0.50282	0.015714	5.166	2.8151	37.627	-12.724	-60.462	-42.518	31.917	30.489	-20.221	10.776	16.521	-11.28	36.44	-64.102
-0.71427	28.805	6.2426	-8.0713	0.8119	-3.2128	-0.57327	-2.7665	0.7096	3.0822	1.5912	-0.11766	-0.59509	0.43817	13.786	121.42	-9.4084	-14.043	-68.488	-24.427	69.971	-15.968	-19.194	14.518	-4.5875	35.553	-43.916	16.898
-0.6096	31.84	5.9414	-9.8151	0.84357	-3.3031	-0.87418	-2.4504	0.57884	3.0213	2.1074	0.073924	-0.44796	-0.14277	4.1867	121.41	-12.049	-69.751	1.2668	-3.6107	-12.036	12.645	-5.2303	-2.4345	20.65	7.6632	5.8853	-23.238
-0.60176	31.201	6.3887	-7.9162	-0.86344	-5.3437	1.2226	-2.0442	0.26152	2.2026	2.5642	-0.35198	-0.068692	-1.0955	0.31342	-25.593	17.892	75.955	-68.281	-81.624	83.871	16.248	-12.693	-32.749	18.271	-17.036	15.171	-38.109
-0.54691	30.271	7.5991	-9.071	-0.35679	-4.367	0.39045	-2.0777	0.73471	1.8449	2.7924	-0.41029	0.33094	-1.9003	2.1942	-37.189	48.416	-46.192	20.266	39.069	-33.286	-1.3379	18.928	-14.31	9.1279	-2.3324	15.985	-32.194
-0.74664	28.028	7.1172	-5.82	-2.7289	-3.1768	-0.15199	-1.6675	1.8543	1.9418	2.4071	0.73692	0.10408	-1.9206	-7.9892	-89.703	-19.276	130.04	-94.884	47.607	-21.698	16.407	44.784	3.8759	-15.413	45.888	-9.0743	-0.81
-1.8663	14.63	6.5495	-3.105	-3.8858	-2.1015	1.6281	-1.8664	3.5672	0.28549	1.8284	1.5606	-0.4169	-1.3737	-44.786	-535.94	-22.706	108.6	-46.276	43.013	71.203	-7.9581	68.517	-66.251	-23.148	32.946	-20.839	21.877
-3.7659	-2.2219	-1.1413	4.3757	-6.8692	1.2307	1.3206	1.4236	3.8036	1.0914	1.9337	1.3945	0.027187	-1.7322	-75.983	-674.07	-307.63	299.23	-119.34	133.28	-12.299	131.6	9.454	32.238	4.2107	-6.6438	17.763	-14.341
-5.7128	-14.159	-13.158	3.1195	-4.8327	3.1809	0.27057	2.7149	1.6323	-1.6209	-0.63425	0.52144	-0.77185	-1.6224	-77.877	-477.49	-480.66	-50.25	81.459	78.011	-42.002	51.654	-86.852	-108.49	-102.72	-34.921	-31.961	4.3913
-6.7188	-11.473	-15.898	2.1806	-6.7999	1.7957	-2.0565	0.10186	0.60556	-1.2455	1.5234	-0.51458	0.35744	-0.071297	-40.239	107.45	-109.6	-37.557	-78.686	-55.411	-93.083	-104.52	-41.069	15.016	86.306	-41.441	45.172	62.045
-6.9518	-16.766	-18.713	2.3861	-7.7443	-0.086456	-2.024	2.0799	0.71733	0.87109	0.82197	-0.9964	0.081945	-0.41958	-9.3232	-211.74	-112.59	8.2217	-37.778	-75.285	1.3001	79.122	4.4707	84.662	-28.057	-19.273	-11.02	-13.931
-7.0233	-19.622	-21.043	2.9822	-8.7951	1.2574	-1.5136	1.8534	0.56537	0.027782	-0.99516	-1.4948	0.84103	-0.52433	-2.86	-114.21	-93.228	23.845	-42.032	53.755	20.418	-9.0618	-6.0782	-33.732	-72.685	-19.935	30.363	-4.19
-6.8509	-12.993	-20.824	3.1291	-5.1001	0.36754	-2.6322	0.86455	0.6315	0.20732	1.9083	0.31567	0.66604	0.54051	6.8964	265.14	8.7764	5.8768	147.8	-35.595	-44.744	-39.553	2.6452	7.1816	116.14	72.418	-6.9995	42.594
-7.2729	-21.417	-21.591	0.65579	-4.27	1.8521	-0.92606	0.87853	1.3995	0.44186	0.65224	-0.80281	2.0155	2.0945	-16.878	-336.96	-30.672	-98.934	33.204	59.383	68.244	0.55938	30.72	9.3817	-50.242	-44.739	53.979	62.159
-8.9546	-74.789	-17.326	-0.35368	-2.5443	5.5187	0.76988	1.1917	1.0215	0.6122	0.51748	-1.1061	0.13882	1.1259	-67.268	-2134.9	170.57	-40.379	69.031	146.66	67.838	12.526	-15.12	6.8134	-5.3903	-12.133	-75.068	-38.742
-13.553	-98.353	-19.849	5.7318	-5.5517	3.4387	0.79961	2.5157	0.85618	-1.315	0.73041	0.83005	0.30818	0.69239	-183.93	-942.56	-100.92	243.42	-120.3	-83.198	1.189	52.96	-6.6132	-77.088	8.5174	77.448	6.7742	-17.342
-13.785	-95.184	-17.097	5.6454	-7.2613	2.293	-0.53348	1.6111	2.6623	-0.018281	1.3988	0.80859	-0.075911	1.5713	-9.297	126.74	110.1	-3.4586	-68.382	-45.829	-53.323	-36.183	72.244	51.869	26.735	-0.85861	-15.363	35.155
-7.4219	-68.942	-11.002	-4.2767	-4.3106	5.7819	-2.9451	0.98992	2.9157	-1.6954	-0.79293	-0.21315	0.61099	0.62568	254.53	1049.7	243.78	-396.88	118.03	139.55	-96.465	-24.848	10.138	-67.083	-87.668	-40.869	27.476	-37.824
-5.3606	-17.17	-8.3638	-10.162	-4.2643	3.9483	-4.7576	1.8764	1.7806	-2.241	0.064256	-1.7482	0.88814	-0.82757	82.454	2070.9	105.54	-235.42	1.8518	-73.341	-72.499	35.46	-45.406	-21.826	34.287	-61.401	11.086	-58.13
-5.1219	2.7691	-11.179	-6.7595	-5.6399	2.3926	-3.8808	2.2328	2.6281	-1.7188	0.67897	-1.0179	0.018375	0.12647	9.5461	797.57	-112.61	136.11	-55.021	-62.231	35.07	14.254	33.899	20.887	24.589	29.212	-34.791	38.162
-5.176	-8.9463	-21.305	-1.7754	-2.8754	3.257	-3.368	1.1968	4.1101	-0.44556	0.31876	-0.23802	0.77523	0.24535	-2.1642	-468.62	-405.06	199.36	110.58	34.577	20.513	-41.438	59.28	50.931	-14.408	31.194	30.274	4.7552
-5.8964	-16.183	-18.013	-2.1713	0.37947	4.9184	-3.9959	-0.56829	3.7807	0.64242	1.8427	0.036901	0.099421	0.98691	-28.814	-289.46	131.7	-15.833	130.2	66.458	-25.116	-70.605	-13.174	43.519	60.956	10.997	-27.032	29.662
-3.7592	-5.1014	5.8847	1.3058	-2.9637	5.3558	-0.57387	-1.9147	0.58948	-0.57693	2.4281	-0.62804	0.37498	0.5317	85.488	443.26	955.91	139.08	-133.73	17.496	136.88	-53.857	-127.65	-48.774	23.417	-26.598	11.022	-18.208
-2.8745	-4.2076	13.692	-3.6231	-1.469	3.9381	-0.1114	-2.8864	-1.881	0.074191	1.5088	0.51648	-0.59783	0.10443	35.387	35.753	312.29	-197.16	59.788	-56.709	18.499	-38.868	-98.819	26.045	-36.773	45.781	-38.912	-17.091
-2.793	8.9854	9.7103	-6.6595	-1.3413	2.2574	2.0432	-3.0198	-1.8692	-0.1741	2.6625	0.057656	-1.1777	0.40044	3.2592	527.72	-159.27	-121.46	5.1068	-67.229	86.183	-5.3346	0.47049	-9.9317	46.148	-18.353	-23.196	11.84
-2.596	5.8957	9.5272	-4.8566	-2.4724	3.0547	2.6342	-3.759	-0.26976	-0.042271	2.7916	-0.0011663	-1.8903	0.14561	7.8822	-123.59	-7.325	72.114	-45.242	31.892	23.643	-29.57	63.979	5.2732	5.164	-2.3529	-28.504	-10.193
-2.6779	8.1195	7.6027	-5.8165	-1.2264	3.417	2.5407	-3.4191	-0.050472	-0.28576	2.5881	0.34782	-1.9932	-0.4631	-3.2776	88.954	-76.978	-38.397	49.838	14.493	-3.7432	13.598	8.7714	-9.7397	-8.1402	13.959	-4.1124	-24.349
-3.3132	3.9332	6.0197	-4.2201	-1.671	3.6085	2.7761	-4.017	1.3965	-0.16327	2.1418	0.93183	-2.9391	-1.1139	-25.413	-167.45	-63.319	63.855	-17.784	7.6595	9.4157	-23.919	57.879	4.8999	-17.851	23.361	-37.839	-26.032
-3.9947	-5.2871	2.4219	-1.696	-0.050531	4.0398	4.3427	-4.022	3.2802	-0.16828	0.67997	1.7289	-2.5428	-2.1117	-27.26	-368.81	-143.91	100.97	64.82	17.252	62.665	-0.1981	75.35	-0.20042	-58.473	31.881	15.853	-39.911
-4.4017	-13.571	-0.093026	4.7621	2.2902	2.5186	3.8463	-4.0173	4.6013	-1.049	-0.97914	1.5423	-2.086	-2.9203	-16.281	-331.37	-100.6	258.33	93.63	-60.845	-19.856	0.18707	52.841	-35.227	-66.365	-7.4616	18.273	-32.346
-4.605	-16.339	0.84531	5.9503	3.0579	0.55483	4.1235	-2.7042	3.5239	-0.32587	-1.1289	0.75465	-1.4855	-2.8712	-8.1291	-110.71	37.533	47.526	30.706	-78.552	11.089	52.526	-43.096	28.923	-5.989	-31.507	24.017	1.9647
-4.1287	-4.1265	-0.98269	1.6937	3.9132	1.2626	1.2681	-0.79769	2.1869	-0.34469	0.28396	0.39918	-2.3645	-0.92185	19.05	488.5	-73.12	-170.26	34.215	28.31	-114.21	76.259	-53.478	-0.75283	56.513	-14.219	-35.16	77.974
-3.0482	10.698	-0.24457	0.67373	4.1838	-0.65457	1.1374	-0.23889	-0.49482	-0.19373	1.4564	0.02683	-2.2222	-0.82945	43.222	592.99	29.525	-40.801	10.823	-76.686	-5.2287	22.352	-107.27	6.0386	46.895	-14.894	5.6921	3.6959
-2.8024	11.763	4.122	-1.7088	6.1218	-2.8701	1.7973	-0.97729	-0.66124	0.30831	2.4309	-1.4956	-1.5104	0.52494	9.8312	42.595	174.66	-95.303	77.519	-88.619	26.396	-29.536	-6.6568	20.081	38.983	-60.896	28.474	54.176
-2.6673	11.209	4.0552	-1.0152	5.9687	-2.8643	1.8633	-0.68491	-0.32922	0.19914	2.5636	-1.9044	-0.87519	0.709	5.4031	-22.168	-2.6712	27.746	-6.1251	0.23203	2.6377	11.695	13.281	-4.3669	5.3069	-16.352	25.407	7.3625
-2.5329	11.619	4.191	-1.4661	5.6253	-2.1294	0.8266	-0.93634	-0.18338	-0.034477	2.5178	-2.1277	-1.1182	1.2418	5.3771	16.391	5.4308	-18.036	-13.735	29.392	-41.466	-10.057	5.8336	-9.3445	-1.8326	-8.9328	-9.7218	21.313
-2.7647	12.071	4.5409	-1.8175	5.361	-2.1434	0.96324	-0.34725	-0.55981	0.021822	1.9575	-1.8474	-0.93682	0.96506	-9.2737	18.087	13.996	-14.056	-10.571	-0.55626	5.4657	23.563	-15.057	2.2519	-22.412	11.211	7.2566	-11.07
-2.759	9.0065	4.5849	-0.67064	5.4615	-2.1841	0.65423	0.035886	-1.0345	0.39073	2.5324	-1.9461	-1.0998	1.0182	0.2291	-122.58	1.76	45.874	4.0215	-1.6281	-12.361	15.326	-18.987	14.756	22.999	-3.9457	-6.5179	2.1245
-2.6453	8.8145	4.3405	0.67724	4.0145	-2.0778	0.82043	-0.63264	-0.21292	-0.93236	2.9392	-2.0086	-0.94053	0.99848	4.5499	-7.6814	-9.7761	53.915	-57.882	4.2485	6.6481	-26.741	32.862	-52.924	16.271	-2.5024	6.3698	-0.78779
-2.8454	7.2018	4.1905	1.0076	3.2469	-1.131	1.9144	-1.5247	-0.59912	-0.61534	3.8256	-2.3447	-1.2648	0.62525	-8.0048	-64.507	-5.9989	13.215	-30.702	37.874	43.759	-35.682	-15.448	12.681	35.457	-13.445	-12.971	-14.929
-2.8883	9.3103	4.6105	-0.41925	3.021	-1.034	1.8297	-0.76512	-0.8803	-0.87277	3.7075	-2.3742	-1.1732	1.0027	-1.7179	84.342	16.798	-57.074	-9.0388	3.881	-3.3879	30.382	-11.247	-10.297	-4.7243	-1.1808	3.6619	15.096
-2.7834	4.5927	5.9885	0.20782	2.5055	-0.60618	2.322	-0.55277	-1.0214	-0.98827	4.2721	-2.2363	-1.4115	0.87881	4.1953	-188.7	55.119	25.083	-20.62	17.112	19.694	8.4942	-5.6457	-4.6198	22.584	5.5159	-9.5312	-4.9542
-3.0156	5.7274	6.5868	-1.4152	1.1853	0.22023	1.9511	0.6404	-0.65102	-0.90685	4.4472	-2.5573	-0.45059	0.094294	-9.2853	45.385	23.935	-64.921	-52.808	33.056	-14.839	47.727	14.817	3.2564	7.0013	-12.839	38.437	-31.381
-3.0447	7.29	5.3901	-0.77857	0.75128	-0.20091	3.0145	-0.3363	-0.39187	-0.98697	4.3223	-2.3836	-0.19054	-0.053645	-1.1634	62.504	-47.868	25.465	-17.36	-16.846	42.537	-39.068	10.366	-3.2048	-4.9948	6.9514	10.402	-5.9175
-3.1154	10.554	2.9708	-2.9258	2.281	-0.84241	3.196	0.26104	-0.1386	-1.3694	4.5806	-2.2442	0.21473	-0.066428	-2.8292	130.55	-96.773	-85.888	61.19	-25.66	7.259	23.894	10.131	-15.298	10.333	5.5738	16.211	-0.51134
-3.2766	7.8334	2.6795	-2.191	1.5976	-0.56542	2.7923	1.0375	-0.4753	-1.1048	5.0637	-1.8294	0.59091	0.082114	-6.4473	-108.81	-11.654	29.39	-27.338	11.079	-16.147	31.06	-13.468	10.587	19.323	16.591	15.047	5.9417
-3.5957	7.7429	2.6128	-2.7349	1.2457	-2.0165	3.6397	0.77842	-0.17664	-1.2277	4.3437	-1.4075	1.0078	0.43678	-12.763	-3.6191	-2.6662	-21.756	-14.074	-58.044	33.895	-10.365	11.946	-4.9162	-28.803	16.878	16.674	14.187
-3.8917	-6.6905	6.1609	0.14005	0.34083	-1.9779	3.4704	1.0329	-1.1096	-0.46756	3.7628	0.096425	0.93188	0.80745	-11.841	-577.34	141.92	115	-36.196	1.5463	-6.7704	10.178	-37.317	30.404	-23.234	60.156	-3.035	14.826
-4.3988	-15.767	6.725	3.0894	-0.54707	-0.78218	3.0737	-0.85022	1.3062	-0.21597	2.705	0.56179	0.12646	1.5272	-20.284	-363.08	22.562	117.97	-35.516	47.827	-15.869	-75.323	96.631	10.064	-42.31	18.615	-32.217	28.789
-4.5642	-8.9232	1.2018	2.4197	0.79806	-0.29408	4.2383	-1.8141	3.2452	-1.0756	2.399	1.7803	-0.87671	0.12214	-6.6168	273.77	-220.93	-26.789	53.805	19.524	46.584	-38.556	77.56	-34.386	-12.242	48.738	-40.127	-56.202
-5.1347	-12.294	2.2635	0.35195	2.6884	0.184	2.9669	-1.6546	1.6769	-1.1776	1.2558	2.778	-0.73021	-0.084028	-22.821	-134.84	42.47	-82.709	75.613	19.123	-50.857	6.3815	-62.733	-4.0795	-45.726	39.912	5.8597	-8.2468
