WSS
941097.596298988
1210231.99708848
903438.397431878
825908.423560456
1079647.28370025
508495.421051987
944422.505009359
750272.493389836
862197.17754335
278661.250149617
965880.72367846
1609127.0087899
629842.618186977
1085380.59269225
1303840.51233323
664853.705835387
483571.514669363
2453343.81213345
936178.223405262
2041398.99384717
506559.251509011
1478675.91959819
1055774.72777066
606718.771497644
2528275.10885465
863761.430306912
1091073.84131218
2079071.44189596
568885.070638897
709595.492739613
1107238.34947518
616473.894909753
33689893.5513043
231795853.737695
