-6.0423	-12.408	-28.407	2.8571	0.89403	-1.4803	-1.0511	3.7267	-1.0938	-0.52547	2.0127	0.31268	1.3256	-0.86438	0	0	0	0	0	0	0	0	0	0	0	0	0	0
-5.1259	-5.8201	-28.797	4.2403	2.4689	-1.1301	-2.5604	3.6202	-1.058	-0.60887	2.2257	-0.81924	0.72693	0.24492	36.655	263.53	-15.605	55.326	62.995	14.008	-60.371	-4.258	1.4324	-3.336	8.521	-45.277	-23.948	44.372
-4.6845	0.24641	-29.538	2.1697	-0.4481	-2.9425	-2.3435	2.6992	-0.91957	-0.2507	2.2313	-2.2931	0.77682	-0.7712	17.656	242.66	-29.665	-82.821	-116.68	-72.496	8.6735	-36.842	5.5358	14.327	0.22358	-58.956	1.9956	-40.645
-4.0907	10.203	-26.79	4.6344	1.9452	-0.65609	-0.28156	3.0365	1.0173	-0.29596	2.3274	-0.82076	1.1029	-0.47812	23.754	398.24	109.95	98.588	95.733	91.456	82.479	13.494	77.475	-1.8102	3.8419	58.895	13.043	11.723
-3.5844	14.258	-29.454	2.2099	3.0088	-0.25756	-0.50249	5.3152	1.8806	-1.6397	2.7422	0.04661	0.90277	-0.89834	20.249	162.24	-106.57	-96.98	42.541	15.941	-8.8372	91.146	34.534	-53.75	16.594	34.695	-8.0047	-16.809
-3.3106	17.093	-29.261	1.599	0.73156	-2.1855	-0.88037	4.1201	1.0536	-1.391	0.95903	-0.72977	1.2156	-1.5392	10.954	113.4	7.7312	-24.439	-91.088	-77.119	-15.115	-47.803	-33.081	9.9497	-71.328	-31.055	12.515	-25.636
-3.3073	18.624	-29.925	1.141	-0.33648	-1.0493	-1.6996	1.6825	0.05355	-1.0181	2.3186	-1.8652	-0.54916	-1.704	0.13139	61.223	-26.595	-18.317	-42.721	45.449	-32.769	-97.502	-40.003	14.913	54.384	-45.418	-70.592	-6.5904
-3.3612	19.888	-27.853	0.80756	-0.39266	-0.49858	-1.4505	4.207	-0.010024	-0.090877	2.0194	-1.816	0.45428	-1.7243	-2.156	50.56	82.879	-13.339	-2.2473	22.028	9.9622	100.98	-2.543	37.091	-11.969	1.97	40.138	-0.81267
-3.8606	19.043	-24.069	-0.19728	-0.69868	-1.1506	-1.8888	3.9498	-1.981	-2.328	1.1635	-0.57294	-0.093904	-0.7664	-19.975	-33.787	151.4	-40.194	-12.241	-26.079	-17.532	-10.291	-78.839	-89.487	-34.234	49.721	-21.927	38.317
-4.6187	11.241	-21.235	2.1538	-0.90396	-1.5357	-2.098	4.1748	0.80509	-1.1336	0.9587	-0.49748	1.1266	0.66067	-30.324	-312.08	113.34	94.044	-8.2114	-15.404	-8.365	9.0011	111.44	47.777	-8.1937	3.0183	48.819	57.083
-5.2022	3.3599	-13.448	7.0106	4.4775	0.34862	-0.31802	4.1172	0.78208	-1.4546	0.20885	0.070724	0.22783	-0.98896	-23.34	-315.26	311.47	194.27	215.26	75.371	71.197	-2.3051	-0.92052	-12.84	-29.994	22.728	-35.95	-65.985
-4.3286	5.3003	-4.7715	9.3745	9.5629	0.71759	-2.4998	0.46275	-0.14189	-3.3762	1.0681	1.0348	-0.043312	0.48671	34.944	77.616	347.07	94.556	203.42	14.759	-87.272	-146.18	-36.959	-76.863	34.371	38.565	-10.846	59.027
-3.7793	5.1412	-3.8455	7.7093	10.673	-0.50582	-2.1886	0.63116	-0.26339	-4.1161	-0.66294	0.79453	-1.283	1.296	21.972	-6.3635	37.039	-66.607	44.409	-48.936	12.447	6.7363	-4.8601	-29.595	-69.243	-9.6125	-49.587	32.372
-3.6384	5.717	-3.5101	7.6503	9.6108	-1.1396	-1.3108	0.045399	1.2591	-5.4248	0.40192	0.5041	-1.8275	1.3155	5.6362	23.033	13.415	-2.3599	-42.493	-25.351	35.116	-23.431	60.901	-52.349	42.595	-11.617	-21.78	0.77786
-3.7916	4.111	-4.7505	8.2741	11.378	-1.4844	-1.2606	1.6825	1.2085	-5.7265	0.12261	0.72353	-1.8437	0.96225	-6.1278	-64.242	-49.615	24.952	70.706	-13.791	2.007	65.484	-2.0248	-12.067	-11.173	8.777	-0.6469	-14.128
-4.1047	-1.5563	-5.0587	10.32	11.051	-1.224	0.057436	2.5347	0.90606	-4.6556	-0.1384	-0.22188	-1.5942	0.31238	-12.524	-226.69	-12.326	81.826	-13.084	10.413	52.721	34.087	-12.099	42.834	-10.44	-37.816	9.9802	-25.995
-4.6755	-6.4032	-5.8328	8.9775	11.076	-0.36969	1.6996	2.846	2.2033	-5.0033	-0.55698	-1.6337	-0.091524	1.9083	-22.831	-193.88	-30.965	-53.689	1.001	34.173	65.688	12.454	51.891	-13.905	-16.744	-56.473	60.105	63.838
-5.3614	-4.676	-9.746	9.1665	8.6295	-0.97325	0.19367	2.5212	3.7027	-3.4524	1.1612	-0.56403	-0.58995	2.1147	-27.438	69.089	-156.53	7.5575	-97.876	-24.142	-60.239	-12.992	59.976	62.033	68.729	42.788	-19.937	8.254
-5.766	-4.6256	-11.804	4.5855	7.0344	-2.0843	0.06574	3.7933	5.8518	-1.4372	4.4677	0.93293	0.83732	0.99691	-16.183	2.0122	-82.319	-183.24	-63.805	-44.441	-5.1173	50.884	85.964	80.61	132.26	59.878	57.091	-44.711
-5.9168	0.2827	-11.67	3.9836	3.1966	-2.6849	-1.7971	3.382	4.9735	-2.9042	5.1689	0.82898	0.45324	2.7115	-6.0311	196.33	5.342	-24.076	-153.51	-24.024	-74.514	-16.453	-35.132	-58.681	28.051	-4.158	-15.363	68.583
-5.7249	3.4686	-13.553	3.4011	3.5823	-0.66986	0.42209	1.5532	4.7681	-3.919	2.2076	0.068587	1.0587	1.9945	7.6754	127.44	-75.317	-23.299	15.428	80.6	88.768	-73.151	-8.2176	-40.592	-118.45	-30.416	24.218	-28.679
-5.3578	7.9013	-12.141	1.8272	3.2787	-1.464	-0.7872	3.3266	4.7168	-2.7703	3.5321	0.18866	-0.34465	0.61148	14.684	177.31	56.504	-62.955	-12.144	-31.765	-48.372	70.937	-2.0525	45.95	52.982	4.803	-56.134	-55.322
-4.9894	11.299	-10.823	3.3054	2.0747	-0.77854	-0.79047	3.6382	7.1237	-3.8294	2.3281	1.9877	1.2113	1.0638	14.733	135.92	52.719	59.127	-48.159	27.418	-0.13055	12.464	96.279	-42.364	-48.162	71.962	62.237	18.094
-4.5895	15.459	-8.3159	2.7058	2.1774	-1.6107	-0.59243	3.1938	7.9749	-1.5415	2.7744	1.5193	0.62839	0.18535	15.996	166.38	100.28	-23.983	4.1065	-33.288	7.9214	-17.779	34.045	91.514	17.852	-18.737	-23.316	-35.139
-4.058	17.409	-7.475	5.7424	5.9406	-1.6255	-0.83166	2.2855	4.8722	-2.7184	1.5996	0.13784	0.17801	-0.0026742	21.262	78.031	33.638	121.46	150.53	-0.59185	-9.5691	-36.329	-124.1	-47.073	-46.991	-55.258	-18.015	-7.521
-3.4342	22.815	-4.1623	2.2641	5.0723	-0.96083	-1.0784	1.0808	5.9237	-3.2404	1.19	-0.29605	1.0317	0.57783	24.952	216.24	132.51	-139.13	-34.731	26.588	-9.8688	-48.191	42.058	-20.882	-16.385	-17.356	34.147	23.22
-2.616	29.383	-1.2914	1.3696	2.9714	-4.5932	-1.716	-0.88037	6.4303	-2.3611	2.5671	0.83864	-0.19877	0.43908	32.729	262.69	114.84	-35.78	-84.038	-145.29	-25.505	-78.445	20.264	35.174	55.087	45.388	-49.218	-5.5499
-2.0296	36.346	1.0003	-3.3322	0.32829	-4.054	-2.4951	-1.5038	6.2947	-1.4216	2.1247	0.60303	-0.32329	0.99504	23.455	278.51	91.667	-188.07	-105.72	21.569	-31.165	-24.937	-5.4246	37.578	-17.699	-9.4244	-4.9809	22.239
-1.7266	37.078	2.0704	-5.5983	-0.38376	-4.1033	-2.7479	-2.7458	6.1515	-1.9091	1.9466	0.84316	-1.198	0.69429	12.121	29.28	42.805	-90.643	-28.482	-1.9751	-10.11	-49.682	-5.7276	-19.5	-7.1233	9.605	-34.987	-12.03
-1.6677	39.242	0.90685	-5.6261	0.25093	-4.2579	-3.0472	-3.3487	5.8558	-1.6575	1.4406	0.54254	-1.322	1.0804	2.3551	86.573	-46.543	-1.1142	25.387	-6.1821	-11.975	-24.114	-11.826	10.063	-20.241	-12.025	-4.9599	15.445
-1.6405	33.572	4.0342	-3.8479	0.65842	-3.5359	-4.0023	-2.9457	5.6247	-1.4765	1.194	0.60214	-1.3192	1.3571	1.09	-226.8	125.09	71.128	16.3	28.882	-38.203	16.118	-9.2454	7.2412	-9.8624	2.3838	0.10998	11.067
-1.6529	38.499	3.883	-6.2008	1.8822	-3.1662	-5.4544	-3.4217	3.8924	-1.186	1.9062	-0.19301	0.075191	1.0974	-0.49868	197.08	-6.0485	-94.115	48.951	14.788	-58.081	-19.037	-69.289	11.619	28.489	-31.806	55.776	-10.388
-1.6835	35.55	2.5405	-4.0225	3.2806	-2.3679	-4.5991	-2.8103	1.718	-1.0696	0.90599	0.10705	0.26136	1.0891	-1.2233	-117.97	-53.698	87.13	55.938	31.93	34.21	24.455	-86.977	4.655	-40.01	12.002	7.4467	-0.33172
-2.3748	25.36	2.6982	0.029903	4.1602	-1.2195	-4.3414	-1.284	-0.21584	-0.48726	0.89545	-0.097118	-0.31702	0.27144	-27.651	-407.57	6.3086	162.1	35.184	45.935	10.308	61.051	-77.354	23.295	-0.42171	-8.1668	-23.135	-32.707
-4.1092	-2.6378	0.77598	2.9836	5.4063	0.22615	-1.5855	0.048407	0.093038	-0.37376	-0.70978	-0.36369	-0.99015	0.283	-69.375	-1119.9	-76.89	118.15	49.843	57.827	110.24	53.297	12.355	4.5401	-64.209	-10.663	-26.925	0.4624
-7.1153	-52.62	-0.080657	15.186	5.3798	7.4872	-1.601	3.0142	0.88443	0.51215	1.0469	0.69016	-0.057218	1.4717	-120.25	-1999.3	-34.265	488.09	-1.0621	290.44	-0.61989	118.63	31.656	35.436	70.266	42.154	37.317	47.548
-7.2449	-61.217	0.77833	14.067	5.4052	7.1616	1.6471	3.4826	0.9886	-0.79698	1.9056	0.65163	1.2528	-0.16191	-5.1845	-343.88	34.359	-44.769	1.0185	-13.027	129.93	18.74	4.1669	-52.365	34.348	-1.5413	52.402	-65.344
-7.6717	-60.98	-4.7533	15.778	4.5766	6.8892	1.5772	3.6001	1.3078	1.6946	1.6684	-0.56077	1.4604	1.2169	-17.069	9.4967	-221.26	68.466	-33.146	-10.896	-2.799	4.7001	12.77	99.662	-9.4863	-48.496	8.3011	55.151
-8.4966	-68.784	-3.4035	10.681	2.897	6.8257	4.7643	3.5288	0.85521	0.60842	3.2239	0.96266	0.65125	0.12813	-32.998	-312.17	53.992	-203.91	-67.185	-2.5399	127.49	-2.8552	-18.106	-43.447	62.218	60.937	-32.365	-43.549
-9.888	-74.743	-6.6555	8.3267	1.2268	4.954	4.2098	4.4848	1.9918	0.70981	4.1736	0.79877	1.3495	0.57927	-55.658	-238.35	-130.08	-94.163	-66.805	-74.867	-22.182	38.24	45.464	4.0559	37.991	-6.5555	27.929	18.046
-6.2833	-40.676	-14.343	-0.1723	-0.44609	-1.8867	0.7058	3.4206	-1.8787	-0.70869	2.4409	-2.3708	0.88122	-0.28729	144.19	1362.7	-307.52	-339.96	-66.917	-273.63	-140.16	-42.566	-154.82	-56.74	-69.31	-126.78	-18.73	-34.662
-5.3067	10.242	-16.961	-1.0613	-0.9372	-2.9867	-0.61227	2.7489	-2.4233	-1.0807	2.5321	-2.6832	1.8058	-0.83146	39.062	2036.7	-104.69	-35.56	-19.644	-44	-52.723	-26.867	-21.783	-14.88	3.6467	-12.494	36.982	-21.767
-4.444	10.079	-22.319	3.2889	-0.35987	-3.1654	-2.8525	2.2493	-2.8151	-2.0316	2.7664	-2.6008	0.89028	-1.5968	34.509	-6.5377	-214.34	174.01	23.093	-7.1476	-89.61	-19.988	-15.672	-38.037	9.3758	3.2941	-36.62	-30.612
-4.1287	21.679	-19.885	2.5559	-1.7948	-4.3441	-3.705	2.911	-1.4882	0.41012	3.2869	-0.64009	1.8759	-0.70485	12.611	464	97.354	-29.323	-57.395	-47.147	-34.099	26.469	53.075	97.669	20.819	78.429	39.425	35.676
-4.2669	19.018	-21.56	1.8987	-1.2011	-0.36674	-3.7485	3.4063	0.023161	-1.1405	2.5502	-0.42716	0.9545	-0.2532	-5.5299	-106.42	-66.98	-26.287	23.748	159.09	-1.7405	19.814	60.453	-62.024	-29.471	8.5174	-36.856	18.066
-4.4206	10.569	-12.607	4.1681	3.0902	2.7778	-2.9192	2.9621	1.1624	0.63638	0.88095	-1.6257	0.28318	0.57779	-6.1463	-337.95	358.1	90.777	171.65	125.78	33.172	-17.769	45.569	71.074	-66.768	-47.942	-26.853	33.24
-3.573	18.663	1.2658	4.2444	3.0127	3.6169	-2.0591	-1.5376	0.60842	-0.73581	-0.9513	-1.9622	0.81547	0.60651	33.905	323.74	554.93	3.0504	-3.1004	33.562	34.404	-179.99	-22.159	-54.888	-73.29	-13.459	21.292	1.1486
-2.7764	17.234	6.1941	-1.5768	3.2878	3.3951	-1.6631	-3.3151	0.063634	0.96904	-3.3495	-0.1057	0.10022	0.39945	31.864	-57.144	197.13	-232.85	11.002	-8.8709	15.842	-71.1	-21.791	68.194	-95.927	74.259	-28.61	-8.2823
-2.5716	20.926	6.5757	-4.0314	3.8951	3.0404	-1.4734	-4.8375	-0.80131	1.441	-3.3704	0.03591	-0.52248	0.9693	8.1883	147.66	15.263	-98.183	24.293	-14.186	7.5869	-60.898	-34.598	18.879	-0.83733	5.6644	-24.908	22.794
-2.3437	23.248	6.4639	-6.2215	4.9809	2.7672	-1.6571	-4.3066	-2.1371	1.3316	-2.4325	-1.2219	0.20565	1.1266	9.1169	92.908	-4.4726	-87.602	43.431	-10.93	-7.3502	21.238	-53.432	-4.3783	37.518	-50.314	29.125	6.2922
-2.6354	20.063	7.3247	-6.997	5.6535	4.0345	-3.0451	-3.1744	-2.5256	0.39006	-1.1472	-2.3683	0.43036	1.173	-11.669	-127.43	34.43	-31.02	26.903	50.694	-55.517	45.286	-15.539	-37.66	51.41	-45.854	8.9883	1.8541
-3.3105	8.8432	8.3734	-8.5125	5.8948	6.4062	-4.0388	-2.5713	-1.8159	-1.0041	-0.5718	-2.4485	0.04148	1.286	-27.003	-448.77	41.948	-60.62	9.6533	94.867	-39.75	24.127	28.388	-55.765	23.018	-3.209	-15.555	4.5203
-5.672	-31.582	6.142	-5.3801	3.7365	12.021	-2.4874	-1.4827	1.7267	-0.62993	0.082738	-0.18617	0.085841	-0.52398	-94.458	-1617	-89.254	125.29	-86.334	224.58	62.058	43.542	141.7	14.965	26.181	90.494	1.7744	-72.398
-8.2743	-52.55	1.0757	4.8047	5.4759	11.232	-1.5066	-1.1793	1.7945	-1.0473	0.83741	0.075118	-0.55027	-0.16415	-104.09	-838.75	-202.65	407.39	69.579	-31.533	39.229	12.135	2.7133	-16.693	30.187	10.452	-25.444	14.393
-8.8626	-54.238	1.6419	6.0235	4.614	9.4331	-0.51127	-0.29044	2.0286	-1.0245	1.2623	-0.36399	-1.3008	-1.0974	-23.534	-67.505	22.647	48.752	-34.479	-71.973	39.815	35.556	9.3626	0.90927	16.996	-17.564	-30.019	-37.332
-9.1272	-60.369	-1.6698	7.6402	4.3252	8.2064	0.11856	1.8545	1.5716	-0.72339	0.95124	-0.47997	-0.49521	-1.3238	-10.584	-245.24	-132.47	64.669	-11.549	-49.07	25.193	85.799	-18.279	12.046	-12.443	-4.6395	32.222	-9.0555
-9.9097	-67.85	-2.8299	7.4167	1.3171	7.7355	0.55264	2.44	2.0154	-0.74895	3.3756	-0.75741	-0.66736	-0.80819	-31.3	-299.23	-46.405	-8.9376	-120.32	-18.835	17.364	23.418	17.75	-1.0223	96.973	-11.098	-6.8862	20.626
-10.531	-71.136	-4.7422	7.8222	1.6664	6.4408	3.5587	5.4746	1.6526	-0.94937	2.8429	0.65792	-0.18643	-1.4882	-24.85	-131.44	-76.491	16.219	13.969	-51.788	120.24	121.38	-14.51	-8.017	-21.306	56.613	19.237	-27.2
-4.5102	-0.9863	-5.2504	-12.45	-0.23679	0.87867	-2.6815	4.8087	3.1046	0.39654	2.9385	-1.372	-0.72958	0.92119	240.83	2806	-20.328	-810.89	-76.126	-222.49	-249.61	-26.636	58.078	53.836	3.8231	-81.196	-21.726	96.375
-3.3961	28.411	-4.1797	-7.6373	0.66112	0.82463	-3.2758	3.1952	1.5865	0.4275	3.0141	-0.69385	-0.96632	2.127	44.562	1175.9	42.828	192.51	35.917	-2.1614	-23.771	-64.536	-60.724	1.2384	3.0237	27.125	-9.4697	48.233
-1.9635	26.423	10.728	-7.2395	-0.3169	2.1619	-2.7134	-1.9447	-2.7334	0.39043	2.036	-0.067968	-0.86373	0.89069	57.303	-79.517	596.3	15.911	-39.121	53.49	22.496	-205.6	-172.8	-1.4826	-39.123	25.035	4.1035	-49.453
-1.7508	26.174	14.935	-10.568	-1.296	1.0196	-2.7951	-2.2144	-2.7552	0.93615	1.2752	1.2465	-1.374	0.56902	8.511	-9.9702	168.28	-133.13	-39.165	-45.692	-3.2701	-10.789	-0.86943	21.829	-30.431	52.578	-20.41	-12.867
-1.7705	25.291	13.756	-8.7451	-4.0624	0.14826	-0.47219	-1.0725	-2.4783	1.7737	0.25254	1.5017	-1.2843	-0.86188	-0.78793	-35.338	-47.153	72.909	-110.65	-34.853	92.918	45.677	11.075	33.503	-40.908	10.208	3.5867	-57.236
-1.6333	23.562	13.907	-6.787	-6.8243	-0.9688	1.2753	-0.79008	-2.5207	2.4183	-0.084647	1.2712	0.24673	-2.1807	5.4881	-69.148	6.0387	78.323	-110.48	-44.682	69.9	11.295	-1.6946	25.782	-13.487	-9.2195	61.242	-52.751
-1.463	23.342	14.475	-7.5028	-7.6019	-1.9715	1.7067	-0.46135	-2.1127	2.8871	-0.23178	0.84401	0.66294	-2.158	6.8111	-8.7839	22.7	-28.634	-31.106	-40.107	17.255	13.149	16.319	18.754	-5.8854	-17.087	16.649	0.90818
-1.575	22.42	14.993	-8.6829	-7.1038	-3.3224	2.1163	0.25222	-2.1667	3.0576	-0.3181	-0.19598	1.1825	-2.1635	-4.4822	-36.895	20.748	-47.202	19.926	-54.037	16.384	28.543	-2.1606	6.8179	-3.4529	-41.599	20.784	-0.22331
-1.6857	20.797	15.425	-8.9976	-7.2105	-3.909	3.3626	-0.69263	-1.6866	3.2209	-0.18378	-0.20753	0.22857	-1.1828	-4.4284	-64.926	17.285	-12.59	-4.2681	-23.462	49.851	-37.794	19.203	6.5325	5.3729	-0.46235	-38.159	39.23
-1.6112	19.404	16.304	-9.6486	-7.352	-3.4324	3.4404	-0.33324	-2.3034	4.0063	-0.48411	0.11015	-0.31767	-0.89114	2.9828	-55.73	35.142	-26.04	-5.6615	19.062	3.1128	14.376	-24.671	31.417	-12.013	12.707	-21.85	11.665
-1.5903	19.695	16.22	-10.287	-7.2095	-3.4243	3.9354	-0.33989	-2.9642	4.4984	-0.52357	0.44124	-0.48946	-0.42067	0.833	11.663	-3.3646	-25.523	5.6989	0.32349	19.801	-0.26618	-26.433	19.684	-1.5786	13.244	-6.8716	18.819
-1.5028	20.364	16.863	-9.7895	-9.8903	-1.6507	4.5559	-0.75295	-4.2055	5.1554	-0.20963	0.74704	-0.027939	-0.55175	3.5018	26.774	25.717	19.89	-107.23	70.946	24.821	-16.522	-49.649	26.28	12.558	12.232	18.461	-5.243
-1.5724	19.716	17.463	-9.7731	-8.9223	-1.8428	4.9563	-1.1726	-4.8805	5.4703	0.66412	0.34464	0.19519	0.18226	-2.7839	-25.927	23.989	0.6546	38.722	-7.6844	16.015	-16.788	-27.002	12.597	34.95	-16.096	8.925	29.36
-1.9305	15.301	17.611	-8.8749	-7.7828	-1.2927	5.6397	-1.665	-5.2367	5.9533	0.13578	0.7354	1.0366	-0.83899	-14.325	-176.61	5.9409	35.928	45.58	22.003	27.335	-19.695	-14.246	19.32	-21.134	15.63	33.656	-40.85
-2.784	14.26	8.2361	0.78434	-10.745	1.5655	6.5467	-4.1679	-1.7631	2.8737	1.7682	-0.6852	1.9689	-1.3897	-34.138	-41.627	-375	386.37	-118.5	114.33	36.282	-100.12	138.94	-123.19	65.296	-56.824	37.292	-22.028
-4.3693	3.775	0.2704	8.877	-11.692	4.2301	4.7349	-3.7138	-0.78009	0.7331	1.9787	-1.4051	1.6234	-1.7777	-63.411	-419.42	-318.63	323.71	-37.877	106.58	-72.473	18.164	39.32	-85.623	8.4217	-28.795	-13.821	-15.519
-6.481	-27.278	-7.7204	10.356	-6.9735	3.0499	5.114	-2.8639	-2.4523	-1.2148	2.5458	-1.6539	1.3615	-0.92678	-84.468	-1242.1	-319.63	59.17	188.74	-47.205	15.164	33.995	-66.887	-77.915	22.686	-9.9514	-10.472	34.036
-9.5473	-52.869	-20.848	8.0812	-5.322	6.9677	8.5466	-3.1203	-1.5042	1.6097	4.0719	-0.50856	1.212	-1.4971	-122.65	-1023.6	-525.1	-91.005	66.061	156.71	137.3	-10.252	37.924	112.98	61.042	45.812	-5.9836	-22.815
-12.017	-75.026	-18.038	2.9611	-2.8896	5.5658	2.1331	0.38239	0.18664	2.3384	3.8709	-1.4623	-0.30922	-0.76854	-98.805	-886.29	112.4	-204.8	97.297	-56.075	-256.54	140.11	67.632	29.149	-8.041	-38.15	-60.847	29.144
-12.066	-69.961	-18.21	0.33316	-1.5244	3.232	4.4891	-1.2377	-1.067	3.6138	1.6569	-2.7399	1.7786	0.29007	-1.9528	202.6	-6.885	-105.12	54.608	-93.351	94.239	-64.804	-50.146	51.016	-88.56	-51.102	83.514	42.344
-12.14	-71.157	-17.475	-0.20226	-0.86187	3.5215	4.219	-1.2605	-0.54252	3.1501	0.64153	-3.7967	0.95059	-1.2094	-2.9461	-47.837	29.388	-21.417	26.5	11.579	-10.803	-0.91044	20.98	-18.549	-40.614	-42.272	-33.122	-59.979
-12.266	-82.45	-14.6	1.3117	-3.8047	3.6225	2.4345	2.2052	0.5193	-0.85819	2.6169	-0.42375	0.0028521	-0.5267	-5.0489	-451.71	115.02	60.558	-117.71	4.0398	-71.38	138.63	42.473	-160.33	79.014	134.92	-37.909	27.308
-3.7926	17.509	-9.1815	-14.277	-2.4781	2.195	-0.99244	3.7009	-3.8752	0.94096	0.78079	-0.79645	0.7979	2.0538	338.94	3998.4	216.73	-623.53	53.064	-57.097	-137.08	59.828	-175.78	71.966	-73.443	-14.908	31.802	103.22
-3.4935	26.41	-10.328	-10.774	-3.3792	2.4239	-2.1559	1.8331	-2.5014	1.7862	-0.13464	-2.4707	0.66428	0.69544	11.968	356.02	-45.857	140.12	-36.044	9.1547	-46.538	-74.709	54.95	33.808	-36.618	-66.97	-5.3448	-54.336
-3.323	19.916	-19.664	1.3888	-0.55441	-2.9201	0.82669	-2.8547	-2.302	2.1246	-0.86393	-1.4007	1.6769	-0.11663	6.8197	-259.78	-373.43	486.5	112.99	-213.76	119.3	-187.51	7.9758	13.537	-29.171	42.798	40.505	-32.483
-3.0309	19.247	-26.852	0.39596	-0.25319	-1.5852	2.0242	-1.5579	-1.1868	2.8073	-0.60636	-1.9303	1.6649	0.80438	11.684	-26.733	-287.52	-39.713	12.049	53.394	47.899	51.871	44.608	27.31	10.303	-21.184	-0.47904	36.84
-2.8969	24.3	-23.476	5.1212	-1.8041	-2.2743	3.1737	-0.93173	0.87216	3.3498	-0.080275	-2.045	1.117	0.28428	5.3589	202.1	135.03	189.01	-62.038	-27.563	45.982	25.048	82.36	21.699	21.043	-4.5845	-21.915	-20.804
-3.0941	18.711	-26.089	4.741	-2.0401	-0.98098	2.3082	-1.4827	-0.35432	3.9358	0.2984	-0.81751	-0.14976	-1.3718	-7.8883	-223.55	-104.51	-15.209	-9.4378	51.733	-34.62	-22.037	-49.059	23.439	15.147	49.098	-50.672	-66.242
-3.3743	20.295	-24.642	5.5043	-3.4127	-1.4025	1.4128	-1.4156	-0.18175	1.1108	1.6556	-0.28141	1.0006	-0.18572	-11.206	63.354	57.886	30.534	-54.904	-16.861	-35.818	2.683	6.9029	-113	54.287	21.444	46.015	47.442
-3.3562	15.258	-26.205	4.7532	-4.7793	-1.3378	2.0649	-2.9783	1.0193	2.1827	1.2993	0.25563	0.99241	1.1133	0.72122	-201.46	-62.535	-30.044	-54.666	2.5897	26.085	-62.51	48.044	42.878	-14.251	21.482	-0.32827	51.959
-3.4154	16.308	-24.885	3.9546	-6.3329	-2.1561	4.0913	-0.97246	2.2589	1.8064	0.3468	0.45417	1.1198	1.827	-2.3674	41.971	52.797	-31.946	-62.141	-32.731	81.057	80.235	49.581	-15.054	-38.1	7.9418	5.0962	28.55
-3.5169	16.673	-24.549	4.5941	-5.7347	-0.24175	4.0993	-0.32586	2.4611	0.5054	0.28837	0.79194	1.0238	0.66488	-4.0595	14.624	13.433	25.579	23.927	76.572	0.32116	25.864	8.0884	-52.039	-2.3371	13.51	-3.8404	-46.485
-3.5974	14.401	-24.497	3.9031	-6.6121	-0.39706	2.6409	-3.5552	1.6807	0.87083	0.045847	-0.12433	-0.5917	0.25536	-3.2195	-90.903	2.1067	-27.636	-35.098	-6.2124	-58.337	-129.17	-31.215	14.617	-9.7011	-36.651	-64.62	-16.381
-3.6891	14.351	-24.938	4.802	-5.7806	-1.9861	2.4953	-0.45338	1.5707	-0.13615	1.0422	-1.628	-2.1241	-0.68946	-3.667	-1.9865	-17.639	35.953	33.261	-63.561	-5.8226	124.07	-4.3991	-40.279	39.853	-60.148	-61.297	-37.793
-3.9052	12.603	-24.547	3.4155	-2.3955	-1.9985	2.8031	-0.55527	1.2866	0.86083	-0.79148	-0.029572	1.362	1.2106	-8.6439	-69.924	15.614	-55.46	135.41	-0.49844	12.309	-4.0757	-11.365	39.879	-73.346	63.938	139.44	76.002
-4.2902	12.578	-22.089	3.1877	-3.6889	-2.4417	0.23767	-3.73	0.41872	2.1935	-0.35608	-0.68283	1.0396	0.22038	-15.4	-0.98719	98.343	-9.1087	-51.739	-17.726	-102.62	-126.99	-34.716	53.305	17.416	-26.13	-12.895	-39.608
-4.8601	2.8723	-21.198	4.3785	-2.9451	-2.4879	-0.95331	-3.6497	0.88617	3.0834	-0.44111	-0.93469	0.1837	0.74714	-22.799	-388.24	35.638	47.631	29.755	-1.848	-47.639	3.2114	18.698	35.596	-3.4014	-10.074	-34.237	21.071
-3.8964	10.981	-5.7482	7.311	2.4109	1.1334	0.95819	-2.5612	-0.7107	0.19451	-0.72966	-1.0852	-1.1523	0.46355	38.549	324.34	617.98	117.3	214.24	144.85	76.46	43.539	-63.875	-115.55	-11.542	-6.0224	-53.439	-11.343
-2.844	19.888	1.733	0.15971	6.2586	-0.57591	-1.6825	-2.555	-2.2715	0.88454	-1.195	0.88904	-0.9916	2.9975	42.097	356.29	299.25	-286.05	153.91	-68.372	-105.63	0.24815	-62.432	27.601	-18.616	78.972	6.4274	101.36
-2.1476	19.108	2.4109	-1.3574	8.2425	-1.705	-2.507	-1.8596	-3.8861	0.67954	-2.6904	2.0898	-0.49987	2.9568	27.856	-31.219	27.116	-60.686	79.356	-45.164	-32.982	27.817	-64.583	-8.1997	-59.815	48.031	19.669	-1.6285
-1.8493	20.187	2.3952	-1.6542	8.7591	-1.0793	-3.0007	-1.979	-3.8669	-0.1777	-3.6208	0.92399	0.17981	2.3752	11.931	43.168	-0.63018	-11.87	20.666	25.027	-19.749	-4.7737	0.76729	-34.29	-37.216	-46.633	27.187	-23.264
-1.7452	20.605	2.575	-2.7308	9.6182	-0.18813	-3.5209	-1.6725	-3.068	-1.0224	-4.3696	0.35662	-0.11933	1.9974	4.1631	16.741	7.1948	-43.064	34.365	35.648	-20.806	12.258	31.956	-33.788	-29.952	-22.695	-11.966	-15.112
-1.7515	21.232	2.6396	-3.3423	10.235	0.58468	-4.6391	-0.067669	-2.7286	-1.3355	-5.0455	0.45341	-0.75664	0.86656	-0.25333	25.053	2.5812	-24.461	24.668	30.912	-44.728	64.194	13.577	-12.525	-27.035	3.8715	-25.493	-45.233
-1.8152	22.79	2.5964	-4.4784	11.476	1.3433	-4.8376	0.24716	-2.3162	-0.45795	-5.9464	0.23538	-1.5039	0.43761	-2.5483	62.311	-1.7274	-45.444	49.629	30.345	-7.9392	12.593	16.493	35.103	-36.035	-8.7211	-29.89	-17.158
-1.8785	23.198	2.3826	-4.1485	11.676	1.5615	-4.0916	-0.3321	-2.0358	-0.22251	-5.7496	0.075477	-2.2774	-0.51692	-2.5285	16.342	-8.5518	13.199	8.0318	8.7269	29.839	-23.17	11.216	9.4176	7.8719	-6.3962	-30.942	-38.181
-2.0294	22.098	2.3168	-4.1496	11.161	2.3653	-3.739	-0.68813	-1.9241	0.24929	-5.4673	-0.85945	-2.3044	-1.0911	-6.0391	-44.009	-2.633	-0.043197	-20.622	32.151	14.104	-14.241	4.4689	18.872	11.291	-37.397	-1.0781	-22.966
-2.3063	17.184	2.7175	-3.6254	11.004	3.1435	-3.0808	-1.1699	-1.6575	0.18885	-4.5219	-1.3178	-2.6254	-1.1351	-11.073	-196.55	16.031	20.965	-6.2725	31.132	26.329	-19.271	10.666	-2.4175	37.815	-18.333	-12.84	-1.7628
-2.6519	11.802	3.8865	-3.2914	10.365	3.3839	-2.2052	-0.6704	-1.9343	-0.45545	-3.1177	-2.0506	-2.435	-1.5	-13.826	-215.29	46.759	13.362	-25.57	9.6146	35.022	19.98	-11.073	-25.772	56.17	-29.311	7.6158	-14.594
-2.9937	6.7127	5.2671	-4.0244	11.276	3.2763	-1.6879	-0.68463	-1.5372	-1.5428	-2.4946	-2.2276	-3.0292	-1.0914	-13.673	-203.57	55.225	-29.32	36.459	-4.3064	20.691	-0.56935	15.882	-43.495	24.925	-7.0798	-23.768	16.345
-3.5171	-1.8331	6.587	-4.6245	11.803	4.929	-2.6819	-0.83507	-0.014814	-3.1075	-1.0514	-2.4232	-3.7992	-0.13961	-20.937	-341.83	52.795	-24.004	21.073	66.112	-39.759	-6.0175	60.897	-62.586	57.727	-7.8263	-30.802	38.071
-4.7781	-17.796	5.1348	-2.675	8.4856	7.6206	-3.3739	-0.63015	2.2322	-4.5176	0.86166	-2.1797	-3.5375	0.65544	-50.437	-638.51	-58.086	77.978	-132.7	107.66	-27.68	8.1968	89.882	-56.405	76.521	9.7416	10.47	31.802
-7.7473	-50.522	1.983	0.87081	3.0624	9.8812	-1.683	0.63378	3.0099	-1.8757	1.4906	-0.014339	0.46889	0.66787	-118.77	-1309	-126.07	141.83	-216.93	90.424	67.635	50.557	31.108	105.67	25.158	86.614	160.26	0.49717
-9.9682	-67.99	-5.5118	6.5719	2.0999	6.6907	1.1199	4.1619	3.2414	-0.41702	3.5258	0.51416	-0.40682	0.78013	-88.834	-698.75	-299.79	228.04	-38.502	-127.62	112.12	141.12	9.2596	58.348	81.407	21.14	-35.028	4.4904
-7.723	-44.046	-11.846	3.0965	2.1246	0.15144	-0.82052	3.3723	1.0315	-0.090927	3.6868	-2.4611	1.6035	-0.20866	89.808	957.79	-253.35	-139.02	0.98774	-261.57	-77.615	-31.584	-88.397	13.044	6.4423	-119.01	80.412	-39.552
-6.5295	0.16152	-11.069	0.52089	4.3126	-2.2662	-1.9895	1.2281	-0.47759	0.4297	1.1498	-3.8547	2.855	-1.361	47.74	1768.3	31.083	-103.03	87.521	-96.706	-46.758	-85.767	-60.363	20.825	-101.48	-55.742	50.059	-46.094
-6.5343	-16.233	-11.07	-0.3945	6.0565	-2.1579	-2.1143	-0.57284	-1.3222	0.13716	0.35296	-4.0578	3.8654	-0.73426	-0.19072	-655.77	-0.059568	-36.616	69.756	4.3321	-4.9942	-72.039	-33.785	-11.701	-31.872	-8.1239	40.419	25.07
-10.44	-66.656	-11.92	3.2315	2.8574	3.5503	-2.1011	-1.0081	-1.0223	-0.91105	0.70302	-1.4533	2.4317	0.5814	-156.23	-2016.9	-34.003	145.04	-127.96	228.33	0.53027	-17.411	11.996	-41.929	14.002	104.18	-57.348	52.626
-11.93	-79.463	-15.114	1.0276	-0.49619	4.4568	0.49441	1.8452	-0.75017	-0.52683	2.0734	-0.73341	0.51098	0.16993	-59.582	-512.26	-127.77	-88.155	-134.15	36.258	103.82	114.13	10.886	15.369	54.817	28.796	-76.83	-16.459
-5.7619	-0.58599	-6.8148	-1.5324	7.4008	-3.291	-3.7279	-1.4671	2.5315	-1.076	-2.3946	3.4327	-1.8675	1.328	246.7	3155.1	331.98	-102.4	315.88	-309.91	-168.89	-132.49	131.27	-21.966	-178.72	166.64	-95.138	46.323
-5.455	-1.518	-6.462	-0.85154	8.3639	-3.7516	-3.9952	-1.7216	3.791	-1.4727	-1.9689	4.7439	-1.3104	1.6193	12.277	-37.282	14.111	27.236	38.522	-18.421	-10.691	-10.18	50.382	-15.867	17.029	52.45	22.283	11.653
-5.5243	3.3758	-3.372	-0.34131	7.6274	-4.1606	-3.6886	1.8393	1.44	-0.58919	-2.4445	5.1221	-1.378	0.37593	-2.7719	195.75	123.6	20.409	-29.46	-16.361	12.262	142.43	-94.041	35.339	-19.027	15.126	-2.7059	-49.736
-5.2527	1.044	-2.0896	0.68649	5.4389	-4.6468	-3.353	1.802	2.373	-1.0494	-2.2382	5.6372	-2.2087	-0.13982	10.866	-93.273	51.293	41.112	-87.541	-19.448	13.424	-1.4927	37.32	-18.406	8.2509	20.605	-33.227	-20.63
-5.6431	1.0518	-4.2439	3.2096	3.3286	-2.7497	-1.4817	2.2934	1.9141	-0.33232	-2.0857	5.8322	-2.762	0.7085	-15.62	0.31374	-86.172	100.92	-84.409	75.885	74.854	19.657	-18.358	28.681	6.103	7.7983	-22.132	33.933
-5.9675	-9.4251	1.9522	2.1519	-0.75425	3.2353	0.63972	-0.75355	2.3545	0.54091	-0.65691	2.5472	-1.5378	1.8007	-12.972	-419.08	247.85	-42.306	-163.31	239.4	84.855	-121.88	17.617	34.929	57.151	-131.4	48.967	43.689
-5.9586	-15.814	7.0662	-0.26973	-0.78026	6.0681	-1.6084	0.67242	1.9694	-0.53219	1.9071	0.19149	0.24717	1.2655	0.35329	-255.55	204.56	-96.866	-1.0406	113.31	-89.925	57.039	-15.401	-42.924	102.56	-94.229	71.4	-21.408
-5.9154	-17.039	8.3759	-1.2767	-0.0036338	5.9403	-2.2771	1.5146	1.7109	0.059823	1.1635	0.65541	-0.14402	1.3746	1.7289	-49.019	52.386	-40.281	31.065	-5.1125	-26.749	33.688	-10.343	23.681	-29.741	18.557	-15.648	4.363
-5.9471	-16.922	7.5712	-0.31177	-0.56964	6.3328	-2.8941	1.3531	2.0179	-0.35096	1.2041	1.0118	-0.31783	1.3555	-1.2671	4.6768	-32.186	38.599	-22.64	15.7	-24.677	-6.4593	12.279	-16.431	1.6212	14.255	-6.9523	-0.76196
-5.9821	-15.68	5.8892	0.98319	-1.0529	6.2905	-3.1736	1.6911	1.4325	-0.51838	0.45678	1.3638	-0.10665	1.3907	-1.4007	49.699	-67.284	51.799	-19.33	-1.6914	-11.183	13.519	-23.415	-6.6967	-29.891	14.082	8.4474	1.4047
-6.1438	-16.077	5.489	1.6282	-1.5903	6.5467	-3.7157	2.2234	0.83901	-1.2096	-0.3766	1.9595	-0.31115	1.4362	-6.4678	-15.887	-16.007	25.801	-21.498	10.248	-21.684	21.293	-23.738	-27.647	-33.336	23.827	-8.18	1.8216
-6.2303	-21.079	5.2051	4.1128	-2.3762	7.8234	-4.1565	2.4881	0.21957	-2.2066	-0.75227	1.7589	0.089321	0.83887	-3.4592	-200.08	-11.356	99.384	-31.436	51.067	-17.632	10.587	-24.778	-39.883	-15.027	-8.0237	16.019	-23.893
-6.6761	-25.628	5.7159	4.9992	-3.1266	8.847	-4.4627	3.1082	0.355	-2.6135	-0.83342	0.89625	0.99069	-0.33929	-17.833	-181.96	20.431	35.454	-30.016	40.945	-12.245	24.805	5.4174	-16.275	-3.246	-34.506	36.055	-47.126
-7.004	-35.218	4.9326	7.4738	-2.3076	7.702	-2.9918	2.6555	1.9161	-1.4722	-1.8288	-0.10184	1.2678	0.1205	-13.115	-383.6	-31.329	98.984	32.762	-45.803	58.836	-18.107	62.446	45.652	-39.814	-39.923	11.086	18.392
-6.4559	-34.988	2.6735	5.9253	-5.3407	7.3567	0.61431	2.083	0.42513	-0.32466	0.76865	0.12611	0.48484	-0.32159	21.925	9.1885	-90.366	-61.94	-121.32	-13.813	144.24	-22.901	-59.64	45.902	103.9	9.1179	-31.32	-17.684
-4.87	1.444	2.7515	-6.5024	-7.1245	0.27318	2.1004	-3.4337	-2.7847	0.53271	1.4445	-0.62504	-2.7648	-1.1492	63.435	1457.3	3.1223	-497.11	-71.352	-283.34	59.443	-220.67	-128.39	34.295	27.032	-30.046	-129.98	-33.104
-4.5675	8.6643	4.6249	-4.2538	-7.1706	-0.98134	3.6942	-3.0939	-3.0291	-1.6735	1.5327	0.44271	-1.2888	-0.65276	12.099	288.81	74.934	89.945	-1.8465	-50.181	63.753	13.594	-9.7772	-88.249	3.5279	42.71	59.038	19.857
-4.5643	3.5038	3.7048	-3.305	-5.9733	0.44916	5.5543	0.098372	-1.4043	-1.0777	2.514	1.4321	-0.31447	-1.3767	0.12906	-206.42	-36.805	37.951	47.894	57.22	74.404	127.69	64.991	23.833	39.255	39.574	38.975	-28.959
-3.8901	0.11629	12.713	-0.70624	-1.9432	0.66885	5.9316	-3.3554	-0.74898	-1.2457	-1.4115	1.8232	-0.46692	-0.49254	26.969	-135.5	360.32	103.95	161.2	8.7873	15.091	-138.15	26.214	-6.7191	-157.02	15.647	-6.0979	35.368
-3.2641	2.6707	15.185	-0.13001	-3.0923	-0.53312	7.7949	-5.389	-1.7766	0.29783	-3.1208	1.7036	-0.3001	0.1831	25.038	102.17	98.901	23.05	-45.964	-48.079	74.531	-81.344	-41.105	61.74	-68.372	-4.7844	6.6725	27.026
-2.844	2.6285	17.556	0.083682	-5.6715	-1.3115	9.3929	-5.3731	-2.029	-0.5384	-2.35	0.91254	-0.14617	0.81118	16.803	-1.6871	94.828	8.5475	-103.17	-31.137	63.919	0.63778	-10.097	-33.449	30.831	-31.644	6.1573	25.123
-2.5497	6.4268	17.355	-1.8043	-5.9567	0.039222	9.2146	-6.2325	-2.9596	0.47644	-2.176	0.69641	-0.57914	0.93924	11.775	151.93	-8.033	-75.518	-11.41	54.03	-7.1315	-34.376	-37.221	40.594	6.96	-8.6451	-17.319	5.1223
-2.3747	10.532	16.558	-4.0027	-4.6434	-0.09423	8.686	-7.0602	-3.624	0.74913	-1.7136	0.95575	-1.1513	0.80445	6.9985	164.22	-31.87	-87.939	52.533	-5.3381	-21.143	-33.11	-26.579	10.907	18.495	10.373	-22.886	-5.3915
-2.1028	14.554	14.959	-4.2615	-5.0101	0.28403	8.5686	-7.8327	-4.3973	1.6571	-1.5043	0.60261	-1.2329	0.80427	10.876	160.89	-63.961	-10.353	-14.669	15.131	-4.6968	-30.9	-30.929	36.319	8.372	-14.126	-3.2632	-0.0070925
-1.9721	21.183	11.613	-5.7975	-3.504	1.0322	8.09	-8.4146	-4.5923	2.3186	-1.7939	0.40986	-1.2343	0.65242	5.2263	265.16	-133.84	-61.439	60.244	29.928	-19.144	-23.274	-7.802	26.459	-11.584	-7.7098	-0.056619	-6.0743
-1.989	23.168	9.2401	-6.1001	-1.4356	1.857	6.2178	-9.1186	-4.1957	3.859	-2.4682	-0.25544	-1.1962	0.9507	-0.67431	79.375	-94.935	-12.103	82.737	32.991	-74.885	-28.16	15.865	61.617	-26.973	-26.612	1.5234	11.931
-1.9638	26.114	6.685	-7.8543	2.6804	1.8559	4.405	-9.5245	-2.4382	4.5336	-3.75	-0.73483	-0.38681	0.59571	1.0099	117.84	-102.2	-70.167	164.64	-0.04373	-72.513	-16.238	70.299	26.983	-51.268	-19.176	32.376	-14.2
-1.9897	26.888	4.6259	-7.0143	5.3172	1.7404	1.5795	-8.1403	-0.35377	4.2081	-5.0599	-0.29554	0.3664	-0.64194	-1.0376	30.955	-82.365	33.597	105.47	-4.62	-113.02	55.367	83.378	-13.021	-52.399	17.572	30.129	-49.506
-2.2793	23.928	3.5281	-5.3217	7.7215	1.3266	-1.3972	-5.3171	1.103	2.1261	-5.4831	1.031	0.16764	-1.9697	-11.584	-118.38	-43.911	67.706	96.173	-16.554	-119.07	112.93	58.269	-83.277	-16.928	53.061	-7.9505	-53.112
-2.7072	20.656	2.2032	-3.4003	10.334	-0.56108	-2.5207	-1.8595	0.97976	0.47095	-5.0347	2.1443	-0.80477	-1.5362	-17.118	-130.88	-52.997	76.857	104.5	-75.505	-44.94	138.3	-4.9281	-66.208	17.937	44.532	-38.896	17.341
-3.1029	16.464	-0.86525	9.1661e-05	12.077	-1.2301	-2.6609	0.26324	0.83728	-1.1632	-4.3709	2.5507	-1.2252	-0.85633	-15.827	-167.67	-122.74	136.01	69.73	-26.762	-5.6058	84.91	-5.699	-65.364	26.551	16.255	-16.815	27.196
-3.5624	7.881	-1.8051	2.4813	13.239	-1.3386	-1.6517	1.0396	1.527	-2.856	-2.7336	2.469	-2.0492	0.42503	-18.38	-343.33	-37.594	99.25	46.479	-4.3385	40.366	31.056	27.587	-67.715	65.493	-3.2653	-32.963	51.254
-4.132	6.7465	-4.9983	5.2387	11.035	0.17383	-0.18095	0.81012	0.9472	-3.9347	0.042344	1.39	-2.4797	0.74436	-22.784	-45.378	-127.73	110.29	-88.179	60.496	58.83	-9.1809	-23.19	-43.146	111.04	-43.161	-17.22	12.773
-4.6226	10.368	-11.209	6.2232	5.8794	3.1624	1.5003	-0.80761	0.25122	-1.2909	-0.821	-0.13524	0.04291	-0.13009	-19.622	144.84	-248.44	39.38	-206.22	119.54	67.249	-64.709	-27.839	105.75	-34.534	-61.01	100.91	-34.978
-4.5462	13.883	-20.411	1.322	2.1353	2.093	1.9424	-0.60516	1.6136	0.19945	-0.68915	-0.12142	1.2406	0.76693	3.0558	140.61	-368.08	-196.05	-149.76	-42.78	17.683	8.0979	54.496	59.613	5.274	0.55282	47.909	35.881
-3.9989	13.74	-24.561	2.6475	-1.3962	1.3947	1.1241	-0.31407	3.6215	-1.2343	0.44736	0.8643	1.5556	-0.28085	21.889	-5.7151	-165.98	53.021	-141.26	-27.929	-32.73	11.644	80.315	-57.349	45.46	39.429	12.599	-41.911
-3.6322	10.242	-28.249	5.2409	-2.7318	0.78024	0.83916	-1.909	4.2902	-0.46847	-0.22498	-0.45126	1.1467	-0.51116	14.671	-139.92	-147.51	103.74	-53.425	-24.58	-11.397	-63.797	26.75	30.632	-26.894	-52.622	-16.358	-9.2121
-3.4465	12.975	-26.8	7.5153	-2.897	1.2402	1.6959	-1.2231	1.4337	-2.0556	0.93365	-0.40747	1.8464	0.74037	7.4251	109.31	57.941	90.974	-6.6075	18.398	34.269	27.437	-114.26	-63.484	46.345	1.7516	27.988	50.061
-3.3458	14.031	-27.963	6.2228	-4.815	0.14461	-0.17345	-1.9078	1.4773	-1.8107	1.0225	-0.80591	3.2452	0.61358	4.0315	42.261	-46.509	-51.7	-76.72	-43.823	-74.773	-27.389	1.7464	9.7933	3.5526	-15.938	55.954	-5.0718
-3.352	15.292	-25.199	7.0918	-5.4495	-0.87119	-1.7422	-3.0782	2.504	-0.86407	-0.57848	-2.8267	1.9405	0.26508	-0.25044	50.427	110.54	34.763	-25.38	-40.632	-62.749	-46.816	41.066	37.867	-64.038	-80.832	-52.189	-13.94
-3.5887	14.198	-25.63	4.463	-5.7176	2.2792	0.11969	-1.1103	4.5205	-0.74174	1.2806	-1.5196	2.3761	0.64996	-9.4686	-43.743	-17.234	-105.15	-10.724	126.01	74.475	78.715	80.659	4.8932	74.364	52.284	17.423	15.395
-3.63	16.97	-24.647	5.0093	-6.3422	1.6767	0.6198	-1.8299	1.6735	-2.3807	1.8519	-0.62819	0.92178	-1.18	-1.6514	110.86	39.333	21.851	-24.986	-24.099	20.004	-28.786	-113.88	-65.558	22.85	35.658	-58.171	-73.197
-3.9116	14.823	-23.694	3.6574	-4.8926	-0.24444	-0.78644	-1.5789	3.5164	-0.26486	1.684	0.91868	1.8855	-0.56512	-11.265	-85.884	38.103	-54.074	57.984	-76.845	-56.25	10.042	73.714	84.633	-6.7131	61.875	38.55	24.594
-4.7924	11.038	-19.492	4.4235	-5.1755	0.82547	-0.06105	-0.080097	3.5092	-0.38022	0.416	-1.2983	0.42492	-0.020271	-35.229	-151.39	168.08	30.643	-11.315	42.797	29.016	59.952	-0.28779	-4.6144	-50.722	-88.68	-58.424	21.794
-5.5782	1.3127	-17.425	4.5888	-1.9629	0.44656	0.20131	-0.021121	4.5002	-0.20137	0.010495	-1.5101	0.35647	0.67569	-31.432	-389.01	82.666	6.6121	128.5	-15.156	10.494	2.359	39.641	7.1541	-16.22	-8.4699	-2.7381	27.838
-4.1441	6.5266	-5.298	9.6853	5.075	0.45127	-0.41211	-1.3597	2.5919	-3.0144	-0.94832	0.12621	-0.66273	0.47332	57.362	208.55	485.1	203.86	281.52	0.1885	-24.537	-53.542	-76.333	-112.52	-38.352	65.451	-40.768	-8.0948
-3.215	15.595	-0.17784	2.6058	8.2681	-2.5789	-1.2888	-2.683	2.2982	-3.1108	-2.166	1.4534	-1.5076	1.5721	37.166	362.74	204.81	-283.18	127.72	-121.21	-35.067	-52.934	-11.747	-3.8579	-48.706	53.087	-33.794	43.952
-2.8421	12.805	-0.16682	1.5979	9.3525	-1.7982	-2.768	-1.7642	0.53427	-2.8379	-3.6493	2.0358	-2.1235	0.5566	14.914	-111.6	0.44064	-40.317	43.377	31.227	-59.17	36.754	-70.559	10.917	-59.335	23.297	-24.636	-40.621
-2.9249	9.0536	-0.27306	2.7741	9.742	-1.6655	-2.5468	-0.76583	0.2115	-2.5769	-4.7315	2.7223	-2.5198	0.48326	-3.3102	-150.05	-4.2496	47.05	15.581	5.3117	8.8479	39.934	-12.91	10.438	-43.288	27.46	-15.851	-2.9335
-3.1834	4.7554	1.4484	1.987	9.6238	-1.1369	-1.6033	-1.444	-0.079718	-1.1591	-5.0712	2.268	-2.1093	1.4155	-10.341	-171.93	68.858	-31.484	-4.7298	21.142	37.743	-27.128	-11.649	56.712	-13.586	-18.172	16.42	37.291
-3.4311	1.6273	3.3487	1.8312	6.9218	0.89657	-0.020163	-2.4051	-1.381	0.38615	-4.1757	1.0998	-2.447	1.8894	-9.908	-125.12	76.011	-6.2335	-108.08	81.339	63.324	-38.441	-52.051	61.811	35.82	-46.728	-13.509	18.955
-3.6665	-4.8094	6.2763	2.4459	4.8944	1.2385	2.5679	-2.8649	-3.4184	0.77994	-2.5759	1.079	-3.3868	1.5479	-9.4169	-257.47	117.11	24.591	-81.093	13.677	103.52	-18.393	-81.495	15.752	63.993	-0.83494	-37.593	-13.658
-3.8912	-11.98	9.3822	4.3766	2.054	-0.20702	3.7846	-0.093466	-4.0344	-1.8824	-1.5355	2.227	-3.1613	-0.41226	-8.9864	-286.84	124.24	77.229	-113.62	-57.82	48.669	110.86	-24.641	-106.49	41.614	45.921	9.018	-78.408
-4.2093	-22.267	12.68	7.2339	-0.57539	-1.5754	2.404	3.0691	-1.4778	-4.4656	-2.8884	0.18926	-0.76861	-0.45987	-12.725	-411.49	131.9	114.29	-105.18	-54.737	-55.225	126.5	102.26	-103.33	-54.115	-81.509	95.71	-1.9044
-4.6995	-33.022	13.176	11.648	-2.1468	-2.9594	0.41105	4.3828	-0.40513	-3.0393	-3.3552	-1.4199	-1.2237	0.44694	-19.605	-430.17	19.845	176.57	-62.857	-55.358	-79.719	52.548	42.908	57.056	-18.672	-64.368	-18.203	36.272
-5.3119	-35.284	13.151	11.649	-3.4798	-2.9354	-2.4255	3.6267	0.72321	-0.15568	-1.7029	-2.136	-1.8427	0.97591	-24.495	-90.499	-0.97462	0.047841	-53.319	0.95936	-113.46	-30.244	45.134	115.34	66.09	-28.643	-24.76	21.159
-5.5166	-35.171	13.28	11.158	-2.4973	-3.5516	-1.1174	2.8444	-1.0236	0.10126	-1.1439	-0.94326	-0.052405	-0.75829	-8.1906	4.511	5.1518	-19.669	39.298	-24.648	52.325	-31.295	-69.871	10.277	22.361	47.71	71.611	-69.368
-5.0303	-33.242	14.302	11.444	-1.8721	-3.9835	-3.2913	2.2849	0.65354	0.47646	-0.31106	-2.5761	-0.74354	-1.0883	19.452	77.168	40.891	11.435	25.008	-17.277	-86.958	-22.377	67.084	15.008	33.314	-65.315	-27.645	-13.201
-4.1476	-25.264	16.263	10.581	-3.1966	-5.0163	-3.2823	2.5111	0.73532	-0.58451	0.033005	-1.9064	-1.4737	-0.97006	35.309	319.11	78.411	-34.512	-52.979	-41.312	0.36178	9.0462	3.2711	-42.439	13.763	26.789	-29.207	4.7301
-3.2486	-12.642	15.363	8.1345	-2.0507	-6.4065	-4.0003	2.8101	0.23015	-0.22331	-1.0226	-0.58046	-0.41955	-1.8997	35.962	504.88	-35.991	-97.846	45.839	-55.606	-28.721	11.96	-20.207	14.448	-42.223	53.038	42.167	-37.186
-2.5432	-2.1981	15.277	6.4634	-2.6961	-7.8184	-5.0258	4.1163	-0.3954	0.82504	-1.5073	-0.47541	0.19979	-2.157	28.216	417.77	-3.4253	-66.846	-25.817	-56.476	-41.022	52.247	-25.022	41.934	-19.391	4.2018	24.774	-10.291
-1.8641	3.2543	15.486	4.4949	-3.5059	-7.8466	-5.3233	3.6439	-0.10864	1.5103	-1.2208	-1.1249	1.6491	-2.4089	27.162	218.1	8.3522	-78.742	-32.393	-1.1302	-11.9	-18.896	11.47	27.412	11.461	-25.978	57.973	-10.075
-1.2479	10.362	15.546	2.2321	-5.6923	-7.8773	-4.507	3.8977	-0.010403	1.3432	-1.4253	-1.3945	3.2755	-2.5435	24.65	284.32	2.3903	-90.512	-87.457	-1.2276	32.653	10.152	3.9293	-6.6871	-8.1815	-10.787	65.054	-5.3845
-0.97211	14.389	16.467	0.28666	-6.9185	-8.2273	-2.8577	4.1415	-0.16911	1.8681	-2.0911	-0.83001	3.9185	-2.2338	11.031	161.08	36.823	-77.816	-49.045	-13.999	65.974	9.7541	-6.3483	20.998	-26.63	22.581	25.722	12.385
-1.0119	17.588	15.659	-1.7405	-8.53	-6.7199	-1.9973	3.1455	-0.32926	2.47	-1.988	-1.8821	4.5262	-1.8058	-1.5903	127.93	-32.285	-81.087	-64.461	60.295	34.415	-39.841	-6.4061	24.077	4.1239	-42.084	24.308	17.122
-1.0758	19.929	15.094	-2.6358	-10.2	-5.4778	-0.34179	2.0586	-0.71092	2.9635	-2.1812	-2.0836	4.475	-1.6542	-2.5587	93.636	-22.616	-35.813	-66.791	49.687	66.22	-43.477	-15.266	19.74	-7.7287	-8.0612	-2.0493	6.0629
-1.0879	20.91	15.442	-4.0452	-11.405	-3.781	1.128	1.6326	-2.4567	3.9296	-1.7442	-1.5441	3.4741	-1.3675	-0.48156	39.247	13.929	-56.376	-48.198	67.868	58.79	-17.04	-69.831	38.642	17.479	21.582	-40.035	11.467
-1.0633	20.623	15.461	-4.7248	-12.038	-2.6766	2.1888	1.3039	-4.4759	4.5884	-1.0108	-1.2364	3.0227	-2.0883	0.98217	-11.488	0.74625	-27.183	-25.336	44.177	42.434	-13.149	-80.768	26.353	29.34	12.307	-18.058	-28.83
-1.0254	21.795	16.479	-6.4534	-12.808	-1.6797	3.3061	0.69794	-5.9261	5.1169	-0.90817	-0.038476	1.4943	-1.225	1.5163	46.906	40.718	-69.144	-30.796	39.878	44.692	-24.237	-58.009	21.141	4.1034	47.918	-61.134	34.531
-1.1029	22.827	16.85	-8.369	-10.764	-1.9191	4.9395	-0.95511	-6.0382	5.4481	-0.86635	0.98542	0.30467	-0.51766	-3.1013	41.265	14.841	-76.625	81.778	-9.5765	65.336	-66.122	-4.4825	13.248	1.6726	40.956	-47.587	28.293
-1.459	21.963	15.274	-6.7186	-8.7604	-2.3724	6.1888	-3.3536	-4.497	4.7812	0.39288	-0.23684	0.91027	-0.22546	-14.243	-34.547	-63.042	66.018	80.128	-18.135	49.972	-95.938	61.645	-26.675	50.369	-48.89	24.224	11.688
-2.1199	22.796	10.56	-3.2857	-7.5032	-0.01852	4.5515	-4.2177	-2.3925	3.7737	1.4889	-0.93125	1.5342	-0.17363	-26.437	33.291	-188.55	137.32	50.288	94.157	-65.494	-34.564	84.183	-40.303	43.842	-27.776	24.959	2.0731
-3.0155	12.223	9.876	-0.87017	-3.5426	1.0761	2.8301	-3.697	-1.1469	2.8324	2.204	-0.76723	0.89859	0.128	-35.821	-422.89	-27.359	96.621	158.42	43.784	-68.856	20.826	49.821	-37.651	28.601	6.5606	-25.426	12.065
-4.3672	4.7922	3.9083	-0.40432	2.198	3.3322	-0.51836	-1.2178	1.6001	0.49371	-0.73885	0.17486	2.223	0.49953	-54.071	-297.25	-238.71	18.634	229.62	90.245	-133.94	99.17	109.88	-93.547	-117.71	37.683	52.977	14.861
-4.7088	10.431	-9.1412	-1.8771	3.4867	3.184	-0.87829	2.9324	1.3449	-1.3726	1.8245	-0.23315	1.3455	0.046482	-13.661	225.57	-521.98	-58.91	51.55	-5.9275	-14.397	166	-10.207	-74.651	102.53	-16.32	-35.102	-18.122
-3.9505	18.815	-19.656	-2.3734	4.3262	1.4392	-1.6588	3.3691	1.8322	-1.9291	1.1224	-0.69823	0.46862	-0.63531	30.329	335.35	-420.6	-19.851	33.578	-69.794	-31.221	17.472	19.493	-22.261	-28.085	-18.603	-35.074	-27.272
-3.3322	20.584	-22.392	-0.71859	3.9621	-2.2024	-3.764	4.5287	0.057872	-2.1388	1.5646	-0.37736	-0.4304	0.11604	24.735	70.738	-109.43	66.191	-14.564	-145.66	-84.208	46.384	-70.975	-8.3894	17.687	12.835	-35.961	30.054
-3.2403	17.429	-24.061	-0.7716	4.2147	-2.686	-5.0801	2.9631	0.92378	-0.83981	2.4437	1.2371	0.4248	0.52662	3.6722	-126.21	-66.768	-2.1204	10.107	-19.345	-52.645	-62.625	34.636	51.961	35.163	64.577	34.208	16.423
-3.2004	17.765	-25.041	-2.3207	4.4283	-1.3498	-5.1414	3.795	1.2868	0.61708	1.8731	0.46395	-0.24499	0.23551	1.5987	13.443	-39.21	-61.964	8.5446	53.448	-2.4509	33.274	14.52	58.276	-22.824	-30.924	-26.792	-11.644
-3.1207	15.294	-25.204	-1.8741	4.2891	0.54011	-5.6007	3.8676	1.4242	-2.8714	1.1033	0.85691	-0.10698	-0.24854	3.1881	-98.816	-6.5163	17.864	-5.5678	75.598	-18.373	2.9047	5.4957	-139.54	-30.791	15.718	5.5203	-19.362
-3.1574	21.785	-22.693	-6.0449	2.0692	2.0209	-5.2063	3.6481	2.5133	-1.0017	-0.56241	-0.06453	0.13924	-0.23763	-1.4673	259.61	100.46	-166.83	-88.798	59.23	15.775	-8.7775	43.566	74.789	-66.628	-36.858	9.8491	0.43611
-3.4917	24.82	-17.973	-6.8462	-0.23146	0.91674	-4.6506	1.4639	0.95035	0.0070544	-0.84848	-0.98744	1.5092	0.082426	-13.372	121.42	188.79	-32.053	-92.027	-44.165	22.229	-87.37	-62.518	40.349	-11.443	-36.916	54.8	12.802
-4.2995	16.481	-14.246	-7.7298	-2.7367	3.8328	-1.9326	-0.98691	-1.0972	0.52809	1.7482	-1.2292	-0.15275	-0.56282	-32.315	-333.57	149.08	-35.342	-100.21	116.64	108.72	-98.032	-81.902	20.842	103.87	-9.6686	-66.479	-25.81
-5.2868	7.2623	-11.551	-7.0351	-2.3796	3.9805	0.5641	0.31263	-1.3094	0.18032	3.364	0.4259	-0.75331	-3.1223	-39.49	-368.74	107.82	27.788	14.284	5.9095	99.869	51.982	-8.489	-13.911	64.634	66.202	-24.023	-102.38
-6.1147	-1.1132	-11.123	-7.724	-3.7205	2.2899	1.8032	2.9243	-0.51944	0.022473	1.1467	0.20492	0.88765	-1.3433	-33.118	-335.02	17.121	-27.558	-53.635	-67.622	49.563	104.47	31.6	-6.3138	-88.693	-8.8391	65.639	71.16
-7.0866	-11.355	-10.137	-6.529	-5.5129	1.8441	1.7441	3.1243	-0.15723	-0.50678	2.3283	1.2304	0.33798	-0.75377	-38.873	-409.65	39.418	47.803	-71.697	-17.835	-2.365	7.9996	14.489	-21.17	47.266	41.02	-21.987	23.581
-8.0989	-26.2	-6.9333	-4.6649	-6.3818	1.9033	1.7671	1.7872	0.39665	-1.1171	2.404	0.66368	0.28195	0.24882	-40.494	-593.83	128.16	74.564	-34.756	2.3689	0.92354	-53.484	22.155	-24.413	3.0257	-22.669	-2.2412	40.104
-9.0315	-44.817	-1.6685	-0.78141	-7.818	-0.15392	0.85024	3.3851	2.6837	0.44407	1.5014	-0.45025	0.51274	-0.0066715	-37.304	-744.66	210.59	155.34	-57.448	-82.288	-36.676	63.914	91.483	62.447	-36.105	-44.557	9.2314	-10.22
-3.6159	-16.249	16.69	4.6029	-2.0096	-7.0389	-2.6098	1.8688	-0.36626	1.4277	-1.4363	-0.59386	0.61524	-1.8166	216.62	1142.7	734.36	215.37	232.34	-275.4	-138.4	-60.651	-122	39.347	-117.51	-5.7444	4.1001	-72.396
-3.0259	-4.9106	18.244	4.265	-2.4104	-8.3828	-4.3452	1.5322	-0.7866	1.3413	-1.5071	-0.97161	0.77323	-3.0738	23.603	453.54	62.161	-13.515	-16.029	-53.758	-69.415	-13.464	-16.814	-3.4594	-2.8308	-15.11	6.3195	-50.288
-2.1994	7.7579	14.994	1.2224	-2.5314	-8.8459	-4.7374	1.4755	-1.2744	2.6141	-2.3782	-0.53226	1.3017	-2.6294	33.059	506.74	-130.01	-121.7	-4.842	-18.521	-15.689	-2.2661	-19.51	50.915	-34.843	17.574	21.139	17.775
-2.1749	-0.65315	17.064	2.8877	-4.5027	-9.5955	-3.9957	1.8547	-0.44842	2.0987	-2.7214	-0.42983	2.3679	-3.3118	0.97903	-336.44	82.808	66.611	-78.851	-29.985	29.671	15.168	33.037	-20.616	-13.728	4.0972	42.649	-27.298
-2.358	-0.33872	18.64	0.28745	-5.3832	-8.4999	-4.3187	2.9292	0.40615	1.8613	-2.329	-0.87448	2.5889	-2.2504	-7.3222	12.577	63.034	-104.01	-35.221	43.823	-12.92	42.98	34.183	-9.4961	15.695	-17.786	8.8384	42.456
-1.9193	10.577	15.51	-1.7597	-5.667	-8.1623	-1.9492	1.9692	0.0098812	2.1563	-2.2681	-0.37682	3.0701	-1.6977	17.546	436.62	-125.23	-81.884	-11.353	13.502	94.779	-38.399	-15.851	11.8	2.4354	19.906	19.248	22.11
-1.8674	16.688	13.101	-3.2477	-6.5531	-9.0852	-1.2637	2.1142	0.62123	2.1534	-3.3919	-0.64046	3.6919	-2.1296	2.0767	244.47	-96.326	-59.522	-35.443	-36.913	27.418	5.7964	24.454	-0.11821	-44.951	-10.545	24.873	-17.278
-2.2576	7.973	18.208	-5.4087	-7.3377	-6.1023	-0.86968	2.1547	0.0034286	1.7741	-2.9131	-0.18972	3.6884	-1.283	-15.608	-348.62	204.27	-86.44	-31.386	119.32	15.762	1.6199	-24.712	-15.17	19.152	18.029	-0.13906	33.864
-2.2015	6.4988	19.177	-6.1163	-9.0427	-3.5703	-0.046138	1.9066	-0.53492	0.74549	-0.74251	-0.13234	3.965	-1.9034	2.2447	-58.969	38.741	-28.306	-68.198	101.28	32.942	-9.922	-21.534	-41.145	86.823	2.2951	11.064	-24.814
-2.363	8.4767	17.171	-7.1806	-9.2346	-2.3296	0.84279	0.9307	-1.4992	1.4995	0.10791	-0.24014	2.8593	-2.1974	-6.4615	79.115	-80.233	-42.569	-7.6768	49.628	35.557	-39.036	-38.573	30.161	34.017	-4.3118	-44.231	-11.76
-2.7736	6.8491	18.086	-8.5137	-10.132	1.4002	-1.3208	0.51783	-2.1397	0.29499	2.514	-0.37266	2.0697	-2.0444	-16.422	-65.103	36.62	-53.324	-35.89	149.19	-86.545	-16.515	-25.618	-48.182	96.242	-5.3007	-31.584	6.1193
-2.8402	4.769	19.608	-8.7304	-8.54	3.2532	-4.0131	0.51094	-2.2752	0.32377	3.4853	-0.39329	0.92158	-1.5789	-2.6634	-83.204	60.88	-8.6677	63.675	74.122	-107.69	-0.27559	-5.4205	1.1514	38.853	-0.82521	-45.924	18.621
-3.5325	-2.4514	18.859	-9.0285	-7.2833	5.5319	-3.5464	-0.84677	-2.0713	0.61449	2.9468	0.401	0.5821	-1.095	-27.694	-288.82	-29.973	-11.927	50.265	91.148	18.667	-54.308	8.1561	11.629	-21.539	31.771	-13.579	19.353
-5.1145	-21.748	10.078	-4.6018	-4.9813	4.7864	-0.63982	-2.5977	-2.5574	-0.37795	2.2003	0.042336	1.0583	0.35955	-63.281	-771.86	-351.25	177.07	92.08	-29.822	116.26	-70.037	-19.443	-39.697	-29.862	-14.346	19.048	58.183
-5.4387	-8.9127	6.5989	-3.3133	-4.3956	6.6774	-1.6846	-3.2385	-0.88576	0.21508	0.1197	-1.6037	0.7005	1.8364	-12.966	513.41	-139.16	51.538	23.43	75.64	-41.793	-25.631	66.865	23.721	-83.223	-65.841	-14.312	59.075
-4.4661	-2.2645	14.572	-7.2336	-4.9779	5.5521	-1.1562	-2.7977	-2.6614	-0.038695	0.75487	-0.18822	0.34102	-0.31362	38.905	265.93	318.94	-156.81	-23.293	-45.01	21.138	17.631	-71.024	-10.151	25.407	56.619	-14.379	-86.001
-3.762	-3.8155	16.504	-6.5403	-6.1073	4.8454	-1.2563	-1.9857	-3.6519	0.44855	1.8466	-0.19329	0.67661	-0.63464	28.164	-62.039	77.247	27.734	-45.175	-28.271	-4.0047	32.481	-39.623	19.49	43.668	-0.20285	13.424	-12.841
-3.659	0.20403	17.972	-5.3253	-7.1589	1.4605	0.3032	-1.2436	-6.7184	1.9946	3.1253	-2.1158	1.5015	-0.28577	4.1181	160.78	58.752	48.599	-42.066	-135.39	62.38	29.683	-122.66	61.842	51.149	-76.901	32.995	13.955
-3.5562	-4.6578	18.962	-5.0411	-8.6125	1.8421	2.4347	-2.4527	-7.0918	2.4802	3.0561	-1.7737	1.5018	0.28324	4.1146	-194.47	39.597	11.369	-58.145	15.263	85.261	-48.365	-14.936	19.424	-2.7691	13.682	0.012197	22.76
-3.4923	-3.5094	18.969	-5.0986	-9.195	1.0057	4.4546	-3.1838	-6.4486	1.9508	2.5455	-1.2251	0.92946	0.29066	2.5558	45.935	0.28746	-2.3032	-23.297	-33.456	80.795	-29.242	25.727	-21.178	-20.424	21.944	-22.893	0.29684
-3.6523	-4.3946	18.055	-3.4627	-11.664	1.2315	4.9262	-2.5354	-6.1787	2.7622	1.9072	-0.62943	0.30589	0.17913	-6.4016	-35.409	-36.585	65.436	-98.781	9.0338	18.866	25.937	10.797	32.456	-25.533	23.829	-24.943	-4.461
-3.8426	-6.6239	20.059	-5.5602	-11.075	1.4779	4.9032	-2.0191	-5.9725	2.1772	2.0823	0.094971	0.07419	-0.44201	-7.6101	-89.17	80.167	-83.898	23.589	9.8535	-0.92328	20.65	8.248	-23.398	7.0063	28.976	-9.2678	-24.846
-3.5655	-7.5355	19.713	-5.2379	-11.594	1.9231	5.4574	-2.4905	-5.721	1.8322	2.6591	-0.31616	-0.16903	-0.2094	11.084	-36.466	-13.821	12.891	-20.767	17.808	22.17	-18.855	10.059	-13.802	23.07	-16.445	-9.7287	9.3043
-3.6514	-5.9024	19.403	-5.2317	-11.827	1.1984	5.5079	-1.6879	-5.8261	2.1026	2.6217	-1.0057	0.98459	-0.81428	-3.436	65.328	-12.436	0.24744	-9.3176	-28.987	2.0208	32.103	-4.2019	10.818	-1.4932	-27.583	46.145	-24.195
-3.5454	-3.0245	18.83	-6.2262	-11.668	-0.51313	6.31	-1.3056	-4.9644	1.882	2.2111	-0.64032	0.77017	-0.82865	4.2391	115.11	-22.902	-39.78	6.3594	-68.461	32.084	15.293	34.468	-8.8251	-16.427	14.616	-8.5768	-0.5749
-3.1769	0.58006	17.379	-6.8841	-10.58	-1.1707	5.3552	-0.90384	-4.1496	2.6551	1.3002	-0.5158	0.76915	-0.75478	14.738	144.18	-58.05	-26.316	43.517	-26.302	-38.192	16.071	32.593	30.924	-36.435	4.9808	-0.040619	2.9547
-3.3234	4.2501	15.964	-8.3501	-9.1755	-1.3049	4.2324	-0.11588	-3.162	3.2483	0.022609	-0.66422	1.0405	-0.63171	-5.8573	146.8	-56.578	-58.638	56.177	-5.3672	-44.913	31.518	39.504	23.728	-51.103	-5.9367	10.852	4.9229
-3.0172	6.7622	14.886	-8.9581	-7.6203	-1.6895	3.6854	0.37448	-0.93351	2.4287	-0.47944	-0.45643	1.044	0.21485	12.248	100.48	-43.145	-24.318	62.208	-15.387	-21.879	19.614	89.139	-32.784	-20.082	8.3118	0.1422	33.862
-2.9107	7.8995	13.854	-9.6611	-7.6879	-2.2381	2.3288	1.6479	0.38778	1.0581	-0.55576	-0.42643	1.2897	-0.37439	4.2578	45.492	-41.271	-28.122	-2.7041	-21.942	-54.265	50.937	52.851	-54.822	-3.0528	1.1999	9.8293	-23.57
-3.0638	8.9206	13.02	-9.3306	-5.9811	-4.0361	1.6327	2.6853	0.7224	0.26509	-1.0408	0.44545	0.69896	-1.0048	-6.1224	40.841	-33.367	13.22	68.275	-71.919	-27.843	41.494	13.385	-31.722	-19.4	34.875	-23.631	-25.215
-2.7765	7.1758	13.783	-9.4289	-5.8875	-4.6628	0.89525	4.7613	1.4982	-1.571	-0.28028	0.79376	0.048078	-0.78942	11.492	-69.792	30.548	-3.9316	3.7417	-25.068	-29.499	83.041	31.031	-73.444	30.419	13.932	-26.035	8.6136
-3.0213	8.6316	13.232	-9.2446	-5.1129	-5.438	0.46901	5.4594	0.76366	-1.3583	0.013257	0.71121	-0.54872	-0.54258	-9.7905	58.233	-22.047	7.3737	30.985	-31.01	-17.05	27.926	-29.381	8.5083	11.741	-3.302	-23.872	9.8738
-2.8393	7.0118	13.445	-8.731	-3.4277	-6.8791	0.64817	5.1272	1.3656	-1.6281	0.84406	-0.1289	-0.6723	0.28382	7.2769	-64.79	8.5275	20.542	67.409	-57.644	7.1664	-13.288	24.077	-10.792	33.232	-33.604	-4.9433	33.056
-3.0857	6.8411	12.874	-6.6434	-3.7716	-6.8136	0.65534	5.7972	1.6169	-2.353	1.6048	-0.2717	-0.69721	0.57678	-9.8532	-6.8277	-22.876	83.506	-13.756	2.619	0.2869	26.8	10.051	-28.995	30.429	-5.712	-0.99615	11.718
-3.0753	5.3131	12.477	-5.8297	-2.9387	-7.9841	0.56005	6.295	0.71962	-1.6625	1.3419	-0.088953	-1.2703	1.3645	0.41473	-61.121	-15.867	32.548	33.316	-46.818	-3.8118	19.911	-35.89	27.617	-10.516	7.3098	-22.924	31.508
-3.3279	2.6589	12.79	-3.9986	-2.855	-8.347	0.72027	6.7692	-0.030016	-1.3085	2.0973	-1.0394	-0.48048	1.3154	-10.106	-106.17	12.514	73.243	3.3467	-14.515	6.4087	18.967	-29.985	14.163	30.219	-38.02	31.593	-1.9621
-3.4302	2.5153	11.625	-1.6909	-3.3683	-8.8197	1.0133	6.7259	-0.27934	-1.3688	2.1528	-1.5139	-0.41083	1.9735	-4.0893	-5.7438	-46.581	92.31	-20.532	-18.91	11.72	-1.7309	-9.9731	-2.4129	2.2168	-18.979	2.786	26.325
-3.6193	0.40942	12.434	-1.2675	-2.4076	-9.8935	1.5816	7.1849	-1.0546	-1.4496	1.8187	-0.6016	-0.38111	2.3817	-7.5633	-84.235	32.351	16.934	38.429	-42.954	22.734	18.361	-31.008	-3.2337	-13.36	36.493	1.1887	16.325
-3.7523	-0.46038	11.929	0.20159	-2.9571	-9.435	2.8991	6.4486	-1.8372	-2.192	2.1872	0.38409	-0.10966	1.3741	-5.3199	-34.792	-20.192	58.763	-21.978	18.342	52.702	-29.453	-31.306	-29.696	14.738	39.428	10.858	-40.303
-4.1332	5.4753	5.6583	4.2531	-5.6847	-5.5995	4.3832	4.302	-4.2087	-1.6171	4.0848	-0.29734	0.54767	-1.3535	-15.236	237.43	-250.84	162.06	-109.1	153.42	59.364	-85.862	-94.861	22.998	75.904	-27.257	26.293	-109.1
-4.5735	-0.65031	7.3822	3.3247	-3.2477	-3.4	4.0846	2.0843	-3.908	-1.228	4.0379	0.09854	-0.0039123	-1.2193	-17.615	-245.02	68.956	-37.137	97.477	87.98	-11.945	-88.707	12.029	15.563	-1.8766	15.835	-22.063	5.3669
-4.7679	-6.6163	7.9446	1.8618	-0.39273	1.6678	0.85603	-1.0723	-1.6804	0.10121	4.1723	-1.6011	-1.2949	1.4119	-7.7746	-238.64	22.496	-58.516	114.2	202.71	-129.14	-126.27	89.102	53.169	5.378	-67.986	-51.64	105.25
-5.3568	-9.7306	3.5081	3.7571	2.5716	2.7999	-1.0955	-1.847	1.3589	-0.21044	2.7649	-1.9371	-0.81609	1.6701	-23.554	-124.57	-177.46	75.813	118.57	45.283	-78.062	-30.989	121.57	-12.466	-56.297	-13.44	19.152	10.33
-6.1511	-10.543	-5.4668	8.0452	3.0116	3.819	-1.0059	0.20886	3.8242	-3.045	1.5297	-0.54171	0.090979	-0.41046	-31.773	-32.493	-359	171.52	17.6	40.765	3.585	82.235	98.613	-113.38	-49.406	55.816	36.283	-83.223
-6.7098	-26.567	-1.2266	7.3928	4.0215	2.0469	0.39752	3.1005	3.0207	-3.4864	2.3254	0.98671	-2.2123	0.36626	-22.35	-640.96	169.61	-26.094	40.397	-70.885	56.136	115.67	-32.141	-17.656	31.826	61.137	-92.132	31.069
-7.197	-35.686	-0.35073	7.6421	5.608	-0.068859	0.23703	5.9023	1.8515	-2.4495	1.3798	2.0404	-3.9426	0.84264	-19.489	-364.75	35.036	9.971	63.459	-84.63	-6.4196	112.07	-46.769	41.479	-37.823	42.146	-69.211	19.055
-7.2977	-37.993	-2.5794	8.4435	8.5485	-2.0117	1.1829	6.1691	1.4075	-2.4445	0.47445	0.18039	-3.6386	1.9108	-4.027	-92.293	-89.146	32.055	117.62	-77.712	37.834	10.673	-17.76	0.19925	-36.214	-74.399	12.158	42.727
-6.5029	-34.032	-4.3601	9.447	11.187	-0.28664	1.1342	4.8885	0.59733	-3.3762	0.17777	-0.84763	-4.4664	1.3114	31.793	158.45	-71.23	40.14	105.54	69.001	-1.9487	-51.223	-32.406	-37.27	-11.867	-41.121	-33.111	-23.979
-5.6177	-23.184	-2.1917	8.0586	13.237	-1.3893	0.3048	4.011	0.31438	-4.273	-1.3016	0.24884	-2.8613	0.77735	35.408	433.91	86.737	-55.536	82.001	-44.108	-33.175	-35.1	-11.318	-35.869	-59.177	43.859	64.204	-21.36
-4.5697	-11.319	-1.8064	6.8475	13.351	-0.29526	-1.4593	2.9772	-0.84461	-3.7708	-1.8913	1.5502	-3.1999	0.16834	41.92	474.59	15.412	-48.442	4.5784	43.763	-70.566	-41.351	-46.359	20.087	-23.585	52.054	-13.546	-24.36
-3.9501	-2.5845	0.48127	4.2167	12.387	-0.61809	-2.521	2.2338	-0.29001	-3.6003	-2.8421	2.0462	-3.155	-0.074293	24.786	349.39	91.507	-105.24	-38.585	-12.913	-42.465	-29.739	22.184	6.8189	-38.033	19.838	1.7971	-9.7053
-3.6673	2.5549	1.6047	3.0736	10.923	-0.49677	-3.6983	1.6007	0.33225	-2.9447	-3.073	1.7651	-2.7463	0.2634	11.31	205.57	44.938	-45.723	-58.546	4.8529	-47.093	-25.323	24.89	26.225	-9.2348	-11.241	16.349	13.508
-3.6101	5.2804	2.0049	2.1654	10.009	-0.041339	-3.8023	0.74579	0.7623	-2.6216	-3.7713	2.4153	-2.7025	-0.028148	2.2896	109.02	16.007	-36.327	-36.566	18.217	-4.1615	-34.197	17.202	12.925	-27.933	26.008	1.753	-11.662
-3.6586	4.1622	1.9425	2.7278	10.093	-0.52549	-3.2169	-0.31569	1.5695	-2.537	-3.7847	2.5697	-2.4164	-0.4778	-1.9396	-44.728	-2.4958	22.496	3.3701	-19.366	23.417	-42.459	32.288	3.381	-0.53499	6.1761	11.444	-17.986
-3.7619	1.4839	2.8788	1.4185	11.102	0.23637	-4.0188	0.41012	0.80659	-1.9674	-4.3403	3.0813	-2.24	-0.63614	-4.1357	-107.13	37.452	-52.371	40.358	30.474	-32.076	29.032	-30.516	22.787	-22.224	20.463	7.0536	-6.3335
-3.9628	-0.12373	3.2788	1.1016	11.214	0.044804	-3.6192	0.14877	0.5402	-1.8174	-4.535	3.0337	-2.1267	-0.79613	-8.0359	-64.306	16	-12.679	4.4573	-7.6627	15.986	-10.454	-10.656	5.9996	-7.7881	-1.9035	4.5312	-6.3996
-4.0982	-1.6617	3.5574	0.51172	11.124	1.1712	-4.0955	-0.24595	1.5003	-1.7583	-4.4695	2.4942	-1.5751	-1.1239	-5.4132	-61.517	11.145	-23.594	-3.5955	45.054	-19.053	-15.789	38.405	2.3612	2.62	-21.58	22.067	-13.109
-4.2336	-0.96869	2.1991	1.1732	10.753	1.0146	-3.4423	-0.39203	1.7519	-1.8931	-4.2152	2.6486	-1.9076	-0.94315	-5.4166	27.719	-54.334	26.46	-14.833	-6.2616	26.129	-5.8433	10.063	-5.3893	10.173	6.1762	-13.301	7.228
-4.3459	-2.6048	2.7221	1.5217	9.6364	0.88589	-2.9474	-1.3573	2.7602	-2.2908	-4.239	2.5111	-1.7599	-1.3787	-4.4922	-65.444	20.921	13.941	-44.663	-5.1488	19.793	-38.609	40.331	-15.908	-0.95176	-5.5022	5.908	-17.42
-4.6611	-1.3022	4.0726	0.02951	9.6709	-0.60529	-1.6642	-1.901	2.7716	-2.8538	-4.0419	2.4205	-0.7092	-1.7192	-12.607	52.102	54.022	-59.69	1.3823	-59.647	51.33	-21.751	0.458	-22.521	7.8836	-3.6216	42.027	-13.621
-4.6197	0.67991	3.2685	-0.54829	9.8072	-0.47034	-2.0195	-2.8109	3.7982	-1.2266	-4.0597	1.977	-1.0238	-1.0632	1.6535	79.286	-32.165	-23.112	5.4506	5.3979	-14.214	-36.394	41.062	65.089	-0.71233	-17.741	-12.585	26.239
-4.4808	-1.044	3.5888	-0.61714	9.1022	0.12382	-1.6919	-4.427	3.5821	-1.0958	-3.8294	1.7489	-0.64124	-0.75783	5.5572	-68.957	12.812	-2.7543	-28.202	23.766	13.104	-64.645	-8.6442	5.2289	9.2117	-9.1256	15.303	12.215
-4.3407	5.0849	2.9056	-1.9138	8.6404	0.088232	-2.0029	-5.5781	3.7312	-0.3315	-4.2323	1.4918	0.17755	-0.61695	5.6053	245.16	-27.33	-51.868	-18.471	-1.4235	-12.438	-46.044	5.9665	30.573	-16.117	-10.282	32.752	5.6351
-4.4036	6.7077	3.6446	-3.3858	7.6555	0.4676	-0.24081	-7.6821	3.4252	1.0068	-3.7742	1.9622	0.53956	0.1663	-2.5178	64.909	29.562	-58.878	-39.396	15.175	70.482	-84.162	-12.241	53.531	18.324	18.814	14.48	31.33
-4.6312	-3.1551	6.9695	-2.2513	3.6488	2.2135	-0.18204	-7.9361	3.2773	1.5979	-4.3589	1.4648	0.51525	0.26653	-9.1043	-394.51	132.99	45.378	-160.27	69.834	2.351	-10.159	-5.9183	23.646	-23.385	-19.895	-0.97222	4.0092
-4.9443	-11.742	9.7321	-2.1689	-0.31664	2.7841	0.60177	-8.3021	2.0217	2.8925	-1.994	0.63698	0.92114	0.60049	-12.523	-343.48	110.5	3.2966	-158.62	22.825	31.352	-14.638	-50.223	51.781	94.595	-33.113	16.236	13.358
-4.6997	1.5492	7.8709	-6.5764	1.2871	1.2314	3.1599	-9.2984	1.2708	3.975	-2.7793	0.35356	-0.35634	1.5795	9.7838	531.65	-74.445	-176.3	64.15	-62.108	102.33	-39.853	-30.037	43.3	-31.413	-11.337	-51.099	39.158
-4.735	-7.1256	6.881	-4.6359	0.45294	2.2244	3.7623	-9.9412	0.69141	5.432	-2.6884	0.56226	0.03815	2.4217	-1.4102	-346.99	-39.596	77.623	-33.366	39.72	24.097	-25.711	-23.175	58.283	3.6371	8.3481	15.78	33.689
-5.2321	-6.7231	10.501	-2.457	-4.3458	0.54846	5.1725	-9.9687	-0.70221	4.6869	-0.67589	0.43208	-1.0413	2.2721	-19.887	16.1	144.8	87.155	-191.95	-67.038	56.405	-1.1038	-55.745	-29.807	80.5	-5.2071	-43.179	-5.9817
-5.3988	-21.222	10.59	1.1357	-4.4327	1.3639	2.9568	-9.284	-0.20862	3.3231	0.19697	0.89667	-0.29797	2.5594	-6.6673	-579.97	3.5553	143.71	-3.4769	32.617	-88.626	27.39	19.743	-54.552	34.914	18.584	29.734	11.491
-6.3252	-24.083	12.888	-1.2113	-7.7822	3.6252	4.8284	-5.9504	-1.8378	4.0563	2.2254	0.21091	-0.54438	0.8919	-37.055	-114.41	91.909	-93.878	-133.98	90.454	74.862	133.35	-65.167	29.327	81.135	-27.431	-9.8563	-66.7
-5.5625	-21.428	14.831	-1.7691	-9.3149	4.234	4.6625	-5.4566	-2.1723	2.9126	2.8371	0.65744	-1.626	1.7919	30.509	106.2	77.721	-22.312	-61.306	24.352	-6.6344	19.753	-13.382	-45.747	24.469	17.862	-43.263	35.999
-5.4338	-15.171	11.985	-4.0084	-9.9184	1.8501	5.0339	-5.5878	-2.7225	3.797	2.8403	1.0507	-1.6349	1.6235	5.1471	250.27	-113.83	-89.573	-24.144	-95.357	14.857	-5.2481	-22.007	35.376	0.12871	15.73	-0.35892	-6.7367
-5.8442	-15.391	11.614	-3.0495	-8.3417	1.7775	6.0766	-3.8271	-0.58466	3.7505	2.6672	-0.23001	-1.7452	1.5532	-16.417	-8.7875	-14.818	38.356	63.068	-2.9029	41.708	70.426	85.514	-1.861	-6.9228	-51.228	-4.4115	-2.8088
-6.6348	-30.323	7.6768	0.90138	-6.2971	3.1066	6.5576	-1.0117	1.3735	3.8007	3.8057	-1.195	-1.6608	2.3114	-31.621	-597.31	-157.51	158.04	81.785	53.165	19.238	112.62	78.327	2.0084	45.537	-38.601	3.376	30.327
