-7.0959	-17.152	-28.176	-2.6479	5.3567	0.38419	-1.3239	0.74833	0.71264	-1.187	1.9542	2.1514	-0.97812	-1.7698	0	0	0	0	0	0	0	0	0	0	0	0	0	0
-5.8542	-6.6241	-31.531	-2.1475	4.1888	-0.065757	-0.60172	1.857	3.2937	-0.16398	0.80272	-0.3945	-1.7073	-0.092078	49.671	421.11	-134.2	20.017	-46.72	-17.998	28.886	44.345	103.24	40.921	-46.061	-101.84	-29.166	67.109
-4.5429	4.5338	-33.706	-4.8263	6.1632	0.23226	-1.0455	2.4749	4.6356	-1.3989	1.8108	0.47873	-1.3527	0.066971	52.449	446.32	-87.006	-107.15	78.979	11.921	-17.753	24.717	53.675	-49.395	40.322	34.929	14.182	6.3619
-4.2227	5.2121	-35.624	-3.2623	6.3248	-0.99241	-1.3824	1.5196	3.5392	-1.229	2.3299	1.1917	-0.31327	1.3955	12.81	27.132	-76.698	62.56	6.4634	-48.987	-13.475	-38.21	-43.857	6.7956	20.766	28.517	41.579	53.142
-4.1717	10.213	-35.39	-3.1733	4.0612	-0.17451	-2.0667	2.9128	3.9627	-0.99166	0.82905	2.0577	0.52704	-1.1732	2.0379	200.03	9.3636	3.5595	-90.543	32.716	-27.37	55.726	16.941	9.4921	-60.035	34.64	33.612	-102.75
-4.1333	11.999	-35.7	-0.86098	5.3427	-0.035224	-0.1684	2.5007	4.6432	-1.3629	0.25677	2.0052	-0.4324	0.40396	1.5357	71.451	-12.424	92.493	51.258	5.5716	75.93	-16.482	27.221	-14.849	-22.891	-2.0985	-38.378	63.085
-4.0725	14.471	-36.114	-0.4205	4.4487	-1.6403	-0.88349	-0.26489	3.4962	-0.64346	1.4564	0.62202	0.25192	-0.73457	2.4326	98.892	-16.55	17.619	-35.759	-64.204	-28.604	-110.63	-45.88	28.777	47.984	-55.327	27.373	-45.541
-4.0672	15.806	-34.703	-1.1863	3.8604	-1.8304	-1.4857	1.1134	4.0498	-1.3957	2.1145	1.1746	0.08954	-0.4874	0.21425	53.38	56.45	-30.633	-23.533	-7.6007	-24.087	55.131	22.143	-30.09	26.328	22.104	-6.4951	9.8868
-4.3011	16.672	-33.205	-1.7538	3.3107	-1.5296	-2.6351	0.38969	3.3629	-0.11552	0.11885	0.65335	-0.62332	-0.57411	-9.3577	34.637	59.905	-22.699	-21.986	12.031	-45.976	-28.948	-27.476	51.207	-79.828	-20.851	-28.514	-3.4684
-4.6312	15.094	-32.013	-1.3243	2.5893	0.88625	-2.4119	-0.16905	3.2381	-0.39763	0.37145	2.8162	-0.82991	-2.0556	-13.202	-63.114	47.677	17.18	-28.855	96.633	8.9282	-22.35	-4.993	-11.285	10.104	86.515	-8.2638	-59.26
-5.0427	7.3102	-31.722	-1.3208	2.9581	0.41746	-0.99752	1.006	2.4756	-1.7214	0.55821	2.6736	-0.79901	-1.6375	-16.46	-311.35	11.644	0.1412	14.75	-18.752	56.573	47.003	-30.5	-52.953	7.4706	-5.7043	1.2362	16.723
-5.0394	8.6475	-20.607	5.3045	9.1848	3.706	1.1047	0.99506	2.9689	-2.9448	0.13272	1.1407	-0.88587	-0.51795	0.13035	53.492	444.62	265.01	249.07	131.54	84.09	-0.4389	19.735	-48.933	-17.019	-61.315	-3.4746	44.783
-4.017	14.56	-11.086	2.2316	15.022	4.4353	-1.2182	-0.2285	-1.0861	-0.9259	1.3171	-1.8656	-0.36544	0.059726	40.895	236.48	380.82	-122.91	233.5	29.17	-92.917	-48.942	-162.2	80.755	47.375	-120.25	20.817	23.107
-3.5856	16.836	-8.3377	-1.7285	16.287	3.3144	-1.8633	1.8882	-2.151	0.92396	0.25205	-2.9866	-0.29252	-1.212	17.256	91.038	109.94	-158.4	50.6	-44.833	-25.804	84.669	-42.594	73.995	-42.602	-44.84	2.9166	-50.869
-3.1887	15.119	-4.7962	-2.371	15.616	2.7416	-2.3608	3.6636	-1.6503	1.1125	-2.1004	-2.8877	-0.22732	-1.415	15.877	-68.671	141.66	-25.703	-26.859	-22.913	-19.902	71.013	20.025	7.5407	-94.097	3.9581	2.6081	-8.1217
-3.0725	20.695	-3.7472	-3.1906	14.631	1.4832	-3.0768	4.6887	-1.6207	1.4746	-2.5998	-2.8859	-0.25797	-1.0979	4.6495	223.06	41.96	-32.782	-39.411	-50.336	-28.641	41.005	1.1879	14.487	-19.979	0.072102	-1.2259	12.684
-3.1574	24.084	-5.1075	-1.6559	13.088	-0.11778	-1.0293	2.3338	-0.72924	1.0689	-2.6937	-1.2628	-0.12968	-1.0756	-3.3996	135.55	-54.413	61.386	-61.684	-64.04	81.9	-94.197	35.656	-16.23	-3.7525	64.922	5.1316	0.89582
-3.5703	24.508	-7.0254	1.7039	9.5147	-0.045965	-1.0573	-0.24832	1.9129	0.72938	-1.4874	0.19755	-0.53754	-0.45851	-16.513	16.943	-76.717	134.39	-142.95	2.8724	-1.1191	-103.28	105.69	-13.58	48.249	58.415	-16.314	24.682
-3.6903	16.215	-5.0463	4.3878	7.0467	1.4814	-2.3874	0.71106	1.4171	-0.065085	-1.7513	2.0232	-0.036263	0.010968	-4.8004	-331.7	79.164	107.35	-98.721	61.093	-53.204	38.375	-19.834	-31.779	-10.556	73.027	20.051	18.779
-3.6659	14.27	-2.9407	4.3035	7.6205	0.40898	-2.4391	0.51316	1.5046	0.21979	-0.74662	1.2385	0.40022	0.037754	0.97487	-77.808	84.226	-3.3725	22.95	-42.895	-2.0675	-7.9161	3.4991	11.395	40.189	-31.389	17.459	1.0715
-3.1545	19.448	-2	2.6651	6.3731	-0.46042	-1.2989	-0.27844	1.3182	2.2227	-2.8462	1.6233	1.501	-0.25742	20.454	207.14	37.626	-65.536	-49.896	-34.776	45.61	-31.664	-7.4524	80.118	-83.983	15.392	44.029	-11.807
-2.7618	29.175	-0.56812	-1.3954	5.5367	-0.20665	-0.58072	-1.7795	0.92603	2.3467	-2.4793	1.2849	1.0919	-0.22124	15.711	389.07	57.276	-162.42	-33.456	10.151	28.726	-60.043	-15.689	4.9599	14.677	-13.535	-16.362	1.4474
-2.0531	34.434	1.8684	-3.2624	3.1689	1.3962	-2.5054	-1.7095	0.9145	1.614	-1.5437	1.4646	0.98343	-0.8738	28.349	210.35	97.459	-74.68	-94.71	64.114	-76.986	2.8024	-0.46101	-29.31	37.425	7.186	-4.3386	-26.103
-1.7433	40.736	2.5793	-6.3959	2.6242	2.4168	-3.7767	-2.2295	-0.17907	3.1162	-0.69735	1.2117	0.68821	-1.5371	12.389	252.11	28.438	-125.34	-21.788	40.824	-50.852	-20.8	-43.743	60.088	33.852	-10.117	-11.809	-26.531
-1.2365	43.848	4.0866	-8.7152	2.5544	1.0501	-3.449	-1.8985	-0.51294	4.3867	-1.4888	1.652	-0.33008	-1.4382	20.276	124.45	60.29	-92.772	-2.7909	-54.668	13.106	13.239	-13.355	50.823	-31.656	17.613	-40.731	3.9574
-1.0317	47.635	4.3416	-9.5196	1.0006	0.088714	-2.8487	-1.7083	-0.28923	3.5568	-0.35995	1.4538	-0.24961	-1.6884	8.1908	151.5	10.202	-32.176	-62.152	-38.455	24.014	7.6069	8.9484	-33.198	45.152	-7.9284	3.2188	-10.009
-0.63273	48.762	5.2763	-10.631	-0.52749	0.49779	-3.5194	-1.1409	-1.0283	3.4037	0.63253	0.72958	0.55277	-2.5465	15.958	45.081	37.386	-44.474	-61.125	16.363	-26.83	22.698	-29.561	-6.1253	39.699	-28.968	32.095	-34.324
-0.54969	47.411	6.2853	-10.282	-1.3183	-0.63742	-1.8464	-1.9639	-0.64037	2.6812	1.7761	0.43692	0.73683	-2.0359	3.3213	-54.058	40.361	13.965	-31.631	-45.408	66.92	-32.921	15.516	-28.901	45.744	-11.706	7.3624	20.423
-0.54805	45.623	6.0005	-8.8939	-1.9816	-0.73706	-2.6934	-1.5784	-1.2762	2.3979	1.8836	0.20335	1.1625	-1.705	0.06582	-71.496	-11.391	55.537	-26.536	-3.9856	-33.879	15.419	-25.434	-11.329	4.2996	-9.3427	17.027	13.236
-0.74711	44.528	5.11	-7.3369	-1.3425	-0.082757	-3.495	-1.2225	-2.3191	2.7911	1.8857	-0.44844	1.7936	-1.706	-7.9624	-43.813	-35.619	62.278	25.566	26.172	-32.066	14.238	-41.717	15.725	0.083291	-26.072	25.246	-0.038481
-0.88964	41.078	5.4269	-6.5607	0.53988	0.41523	-4.2933	-1.1587	-2.4776	2.0591	1.425	-0.73011	1.86	-1.5582	-5.7014	-138	12.676	31.049	75.295	19.92	-31.93	2.5508	-6.3391	-29.278	-18.43	-11.267	2.6534	5.9101
-1.0841	41.248	3.2143	-4.9033	3.2691	0.56356	-4.9606	-1.654	-2.0139	0.58184	0.48582	-0.86994	1.1039	-0.81372	-7.7787	6.803	-88.506	66.294	109.17	5.9329	-26.69	-19.814	18.551	-59.091	-37.565	-5.5931	-30.245	29.781
-1.4786	40.012	0.37656	-3.3709	7.0225	0.62211	-4.738	-1.1345	-2.9384	0.62255	-1.3243	-0.64226	0.21225	-0.76285	-15.781	-49.444	-113.51	61.299	150.14	2.3422	8.901	20.781	-36.984	1.6283	-72.404	9.1071	-35.664	2.0348
-2.3169	25.759	-1.2515	-1.8387	8.9784	0.3555	-2.9231	-0.7261	-2.0489	-0.26976	-0.83116	-1.1658	-0.087542	-0.78582	-33.531	-570.11	-65.124	61.288	78.235	-10.665	72.599	16.337	35.583	-35.692	19.724	-20.943	-11.992	-0.91853
-5.1283	-8.8138	-10.985	5.4433	5.3188	3.9038	-1.8043	-0.083614	2.3556	0.45528	1.4342	2.4458	-0.6287	0.18055	-112.45	-1382.9	-389.35	291.28	-146.38	141.93	44.751	25.7	176.18	29.002	90.614	144.47	-21.646	38.654
-7.9951	-38.736	-12.331	9.6725	7.4715	7.0433	0.39274	-0.27177	1.9382	0.92051	0.043625	1.5105	-1.0078	-0.27962	-114.67	-1196.9	-53.842	169.17	86.107	125.58	87.881	-7.5262	-16.698	18.609	-55.622	-37.413	-15.164	-18.407
-8.4931	-48.043	-6.713	5.3569	7.675	5.3582	2.0534	0.22535	1.9821	0.42934	-0.45125	1.5568	-0.93339	0.24781	-19.917	-372.26	224.73	-172.62	8.1417	-67.407	66.427	19.885	1.7558	-19.647	-19.795	1.8495	2.9758	21.097
-7.5063	-6.2867	-15.455	-0.3176	2.1536	-3.8334	2.862	2.8479	0.85189	0.077076	0.49502	1.5976	-1.3066	-0.19144	39.47	1670.2	-349.68	-226.98	-220.86	-367.66	32.344	104.9	-45.207	-14.09	37.851	1.633	-14.927	-17.57
-6.2208	-0.66011	-20.148	-1.0256	3.7344	-0.92308	0.016681	2.969	3.015	0.051173	0.16365	2.2926	-0.91432	0.46822	51.42	225.06	-187.74	-28.32	63.23	116.41	-113.81	4.8449	86.525	-1.0361	-13.255	27.802	15.69	26.387
-5.5837	6.2604	-24.815	-0.88299	8.0338	-0.087486	0.31851	1.6205	2.5994	-0.47075	-0.4714	2.6797	-1.6044	0.055069	25.486	276.82	-186.65	5.7047	171.98	33.424	12.073	-53.94	-16.627	-20.877	-25.402	15.482	-27.601	-16.526
-4.7369	17.308	-17.552	0.77168	6.776	4.0587	-0.11738	-0.49156	2.4921	-1.4219	-2.1519	1.8223	-1.0895	0.023667	33.87	441.89	290.52	66.187	-50.313	165.85	-17.436	-84.482	-4.2902	-38.046	-67.221	-34.295	20.593	-1.2561
-3.7872	21.008	-6.8576	0.78277	5.8785	5.733	-1.9001	-2.7269	0.96354	0.86909	-2.4406	-0.98191	-0.3197	0.49439	37.989	148.02	427.76	0.4436	-35.9	66.972	-71.309	-89.412	-61.142	91.64	-11.546	-112.17	30.793	18.829
-3.0947	16.325	3.9276	-4.0236	7.7175	3.1426	-0.43089	-3.1245	-1.7473	1.7719	-1.0105	-2.6355	0.27389	0.72456	27.701	-187.33	431.41	-192.25	73.561	-103.62	58.768	-15.907	-108.44	36.112	57.202	-66.142	23.744	9.2069
-2.826	13.613	9.6833	-6.3097	7.3215	1.9609	0.028873	-1.3333	-4.8322	2.3872	0.29669	-3.7882	-0.087386	1.3005	10.748	-108.47	230.23	-91.444	-15.841	-47.269	18.391	71.648	-123.39	24.613	52.289	-46.11	-14.451	23.037
-2.5156	16.257	10.051	-7.007	6.0187	1.9452	1.2432	-1.5361	-6.292	3.3542	0.0014874	-3.8321	-0.31712	1.1515	12.417	105.74	14.695	-27.891	-52.112	-0.62615	48.572	-8.1091	-58.391	38.677	-11.808	-1.7555	-9.1893	-5.9615
-2.629	14.312	9.9491	-6.3621	6.7275	1.8855	1.1705	-1.6925	-6.0804	3.0038	0.04704	-4.106	-0.50095	1.5181	-4.5388	-77.794	-4.063	25.795	28.354	-2.3895	-2.9071	-6.2555	8.4636	-14.013	1.8221	-10.955	-7.3533	14.668
-2.9983	12.142	9.1901	-6.4216	7.9889	2.9314	-0.095041	-0.94313	-5.4001	2.4054	0.32481	-3.8931	-0.57178	1.663	-14.772	-86.787	-30.361	-2.3809	50.456	41.836	-50.622	29.973	27.211	-23.937	11.111	8.5148	-2.8332	5.7948
-3.7137	5.3406	6.8414	-5.9919	6.653	4.9835	-1.9791	-1.5155	-2.1259	0.71956	1.0285	-3.7213	-0.95042	1.2123	-28.613	-272.06	-93.949	17.19	-53.439	82.086	-75.362	-22.894	130.97	-67.434	28.147	6.8697	-15.146	-18.028
-6.0166	-26.278	3.743	-1.5748	0.0036747	6.1565	-1.2787	-2.7883	3.6353	0.079732	0.1283	1.089	0.21155	0.43223	-92.119	-1264.7	-123.93	176.68	-265.97	46.919	28.017	-50.915	230.45	-25.593	-36.007	192.41	46.479	-31.203
-8.5142	-51.427	-4.2895	6.669	6.4585	9.8526	0.1328	-4.1277	4.7722	1.0246	-0.68001	1.7386	-0.44701	-0.86131	-99.903	-1006	-321.3	329.75	258.19	147.84	56.459	-53.574	45.477	37.793	-32.332	25.982	-26.342	-51.742
-8.6727	-53.012	-5.8513	7.3379	6.4277	8.9279	0.86648	-1.9839	5.0206	-0.65523	-0.2693	1.2624	-0.64308	-0.68055	-6.3396	-63.403	-62.472	26.755	-1.2301	-36.988	29.347	85.751	9.9382	-67.192	16.428	-19.045	-7.8427	7.2304
-9.0482	-60.292	-6.2273	8.5019	7.3534	8.7058	-0.18503	-0.68943	3.8646	-1.1217	1.0972	2.3558	-0.78095	-0.8088	-15.018	-291.21	-15.04	46.562	37.028	-8.8837	-42.06	51.779	-46.242	-18.66	54.661	43.734	-5.5146	-5.1299
-9.8029	-64.533	-7.9446	9.435	5.1584	6.703	2.3223	-0.13091	3.6181	0.31208	1.0911	2.2621	-1.2612	-0.44798	-30.191	-169.62	-68.693	37.324	-87.8	-80.114	100.29	22.341	-9.8577	57.353	-0.24301	-3.7465	-19.209	14.433
-10.805	-70.498	-12.409	8.7802	3.3476	5.1893	3.7594	3.0974	4.8139	-0.23699	0.11342	1.3857	-0.43451	0.16445	-40.091	-238.59	-178.57	-26.194	-72.432	-60.549	57.485	129.13	47.829	-21.963	-39.109	-35.058	33.066	24.497
-5.1906	7.849	-14.058	-12.201	-0.27215	1.5922	-3.0854	1.7164	3.4277	-2.1728	0.51487	1.8696	-1.054	0.030084	224.58	3133.9	-65.948	-839.26	-144.79	-143.88	-273.79	-55.241	-55.448	-77.432	16.058	19.355	-24.778	-5.3747
-4.7474	24.24	-12.834	-4.1311	2.1339	0.41841	-3.2461	0.24446	2.9361	-1.6388	0.29673	1.7944	-0.8588	0.51599	17.727	655.64	48.941	322.81	96.244	-46.952	-6.4255	-58.876	-19.662	21.362	-8.7257	-3.0084	7.8064	19.436
-2.6394	22.558	1.1572	-2.0706	3.5402	0.90485	-0.74814	0.06346	0.22912	-2.441	0.69565	1.5675	-0.55761	0.02906	84.321	-67.283	559.65	82.42	56.25	19.458	99.917	-7.2398	-108.28	-32.089	15.957	-9.0755	12.048	-19.477
-1.7167	30.117	11.29	-8.0819	1.9643	1.1766	-4.1807	1.5518	-5.8563	-0.38427	1.3952	-0.72003	0.39698	0.3047	36.906	302.37	405.33	-240.45	-63.035	10.87	-137.3	59.534	-243.42	82.269	27.984	-91.5	38.184	11.026
-1.4227	28.717	12.621	-8.4721	-0.96797	1.329	-3.7082	2.2923	-7.501	0.83872	2.148	-0.87643	0.80127	0.15072	11.76	-56.001	53.227	-15.609	-117.29	6.0959	18.902	29.619	-65.79	48.919	30.112	-6.256	16.171	-6.1591
-1.2253	31.249	10.802	-5.8207	-4.7794	0.34726	-1.847	1.0459	-6.0633	0.55303	1.7355	0.17916	0.77097	0.85853	7.898	101.29	-72.744	106.06	-152.46	-39.27	74.446	-49.855	57.51	-11.428	-16.5	42.224	-1.2121	28.312
-1.0088	30.748	11.936	-5.6637	-5.9746	-1.5761	-0.027667	-0.17073	-4.9035	0.49458	1.3074	0.65535	1.4573	0.54411	8.6585	-20.072	45.342	6.2782	-47.807	-76.936	72.774	-48.666	46.39	-2.3379	-17.126	19.048	27.452	-12.577
-0.82423	30.255	12.574	-4.9473	-7.6181	-2.0456	-0.15141	0.6904	-5.6863	1.1328	1.4911	0.16437	2.0669	0.026255	7.3832	-19.705	25.501	28.655	-65.74	-18.778	-4.9497	34.445	-31.313	25.529	7.3497	-19.639	24.386	-20.714
-0.70963	28.596	14.454	-6.2693	-6.6421	-3.5126	0.44476	0.95792	-5.9635	1.4756	1.1654	0.32247	2.2073	-0.44911	4.5838	-66.367	75.231	-52.877	39.041	-58.679	23.847	10.701	-11.087	13.712	-13.029	6.3238	5.614	-19.015
-0.981	26.38	14.604	-5.6315	-6.6567	-3.8734	1.0984	1.0173	-6.2264	1.3908	0.98602	0.37917	2.2821	-0.44333	-10.854	-88.63	5.978	25.513	-0.58465	-14.432	26.147	2.3771	-10.515	-3.3918	-7.1759	2.268	2.993	0.23147
-1.0732	22.656	15.436	-5.5159	-7.5594	-2.1471	1.0387	1.1087	-6.4716	0.6296	1.6793	0.36213	2.6077	-0.42224	-3.6862	-148.96	33.3	4.6227	-36.108	69.05	-2.3872	3.6527	-9.808	-30.449	27.733	-0.68149	13.022	0.84358
-1.387	21.308	15.437	-6.18	-7.4268	-1.4136	2.592	0.76077	-6.7347	0.41108	1.2564	1.5002	1.7545	0.034941	-12.553	-53.915	0.049307	-26.563	5.3037	29.341	62.129	-13.916	-10.524	-8.7408	-16.917	45.521	-34.124	18.287
-1.4655	19.397	15.95	-6.0084	-7.694	-1.8676	2.6412	1.3067	-7.4718	0.86869	0.61581	1.5456	1.909	-0.53688	-3.1424	-76.425	20.484	6.8607	-10.689	-18.16	1.9687	21.836	-29.484	18.305	-25.624	1.8165	6.1779	-22.873
-1.717	17.709	15.785	-5.7364	-7.2293	-2.2199	3.8577	0.089922	-7.0818	0.36793	0.73276	1.9302	1.1665	-0.3217	-10.06	-67.528	-6.5734	10.883	18.589	-14.091	48.659	-48.67	15.597	-20.031	4.6779	15.384	-29.698	8.6073
-1.9888	14.327	16.08	-5.3046	-6.4874	-1.1389	4.0442	-0.64645	-7.2289	-0.47282	1.9335	1.0111	0.9431	-0.77996	-10.87	-135.27	11.801	17.269	29.677	43.237	7.4623	-29.455	-5.8824	-33.63	48.028	-36.761	-8.9376	-18.33
-2.4197	11.869	15.911	-4.6995	-5.6565	-0.64168	4.7819	-0.84392	-6.7295	-0.3585	1.537	0.75232	-0.22968	-0.81041	-17.235	-98.346	-6.7683	24.206	33.234	19.891	29.505	-7.8985	19.978	4.5728	-15.86	-10.352	-46.911	-1.2182
-3.1745	7.9741	13.241	-3.027	-5.5061	0.65909	5.5546	-0.90798	-6.675	-0.36768	2.1524	-0.56814	-0.65644	-1.3736	-30.193	-155.79	-106.81	66.9	6.0157	52.031	30.907	-2.5624	2.1782	-0.36699	24.616	-52.818	-17.07	-22.528
-4.1728	-11.511	8.6052	0.97568	-6.5901	3.5745	7.1391	-1.8128	-5.5274	-1.0048	2.2863	-0.58869	-1.5489	-1.726	-39.931	-779.41	-185.42	160.11	-43.359	116.62	63.381	-36.191	45.905	-25.487	5.3576	-0.82224	-35.697	-14.096
-7.7715	-47.517	-2.8032	3.5823	-4.4859	4.6208	5.4247	-0.26001	-1.481	-3.2333	2.2471	1.8193	-1.059	-0.46921	-143.95	-1440.2	-456.34	104.27	84.171	41.849	-68.573	62.11	161.85	-89.136	-1.5703	96.321	19.597	50.272
-12.537	-73.186	-16.726	2.3765	-3.0452	1.5856	3.4379	0.03813	1.9506	-0.78988	1.7574	2.4943	-0.48349	0.4582	-190.64	-1026.7	-556.91	-48.233	57.624	-121.41	-79.476	11.926	137.26	97.735	-19.587	26.998	23.018	37.096
-13.392	-74.982	-20.972	1.3576	-3.1858	1.5696	2.0374	0.98041	2.1736	-1.5868	0.30464	0.3718	-1.4733	0.1147	-34.2	-71.836	-169.83	-40.754	-5.6216	-0.63962	-56.017	37.691	8.9196	-31.876	-58.11	-84.899	-39.594	-13.74
-7.2979	-21.185	-8.4568	-4.9653	-0.44279	-2.5619	-1.1425	1.0169	2.6937	0.67674	1.1022	2.4284	-2.0544	-0.025645	243.78	2151.9	500.6	-252.92	109.72	-165.26	-127.2	1.458	20.806	90.541	31.904	82.265	-23.242	-5.614
-5.7404	11.637	-12.664	-5.4141	-2.1089	-2.7895	0.69598	0.65206	2.2501	1.8437	0.99204	2.3751	-0.73588	0.09902	62.299	1312.9	-168.27	-17.951	-66.644	-9.1052	73.539	-14.592	-17.746	46.677	-4.4075	-2.1342	52.741	4.9866
-5.159	18.684	-25.803	-4.5899	-1.0487	-0.34116	3.1767	0.50084	0.98074	1.1559	-0.69202	-0.31642	-1.7627	-0.2644	23.256	281.89	-525.59	32.967	42.408	97.933	99.227	-6.0488	-50.775	-27.509	-67.363	-107.66	-41.073	-14.537
-4.5149	14.348	-30.86	-0.84522	-0.20206	-2.2677	1.5372	-1.1762	-0.41505	2.1335	1.4893	-0.032532	-1.175	1.0521	25.766	-173.44	-202.26	149.79	33.865	-77.062	-65.577	-67.082	-55.832	39.103	87.254	11.355	23.508	52.659
-4.528	13.743	-33.483	2.19	0.96357	-2.8844	1.3751	-0.34166	0.18618	0.46928	0.5312	-0.21058	-0.96269	-0.77358	-0.52717	-24.208	-104.91	121.41	46.625	-24.668	-6.4872	33.382	24.049	-66.57	-38.325	-7.1221	8.4925	-73.026
-4.5431	8.1659	-32.574	5.2688	1.0065	-3.176	1.0238	0.98359	0.77008	0.94763	-0.48769	0.69465	-0.42659	-0.011467	-0.6031	-223.09	36.333	123.15	1.7191	-11.665	-14.05	53.01	23.356	19.134	-40.756	36.209	21.444	30.485
-4.7418	5.9751	-32.893	4.9339	-0.54138	-4.0776	4.123	-0.27471	2.23	2.2459	-0.11611	1.0947	-1.0866	-0.18535	-7.9456	-87.629	-12.748	-13.398	-61.917	-36.064	123.97	-50.332	58.398	51.932	14.863	16	-26.402	-6.9555
-4.8705	4.4095	-33.446	5.7069	-2.394	-5.3271	4.9604	-1.3259	0.86446	0.6973	-0.31551	1.8526	-0.37765	0.14387	-5.1492	-62.625	-22.134	30.921	-74.107	-49.979	33.495	-42.047	-54.622	-61.945	-7.9763	30.316	28.359	13.169
-4.9941	3.5207	-31.038	6.1184	-1.3315	-3.5357	4.9966	-0.7193	0.72122	1.2395	0.59592	0.5547	-1.1307	0.21753	-4.9455	-35.553	96.34	16.461	42.5	71.658	1.4507	24.264	-5.7296	21.687	36.457	-51.914	-30.122	2.9466
-4.7451	8.4964	-30.62	4.2369	-1.1635	-5.0703	4.6015	-1.5941	1.1534	2.153	-1.4209	0.37303	-1.8088	1.229	9.9627	199.03	16.715	-75.258	6.7236	-61.383	-15.807	-34.99	17.287	36.54	-80.672	-7.2667	-27.125	40.459
-4.6934	8.0257	-31.087	3.3977	-1.5634	-2.9708	5.2357	-1.6723	0.71554	1.4142	-2.4236	0.25007	-2.223	-0.42109	2.0672	-18.827	-18.69	-33.57	-15.997	83.978	25.369	-3.1309	-17.514	-29.552	-40.107	-4.9184	-16.566	-66.004
-4.8176	5.1219	-31.351	3.2081	-1.4767	-2.7657	4.558	-1.7894	1.2132	1.1393	-1.6352	0.82505	-1.7744	-0.37589	-4.9694	-116.15	-10.557	-7.5834	3.4668	8.2043	-27.106	-4.6818	19.906	-10.995	31.535	22.999	17.941	1.808
-4.9619	7.5725	-32.415	1.6157	-1.3902	-5.5159	1.4315	-3.2587	0.14446	1.169	-3.0993	-0.42082	-1.3725	0.4211	-5.7703	98.024	-42.566	-63.696	3.4618	-110.01	-125.06	-58.771	-42.749	1.1894	-58.566	-49.835	16.079	31.88
-5.3632	5.5784	-28.994	-0.84079	-1.706	-4.154	1.6448	-1.3912	1.8057	0.52905	-1.4246	1.0208	-1.5265	-1.3478	-16.053	-79.766	136.85	-98.259	-12.634	54.477	8.532	74.699	66.451	-25.599	66.989	57.665	-6.1599	-70.757
-6.1693	-4.1268	-20.282	2.671	1.478	-0.27235	4.3274	-0.95849	1.8065	1.2826	-2.1298	0.92638	-0.014001	-0.5016	-32.244	-388.21	348.49	140.47	127.36	155.27	107.3	17.307	0.031815	30.144	-28.208	-3.7773	60.499	33.849
-4.0802	9.108	-0.80855	-0.73088	6.041	4.3737	0.9481	-2.5313	0.36294	0.36175	-0.79592	-1.0136	-0.74512	0.15692	83.565	529.39	778.93	-136.08	182.52	185.84	-135.17	-62.914	-57.743	-36.836	53.356	-77.598	-29.245	26.341
-3.2531	19.887	3.2524	-5.2536	7.8914	3.379	-2.116	-0.060327	-3.8884	1.9968	-0.40946	-3.2231	1.4191	-2.2751	33.084	431.15	162.44	-180.91	74.013	-39.789	-122.56	98.84	-170.05	65.4	15.458	-88.38	86.567	-97.281
-2.9669	24.157	1.9268	-8.0488	8.9106	3.6589	-3.1352	0.9526	-5.05	2.1304	0.30599	-4.1064	2.1423	-1.9636	11.446	170.82	-53.024	-111.81	40.771	11.199	-40.769	40.517	-46.466	5.3442	28.618	-35.333	28.929	12.459
-3.008	18.658	4.1914	-7.9718	8.8523	3.2235	-1.9479	0.60351	-4.9044	1.9313	0.60543	-4.2865	1.7235	-1.5444	-1.6431	-219.97	90.586	3.0784	-2.3342	-17.419	47.493	-13.964	5.8241	-7.9605	11.978	-7.2059	-16.752	16.769
-3.3279	15.248	4.8264	-7.6883	8.1403	3.6256	-1.4661	0.52069	-5.2934	1.9533	0.21399	-3.6873	1.4117	-1.3689	-12.796	-136.37	25.398	11.343	-28.479	16.084	19.269	-3.3126	-15.558	0.87873	-15.657	23.971	-12.473	7.0192
-3.5841	9.6772	5.2087	-6.1543	6.7989	4.4797	-1.3904	0.36068	-5.3216	1.4612	1.0483	-3.748	1.7429	-2.2067	-10.248	-222.85	15.293	61.358	-53.655	34.167	3.0281	-6.4004	-1.1268	-19.685	33.371	-2.4278	13.248	-33.511
-4.1542	5.1686	3.9062	-5.1171	6.6484	3.0319	-0.026591	1.2928	-5.5315	1.8081	0.3143	-3.0791	1.1199	-2.7782	-22.804	-180.34	-52.098	41.49	-6.0222	-57.912	54.554	37.284	-8.3983	13.875	-29.359	26.754	-24.92	-22.862
-4.7288	1.1837	0.53171	-4.3714	8.0404	1.6147	2.1445	1.2947	-5.3745	0.85497	0.42944	-3.835	1.9342	-3.555	-22.985	-159.4	-134.98	29.825	55.682	-56.691	86.842	0.076641	6.2796	-38.124	4.6057	-30.234	32.572	-31.071
-5.8201	-16.462	-1.7666	-0.83967	9.0398	3.71	2.9608	0.44067	-4.7104	0.20248	0.74843	-2.9556	1.2961	-2.3693	-43.651	-705.81	-91.932	141.27	39.976	83.813	32.655	-34.162	26.565	-26.099	12.759	35.173	-25.524	47.426
-7.7285	-37.394	-2.241	3.252	7.3732	6.8031	1.4908	-0.82636	0.82815	-0.80976	0.38427	-1.5181	-0.68335	-0.18218	-76.337	-837.31	-18.977	163.66	-66.665	123.72	-58.8	-50.681	221.54	-40.49	-14.566	57.502	-79.176	87.486
-8.9385	-49.279	-6.3683	2.4898	1.6444	9.6537	3.5864	-2.9826	4.113	1.3064	-1.1969	0.47057	0.38533	-0.64975	-48.397	-475.4	-165.09	-30.486	-229.15	114.03	83.821	-86.25	131.39	84.646	-63.245	79.547	42.747	-18.703
-10.964	-65.699	-13.793	6.1166	0.30825	7.3025	4.932	1.649	4.9733	1.2601	0.61919	1.1245	0.36071	0.020065	-81.014	-656.78	-296.97	145.07	-53.444	-94.048	53.827	185.27	34.413	-1.8533	72.642	26.157	-0.98503	26.793
-12.148	-56.948	-11.694	4.2204	-5.2659	3.4557	3.18	0.27254	3.9024	-0.41013	1.0969	0.67528	-0.4628	-0.38134	-47.36	350.02	83.94	-75.846	-222.97	-153.87	-70.083	-55.059	-42.836	-66.807	19.107	-17.968	-32.94	-16.056
-12.695	-70.035	-14.657	4.7373	-2.3716	2.3774	2.6939	1.7107	3.6164	-1.7447	1.522	1.1662	-1.1596	-0.44806	-21.881	-523.47	-118.53	20.674	115.77	-43.129	-19.441	57.526	-11.44	-53.381	17.006	19.638	-27.874	-2.6689
-10.536	-68.462	-12.646	9.1055	1.2868	4.6891	2.9071	0.85799	4.427	-1.3987	1.5563	1.7148	-0.25878	-0.78843	86.336	62.929	80.473	174.73	146.34	92.465	8.5285	-34.108	32.422	13.837	1.3713	21.944	36.034	-13.615
-8.8753	-48.632	-2.6522	6.4583	1.7174	7.1309	0.043879	-1.1213	6.0952	-0.63793	-2.6575	1.6116	2.0919	-0.17285	66.444	793.2	399.73	-105.89	17.225	97.673	-114.53	-79.171	66.729	30.433	-168.55	-4.1283	94.026	24.623
-6.8645	-11.04	-5.0866	-7.317	0.88854	5.3509	1.7671	5.208	6.0071	-1.3159	-0.7816	0.64083	0.052207	-0.86842	80.434	1503.7	-97.378	-551.01	-33.155	-71.201	68.928	253.17	-3.5233	-27.12	75.036	-38.832	-81.586	-27.823
-6.6912	-3.4702	-4.8063	-10.102	0.1765	3.4525	0.99287	4.7173	6.4335	-2.0503	-1.3849	0.44183	-0.027228	-1.1348	6.9307	302.78	11.212	-111.41	-28.481	-75.936	-30.968	-19.628	17.055	-29.374	-24.131	-7.9602	-3.1774	-10.654
-7.2064	-24.405	-4.3397	1.5769	3.6516	10.775	-2.5568	-1.6307	4.5824	-0.3016	-1.8273	0.48565	2.2423	-2.7311	-20.609	-837.38	18.667	467.17	139	292.91	-141.99	-253.92	-74.041	69.947	-17.695	1.7528	90.782	-63.855
-6.8009	-22.434	-2.4663	1.8162	3.0891	9.0264	-2.0594	-0.4513	3.7341	-0.058028	-0.74914	0.45041	1.7478	-2.6213	16.219	78.815	74.933	9.5697	-22.501	-69.954	19.896	47.174	-33.935	9.7431	43.125	-1.4094	-19.782	4.3945
-6.7621	-15.471	-4.1298	2.5251	-0.43515	9.1291	-0.90969	0.24241	5.0249	-0.61002	-0.75209	1.7909	0.95237	-3.1062	1.5515	278.53	-66.537	28.355	-140.97	4.1078	45.988	27.749	51.631	-22.08	-0.11779	53.619	-31.816	-19.397
-6.656	-15.218	-0.083059	0.83675	-3.2878	9.4599	0.72669	-2.3697	4.2538	0.5773	-1.0304	1.0633	1.378	-2.5243	4.2453	10.116	161.87	-67.532	-114.11	13.231	65.455	-104.49	-30.843	47.493	-11.131	-29.102	17.026	23.276
-6.6845	-17.298	-2.1744	2.6356	0.027405	9.486	0.16778	-3.7626	3.225	2.3761	-1.6635	1.219	1.3269	-1.7256	-1.1401	-83.185	-83.652	71.954	132.61	1.0436	-22.356	-55.717	-41.15	71.953	-25.326	6.2259	-2.0471	31.947
-6.9258	-24.66	-1.1831	5.7773	-1.2964	9.2469	-0.60116	-1.4972	3.9234	0.85548	-0.77069	0.73333	0.61087	-0.54118	-9.6503	-294.49	39.651	125.67	-52.952	-9.5626	-30.758	90.617	27.935	-60.826	35.714	-19.426	-28.64	47.378
-7.1325	-26.92	0.40541	5.5496	-3.1036	9.1425	0.6445	-1.7923	3.7332	0.66934	-0.45292	-0.62099	1.6249	-0.4999	-8.2699	-90.376	63.539	-9.1091	-72.29	-4.1785	49.826	-11.805	-7.6056	-7.4454	12.71	-54.173	40.559	1.6512
-6.7269	-11.266	-0.26147	-0.55858	-4.8596	1.8501	4.0305	3.9522	0.67391	-1.5541	1.7582	0.10583	1.2077	-0.40494	16.223	626.14	-26.675	-244.33	-70.237	-291.7	135.44	229.78	-122.37	-88.94	88.446	29.073	-16.687	3.7982
-6.7946	-8.9985	-1.052	0.31509	-4.7926	0.71391	4.9644	5.0742	-0.63949	-2.6681	1.5254	-0.016254	0.52581	-1.6527	-2.7042	90.696	-31.622	34.947	2.677	-45.446	37.358	44.877	-52.536	-44.56	-9.3148	-4.8832	-27.274	-49.91
-7.3376	-17.317	-1.3172	-2.3942	-4.1317	-0.13354	4.1906	4.6377	-1.3122	-2.9571	0.17901	-0.033498	0.55369	0.42628	-21.723	-332.74	-10.606	-108.37	26.44	-33.898	-30.953	-17.46	-26.908	-11.56	-53.854	-0.68977	1.1151	83.159
-6.5516	-17.086	0.78509	-4.5334	-2.1993	-0.13527	3.6762	3.0621	-0.612	-3.9809	1.5358	0.38044	-1.6984	1.0102	31.441	9.2435	84.091	-85.565	77.292	-0.069263	-20.575	-63.023	28.008	-40.951	54.273	16.557	-90.085	23.358
-5.8179	-7.5347	4.673	-4.2605	-1.4995	1.3295	4.2534	3.0038	-1.4829	-4.5649	2.3142	0.42491	-2.4048	2.0059	29.348	382.05	155.52	10.914	27.995	58.592	23.086	-2.331	-34.838	-23.361	31.135	1.779	-28.253	39.828
-4.9508	-13.651	9.9799	-0.19077	-1.2625	3.2334	4.1244	0.80471	-3.1143	-2.8957	2.0101	-0.78515	-2.8611	1.4895	34.686	-244.65	212.27	162.79	9.4774	76.156	-5.1592	-87.965	-65.255	66.771	-12.164	-48.402	-18.256	-20.656
-3.9415	-4.3583	13.065	-2.8303	0.28247	2.4743	3.4715	1.5785	-4.836	-2.1551	2.9828	-2.4552	-1.8975	1.2517	40.372	371.71	123.39	-105.58	61.8	-30.364	-26.115	30.952	-68.866	29.625	38.906	-66.802	38.545	-9.5132
-3.5933	2.5112	13.032	-5.1376	2.6457	1.8601	2.9777	1.5388	-6.1842	-1.1273	3.2136	-2.831	-1.4748	0.80268	13.924	274.78	-1.3163	-92.291	94.53	-24.568	-19.754	-1.5871	-53.927	41.109	9.2324	-15.034	16.91	-17.961
-3.5206	6.4816	11.04	-6.4809	4.9582	2.0968	2.6799	0.1656	-6.0622	0.87689	1.9612	-2.6701	-1.8124	1.0773	2.9083	158.81	-79.683	-53.731	92.501	9.4651	-11.909	-54.929	4.8801	80.169	-50.096	6.4367	-13.506	10.986
-3.4901	7.723	8.485	-6.3594	6.5943	3.4778	1.4606	-1.0203	-4.6194	1.921	1.3325	-3.9552	-1.1166	1.1608	1.2219	49.658	-102.19	4.8591	65.443	55.24	-48.772	-47.434	57.712	41.766	-25.145	-51.404	27.832	3.3376
-3.6324	6.6344	7.7343	-6.9564	8.8281	4.2319	-0.52258	-1.4166	-2.641	2.1295	0.7879	-4.7648	0.030216	1.3016	-5.692	-43.547	-30.028	-23.88	89.353	30.165	-79.328	-15.852	79.134	8.3375	-21.785	-32.383	45.873	5.6319
-3.8105	6.4411	5.6241	-6.4414	10.393	4.9646	-2.5527	-0.78165	-1.6167	2.3111	-0.086779	-4.4736	0.76784	0.55589	-7.1245	-7.7294	-84.409	20.6	62.583	29.306	-81.204	25.396	40.971	7.2636	-34.987	11.647	29.505	-29.827
-3.9205	5.2197	4.1321	-6.1023	11.877	5.3148	-3.7957	0.048576	-1.2578	2.2972	-0.85208	-3.4424	0.8703	-0.025501	-4.3999	-48.856	-59.679	13.562	59.378	14.011	-49.722	33.209	14.358	-0.55457	-30.612	41.25	4.0985	-23.255
-4.1709	2.2102	3.4159	-5.1848	12.558	5.8815	-4.1701	-0.56462	0.072458	1.3295	-1.2506	-1.6865	-0.31892	0.31087	-10.017	-120.38	-28.647	36.7	27.245	22.664	-14.976	-24.528	53.209	-38.708	-15.94	70.236	-47.569	13.455
-4.7062	0.90248	-0.66522	-1.8592	10.844	5.5508	-2.6458	-0.99227	1.0579	0.5077	-1.7286	-0.99013	-0.18275	-0.17406	-21.41	-52.309	-163.25	133.03	-68.557	-13.226	60.974	-17.106	39.417	-32.871	-19.121	27.854	5.447	-19.397
-5.3971	3.6465	-10.264	4.5644	7.3509	1.9283	-0.48275	-0.65118	2.0467	-0.87501	-1.4064	-1.091	-0.08826	0.77482	-27.636	109.76	-383.96	256.94	-139.74	-144.9	86.521	13.644	39.554	-55.308	12.89	-4.0336	3.7794	37.955
-6.0097	2.2994	-17.805	6.1973	6.411	0.24157	0.45681	-0.57312	2.3471	-0.59173	-0.27851	-0.36347	0.19494	-1.479	-24.504	-53.884	-301.63	65.315	-37.592	-67.471	37.583	3.1223	12.013	11.331	45.114	29.1	11.328	-90.154
-6.0767	4.8633	-25.365	5.5511	4.3702	0.76971	2.0907	-1.3711	3.4036	0.33744	-1.527	0.40688	0.51166	-1.4521	-2.6801	102.55	-302.41	-25.848	-81.634	21.125	65.357	-31.919	42.262	37.167	-49.942	30.814	12.669	1.0774
-5.4877	7.4849	-28.919	3.8386	-0.061815	-2.349	0.6665	-2.1929	4.4926	0.9224	-0.7233	1.566	0.76658	-0.59023	23.56	104.87	-142.17	-68.497	-177.28	-124.75	-56.969	-32.872	43.561	23.399	32.15	46.364	10.197	34.475
-5.4521	6.1366	-31.004	2.054	-0.42687	-3.009	2.8068	-0.48182	3.4516	0.82075	-1.9963	1.1086	-0.008521	-0.50383	1.4235	-53.932	-83.386	-71.385	-14.602	-26.402	85.61	68.443	-41.641	-4.066	-50.921	-18.297	-31.004	3.456
-5.5087	3.8629	-30.917	4.7812	-1.8905	-2.2395	0.69548	-2.502	1.329	-1.8472	-2.4585	1.7463	0.037416	0.59182	-2.2649	-90.948	3.4846	109.09	-58.544	30.779	-84.451	-80.806	-84.903	-106.72	-18.489	25.508	1.8375	43.826
-5.6875	2.6634	-31.066	2.2391	-1.9971	-2.3689	1.4361	-0.7143	1.5967	-0.55066	-1.6099	2.4194	-0.052268	0.90396	-7.1504	-47.982	-5.9649	-101.68	-4.266	-5.1741	29.625	71.506	10.708	51.863	33.946	26.924	-3.5874	12.485
-5.9057	3.9145	-29.363	1.0806	-0.89062	-1.775	1.505	-0.9174	3.137	-0.17764	-1.2623	2.8975	-0.78737	-0.88383	-8.7282	50.045	68.124	-46.342	44.26	23.756	2.7542	-8.1238	61.612	14.921	13.905	19.124	-29.404	-71.511
-6.2659	0.3684	-27.134	2.8971	1.2976	-3.6988	-0.019392	-2.1401	2.5662	-0.22138	-2.3163	2.6793	-0.064276	-0.23127	-14.409	-141.84	89.163	72.659	87.529	-76.951	-60.974	-48.907	-22.834	-1.7498	-42.162	-8.728	28.924	26.102
-6.7877	-6.8271	-24.025	1.6531	0.19311	-0.80366	0.32112	-0.16487	4.6164	-0.064644	-2.2992	3.3448	-0.46329	-0.62739	-20.874	-287.82	124.35	-49.758	-44.18	115.8	13.62	79.008	82.009	6.2696	0.68451	26.622	-15.961	-15.845
-5.8632	-3.9414	-15.786	5.2137	7.0063	3.3691	1.7609	-0.73051	2.7791	-0.4195	-1.747	2.6412	-0.24391	-0.41754	36.982	115.43	329.58	142.42	272.53	166.91	57.59	-22.626	-73.492	-14.194	22.09	-28.147	8.7753	8.3942
-4.7337	7.2744	-2.6322	-0.14341	9.1958	4.2358	-1.5741	-1.3111	1.5646	0.7248	-2.376	-0.572	-0.17073	-0.85168	45.179	448.63	526.14	-214.28	87.579	34.671	-133.4	-23.224	-48.579	45.772	-25.16	-128.53	2.9271	-17.366
-4.1778	4.6809	3.4369	-3.017	8.2944	5.2477	-3.6839	-0.036844	-0.32642	1.2091	-1.6442	-3.0843	1.4997	-1.1151	22.236	-103.74	242.77	-114.94	-36.055	40.476	-84.392	50.971	-75.643	19.372	29.27	-100.49	66.816	-10.535
-4.2137	2.7665	6.4992	-5.4001	7.4382	5.2253	-2.0691	-0.092789	-2.421	1.9057	-0.069205	-3.6017	0.89176	-0.14067	-1.4353	-76.573	122.49	-95.324	-34.249	-0.89727	64.591	-2.2378	-83.785	27.865	63	-20.696	-24.316	38.976
-4.0689	0.65845	8.9191	-4.2887	4.317	5.4403	-0.26843	0.50035	-3.6439	-0.053654	0.64771	-2.2989	-0.0019088	0.10339	5.7916	-84.324	96.797	44.457	-124.85	8.5998	72.027	23.725	-48.916	-78.375	28.677	52.113	-35.747	9.7622
-3.7614	-1.5848	10.613	-0.91915	0.98516	3.3128	0.89915	1.4872	-2.042	-3.0465	0.02433	-1.9915	1.3913	-0.38553	12.299	-89.732	67.746	134.78	-133.27	-85.1	46.703	39.476	64.079	-119.71	-24.935	12.293	55.727	-19.557
-3.6219	-5.2222	12.33	2.5126	-0.54934	0.19229	1.6872	1.6808	-0.11231	-2.9686	-2.9396	-1.6554	0.99267	0.59101	5.5788	-145.49	68.671	137.27	-61.38	-124.82	31.524	7.7433	77.186	3.115	-118.56	13.443	-15.944	39.062
-3.5798	-9.21	13.436	7.0117	-3.653	-1.3545	1.0382	1.7831	1.4392	-1.6498	-4.149	-2.4267	0.23832	0.62498	1.6872	-159.51	44.258	179.96	-124.15	-61.87	-25.962	4.0913	62.061	52.752	-48.375	-30.849	-30.174	1.3589
-3.6312	-11.109	13.623	8.0372	-2.3257	-4.7206	0.35058	1.7963	1.2664	-0.60319	-2.0553	-3.4243	-0.53866	0.82989	-2.059	-75.972	7.4667	41.021	53.095	-134.65	-27.504	0.52887	-6.9115	41.865	83.747	-39.903	-31.079	8.1963
-3.7261	-10.781	13.154	8.4456	-2.3974	-6.201	-1.1394	2.4409	1.1366	-0.40064	-1.1841	-2.5832	-0.70069	1.0831	-3.7966	13.135	-18.749	16.338	-2.8713	-59.214	-59.6	25.783	-5.1936	8.1024	34.85	33.642	-6.481	10.129
-3.64	-11.129	14.002	8.8258	-3.4715	-6.4768	-1.2644	1.4148	1.1501	0.64523	-0.79411	-2.7873	-0.9959	1.6735	3.444	-13.935	33.909	15.206	-42.964	-11.035	-4.9982	-41.043	0.54193	41.835	15.599	-8.1641	-11.808	23.616
-3.4198	-10.871	14.917	7.7052	-2.964	-6.3328	-1.694	-1.4702	2.2225	1.2927	-0.19197	-2.9948	-0.43476	1.0622	8.8083	10.333	36.599	-44.823	20.303	5.7621	-17.183	-115.4	42.896	25.897	24.086	-8.3006	22.445	-24.453
-3.0402	-7.5218	16.031	6.1458	-4.0375	-5.9151	-3.0709	-2.3272	3.5497	1.1027	-1.1077	-1.8514	0.35044	0.19718	15.184	133.97	44.565	-62.377	-42.943	16.708	-55.079	-34.278	53.084	-7.5969	-36.629	45.738	31.408	-34.6
-2.2697	-4.6364	17.012	5.8103	-5.5175	-5.8821	-4.3388	-1.9732	3.7698	1.389	-1.7243	-1.0939	0.36273	0.65426	30.82	115.42	39.254	-13.418	-59.198	1.32	-50.717	14.159	8.8074	11.45	-24.665	30.297	0.49138	18.283
-1.9027	-2.5074	18.113	5.8909	-7.5295	-6.6605	-4.2815	-1.7004	3.3426	1.5362	-1.3053	-1.5312	1.0257	0.84224	14.682	85.157	44.018	3.2209	-80.481	-31.135	2.2934	10.91	-17.091	5.8874	16.759	-17.491	26.521	7.5192
-1.7261	0.16945	17.585	5.2294	-7.8938	-7.9081	-4.9818	-0.79575	4.0841	0.55365	-1.0257	-0.75818	0.61241	0.63882	7.0611	107.08	-21.113	-26.457	-14.57	-49.904	-28.011	36.187	29.664	-39.301	11.186	30.921	-16.533	-8.1367
-1.54	6.2181	15.214	2.4469	-6.3411	-9.1655	-4.5102	1.1782	4.0029	1.204	-0.57944	0.027025	0.58979	0.27597	7.4463	241.94	-94.825	-111.3	62.109	-50.296	18.865	78.957	-3.2513	26.016	17.85	31.408	-0.90492	-14.514
-1.5143	10.778	14.883	-0.53868	-5.3389	-9.7938	-4.1624	3.0113	3.3167	1.2625	-0.69586	0.054363	0.82701	0.17439	1.028	182.4	-13.255	-119.42	40.088	-25.134	13.911	73.325	-27.445	2.3389	-4.6566	1.0935	9.489	-4.0632
-1.4646	10.073	14.808	-1.9282	-5.5779	-9.6737	-4.0611	4.0368	3.4571	0.72915	-0.9215	-0.18669	2.0339	-0.44784	1.9876	-28.218	-3.0003	-55.582	-9.563	4.8053	4.0531	41.019	5.6155	-21.335	-9.0258	-9.642	48.277	-24.889
-1.5466	13.412	13.166	-1.3238	-7.1899	-8.8538	-3.5953	4.2953	3.5801	0.50712	-1.19	0.043158	2.1137	-0.36502	-3.2805	133.58	-65.684	24.176	-64.479	32.797	18.629	10.341	4.9168	-8.881	-10.74	9.1938	3.1898	3.3126
-1.3711	15.163	12.006	-1.245	-7.493	-8.4568	-2.9919	4.3871	3.8408	0.54309	-1.1402	0.085481	2.3096	-0.24766	7.0196	70.024	-46.394	3.1541	-12.125	15.879	24.138	3.6727	10.432	1.4387	1.9937	1.6929	7.8349	4.6944
-1.5619	15.666	10.779	-0.96358	-8.0934	-8.4187	-3.5331	4.7176	3.9655	0.72727	-1.3191	-0.42391	2.7098	-0.92668	-7.6321	20.125	-49.067	11.255	-24.013	1.5215	-21.648	13.218	4.9853	7.367	-7.1587	-20.376	16.009	-27.16
-1.6845	15.246	10.885	-1.2383	-8.8255	-7.3794	-3.5669	4.4721	4.003	0.6133	-1.452	-0.23868	2.9853	-1.4695	-4.9031	-16.777	4.2271	-10.987	-29.286	41.573	-1.3527	-9.8198	1.4996	-4.5586	-5.3146	7.4091	11.022	-21.714
-1.5512	16.713	10.212	-1.3571	-9.5203	-6.9778	-2.1578	3.6837	3.6818	0.74546	-1.2828	0.33818	2.9878	-1.7532	5.3308	58.68	-26.894	-4.7517	-27.79	16.063	56.364	-31.536	-12.847	5.2865	6.7687	23.074	0.10036	-11.347
-1.7651	18.114	10.378	-2.4326	-9.4838	-6.11	-1.6345	3.1545	3.3014	0.71528	-0.82714	0.020133	2.9478	-1.4284	-8.5537	56.021	6.6422	-43.022	1.4607	34.713	20.932	-21.166	-15.218	-1.2074	18.225	-12.722	-1.6039	12.993
-1.9188	17.893	11.996	-4.6288	-9.6809	-4.8227	-0.65177	2.95	1.8543	1.0894	-0.78158	0.43122	3.3179	-1.7173	-6.1485	-8.846	64.697	-87.847	-7.8852	51.494	39.309	-8.1798	-57.88	14.966	1.8224	16.443	14.805	-11.557
-1.9644	17.308	13.199	-6.4936	-8.6895	-3.9093	0.52837	1.7204	1.2963	0.73948	0.31607	0.67418	2.4995	-1.2155	-1.8237	-23.376	48.104	-74.594	39.654	36.533	47.206	-49.186	-22.322	-13.998	43.906	9.7185	-32.734	20.073
-2.5038	13.229	14.678	-7.2215	-7.396	-2.1416	0.87089	0.50534	0.96029	0.90574	1.2155	0.72704	1.002	-0.44122	-21.579	-163.18	59.163	-29.116	51.741	70.71	13.7	-48.601	-13.44	6.6502	35.979	2.1144	-59.901	30.971
-3.1361	9.7007	14.246	-4.9041	-7.1267	-1.8014	1.8412	-0.88343	0.71824	1.6338	1.5558	0.9448	-0.64436	-0.089597	-25.289	-141.12	-17.254	92.695	10.774	13.608	38.813	-55.551	-9.6821	29.123	13.611	8.7103	-65.855	14.065
-3.6844	2.298	11.654	-2.028	-5.6378	1.6605	0.23775	-3.2629	2.4325	1.5432	1.8871	1.4098	-1.4605	-0.045989	-21.933	-296.11	-103.69	115.04	59.556	138.47	-64.138	-95.179	68.572	-3.6252	13.252	18.602	-32.646	1.7443
-5.1523	-4.1306	4.5098	-0.27088	-1.3268	3.0217	0.80597	-3.3411	1.7906	2.9296	1.2691	0.60868	-0.69307	1.1467	-58.715	-257.14	-285.77	70.286	172.44	54.449	22.729	-3.1282	-25.677	55.458	-24.723	-32.047	30.698	47.706
-5.9555	4.7604	-13.947	-1.8579	1.5243	5.3742	1.846	-0.99168	1.3039	1.233	2.5278	1.0185	-0.35839	0.76665	-32.13	355.64	-738.26	-63.481	114.04	94.101	41.599	93.978	-19.468	-67.866	50.351	16.395	13.387	-15.201
-5.7452	9.0917	-26.599	-6.0834	0.92287	3.7311	1.2152	-1.2664	2.5128	1.7322	1.7554	1.3376	-2.5641	-0.34991	8.4113	173.25	-506.09	-169.02	-24.057	-65.726	-25.232	-10.987	48.354	19.968	-30.899	12.763	-88.227	-44.663
-5.5211	5.9889	-30.51	-6.8489	0.7157	2.3107	0.2659	-0.10206	2.7676	1.2355	1.166	2.9942	-0.4795	1.045	8.964	-124.11	-156.42	-30.62	-8.2869	-56.813	-37.97	46.572	10.194	-19.869	-23.574	66.265	83.382	55.798
-5.8129	4.0069	-27.882	-6.8579	0.64382	5.5011	0.21541	-0.34211	2.4372	1.2251	0.43778	1.1421	-2.7607	1.2145	-11.671	-79.282	105.09	-0.35883	-2.8754	127.62	-2.0194	-9.6021	-13.217	-0.41494	-29.129	-74.084	-91.248	6.78
-5.9304	-0.57533	-29.921	-7.3001	-0.54921	4.0612	1.4146	-0.077637	1.1028	0.17508	1.7517	2.723	0.49634	-0.11127	-4.6998	-183.29	-81.539	-17.689	-47.721	-57.597	47.967	10.579	-53.377	-42	52.557	63.235	130.28	-53.032
-6.0736	3.0597	-30.01	-7.5926	-1.4332	2.7382	2.6784	1.2279	0.056248	-0.58076	-0.10203	2.6277	-1.3485	-0.85383	-5.7284	145.4	-3.5892	-11.698	-35.359	-52.92	50.553	52.223	-41.861	-30.234	-74.15	-3.8131	-73.795	-29.702
-6.2556	2.5648	-27.02	-5.9243	-0.93695	3.4844	4.3499	0.50295	-0.59856	-1.8612	0.74407	2.973	-2.1274	1.3236	-7.2791	-19.796	119.61	66.732	19.85	29.849	66.862	-29	-26.192	-51.218	33.844	13.814	-31.155	87.095
-6.9658	-1.903	-20.011	-3.2415	-4.3381	-0.85513	1.1235	-0.36962	-1.0137	-2.8374	1.0682	3.6511	-0.34767	1.1745	-28.409	-178.71	280.38	107.31	-136.04	-173.58	-129.06	-34.903	-16.607	-39.046	12.965	27.122	71.19	-5.9615
-7.5315	-11.636	-16.25	-6.8685	-6.4214	-1.6902	2.9627	2.2243	1.2694	-1.5851	-1.2045	2.6402	0.7376	2.2575	-22.627	-389.33	150.42	-145.08	-83.333	-33.402	73.568	103.76	91.324	50.09	-90.908	-40.436	43.411	43.321
-7.9259	-20.94	-12.222	-7.9273	-6.9189	-1.6207	4.4364	1.9918	2.8459	-1.7702	-0.5841	1.4397	0.018366	0.88268	-15.774	-372.16	161.11	-42.354	-19.899	2.78	58.95	-9.3025	63.063	-7.4045	24.816	-48.018	-28.769	-54.994
-8.9585	-33.073	-9.0888	-5.617	-6.3485	-3.0961	1.8686	0.24545	3.4783	-0.66497	-0.13346	1.8088	-0.75199	0.98609	-41.307	-485.32	125.34	92.414	22.815	-59.016	-102.71	-69.853	25.296	44.211	18.025	14.766	-30.814	4.1361
-6.7922	-38.039	1.7206	5.9667	-4.0376	0.3528	0.75823	0.15964	2.5761	-1.1054	0.9018	1.2449	-1.5174	1.5831	86.653	-198.64	432.38	463.35	92.435	137.96	-44.416	-3.4323	-36.09	-17.616	41.411	-22.557	-30.615	23.88
-3.5124	-13.992	16.114	6.189	-5.9913	-3.9452	-0.93344	0.30233	1.7921	0.62927	0.96332	-2.1187	-0.96545	1.747	131.19	961.89	575.76	8.8906	-78.146	-171.92	-67.667	5.7075	-31.358	69.385	2.461	-134.55	22.077	6.556
-2.8902	-2.7984	18.563	2.274	-5.9232	-4.5126	-3.697	-0.15759	1.8452	0.039011	0.16593	-2.9457	-0.85294	1.7377	24.889	447.75	97.932	-156.6	2.7227	-22.696	-110.54	-18.397	2.1204	-23.611	-31.896	-33.078	4.5002	-0.37239
-2.657	-1.7802	17.716	2.7322	-6.7184	-4.1354	-4.1699	-0.69452	2.2694	-0.018163	-0.024218	-2.7506	-0.221	1.7709	9.3281	40.729	-33.858	18.329	-31.808	15.086	-18.917	-21.477	16.972	-2.287	-7.6058	7.8038	25.278	1.3293
-2.2961	0.27815	15.886	3.5028	-6.6428	-5.0606	-4.235	-0.87517	2.823	0.66581	-0.32884	-2.5047	-0.097867	1.8626	14.435	82.334	-73.224	30.822	3.0252	-37.006	-2.6051	-7.2261	22.141	27.359	-12.185	9.8372	4.9253	3.6662
-2.1873	0.91849	16.056	3.3093	-6.5205	-6.6231	-4.2124	-0.41506	2.3676	1.2284	-0.47726	-2.2798	0.0060336	1.7063	4.3492	25.614	6.8063	-7.7395	4.8908	-62.503	0.90631	18.405	-18.214	22.503	-5.9369	8.9958	4.156	-6.2512
-2.06	1.624	15.742	3.7112	-6.9167	-8.6383	-3.2247	-0.58984	2.531	1.4238	-0.1765	-2.6008	0.3226	1.8024	5.0919	28.222	-12.543	16.078	-15.849	-80.605	39.508	-6.9914	6.5367	7.8174	12.03	-12.841	12.663	3.8464
-2.028	2.9689	15.685	2.5256	-7.7142	-8.4819	-2.4607	-0.99438	3.512	1.1376	-0.52145	-1.9476	0.53917	1.9937	1.2823	53.795	-2.304	-47.425	-31.897	6.2527	30.559	-16.181	39.237	-11.449	-13.798	26.13	8.6627	7.6492
-2.0597	2.7338	14.816	3.0619	-7.3048	-10.076	-0.3916	0.52407	2.4076	1.1083	-0.43351	-1.8921	1.0325	2.4178	-1.2685	-9.4042	-34.76	21.451	16.377	-63.777	82.764	60.738	-44.175	-1.1727	3.5176	2.2171	19.733	16.967
-2.1233	3.1786	15.095	3.6948	-9.2974	-9.8257	1.2982	0.85748	0.90333	1.8715	-1.0676	-1.7417	1.97	2.0659	-2.5455	17.792	11.176	25.318	-79.705	10.025	67.593	13.337	-60.171	30.529	-25.366	6.0168	37.501	-14.076
-2.0748	5.522	14.711	1.8353	-9.8139	-9.09	1.4314	0.61375	1.1099	2.2954	-1.8189	-1.9394	2.863	2.6645	1.9417	93.736	-15.371	-74.378	-20.66	29.429	5.3266	-9.7492	8.2637	16.958	-30.051	-7.9095	35.719	23.943
-1.9945	7.5924	14.366	0.99372	-9.5437	-9.1948	1.7246	1.414	0.54539	1.8777	-1.1779	-1.852	3.5307	2.3163	3.211	82.814	-13.785	-33.665	10.807	-4.1897	11.73	32.009	-22.581	-16.708	25.64	3.498	26.71	-13.929
-2.1539	6.9602	15.534	-1.1178	-8.4744	-7.7334	2.2174	0.76788	-0.82254	2.3262	-0.45522	-1.5118	3.7286	1.7867	-6.3751	-25.289	46.727	-84.46	42.775	58.455	19.711	-25.844	-54.717	17.938	28.908	13.607	7.9149	-21.185
-2.2709	8.8063	13.383	0.47855	-9.0293	-6.3664	0.40065	2.2327	-1.526	1.0748	0.83626	-0.99742	3.3533	0.69853	-4.6797	73.846	-86.04	63.853	-22.199	54.678	-72.671	58.593	-28.14	-50.053	51.659	20.576	-15.011	-43.526
-2.485	10.38	13.811	-2.272	-8.1711	-3.8607	-0.39337	2.0689	-2.0323	-0.94094	3.1694	-0.43605	1.5994	1.6572	-8.5634	62.942	17.12	-110.02	34.328	100.23	-31.761	-6.5527	-20.251	-80.631	93.327	22.455	-70.156	38.346
-2.8436	2.2395	16.043	-1.3189	-8.9512	-0.41472	-1.0344	1.3817	-1.9941	-3.7679	3.3128	2.1664	-1.0146	1.2545	-14.345	-325.61	89.268	38.124	-31.204	137.84	-25.639	-27.49	1.5282	-113.08	5.7337	104.1	-104.56	-16.107
-3.8611	-7.2203	14.519	1.191	-9.735	1.3965	2.1728	0.038907	-2.2669	-5.829	2.2678	4.1047	-2.2641	-0.42292	-40.701	-378.39	-60.95	100.4	-31.352	72.45	128.29	-53.71	-10.912	-82.444	-41.8	77.535	-49.978	-67.097
-4.3086	-13.275	13.124	2.7984	-8.4117	1.7539	3.6392	0.0061329	-2.8741	-6.7478	1.8758	3.9582	-2.2187	-0.22312	-17.897	-242.18	-55.798	64.293	52.931	14.297	58.657	-1.311	-24.287	-36.753	-15.678	-5.8621	1.8151	7.9919
-3.8667	-7.129	13.166	3.0041	-7.3624	0.82862	-0.097139	0.90693	-1.7901	-6.2816	1.8573	4.156	-1.5365	-0.71774	17.675	245.83	1.6812	8.2278	41.971	-37.013	-149.45	36.032	43.359	18.651	-0.73969	7.9115	27.288	-19.785
-3.4539	-6.9628	13.987	4.8935	-7.8644	-0.78483	-1.3226	1.1559	-1.6155	-6.3153	2.507	4.1402	-2.4105	1.182	16.511	6.6513	32.83	75.576	-20.08	-64.538	-49.016	9.9576	6.9849	-1.3481	25.986	-0.63267	-34.96	75.99
-3.2683	-7.481	14.509	4.2947	-7.7131	-2.1604	-0.32211	1.9154	-2.7551	-6.974	3.5613	3.6887	-1.1031	0.98513	7.4224	-20.73	20.869	-23.953	6.0552	-55.023	40.018	30.382	-45.585	-26.349	42.175	-18.06	52.295	-7.8748
-3.41	-7.6941	14.753	4.6839	-8.5145	-2.3355	0.19739	2.0552	-3.0564	-5.5134	3.4635	2.245	-0.75891	0.79467	-5.6679	-8.5247	9.7704	15.568	-32.057	-7.006	20.78	5.5912	-12.053	58.425	-3.9131	-57.747	13.768	-7.6188
-3.4043	-8.71	13.825	6.5087	-8.6467	-2.4874	-0.16337	2.426	-3.3187	-5.0432	2.4415	2.7564	-0.64378	1.0018	0.22845	-40.636	-37.106	72.994	-5.289	-6.0735	-14.43	14.832	-10.489	18.808	-40.88	20.457	4.6051	8.2871
-3.3902	-8.837	14.363	5.6517	-7.7411	-2.0824	-0.43497	0.94478	-2.1128	-5.6883	3.7599	2.1559	-0.60907	0.80302	0.56601	-5.0784	21.505	-34.28	36.225	16.201	-10.864	-59.249	48.233	-25.805	52.735	-24.022	1.3886	-7.9528
-3.3266	-8.794	14.69	6.1405	-8.2261	-1.8431	-1.4065	1.1905	-1.8162	-4.9747	3.6781	1.5874	-0.81616	1.5536	2.5414	1.7219	13.078	19.551	-19.402	9.5702	-38.862	9.8302	11.865	28.543	-3.2701	-22.739	-8.2836	30.025
-3.1839	-5.5647	14.582	5.0144	-8.2638	-2.2864	-1.6337	1.9215	-1.4053	-4.7619	3.7307	1.138	-0.40516	1.4824	5.7087	129.17	-4.3131	-45.043	-1.5063	-17.73	-9.0866	29.237	16.435	8.5117	2.1039	-17.978	16.44	-2.8509
-3.1318	-5.4556	14.773	4.9336	-7.9967	-2.3229	-2.7406	1.8686	-0.75098	-3.4414	3.3231	0.45865	-0.88066	2.6494	2.084	4.3649	7.631	-3.2305	10.684	-1.4618	-44.275	-2.1127	26.174	52.821	-16.306	-27.172	-19.02	46.68
-3.0314	-2.0931	14.756	3.5197	-8.4658	-2.1251	-2.1929	1.7053	-1.7725	-2.1945	3.7438	0.053058	-1.1477	2.6411	4.0174	134.5	-0.6797	-56.556	-18.764	7.9141	21.907	-6.5325	-40.862	49.877	16.827	-16.223	-10.683	-0.32897
-2.8536	-1.1496	14.495	4.9359	-9.3484	-3.9814	-3.3458	3.583	0.15486	-2.8836	2.1259	0.1588	0.10343	2.6906	7.1113	37.738	-10.455	56.647	-35.301	-74.252	-46.116	75.105	77.095	-27.565	-64.714	4.2297	50.046	1.9762
-2.5065	-1.108	15.683	4.2445	-9.0433	-5.3093	-2.9634	3.7464	0.46604	-1.739	1.6122	-0.26692	0.97644	2.4148	13.885	1.6652	47.547	-27.655	12.202	-53.118	15.298	6.5373	12.447	45.784	-20.548	-17.029	34.921	-11.029
-2.4441	1.2941	14.788	5.2995	-9.3508	-6.5674	-2.1391	2.3953	1.3258	-0.13932	-0.41893	0.22517	0.38266	3.2066	2.4946	96.085	-35.821	42.201	-12.301	-50.325	32.97	-54.042	34.389	63.986	-81.245	19.684	-23.751	31.669
-2.4651	-0.33091	14.914	5.0491	-7.5015	-8.5779	-2.512	2.4773	2.5433	-0.87755	-0.34628	0.36379	0.72456	2.2283	-0.83866	-65.002	5.0473	-10.016	73.971	-80.418	-14.916	3.2761	48.703	-29.529	2.9061	5.5445	13.676	-39.132
-2.5432	-2.5724	14.175	6.6379	-6.095	-10.868	-2.0741	2.6287	3.6981	-2.2022	-0.57375	1.4332	1.0534	0.55216	-3.1245	-89.662	-29.556	63.552	56.26	-91.6	17.518	6.0566	46.192	-52.985	-9.099	42.776	13.152	-67.044
-2.5545	-0.093918	12.315	5.3674	-5.1712	-8.5987	-4.0939	2.5299	3.839	-1.3582	-0.94163	0.88181	2.0717	-0.34364	-0.45204	99.141	-74.415	-50.822	36.956	90.766	-80.793	-3.9504	5.6374	33.76	-14.715	-22.055	40.733	-35.832
-2.7572	-0.19379	11.889	5.1283	-3.918	-9.0516	-4.4377	2.3967	4.6132	-1.053	-1.8205	0.80521	2.6189	-0.9315	-8.1096	-3.9951	-17.011	-9.5614	50.125	-18.115	-13.753	-5.3286	30.967	12.208	-35.156	-3.0642	21.891	-23.514
-2.8518	-0.46347	11.178	5.3713	-3.2218	-9.0955	-5.8989	2.8332	5.5226	-1.5841	-2.318	0.78265	3.5684	-1.8247	-3.781	-10.787	-28.454	9.719	27.849	-1.7565	-58.446	17.461	36.375	-21.243	-19.897	-0.90219	37.979	-35.728
-2.9059	-2.1629	11.536	4.7194	-1.9732	-8.7997	-6.6316	2.3135	5.895	-1.0608	-2.379	1.2686	1.9397	-1.1304	-2.1668	-67.978	14.297	-26.077	49.945	11.832	-29.309	-20.788	14.898	20.929	-2.4413	19.436	-65.149	27.771
-2.8366	-2.9125	11.056	5.8053	-1.9067	-9.6874	-6.548	3.1681	5.1744	-1.478	-1.8905	1.3338	2.1119	-1.8617	2.7712	-29.985	-19.177	43.435	2.6591	-35.506	3.3428	34.184	-28.827	-16.686	19.54	2.609	6.8878	-29.25
-2.8072	-3.4175	12.05	6.5805	-2.1917	-10.5	-5.6198	3.7329	3.4552	-0.99383	-1.0493	1.1939	1.2347	-1.653	1.1765	-20.198	39.776	31.008	-11.401	-32.495	37.128	22.592	-68.766	19.366	33.646	-5.597	-35.087	8.3464
-2.6898	-1.7536	12.234	6.6197	-3.709	-10.498	-4.1809	3.3354	2.5281	-0.68097	-0.52615	0.92357	-0.049886	-0.047671	4.6975	66.554	7.3431	1.5705	-60.692	0.065161	57.558	-15.901	-37.087	12.514	20.927	-10.812	-51.384	64.214
-2.59	0.15758	13.576	4.655	-4.3484	-10.821	-1.35	1.7124	1.9741	0.072452	-0.37481	-0.52648	0.79172	1.3029	3.9925	76.448	53.682	-78.591	-25.573	-12.903	113.24	-64.92	-22.158	30.137	6.0536	-58.002	33.664	54.023
-2.3736	5.5986	13.222	2.3555	-5.6768	-8.2927	-1.3355	1.5329	2.189	0.18621	-2.1197	0.06107	2.4143	0.55888	8.6556	217.64	-14.165	-91.98	-53.138	101.12	0.57936	-7.1782	8.5941	4.5502	-69.795	23.502	64.904	-29.761
-2.4423	9.9527	11.675	2.9834	-6.9074	-7.5278	0.316	1.6554	0.49474	0.20293	-2.935	0.89572	3.1236	-0.10095	-2.7489	174.16	-61.863	25.118	-49.223	30.594	66.06	4.8975	-67.769	0.66876	-32.613	33.386	28.37	-26.393
-2.6041	10.157	13.602	-0.81831	-6.341	-4.7773	0.029921	1.0629	-0.054484	-1.0379	-3.2366	2.4762	3.4927	-0.83015	-6.4713	8.1703	77.062	-152.07	22.656	110.02	-11.443	-23.698	-21.969	-49.633	-12.062	63.219	14.764	-29.168
-2.731	7.4528	12.633	-1.145	-4.6123	-1.975	-0.51372	-0.27663	-1.0219	-1.4188	-2.4489	3.4326	1.8709	-0.72846	-5.0761	-108.16	-38.77	-13.067	69.147	112.09	-21.746	-53.582	-38.696	-15.235	31.507	38.257	-64.869	4.0673
-2.9165	5.6902	11.934	-0.8724	-3.4059	-0.097512	0.98862	-2.5888	-3.1154	-1.2839	-0.77594	2.4688	0.8454	-0.2464	-7.4208	-70.505	-27.956	10.904	48.259	75.1	60.094	-92.485	-83.741	5.3932	66.918	-38.553	-41.021	19.283
-3.4786	5.7002	8.6984	-0.83628	0.78991	1.2944	0.34542	-3.0413	-4.073	1.1932	-0.22613	-0.44505	-0.21371	0.35238	-22.483	0.4009	-129.41	1.4448	167.83	55.676	-25.728	-18.102	-38.304	99.084	21.992	-116.55	-42.365	23.951
-3.9983	-1.2271	7.073	0.06321	2.706	5.0686	-1.1232	-4.0851	-1.2998	1.8762	-1.6715	-1.6435	-0.40506	-0.037584	-20.788	-277.09	-65.019	35.98	76.645	150.97	-58.745	-41.75	110.93	27.32	-57.816	-47.938	-7.6539	-15.598
-4.3837	-4.3476	3.1014	1.558	7.9689	3.169	-0.67433	-1.0959	-2.2376	1.6256	-2.438	-2.3903	-0.062207	-0.93663	-15.416	-124.82	-158.86	59.79	210.52	-75.986	17.955	119.57	-37.512	-10.022	-30.658	-29.873	13.714	-35.962
-4.6326	-9.018	0.74514	2.4141	10.244	2.8113	0.238	-1.1762	-1.4879	1.4266	-2.836	-2.5398	0.58149	-0.83127	-9.957	-186.82	-94.251	34.244	91.004	-14.309	36.493	-3.2114	29.987	-7.9608	-15.921	-5.9767	25.748	4.2145
-4.9234	-11.87	0.47664	3.2547	10.981	2.9251	0.0044659	-2.3853	-0.51532	1.3149	-2.9594	-1.9413	0.74342	-0.25838	-11.631	-114.1	-10.74	33.624	29.466	4.5553	-9.3413	-48.366	38.903	-4.4686	-4.9364	23.938	6.4769	22.916
-4.8795	-8.9624	-0.027728	3.5034	10.45	1.1951	0.20467	-0.47138	-1.1141	0.64195	-2.261	-1.6198	-0.23953	-0.21918	1.7566	116.32	-20.175	9.9487	-21.229	-69.2	8.0082	76.557	-23.951	-26.917	27.934	12.86	-39.318	1.5678
-4.7312	-9.1977	1.1702	4.0688	9.7267	0.86992	1.671	-0.9191	-2.347	1.0463	-1.993	-1.9299	-0.092749	-0.55259	5.9321	-9.4134	47.918	22.615	-28.931	-13.009	58.653	-17.909	-49.314	16.174	10.721	-12.403	5.8713	-13.336
-4.543	-8.1959	0.77424	4.1433	10.226	1.1597	0.80167	-0.095036	-2.8247	0.707	-1.7791	-1.9931	-0.31924	-0.67328	7.5268	40.071	-15.839	2.9835	19.955	11.591	-34.773	32.963	-19.109	-13.572	8.5566	-2.5272	-9.0595	-4.8275
-4.2911	-6.5408	1.4453	3.458	10.238	1.356	0.64129	-0.29556	-3.171	1.2109	-2.3178	-1.409	-0.97922	-0.51617	10.079	66.203	26.842	-27.413	0.48902	7.8539	-6.415	-8.021	-13.853	20.155	-21.55	23.362	-26.399	6.2844
-4.1158	-2.4091	1.281	2.2547	9.9906	2.017	0.53981	-1.2819	-2.5297	1.5622	-2.8644	-1.7425	-0.58029	-0.72301	7.0121	165.27	-6.5722	-48.134	-9.8865	26.437	-4.0593	-39.454	25.654	14.051	-21.861	-13.342	15.957	-8.2738
-3.9789	-1.0102	2.0958	1.499	10.085	2.5331	-0.89461	-1.3586	-1.1405	0.38849	-3.213	-0.94938	-0.7162	-1.0742	5.4748	55.956	32.593	-30.225	3.7824	20.645	-57.377	-3.0688	55.567	-46.947	-13.944	31.726	-5.4362	-14.048
-3.8942	-2.0064	3.5999	0.096113	10.67	2.7247	-0.81967	-1.8038	-0.5394	-0.55877	-2.4445	-1.0791	-1.1228	-0.74677	3.3862	-39.849	60.162	-56.117	23.396	7.6651	2.9973	-17.805	24.043	-37.89	30.74	-5.1902	-16.264	13.097
-3.8146	-1.7187	3.5259	0.31398	10.367	2.4012	-0.066291	-2.1193	-1.4498	0.43377	-2.7944	-1.3747	-1.0958	-0.55303	3.1852	11.509	-2.9593	8.7145	-12.143	-12.94	30.135	-12.622	-36.416	39.702	-13.999	-11.824	1.0815	7.7498
-3.7357	-2.9965	5.0276	-1.3038	10.675	3.6836	-0.45572	-2.8668	-0.38123	-0.45114	-2.7374	-1.5957	-1.1231	0.20953	3.1555	-51.114	60.07	-64.713	12.347	51.297	-15.577	-29.901	42.742	-35.397	2.2836	-8.8396	-1.092	30.502
-3.6534	-0.29369	4.653	-1.5107	9.7303	3.9159	-0.78238	-2.4404	-1.3757	0.0029829	-2.1564	-2.1834	-0.73069	-0.27386	3.2913	108.11	-14.985	-8.2724	-37.797	9.2919	-13.066	17.058	-39.78	18.165	23.24	-23.506	15.695	-19.336
-3.6202	0.60479	5.4925	-1.0923	8.4595	3.1552	0.38731	-3.235	-2.91	1.4109	-2.1291	-2.56	-0.56175	0.19086	1.3278	35.939	33.58	16.733	-50.832	-30.431	46.788	-31.786	-61.37	56.315	1.092	-15.066	6.7574	18.589
-3.5962	1.6426	6.0331	-1.4059	7.1078	3.0174	0.036457	-3.6858	-1.9856	1.0581	-1.758	-2.168	-1.0308	0.58255	0.96166	41.511	21.626	-12.542	-54.069	-5.51	-14.034	-18.032	36.974	-14.111	14.84	15.679	-18.763	15.668
-3.6951	-0.68037	8.599	-1.3988	4.7826	2.7602	0.74685	-3.4391	-3.2682	1.1885	-0.53538	-2.1969	-1.4683	1.3515	-3.9569	-92.917	102.63	0.28232	-93.005	-10.287	28.416	9.8698	-51.301	5.2168	48.907	-1.1528	-17.5	30.756
-3.7896	-0.24989	9.1847	-2.1758	3.7892	2.6146	2.0595	-4.0751	-4.0233	1.8475	0.47937	-2.5637	-1.6331	1.6871	-3.7801	17.219	23.428	-31.078	-39.737	-5.8271	52.507	-25.441	-30.207	26.36	40.59	-14.675	-6.5905	13.427
-3.8487	-1.638	9.8299	-1.9952	2.8972	3.5387	1.8069	-4.0239	-4.5277	2.2115	1.0801	-3.3257	-1.4097	1.8811	-2.3636	-55.524	25.808	7.2236	-35.682	36.964	-10.107	2.0495	-20.173	14.559	24.028	-30.478	8.9348	7.7604
-3.912	-2.7577	10.244	-1.3786	1.833	3.0024	2.6029	-4.2995	-3.8831	1.1178	1.3292	-3.195	-1.0964	1.3767	-2.53	-44.789	16.546	24.664	-42.567	-21.451	31.842	-11.026	25.782	-43.745	9.9637	5.2294	12.533	-20.179
-3.9955	-3.4647	10.1	-0.93122	1.3109	2.8252	2.3496	-3.3712	-4.9863	1.5693	1.0518	-2.5832	-0.96245	0.80215	-3.3402	-28.278	-5.7417	17.895	-20.882	-7.0884	-10.134	37.132	-44.125	18.06	-11.096	24.471	5.3573	-22.98
-4.0213	-4.3036	11.151	-0.29772	-0.85286	2.3586	4.233	-4.0139	-5.0324	1.6848	1.7697	-2.9214	-1.1719	1.2303	-1.0351	-33.556	42.038	25.34	-86.551	-18.662	75.338	-25.705	-1.8476	4.6179	28.717	-13.53	-8.3766	17.126
-4.0495	-4.5528	11.64	-0.35158	-1.4951	1.8567	4.6328	-4.2793	-5.3187	1.7482	1.7852	-2.3359	-1.2949	0.88225	-1.1281	-9.9688	19.568	-2.1543	-25.688	-20.078	15.991	-10.62	-11.451	2.5357	0.62112	23.422	-4.9216	-13.922
-4.0828	-5.0559	12.212	-0.11785	-2.238	0.82216	5.2819	-3.2386	-5.9942	0.92933	1.3455	-0.25718	-1.9361	0.25343	-1.3293	-20.126	22.858	9.3492	-29.716	-41.381	25.965	41.628	-27.019	-32.753	-17.589	83.148	-25.647	-25.153
-4.1204	-5.966	11.828	0.82677	-3.4977	1.8837	4.7431	-3.1997	-5.8234	0.3386	1.8703	0.23441	-1.9959	-0.15888	-1.5036	-36.403	-15.363	37.785	-50.39	42.461	-21.552	1.558	6.8333	-23.629	20.994	19.664	-2.3932	-16.492
-4.1793	-6.7417	11.7	0.70167	-2.5434	1.4361	3.7901	-2.3297	-5.0949	-0.9451	1.6791	0.75149	-1.324	-0.47497	-2.358	-31.028	-5.1013	-5.0043	38.174	-17.903	-38.119	34.797	29.137	-51.348	-7.6507	20.683	26.877	-12.643
-4.2711	-9.1829	11.228	2.5189	-3.0217	2.3819	2.5107	-2.2173	-4.095	-2.2204	2.0997	1.0805	-0.82926	-0.63657	-3.6721	-97.649	-18.899	72.689	-19.134	37.832	-51.175	4.4973	39.996	-51.012	16.826	13.159	19.789	-6.464
-4.3635	-11.918	11.795	3.2121	-3.2801	2.8938	1.8421	-2.1571	-3.5197	-2.468	1.2389	2.0434	-1.277	0.12666	-3.6935	-109.4	22.704	27.727	-10.334	20.475	-26.744	2.4088	23.012	-9.9052	-34.434	38.519	-17.909	30.529
-4.5189	-15.006	12.484	3.0755	-4.1213	4.5526	2.0329	-3.7019	-3.3242	-0.83287	0.11768	1.7121	-1.3976	0.66891	-6.2167	-123.51	27.573	-5.4609	-33.648	66.352	7.6319	-61.794	7.8209	65.406	-44.848	-13.253	-4.8243	21.69
-4.6947	-14.969	10.947	4.52	-5.542	5.4417	2.1539	-3.6737	-2.9964	-0.7121	-0.48885	1.6564	-1.3325	1.0997	-7.0316	1.4842	-61.513	57.779	-56.831	35.563	4.8383	1.1317	13.111	4.831	-24.261	-2.2276	2.6035	17.232
-4.8282	-17.452	11.709	4.5061	-4.2545	4.3889	1.1144	-3.81	-1.7436	-0.30081	0.15777	0.57652	-2.016	1.5436	-5.3421	-99.318	30.514	-0.5584	51.501	-42.113	-41.582	-5.4553	50.114	16.452	25.865	-43.196	-27.34	17.756
-4.8958	-18.956	12.373	5.0512	-5.312	3.9271	0.93526	-3.2608	-0.77002	-1.5169	1.1939	0.90245	-2.7199	2.0326	-2.7038	-60.175	26.522	21.806	-42.299	-18.471	-7.1642	21.971	38.944	-48.645	41.446	13.037	-28.156	19.559
-4.9753	-18.766	12.522	5.3338	-7.2655	4.7599	1.317	-2.2544	-2.2187	-1.877	1.7111	1.5067	-2.3347	0.80747	-3.1799	7.5994	5.9788	11.304	-78.14	33.314	15.269	40.252	-57.945	-14.404	20.686	24.17	15.407	-49.004
-5.1038	-18.679	13.117	2.9934	-7.5373	5.6184	1.8431	-2.6372	-2.819	-1.456	2.6459	0.82948	-2.5398	1.3438	-5.1395	3.4607	23.82	-93.615	-10.873	34.338	21.044	-15.311	-24.015	16.84	37.391	-27.089	-8.2026	21.452
-5.339	-18.396	11.517	4.1419	-7.4561	4.5257	2.2754	-2.773	-3.2971	-0.73919	2.7981	0.66852	-2.3212	0.87958	-9.4067	11.328	-64.007	45.94	3.2473	-43.708	17.293	-5.4306	-19.125	28.674	6.0877	-6.438	8.7439	-18.567
-5.903	-17.458	6.3471	4.2955	-5.9619	0.9118	2.6882	-2.0887	-1.1242	-1.5035	3.1343	2.0754	-1.7434	-0.34004	-22.561	37.537	-206.81	6.1446	59.769	-144.55	16.512	27.372	86.918	-30.571	13.449	56.277	23.114	-48.785
