-6.5963	-9.859	-10.118	4.525	-1.0131	1.2102	2.5268	-1.1895	-0.58137	0.99044	0.24444	-0.35023	-0.038476	-0.68572	0	0	0	0	0	0	0	0	0	0	0	0	0	0
-3.5586	9.1743	6.7499	-3.006	0.85726	-0.11141	-0.77088	1.9171	-1.7634	-1.0056	2.5213	0.51366	0.032632	-1.4943	121.51	761.33	674.71	-301.24	74.813	-52.863	-131.91	124.27	-47.281	-79.841	91.074	34.556	2.8443	-32.342
-2.9326	29.355	7.7075	-6.1874	0.85038	-1.2602	-2.4291	1.2261	-2.8951	-2.4934	4.3188	0.60692	1.2466	-1.0747	25.038	807.21	38.303	-127.26	-0.27525	-45.951	-66.328	-27.64	-45.269	-59.513	71.901	3.7301	48.56	16.783
-2.5476	20.395	10.566	-3.5207	-1.5244	-0.56081	-3.6196	3.3471	-3.205	-2.8404	3.4605	1.303	2.2144	-1.3202	15.403	-358.4	114.36	106.67	-94.992	27.975	-47.62	84.838	-12.395	-13.879	-34.332	27.844	38.712	-9.8216
-2.6639	20.211	11.421	-2.9577	-3.2043	-0.66059	-4.0467	4.9922	-3.0572	-3.4198	3.3442	0.81181	3.4542	-1.8858	-4.6535	-7.3428	34.166	22.521	-67.196	-3.9914	-17.083	65.802	5.9128	-23.177	-4.6528	-19.648	49.59	-22.623
-2.7016	17.485	12.613	-2.4156	-3.4484	-1.8477	-3.1783	5.4944	-2.014	-3.6293	3.049	-0.22598	3.444	-0.27036	-1.5084	-109.05	47.695	21.684	-9.7645	-47.484	34.733	20.091	41.726	-8.3801	-11.807	-41.512	-0.4099	64.618
-2.882	17.286	12.087	-0.69911	-4.197	-2.0881	-3.0945	5.7323	-0.86392	-3.5835	2.2781	-0.85908	3.9367	-0.45292	-7.2158	-7.962	-21.058	68.659	-29.944	-9.6177	3.3533	9.5144	46.004	1.8305	-30.836	-25.324	19.709	-7.3023
-3.0681	16.023	12.871	-0.87373	-3.302	-2.7466	-2.3255	5.5165	-0.84417	-3.3437	1.9544	-0.86402	3.7494	-0.25563	-7.442	-50.516	31.374	-6.9847	35.801	-26.338	30.76	-8.6312	0.79011	9.5931	-12.949	-0.19737	-7.4891	7.8915
-3.2379	14.888	12.955	-0.52744	-3.8582	-1.9695	-2.1953	5.5008	-1.5402	-2.9743	2.0532	-0.59291	3.4788	-0.62829	-6.7932	-45.403	3.3536	13.851	-22.246	31.083	5.2081	-0.62878	-27.84	14.775	3.9526	10.844	-10.825	-14.906
-3.5258	10.229	14.01	-0.78213	-2.4085	-2.1451	-1.2913	4.9167	-2.6702	-2.0066	1.7255	0.25766	2.93	-1.1209	-11.518	-186.35	42.222	-10.187	57.987	-7.0229	36.161	-23.364	-45.203	38.71	-13.108	34.023	-21.951	-19.706
-4.0376	9.5516	11.72	-1.049	-0.18737	-2.7991	0.98715	2.7999	-2.8115	-1.7108	1.7194	1.5666	1.7849	-1.9266	-20.47	-27.095	-91.627	-10.676	88.844	-26.162	91.137	-84.673	-5.6502	11.834	-0.2456	52.358	-45.804	-32.228
-4.9067	-0.75236	7.2514	-0.5469	-0.47811	-0.65881	0.34187	1.444	-1.1342	-1.4212	1.0893	0.76212	1.1274	-0.92027	-34.763	-412.16	-178.73	20.085	-11.629	85.613	-25.811	-54.236	67.092	11.581	-25.201	-32.18	-26.301	40.254
-6.7943	-17.092	-0.68284	-0.85328	4.6939	9.7235	0.48259	0.76372	2.0469	-1.9174	0.74356	0.24934	-1.9212	0.42695	-75.504	-653.59	-317.37	-12.255	206.88	415.29	5.6285	-27.21	127.24	-19.848	-13.831	-20.511	-121.94	53.889
-7.5813	-21.794	-7.9878	4.4632	6.5725	7.2123	2.6982	0.68039	2.5209	-1.528	-0.7101	0.57752	-1.3203	-0.15245	-31.479	-188.1	-292.2	212.66	75.145	-100.45	88.623	-3.3329	18.961	15.576	-58.146	13.127	24.036	-23.176
-8.3586	-30.059	-7.9949	1.8336	5.9822	7.3874	1.0376	1.1362	4.9517	-1.9399	-1.6083	-0.11398	-1.4587	0.03173	-31.094	-330.59	-0.28308	-105.18	-23.612	7.003	-66.422	18.234	97.228	-16.476	-35.929	-27.66	-5.5341	7.3673
-5.1916	12.983	-8.4193	-7.8617	3.4836	-4.9871	1.1352	0.13465	0.71647	-4.0347	0.24014	-1.3239	-0.45421	1.844	126.68	1721.7	-16.978	-387.81	-99.944	-494.98	3.9051	-40.063	-169.41	-83.788	73.939	-48.397	40.178	72.49
-3.2665	25.862	-1.7165	-3.6331	5.5539	-3.3742	1.6256	-0.14983	-0.96812	-0.43453	1.6166	-1.1268	-1.0551	0.55077	77.003	515.19	268.11	169.14	82.809	64.518	19.615	-11.379	-67.384	144	55.057	7.8848	-24.037	-51.728
-2.8709	31.611	6.8435	-7.4366	7.5189	-2.0972	-1.8108	0.19717	-5.3142	0.88986	1.0913	-1.6323	0.42436	-1.0429	15.825	229.94	342.4	-152.14	78.6	51.08	-137.46	13.88	-173.84	52.976	-21.01	-20.22	59.18	-63.748
-2.2934	28.647	8.5392	-5.5374	4.0202	-0.67326	-3.0825	-0.59695	-3.4624	1.5582	0.86469	-1.4217	-0.22945	-0.39675	23.101	-118.56	67.826	75.967	-139.95	56.956	-50.867	-31.765	74.069	26.732	-9.0651	8.4233	-26.152	25.847
-1.9726	34.369	8.0215	-6.3971	4.2962	-1.6106	-3.6041	-0.97361	-2.0569	1.4749	0.23629	-0.081143	-0.53259	0.4462	12.83	228.88	-20.706	-34.387	11.038	-37.493	-20.864	-15.066	56.221	-3.3295	-25.136	53.623	-12.126	33.718
-1.6734	36.969	8.2	-7.1526	3.5044	-1.1498	-4.9046	-0.33235	-2.0467	1.4943	1.3047	-0.67552	-0.060212	-0.025495	11.968	104	7.1409	-30.219	-31.671	18.433	-52.02	25.65	0.40784	0.77387	42.735	-23.775	18.895	-18.868
-1.4406	39.936	7.1126	-6.6185	2.473	-0.82656	-5.146	-0.077712	-2.0251	1.9286	1.3214	-0.5478	-0.26571	0.093042	9.3113	118.68	-43.499	21.36	-41.256	12.928	-9.6538	10.185	0.86492	17.375	0.66847	5.1088	-8.22	4.7415
-1.3397	44.894	4.1677	-6.1167	2.5451	-1.1314	-4.9063	-0.10857	-1.8861	2.3642	0.78487	0.087955	-1.0564	0.33005	4.0389	198.34	-117.79	20.073	2.8864	-12.192	9.5886	-1.2342	5.5585	17.421	-21.46	25.43	-31.626	9.4803
-1.3206	42.35	6.3105	-6.963	2.248	-0.92119	-5.8459	1.3074	-2.4364	2.6289	1.4312	-0.78896	-0.2624	-0.34575	0.76363	-101.76	85.71	-33.85	-11.885	8.4069	-37.585	56.637	-22.01	10.591	25.854	-35.076	31.758	-27.032
-1.3663	43.271	5.4402	-6.8503	1.7939	-1.4047	-4.9428	1.2761	-2.3298	3.4093	1.023	-0.24183	-1.0505	-0.78753	-1.8291	36.839	-34.812	4.5057	-18.165	-19.339	36.124	-1.2484	4.2626	31.213	-16.329	21.885	-31.524	-17.671
-1.3668	43.862	5.2261	-7.4292	1.1204	-1.2576	-4.6782	1.5974	-1.6849	3.3468	1.6069	-0.59977	-1.0654	-0.94962	-0.019718	23.607	-8.5609	-23.154	-26.938	5.8828	10.584	12.849	25.798	-2.4967	23.356	-14.318	-0.59434	-6.4835
-1.4014	41.89	6.659	-8.1845	0.71728	-0.79462	-4.9735	2.9409	-2.476	3.6732	2.3548	-1.5577	-0.45043	-1.7371	-1.3828	-78.859	57.313	-30.214	-16.125	18.52	-11.814	53.743	-31.647	13.053	29.916	-38.318	24.597	-31.5
-1.4501	40.398	7.3177	-7.5401	-0.693	-0.67629	-4.0932	3.3111	-1.8887	2.8607	2.7996	-1.5912	-0.68244	-1.7658	-1.9471	-59.701	26.348	25.777	-56.411	4.733	35.215	14.807	23.493	-32.497	17.794	-1.3391	-9.2803	-1.1454
-1.4413	40.309	7.1747	-6.7683	-1.5988	-0.87199	-3.2686	3.1953	-1.8243	2.9017	2.2394	-0.78887	-1.3903	-1.624	0.35174	-3.5574	-5.7164	30.873	-36.233	-7.8279	32.981	-4.6326	2.5772	1.6367	-22.407	32.093	-28.316	5.6711
-1.482	41.735	6.1156	-6.2495	-1.9555	-1.4792	-2.0257	2.0775	-1.7392	3.1838	2.0498	0.034446	-2.0843	-1.4813	-1.631	57.054	-42.365	20.749	-14.268	-24.29	49.718	-44.713	3.4027	11.287	-7.5866	32.933	-27.758	5.7056
-1.6341	40.03	6.2957	-6.759	-0.41747	-3.5328	-1.0459	2.3161	-2.1255	3.3271	2.0077	0.3653	-2.1286	-1.0133	-6.0835	-68.205	7.2042	-20.379	61.522	-82.14	39.192	9.5444	-15.452	5.7283	-1.6844	13.234	-1.7737	18.723
-1.9813	38.685	2.4898	-1.87	-2.9686	-2.0982	-0.58012	1.5196	-1.6478	3.5293	1.1707	0.84718	-2.2055	-0.17099	-13.888	-53.806	-152.24	195.56	-102.04	57.38	18.63	-31.859	19.107	8.091	-33.48	19.275	-3.0753	33.691
-2.8772	33.329	1.1718	0.46828	-2.9545	-1.9625	0.45153	2.5294	-2.1681	3.3163	1.0823	1.1673	-2.2302	-0.47993	-35.833	-214.25	-52.721	93.531	0.5626	5.4294	41.266	40.39	-20.812	-8.5211	-3.5333	12.804	-0.98555	-12.358
-4.0518	22.886	-2.6184	4.8472	-4.2971	-2.9043	3.6484	-1.2452	0.1043	0.3045	1.7441	-0.33688	-1.6282	-0.82082	-46.985	-417.7	-151.61	175.16	-53.705	-37.67	127.88	-150.98	90.897	-120.47	26.469	-60.167	24.077	-13.636
-5.0293	16.6	-12.013	8.285	-5.1899	-0.8709	1.5019	-4.0581	1.749	-1.3055	2.208	-2.5219	0.12017	-0.3825	-39.101	-251.43	-375.77	137.51	-35.711	81.334	-85.86	-112.52	65.789	-64.399	18.559	-87.403	69.936	17.533
-5.4385	12.034	-18.613	8.9924	-4.9795	-0.47188	3.6792	-0.58489	4.7467	-0.72389	1.0908	-2.285	-0.47949	0.98986	-16.366	-182.64	-263.99	28.297	8.4167	15.961	87.093	138.93	119.91	23.263	-44.688	9.4783	-23.986	54.894
-5.3867	5.9186	-24.664	10.393	-2.5245	-0.5575	4.028	0.94772	4.0413	-1.1261	0.263	-1.7183	-2.5652	0.082218	2.072	-244.63	-242.05	56.015	98.199	-3.4249	13.951	61.305	-28.215	-16.087	-33.114	22.667	-83.43	-36.306
-5.0088	4.6579	-25.918	10.691	-3.0877	-0.81523	3.7952	-0.96584	3.6939	-2.4698	-0.97991	-1.5116	-0.08622	0.90565	15.113	-50.427	-50.184	11.914	-22.528	-10.309	-9.3129	-76.543	-13.896	-53.751	-49.717	8.2674	99.16	32.937
-4.4451	11.395	-25.759	9.3303	-4.3156	-0.38672	4.9445	-2.7009	3.9617	0.17802	0.05716	-0.81802	-0.15374	1.069	22.551	269.47	6.3843	-54.413	-49.118	17.14	45.97	-69.401	10.714	105.91	41.483	27.744	-2.7007	6.5327
-3.8647	18.048	-25.988	7.0784	-3.1729	-0.98366	5.929	-2.9592	3.4473	-0.012746	0.28654	-0.98092	-1.4627	0.92285	23.214	266.15	-9.1677	-90.076	45.709	-23.878	39.383	-10.334	-20.576	-7.6308	9.1751	-6.5161	-52.358	-5.8446
-3.5998	16.177	-25.715	6.8423	-0.76439	1.4742	8.0693	-4.5548	2.7339	2.3653	-1.1734	0.11201	-2.5592	0.99159	10.599	-74.877	10.902	-9.443	96.34	98.315	85.611	-63.821	-28.538	95.121	-58.399	43.717	-43.862	2.7494
-3.7057	17.533	-22.872	4.2971	-1.167	1.7956	8.2303	-6.7577	-1.4307	2.9324	-0.08196	0.1724	-2.1147	1.0372	-4.2373	54.258	113.73	-101.81	-16.105	12.856	6.4398	-88.117	-166.58	22.686	43.659	2.4157	17.78	1.8249
-4.4322	15.546	-21.062	0.68823	-0.52368	0.52074	6.3302	-6.0246	-1.8434	2.3486	0.22534	1.4718	-0.77621	0.061134	-29.062	-79.493	72.42	-144.35	25.733	-50.995	-76.005	29.325	-16.507	-23.352	12.292	51.975	53.54	-39.043
-6.064	-2.3976	-19.291	-2.974	-1.4041	-0.10173	6.0366	-2.9632	-2.471	-0.58573	1.0618	0.48065	-0.51209	0.22424	-65.269	-717.73	70.813	-146.49	-35.215	-24.899	-11.743	122.46	-25.106	-117.37	33.459	-39.644	10.565	6.5243
-7.4814	-18.669	-13.41	-2.4253	-0.66026	0.69029	7.0765	0.69181	0.37651	0.8428	0.081045	-0.2662	0.35377	0.38336	-56.697	-650.86	235.27	21.945	29.752	31.681	41.596	146.2	113.9	57.141	-39.231	-29.874	34.634	6.3648
-8.5533	-14.806	-10.358	2.0443	-3.5167	0.10297	2.3965	0.94803	5.6042	-3.9097	-1.1818	-1.4321	-1.0081	0.2223	-42.878	154.54	122.08	178.78	-114.26	-23.493	-187.2	10.249	209.11	-190.1	-50.513	-46.635	-54.475	-6.4423
-8.6167	-27.994	-16.895	6.66	-3.721	1.5348	4.5682	-2.0293	4.4778	-5.0178	-0.67825	-1.3315	-1.7237	0.75945	-2.5351	-527.54	-261.5	184.63	-8.1722	57.273	86.869	-119.09	-45.058	-44.323	20.141	4.0212	-28.625	21.486
-9.5848	-42.005	-20.101	6.5358	-2.5867	1.1269	3.1006	-2.3044	3.9951	-2.3935	1.132	-2.2799	0.42906	0.19754	-38.722	-560.42	-128.21	-4.9699	45.372	-16.315	-58.706	-11.001	-19.309	104.97	72.41	-37.934	86.112	-22.477
-7.0812	-33.713	-1.2413	8.4351	0.86647	4.6675	0.87635	0.077802	4.2026	-1.4001	-2.8373	0.58865	1.0113	-0.48532	100.14	331.64	754.38	75.974	138.13	141.62	-88.97	95.286	8.3012	39.736	-158.77	114.74	23.288	-27.314
-6.1908	-6.1574	1.7992	4.1656	1.9469	5.5983	-1.2059	2.2736	2.9336	-1.4798	-3.326	-1.5286	2.8524	-2.0661	35.619	1102.2	121.62	-170.78	43.217	37.231	-83.289	87.833	-50.758	-3.1872	-19.551	-84.689	73.643	-63.231
-5.7616	-3.3125	2.6727	3.7404	2.2825	4.1402	-1.2519	1.8554	2.9554	-1.265	-4.3088	-1.014	3.0471	-1.6909	17.167	113.8	34.941	-17.01	13.424	-58.325	-1.8433	-16.728	0.8727	8.5938	-39.309	20.583	7.789	15.006
-5.3753	-1.2656	2.9582	3.033	1.6778	3.9683	-0.76354	2.1871	2.4654	-1.4542	-3.8847	-1.3153	2.4158	-1.1562	15.452	81.878	11.422	-28.296	-24.188	-6.875	19.536	13.268	-19.603	-7.5698	16.962	-12.052	-25.253	21.391
-4.6957	13.868	0.051738	-0.041666	3.4955	3.344	-1.2527	-0.22306	-1.331	1.286	-0.92913	-1.6388	0.94779	-0.5331	27.182	605.36	-116.26	-122.98	72.709	-24.972	-19.566	-96.408	-151.85	109.61	118.22	-12.938	-58.719	24.922
-4.2842	18.906	-3.436	0.22031	9.9412	0.23417	-4.8329	1.3194	0.26422	2.4654	-2.8654	-1.3301	1.4647	-0.99072	16.463	201.51	-139.51	10.479	257.83	-124.39	-143.21	61.697	63.807	47.176	-77.449	12.345	20.678	-18.305
-4.2158	18.691	-4.1312	1.2057	10.056	0.6894	-6.7248	2.9677	1.011	0.55998	-2.1738	-1.5165	2.5585	-2.0095	2.7338	-8.5938	-27.806	39.416	4.5754	18.209	-75.673	65.932	29.872	-76.215	27.662	-7.4545	43.75	-40.751
-4.2417	18.376	-5.333	2.4482	10.628	-0.39896	-6.0376	3.0884	0.84792	0.50537	-2.6363	-1.0255	2.1008	-1.7392	-1.0352	-12.626	-48.073	49.698	22.901	-43.534	27.488	4.8298	-6.5244	-2.1846	-18.5	19.64	-18.308	10.813
-4.3412	16.865	-5.5856	2.609	11.322	-0.62355	-5.8024	3.0122	0.81547	0.27929	-2.181	-1.4319	2.0814	-1.923	-3.9813	-60.43	-10.105	6.4356	27.772	-8.9836	9.4059	-3.0483	-1.298	-9.0433	18.213	-16.257	-0.77531	-7.3517
-4.5822	11.61	-4.8427	2.7525	11.828	0.21039	-5.4911	2.4793	1.2398	0.0026651	-2.1973	-1.8999	2.2731	-1.5175	-9.6402	-210.21	29.718	5.737	20.222	33.358	12.451	-21.317	16.972	-11.065	-0.65297	-18.719	7.6687	16.218
-5.3838	2.4725	-4.5397	3.0137	12.041	0.36084	-4.9163	1.7355	1.0911	0.32427	-2.5698	-2.6065	2.4862	-1.3628	-32.062	-365.49	12.118	10.449	8.5271	6.0178	22.994	-29.752	-5.9461	12.864	-14.897	-28.263	8.5236	6.1888
-6.9171	-17.741	-4.1753	6.9425	7.2394	1.3206	-1.0135	2.1117	2.7695	0.36091	-1.2038	-1.787	1.1197	0.44857	-61.334	-808.55	14.579	157.15	-192.07	38.391	156.11	15.046	67.136	1.4657	54.64	32.78	-54.659	72.455
-8.2995	-36.184	-3.7093	14.205	4.427	3.1908	0.66525	-0.098465	5.4352	-3.5581	-3.3464	-0.51963	-0.72559	0.17267	-55.293	-737.73	18.637	290.49	-112.49	74.807	67.151	-88.405	106.63	-156.76	-85.706	50.693	-73.813	-11.036
-9.4865	-52.98	-5.9908	10.576	1.7736	3.0407	0.91091	1.9516	6.1964	-2.0242	-0.55308	-1.2749	-1.2441	-0.61329	-47.481	-671.84	-91.259	-145.17	-106.14	-6.0044	9.8263	82.001	30.447	61.358	111.73	-30.212	-20.741	-31.439
-11.405	-64.465	-10.653	7.3838	2.7668	4.1742	2.4913	0.4903	1.6121	-1.4773	0.12298	-0.83679	0.21404	0.63441	-76.732	-459.4	-186.49	-127.67	39.725	45.342	63.216	-58.45	-183.37	21.876	27.043	17.526	58.326	49.908
-12.743	-72.397	-14.967	7.0731	0.43505	2.8015	2.9263	1.0565	2.5218	-1.9155	-0.3255	0.52041	0.12987	0.17399	-53.544	-317.28	-172.56	-12.428	-93.269	-54.908	17.399	22.648	36.388	-17.53	-17.939	54.288	-3.3667	-18.417
-12.886	-74.19	-16.776	6.1464	-0.73854	3.499	3.4601	0.51951	1.5195	-0.89033	0.24227	1.2785	1.5612	0.2308	-5.6848	-71.697	-72.351	-37.071	-46.943	27.898	21.355	-21.48	-40.093	41.008	22.711	30.324	57.253	2.2724
-12.899	-74.657	-16.902	6.2439	-2.4351	2.549	3.9976	0.22517	1.2185	-0.4073	0.42561	1.09	1.0221	1.4837	-0.54791	-18.673	-5.0398	3.9002	-67.863	-38.001	21.498	-11.774	-12.041	19.321	7.3336	-7.5386	-21.563	50.116
-5.5818	2.3106	-11.612	-4.2602	-0.15894	-6.7187	0.41344	-1.481	-0.56781	-2.9698	-2.7116	-1.8308	1.4682	-0.15402	292.7	3078.7	211.6	-420.16	91.046	-370.71	-143.37	-68.246	-71.453	-102.5	-125.49	-116.84	17.842	-65.509
-5.1856	24.38	-13.983	0.38961	0.13815	-4.5373	2.3376	-1.3991	0.66187	-2.0454	-2.1309	-2.5944	1.4383	0.10255	15.849	882.78	-94.849	185.99	11.884	87.259	76.968	3.2753	49.188	36.974	23.226	-30.542	-1.1957	10.263
-5.439	6.7493	-16.948	4.7173	4.4655	-1.5796	3.1634	-4.6418	0.66002	0.63149	-3.3213	-2.4928	-0.20921	0.80788	-10.138	-705.24	-118.58	173.11	173.1	118.31	33.029	-129.71	-0.074272	107.08	-47.616	4.064	-65.9	28.213
-5.3659	5.1164	-4.9348	2.9312	9.1693	2.6363	0.82858	-3.1177	1.039	0.076769	-2.1008	-1.3946	0.17278	0.55239	2.9227	-65.317	480.51	-71.441	188.15	168.64	-93.392	60.962	15.158	-22.189	48.821	43.928	15.28	-10.22
-5.1613	7.5214	0.52451	-0.23517	10.161	3.3695	-1.9393	-0.94912	-0.40881	0.35317	-1.2823	-2.2085	0.57913	-1.5075	8.1853	96.2	218.37	-126.66	39.675	29.327	-110.72	86.743	-57.911	11.056	32.74	-32.558	16.254	-82.395
-5.2837	1.5672	1.669	-0.099295	9.9697	3.7693	-1.7361	-0.59976	-0.72297	0.81388	-1.1811	-2.5632	0.70008	-1.3279	-4.8945	-238.17	45.778	5.4351	-7.6591	15.993	8.1284	13.974	-12.566	18.428	4.0477	-14.186	4.838	7.1809
-5.9883	-6.8281	2.6403	0.52538	9.4289	4.1529	-1.2385	-0.57909	-0.81217	1.0175	-1.5775	-2.6045	-0.0098417	-0.18911	-28.187	-335.81	38.856	24.987	-21.631	15.343	19.905	0.82673	-3.5677	8.1437	-15.857	-1.6522	-28.397	45.554
-7.1213	-20.982	-1.2204	3.4477	9.7286	3.1504	1.716	-2.7567	-0.38319	0.25603	-1.1806	-1.4939	-0.59771	-0.029916	-45.317	-566.16	-154.43	116.89	11.987	-40.102	118.18	-87.105	17.159	-30.458	15.876	44.423	-23.515	6.3676
-8.5396	-41.916	-9.0379	1.2507	5.9369	2.572	0.54661	-1.961	0.89078	-0.16694	-2.0234	-1.1577	1.0641	0.55377	-56.734	-837.37	-312.7	-87.881	-151.67	-23.136	-46.774	31.83	50.959	-16.919	-33.713	13.447	66.473	23.348
-12.113	-71.381	-15.636	5.3125	-1.1283	2.3376	3.3189	0.55145	3.279	0.12451	-0.76203	-0.26534	-0.47504	0.4944	-142.92	-1178.6	-263.91	162.47	-282.61	-9.3726	110.89	100.5	95.53	11.658	50.456	35.696	-61.566	-2.3747
-13.544	-76.879	-17.9	4.6441	-2.4794	0.12605	3.247	1.47	3.1781	0.11926	-0.19478	1.97	1.0437	0.65554	-57.251	-219.95	-90.571	-26.736	-54.045	-88.463	-2.8745	36.74	-4.0361	-0.20982	22.69	89.412	60.749	6.4454
-13.345	-77.922	-17.172	4.1293	-3.3147	1.5425	2.5965	1.687	2.5516	-1.2558	0.030116	1.3357	0.54205	1.7821	7.9565	-41.704	29.132	-20.593	-33.411	56.659	-26.02	8.68	-25.059	-55.004	8.9957	-25.372	-20.066	45.061
-12.972	-74.41	-18.226	4.2945	-3.3052	1.6528	3.4886	1.0951	2.5187	-1.2287	0.027554	0.68375	0.80699	1.895	14.927	140.47	-42.165	6.6076	0.38186	4.4108	35.684	-23.675	-1.3193	1.0872	-0.10248	-26.076	10.598	4.5158
-12.757	-74.879	-16.287	7.1258	-2.141	0.89974	3.4228	1.357	2.004	-1.5869	-1.8799	-0.23966	-0.42179	-0.26129	8.5957	-18.748	77.547	113.26	46.566	-30.122	-2.6328	10.477	-20.587	-14.331	-76.299	-36.936	-49.151	-86.25
-12.704	-72.085	-15.297	6.8826	-1.8314	1.6277	1.7831	-1.6516	1.8147	-0.82729	-1.237	0.73512	1.0056	-0.14515	2.0964	111.76	39.599	-9.7291	12.386	29.117	-65.587	-120.35	-7.5698	30.386	25.718	38.991	57.095	4.6456
-6.592	-5.7192	-15.883	-7.1069	1.8213	-2.899	2.7883	-2.8301	2.6848	-1.5002	-2.5953	4.3687	-1.5838	1.5193	244.5	2654.6	-23.436	-559.58	146.11	-181.07	40.209	-47.141	34.802	-26.918	-54.333	145.34	-103.58	66.578
-5.9583	7.2405	-12.111	-3.8279	0.038659	-4.7711	0.56686	-1.4745	2.2654	-2.1607	-3.164	2.087	-1.7548	0.68793	25.348	518.38	150.88	131.16	-71.307	-74.885	-88.858	54.227	-16.775	-26.417	-22.75	-91.27	-6.8409	-33.255
-5.6991	7.278	-15.429	1.8397	4.3524	-3.5985	-1.5197	-1.7336	1.0024	-3.501	-2.2267	2.1436	0.26215	0.14133	10.366	1.5027	-132.7	226.71	172.55	46.905	-83.462	-10.366	-50.522	-53.614	37.492	2.266	80.679	-21.864
-5.3905	13.071	-18.98	0.43345	2.5733	-1.8766	0.56653	-2.0427	2.1112	-3.8302	0.37639	1.7934	0.14535	2.074	12.345	231.7	-142.06	-56.25	-71.165	68.876	83.449	-12.363	44.353	-13.167	104.12	-14.01	-4.6718	77.306
-5.3433	15.975	-18.142	0.67251	3.0295	-0.85581	2.6191	-0.65335	2.7575	-2.4011	0.13777	1.1164	-0.65289	1.203	1.8892	116.17	33.508	9.5626	18.25	40.831	82.101	55.574	25.854	57.162	-9.5446	-27.078	-31.93	-34.839
-5.6559	13.269	-14.098	4.5339	5.4631	0.13768	1.1988	-2.2402	3.1603	-1.9383	-1.1495	-1.1344	-1.7012	0.97299	-12.502	-108.23	161.79	154.45	97.345	39.739	-56.809	-63.474	16.111	18.514	-51.489	-90.032	-41.931	-9.2005
-5.7934	11.31	-10.954	3.0759	3.1283	-0.96336	1.1169	-2.4027	4.7729	-2.6393	-1.8205	-0.0841	-1.5655	-0.76929	-5.5031	-78.373	125.76	-58.319	-93.395	-44.041	-3.2785	-6.5017	64.503	-28.042	-26.841	42.011	5.4276	-69.691
-6.1649	7.2851	-8.289	2.2	2.3189	-0.058454	-1.5285	-2.2557	4.7014	-0.76271	-0.72985	0.9788	-1.4345	0.49565	-14.859	-160.99	106.58	-35.034	-32.377	36.196	-105.82	5.8814	-2.8609	75.065	43.625	42.516	5.2389	50.598
-6.4401	-0.089532	-8.2124	0.90472	2.6866	-0.11919	-1.3757	-0.69362	2.0346	0.65133	-0.8005	0.064616	-1.3533	0.45505	-11.009	-294.99	3.0664	-51.813	14.71	-2.4296	6.1139	62.483	-106.67	56.562	-2.826	-36.567	3.2484	-1.6239
-4.4888	6.2033	-2.0695	-0.53456	4.2287	2.0895	-3.1724	0.37785	0.77976	1.4404	-1.9284	0.57987	1.0146	2.205	78.052	251.71	245.71	-57.571	61.684	88.347	-71.867	42.859	-50.195	31.565	-45.117	20.61	94.716	69.996
-3.6008	26.159	2.4454	-2.942	5.4883	1.2118	-5.0943	-0.17739	-1.1169	2.2983	-2.3774	0.43013	0.64778	1.0181	35.522	798.22	180.6	-96.296	50.383	-35.109	-76.878	-22.209	-75.865	34.313	-17.96	-5.9897	-14.673	-47.475
-3.0383	27.399	3.9018	-3.7535	5.4083	0.92635	-4.0794	-2.1541	-1.4834	3.1894	-1.8099	0.16692	0.58422	0.71867	22.501	49.626	58.257	-32.462	-3.199	-11.416	40.599	-79.068	-14.661	35.646	22.7	-10.528	-2.5423	-11.976
-2.8015	30.723	3.6314	-4.7458	4.8893	1.4589	-4.1337	-2.0066	-1.4518	2.3209	-1.1111	-0.75855	0.94357	0.87791	9.4719	132.95	-10.815	-39.692	-20.76	21.302	-2.1743	5.8986	1.2653	-34.742	27.951	-37.019	14.374	6.37
-2.6351	31.78	3.4229	-3.7633	3.2477	0.94892	-3.0933	-3.5206	0.18458	0.83288	0.33005	-2.098	1.4404	1.293	6.6541	42.294	-8.3409	39.298	-65.664	-20.399	41.617	-60.558	65.454	-59.52	57.647	-53.577	19.871	16.603
-2.5936	33.339	2.9786	-3.4288	1.9647	1.2176	-2.1026	-4.9712	0.94668	-0.35111	2.1186	-2.9417	1.1897	1.4036	1.6592	62.334	-17.775	13.383	-51.32	10.748	39.629	-58.026	30.484	-47.36	71.543	-33.749	-10.026	4.4262
-2.5698	28.325	6.9644	-4.5069	1.1277	0.7046	-0.67114	-4.8844	-1.1189	1.3321	1.4303	-2.2633	0.58254	1.4132	0.95376	-200.54	159.43	-43.124	-33.478	-20.521	57.257	3.4747	-82.624	67.327	-27.534	27.137	-24.287	0.38161
-2.61	24.165	10.117	-6.2624	1.546	0.012465	0.7814	-5.112	-2.3921	2.6486	0.76043	-1.4761	-0.40104	1.5953	-1.6083	-166.41	126.11	-70.221	16.731	-27.685	58.101	-9.1061	-50.925	52.66	-26.793	31.486	-39.343	7.2837
-2.6368	22.876	10.897	-5.5443	0.57952	-0.33177	1.8199	-5.1264	-3.0443	2.8546	0.53375	-1.2215	-0.58337	1.727	-1.0737	-51.541	31.173	28.724	-38.659	-13.769	41.54	-0.57462	-26.091	8.2426	-9.0675	10.186	-7.2931	5.2687
-2.6098	21.741	12.398	-6.1011	0.17925	-0.44122	2.5689	-4.8816	-3.7705	2.6872	0.41304	-0.92667	-0.66634	1.4521	1.0813	-45.429	60.055	-22.27	-16.011	-4.378	29.958	9.7901	-29.045	-6.6965	-4.8282	11.792	-3.3189	-10.996
-2.5046	22.699	12.775	-5.7317	-0.87079	-0.72491	3.7808	-4.431	-4.4892	1.5308	1.3724	-0.97035	-0.99869	1.2639	4.2097	38.318	15.067	14.774	-42.002	-11.348	48.478	18.025	-28.752	-46.256	38.375	-1.7474	-13.294	-7.528
-2.4492	20.775	14.958	-6.4838	-1.1129	-0.78763	4.6283	-3.853	-5.1951	1.144	1.4777	-1.0895	-0.89516	0.96536	2.2164	-76.927	87.346	-30.084	-9.6851	-2.5089	33.9	23.121	-28.233	-15.473	4.2115	-4.7662	4.1409	-11.941
-2.5774	21.235	13.872	-5.1583	-1.6505	-0.28968	4.9496	-3.8938	-5.108	0.95279	1.1914	-0.88928	-1.1318	1.1207	-5.129	18.386	-43.463	53.021	-21.502	19.918	12.853	-1.6323	3.4841	-7.6489	-11.454	8.0091	-9.4662	6.2132
-2.8628	16.02	14.581	-5.0948	-0.81184	1.1701	4.07	-4.0629	-5.1899	1.4625	1.3021	-1.3587	-0.78716	1.3629	-11.418	-208.6	28.39	2.5397	33.545	58.392	-35.186	-6.7667	-3.2769	20.39	4.4315	-18.779	13.786	9.6867
-3.2569	16.611	12.076	-3.9598	0.15898	1.2332	3.7414	-4.9373	-4.3785	2.9703	0.2252	-1.791	-0.42419	1.3226	-15.764	23.627	-100.23	45.4	38.833	2.5215	-13.144	-34.976	32.457	60.312	-43.078	-17.29	14.519	-1.6101
-3.4613	17.969	8.2366	-2.5408	1.2737	1.8966	2.4265	-4.8216	-3.6476	3.3934	-0.52625	-1.8121	0.28865	1.0512	-8.1766	54.344	-153.57	56.759	44.59	26.536	-52.597	4.6301	29.236	16.923	-30.058	-0.84218	28.514	-10.857
-3.6818	19.551	4.5815	-0.68797	1.9653	2.4692	1.5416	-5.2142	-2.2354	2.7408	-0.53069	-2.4385	1.7128	0.68368	-8.8187	63.278	-146.2	74.113	27.663	22.907	-35.394	-15.704	56.487	-26.102	-0.17745	-25.058	56.964	-14.7
-3.8865	17.572	4.756	-2.1221	3.806	1.2107	0.24801	-5.0444	-1.2878	3.3819	-1.8348	-1.0814	1.7145	0.64201	-8.1889	-79.162	6.9816	-57.364	73.628	-50.341	-51.744	6.7919	37.903	25.642	-52.165	54.283	0.068149	-1.6668
-4.0864	15.628	4.3084	-3.2212	4.8241	0.65963	-1.6963	-3.8798	-0.43469	3.7873	-2.0557	-0.46259	2.3464	0.20264	-7.9945	-77.755	-17.904	-43.965	40.725	-22.043	-77.773	46.583	34.125	16.216	-8.8359	24.753	25.276	-17.575
-4.1555	16.351	1.9856	-2.0126	5.2065	-0.12603	-3.1144	-2.8127	0.0073841	3.723	-2.5037	-0.29457	2.7167	-0.45441	-2.7629	28.903	-92.912	48.342	15.293	-31.427	-56.723	42.685	17.683	-2.5714	-17.922	6.721	14.814	-26.282
-4.2337	14.207	3.61	-2.8975	6.1663	-0.50981	-4.0324	-1.8696	-0.5023	4.1957	-2.5989	-0.62595	3.123	-0.65358	-3.1288	-85.763	64.974	-35.397	38.393	-15.351	-36.719	37.723	-20.387	18.906	-3.8052	-13.255	16.25	-7.9665
-4.3384	17.2	2.3072	-2.79	7.091	-1.9968	-2.8522	-2.2037	0.43252	3.1449	-1.6543	-0.89776	2.7335	-0.46743	-4.19	119.71	-52.112	4.3012	36.99	-59.48	47.205	-13.36	37.393	-42.029	37.783	-10.872	-15.578	7.4459
-4.5438	17.239	0.31595	-1.5759	6.9375	-2.3078	-0.66127	-3.1742	0.83541	2.8156	-1.7949	-0.73201	1.7827	0.18068	-8.2141	1.5669	-79.649	48.564	-6.1427	-12.439	87.639	-38.822	16.116	-13.175	-5.6254	6.6301	-38.033	25.924
-5.4433	-3.1353	1.4988	0.80683	6.2275	0.66133	-1.3385	-2.806	2.8804	0.66787	0.415	-2.0074	-0.77421	1.3532	-35.982	-814.97	47.313	95.309	-28.4	118.76	-27.091	14.727	81.8	-85.908	88.397	-51.015	-102.28	46.899
-6.914	-26.281	4.1119	6.0388	2.9535	5.5674	0.12425	-1.5199	4.5677	-1.8151	-3.5877	-0.19881	-0.66569	0.18996	-58.828	-925.82	104.52	209.28	-130.96	196.24	58.512	51.446	67.492	-99.32	-160.11	72.343	4.3409	-46.528
-7.1731	-20.99	2.2568	4.8526	2.7293	5.3412	0.26834	-3.1497	5.8558	-2.5191	-2.3017	0.35005	-2.364	0.5366	-10.364	211.65	-74.202	-47.444	-8.968	-9.0468	5.7635	-65.193	51.522	-28.159	51.437	21.954	-67.932	13.865
-6.2785	-4.8004	0.52277	-0.22924	1.7196	4.1509	0.30486	-0.49131	2.3852	-3.478	1.1341	0.59801	-1.6422	0.78653	35.785	647.57	-69.362	-203.28	-40.386	-47.612	1.4609	106.34	-138.82	-38.354	137.43	9.9185	28.87	9.9975
-5.1718	8.9563	0.31111	-0.15416	0.094764	-2.2097	1.3015	-1.1547	1.015	-2.4142	2.4398	0.82806	-0.72818	0.69055	44.269	550.27	-8.4666	3.003	-64.994	-254.43	39.864	-26.536	-54.805	42.551	52.227	9.2019	36.562	-3.8393
-4.6297	5.1546	7.5062	-1.512	-2.7952	-2.4199	2.0283	-0.9112	-0.19306	-0.953	1.7324	1.2269	0.50636	0.13659	21.685	-152.07	287.8	-54.315	-115.6	-8.4075	29.074	9.7398	-48.324	58.447	-28.294	15.956	49.381	-22.158
-4.6973	2.865	10.924	-1.5618	-5.0765	-2.2413	1.4918	2.2332	-0.51222	-1.4769	0.96476	0.91562	2.347	-0.44515	-2.7063	-91.585	136.72	-1.9909	-91.254	7.1435	-21.461	125.77	-12.767	-20.957	-30.706	-12.453	73.625	-23.27
-4.5603	-1.3193	10.925	0.36445	-6.7815	-1.0532	-1.0632	3.2127	1.5785	-2.423	-0.085953	-0.40242	3.0408	-0.22894	5.4791	-167.37	0.032114	77.05	-68.199	47.523	-102.2	39.183	83.63	-37.844	-42.029	-52.722	27.752	8.6485
-4.4079	2.8345	9.3631	2.3669	-7.4463	-2.7807	-1.8032	3.1661	3.7132	-2.1089	-0.46209	0.69129	1.1442	1.1221	6.0984	166.15	-62.474	80.099	-26.59	-69.098	-29.598	-1.8667	85.386	12.565	-15.046	43.748	-75.862	54.041
-4.2733	-2.7224	10.608	1.8149	-5.3465	-3.1935	-4.3515	4.193	2.8976	-1.0199	-0.64764	-0.2377	1.0488	0.76265	5.385	-222.28	49.802	-22.082	83.991	-16.512	-101.93	41.078	-32.625	43.56	-7.4221	-37.16	-3.8178	-14.377
-4.012	1.8645	9.3825	3.2525	-5.9916	-3.9291	-4.0286	3.7305	3.3831	-0.37131	0.17723	-0.0027065	1.0635	0.52343	10.452	183.48	-49.025	57.506	-25.804	-29.427	12.917	-18.501	19.423	25.944	32.995	9.3999	0.58891	-9.5689
-3.8552	2.7185	8.9083	3.0282	-3.7975	-5.1092	-4.2264	4.458	2.6986	0.088944	0.31624	-0.95261	1.0806	-0.13584	6.2713	34.16	-18.966	-8.9719	87.762	-47.204	-7.914	29.103	-27.382	18.41	5.5604	-37.996	0.68228	-26.371
-3.6683	4.6983	11.219	1.7745	-5.0308	-4.5786	-4.0867	4.483	3.3655	0.052346	-0.34787	-0.76719	1.2014	0.045666	7.4757	79.192	92.424	-50.15	-49.33	21.227	5.5891	0.99858	26.677	-1.4639	-26.564	7.417	4.8342	7.2601
-3.3108	7.7064	11.706	0.64495	-4.9264	-4.7151	-3.3393	5.0258	2.9053	0.37737	-0.70112	-0.74224	1.3614	0.068084	14.3	120.33	19.479	-45.181	4.1759	-5.4612	29.896	21.712	-18.409	13.001	-14.13	0.99791	6.4003	0.89669
-3.1962	13.746	10.645	-1.8062	-3.8462	-4.0453	-3.7214	6.5158	1.7163	-0.63962	-0.096311	-1.0179	2.5753	-0.27599	4.5824	241.6	-42.426	-98.046	43.207	26.791	-15.284	59.599	-47.558	-40.679	24.192	-11.028	48.556	-13.763
-3.1891	17.245	10.059	-2.8421	-3.1382	-3.3309	-3.2981	6.6906	0.14095	-1.279	0.13058	-0.95868	3.1243	-0.29897	0.28495	139.96	-23.432	-41.436	28.322	28.577	16.934	6.9925	-63.016	-25.576	9.0755	2.3706	21.96	-0.91921
-3.2258	14.514	12.338	-3.9856	-3.0304	-2.0574	-3.2191	5.6325	-0.83739	-1.4038	-0.011197	0.8123	2.5727	-0.10312	-1.4665	-109.23	91.125	-45.74	4.3108	50.938	3.1569	-42.322	-39.134	-4.9893	-5.671	70.839	-22.064	7.8341
-3.1569	14.988	12.775	-4.779	-2.558	-1.5039	-2.1136	4.4416	-0.96616	-2.7079	2.074	0.53185	1.951	-0.031793	2.7564	18.953	17.508	-31.734	18.897	22.142	44.221	-47.639	-5.1507	-52.167	83.409	-11.218	-24.869	2.8529
-3.1551	18.064	11.62	-4.7448	-2.4993	-0.10039	-1.9664	2.7304	-0.9412	-3.1591	2.8885	1.6685	1.1348	-0.57895	0.071135	123.03	-46.208	1.3676	2.3464	56.14	5.8868	-68.445	0.99818	-18.046	32.58	45.465	-32.647	-21.886
-3.197	19.064	11.658	-6.4421	-0.47283	0.34877	-2.9127	3.2713	-3.412	-0.72487	2.5363	1.9632	0.18082	-1.1974	-1.6767	40.015	1.5297	-67.894	81.059	17.967	-37.85	21.634	-98.834	97.369	-14.091	11.788	-38.158	-24.739
-3.2753	22.271	8.974	-6.5099	1.0205	0.047446	-2.0901	1.6292	-3.7796	0.2538	2.3518	1.6926	-0.032415	-1.538	-3.1336	128.26	-107.37	-2.7104	59.735	-12.053	32.903	-65.684	-14.701	39.147	-7.3776	-10.823	-8.5293	-13.623
-3.5478	24.745	5.0424	-4.659	1.6223	0.48798	-1.9554	0.29392	-3.4758	0.52762	2.2112	0.9677	0.23086	-1.4469	-10.898	98.948	-157.26	74.036	24.07	17.621	5.3872	-53.41	12.152	10.953	-5.6265	-28.997	10.531	3.6437
-3.8451	19.725	3.8795	-3.0076	3.4634	0.99927	-2.42	2.1619	-4.6752	0.49914	1.2977	-0.12102	1.5139	-2.8466	-11.892	-200.8	-46.517	66.054	73.643	20.451	-18.585	74.719	-47.976	-1.1389	-36.54	-43.549	51.323	-55.988
-4.0258	19.769	1.8108	-1.382	7.0421	0.31788	-3.9599	2.8497	-3.26	-1.4275	-0.85704	0.51449	2.5997	-4.087	-7.2278	1.7505	-82.748	65.027	143.15	-27.255	-61.594	27.512	56.605	-77.067	-86.189	25.42	43.432	-49.618
-4.0808	18.864	0.77123	-1.0158	8.8801	0.33086	-4.2415	3.057	-3.3224	-0.48127	-2.4367	0.42028	2.3902	-3.436	-2.1988	-36.187	-41.582	14.646	73.518	0.51898	-11.264	8.2916	-2.4966	37.85	-63.186	-3.7684	-8.3824	26.043
-4.2793	18.084	-0.98247	-0.45577	10.26	-0.0625	-3.2171	2.4496	-2.2292	-1.0337	-2.1201	-0.84108	2.4902	-3.3263	-7.9427	-31.192	-70.148	22.401	55.201	-15.734	40.977	-24.295	43.728	-22.098	12.663	-50.454	4.0024	4.3851
-4.1772	17.698	-1.7033	0.27438	9.0268	0.15888	-0.38973	0.30847	-3.1174	-0.51057	-0.78776	-1.2642	1.2665	-1.1134	4.0861	-15.429	-28.834	29.206	-49.33	8.8552	113.09	-85.646	-35.525	20.926	53.294	-16.925	-48.947	88.516
-3.992	21.693	0.42709	-1.2839	7.4538	1.4577	-3.003	-0.97076	-2.4157	1.8799	-2.0299	-2.6082	2.3444	-1.1338	7.4089	159.79	85.216	-62.329	-62.923	51.954	-104.53	-51.169	28.068	95.617	-49.685	-53.758	43.114	-0.81476
-3.9051	20.178	0.85727	-1.4653	7.3544	2.4789	-3.5233	-0.85226	-2.2642	2.5592	-2.7643	-2.2433	2.2306	-1.9336	3.4734	-60.615	17.207	-7.256	-3.9765	40.847	-20.811	4.7401	6.0577	27.175	-29.375	14.596	-4.5527	-31.99
-3.9705	18.793	1.7278	-1.6272	7.7661	2.3138	-3.2519	-1.324	-1.7864	2.4596	-2.6445	-2.1927	2.184	-1.771	-2.6168	-55.389	34.823	-6.4783	16.471	-6.6023	10.856	-18.868	19.112	-3.9836	4.7892	2.0236	-1.8629	6.501
-3.9861	18.319	2.9717	-1.9915	6.5725	3.0166	-3.4903	-0.21849	-3.4434	2.7449	-1.8507	-2.091	2.1023	-1.6071	-0.62016	-18.96	49.754	-14.573	-47.743	28.109	-9.5389	44.219	-66.278	11.41	31.752	4.0655	-3.2676	6.5589
-4.1645	17.292	5.1863	-2.8941	5.8825	2.4619	-2.68	-0.17113	-4.3233	3.2773	-1.6429	-0.91119	0.67245	-0.82141	-7.1363	-41.059	88.585	-36.102	-27.601	-22.186	32.414	1.8942	-35.196	21.298	8.3125	47.194	-57.194	31.426
-4.1435	14.592	7.4461	-4.0579	5.2976	2.1369	-1.5186	0.11617	-4.713	2.5053	-1.2552	-0.0261	0.3941	-1.2159	0.83703	-108.01	90.393	-46.551	-23.397	-13	46.456	11.492	-15.589	-30.881	15.509	35.404	-11.134	-15.778
-4.4732	7.0352	8.7903	-3.5118	3.4407	2.0949	-0.37051	-0.28411	-3.9822	0.88857	-0.56691	0.32639	0.95815	-1.5097	-13.187	-302.27	53.766	21.844	-74.277	-1.6792	45.923	-16.011	29.232	-64.668	27.531	14.099	22.562	-11.755
-5.1894	-3.9412	10.964	-1.3693	-0.004696	2.234	1.5735	-1.081	-1.958	-1.6603	-1.1726	0.2793	1.743	-1.2506	-28.646	-439.06	86.936	85.7	-137.81	5.5633	77.762	-31.877	80.969	-101.95	-24.227	-1.8833	31.395	10.366
-5.8253	-13.532	12.324	2.2773	-3.0053	1.5374	3.5651	-0.71583	-1.5867	-2.5012	-2.2776	0.044125	2.1083	-0.35129	-25.438	-383.64	54.43	145.86	-120.02	-27.863	79.661	14.608	14.85	-33.636	-44.199	-9.4072	14.61	35.972
-6.2058	-20.093	12.981	5.0095	-4.2971	1.8949	2.8975	-0.72346	0.67868	-3.6661	-2.2172	-0.38194	0.88176	1.2667	-15.22	-262.43	26.278	109.29	-51.672	14.298	-26.702	-0.30521	90.615	-46.597	2.4146	-17.043	-49.062	64.718
-6.2874	-21.18	11.439	6.3677	-4.4314	0.54685	3.9293	-0.89065	1.2059	-3.275	-2.7879	0.38087	0.26751	2.1871	-3.2639	-43.505	-61.706	54.331	-5.3729	-53.921	41.273	-6.6876	21.088	15.644	-22.826	30.513	-24.57	36.818
-6.5848	-20.45	10.542	5.5917	-3.9328	0.067352	4.0928	0.091742	0.031289	-2.7696	-3.1001	1.0729	0.7644	0.71121	-11.895	29.217	-35.886	-31.041	19.946	-19.18	6.538	39.296	-46.984	20.217	-12.491	27.679	19.876	-59.036
-6.4564	-23.602	11.568	6.9089	-3.9604	-1.2365	3.6216	0.48782	0.60637	-2.0426	-2.0316	-1.1063	0.086435	2.7216	5.1349	-126.09	41.05	52.689	-1.1052	-52.153	-18.848	15.843	23.003	29.082	42.741	-87.168	-27.119	80.416
-6.2878	-21.905	13.258	6.0973	-6.0246	0.027582	4.0908	0.2643	0.20221	-2.5776	-1.708	-1.108	0.8197	1.9587	6.7427	67.88	67.624	-32.466	-82.567	50.563	18.77	-8.9408	-16.166	-21.402	12.943	-0.064617	29.331	-30.515
-5.7251	-20.509	15.026	5.2271	-6.9	1.4281	3.8297	-0.19858	0.092586	-2.9922	-2.1562	-0.7785	0.92703	1.6445	22.51	55.838	70.693	-34.807	-35.014	56.019	-10.446	-18.516	-4.385	-16.582	-17.928	13.178	4.2932	-12.571
-4.9208	-13.184	16.769	2.9383	-8.2768	3.4622	3.6004	-0.82359	-1.0172	-3.2907	-1.3421	-0.36097	-0.27333	2.4324	32.172	293.03	69.719	-91.55	-55.072	81.367	-9.1698	-25	-44.392	-11.942	32.567	16.701	-48.014	31.518
-4.0626	-3.4238	17.429	0.23782	-8.9404	4.7429	3.5862	-2.1519	-1.826	-3.0706	-0.87258	0.49309	-0.3058	1.9053	34.327	390.4	26.394	-108.02	-26.545	51.228	-0.56952	-53.133	-32.35	8.8053	18.779	34.163	-1.2991	-21.085
-3.2447	6.4456	18.015	-4.0064	-7.7416	6.4381	0.39624	-2.0651	-2.7593	-2.0616	0.19013	1.7067	-1.3809	1.6872	32.719	394.78	23.456	-169.77	47.95	67.809	-127.6	3.4726	-37.334	40.359	42.508	48.545	-43.002	-8.7237
-2.766	15.801	16.543	-7.0794	-5.4917	6.0957	-2.221	-2.0062	-2.2679	-1.08	1.6369	1.556	-1.1839	1.2647	19.145	374.21	-58.884	-122.92	89.996	-13.697	-104.69	2.3543	19.658	39.264	57.873	-6.0268	7.878	-16.899
-2.4596	22.306	14.583	-9.2453	-2.4456	4.5191	-3.6431	-1.5926	-1.8362	0.28843	1.3695	1.8575	-0.83666	0.14479	12.258	260.2	-78.384	-86.637	121.84	-63.065	-56.884	16.546	17.265	54.737	-10.696	12.057	13.89	-44.797
-2.2516	25.027	14.676	-10.819	-0.78647	3.3444	-5.3698	0.72449	-1.6057	-0.11301	1.8395	1.9808	-1.2327	-0.28244	8.3202	108.85	3.7128	-62.936	66.366	-46.985	-69.069	92.683	9.2208	-16.057	18.796	4.9348	-15.841	-17.089
-2.1113	27.864	13.894	-11.31	0.37482	1.5088	-5.6535	2.0626	-0.93296	-0.95399	3.8134	0.11109	-1.0337	-0.45911	5.6123	113.48	-31.296	-19.636	46.452	-73.424	-11.347	53.523	26.911	-33.639	78.956	-74.79	7.9611	-7.0668
-2.0543	28.6	13.161	-11.061	0.30929	1.3981	-6.0737	3.3113	-2.1974	1.0665	2.5337	0.5066	-1.2898	-0.84127	2.2792	29.444	-29.309	9.9589	-2.6213	-4.43	-16.81	49.951	-50.577	80.82	-51.188	15.82	-10.244	-15.286
-2.0504	28.167	12.3	-9.488	-0.46866	0.54958	-5.0341	2.6321	-1.6761	1.0378	2.8979	0.30849	-1.6358	-0.69437	0.15623	-17.312	-34.447	62.906	-31.118	-33.94	41.586	-27.169	20.85	-1.1473	14.57	-7.9246	-13.842	5.8759
-2.0498	30.943	9.8426	-8.3102	-0.85815	0.24996	-4.9917	3.526	-2.498	1.8308	2.7732	0.20753	-1.3771	-1.4432	0.022949	111.02	-98.287	47.109	-15.579	-11.985	1.6937	35.757	-32.876	31.717	-4.9871	-4.0384	10.35	-29.953
-2.0885	30.148	9.3421	-7.9035	-0.14756	-1.2233	-3.7392	2.5179	-2.1893	2.7799	2.0125	0.56337	-1.8884	-1.1692	-1.5467	-31.798	-20.017	16.271	28.423	-58.932	50.1	-40.326	12.35	37.964	-30.432	14.234	-20.455	10.959
-2.2525	29.194	8.1287	-6.664	-0.93819	-0.93844	-3.3695	2.0444	-1.7411	3.0529	1.4503	0.99183	-1.8348	-1.2838	-6.5609	-38.148	-48.538	49.579	-31.625	11.396	14.789	-18.94	17.927	10.92	-22.487	17.139	2.1459	-4.5824
-2.5086	27.078	7.6961	-4.8807	-2.8817	0.17958	-3.1808	2.4236	-2.1661	3.5331	1.0091	0.96243	-1.5402	-1.2529	-10.243	-84.642	-17.304	71.331	-77.739	44.721	7.547	15.167	-16.998	19.209	-17.646	-1.1762	11.783	1.235
-2.613	26.31	8.1996	-6.3693	-1.2532	-0.69054	-3.4397	2.5891	-1.8796	3.3902	0.95594	1.6102	-2.0562	-1.0997	-4.1754	-30.744	20.138	-59.545	65.139	-34.805	-10.357	6.6204	11.46	-5.7165	-2.1282	25.91	-20.641	6.1303
-2.8761	25.27	7.5822	-5.5903	-2.1362	-0.59808	-2.0224	1.416	-1.9191	3.8986	0.49356	1.8514	-1.9241	-0.51602	-10.524	-41.575	-24.696	31.163	-35.32	3.6986	56.694	-46.922	-1.5792	20.336	-18.495	9.6486	5.2844	23.346
-3.1227	22.76	6.9827	-4.8204	-1.9817	-0.8252	-1.779	1.8989	-2.3736	4.1452	0.67561	0.98208	-1.2561	-0.69325	-9.8658	-100.43	-23.98	30.796	6.1781	-9.0851	9.7358	19.317	-18.183	9.8632	7.2819	-34.772	26.722	-7.0891
-3.5073	21.742	6.3882	-5.1811	-0.49087	-1.3532	-1.8456	1.2699	-1.7211	3.4706	0.29156	1.3831	-1.4884	-0.48764	-15.384	-40.705	-23.779	-14.428	59.634	-21.118	-2.6644	-25.16	26.103	-26.981	-15.362	16.039	-9.294	8.2244
-3.7868	16.7	6.8384	-4.0846	0.33653	-1.3082	-2.1018	1.5273	-1.4848	3.0383	0.25326	0.94088	-1.0997	0.19271	-11.179	-201.67	18.008	43.859	33.096	1.7974	-10.249	10.297	9.4496	-17.291	-1.5321	-17.687	15.551	27.214
-3.9399	17.877	5.4586	-4.2672	2.07	-0.72192	-3.1943	0.36636	-1.0111	3.8582	-0.80055	0.46935	0.41864	-0.18824	-6.1254	47.08	-55.193	-7.3027	69.337	23.452	-43.698	-46.44	18.95	32.796	-42.152	-18.861	60.732	-15.238
-4.0732	16.49	4.3105	-2.9391	3.3545	-0.037358	-2.9432	-0.50119	-1.5476	2.5522	-0.53679	0.1089	1.0569	0.44122	-5.3304	-55.509	-45.921	53.122	51.379	27.382	10.044	-34.702	-21.46	-52.243	10.55	-14.418	25.531	25.179
-4.6085	10.395	5.2035	-1.9639	5.1181	1.3914	-3.1201	-1.0211	-1.6812	2.6849	-2.1131	-0.12981	0.62093	1.1203	-21.412	-243.77	35.718	39.007	70.544	57.151	-7.0773	-20.797	-5.3446	5.3113	-63.052	-9.5483	-17.439	27.163
-5.3391	-4.0273	5.6026	0.72956	6.7099	1.8406	-1.5972	-1.2532	-1.5105	2.4293	-1.8579	-1.0507	1.0391	0.59751	-29.226	-576.91	15.966	107.74	63.676	17.967	60.916	-9.2844	6.8276	-10.227	10.209	-36.836	16.727	-20.912
-6.6898	-27.088	2.4812	4.4364	5.2698	1.7719	-0.89196	-2.0446	-0.38092	2.218	-1.4141	-2.2791	1.0229	-0.29345	-54.027	-922.44	-124.86	148.27	-57.607	-2.7492	28.211	-31.656	45.183	-8.449	17.753	-49.136	-0.64929	-35.638
-8.9763	-46.382	-1.8557	5.4215	3.8806	5.7651	2.2154	-1.6352	0.40131	1.3851	-0.85183	-2.2571	0.3307	-0.35403	-91.462	-771.76	-173.48	39.404	-55.566	159.73	124.3	16.378	31.289	-33.318	22.489	0.87948	-27.687	-2.4235
-10.494	-55.702	-3.3624	7.978	0.72347	5.9494	3.8268	0.38935	2.4457	-0.56154	-1.0892	-1.1811	-0.41772	-1.3677	-60.705	-372.8	-60.27	102.26	-126.29	7.374	64.453	80.981	81.775	-77.865	-9.4967	43.04	-29.937	-40.549
-8.1283	-27.165	0.12767	-0.30635	-8.4446	-1.6112	4.8822	0.32407	-2.0797	-1.5297	0.76041	-1.306	-0.71242	1.0373	94.627	1141.5	139.6	-331.38	-366.72	-302.42	42.217	-2.6112	-181.02	-38.726	73.986	-4.9965	-11.788	96.203
-6.4816	4.2077	-13.105	-0.73128	-4.2758	-2.7168	4.463	-3.8601	0.87536	-2.1846	-1.8851	-1.1104	0.10268	0.3101	65.867	1254.9	-529.29	-16.997	166.75	-44.225	-16.767	-167.37	118.2	-26.198	-105.82	7.8268	32.604	-29.089
-6.1382	9.9481	-12.845	-0.10824	0.097321	1.2427	3.3241	-4.2159	1.4928	0.49358	-2.1156	-1.3056	0.36718	1.3676	13.735	229.62	10.38	24.921	174.93	158.38	-45.558	-14.234	24.699	107.13	-9.219	-7.8088	10.58	42.301
-6.0985	-0.54176	0.37798	5.1483	3.3733	1.2111	2.044	-1.2411	-1.2587	-0.80954	-2.0206	0.33335	1.192	-0.2083	1.5865	-419.6	528.92	210.26	131.04	-1.2653	-51.201	118.99	-110.06	-52.125	3.7972	65.557	32.994	-63.037
-5.7224	-9.5419	4.7748	7.3187	2.6334	-3.7468	1.6298	3.6556	-3.3042	-2.8494	-2.082	1.5183	1.7327	-1.3544	15.046	-360	175.87	86.818	-29.594	-198.31	-16.568	195.87	-81.821	-81.596	-2.4534	47.397	21.626	-45.842
-5.4124	-9.0879	5.6781	8.0148	2.0749	-4.749	1.7369	3.8924	-3.8634	-3.2646	-2.3583	2.0696	1.6743	-1.5112	12.401	18.158	36.129	27.843	-22.34	-40.091	4.282	9.4713	-22.366	-16.607	-11.052	22.051	-2.3358	-6.274
-5.1726	-8.6438	7.4713	8.8948	0.22086	-6.3232	2.7386	4.1676	-4.7964	-3.5403	-1.8546	2.1519	0.23173	0.17979	9.5898	17.765	71.727	35.201	-74.162	-62.964	40.069	11.007	-37.319	-11.027	20.144	3.2933	-57.702	67.64
-5.0483	-4.3076	8.936	7.4886	0.38823	-8.1927	2.8944	4.4701	-3.4706	-3.3203	-3.154	2.3476	0.2547	0.87062	4.9722	173.45	58.59	-56.249	6.6949	-74.782	6.2321	12.101	53.03	8.7997	-51.976	7.8277	0.91851	27.633
-5.0151	-3.6965	9.1801	6.9533	1.4825	-8.841	2.616	5.2366	-3.4242	-3.2361	-2.6609	2.4924	-0.67288	1.1927	1.3305	24.443	9.7633	-21.415	43.771	-25.934	-11.135	30.661	1.857	3.3658	19.724	5.792	-37.103	12.884
-4.2301	10.577	8.0305	2.0505	-3.2228	-6.0503	2.8976	1.8923	-0.6041	-3.0253	-0.74474	3.353	0.47815	-0.32453	31.4	570.94	-45.984	-196.11	-188.21	111.63	11.265	-133.77	112.8	8.4328	76.648	34.425	46.041	-60.69
-3.5367	13.892	7.4612	-0.5062	-3.7121	-5.3191	1.5215	2.8735	-0.68793	-2.7621	1.9783	3.4511	-0.41001	-0.80057	27.736	132.58	-22.77	-102.27	-19.574	29.248	-55.045	39.25	-3.3532	10.53	108.92	3.9252	-35.527	-19.041
-3.2923	14.482	7.8808	-2.6807	-3.8942	-5.4778	0.46588	4.2271	-1.5948	-2.0071	2.6124	3.6969	-0.65445	-1.5623	9.7747	23.603	16.782	-86.981	-7.2819	-6.3458	-42.225	54.144	-36.275	30.197	25.361	9.8305	-9.7776	-30.47
-3.2887	19.068	7.7378	-4.9457	-3.0285	-6.0334	1.1616	3.8307	-1.7036	-0.52205	1.7417	3.176	-1.6127	-0.92292	0.14332	183.47	-5.7197	-90.599	34.627	-22.226	27.829	-15.858	-4.3523	59.403	-34.826	-20.838	-38.328	25.576
-3.2611	20.539	7.9418	-6.2735	-2.3743	-4.6799	1.7422	3.173	-1.7851	0.59728	0.95722	3.0868	-1.9931	-1.2069	1.1049	58.845	8.1615	-53.111	26.167	54.142	23.224	-26.305	-3.2588	44.773	-31.38	-3.5666	-15.218	-11.358
-3.5456	15.233	8.8828	-6.7789	-2.293	-3.9882	1.979	1.3321	0.98115	0.23694	1.5225	2.1059	-2.2953	-0.59148	-11.379	-212.26	37.637	-20.217	3.2547	27.667	9.4693	-73.637	110.65	-14.413	22.612	-39.234	-12.089	24.616
-3.8417	16.403	4.8214	-5.4646	-2.128	-3.5586	3.0004	-0.77811	2.1319	0.065739	1.6281	2.5474	-2.8674	0.4843	-11.846	46.794	-162.45	52.573	6.5979	17.186	40.857	-84.41	46.029	-6.8481	4.2233	17.657	-22.882	43.031
-4.054	14.134	4.8266	-6.2629	-0.85628	-3.7234	1.9496	-1.422	1.8807	1.1532	0.92558	2.6805	-2.7927	0.94256	-8.49	-90.757	0.20636	-31.931	50.869	-6.5923	-42.029	-25.756	-10.047	43.5	-28.101	5.3251	2.9856	18.33
-4.4272	14.81	4.5446	-5.0591	-0.49779	-1.7122	1.2869	-2.9653	1.6047	1.6601	0.059141	2.2064	-2.436	1.0936	-14.927	27.05	-11.28	48.152	14.34	80.448	-26.512	-61.731	-11.039	20.275	-34.657	-18.964	14.267	6.0414
-4.7479	12.307	2.37	-1.746	0.13346	0.074651	-0.17046	-3.5245	2.1359	1.9073	-0.81938	2.0504	-2.0343	2.3396	-12.829	-100.12	-86.982	132.52	25.25	71.473	-58.292	-22.368	21.248	9.8866	-35.141	-6.2411	16.071	49.839
-5.6055	1.2477	1.6592	-1.8642	1.8792	1.1278	-1.2932	-2.4127	2.2183	2.9252	-1.5574	1.1328	-1.8022	2.7774	-34.305	-442.38	-28.431	-4.7261	69.828	42.125	-44.91	44.471	3.2936	40.718	-29.522	-36.702	9.2814	17.513
-6.837	-24.767	-0.33423	2.233	2.047	2.1808	-0.80366	-2.0825	2.3051	2.2405	-2.5019	-0.89517	-1.1019	2.6537	-49.26	-1040.6	-79.738	163.89	6.7152	42.123	19.582	13.21	3.4741	-27.391	-37.78	-81.119	28.015	-4.9481
-11.006	-60.928	-10.276	3.0726	-0.95926	5.6196	0.83082	-2.2635	2.2412	-0.66155	-1.3688	-0.28683	0.85356	1.1222	-166.74	-1446.4	-397.66	33.583	-120.25	137.55	65.379	-7.2388	-2.5564	-116.08	45.325	24.333	78.216	-61.258
-12.298	-70.207	-15.787	0.58535	-1.0392	4.9513	3.5682	-1.9351	2.723	0.73135	-2.7341	-0.94846	1.0223	1.1025	-51.702	-371.18	-220.44	-99.489	-3.1964	-26.734	109.5	13.133	19.272	55.716	-54.61	-26.465	6.7482	-0.79159
-13.071	-76.606	-17.188	4.6087	-3.8065	1.8892	3.1377	1.2062	1.8224	-1.0584	0.26646	0.92707	1.0201	1.7072	-30.919	-255.94	-56.072	160.94	-110.69	-122.48	-17.22	125.65	-36.025	-71.588	120.02	75.021	-0.087048	24.191
-8.5493	-56.566	-9.1089	8.5918	-0.8376	1.928	3.8374	0.95491	1.2836	-1.0578	-0.42935	-0.016775	-0.089924	1.1931	180.87	801.58	323.18	159.32	118.75	1.5518	27.987	-10.053	-21.549	0.021539	-27.832	-37.754	-44.4	-20.565
-6.0261	-0.60869	-7.8283	0.35198	-14.584	1.5164	3.7396	-1.4031	2.3611	-4.8857	1.4849	-1.0638	1.7084	-0.060123	100.93	2238.3	51.225	-329.59	-549.85	-16.461	-3.9137	-94.321	43.097	-153.11	76.569	-41.879	71.933	-50.129
-5.9685	2.6559	-3.3058	1.7757	-13.444	-2.7325	2.2143	-0.66503	1.3878	-5.8931	2.0937	-1.3289	2.6882	-0.056806	2.3036	130.58	180.9	56.949	45.584	-169.96	-61.01	29.524	-38.931	-40.297	24.354	-10.605	39.191	0.13271
-6.4723	-8.8456	-13.617	1.7296	-3.3095	0.83733	2.2628	0.60033	1.6442	-4.0877	0.83857	-0.11947	1.5795	0.87093	-20.154	-460.06	-412.45	-1.8438	405.39	142.79	1.9414	50.615	10.257	72.217	-50.206	48.376	-44.346	37.109
-8.4867	-16.841	-16.875	0.54778	-3.3368	0.42468	3.1536	-2.5684	-0.78824	-1.3173	-0.072039	-1.5755	-0.14414	0.86938	-80.576	-319.84	-130.31	-47.273	-1.095	-16.506	35.63	-126.75	-97.299	110.81	-36.424	-58.24	-68.947	-0.061663
-8.8604	-23.085	-16.049	-1.249	-4.5855	-2.3662	0.3612	-1.8256	0.47525	-0.42636	1.334	0.17705	-1.1056	-0.29542	-14.949	-249.75	33.028	-71.872	-49.946	-111.64	-111.7	29.712	50.54	35.639	56.24	70.101	-38.459	-46.592
-9.2915	-27.747	-19.821	4.0932	-2.1807	0.42027	2.1233	-1.1402	-3.2206	-2.7344	-0.098055	0.54475	-0.65196	0.05146	-17.244	-186.47	-150.9	213.69	96.19	111.46	70.483	27.415	-147.84	-92.322	-57.28	14.708	18.146	13.875
-9.5329	-31.239	-17.316	4.6775	-4.6573	1.523	0.94342	-0.25692	-0.21846	-0.49029	0.84731	-0.53855	-0.29334	-0.137	-9.6537	-139.69	100.22	23.373	-99.063	44.109	-47.194	35.333	120.09	89.764	37.815	-43.332	14.345	-7.5382
-9.6924	-33.004	-18.573	3.2741	-2.9734	0.64495	1.9557	-0.48521	1.5735	-0.003684	0.6526	0.25939	-0.057031	-0.491	-6.3798	-70.605	-50.282	-56.136	67.356	-35.122	40.49	-9.1315	71.679	19.464	-7.7883	31.917	9.4522	-14.16
-9.5855	-28.301	-13.761	3.9968	-4.7908	-0.419	0.7739	-1.8629	0.38719	-1.4968	1.6442	1.4353	-1.4788	-0.1231	4.2747	188.12	192.48	28.908	-72.696	-42.558	-47.271	-55.109	-47.453	-59.723	39.664	47.038	-56.872	14.716
-9.3619	-36.133	-11.18	2.078	-7.4282	0.53806	2.9309	0.25338	1.114	-0.48214	2.0119	3.6968	-0.32704	0.15429	8.9434	-313.28	103.22	-76.751	-105.5	38.282	86.278	84.652	29.072	40.585	14.709	90.458	46.071	11.095
-9.3322	-39.513	-5.6405	1.3245	-5.8449	2.7456	0.64001	2.0048	0.79189	1.6129	2.3392	4.4506	1.1784	-0.27407	1.1887	-135.18	221.59	-30.14	63.331	88.301	-91.634	70.056	-12.884	83.803	13.09	30.152	60.219	-17.134
-7.4064	-26.834	-0.75448	4.603	-3.1423	4.0673	-2.447	-0.28791	-1.9505	0.87163	2.0286	1.5306	-0.53152	-0.67771	77.034	507.15	195.44	131.14	108.1	52.871	-123.48	-91.708	-109.7	-29.652	-12.424	-116.8	-68.399	-16.146
-5.0926	9.6243	6.5299	-3.1145	-0.61368	0.72466	-2.572	1.1573	-3.6024	2.979	0.26663	1.1351	-0.24296	-1.1846	92.549	1458.3	291.38	-308.7	101.15	-133.71	-4.9971	57.808	-66.076	84.296	-70.477	-15.819	11.543	-20.274
-4.8229	2.0522	3.7389	-2.0634	-1.068	-0.13496	-2.8811	-1.0386	-2.0395	2.1857	2.2513	1.177	-0.51587	-0.59938	10.791	-302.88	-111.64	42.046	-18.175	-34.385	-12.367	-87.837	62.517	-31.735	79.388	1.6743	-10.916	23.407
-4.9241	0.5	5.8148	-2.0894	-1.3331	0.17836	-2.9649	-0.99359	-0.51481	1.9205	1.1912	1.6478	-1.1837	0.015173	-4.0491	-62.089	83.034	-1.0426	-10.603	12.533	-3.3511	1.8013	60.988	-10.608	-42.405	18.833	-26.715	24.582
-4.7515	5.9605	6.3077	-2.8507	-0.33263	0.32646	-2.9829	-0.7404	-0.88712	2.5405	0.84839	1.829	-1.3344	-0.17158	6.9031	218.42	19.717	-30.451	40.019	5.9242	-0.71909	10.127	-14.892	24.802	-13.713	7.2499	-6.0264	-7.4703
-4.6827	9.7134	4.043	-0.83378	-1.6946	-0.15089	-2.2637	-0.25023	0.42372	2.4849	1.2123	1.1244	-1.5338	-0.16836	2.7519	150.12	-90.586	80.677	-54.477	-19.094	28.768	19.607	52.434	-2.2244	14.556	-28.187	-7.9761	0.12915
-4.6704	7.7458	3.4124	-1.6997	-2.4445	-0.20051	-1.3997	-0.34276	0.96568	2.109	1.1907	1.3664	-1.8552	0.69098	0.4916	-78.705	-25.225	-34.637	-29.998	-1.9849	34.561	-3.7012	21.678	-15.036	-0.86385	9.679	-12.856	34.373
-4.7266	3.8401	4.1659	-1.7257	-2.2279	-0.4727	-1.9337	-0.79868	0.81324	1.8197	1.9689	0.93288	-1.7927	0.21889	-2.245	-156.23	30.139	-1.0413	8.6649	-10.887	-21.361	-18.237	-6.0976	-11.574	31.129	-17.339	2.4997	-18.883
-4.7041	5.5842	4.8283	-0.38769	-3.0155	-0.14917	-1.6401	-0.63096	1.0361	1.7638	2.1144	0.52251	-1.8116	-0.087481	0.89689	69.766	26.498	53.522	-31.504	12.941	11.744	6.7086	8.9139	-2.2357	5.8195	-16.415	-0.75339	-12.255
-4.7016	10.121	3.7905	-1.4741	-3.0902	-0.20746	-1.3539	-0.54562	2.0269	1.4506	1.8813	0.55607	-2.366	0.43767	0.10182	181.47	-41.512	-43.457	-2.9878	-2.3314	11.448	3.4136	39.633	-12.528	-9.3228	1.3425	-22.178	21.006
-4.6604	11.251	1.7788	-3.5333	-3.1362	-1.0628	0.20224	-1.0704	2.2764	1.6232	1.6678	1.0772	-2.1881	0.53686	1.6458	45.209	-80.471	-82.367	-1.8397	-34.216	62.246	-20.989	9.9787	6.9076	-8.5407	20.845	7.1149	3.9673
-4.8719	-0.83625	4.1045	-0.84463	-4.413	-1.4959	0.21229	-1.0247	1.4702	2.1377	1.8328	0.57224	-2.547	0.021325	-8.4597	-483.49	93.03	107.55	-51.074	-17.323	0.40207	1.826	-32.249	20.58	6.5994	-20.199	-14.355	-20.621
-5.6478	-0.60896	4.48	0.24966	-3.7963	-1.3942	0.16969	-0.95021	1.3504	2.8121	1.2786	0.30902	-2.4871	-0.15881	-31.034	9.0919	15.02	43.772	24.669	4.0694	-1.7044	2.9798	-4.7893	26.976	-22.169	-10.529	2.3971	-7.2055
-6.0476	-5.995	1.7213	-0.43022	-2.144	0.90759	-1.4533	0.57102	0.040857	2.2156	0.71556	0.37786	-1.9489	-1.0748	-15.994	-215.44	-110.35	-27.195	66.094	92.071	-64.921	60.849	-52.383	-23.863	-22.52	2.7536	21.526	-36.638
-6.5559	-1.3964	-2.7635	-0.73094	-3.2848	-0.21185	0.55865	-0.50032	0.85115	1.5952	0.96799	1.1122	-2.1633	-0.35914	-20.328	183.94	-179.4	-12.029	-45.634	-44.778	80.48	-42.854	32.412	-24.814	10.097	29.372	-8.5746	28.625
-6.0317	-6.3057	1.753	0.54693	-4.6714	-1.8382	0.2092	1.3942	1.089	1.2474	1.1946	0.37284	-1.7662	-0.074882	20.965	-196.37	180.66	51.115	-55.462	-65.054	-13.978	75.782	9.5136	-13.912	9.0634	-29.573	15.884	11.37
-6.2042	-4.9841	2.16	0.4771	-4.1619	-1.6899	-0.28745	1.1637	1.8242	2.1518	1.7195	0.5911	-2.1334	-0.19288	-6.8987	52.863	16.279	-2.7932	20.379	5.9322	-19.866	-9.2225	29.408	36.177	20.996	8.7305	-14.687	-4.7198
-6.6155	-8.7317	-4.1571	-0.8441	-3.925	1.1858	-0.33086	0.4616	1.0579	2.0768	1.8364	1.2106	-2.9266	-0.25573	-16.452	-149.91	-252.69	-52.848	9.4771	115.03	-1.7362	-28.082	-30.65	-3.0008	4.6766	24.78	-31.73	-2.5141
-6.7342	-0.34387	-0.62609	0.76237	-4.6677	-0.82073	1.3158	0.27093	2.306	0.6727	2.0351	0.68811	-2.5197	0.51764	-4.7472	335.51	141.24	64.259	-29.71	-80.262	65.867	-7.6269	49.921	-56.165	7.9471	-20.899	16.277	30.935
-6.3878	-8.0154	-0.20155	1.4996	-4.749	-0.53001	1.511	-0.17457	1.9009	0.297	2.0363	0.56094	-2.4504	0.42533	13.856	-306.86	16.981	29.49	-3.2533	11.629	7.8085	-17.82	-16.203	-15.028	0.04863	-5.0868	2.7709	-3.6926
-6.6274	-10.33	-0.54891	2.3509	-5.2884	-0.040465	1.708	-0.75538	2.243	0.68981	3.0982	0.49698	-2.771	-0.028528	-9.5836	-92.6	-13.894	34.051	-21.576	19.582	7.8773	-23.232	13.684	15.712	42.476	-2.5584	-12.824	-18.154
-7.2797	-2.3045	-4.0868	4.961	-5.8633	-0.61862	1.5654	-2.2296	2.7612	-0.23973	3.1175	-1.3381	-1.97	-1.3366	-26.093	321.04	-141.51	104.4	-22.996	-23.126	-5.7026	-58.969	20.727	-37.182	0.7704	-73.402	32.039	-52.323
-7.3993	-30.657	-5.5402	7.0851	-6.8783	-0.15123	3.1683	-1.9682	2.2365	-0.9418	2.9224	-0.18872	-0.71355	-0.18283	-4.7834	-1134.1	-58.138	84.964	-40.601	18.695	64.116	10.455	-20.987	-28.083	-7.8038	45.974	50.259	46.151
-10.575	-51.561	-3.673	5.6583	-4.5089	-0.35149	2.3044	0.069855	0.48924	-1.3258	1.1327	0.62723	-0.070536	0.59084	-127.03	-836.15	74.69	-57.071	94.776	-8.0103	-34.555	81.523	-69.89	-15.359	-71.586	32.638	25.721	30.947
-11.523	-62.591	-12.15	7.6588	-2.9213	1.051	2.2265	-1.2869	3.2312	-2.8744	0.36607	1.6454	-0.54205	-0.10728	-37.901	-441.21	-339.08	80.02	63.505	56.099	-3.1164	-54.271	109.68	-61.946	-30.666	40.727	-18.86	-27.925
-12.552	-67.319	-16.511	6.0255	-2.6758	1.0206	2.5549	-1.6152	2.1148	-2.8085	-0.021191	-0.062795	-0.34627	0.27953	-41.167	-189.13	-174.46	-65.331	9.8204	-1.2165	13.136	-13.131	-44.657	2.6372	-15.49	-68.328	7.8312	15.472
-12.842	-67.286	-14.323	6.875	-2.6709	1.0592	3.8597	0.13034	2.3744	-2.3526	-0.35857	1.7204	-0.98575	1.0891	-11.62	1.338	87.531	33.979	0.19767	1.5463	52.19	69.821	10.384	18.237	-13.495	71.329	-25.579	32.384
-12.774	-69.062	-16.069	5.8461	-0.53364	0.86841	3.9396	0.52353	2.4771	-0.54887	-1.1522	0.72568	-0.99187	0.61999	2.7186	-71.047	-69.842	-41.157	85.489	-7.6331	3.1978	15.727	4.1116	72.148	-31.746	-39.79	-0.24479	-18.766
-12.487	-68.522	-19.26	4.6797	-0.57333	0.22647	3.5708	-0.3168	2.5081	-0.64459	-0.90825	0.62975	-0.13526	0.39958	11.5	21.62	-127.65	-46.654	-1.5873	-25.677	-14.751	-33.613	1.2386	-3.8292	9.759	-3.8374	34.264	-8.8163
-12.19	-67.867	-19.129	6.7109	0.081571	1.285	3.9539	0.30045	2.9479	-1.0519	-2.6306	-0.50347	-0.99617	1.8107	11.886	26.17	5.2694	81.248	26.196	42.34	15.321	24.69	17.593	-16.291	-68.895	-45.329	-34.436	56.445
-8.2382	-45.183	-4.9229	8.4047	-0.89617	1.7759	4.1871	-0.20063	2.6979	-1.4957	-0.78183	0.73144	-0.50233	1.197	158.06	907.37	568.23	67.751	-39.11	19.637	9.3289	-20.043	-10.001	-17.753	73.951	49.396	19.754	-24.548
-6.8554	4.2338	-9.4411	-0.029316	-1.4921	-6.9537	1.6096	-2.4831	0.58484	-0.57222	-0.57391	-1.8424	-0.10937	0.28947	55.31	1976.7	-180.73	-337.36	-23.838	-349.18	-103.1	-91.299	-84.523	36.939	8.3171	-102.95	15.718	-36.301
-6.8035	-3.7566	-10.263	-0.90451	-1.7864	-6.5994	1.3076	-4.2746	-0.70278	-0.081043	0.15177	-2.046	-1.0473	0.36351	2.0759	-319.62	-32.887	-35.008	-11.769	14.174	-12.079	-71.659	-51.505	19.647	29.027	-8.1454	-37.518	2.9617
-8.0524	-31.154	-9.72	1.2952	-2.0875	-5.736	3.8536	-3.3388	-1.6471	0.77661	0.97248	-0.87525	-2.0392	-0.96962	-49.956	-1095.9	21.732	87.99	-12.047	34.534	101.84	37.432	-37.773	34.306	32.828	46.83	-39.675	-53.325
