-8.98661904761904 -43.2944771428571 -10.4735990476191 3.39133619047619 0.352410952380952 3.59758333333333 1.44111380952381 0.701630952380952 0.859165761904762 -1.33959814285714 0.472515714285714 -0.790231380952381 0.241071952380952 -0.930008476190476 -75.0697904761905 -372.767619047619 -292.904571428571 -116.511623809524 -26.6071619047619 16.7669523809524 -7.42502761904762 -7.01928571428572 4.45357619047619 11.2282476190476 4.50042857142857 9.3643919047619 5.42110952380952 -7.2795
-7.83619090909091 -54.2479090909091 -6.79361827272727 5.27022909090909 1.85481 4.72050090909091 1.69931090909091 -0.404909590909091 0.800099090909091 -0.247172727272727 0.433350272727273 -0.658437272727273 -0.201677454545455 -0.561430909090909 -99.8582818181818 -1490.12727272727 -115.601818181818 159.971272727273 -30.1878627272727 94.3872 30.5943636363636 76.5701818181818 -0.74627272727273 -2.28142727272727 26.0584545454545 -5.10109090909091 -15.0873727272727 -25.8143
-3.47802896174863 7.21341841530055 0.614041464480874 -0.793522125683059 -0.697627491803279 -0.922839306010929 -0.372929695081967 0.841033087431694 -0.0142976721311475 0.280829480874317 -0.0426500601092896 0.256308131147541 0.0683310978142076 -0.0866509666666666 3.98314166120219 94.3157355191257 -43.3760393989071 -18.5624492229508 8.61162750819672 -5.33274382513661 -9.22149540732241 4.34550333333333 4.99444528961749 -8.97098464480874 3.63010535519126 0.740168797814208 -1.57107857923497 0.840156387978142
-5.4881 -8.98922055555555 -0.334638888888889 -1.59569444444444 -1.31604722222222 0.885452961111111 1.33146266666667 0.0283805555555555 0.332006833333333 -0.733258944444444 -0.313983333333333 -0.332065555555556 -0.727006055555556 -0.201560166666667 78.5780522222222 1090.12055555556 233.446944444445 -168.740222222222 -99.3370555555556 -63.7757111111111 8.48823333333333 -18.3891 -22.2839888888889 23.7072744444444 -23.8719238888889 34.0234555555556 -4.66876111111111 23.4954333333333
-4.65020833333333 -4.58994625 0.135436083333333 2.995451375 0.879217916666667 1.7030875 0.426222916666667 -1.31905166666667 0.557754875 -1.593262375 0.321287625 -0.798546916666667 -0.193875833333333 -0.299701666666667 80.0031333333333 380.806166666667 545.595833333333 127.846429166667 51.5523 4.80311583333333 -65.2862875 -6.49408333333334 -42.4773 -15.7387241666667 -38.2581675 6.90437083333333 -23.8881054166667 5.24393333333334
-3.85180607594937 2.16110379746835 1.26956949367089 -0.346581626582278 -0.412980886075949 -0.205200107594937 -0.464390316455696 -0.261707778481013 -0.432072414556962 0.361896398734177 0.000142717721518997 0.0818303740506329 0.0286542487974683 0.00877155063291135 -5.71896063924051 -112.23103164557 33.1895341772152 0.709229936708861 -15.107736835443 -1.88230417721519 9.18769182911392 9.50365139240506 -1.74852151898734 5.73113386075949 2.63667164556962 1.01083474683544 -0.830593512658228 0.823578417721519
-4.00652677165354 0.138886535433071 1.62667850393701 1.55055114251968 0.701285763779528 -0.447602222047244 -0.454519614173228 0.45597175984252 0.381093598425197 -0.125758918110236 -0.409875887401575 0.0776188527559056 0.135682307086614 0.235929303937008 -7.49137788188976 -77.4927842519685 -49.9830015748031 62.0086354330709 17.2226393858268 3.91529175590551 4.44064262992126 -1.71082511811023 14.2833465669291 -15.2299024409449 -0.444082677165354 -6.79151976377953 0.353478346456693 3.92248173228346
-3.59350826446281 4.52541977272727 2.12472181900826 -0.848112990909091 -0.244572611570248 -0.668875158264463 -0.655648780991736 0.654667882512396 -0.310019566115703 0.31549958714876 -0.252207950413223 0.110493990702479 0.134115631404959 0.123618109504132 0.150513838842975 9.17147009917356 21.0818651280992 -15.944047107438 -1.65822585950413 3.9283405785124 -4.15904205785124 -5.62260361983471 -5.21565685950413 9.70046997107438 -1.1809579338843 -0.197297665289256 1.76583921487603 1.28526861570248
-4.24191428571429 5.49834025714286 -2.08795171428571 -0.424513142857143 0.229844857142857 -0.260266071428572 0.267754714285714 -0.783267685714286 0.1248806 -0.184530654285714 0.403505885714286 -0.1122554 -0.524425428571428 -0.3760674 27.3629685714286 566.590285714286 -51.3541714285714 -65.5417857142857 -17.5985857142857 -38.1557808571429 -29.0259114285714 -19.7033174285714 -16.0796462857143 24.8560714285714 4.96130285714286 0.318545714285715 -8.94489142857143 9.28085085714286
-3.72819111111111 6.22627655555556 0.591529222222221 -0.894612355555556 -0.128092222222222 -0.283951876666667 0.633961201111111 -0.7353787 -0.531730028888889 0.238972677777778 0.253538455555556 0.173196045555556 -0.267195955555556 0.325292223333333 17.0322877777778 255.354777777778 22.402591 -57.5837722 1.09981811111111 -6.58959111111111 -15.0229751111111 -12.7260466666667 -10.0968911111111 15.357938 -4.64695033333333 11.0554577777778 4.09899697666667 2.98212855555555
-4.3526221875 -1.23520720833333 2.04877560354167 -0.653125197916666 -0.299827595833333 1.00808941666667 0.231822270833333 -0.76794853125 -0.615833114583333 0.0373290625 -0.0517236770833333 0.129459854166667 -0.0136093229166667 -0.1422000625 -16.6186020833333 -259.646458333333 36.3977270833333 47.4551553125 -19.708380040625 11.2038749583333 16.9196351041667 5.71197270833333 -1.918101875 -13.6153811458333 -3.62218385416667 -3.21682541666667 12.0645351041667 -9.47569
-4.43665263157895 -1.50650526315789 -2.83495326315789 1.49818173684211 2.63156042105263 1.1214747368421 0.246998947368421 -1.30516421052632 1.10850447368421 -0.277531210526316 -0.139164210526316 -0.57148047368421 -0.123901894736842 0.251751263157895 26.7076421052632 -269.612157894737 371.075789473684 38.5466842105263 103.995052631579 41.938552631579 4.77384210526316 12.9567210526316 -26.3033157894737 35.3513789473684 -41.8617368421053 14.4671421052632 -7.78673157894737 -2.40442936842105
-5.62088823529412 -3.28024117647059 -9.3139705882353 -5.54745705882353 -0.481290588235294 -1.63633894117647 2.30134764705882 -1.54693882352941 1.46621882352941 -1.18224441176471 0.686851058823529 -0.684842941176471 -0.236220176470588 -0.136907111764706 163.741858823529 2106.97647058824 120.180294117647 -223.790823529412 20.8861764705882 -169.297882352941 4.12417647058823 -67.2395470588235 15.3386764705882 -6.93321176470588 9.10897647058824 -14.6378176470588 -14.84293 17.4454117647059
-5.12930869565217 2.88167 -15.7891029130435 2.77816695652174 2.03730652173913 0.425847695652174 2.77449491304348 -1.46994434782609 2.7671452173913 -1.18654456521739 1.0332852173913 -0.793606956521739 0.133998739130435 0.194717217391304 -16.6939130434783 58.0685826086957 -431.484782608696 1.15789130434783 -38.5550217391304 -21.114947826087 27.4820086956522 -17.8993130434783 27.8160608695652 -19.2110752173913 20.0907739130435 -8.17114565217391 3.83260652173913 -16.7719260869565
-5.23692244897959 -12.0189430612245 -3.21657959183674 1.7501512244898 0.845708775510204 1.64294714285714 1.06646781632653 -0.817794571428572 0.515156469387755 -0.338033102040816 0.645883326530612 -0.315910693877551 -0.256221126530612 -0.294502257142857 -33.1106 -524.502857142857 -18.7452369387755 103.150383673469 9.42998387755102 34.3699926530612 15.2539371428571 12.0071783673469 14.9024785714286 -12.8113 14.712987755102 -18.6704612244898 -5.40008306122449 -13.3826714285714
-7.15319655172414 -35.2965689655172 -6.21235793103448 3.79993982758621 1.37843210344828 3.09749724137931 0.906593793103448 -0.542504103448276 0.656379655172414 -1.24378951724138 0.265524482758621 -0.527720379310345 0.266452034482759 -0.1326274 -73.568956 -938.402068965517 -232.42775862069 69.5571655172414 24.0367482758621 78.149524137931 49.4587965517241 32.7914827586207 25.4781551724138 -6.28824827586207 21.9293586206897 -5.71724206896552 -5.85361724137931 -4.2347
