WSS
790014.494104566
1697614.82292502
1225973.47561982
623209.063087188
782914.853232586
1047992.49589058
574975.244280336
754474.199048416
1275793.44885949
557617.646963772
556685.568067635
840357.490205286
709119.504302118
985350.740531712
166383.647967068
1069299.72127671
1011027.88739383
1247820.63747558
528156.38125973
824198.374795157
1029309.20286356
1217596.9600986
889921.237153906
1062987.20411304
1305397.16941656
1624873.11831239
815445.321309589
1009263.84119692
769652.195632244
1743832.06594886
1842613.40078903
1434084.89282368
32013956.306945
226532897.329943
