-4.7608	-1.992	0.28313	7.2757	-1.7155	5.3801	3.3377	-1.0374	1.4915	-0.14436	1.4374	0.54718	-1.7077	-0.8601	0	0	0	0	0	0	0	0	0	0	0	0	0	0
-4.8378	-11.097	3.4084	7.6222	0.81751	3.4809	3.1172	-1.8266	1.409	-0.90154	1.3296	1.8411	-0.38744	-0.089913	-3.0785	-364.22	125.01	13.863	101.32	-75.966	-8.8229	-31.565	-3.3009	-30.287	-4.3113	51.756	52.812	30.808
-4.208	-10.608	8.2262	5.851	1.4487	2.3016	0.78666	-1.5781	2.0183	-1.8587	1.8857	0.28977	-1.7106	-1.8333	25.189	19.595	192.71	-70.847	25.248	-47.174	-93.22	9.9388	24.373	-38.285	22.245	-62.052	-52.926	-69.737
-3.3123	11.077	7.2828	0.73541	4.1848	3.1112	2.1364	-0.89379	-1.7194	-3.2369	0.52147	0.55772	-0.80343	-1.7778	35.828	867.39	-37.735	-204.63	109.44	32.387	53.99	27.373	-149.51	-55.127	-54.57	10.718	36.286	2.2213
-3.4763	11.112	5.655	-0.37582	2.4023	2.5253	1.3808	-3.0773	-2.0532	-3.0072	0.1802	-0.39598	-2.1692	0.20843	-6.5567	1.4082	-65.112	-44.449	-71.3	-23.44	-30.224	-87.34	-13.352	9.1875	-13.651	-38.148	-54.631	79.449
-5.5651	-33.439	3.7216	2.3073	-0.51755	4.0036	2.366	-0.89049	-1.0959	-1.5998	1.8825	-0.016538	-0.46356	2.7879	-83.552	-1782.1	-77.337	107.33	-116.79	59.133	39.408	87.472	38.295	56.296	68.092	15.178	68.226	103.18
-10.05	-76.525	-4.918	8.9507	1.4074	8.0952	2.7513	1.7234	2.9826	-0.42852	1.2251	-0.55709	1.2571	0.2559	-179.41	-1723.4	-345.58	265.73	76.997	163.67	15.411	104.56	163.14	46.85	-26.295	-21.622	68.827	-101.28
-11.834	-82.834	-13.071	4.931	-1.8955	7.2646	0.68761	-1.0797	3.9038	0.86634	2.2687	-1.3372	1.5518	-0.86895	-71.344	-252.39	-326.13	-160.78	-132.11	-33.224	-82.546	-112.13	36.848	51.794	41.742	-31.205	11.788	-44.994
-13.548	-89.516	-14.079	6.7865	-2.6668	4.215	2.0572	1.5749	1.6098	-2.0721	0.54598	0.21322	0.089628	-2.0889	-68.544	-267.26	-40.314	74.219	-30.854	-121.98	54.783	106.18	-91.761	-117.54	-68.908	62.018	-58.488	-48.798
-14.024	-91.317	-14.257	4.0747	-3.6982	2.9977	0.723	0.63868	1.5853	-1.2584	-0.8258	0.96183	0.91082	-0.31101	-19.073	-72.069	-7.1151	-108.47	-41.256	-48.691	-53.367	-37.449	-0.97725	32.545	-54.871	29.944	32.848	71.116
-13.759	-92.726	-15.586	4.0519	-3.8064	2.07	-1.2462	1.8522	3.1847	0.32914	-0.16313	-1.7856	-0.16064	0.70562	10.619	-56.335	-53.143	-0.91075	-4.3272	-37.109	-78.768	48.542	63.976	63.503	26.507	-109.9	-42.858	40.665
-13.592	-89.972	-14.864	4.4798	-4.0985	3.5249	-0.56998	1.1796	2.6289	-0.17851	1.3624	-0.51889	0.17249	0.14392	6.6823	110.16	28.872	17.113	-11.686	58.197	27.049	-26.903	-22.233	-20.306	61.022	50.669	13.325	-22.468
-13.411	-88.536	-11.958	4.6681	-4.2606	4.0607	0.33184	1.1995	2.3819	0.39862	0.28296	-0.77664	0.44743	-0.54265	7.2435	57.429	116.22	7.5328	-6.4806	21.433	36.073	0.7957	-9.879	23.085	-43.178	-10.31	10.998	-27.463
-4.2255	-2.1758	-14.05	-4.7486	-2.7994	-0.57144	4.1873	-0.42033	-0.70248	-0.16571	-3.0763	0.41705	0.194	-0.27589	367.41	3454.4	-83.652	-376.67	58.447	-185.29	154.22	-64.794	-123.38	-22.573	-134.37	47.748	-10.137	10.67
-3.6274	28.655	-14.372	-1.9525	-4.6167	-1.4346	4.2154	-1.1761	0.46215	-0.37685	-2.0249	1.2873	0.85906	0.91242	23.926	1233.2	-12.917	111.84	-72.692	-34.527	1.1216	-30.231	46.585	-8.4457	42.056	34.812	26.603	47.532
-3.5136	23.366	-13.138	6.2956	-2.2495	-2.2697	0.84934	-2.951	0.0043343	-1.2604	-0.45923	-0.60642	0.32997	1.3492	4.5515	-211.56	49.368	329.92	94.689	-33.404	-134.64	-70.997	-18.312	-35.342	62.627	-75.751	-21.164	17.473
-4.2997	15.411	-13.052	2.7131	-2.4346	0.81273	0.9777	-3.3854	0.49093	1.1089	-1.4473	-2.3297	-0.65932	-0.54722	-31.443	-318.19	3.4704	-143.3	-7.4068	123.3	5.1346	-17.376	19.464	94.772	-39.524	-68.932	-39.571	-75.859
-4.9851	10.097	-10.679	1.6845	-1.1513	0.28881	-0.4073	-4.7343	-0.50393	-1.0446	0.4712	-0.46794	0.33094	-0.41727	-27.416	-212.57	94.915	-41.142	51.332	-20.957	-55.4	-53.955	-39.794	-86.14	76.741	74.472	39.61	5.1981
-5.6064	-2.8054	-5.7819	0.49057	-2.1697	0.51889	0.3221	-4.3216	-0.58289	-0.43517	0.91104	-0.073182	0.18945	0.27151	-24.853	-516.09	195.87	-47.758	-40.736	9.2031	29.176	16.507	-3.1585	24.377	17.593	15.79	-5.6597	27.551
-5.2615	-13.136	-3.3577	3.0532	-0.97182	1.9075	2.8516	-3.3321	1.8366	0.84178	2.179	-1.2257	-1.9913	1.3847	13.798	-413.22	96.968	102.5	47.917	55.544	101.18	39.58	96.778	51.078	50.718	-46.101	-87.231	44.529
-3.0495	1.8777	6.823	2.9022	4.3808	3.1192	1.4956	-2.5612	-0.34338	-0.72043	0.82067	-0.59355	-1.5121	0.089279	88.481	600.54	407.23	-6.0378	214.11	48.468	-54.24	30.839	-87.197	-62.488	-54.332	25.286	19.169	-51.819
-2.0998	21.437	7.6572	-0.94516	6.2805	2.3621	0.55961	-2.9127	-2.6362	-1.246	-0.43101	-0.28155	-1.8254	-0.47206	37.984	782.37	33.366	-153.89	75.988	-30.284	-37.44	-14.061	-91.712	-21.024	-50.067	12.48	-12.534	-22.453
-1.7075	28.485	7.5288	-3.5364	6.2379	2.5921	-0.13662	-2.9724	-3.3636	-0.61639	-0.27641	-0.67479	-1.8737	0.042827	15.694	281.92	-5.1357	-103.65	-1.704	9.2003	-27.849	-2.3893	-29.096	25.186	6.1839	-15.73	-1.9322	20.595
-1.6713	28.274	7.3857	-4.8351	7.2397	3.0493	-0.19145	-2.259	-3.3405	-0.90614	0.13337	-1.3894	-0.99945	-0.29186	1.4488	-8.4535	-5.7234	-51.949	40.073	18.287	-2.1931	28.539	0.92245	-11.59	16.391	-28.585	34.972	-13.387
-1.5348	28.979	7.6903	-6.0413	8.5245	2.9199	-0.12568	-1.4845	-3.7695	-0.2729	-0.15569	-1.4678	-1.7006	-0.060676	5.457	28.2	12.186	-48.251	51.39	-5.1751	2.6305	30.978	-17.161	25.33	-11.562	-3.136	-28.046	9.2474
-1.43	29.107	7.7588	-7.0119	9.4287	3.3619	0.14867	-1.5804	-3.3705	-1.0181	1.1078	-3.6601	-0.92046	-0.35987	4.1949	5.1342	2.7393	-38.822	36.167	17.681	10.974	-3.8369	15.96	-29.807	50.539	-87.693	31.206	-11.968
-1.342	26.637	9.0785	-7.823	10.789	3.8027	0.059507	-1.0762	-3.9531	-0.5146	0.57155	-4.0813	-1.2523	-0.080419	3.5203	-98.783	52.786	-32.443	54.427	17.631	-3.5666	20.171	-23.302	20.139	-21.45	-16.847	-13.273	11.178
-1.3578	24.245	9.4598	-7.7822	11.314	4.3379	0.05234	-0.39091	-4.4155	-0.079982	-0.14921	-3.6724	-2.174	0.6205	-0.63327	-95.698	15.254	1.6302	20.998	21.408	-0.2867	27.41	-18.495	17.385	-28.83	16.358	-36.868	28.037
-1.5224	20.408	9.6704	-7.2619	10.737	5.8497	-0.41989	0.0078551	-4.669	0.097195	0.17519	-4.3145	-1.8566	0.75598	-6.5857	-153.47	8.4244	20.813	-23.095	60.473	-18.889	15.951	-10.142	7.0871	12.976	-25.685	12.694	5.4192
-1.9697	13.131	13.067	-7.7463	9.6862	6.2154	-0.28852	0.97664	-5.4295	0.54394	-0.070382	-3.614	-1.7982	0.64458	-17.89	-291.09	135.87	-19.377	-42.029	14.628	5.2546	38.751	-30.417	17.87	-9.8229	28.02	2.3372	-4.456
-2.3126	10.425	13.557	-7.0432	7.6111	6.1315	0.75679	1.188	-4.8308	-0.22009	0.39242	-3.2831	-1.5683	0.52407	-13.715	-108.25	19.604	28.123	-83.004	-3.3581	41.813	8.4561	23.946	-30.561	18.512	13.237	9.1946	-4.8204
-2.6162	9.4096	12.911	-6.6903	7.3142	5.1634	0.97359	2.7517	-5.3792	0.20761	-0.14104	-3.0141	-0.44599	-0.013319	-12.143	-40.601	-25.865	14.116	-11.875	-38.721	8.6722	62.547	-21.935	17.108	-21.339	10.76	44.894	-21.495
-2.7008	8.0264	13.006	-6.4008	6.4238	4.7587	1.1024	4.0546	-5.3957	-0.84315	-0.43519	-2.3077	0.78268	-0.67594	-3.3878	-55.326	3.8138	11.582	-35.619	-16.187	5.1539	52.115	-0.66074	-42.03	-11.766	28.256	49.147	-26.505
-2.8625	8.3349	12.508	-5.787	6.4287	2.0459	2.2405	4.3826	-3.7728	-1.4785	-1.0052	-2.106	1.4811	-0.72435	-6.467	12.339	-19.928	24.551	0.19898	-108.51	45.523	13.119	64.917	-25.415	-22.799	8.0683	27.936	-1.9365
-2.9288	6.2946	12.991	-4.6206	5.5169	0.27257	2.3443	5.3763	-2.3381	-1.9004	-1.9624	-2.6666	2.5257	-0.61511	-2.6529	-81.612	19.319	46.656	-36.472	-70.934	4.1515	39.749	57.386	-16.876	-38.29	-22.424	41.785	4.3698
-3.0047	0.42639	14.669	-2.8958	4.3565	-0.84358	1.6307	6.5118	-1.4722	-1.8518	-3.4295	-2.4789	2.7121	-0.27345	-3.0354	-234.73	67.128	68.992	-46.418	-44.646	-28.545	45.422	34.638	1.9427	-58.684	7.5067	7.4563	13.666
-3.1641	0.16769	13.312	-0.097921	3.0492	-1.4078	1.1475	6.2778	-0.48809	-2.3732	-4.283	-2.215	2.0743	0.22597	-6.3761	-10.348	-54.261	111.92	-52.292	-22.569	-19.327	-9.3592	39.363	-20.854	-34.14	10.556	-25.513	19.977
-3.0799	-2.5315	12.838	2.73	3.2808	-1.4597	-1.1449	7.1161	-1.8211	-1.9165	-6.001	-2.0466	1.0943	0.86783	3.3709	-107.97	-18.972	113.12	9.2664	-2.0742	-91.697	33.53	-53.318	18.266	-68.718	6.7346	-39.198	25.675
-3.1632	-8.7486	17.426	3.8375	-0.16766	-1.3344	-1.9467	5.131	-0.75226	-2.0776	-7.2067	-1.9602	-0.082631	0.16767	-3.3353	-248.68	183.51	44.299	-137.94	5.0091	-32.072	-79.405	42.752	-6.4436	-48.228	3.4578	-47.079	-28.007
-3.3544	-20.411	13.023	8.4401	-0.061207	-0.83844	-3.7774	4.2893	0.15123	-2.9563	-8.2707	-1.5596	0.68015	0.59822	-7.6453	-466.52	-176.13	184.1	4.2581	19.84	-73.226	-33.666	36.139	-35.148	-42.561	16.022	30.511	17.222
-3.8113	-15.855	10.683	5.1754	-0.99791	-2.9337	-3.9877	3.8127	-0.12638	-3.6289	-7.7584	-0.18175	-0.025152	1.7586	-18.279	182.24	-93.569	-130.59	-37.468	-83.809	-8.4123	-19.065	-11.104	-26.902	20.491	55.116	-28.212	46.414
-3.9226	-15.12	9.4977	5.8216	1.3296	-2.5701	-7.0824	0.53266	-1.1819	-1.5774	-6.4725	0.21533	1.0419	1.6466	-4.4505	29.431	-47.433	25.849	93.101	14.541	-123.79	-131.2	-42.22	82.06	51.436	15.884	42.682	-4.4778
-4.0006	-24.783	11.466	5.7499	-2.0947	-5.7329	-7.2372	2.1373	2.2828	-1.5604	-3.7643	0.541	0.54917	1.2328	-3.119	-386.55	78.736	-2.8697	-136.97	-126.51	-6.1948	64.186	138.59	0.67863	108.33	13.027	-19.709	-16.554
-4.3227	-15.301	12.01	4.8035	-1.8312	-6.4301	-5.9179	3.969	2.3955	0.4128	-4.0428	0.51928	-1.0732	1.4217	-12.885	379.29	21.775	-37.857	10.537	-27.89	52.773	73.267	4.5087	78.928	-11.141	-0.86884	-64.896	7.5574
-2.8502	-3.6753	14.171	2.6862	-3.9359	-8.142	-4.6207	3.5602	1.2582	0.72003	-3.4555	0.75823	1.0456	1.3059	58.899	465.03	86.41	-84.691	-84.184	-68.476	51.886	-16.351	-45.491	12.289	23.492	9.5582	84.753	-4.6332
-2.3882	1.9086	13.345	1.5014	-1.4908	-10.134	-6.814	3.9405	2.6053	0.13969	-3.1256	0.96595	1.8051	0.42237	18.481	223.36	-33.044	-47.393	97.803	-79.679	-87.73	15.213	53.885	-23.214	13.197	8.3085	30.38	-35.339
-1.5832	5.7989	15.106	0.25781	-2.0448	-8.6283	-5.9184	4.01	1.3493	0.93837	-2.629	1.2412	1.6269	-0.59063	32.199	155.61	70.461	-49.742	-22.162	60.228	35.823	2.7768	-50.24	31.947	19.862	11.012	-7.1272	-40.52
-1.0891	13.283	17.549	-1.4515	-3.4694	-7.3505	-7.4864	4.8495	2.1012	0.15245	-1.5121	-0.24672	1.1761	-0.10896	19.766	299.35	97.732	-68.373	-56.983	51.112	-62.72	33.582	30.073	-31.437	44.679	-59.519	-18.035	19.267
-0.74412	17.734	16.72	-2.632	-2.4438	-7.9652	-7.325	5.0984	2.2031	0.84918	-2.6523	0.5835	0.60656	0.20249	13.797	178.04	-33.179	-47.219	41.023	-24.588	6.4574	9.9549	4.0796	27.869	-45.61	33.209	-22.78	12.458
-0.68388	21.832	15.566	-3.4194	-2.2591	-8.2655	-6.759	4.8097	2.8995	0.3218	-2.2442	-0.05463	1.2611	0.3741	2.4095	163.95	-46.141	-31.496	7.3891	-12.013	22.641	-11.548	27.854	-21.095	16.327	-25.525	26.183	6.8642
-0.67264	24.223	13.809	-2.7102	-2.7419	-7.1433	-7.0765	4.8189	3.3801	-0.63049	-1.4347	-0.60866	1.5477	0.77334	0.44973	95.625	-70.298	28.369	-19.314	44.89	-12.7	0.36765	19.223	-38.092	32.378	-22.161	11.461	15.97
-0.8653	24.163	13.975	-2.7825	-2.3654	-6.9741	-6.9082	4.6049	3.5693	-0.6381	-1.4282	-0.94079	1.1756	1.5345	-7.7063	-2.3941	6.6408	-2.8925	15.06	6.7689	6.7317	-8.5606	7.5706	-0.30407	0.26011	-13.285	-14.881	30.448
-0.54233	26.439	13.662	-2.9281	-3.2937	-6.1924	-7.2755	4.7857	3.4355	-1.2672	-0.83614	-1.385	1.7114	1.4778	12.919	91.013	-12.531	-5.825	-37.133	31.267	-14.694	7.2326	-5.3527	-25.165	23.682	-17.77	21.43	-2.2705
-0.44098	24.85	16.001	-4.0712	-3.547	-6.0494	-7.2749	4.6752	3.2208	-1.4043	-0.33366	-1.4589	1.5694	1.8575	4.0539	-63.55	93.566	-45.723	-10.128	5.722	0.02328	-4.4189	-8.5902	-5.4845	20.099	-2.9541	-5.6781	15.19
-0.42569	21.976	18.399	-4.6609	-5.3476	-4.8791	-7.0473	4.4569	2.7081	-1.2247	-0.62314	-1.1146	1.2857	2.8346	0.61166	-114.97	95.938	-23.588	-72.027	46.81	9.1035	-8.7337	-20.508	7.1871	-11.579	13.771	-11.351	39.082
-0.41193	18.912	20.93	-6.6106	-5.4531	-3.3052	-7.2133	3.8126	3.2614	-1.368	-0.71945	-1.0761	1.3604	3.353	0.55055	-122.54	101.21	-77.99	-4.2189	62.955	-6.6368	-25.772	22.136	-5.7336	-3.8522	1.5418	2.9893	20.736
-0.45349	18.969	21.719	-7.9637	-5.2233	-3.908	-5.5778	3.2286	2.3595	-0.64892	-0.99614	-0.57694	0.20391	4.1765	-1.6623	2.2692	31.586	-54.124	9.1913	-24.11	65.417	-23.36	-36.078	28.763	-11.068	19.965	-46.259	32.942
-0.50784	20.791	20.597	-7.7674	-6.6426	-2.732	-4.1302	1.7243	2.327	-0.85121	-0.39963	-0.74667	0.16758	4.404	-2.1741	72.879	-44.877	7.8547	-56.774	47.04	57.907	-60.168	-1.3022	-8.0916	23.86	-6.7894	-1.4531	9.0975
-0.63403	17.872	22.001	-7.8374	-8.0722	-1.6071	-3.2296	1.8293	1.1396	-1.9008	1.1478	-0.85768	0.27495	3.9382	-5.0478	-116.75	56.133	-2.8017	-57.183	44.997	36.023	4.1983	-47.496	-41.983	61.898	-4.4401	4.2945	-18.629
-0.82238	14.661	23.478	-7.773	-9.5634	0.26479	-1.8105	0.6795	0.36873	-3.7398	2.5408	-0.16895	-0.11861	2.9364	-7.5338	-128.43	59.079	2.5752	-59.649	74.874	56.765	-45.992	-30.833	-73.56	55.718	27.549	-15.742	-40.073
-1.0806	9.1975	25.09	-5.4639	-11.489	2.2316	-0.1918	-0.11743	-1.3974	-4.8112	3.3013	1.3627	-0.51195	1.386	-10.329	-218.56	64.507	92.365	-77.034	78.674	64.747	-31.877	-70.646	-42.858	30.421	61.267	-15.734	-62.018
-1.4339	7.5158	23.811	-4.3629	-8.8727	2.465	-0.34459	-0.99254	-2.6466	-4.1823	3.0898	1.3569	-0.33316	0.42421	-14.132	-67.265	-51.187	44.038	104.67	9.3342	-6.1114	-35.004	-49.967	25.156	-8.4618	-0.23304	7.1516	-38.47
-2.0092	2.9756	21.125	-2.6879	-7.5894	5.7129	1.0234	-2.5083	-3.4329	-3.6935	3.2107	0.6338	-0.92123	-0.46415	-23.014	-181.61	-107.41	67.003	51.329	129.92	54.72	-60.632	-31.452	19.555	4.8379	-28.924	-23.523	-35.534
-3.0176	-6.3644	22.784	-1.2068	-7.606	6.9	0.6809	-1.3171	-0.92349	-4.7977	1.1701	-0.29233	-0.81665	-1.317	-40.335	-373.6	66.335	59.242	-0.66289	47.485	-13.701	47.648	100.38	-44.169	-81.625	-37.045	4.1834	-34.116
-4.0133	-22.742	11.565	2.2671	-6.4406	8.8276	0.18549	-0.37488	-1.2585	-2.6384	1.6938	-0.92179	-2.4556	0.61671	-39.83	-655.09	-448.76	138.96	46.616	77.101	-19.816	37.69	-13.402	86.37	20.95	-25.178	-65.56	77.35
-3.037	-6.8404	11.826	1.3379	-5.2452	6.8791	-1.1917	-2.1393	0.73741	-2.496	1.6195	-0.98702	-0.75105	1.2625	39.052	636.06	10.439	-37.17	47.818	-77.94	-55.086	-70.576	79.838	5.6968	-2.9733	-2.6092	68.184	25.832
-2.11	7.7284	18.493	-3.867	-2.6409	4.1544	-1.876	-3.5271	-2.4043	-2.439	1.795	-0.59171	0.69174	0.082394	37.083	582.75	266.68	-208.19	104.17	-108.99	-27.373	-55.513	-125.67	2.2782	7.0197	15.812	57.712	-47.205
-1.71	17.01	17.032	-6.2577	-1.717	2.756	-1.2492	-4.0768	-2.0282	-1.8096	1.6747	0.48165	0.11546	-0.080877	15.998	371.25	-58.433	-95.627	36.954	-55.933	25.069	-21.987	15.043	25.176	-4.8111	42.934	-23.051	-6.5308
-1.6824	14.671	15.927	-4.9804	-0.80753	3.0221	-0.087581	-4.6225	-2.4092	-0.13955	0.036867	0.6531	0.20497	-0.033455	1.103	-93.527	-44.192	51.089	36.38	10.644	46.467	-21.826	-15.239	66.804	-65.514	6.8577	3.5803	1.8969
-1.7453	18.185	14.844	-6.3504	0.77134	4.1611	-2.1241	-4.1	-1.4625	-0.9633	0.12234	0.024452	0.072264	0.30159	-2.5168	140.55	-43.307	-54.799	63.155	45.557	-81.46	20.9	37.868	-32.95	3.4188	-25.146	-5.3081	13.402
-1.5816	21.905	12.579	-4.7029	0.99866	2.4025	-0.81399	-4.3535	-2.0578	-0.3045	-0.43364	0.28543	-0.0042026	0.31738	6.5491	148.77	-90.63	65.899	9.0929	-70.341	52.404	-10.141	-23.809	26.352	-22.239	10.439	-3.0586	0.63161
-1.5395	23.933	12.11	-5.5482	2.6586	1.1203	-0.11486	-3.6277	-3.489	-0.13423	-0.16565	0.38586	-0.45347	0.6526	1.6835	81.121	-18.743	-33.809	66.399	-51.289	27.965	29.033	-57.251	6.8109	10.72	4.0173	-17.971	13.409
-1.6156	24.225	10.993	-4.8742	2.4909	2.4918	-1.3947	-2.7516	-3.78	-0.07036	0.0058267	-0.23514	-0.12446	-0.15572	-3.0442	11.695	-44.678	26.96	-6.7075	54.86	-51.194	35.044	-11.637	2.5547	6.8592	-24.84	13.161	-32.333
-1.7574	26.217	8.821	-4.5632	2.952	1.5714	0.43995	-3.4004	-3.4225	0.29017	-0.34888	-0.34079	-0.4745	-0.81516	-5.6717	79.702	-86.888	12.441	18.444	-36.813	73.386	-25.952	14.299	14.421	-14.188	-4.226	-14.002	-26.378
-1.9218	28.425	6.2301	-2.7649	2.9431	1.006	1.3202	-4.1745	-2.8386	-0.16151	-0.72687	0.17369	-0.89858	-1.2905	-6.5744	88.303	-103.63	71.929	-0.35568	-22.618	35.211	-30.963	23.357	-18.067	-15.12	20.579	-16.963	-19.015
-2.26	20.812	8.0104	-1.0773	1.7473	0.99229	2.4516	-4.5327	-2.8008	0.08809	-1.4335	1.6915	-2.1474	-0.49273	-13.527	-304.5	71.212	67.506	-47.833	-0.54872	45.254	-14.328	1.5094	9.9841	-28.264	60.711	-49.952	31.912
-2.9911	4.4563	5.5069	5.7376	1.3275	-0.40135	4.0157	-4.2265	-3.4159	1.0953	-0.76708	1.8585	-2.723	-0.79217	-29.248	-654.25	-100.14	272.6	-16.793	-55.746	62.566	12.247	-24.605	40.29	26.656	6.6812	-23.024	-11.978
-5.0785	-10.105	-1.7326	6.3627	1.5012	1.3025	2.8837	-3.2356	0.65573	-0.37402	0.71893	1.6856	-0.46115	-0.51361	-83.494	-582.44	-289.58	25.005	6.9481	68.156	-45.283	39.635	162.87	-58.774	59.441	-6.9153	90.474	11.143
-5.125	0.43417	-11.816	5.5053	-1.7892	0.92257	2.8492	-0.44286	3.5786	0.44435	1.6287	0.96426	-1.1406	-0.14742	-1.8608	421.56	-403.32	-34.296	-131.62	-15.199	-1.3799	111.71	116.91	32.735	36.39	-28.854	-27.179	14.647
-4.2768	11.548	-18.623	6.9059	-2.6556	1.6151	2.0715	-2.7835	2.2128	0.1889	-0.76073	-0.2704	-1.3881	-0.70327	33.927	444.57	-272.3	56.022	-34.656	27.702	-31.104	-93.626	-54.633	-10.218	-95.577	-49.386	-9.8979	-22.234
-3.8716	12.238	-23.01	6.3989	-3.5008	0.85767	2.2441	-2.4588	0.6091	0.52545	-0.20965	-0.94887	-0.75358	0.22138	16.211	27.601	-175.47	-20.279	-33.805	-30.298	6.9027	12.986	-64.147	13.462	22.043	-27.139	25.379	36.986
-3.5953	12.865	-23.802	6.8157	-4.3763	-2.797	0.69683	-1.5647	-0.71317	-0.10903	1.0925	-0.70903	-0.57878	0.6287	11.052	25.054	-31.706	16.67	-35.023	-146.19	-61.892	35.766	-52.891	-25.379	52.088	9.5938	6.9921	16.293
-3.3946	12.165	-25.945	6.4102	-2.9248	-3.1688	1.0699	0.64479	0.30455	0.57576	1.0252	0.0077645	1.2167	0.58985	8.026	-27.971	-85.726	-16.22	58.061	-14.869	14.921	88.379	40.709	27.392	-2.6926	28.672	71.821	-1.5539
-3.4126	8.0483	-27.27	6.7802	-3.6596	-3.5529	1.2826	2.16	1.1537	1.8201	1.0492	-1.0777	0.073422	1.1685	-0.72066	-164.69	-52.982	14.803	-29.393	-15.366	8.5105	60.607	33.965	49.773	0.96055	-43.418	-45.733	23.147
-3.3318	11.179	-23.036	10.014	-3.056	-1.6378	2.1672	2.2238	0.41486	2.0705	0.4292	-2.7377	-1.3625	-0.8496	3.2339	125.22	169.37	129.35	24.147	76.606	35.382	2.5555	-29.552	10.015	-24.802	-66.401	-57.437	-80.725
-2.7971	11.963	-25.296	9.8745	-0.15656	-1.3035	2.9647	0.7164	-1.2638	1.3548	0.99705	-1.0776	0.74565	-0.48054	21.385	31.384	-90.418	-5.5821	115.98	13.372	31.899	-60.298	-67.148	-28.626	22.714	66.404	84.327	14.763
-2.6749	9.4192	-28.715	9.0301	-1.9864	-4.2881	1.6741	0.45726	-1.754	0.51022	0.73363	-1.0572	0.9507	-0.31106	4.8893	-101.76	-136.75	-33.774	-73.193	-119.39	-51.624	-10.366	-19.607	-33.783	-10.537	0.81736	8.2019	6.7791
-2.9359	7.6651	-27.121	8.3053	-0.010026	-1.5697	2.3238	3.4483	-0.023106	-0.22525	1.3963	-0.58091	-0.92054	0.20676	-10.44	-70.164	63.758	-28.994	79.054	108.74	25.991	119.64	69.236	-29.419	26.507	19.05	-74.849	20.713
-3.7635	0.1119	-31.475	4.2149	-1.3771	-0.60503	1.5764	1.628	-0.42675	-0.25026	3.6642	-1.3421	-1.1466	1.1144	-33.103	-302.13	-174.14	-163.61	-54.684	38.587	-29.897	-72.812	-16.146	-1.0003	90.715	-30.446	-9.0412	36.305
-4.7414	-7.3348	-27.087	5.2645	-0.070437	0.98463	2.5006	3.328	1.5213	-0.78401	1.8747	-0.3245	-0.84446	0.72302	-39.116	-297.87	175.49	41.982	52.268	63.586	36.969	68.001	77.923	-21.35	-71.577	40.702	12.084	-15.654
-5.8554	-15.329	-25.37	5.1264	1.3522	0.44442	1.9271	4.1728	-0.46019	-0.69468	1.4574	-0.68479	-0.92471	1.4201	-44.561	-319.75	68.702	-5.5248	56.907	-21.608	-22.94	33.793	-79.261	3.5733	-16.692	-14.412	-3.2101	27.882
-6.5221	-30.073	-28.36	1.0147	1.0251	0.25922	1.748	3.0402	-1.3821	0.010081	2.1429	0.79036	-2.0917	0.6798	-26.668	-589.78	-119.61	-164.47	-13.085	-7.4079	-7.1652	-45.303	-36.877	28.19	27.42	59.006	-46.681	-29.61
-5.5025	-27.156	-28.213	7.6249	-1.1257	1.2365	3.8414	-0.67841	1.1197	1.7588	0.14031	0.59034	-1.4972	-0.43509	40.786	116.7	5.8628	264.4	-86.032	39.092	83.735	-148.75	100.07	69.95	-80.105	-8.001	23.78	-44.596
-4.537	8.1522	-20.391	6.7117	-6.9721	-0.2357	3.0224	-1.3567	1.3424	-1.6636	-2.9141	0.090571	-1.2783	0.40209	38.618	1412.3	312.91	-36.527	-233.86	-58.889	-32.758	-27.131	8.9063	-136.9	-122.18	-19.991	8.7554	33.487
-4.2454	18.975	-12.503	5.6799	-6.1377	2.2824	0.4075	-3.9979	1.775	-2.0731	-0.01771	0.63241	-1.3779	1.0038	11.665	432.91	315.49	-41.272	33.376	100.72	-104.6	-105.65	17.304	-16.382	115.85	21.673	-3.9835	24.069
-2.9689	16.574	0.63409	6.6177	-1.5028	4.1513	-0.0013329	-3.4014	0.54267	-1.4445	0.42679	-1.0805	-0.3483	-1.667	51.057	-96.02	525.5	37.513	185.4	74.755	-16.353	23.861	-49.293	25.144	17.78	-68.518	41.185	-106.83
-2.246	17.265	7.7515	0.59853	3.3704	2.1208	0.50339	-4.2445	-3.0556	0.49444	-1.7006	-0.68146	-1.1778	-1.3587	28.919	27.632	284.7	-240.77	194.93	-81.217	20.189	-33.725	-143.93	77.559	-85.094	15.963	-33.179	12.332
-2.2204	15.231	8.6264	-0.069937	6.2631	0.92999	-1.1699	-4.3946	-3.5349	1.5269	-2.3608	-1.6132	-0.6594	-0.53829	1.0244	-81.359	34.996	-26.739	115.71	-47.634	-66.932	-6.0025	-19.172	41.297	-26.408	-37.27	20.735	32.815
-2.4255	6.1247	8.1369	1.5158	9.5574	1.9849	-1.9843	-3.8722	-2.8256	1.0707	-2.9245	-1.3551	0.09974	-0.71191	-8.2055	-364.26	-19.579	63.43	131.78	42.198	-32.575	20.894	28.37	-18.246	-22.549	10.324	30.366	-6.9449
-2.93	1.2092	7.4429	1.6734	11.241	2.6446	-1.1562	-3.0288	-2.5755	1.5136	-4.251	-2.8517	-0.16703	0.4832	-20.178	-196.62	-27.758	6.3036	67.356	26.388	33.125	33.737	10.004	17.717	-53.062	-59.864	-10.671	47.804
-3.5672	-3.0738	6.059	1.0436	11.627	3.3543	-0.88807	-4.8163	-0.60945	3.8955	-4.5804	-2.6588	0.7248	0.56513	-25.49	-171.32	-55.359	-25.192	15.408	28.386	10.725	-71.498	78.644	95.274	-13.173	7.714	35.673	3.2774
-4.8495	-16.847	6.8135	2.4886	9.5429	2.8658	-1.1216	-3.578	1.2607	4.1122	-4.2871	-2.0359	1.9113	-0.27583	-51.293	-550.93	30.182	57.8	-83.347	-19.54	-9.3426	49.529	74.804	8.667	11.731	24.918	47.462	-33.639
-6.7089	-45.225	-1.887	6.5096	6.3853	7.2149	2.3191	-3.9986	1.2024	3.0653	-3.8087	-1.9595	0.80593	0.50318	-74.373	-1135.1	-348.02	160.84	-126.3	173.96	137.63	-16.824	-2.3286	-41.875	19.136	3.0564	-44.217	31.161
-9.6231	-60.108	-9.0053	4.9025	4.9373	6.5125	3.1685	-0.88815	0.93427	2.3797	-2.9877	-0.76413	-0.83125	-0.037199	-116.57	-595.31	-284.74	-64.282	-57.917	-28.097	33.977	124.42	-10.727	-27.422	32.84	47.814	-65.487	-21.615
-9.1291	-48.616	-17.561	-4.0758	-0.95258	4.0993	0.029992	-3.1512	-1.2322	1.5618	-1.6264	0.6163	0.054095	0.40549	19.761	459.68	-342.23	-359.13	-235.6	-96.525	-125.54	-90.524	-86.659	-32.717	54.453	55.217	35.414	17.708
-7.0035	-20.511	-14.282	-3.0967	-2.2174	-0.38142	-0.35015	0.051254	0.25899	0.00059342	-2.5973	0.81274	0.60121	0.79872	85.021	1124.2	131.16	39.164	-50.594	-179.23	-15.205	128.1	59.648	-62.449	-38.837	7.8577	21.885	15.729
-5.3504	0.14272	-15.562	0.24395	-1.5144	0.1313	-0.77644	-2.7405	-0.22158	1.4967	-1.871	-0.10755	-0.50629	0.59989	66.126	826.14	-51.175	133.63	28.12	20.509	-17.052	-111.67	-19.223	59.843	29.052	-36.812	-44.3	-7.9534
-4.4466	10.757	-21.944	0.43325	-2.4907	1.3557	-0.22908	-2.3516	1.6689	1.7339	-0.96696	0.76083	-1.2496	0.18488	36.153	424.57	-255.28	7.5722	-39.049	48.974	21.894	15.558	75.621	9.488	36.162	34.735	-29.731	-16.6
-4.0625	15.793	-20.383	2.3697	-2.6245	-0.097065	-0.68799	-2.3654	2.4675	3.0238	0.56583	0.85374	-1.4762	0.49542	15.362	201.43	62.434	77.456	-5.3526	-58.109	-18.356	-0.55096	31.941	51.599	61.312	3.7166	-9.0668	12.422
-3.8752	16.502	-20.635	2.5506	-2.1006	2.0351	0.47274	-0.10448	0.58431	1.0826	-0.55367	-0.75623	-1.4195	-0.19617	7.4912	28.384	-10.109	7.2373	20.957	85.288	46.429	90.435	-75.326	-77.65	-44.78	-64.399	2.2687	-27.664
-3.6676	22.243	-20.047	4.1458	-3.7623	1.1047	0.1462	-0.66383	1.9537	2.567	1.3862	-0.053188	-2.2266	0.24459	8.3045	229.64	23.538	63.81	-66.471	-37.216	-13.062	-22.374	54.777	59.377	77.595	28.122	-32.282	17.63
-3.27	21.284	-22.871	2.8327	-2.7815	-0.21351	1.3437	0.69471	0.3122	1.7243	1.1137	-0.022719	-1.4315	0.2564	15.905	-38.358	-112.96	-52.525	39.234	-52.73	47.901	54.342	-65.661	-33.709	-10.9	1.2187	31.804	0.47237
-3.4516	11.834	-28.845	1.4966	-3.1921	-0.55542	2.8441	0.62479	0.49531	1.5113	0.91316	0.72472	-1.3377	1.5139	-7.263	-378.01	-238.95	-53.444	-16.424	-13.676	60.014	-2.7966	7.3243	-8.5203	-8.0219	29.898	3.7512	50.299
-4.3195	-1.2371	-27.147	3.2936	-0.48378	-0.41565	1.3236	0.97509	0.048511	1.5979	0.7356	1.073	-1.5991	0.64959	-34.717	-522.84	67.889	71.879	108.33	5.5906	-60.817	14.012	-17.872	3.4663	-7.1022	13.932	-10.455	-34.572
-5.8895	-30.527	-23.864	4.3008	0.59955	0.64632	3.5347	0.73413	-0.56026	0.76766	1.7987	0.60066	-1.376	1.3725	-62.801	-1171.6	131.34	40.289	43.333	42.479	88.443	-9.6384	-24.351	-33.211	42.522	-18.895	8.9209	28.916
-9.7706	-64.157	-18.581	2.5467	-0.82539	0.37278	3.4564	2.164	0.41655	1.639	0.85946	0.13846	-1.8469	-1.1235	-155.24	-1345.2	211.32	-70.165	-56.998	-10.942	-3.1327	57.194	39.072	34.854	-37.568	-18.488	-18.833	-99.841
-9.1209	-47.67	-19.295	3.6998	-0.56063	0.42187	2.6421	-0.11321	0.02587	0.10463	-0.0027334	2.0098	0.42629	-0.91771	25.99	659.47	-28.572	46.125	10.591	1.9638	-32.57	-91.088	-15.627	-61.375	-34.488	74.852	90.927	8.2321
-7.4957	-28.207	-19.881	4.0127	0.29466	2.2142	2.8207	0.9755	1.5092	0.48255	0.72963	0.60053	-0.70794	-0.12588	65.005	778.54	-23.426	12.517	34.211	71.692	7.1417	43.549	59.334	15.117	29.294	-56.37	-45.369	31.673
-5.9297	-16.411	-22.471	3.0477	-0.85636	-1.268	0.41206	2.3966	-0.37112	1.3178	0.38036	-0.97752	-1.2021	0.54128	62.641	471.82	-103.6	-38.603	-46.041	-139.29	-96.344	56.843	-75.214	33.412	-13.97	-63.122	-19.767	26.686
-4.8667	-5.3457	-26.099	1.2213	-0.038878	-0.79415	0.18071	3.9671	0.56394	0.54545	1.2185	0.49629	0.013967	-0.25329	42.521	442.61	-145.11	-73.056	32.699	18.956	-9.2543	62.821	37.403	-30.896	33.527	58.952	48.643	-31.783
-4.0397	11.511	-24.477	0.24432	0.10391	0.52341	-0.68148	0.038937	-0.83683	-0.13442	1.7262	1.006	-1.5909	0.52381	33.082	674.26	64.868	-39.078	5.7116	52.702	-34.488	-157.13	-56.031	-27.195	20.308	20.389	-64.196	31.084
-3.9748	11.485	-23.649	0.23962	0.97785	0.44393	-0.85979	-2.0527	-0.97209	0.38262	0.33558	0.29572	-0.20178	0.32266	2.5938	-1.047	33.107	-0.18828	34.958	-3.1791	-7.1323	-83.665	-5.4105	20.682	-55.626	-28.411	55.566	-8.0461
-4.608	5.4808	-20.764	-2.749	-0.62278	0.9968	0.86053	0.93258	1.0211	1.5625	-0.95496	-1.9965	0.20951	0.53628	-25.33	-240.15	115.43	-119.54	-64.025	22.115	68.813	119.41	79.726	47.197	-51.622	-91.688	16.452	8.545
-4.5506	3.9882	-6.5133	4.4939	1.6085	1.9793	-0.6603	0.84086	1.4666	0.0078858	-1.1271	-2.4285	0.86146	0.95506	2.2982	-59.703	570.01	289.71	89.251	39.301	-60.833	-3.6688	17.822	-62.186	-6.8871	-17.28	26.078	16.751
-3.0688	14.756	4.7903	-0.37105	6.7376	0.32829	-3.2156	-0.81148	-2.0778	1.6645	0.85002	-1.4773	-0.85032	0.51063	59.274	430.7	452.14	-194.6	205.16	-66.041	-102.21	-66.093	-141.77	66.266	79.086	38.047	-68.471	-17.777
-2.0314	24.741	9.6048	-6.5349	7.5182	-2.04	-1.415	-3.4587	-1.78	1.5467	1.8592	-0.95848	-0.86167	0.74531	41.494	399.39	192.58	-246.55	31.225	-94.732	72.021	-105.89	11.912	-4.7155	40.369	20.753	-0.45401	9.3872
-1.6082	29.853	10.185	-8.5403	4.2796	-0.62411	-2.0254	-3.7873	-1.4146	1.5705	2.026	0.33142	-0.52291	1.0224	16.928	204.52	23.196	-80.216	-129.55	56.636	-24.413	-13.142	14.616	0.95373	6.6721	51.596	13.55	11.082
-1.5372	28.026	11.331	-9.9507	2.8824	-0.31193	-1.305	-3.6304	-0.82444	1.8251	2.117	1.1516	-1.0475	2.1825	2.8422	-73.101	45.851	-56.416	-55.885	12.487	28.813	6.2761	23.605	10.183	3.6377	32.806	-20.984	46.408
-1.7206	23.451	12.904	-8.8122	1.3474	-0.69244	0.37544	-4.5117	-0.40708	2.9425	0.81385	2.0108	-1.1774	1.8183	-7.3384	-182.98	62.938	45.539	-61.403	-15.22	67.219	-35.253	16.694	44.698	-52.125	34.369	-5.1974	-14.572
-1.9102	22.287	12.135	-7.1498	0.93474	-1.3166	0.28713	-3.9634	-0.17506	2.7916	1.531	1.2454	-1.0779	1.2639	-7.5843	-46.574	-30.789	66.5	-16.505	-24.967	-3.5324	21.931	9.2807	-6.0377	28.687	-30.615	3.981	-22.173
-2.0174	20.642	12.785	-6.8653	0.64926	-0.61994	-0.52974	-3.1248	-0.77146	2.8426	2.6186	0.16194	-0.81309	1.2824	-4.2863	-65.78	25.992	11.38	-11.42	27.867	-32.675	33.547	-23.856	2.0422	43.503	-43.34	10.593	0.73734
-2.1034	18.981	13.809	-7.3513	0.59981	0.2329	-1.0116	-3.0509	-0.5956	2.9739	2.6728	-0.51689	-0.39733	1.1431	-3.4396	-66.458	40.985	-19.442	-1.9779	34.114	-19.274	2.9533	7.0345	5.2526	2.1694	-27.153	16.63	-5.5702
-2.1978	17.981	13.119	-7.105	1.1958	0.24572	-1.0467	-3.3512	-0.52662	2.9929	2.787	-0.52585	-0.64906	1.6823	-3.7779	-39.989	-27.596	9.8528	23.839	0.51271	-1.4043	-12.009	2.7593	0.75956	4.5682	-0.35837	-10.069	21.567
-2.3665	20.718	10.095	-6.2484	2.3067	0.10172	-0.40963	-4.76	1.1144	2.4029	1.4056	0.61009	-0.67278	1.4427	-6.7454	109.46	-120.97	34.263	44.437	-5.7599	25.483	-56.352	65.642	-23.602	-55.258	45.437	-0.94877	-9.5823
-2.4675	19.476	10.08	-6.4677	2.8779	0.75305	-0.62149	-5.7603	2.118	2.7473	0.12093	0.92742	-0.10692	1.0991	-4.0412	-49.682	-0.61672	-8.7692	22.845	26.053	-8.4745	-40.014	40.144	13.778	-51.386	12.693	22.634	-13.744
-2.6127	18.354	9.1138	-5.5509	3.0685	1.1309	-0.80901	-6.0608	2.9608	2.2142	-0.11307	1.0502	-0.11385	1.2872	-5.8074	-44.859	-38.636	36.67	7.6241	15.116	-7.5008	-12.019	33.712	-21.324	-9.3599	4.9117	-0.27744	7.5249
-2.8816	14.284	10.102	-5.3492	3.2727	2.5052	-2.3759	-5.3308	3.0506	2.4106	-0.87487	0.59627	0.8064	0.89453	-10.756	-162.83	39.547	8.0692	8.1713	54.97	-62.676	29.2	3.5897	7.8526	-30.472	-18.157	36.81	-15.708
-3.0967	11.317	9.6813	-4.592	4.2975	2.4732	-2.6864	-5.4414	3.8023	2.7609	-2.0989	0.94335	0.86368	0.98605	-8.6066	-118.67	-16.845	30.288	40.988	-1.2776	-12.421	-4.4229	30.069	14.013	-48.962	13.883	2.2912	3.6607
-3.3918	7.0936	10.156	-3.4689	4.4792	3.2671	-3.2353	-5.3631	5.0325	2.0589	-2.7345	1.2363	0.63537	0.71364	-11.802	-168.92	18.973	44.921	7.2695	31.753	-21.954	3.1319	49.209	-28.08	-25.424	11.717	-9.1325	-10.897
-3.6873	6.9024	7.4888	-1.8446	6.9105	1.3	-2.3867	-4.6615	4.756	2.2496	-3.5764	1.6782	0.13532	0.82278	-11.819	-7.648	-106.67	64.973	97.251	-78.681	33.942	28.064	-11.059	7.631	-33.674	17.677	-20.002	4.3658
-3.884	3.8339	7.0607	-1.5727	8.4525	1.3207	-2.8636	-3.3368	4.4547	1.8357	-3.0441	0.65217	1.0296	-0.035879	-7.869	-122.74	-17.122	10.875	61.681	0.82571	-19.074	52.987	-12.054	-16.558	21.29	-41.041	35.772	-34.346
-4.0975	-2.4828	8.5025	-0.059964	7.9401	1.8008	-3.7048	-1.0133	3.3766	1.6328	-1.7417	-1.9114	2.1533	0.21181	-8.5401	-252.67	57.671	60.511	-20.495	19.204	-33.649	92.942	-43.124	-8.1157	52.095	-102.54	44.947	9.9077
-4.3592	-6.3526	8.2081	1.467	7.915	0.73116	-2.5309	-0.1847	3.5799	0.73148	-1.2494	-2.517	2.7178	-0.3859	-10.468	-154.79	-11.776	61.078	-1.0033	-42.785	46.957	33.142	8.1348	-36.052	19.694	-24.224	22.582	-23.909
-4.6285	-10.368	7.4525	1.934	7.8249	0.86136	-1.3375	-0.045656	3.6057	1.0696	-2.4824	-2.0073	3.2956	-0.98708	-10.772	-160.6	-30.222	18.681	-3.6037	5.2082	47.736	5.5618	1.0306	13.524	-49.32	20.39	23.111	-24.047
-4.9487	-15.518	8.5423	2.6695	5.7795	1.297	-0.24608	0.70432	2.8906	0.96558	-3.108	-1.3222	3.1536	-1.1121	-12.809	-205.99	43.592	29.419	-81.817	17.426	43.655	29.999	-28.603	-4.1598	-25.024	27.403	-5.6807	-5.0025
-5.1982	-23.642	7.1473	6.6033	3.5907	1.5558	2.8503	1.3828	1.8206	-0.13855	-3.215	-0.25383	1.8464	-0.66654	-9.9808	-324.97	-55.801	157.35	-87.551	10.352	123.85	27.14	-42.803	-44.165	-4.2805	42.735	-52.289	17.824
-5.3257	-22.662	5.1656	5.5497	4.3467	3.3585	3.4403	-0.072113	4.0675	-0.14547	-3.0733	-0.57996	0.77442	-0.82934	-5.0974	39.189	-79.267	-42.143	30.239	72.107	23.603	-58.198	89.879	-0.27647	5.6698	-13.045	-42.878	-6.512
-5.2586	-22.035	5.8479	3.259	5.9844	3.6572	3.4215	-0.40399	2.8645	1.4251	-2.2316	-2.0801	-0.28165	0.052957	2.6831	25.084	27.29	-91.627	65.506	11.949	-0.75303	-13.275	-48.121	62.823	33.665	-60.004	-42.243	35.292
-5.1107	-16.304	8.9786	2.2638	4.2058	2.4161	-0.41736	0.94625	1.7911	2.3738	-0.75616	-2.4394	-0.461	0.19155	5.9163	229.24	125.23	-39.81	-71.144	-49.644	-153.55	54.009	-42.938	37.949	59.019	-14.373	-7.1742	5.5437
-4.916	-9.2073	6.3827	0.74777	4.7622	5.5469	-0.96945	-2.0497	2.8966	1.2781	-0.56571	-0.92716	-1.6138	-0.27656	7.7871	283.87	-103.84	-60.639	22.256	125.23	-22.084	-119.84	44.222	-43.827	7.6179	60.488	-46.11	-18.724
-5.0675	-0.10821	1.381	-0.25009	4.5332	5.4919	-1.2509	-1.4647	1.1396	1.7416	0.57813	0.222	-2.2355	-0.29569	-6.0611	363.96	-200.07	-39.914	-9.1585	-2.1985	-11.259	23.4	-70.282	18.538	45.754	45.966	-24.871	-0.76523
-5.0823	2.8065	-8.1256	3.3139	3.3726	2.0643	-0.23363	1.7757	0.4649	0.052402	2.5146	-0.76472	-2.1956	-0.47041	-0.59111	116.59	-380.26	142.56	-46.425	-137.11	40.692	129.61	-26.987	-67.568	77.457	-39.469	1.5996	-6.9889
-4.3662	1.4349	-20.348	3.9644	4.3682	1.1049	0.54503	2.8305	0.60609	-0.5287	2.6096	-0.049493	-1.7265	-1.474	28.644	-54.863	-488.9	26.022	39.825	-38.377	31.146	42.191	5.6474	-23.244	3.7997	28.609	18.762	-40.143
-3.722	7.94	-25.861	2.5534	2.0645	-2.1947	-1.2364	1.4982	0.061322	-0.6004	3.1072	1.3914	-0.3588	0.79589	25.769	260.2	-220.5	-56.441	-92.146	-131.98	-71.257	-53.289	-21.791	-2.8682	19.904	57.637	54.708	90.795
-3.4838	12.386	-25.832	3.9374	1.0444	-2.1188	-0.77561	0.48303	-1.7288	-2.5417	2.1501	0.29146	-0.25484	1.3463	9.5274	177.83	1.1313	55.358	-40.806	3.038	18.432	-40.608	-71.605	-77.651	-38.281	-43.999	4.1582	22.018
-3.2754	17.841	-22.471	2.7125	-1.6033	-2.0157	-0.57334	-1.129	-1.1477	-0.77059	1.5976	0.86837	-0.76713	1.5871	8.3374	218.21	134.44	-48.996	-105.91	4.1218	8.0909	-64.482	23.245	70.844	-22.099	23.076	-20.492	9.6317
-3.4366	14.152	-26.006	2.99	2.1297	-1.593	-1.1473	1.6284	-0.22591	-1.429	1.6898	-0.11606	-1.1793	-0.44842	-6.4498	-147.57	-141.37	11.102	149.32	16.907	-22.959	110.3	36.87	-26.338	3.6866	-39.377	-16.486	-81.422
-3.8484	2.6147	-28.77	-0.5562	0.18324	0.78578	0.4395	2.6426	0.13611	0.1993	1.347	-0.95817	-3.4796	-1.1873	-16.47	-461.47	-110.56	-141.85	-77.856	95.153	63.473	40.568	14.481	65.134	-13.712	-33.684	-92.011	-29.555
-5.1778	-11.113	-25.84	-1.9249	2.486	2.5926	-0.10036	2.4888	0.47813	-0.37266	2.3402	-1.6522	-2.3191	-0.1245	-53.179	-549.1	117.17	-54.75	92.109	72.274	-21.594	-6.1528	13.681	-22.878	39.727	-27.761	46.418	42.511
-6.5138	-31.233	-24.271	-2.2927	3.5596	3.4571	1.1101	1.9955	-0.65575	-0.37328	1.3746	0.31	-0.62785	0.78295	-53.438	-804.83	62.764	-14.709	42.944	34.58	48.418	-19.732	-45.355	-0.024807	-38.623	78.488	67.65	36.298
-7.122	-38.485	-27.112	-1.8489	0.59598	1.7635	3.0528	-0.38639	-1.7643	1.4961	2.6116	-1.958	0.16859	2.2301	-24.33	-290.08	-113.65	17.752	-118.54	-67.744	77.71	-95.275	-44.342	74.773	49.479	-90.719	31.857	57.887
-5.1332	7.9623	-15.215	1.8129	-5.2448	0.80107	5.145	-0.31931	-0.03047	0.028353	-0.46539	-1.058	-0.86579	0.52661	79.554	1857.9	475.89	146.47	-233.63	-38.499	83.687	2.6833	69.353	-58.708	-123.08	35.999	-41.375	-68.141
-4.0639	18.356	-6.2572	6.2436	-3.6723	-0.074401	3.7354	-2.754	-1.7392	-0.35703	-1.0449	0.3341	-1.1647	0.40636	42.773	415.77	358.31	177.23	62.903	-35.019	-56.386	-97.387	-68.348	-15.415	-23.179	55.684	-11.958	-4.8099
-3.5088	0.11564	7.3275	5.2845	-2.1578	-3.1246	1.533	-1.2168	-2.8726	-2.5762	-0.69815	2.1756	-0.36809	-0.64051	22.201	-729.63	543.39	-38.367	60.578	-122.01	-88.096	61.488	-45.339	-88.767	13.869	73.661	31.865	-41.875
-3.6452	0.83029	10.528	-1.5222	-0.12496	-4.4552	-0.38903	-1.515	-4.0194	-1.1453	0.8713	2.9609	1.3466	-0.27598	-5.4534	28.586	128	-272.27	81.314	-53.223	-76.88	-11.93	-45.87	57.237	62.778	31.413	68.589	14.581
-3.3944	-9.6638	3.3297	-2.9329	-2.5829	-7.5637	-0.20936	-0.55025	1.252	-0.1637	0.76327	5.5373	2.4041	0.63326	10.032	-419.76	-287.92	-56.429	-98.318	-124.34	7.1867	38.591	210.86	39.263	-4.3213	103.05	42.299	36.37
-3.6374	7.6958	5.1609	-1.7916	-1.8071	-7.3308	0.54472	0.0061718	1.6378	-0.95238	-0.59588	4.5104	1.4379	-0.36363	-9.7201	694.38	73.25	45.654	31.033	9.3178	30.163	22.257	15.431	-31.547	-54.366	-41.077	-38.647	-39.876
-3.7375	-8.8304	10.913	1.7429	-6.0827	-7.123	-1.0375	0.62632	1.4874	-1.1507	0.11817	3.8856	1.4811	-0.21572	-4.0052	-661.05	230.1	141.38	-171.02	8.3125	-63.288	24.806	-6.0161	-7.9345	28.562	-24.991	1.7279	5.9164
-1.7557	1.9269	17.233	-1.0859	-7.5386	-7.1543	0.072681	1.5709	2.4833	-0.62497	-1.4092	0.68836	2.7999	-1.6702	79.27	430.29	252.77	-113.15	-58.237	-1.2514	44.406	37.785	39.836	21.031	-61.096	-127.89	52.751	-58.18
-1.1895	11.453	16.565	-2.7055	-6.6544	-11.205	-0.25099	2.4052	2.2901	-0.92618	-1.1065	1.6516	2.9648	-0.97639	22.648	381.06	-26.723	-64.784	35.37	-162.01	-12.947	33.369	-7.7302	-12.049	12.109	38.528	6.598	27.754
-0.98167	13.884	16.325	-0.49328	-6.451	-10.749	-1.1866	3.7068	2.59	-1.3429	-0.87684	0.63867	2.2371	-1.2696	8.3148	97.226	-9.5848	88.49	8.1335	18.218	-37.425	52.065	11.997	-16.67	9.186	-40.516	-29.108	-11.73
-0.68766	19.656	15.105	-1.6909	-5.407	-10.716	-1.8343	3.8206	3.2812	-1.1912	-0.91987	1.0154	1.6233	-1.0503	11.76	230.89	-48.802	-47.904	41.763	1.3106	-25.908	4.5535	27.65	6.0682	-1.7212	15.068	-24.552	8.7743
-0.69197	19.555	15.732	-2.7123	-3.7102	-10.105	-3.3175	4.2843	3.7261	-1.0526	-1.0855	1.479	0.69141	-0.62325	-0.17226	-4.0617	25.064	-40.856	67.869	24.471	-59.33	18.548	17.796	5.5443	-6.6249	18.545	-37.277	17.082
-1.1026	17.875	15.552	-2.2746	-1.8583	-11.261	-2.8329	4.3721	3.407	-1.1792	-1.2373	0.83488	0.43624	-0.55822	-16.425	-67.183	-7.1858	17.508	74.078	-46.255	19.384	3.5122	-12.766	-5.0645	-6.0744	-25.764	-10.207	2.6009
-0.99807	19.592	14.34	-2.1943	-0.896	-11.699	-2.593	4.7418	3.0695	-0.83312	-1.0095	0.29692	0.71179	-0.87184	4.181	68.669	-48.458	3.2112	38.491	-17.508	9.5994	14.789	-13.499	13.844	9.1139	-21.518	11.022	-12.545
-1.0126	19.832	14.501	-2.6569	-1.1649	-11.08	-3.054	4.4138	3.2547	-1.5796	-0.52014	-0.21362	0.85638	-0.76765	-0.58025	9.6089	6.437	-18.503	-10.757	24.763	-18.441	-13.122	7.4096	-29.86	19.574	-20.421	5.7838	4.1678
-1.0405	22.439	13.09	-2.4417	-1.5736	-10.602	-2.7012	3.68	4.3077	-2.9566	-0.16886	-0.58546	1.6206	-0.51776	-1.1165	104.26	-56.462	8.6083	-16.348	19.1	14.113	-29.35	42.116	-55.078	14.051	-14.874	30.569	9.9954
-1.1131	24.998	11.617	-1.9295	-3.4054	-8.0548	-3.4849	4.2349	3.3487	-2.7116	-0.82	-0.35814	2.6576	-1.0634	-2.9036	102.39	-58.918	20.486	-73.269	101.89	-31.348	22.195	-38.359	9.8	-26.046	9.0927	41.48	-21.825
-1.1617	27.233	10.237	-1.8729	-3.9443	-6.4778	-3.4311	3.8571	2.6622	-2.9156	-1.2792	0.36886	3.1561	-0.90492	-1.9427	89.389	-55.213	2.2664	-21.559	63.081	2.149	-15.113	-27.459	-8.163	-18.369	29.08	19.941	6.339
-1.2809	27.117	11.096	-3.5995	-2.7696	-6.534	-1.4719	2.5058	1.1887	-1.8568	-2.5429	1.3568	2.3747	0.32824	-4.7704	-4.6353	34.385	-69.066	46.99	-2.2483	78.369	-54.05	-58.941	42.355	-50.549	39.518	-31.256	49.327
-2.2296	18.607	12.381	-3.7647	-3.3021	-3.6136	-3.3225	3.689	-0.026947	-3.363	-0.30477	0.28099	2.1008	0.49986	-37.946	-340.4	51.412	-6.6056	-21.3	116.82	-74.024	47.326	-48.625	-60.25	89.527	-43.033	-10.959	6.8647
-4.4993	-20.549	7.2049	-0.18929	-2.6654	2.6279	2.5944	0.83853	0.20203	-0.83002	0.51745	1.4585	-1.4694	0.7543	-90.789	-1566.3	-207.06	143.01	25.467	249.66	236.68	-114.02	9.1592	101.32	32.889	47.102	-142.81	10.178
-3.1423	8.6747	11.146	-1.3872	-4.1718	1.6949	0.14258	0.98164	-2.6706	-1.6447	-1.8263	1.5614	0.18073	-1.1755	54.28	1169	157.65	-47.918	-60.256	-37.321	-98.073	5.7241	-114.91	-32.589	-93.752	4.1155	66.006	-77.193
-1.9091	20.824	14.981	-5.2056	-2.0587	0.14773	-2.0563	2.3187	-4.2877	-0.84792	-2.0199	2.9629	1.2929	-1.5312	49.329	485.98	153.38	-152.73	84.523	-61.886	-87.956	53.483	-64.684	31.873	-7.7415	56.061	44.487	-14.227
-1.6544	20.175	15.061	-5.7344	-1.8897	-0.53252	-2.4092	1.7966	-5.0524	0.85089	-2.4992	4.6521	0.51395	-0.79972	10.186	-25.951	3.1904	-21.152	6.7604	-27.21	-14.116	-20.883	-30.586	67.952	-19.174	67.567	-31.158	29.259
-1.9963	17.661	12.612	-4.1188	0.46127	-0.64516	-1.0061	-0.17163	-4.3454	-0.038116	-1.7621	3.3343	0.62241	0.1507	-13.675	-100.58	-97.936	64.624	94.04	-4.5057	56.126	-78.731	28.28	-35.56	29.483	-52.713	4.3386	38.017
-2.6172	11.677	11.315	-2.6124	2.55	0.82081	0.12632	-0.33965	-4.9938	-0.61975	-1.7771	1.641	0.81344	-0.19421	-24.837	-239.36	-51.895	60.255	83.55	58.639	45.296	-6.7208	-25.936	-23.265	-0.59928	-67.731	7.6411	-13.796
-3.3421	0.2505	12.413	-0.78999	3.3352	2.6552	0.38964	0.054751	-5.16	-0.86657	-1.1453	0.1403	-0.23618	0.11957	-28.995	-457.06	43.922	72.895	31.406	73.376	10.533	15.776	-6.6486	-9.8725	25.274	-60.029	-41.985	12.551
-4.1153	-6.7405	9.7511	1.007	3.4186	2.4869	2.0829	0.0023615	-5.4048	1.4166	-1.7225	-0.59162	-0.73766	-1.586	-30.93	-279.64	-106.47	71.88	3.3372	-6.7341	67.729	-2.0956	-9.7942	91.328	-23.088	-29.277	-20.059	-68.221
-5.3916	-19.134	7.0054	-0.049661	5.1993	3.8835	3.1629	1.3135	-5.5238	2.1706	0.090734	-1.254	-0.37487	-1.4812	-51.052	-495.72	-109.83	-42.267	71.227	55.864	43.202	52.444	-4.7591	30.158	72.528	-26.494	14.511	4.1894
-7.5729	-39.626	5.2282	0.30907	2.4477	5.5582	4.432	1.568	-4.1008	1.5	2.2921	-2.0383	1.244	-0.69862	-87.252	-819.7	-71.088	14.349	-110.06	66.991	50.764	10.181	56.922	-26.823	88.053	-31.375	64.757	31.305
-8.3952	-51.143	4.0859	2.5408	-0.081955	5.9066	6.3597	1.1754	-2.4307	-0.8017	1.7633	-3.5147	0.85161	0.39414	-32.892	-460.7	-45.695	89.269	-101.19	13.936	77.107	-15.704	66.803	-92.068	-21.149	-59.053	-15.697	43.71
-7.8183	-47.69	5.5	3.1491	0.27069	4.4997	5.374	2.0178	-3.1934	-1.5727	0.59662	-2.9155	0.97896	-1.3317	23.078	138.12	56.564	24.331	14.106	-56.279	-39.426	33.696	-30.507	-30.841	-46.668	23.968	5.0937	-69.035
-6.3877	-30.875	7.1541	0.69305	1.8521	4.0115	3.9151	3.0245	-3.9425	-0.65813	-0.50466	-3.1431	0.26601	-0.96257	57.221	672.61	66.164	-98.241	63.257	-19.526	-58.357	40.269	-29.964	36.584	-44.051	-9.106	-28.518	14.766
-5.2703	-15.425	9.2653	-4.4097	4.0237	5.3784	2.3256	2.7146	-3.7418	-0.7147	0.71088	-2.5443	0.4231	-0.31581	44.699	617.99	84.451	-204.11	86.862	54.677	-63.582	-12.396	8.0276	-2.2625	48.622	23.951	6.2835	25.87
-4.2	-14.776	14.121	-1.6912	3.4185	6.4252	1.1943	0.39361	-3.9029	-0.39634	-0.34405	-1.6618	0.85336	-0.12338	42.809	25.964	194.23	108.74	-24.209	41.871	-45.249	-92.84	-6.4443	12.734	-42.197	35.303	17.211	7.6971
-3.3551	-7.5581	18.068	-1.0969	-0.29472	7.0576	0.46458	-0.85203	-2.8227	-1.3515	-1.4759	-0.27357	-0.080658	-1.751	33.799	288.73	157.88	23.773	-148.53	25.296	-29.191	-49.826	43.206	-38.207	-45.274	55.528	-37.361	-65.105
-2.9199	-3.7146	18.655	0.74483	-1.6329	3.9702	0.34158	0.84693	-5.4487	-0.307	-1.9517	0.97376	-0.91729	-1.6412	17.405	153.74	23.486	73.67	-53.528	-123.5	-4.9198	67.959	-105.04	41.781	-19.032	49.893	-33.465	4.3907
-2.7208	-5.1781	19.334	0.66643	-2.1681	4.4733	0.088184	0.73471	-5.362	-2.2298	-0.054322	1.9669	-1.86	0.030933	7.9651	-58.541	27.141	-3.1357	-21.407	20.125	-10.136	-4.4888	3.4666	-76.91	75.896	39.727	-37.708	66.887
-2.7857	-4.6474	17.914	1.2859	-2.2654	4.2092	-1.4665	0.43972	-5.2733	-2.7746	0.37397	2.6077	-0.45674	0.53818	-2.5937	21.228	-56.788	24.777	-3.891	-10.563	-62.188	-11.8	3.5487	-21.796	17.132	25.632	56.129	20.29
-3.1305	0.13736	15.839	-1.2594	-1.7479	2.2827	-0.9451	0.23985	-5.4588	-0.53665	0.60748	2.4088	-0.48622	0.86781	-13.794	191.39	-82.993	-101.81	20.699	-77.063	20.857	-7.9946	-7.4214	89.52	9.3403	-7.9571	-1.1791	13.185
-3.3451	1.6385	13.634	-6.1514	-0.96574	3.697	1.1602	-0.0052399	-4.9818	1.1687	0.81032	1.3355	-0.10433	1.6922	-8.582	60.046	-88.22	-195.68	31.287	56.574	84.212	-9.8037	19.082	68.213	8.1138	-42.931	15.276	32.977
-3.5218	3.271	15.439	-5.6423	-1.8596	3.8911	-2.51	0.1634	-2.8609	-0.57416	3.4474	-0.29012	0.31733	1.0559	-7.0715	65.298	72.22	20.367	-35.754	7.7634	-146.81	6.7455	84.833	-69.713	105.48	-65.025	16.866	-25.452
-3.3055	4.8392	13.268	-7.1298	-2.905	1.7186	-1.675	-0.6619	-1.4619	1.1427	3.3495	1.1599	1.1384	-0.26513	8.6521	62.729	-86.848	-59.502	-41.818	-86.9	33.401	-33.012	55.962	68.675	-3.9186	58.001	32.842	-52.842
-3.1886	8.0061	10.897	-6.4711	-2.6278	3.1253	0.10755	-1.6055	-0.65452	0.13713	3.1664	0.57794	1.6486	-0.61217	4.6785	126.68	-94.835	26.347	11.089	56.268	71.302	-37.744	32.294	-40.223	-7.3215	-23.279	20.409	-13.882
-3.1416	11.875	11.094	-9.2839	4.0667	3.6868	-2.1704	-1.9207	-3.1908	-0.040059	3.7141	1.9189	1.1232	-0.90558	1.8791	154.74	7.8667	-112.51	267.78	22.461	-91.116	-12.609	-101.45	-7.0877	21.906	53.637	-21.015	-11.736
-2.9314	13.305	10.809	-10.016	1.1273	1.0824	-1.0256	-0.076668	-1.0688	1.763	1.9182	2.3598	1.0413	-0.91996	8.4076	57.213	-11.395	-29.279	-117.58	-104.18	45.791	73.763	84.88	72.123	-71.836	17.636	-3.2793	-0.57524
-2.948	12.621	11.808	-10.921	1.2152	0.90796	-1.5419	0.67265	0.54184	1.6405	2.9514	1.2563	0.80706	-2.1038	-0.66443	-27.373	39.95	-36.2	3.5169	-6.978	-20.653	29.973	64.427	-4.8999	41.328	-44.141	-9.3681	-47.355
-2.9305	12.779	10.382	-9.6455	1.3292	0.35321	-0.25871	-1.0272	0.39667	1.7493	3.2751	2.3645	-0.64084	-1.6343	0.69958	6.3274	-57.035	51.018	4.5602	-22.19	51.328	-67.995	-5.8069	4.3532	12.947	44.328	-57.916	18.782
-2.796	14.688	7.7605	-9.8072	1.7357	0.86327	-0.81735	-2.3302	1.0207	0.53528	2.9085	3.1181	0.20851	-0.82037	5.383	76.349	-104.86	-6.4679	16.261	20.403	-22.346	-52.118	24.96	-48.563	-14.664	30.146	33.974	32.557
-2.8995	15.509	7.6407	-11.207	2.131	0.13953	-0.88805	-1.6631	0.80102	0.61213	3.2994	2.7653	0.40416	-1.1719	-4.1426	32.878	-4.7907	-55.988	15.812	-28.95	-2.8279	26.684	-8.7857	3.0737	15.636	-14.111	7.8263	-14.061
-3.1875	14.038	8.6571	-10.894	2.8466	0.11352	-1.1271	-1.7937	0.706	0.46234	3.3305	2.3044	0.41299	-1.933	-11.518	-58.869	40.653	12.512	28.624	-1.0404	-9.5624	-5.2231	-3.8005	-5.9912	1.2445	-18.436	0.35313	-30.442
-3.4736	0.50653	10.182	-3.4163	-0.73193	-1.6498	-1.4042	-2.3919	3.7844	2.4618	2.236	2.1949	1.0444	-2.0258	-11.447	-541.25	60.981	299.11	-143.14	-70.533	-11.085	-23.93	123.13	79.977	-43.781	-4.3801	25.256	-3.7145
-3.9809	-9.39	12.117	0.75958	-1.855	-0.90395	-0.21086	-4.3766	3.7279	2.6088	1.2126	2.3084	0.87547	-3.7464	-20.29	-395.86	77.4	167.04	-44.923	29.835	47.735	-79.387	-2.2592	5.8811	-40.936	4.5389	-6.7572	-68.825
-3.4354	1.8474	11.403	-3.6247	-0.66645	-1.25	1.5765	-2.396	2.5607	1.19	1.0568	1.9481	0.27209	-3.0335	21.818	449.5	-28.526	-175.37	47.543	-13.841	71.496	79.225	-46.687	-56.753	-6.2326	-14.414	-24.135	28.517
-3.0785	8.8886	14.095	-4.1244	-1.2657	-4.4394	0.087796	-2.9001	2.2369	0.56424	0.42701	2.1239	0.69651	-2.4367	14.278	281.65	107.66	-19.988	-23.972	-127.58	-59.55	-20.167	-12.953	-25.029	-25.19	7.0335	16.977	23.873
-3.2474	-2.1614	12.973	-3.115	-2.6721	-2.8674	1.0123	-1.7911	3.1234	3.0519	0.82967	3.2469	-0.64516	-2.5661	-6.7573	-442	-44.875	40.378	-56.255	62.882	36.981	44.363	35.459	99.506	16.106	44.921	-53.667	-5.1749
-4.3809	-13.541	8.6091	-2.0413	-4.6358	-0.44312	-0.26374	-1.2939	1.641	0.59496	0.69074	0.42442	-0.32145	-2.7627	-45.34	-455.18	-174.56	42.948	-78.545	96.97	-51.042	19.886	-59.293	-98.278	-5.5569	-112.9	12.948	-7.8654
-4.2218	-6.2855	14.319	0.47351	-1.6748	-2.2459	-1.6509	-3.3531	1.4446	1.2374	1.1056	1.3509	0.075808	-1.245	6.3643	290.22	228.4	100.59	118.44	-72.112	-55.486	-82.368	-7.8584	25.698	16.593	37.059	15.89	60.707
-4.262	-5.5607	6.428	-4.7345	-4.3462	-4.6897	1.3561	-1.4777	4.3714	-0.7826	1.7346	4.9759	1.2737	-2.747	-1.6052	28.993	-315.64	-208.32	-106.86	-97.751	120.28	75.017	117.07	-80.801	25.161	145	47.916	-60.077
-5.5143	-22.282	5.8268	0.63239	-4.0761	-0.58159	2.6971	-0.48376	5.3297	-0.34	1.0529	4.0507	0.21874	-1.2654	-50.095	-668.84	-24.047	214.67	10.804	164.32	53.638	39.757	38.33	17.704	-27.269	-37.008	-42.199	59.263
-6.5285	-18.649	4.2656	1.4395	-2.5561	-2.5735	3.2391	0.38964	5.6602	0.58173	0.55816	2.3429	-0.38886	-2.5025	-40.567	145.3	-62.446	32.285	60.8	-79.678	21.68	34.936	13.22	36.87	-19.789	-68.311	-24.304	-49.486
-6.5625	-23.053	4.2878	-0.047997	-2.9109	0.62532	2.0454	0.29612	5.5965	-1.0249	2.2994	1.7472	-0.35356	-4.1208	-1.3595	-176.17	0.88711	-59.5	-14.193	127.95	-47.745	-3.741	-2.5472	-64.264	69.652	-23.827	1.4118	-64.73
-6.6713	-15.877	-1.6885	4.5124	-5.0264	1.9345	1.412	1.1775	2.6743	0.81421	2.7224	2.0167	-0.65406	-3.2058	-4.3533	287.06	-239.05	182.41	-84.62	52.366	-25.338	35.255	-116.89	73.563	16.917	10.78	-12.02	36.596
-6.3258	-6.3189	-10.422	4.3014	-3.2411	0.062617	0.13833	0.63606	3.1298	0.62114	1.3818	0.67485	0.59039	-1.5381	13.819	382.31	-349.36	-8.4366	71.413	-74.875	-50.947	-21.657	18.222	-7.7228	-53.621	-53.676	49.778	66.711
-6.0852	-0.21958	-13.168	4.9927	-2.3181	-0.70376	1.1649	0.26862	3.7907	-0.6486	0.41562	0.61171	0.1892	-2.337	9.624	243.97	-109.81	27.652	36.917	-30.655	41.062	-14.697	26.433	-50.79	-38.649	-2.5256	-16.048	-31.959
-6.1187	-3.7228	-16.567	2.4257	-4.9948	-1.412	1.5568	-0.031759	2.714	-0.74607	1.3214	-0.063124	-0.91444	-0.79377	-1.3371	-140.13	-135.99	-102.68	-107.07	-28.329	15.675	-12.015	-43.068	-3.8988	36.232	-26.993	-44.145	61.731
-6.1689	-5.2902	-17.362	1.2477	-5.1393	-1.816	-0.20337	1.8737	4.1946	-1.0573	2.327	1.5041	0.0068714	0.35652	-2.0081	-62.694	-31.777	-47.117	-5.7815	-16.161	-70.405	76.217	59.226	-12.448	40.226	62.689	36.852	46.011
-5.5124	-4.5476	-21.646	1.7756	-2.4198	-1.8092	-0.1642	2.3449	3.0472	-1.3149	-1.0225	0.30991	0.15958	-0.16732	26.258	29.704	-171.37	21.113	108.78	0.27242	1.5669	18.849	-45.899	-10.304	-133.98	-47.768	6.1084	-20.954
-4.8859	-5.131	-25.865	1.8069	-2.9715	-1.4811	2.2926	1.1464	2.2235	1.0477	0.16457	0.78771	-0.7985	0.97236	25.059	-23.335	-168.75	1.2549	-22.067	13.126	98.272	-47.939	-32.945	94.502	47.482	19.112	-38.323	45.587
-4.5135	-4.6071	-28.6	3.9839	-1.5888	-1.2038	2.3089	1.8345	0.22508	-0.15769	2.3617	1.4848	-0.68035	1.5962	14.899	20.954	-109.41	87.078	55.309	11.089	0.65318	27.525	-79.938	-48.216	87.885	27.883	4.7259	24.953
-4.3467	0.222	-26.857	4.3283	-0.8281	-1.7238	0.8487	2.8218	1.6952	0.5445	1.847	0.0039154	-1.2231	1.0434	6.6705	193.16	69.734	13.777	30.427	-20.799	-58.41	39.492	58.804	28.088	-20.586	-59.235	-21.71	-22.112
-4.433	-0.85844	-26.079	6.0637	-1.8933	-1.259	2.6836	3.5606	0.30887	0.83866	3.2534	-0.54956	-0.73643	-0.32082	-3.4533	-43.217	31.119	69.415	-42.609	18.591	73.395	29.549	-55.452	11.766	56.253	-22.139	19.467	-54.568
-4.3177	-5.9205	-28.313	7.0652	-1.0156	-0.37118	2.489	-0.12426	0.042476	-0.28863	-0.077889	-0.85071	0.19445	0.37556	4.6125	-202.48	-89.375	40.059	35.11	35.514	-7.7824	-147.39	-10.656	-45.091	-133.25	-12.046	37.235	27.855
-4.189	-5.1097	-29.782	6.8181	-1.6618	-1.7337	2.94	1.1341	0.94515	1.5713	1.6262	0.34687	-1.2439	0.028075	5.1504	32.428	-58.766	-9.8828	-25.849	-54.501	18.04	50.335	36.107	74.397	68.163	47.903	-57.535	-13.9
-3.7512	-1.0991	-28.969	8.8816	-0.82758	-1.6667	2.9827	0.11605	0.43884	1.1564	1.3387	0.067283	-0.23737	0.24787	17.511	160.43	32.504	82.54	33.369	2.6795	1.7085	-40.722	-20.252	-16.596	-11.499	-11.183	40.262	8.7918
-3.1923	-2.0075	-31.383	6.3569	-2.3274	-2.8095	2.9797	1.1514	-0.35185	0.73586	0.49006	-1.4112	-0.37114	1.04	22.356	-36.338	-96.549	-100.99	-59.993	-45.71	-0.12002	41.415	-31.627	-16.822	-33.945	-59.138	-5.3507	31.683
-3	0.64658	-29.782	7.8617	0.47464	-1.6981	5.3151	1.2293	-1.2611	1.2589	-0.32918	-0.95947	-0.78989	0.74781	7.6919	106.16	64.041	60.191	112.08	44.456	93.415	3.1165	-36.372	20.92	-32.77	18.069	-16.75	-11.686
-3.0141	0.088852	-29.67	7.9358	-0.637	-3.7056	1.5836	-1.6641	-1.9997	1.808	1.0823	-0.2274	1.0783	-1.0381	-0.5637	-22.309	4.4912	2.9626	-44.465	-80.3	-149.26	-115.74	-29.544	21.967	56.457	29.283	74.729	-71.436
-3.572	-2.424	-30.234	6.9582	-2.9529	-3.346	3.5017	-0.63029	-1.4131	1.1385	2.2019	0.23382	1.4057	-0.50121	-22.316	-100.51	-22.583	-39.102	-92.637	14.382	76.722	41.351	23.465	-26.781	44.787	18.449	13.095	21.475
-4.0976	-2.2213	-26.791	8.4524	-1.0283	-1.4778	3.7969	0.57818	-1.0746	1.7031	2.1594	-0.98783	0.081641	0.99241	-21.026	8.1049	137.75	59.766	76.983	74.73	11.811	48.339	13.539	22.584	-1.7026	-48.866	-52.963	59.745
-4.3879	-4.1935	-28.372	6.4036	-1.8963	-3.1919	3.1596	1.0006	-1.1801	0.77158	0.892	-1.8413	0.94039	0.66858	-11.609	-78.888	-63.249	-81.952	-34.721	-68.567	-25.492	16.899	-4.2185	-37.26	-50.695	-34.137	34.35	-12.953
-4.5662	-7.355	-26.367	9.0648	-0.77953	-1.3928	4.1761	1.6852	-1.3869	0.24458	1.6398	-0.8049	0.3107	0.52422	-7.1325	-126.46	80.208	106.45	44.672	71.965	40.658	27.381	-8.2728	-21.08	29.914	41.454	-25.188	-5.7744
-4.9722	-4.6116	-20.074	7.6718	0.51436	-1.6932	2.648	0.38814	-3.8112	-0.67067	-0.31209	-1.7243	1.98	-0.73499	-16.239	109.74	251.7	-55.721	51.756	-12.015	-61.123	-51.881	-96.971	-36.61	-78.077	-36.777	66.77	-50.368
-5.7221	-15.419	-18.575	5.3878	-1.7815	-1.2217	3.918	0.8927	-2.2901	-0.33475	1.5011	-0.44511	1.5344	-1.3317	-29.997	-432.28	59.944	-91.36	-91.833	18.86	50.8	20.183	60.845	13.437	72.529	51.169	-17.821	-23.869
-7.1011	-23.506	-18.098	1.2683	-4.5428	-5.3686	2.5318	2.0434	0.18667	1.3969	1.2342	-0.17545	1.5071	-0.63744	-55.161	-323.51	19.093	-164.78	-110.45	-165.88	-55.45	46.027	99.07	69.265	-10.677	10.787	-1.092	27.77
