-2.9783	13.648	11.262	-3.7391	-3.2289	0.29939	-1.9747	1.9309	-1.2036	-1.4281	3.4369	0.81226	0.79454	-0.3504	0	0	0	0	0	0	0	0	0	0	0	0	0	0
-2.2606	6.7378	12.416	-1.5629	-4.4522	0.17251	-2.4663	1.3686	-1.3246	0.6757	3.1014	1.2722	-0.56278	0.054683	28.707	-276.39	46.169	87.048	-48.93	-5.0753	-19.665	-22.493	-4.8387	84.153	-13.419	18.396	-54.293	16.203
-1.9533	22.819	9.7048	-5.4844	-3.2496	-1.0216	-2.2265	1.6641	-0.68993	0.35115	3.2599	2.0434	-0.40068	-0.67037	12.291	643.27	-108.47	-156.86	48.103	-47.765	9.5919	11.82	25.386	-12.982	6.3393	30.85	6.4843	-29.002
-1.6167	21.778	11.193	-6.5514	-2.6554	-1.8381	-1.6476	1.2115	-0.72519	0.64633	2.8613	3.2797	-1.2038	-0.67036	13.467	-41.659	59.527	-42.683	23.767	-32.658	23.158	-18.102	-1.4104	11.807	-15.943	49.453	-32.125	0.00030933
-1.346	24.035	10.855	-6.1772	-2.8279	-2.4683	-1.8669	1.8473	-1.2394	0.95561	2.4512	2.9944	-1.1717	-1.1526	10.825	90.278	-13.5	14.968	-6.9016	-25.209	-8.774	25.433	-20.57	12.371	-16.403	-11.414	1.2836	-19.29
-1.4504	26.054	9.827	-4.3935	-3.4767	-2.8208	-1.2014	1.6547	-1.2317	0.51299	2.0115	2.8211	-1.6115	-0.69435	-4.1729	80.767	-41.14	71.348	-25.949	-14.1	26.621	-7.7071	0.31009	-17.705	-17.589	-6.9302	-17.593	18.33
-1.7577	27.319	8.6444	-3.5217	-3.3996	-2.4683	-0.41533	1.3899	-0.79496	-0.42455	1.3684	2.7939	-2.4787	-0.17104	-12.292	50.594	-47.303	34.872	3.0804	14.1	31.442	-10.59	17.47	-37.502	-25.724	-1.0873	-34.686	20.932
-2.2358	23.517	8.2785	-3.286	-1.6836	-2.8441	1.8166	-0.24549	0.66226	-1.8354	1.8838	2.6476	-2.9022	-0.60775	-19.123	-152.08	-14.638	9.4287	68.643	-15.033	89.277	-65.417	58.289	-56.435	20.616	-5.8528	-16.94	-17.468
-2.9514	10.653	5.738	1.5918	-2.5411	-2.7948	4.2293	0.34142	-1.2437	-0.04681	1.4819	1.2004	-2.3635	0.011625	-28.628	-514.56	-101.62	195.11	-34.301	1.972	96.509	23.476	-76.238	71.545	-16.076	-57.887	21.549	24.775
-4.4822	11.993	-7.798	2.5433	0.79707	-1.1292	3.569	0.11921	0.58946	-0.44352	-0.28884	0.72116	-0.2268	-0.2024	-61.231	53.592	-541.44	38.061	133.53	66.624	-26.414	-8.8884	73.326	-15.868	-70.83	-19.171	85.466	-8.5609
-4.0354	14.078	-17.695	1.4577	-1.6721	-2.9563	3.8907	0.44599	-0.6782	-0.2792	0.69529	0.41886	-0.7607	0.92618	17.872	83.408	-395.86	-43.425	-98.765	-73.084	12.868	13.071	-50.706	6.5726	39.365	-12.092	-21.356	45.143
-3.5097	20.669	-20.123	2.1538	-2.7051	-1.664	3.9966	-0.64631	0.046129	1.5801	1.6184	1.1733	-1.5646	0.78719	21.03	263.65	-97.129	27.843	-41.321	51.694	4.2364	-43.692	28.973	74.371	36.924	30.179	-32.158	-5.5598
-3.1729	19.841	-21.719	2.3064	-2.0214	-1.7171	3.4771	-0.11407	-1.6505	1.8246	2.1739	2.4045	0.65776	0.665	13.47	-33.124	-63.866	6.1058	27.347	-2.1237	-20.779	21.289	-67.866	9.7796	22.22	49.247	88.896	-4.8877
-3.1507	19.614	-23.823	3.0995	-1.5687	-4.1894	2.3089	1.3671	-0.24837	-0.061552	0.23792	1.0511	-1.8635	-1.3378	0.89035	-9.0725	-84.141	31.725	18.107	-98.893	-46.728	59.246	56.086	-75.445	-77.439	-54.139	-100.85	-80.113
-3.0672	21.376	-24.037	1.8513	-1.414	-1.0218	2.2178	1.4168	-0.44571	0.90368	1.4531	0.76345	-2.0581	-1.1265	3.3382	70.466	-8.5526	-49.928	6.1883	126.7	-3.6452	1.9877	-7.8934	38.609	48.607	-11.504	-7.7839	8.4552
-3.122	19.03	-25.198	-2.1265	0.39987	1.3204	1.8862	0.56793	-1.4806	0.67447	2.4237	1.4528	-2.5365	-1.4547	-2.1897	-93.818	-46.467	-159.11	72.556	93.689	-13.262	-33.953	-41.394	-9.1684	38.826	27.575	-19.137	-13.129
-3.5329	15.351	-25.462	-6.5229	0.56296	0.36058	0.055015	-0.77816	-0.5412	1.9674	1.1243	1.1005	1.3409	-0.54591	-16.438	-147.16	-10.538	-175.86	6.5236	-38.394	-73.248	-53.844	37.575	51.716	-51.977	-14.094	155.09	36.351
-4.6566	-2.0403	-17.193	-4.1984	0.85507	0.75592	-2.2805	-0.88122	-0.67468	1.9176	-0.1836	-1.7313	0.83552	1.4485	-44.945	-695.67	330.76	92.982	11.684	15.814	-93.419	-4.122	-5.3393	-1.9923	-52.317	-113.27	-20.214	79.776
-6.8789	-48.905	-12.87	-5.5649	2.2722	2.9043	-1.0461	1.7549	-3.0434	2.1056	1.0115	-0.69705	1.685	0.96634	-88.892	-1874.6	172.93	-54.661	56.686	85.934	49.375	105.44	-94.747	7.523	47.805	41.37	33.978	-19.286
-11.211	-85.16	-14.926	-1.0027	-0.2562	3.5011	2.309	2.5717	-0.26266	2.1001	0.58764	0.0066632	1.0341	1.4487	-173.29	-1450.2	-82.261	182.49	-101.14	23.874	134.2	32.671	111.23	-0.22184	-16.956	28.149	-26.033	19.295
-6.7522	-27.908	-4.9072	-12.264	-2.1761	0.074382	-0.47781	0.84023	-1.6215	2.4927	-1.9945	-0.18974	0.98062	-0.99958	178.35	2290.1	400.75	-450.47	-76.794	-137.07	-111.47	-69.257	-54.353	15.705	-103.29	-7.856	-2.1407	-97.932
-6.631	-12.945	-5.376	-12.504	-2.2922	-0.41439	-0.3828	-0.32886	-1.8114	2.7242	-2.6977	-0.45678	0.57146	-0.86335	4.8473	598.55	-18.753	-9.565	-4.6464	-19.551	3.8004	-46.764	-7.595	9.2608	-28.129	-10.682	-16.366	5.4494
-7.5074	-24.806	-8.4654	-0.75872	-2.4538	-2.5893	1.7781	-3.8016	-1.7658	3.6029	-2.2703	-0.80932	-1.5757	-0.31656	-35.055	-474.46	-123.57	469.79	-6.4643	-86.996	86.436	-138.91	1.8229	35.148	17.098	-14.101	-85.887	21.871
-7.6857	-25.234	-8.5372	-3.6653	-3.8891	-1.5634	4.6623	-2.3385	-0.4177	2.0063	-1.4558	1.1013	-2.2828	-0.67706	-7.1322	-17.097	-2.8748	-116.26	-57.411	41.037	115.37	58.524	53.923	-63.866	32.578	76.425	-28.285	-14.42
-7.648	-28.313	-7.5734	-4.9576	-1.2754	1.9208	4.8114	-1.7837	-1.1048	1.58	0.33425	1.3146	-1.8996	-0.54123	1.5065	-123.18	38.555	-51.693	104.55	139.37	5.9626	22.192	-27.484	-17.05	71.604	8.5308	15.33	5.4332
-4.6836	-12.975	5.4783	0.67547	-1.6223	0.85154	5.8597	-1.1404	-2.6607	-1.0447	-0.51161	1.662	-2.0834	-0.24276	118.58	613.52	522.07	225.32	-13.877	-42.769	41.933	25.732	-62.237	-104.99	-33.834	13.896	-7.3541	11.939
-3.3119	-1.7763	15.573	-0.45569	-3.1232	0.27708	7.2947	-1.8127	-4.7817	-0.13603	-0.42561	-0.13253	-0.47325	-0.65112	54.866	447.96	403.79	-45.247	-60.035	-22.978	57.403	-26.892	-84.84	36.348	3.4399	-71.781	64.407	-16.334
-2.7499	-0.84863	18.784	-1.6156	-3.9112	-0.92964	7.0019	-0.11777	-6.2721	0.2897	-0.58385	-0.44636	-0.26583	-0.45967	22.48	37.106	128.45	-46.394	-31.522	-48.269	-11.715	67.796	-59.616	17.029	-6.3296	-12.553	8.2965	7.658
-2.5324	-0.044688	18.428	0.4075	-4.9317	-1.7006	7.6211	-0.21581	-6.9445	-0.27424	0.40901	-1.9647	0.42069	-0.24273	8.7026	32.158	-14.267	80.922	-40.82	-30.838	24.768	-3.9213	-26.894	-22.558	39.714	-60.734	27.461	8.6775
-2.3318	-0.14362	20.134	-0.5614	-4.728	-3.4067	8.7628	-0.53357	-7.7205	0.83342	-0.64327	-1.6541	0.8282	-0.25918	8.0234	-3.9571	68.242	-38.756	8.1462	-68.245	45.667	-12.71	-31.042	44.307	-42.091	12.426	16.301	-0.65794
-2.0192	4.3088	18.233	-0.41638	-4.6957	-3.7389	8.4704	-1.629	-6.5482	0.23138	-0.47603	-1.5413	1.0553	0.45027	12.503	178.1	-76.051	5.8006	1.2918	-13.286	-11.693	-43.816	46.893	-24.082	6.6896	4.5116	9.0839	28.378
-1.8684	7.8797	17.733	-1.6795	-3.9441	-3.9898	8.0138	-2.0767	-6.5724	0.50315	-0.20967	-1.4031	1.3959	0.75069	6.0308	142.84	-19.966	-50.526	30.065	-10.036	-18.267	-17.908	-0.96827	10.871	10.654	5.5264	13.622	12.017
-1.6678	12.4	16.25	-2.5847	-3.2728	-3.2872	7.1233	-2.8651	-6.5008	0.29483	0.43808	-1.2627	1.349	1.3105	8.0262	180.83	-59.346	-36.206	26.852	28.102	-35.617	-31.539	2.8655	-8.3329	25.91	5.6157	-1.8728	22.393
-1.5045	16.102	14.335	-3.8638	-1.0714	-2.9929	5.8128	-3.7301	-5.8154	0.13866	0.52257	-1.0594	1.7992	1.3063	6.5299	148.06	-76.603	-51.164	88.056	11.774	-52.421	-34.598	27.415	-6.2466	3.3795	8.1316	18.005	-0.16627
-1.2683	19.422	12.89	-5.5542	0.72036	-1.8119	4.1549	-4.9567	-5.0994	0.48127	0.74195	-1.0136	1.6247	1.2534	9.448	132.79	-57.787	-67.616	71.671	47.24	-66.316	-49.065	28.638	13.704	8.7753	1.8338	-6.9781	-2.1164
-1.1987	22.43	11.776	-6.9837	2.6401	-0.835	2.7178	-5.5561	-4.6522	0.82107	1.2939	-1.3727	1.241	1.1852	2.7834	120.31	-44.573	-57.18	76.79	39.076	-57.485	-23.974	17.89	13.592	22.077	-14.365	-15.346	-2.7311
-1.2384	24.122	9.8564	-7.0128	4.3216	-0.32594	0.82799	-5.3494	-4.02	0.70741	1.0463	-1.3612	0.75888	1.4871	-1.585	67.694	-76.769	-1.1633	67.258	20.362	-75.591	8.2673	25.29	-4.5461	-9.9039	0.45998	-19.287	12.076
-1.38	22.938	9.509	-8.0961	6.6644	-0.26785	-0.46556	-4.9487	-3.8929	1.2845	0.53312	-1.8148	0.82139	1.43	-5.6651	-47.343	-13.898	-43.335	93.712	2.3236	-51.742	16.026	5.0806	23.085	-20.526	-18.145	2.5003	-2.2824
-1.5096	23.069	7.5083	-7.1216	7.7418	-0.071835	-1.3725	-4.9016	-3.0549	0.85646	0.22939	-1.9407	0.66186	1.7149	-5.183	5.2273	-80.029	38.983	43.097	7.8405	-36.279	1.8859	33.523	-17.123	-12.149	-5.034	-6.381	11.396
-1.7871	22.965	6.0091	-6.4576	8.6705	0.28168	-1.9492	-4.5126	-1.8973	0.43845	0.1645	-2.4983	0.90919	1.5397	-11.1	-4.1726	-59.966	26.558	37.147	14.141	-23.067	15.558	46.304	-16.72	-2.5957	-22.304	9.8931	-7.0104
-2.0417	22.309	4.4996	-5.0395	8.8659	0.77825	-2.5607	-3.8193	-1.4938	0.34968	-0.33609	-2.8476	1.0724	1.0206	-10.186	-26.231	-60.383	56.724	7.8163	19.863	-24.46	27.731	16.14	-3.5507	-20.024	-13.974	6.528	-20.762
-2.1464	20.43	4.9089	-5.4843	10.329	0.22787	-2.554	-3.2694	-1.6783	0.69449	-1.4701	-2.537	0.34011	1.4352	-4.1875	-75.163	16.376	-17.792	58.534	-22.015	0.27014	21.996	-7.3787	13.792	-45.36	12.423	-29.291	16.584
-2.0358	18.91	4.7048	-5.4087	11.986	-0.23316	-2.0318	-3.175	-1.3082	0.12565	-1.5665	-2.6765	0.027989	1.2968	4.4257	-60.805	-8.1657	3.0251	66.274	-18.441	20.885	3.7787	14.801	-22.753	-3.8547	-5.5789	-12.485	-5.5365
-2.2007	16.15	5.7359	-5.4267	12.968	0.10866	-2.2808	-1.9671	-2.0142	0.11877	-1.7557	-3.0028	-0.38776	1.0946	-6.5963	-110.38	41.243	-0.71977	39.293	13.673	-9.9567	48.316	-28.24	-0.27546	-7.57	-13.052	-16.63	-8.0861
-2.7052	11.488	7.2504	-5.7403	12.952	1.8002	-3.368	0.22889	-3.1927	0.13473	-1.3391	-3.5237	-0.17238	-0.3332	-20.182	-186.49	60.582	-12.544	-0.67282	67.662	-43.49	87.839	-47.138	0.63863	16.662	-20.836	8.6153	-57.114
-3.5408	-15.065	5.9441	-2.2863	9.7605	3.8776	-2.4034	-0.82381	-1.5302	0.60099	0.65229	-2.4324	-0.52161	-0.81575	-33.424	-1062.1	-52.252	138.16	-127.64	83.095	38.586	-42.108	66.501	18.65	79.657	43.652	-13.969	-19.302
-7.5984	-53.188	6.1005	2.6543	4.8778	8.701	0.30617	1.7915	1.6542	-0.44374	-0.82649	0.051608	-1.44	-1.8624	-162.3	-1524.9	6.2548	197.62	-195.31	192.94	108.38	104.61	127.37	-41.789	-59.151	99.361	-36.737	-41.864
-8.0318	-62.227	6.8762	5.9486	0.098026	8.7177	3.8694	1.1388	0.84226	-0.77584	-1.0675	0.44732	-0.51421	-2.7253	-17.334	-361.57	31.029	131.77	-191.19	0.66949	142.53	-26.11	-32.476	-13.284	-9.6402	15.829	37.033	-34.519
-8.9488	-61.772	7.6284	7.0186	-3.9186	0.1799	0.11719	2.5357	1.1837	0.10326	-0.37754	0.43292	0.2794	-0.93523	-36.68	18.228	30.087	42.8	-160.67	-341.51	-150.09	55.876	13.657	35.164	27.598	-0.57602	31.744	71.604
-10.175	-67.018	3.4551	5.1104	-6.4412	-2.1036	-1.6224	0.44575	0.95016	-0.17904	-0.13109	0.23569	0.23336	0.35284	-49.066	-209.85	-166.93	-76.329	-100.9	-91.342	-69.585	-83.598	-9.3407	-11.292	9.8579	-7.8894	-1.8415	51.523
-13.247	-90.516	-12.783	1.7399	-2.4206	2.7459	3.5203	3.7469	1.9384	-0.49458	-1.45	-0.1021	0.3877	0.40038	-122.85	-939.93	-649.54	-134.82	160.82	193.98	205.71	132.05	39.528	-12.622	-52.756	-13.512	6.1735	1.9016
-13.855	-92.786	-14.522	1.8596	-2.948	0.86638	0.83139	1.6134	1.5329	1.9834	1.2172	1.1516	0.86902	-0.80992	-24.322	-90.779	-69.528	4.7908	-21.096	-75.18	-107.56	-85.342	-16.218	99.118	106.69	50.148	19.253	-48.412
-13.204	-90.736	-14.267	1.6264	-2.729	2.2476	0.67019	3.0977	2.9424	2.1049	0.15685	-0.1844	0.28788	-0.19423	26.044	81.997	10.197	-9.3281	8.7609	55.247	-6.4478	59.374	56.38	4.8597	-42.414	-53.44	-23.246	24.627
-5.3795	-0.16931	-7.3344	-0.22603	-3.8227	-4.493	3.9039	0.82066	-0.55012	-0.32471	0.35858	-0.44601	-0.25046	0.17229	312.97	3622.7	277.29	-74.099	-43.749	-269.62	129.35	-91.082	-139.7	-97.183	8.0693	-10.465	-21.533	14.661
-5.161	10.866	-5.1151	0.023472	-3.2038	-0.74908	2.4551	5.3647	-0.92234	-2.1763	-0.60178	-0.4125	0.27088	0.57299	8.7391	441.42	88.773	9.98	24.755	149.76	-57.95	181.76	-14.889	-74.066	-38.415	1.3402	20.853	16.028
-5.2095	-5.9105	-3.144	0.47603	-5.5611	0.45185	2.1699	3.5124	1.1178	-1.2259	-0.63203	0.60269	0.61457	-0.097099	-1.9386	-671.06	78.843	18.102	-94.292	48.037	-11.409	-74.093	81.605	38.018	-1.21	40.608	13.748	-26.804
-6.1393	-14.81	-1.0049	-1.8511	-4.3232	-3.3037	0.31251	5.3613	1.2022	-1.5842	-0.34644	0.43825	1.2642	0.66844	-37.193	-355.99	85.564	-93.084	49.518	-150.22	-74.296	73.956	3.375	-14.332	11.424	-6.5777	25.984	30.621
-6.3031	-21.387	3.4909	-0.40918	-3.3425	-4.3503	-0.31651	4.3594	0.67359	0.39333	1.0018	-0.67892	1.332	-0.69679	-6.5528	-263.06	179.83	57.675	39.227	-41.863	-25.161	-40.077	-21.144	79.101	53.929	-44.686	2.714	-54.609
-3.3951	-13.055	11.879	5.0648	-2.8348	-4.5568	-3.3268	2.6979	2.2992	0.78754	-0.3925	-0.74406	0.5403	-0.53948	116.32	333.28	335.53	218.96	20.311	-8.2621	-120.41	-66.46	65.023	15.768	-55.771	-2.6058	-31.669	6.2926
-1.804	7.7899	14.845	6.169	-5.1506	-6.6843	-3.671	2.1907	4.243	-0.85288	-1.3165	-0.80495	1.1624	-1.4962	63.645	833.78	118.63	44.17	-92.634	-85.098	-13.767	-20.288	77.756	-65.617	-36.961	-2.4354	24.884	-38.268
-0.88523	11.641	16.452	4.3516	-5.9732	-7.275	-4.9624	2.6696	4.7409	-1.6118	-1.5421	-1.4344	1.0166	-1.0272	36.75	154.06	64.284	-72.699	-32.904	-23.63	-51.658	19.156	19.914	-30.355	-9.0212	-25.179	-5.8329	18.758
-0.78267	10.792	18.64	1.9115	-4.5983	-8.3681	-4.3133	2.6402	3.5829	0.013569	-2.3366	-1.5887	1.2086	-0.37339	4.1027	-33.963	87.518	-97.602	54.998	-43.722	25.964	-1.1754	-46.32	65.013	-31.781	-6.1715	7.6815	26.153
-0.85157	11.913	17.367	1.6847	-4.6013	-8.6798	-3.019	1.21	4.52	-0.75878	-2.1292	-1.5426	1.5231	1.0581	-2.7562	44.841	-50.932	-9.0736	-0.12133	-12.471	51.772	-57.208	37.485	-30.894	8.2972	1.8434	12.58	57.258
-0.91708	12.396	17.081	1.3429	-5.6579	-6.6839	-3.8382	2.1352	3.4809	-0.54112	-2.3847	-2.1583	2.9308	1.9402	-2.6203	19.302	-11.417	-13.672	-42.264	79.838	-32.766	37.006	-41.565	8.7063	-10.22	-24.626	56.307	35.287
-0.93506	11.737	17.859	1.5485	-8.3348	-4.1117	-3.9521	1.9394	2.4675	-0.44857	-1.4959	-2.8061	3.4042	2.7023	-0.71942	-26.358	31.091	8.2239	-107.08	102.89	-4.5563	-7.8285	-40.538	3.702	35.55	-25.913	18.938	30.482
-1.2011	12.73	18.715	-0.57287	-9.0885	-2.1958	-3.4702	2.1572	1.0126	-0.63573	-0.88401	-2.9415	4.1927	2.3193	-10.642	39.727	34.252	-84.853	-30.146	76.638	19.277	8.7113	-58.196	-7.4862	24.476	-5.4174	31.536	-15.318
-1.2257	15.746	16.926	-1.9504	-8.2269	-1.0352	-2.5285	1.603	-0.47536	-0.79019	-0.43874	-2.3313	4.438	2.4506	-0.98173	120.63	-71.55	-55.099	34.464	46.423	37.669	-22.168	-59.517	-6.1785	17.811	24.41	9.8127	5.2528
-1.3754	18	15.609	-3.9644	-5.9347	-0.74746	-1.2086	0.3507	-1.8466	-0.92621	0.15238	-1.0146	3.2989	2.2116	-5.9905	90.184	-52.669	-80.562	91.687	11.51	52.792	-50.093	-54.85	-5.4409	23.645	52.668	-45.564	-9.5627
-1.6182	17.758	15.4	-5.5386	-4.4944	1.3722	-2.0359	0.90417	-4.5532	-0.29564	0.91727	-0.87975	3.0999	0.73336	-9.712	-9.7047	-8.3691	-62.966	57.61	84.786	-33.091	22.139	-108.26	25.223	30.595	5.3937	-7.9571	-59.129
-1.923	13.628	16.839	-8.0293	-1.7061	3.3003	-3.0905	1.4861	-6.4835	0.26209	0.3923	0.20592	0.71671	0.4667	-12.193	-165.18	57.55	-99.629	111.54	77.125	-42.181	23.278	-77.213	22.309	-20.999	43.427	-95.329	-10.666
-2.5152	5.8125	18.177	-9.4109	-0.19691	6.207	-3.4015	2.4997	-6.7463	0.59258	-0.67198	0.44748	-1.3865	-1.0185	-23.685	-312.63	53.506	-55.264	60.366	116.27	-12.443	40.541	-10.513	13.22	-42.571	9.6627	-84.126	-59.408
-3.3194	-6.0392	16.185	-9.5941	-0.26724	5.4828	-2.7532	2.1284	-2.2889	0.41811	0.22501	1.0246	-1.1189	-2.7357	-32.17	-474.07	-79.665	-7.3293	-2.8131	-28.969	25.932	-14.85	178.3	-6.9787	35.879	23.083	10.703	-68.687
-3.4537	1.0714	13.123	-10.26	5.2652	4.1312	-3.2053	2.8656	-3.1324	0.50803	0.5993	-0.60704	-0.52694	-3.1953	-5.3724	284.42	-122.47	-26.619	221.3	-54.065	-18.082	29.489	-33.74	3.5967	14.972	-65.264	23.677	-18.385
-2.9301	6.2406	12.565	-8.5602	7.9591	4.4578	-4.2795	1.9236	-5.7327	0.45228	-0.88598	-1.8049	-0.081094	-1.565	20.943	206.77	-22.341	67.977	107.76	13.064	-42.97	-37.682	-104.01	-2.2298	-59.411	-47.913	17.834	65.211
-2.7817	7.4592	10.994	-5.4655	7.5102	4.6843	-5.1279	1.5716	-5.4451	0.77466	-1.7425	-1.5613	-0.23385	0.30576	5.9384	48.743	-62.843	123.79	-17.956	9.0605	-33.936	-14.079	11.506	12.895	-34.262	9.7412	-6.1102	74.832
-2.9663	8.6467	8.5983	-4.1852	8.4466	3.9872	-5.1989	2.2114	-5.1521	1.8257	-2.7021	-1.3049	-0.13529	0.7684	-7.383	47.5	-95.812	51.21	37.459	-27.884	-2.8401	25.593	11.718	42.042	-38.381	10.256	3.9426	18.506
-3.0371	9.58	6.3673	-4.8215	11.198	2.0132	-3.3071	1.6116	-4.3323	2.6796	-3.3566	-0.98048	-0.39894	0.42919	-2.8323	37.334	-89.24	-25.454	110.07	-78.959	75.672	-23.992	32.794	34.155	-26.18	12.977	-10.546	-13.568
-3.1534	9.809	5.0956	-4.5652	12.243	0.76614	-1.4921	0.35309	-2.1198	1.6516	-2.8399	-1.6963	-0.25207	0.21343	-4.655	9.1604	-50.867	10.252	41.784	-49.882	72.602	-50.342	88.501	-41.119	20.667	-28.632	5.8746	-8.6306
-3.2658	10.058	3.4061	-3.0866	10.809	1.5267	-0.93953	0.20318	-1.8701	2.0175	-3.2097	-1.5481	-0.63816	-0.18033	-4.4924	9.9767	-67.581	59.148	-57.369	30.423	22.102	-5.9961	9.9852	14.637	-14.792	5.9258	-15.444	-15.751
-3.4784	9.4084	1.789	-1.8977	8.4618	2.5954	0.17368	0.42773	-2.077	2.2994	-3.705	-1.3082	-1.5045	-0.61798	-8.5075	-26.002	-64.683	47.553	-93.875	42.746	44.528	8.9817	-8.2762	11.275	-19.813	9.5957	-34.655	-17.506
-3.9123	9.8112	-2.1483	0.23625	7.329	2.1797	-0.094204	-0.7397	-0.95378	1.7394	-3.1385	-0.84741	-1.5461	-0.53914	-17.354	16.113	-157.49	85.359	-45.313	-16.626	-10.715	-46.697	44.93	-22.397	22.66	18.433	-1.6615	3.1536
-4.5213	1.9517	-6.6172	5.5218	5.6187	0.47699	1.6062	-2.5866	1.6725	0.6416	-2.7864	-1.3339	-2.5462	0.87375	-24.362	-314.38	-178.76	211.42	-68.41	-68.109	68.016	-73.875	105.05	-43.914	14.082	-19.459	-40.006	56.516
-4.8393	3.7402	-13.959	6.3689	3.5469	-1.8378	1.8898	-2.8026	0.83742	1.2597	-1.0754	-0.81024	-2.1867	0.94866	-12.718	71.539	-293.66	33.884	-82.872	-92.593	11.344	-8.642	-33.402	24.725	68.441	20.946	14.382	2.9965
-4.3973	6.894	-19.976	3.4213	0.73468	-2.7644	2.7741	0.02877	-0.23888	1.0056	-0.38542	1.0956	-1.3462	-0.052275	17.678	126.15	-240.7	-117.9	-112.49	-37.061	35.372	113.26	-43.052	-10.166	27.599	76.233	33.617	-40.038
-3.9624	8.9182	-20.413	3.4955	-0.28725	-5.3203	1.8737	-0.16198	-1.2725	2.1352	1.2759	0.79018	0.27881	-1.2783	17.396	80.967	-17.474	2.9647	-40.877	-102.24	-36.015	-7.6301	-41.343	45.184	66.452	-12.216	65.002	-49.039
-3.8125	8.8605	-23.447	1.0999	-1.7569	-4.494	1.2113	-0.98162	-0.60317	2.8085	0.87302	0.5406	-0.13335	-0.061804	5.9993	-2.3069	-121.37	-95.821	-58.786	33.05	-26.498	-32.785	26.771	26.934	-16.115	-9.9833	-16.486	48.658
-3.6775	8.0985	-25.276	2.5345	-0.21537	-3.9482	1.5358	-0.65569	-0.10355	2.5825	0.51733	-0.67908	-0.81761	-0.66936	5.4001	-30.482	-73.155	57.384	61.661	21.833	12.98	13.037	19.985	-9.0392	-14.228	-48.787	-27.37	-24.302
-3.364	13.818	-24.005	3.4417	0.98792	-1.8876	2.6958	0.39313	0.43494	0.90593	-0.64243	0.4955	-2.2264	-0.073446	12.54	228.79	50.856	36.285	48.132	82.422	46.403	41.953	21.54	-67.065	-46.39	46.983	-56.35	23.837
-3.0756	13.045	-26.632	3.3449	-1.831	-6.164	2.2413	-0.54742	0.63056	1.3196	0.11899	1.2781	-0.82479	0.48248	11.536	-30.918	-105.09	-3.8691	-112.76	-171.06	-18.183	-37.622	7.8251	16.546	30.457	31.303	56.063	22.237
-3.0889	7.2069	-28.616	5.2327	-0.55797	-5.9258	2.8937	-1.4296	0.53625	1.6621	0.5162	1.0517	-1.4116	-0.83899	-0.53282	-233.54	-79.368	75.512	50.92	9.5312	26.099	-35.289	-3.7726	13.702	15.888	-9.0566	-23.473	-52.858
-3.8732	-8.7581	-27.647	6.2857	-0.032235	-3.9912	6.4579	-0.14184	1.0987	0.60094	-2.1276	1.6611	0.42841	0.44398	-31.373	-638.6	38.774	42.116	21.03	77.381	142.57	51.512	22.499	-42.448	-105.75	24.378	73.601	51.318
-6.5424	-54.016	-23.772	8.0678	0.51013	-2.3434	5.0329	0.43157	3.7318	1.2129	-0.17267	1.9012	-1.9058	-0.94679	-106.77	-1810.3	155	71.284	21.694	65.914	-56.997	22.936	105.32	24.478	78.198	9.6043	-93.368	-55.631
-11.972	-91.022	-17.171	4.6459	-2.5442	-0.74617	1.7468	1.3828	1.9076	-0.14573	0.10759	2.4224	0.65582	0.50198	-217.19	-1480.2	264.02	-136.87	-122.17	63.889	-131.44	38.048	-72.966	-54.344	11.21	20.847	102.46	57.951
-13.376	-93.226	-15.167	1.8918	-2.4986	1.6577	0.93539	2.1943	0.76529	0.30342	-0.46813	0.80101	-0.26043	-0.11533	-56.13	-88.142	80.181	-110.17	1.8226	96.154	-32.458	32.46	-45.694	17.966	-23.029	-64.854	-36.65	-24.692
-5.5357	-37.125	-14.454	-2.7715	1.4783	-0.28373	6.2697	1.3559	1.81	1.7089	-1.1764	1.7475	-1.2376	0.46647	313.59	2244	28.498	-186.53	159.08	-77.657	213.37	-33.534	41.787	56.219	-28.332	37.859	-39.085	23.272
-3.9848	20.396	-14.286	-2.7374	-2.2849	-4.0012	1.0624	-3.9237	-1.1136	-2.1546	-2.077	1.5524	-0.38399	1.5929	62.036	2300.9	6.7288	1.363	-150.53	-148.7	-208.29	-211.19	-116.94	-154.54	-36.022	-7.8047	34.143	45.057
-3.6541	19.734	-17.792	3.1868	-0.89943	-3.5977	1.1522	-3.3727	0.70292	-2.0184	-0.57996	0.72854	-0.21496	1.3121	13.229	-26.511	-140.24	236.97	55.419	16.142	3.5919	22.04	72.659	5.4484	59.88	-32.953	6.7612	-11.233
-4.1595	18.507	-10.708	3.4794	1.8794	-1.7982	1.9635	-0.5885	1.0214	0.44905	1.6095	1.2986	-2.0417	-0.51704	-20.213	-49.077	283.35	11.701	111.15	71.978	32.455	111.37	12.738	98.697	87.577	22.801	-73.07	-73.164
-4.8228	7.5893	-8.1073	0.53125	1.6813	-1.2576	1.2153	-0.76505	1.3167	0.46119	1.0191	-0.65928	-1.1128	-0.89978	-26.536	-436.7	104.05	-117.93	-7.9272	21.626	-29.932	-7.0619	11.813	0.48541	-23.617	-78.314	37.157	-15.31
-5.0291	-5.9245	-3.1661	-2.1709	-0.50402	0.69484	3.5161	-0.2854	0.91034	-0.061794	0.48893	-0.57788	-2.0701	0.47916	-8.2489	-540.55	197.65	-108.09	-87.412	78.096	92.033	19.186	-16.254	-20.919	-21.205	3.2562	-38.293	55.158
-3.5911	6.6444	6.7258	0.89902	1.5265	-0.63101	2.5932	-2.0372	2.5132	-1.0911	0.97521	1.3771	-1.6456	0.81207	57.519	502.76	395.67	122.8	81.22	-53.034	-36.917	-70.073	64.113	-41.17	19.451	78.2	16.982	13.316
-2.155	20.841	7.6805	-1.3765	-1.1784	0.077504	0.7327	-3.3385	2.0594	-2.1016	2.5572	0.75754	-1.1768	-0.034701	57.445	567.85	38.187	-91.02	-108.2	28.34	-74.418	-52.051	-18.151	-40.422	63.28	-24.783	18.751	-33.871
-1.5896	32.067	7.1054	-6.0919	-0.15182	-0.9298	-0.70665	-2.8432	1.0315	-1.4506	2.6876	0.65268	-2.0414	-0.31624	22.613	449.04	-23.001	-188.62	41.064	-40.292	-57.574	19.811	-41.117	26.04	5.2148	-4.1944	-34.583	-11.261
-1.1563	37.291	6.1941	-7.0438	-0.11189	-2.2742	-0.77615	-3.1265	0.87175	-1.4573	2.7976	0.33345	-1.5339	0.065862	17.335	208.95	-36.454	-38.075	1.5973	-53.776	-2.7802	-11.331	-6.3888	-0.26824	4.4031	-12.769	20.301	15.284
-1.0219	34.827	6.3158	-5.1932	-1.1863	-2.8663	-0.94057	-2.8307	1.3316	-1.8025	3.0007	0.336	-0.67422	0.099904	5.3741	-98.547	4.8672	74.025	-42.977	-23.683	-6.5768	11.829	18.395	-13.809	8.1241	0.10213	34.385	1.3617
-1.0602	35.106	5.5368	-5.3216	-2.213	-2.7272	-1.3798	-2.5011	0.68662	-1.2734	3.4769	0.22609	-0.47143	-0.17687	-1.5313	11.156	-31.159	-5.1357	-41.07	5.5639	-17.57	13.186	-25.8	21.165	19.047	-4.3962	8.1116	-11.071
-0.95738	34.343	5.7363	-6.0353	-1.7677	-3.3347	-1.1167	-3.4316	1.976	-1.2872	3.738	0.29689	-0.51338	-0.22224	4.1131	-30.526	7.9788	-28.549	17.813	-24.299	10.524	-37.219	51.574	-0.55294	10.442	2.832	-1.6781	-1.8149
-0.78096	34.323	6.0291	-5.9813	-2.4926	-2.5255	-1.9935	-2.5451	1.3607	-0.42873	3.5701	0.2941	-0.42132	-0.49509	7.0568	-0.77984	11.712	2.1584	-28.997	32.368	-35.07	35.459	-24.611	34.341	-6.7139	-0.11165	3.6824	-10.914
-0.89161	34.815	5.5712	-5.9062	-1.9099	-2.9309	-1.6577	-2.5302	1.223	-0.089264	2.7248	0.41823	-0.56429	-0.18502	-4.4263	19.692	-18.314	3.0036	23.311	-16.218	13.431	0.594	-5.5068	13.579	-33.812	4.965	-5.7185	12.403
-1.1034	33.757	5.5494	-5.9353	-1.6916	-2.4935	-2.0455	-2.6831	1.0542	0.021234	2.6687	0.34611	-0.65352	-0.059413	-8.4704	-42.359	-0.87418	-1.1627	8.7321	17.496	-15.513	-6.1146	-6.7546	4.4199	-2.2446	-2.8848	-3.5694	5.0243
-1.265	31.278	5.3276	-5.1337	-1.6763	-2.1606	-1.5122	-4.1241	1.8327	-0.52343	3.0992	-0.017627	-0.8441	0.56964	-6.4634	-99.139	-8.8725	32.064	0.61003	13.318	21.331	-57.64	31.141	-21.786	17.22	-14.549	-7.6231	25.162
-1.4523	26.671	6.8865	-5.5936	-0.37767	-1.8546	-1.9047	-4.9095	1.645	0.369	2.7874	-0.47203	0.033657	0.37691	-7.4916	-184.28	62.359	-18.397	51.946	12.237	-15.698	-31.414	-7.5085	35.697	-12.473	-18.176	35.11	-7.7091
-2.1023	18.783	7.6981	-4.6436	1.8485	-1.8311	-2.1537	-5.6548	0.66387	1.1771	1.5601	-0.54671	0.86257	0.85654	-26.001	-315.54	32.465	38.001	89.045	0.94172	-9.9619	-29.812	-39.244	32.323	-49.09	-2.9872	33.156	19.185
-2.7439	12.203	6.9417	-3.6322	3.4522	-1.9085	-1.4267	-6.3091	0.77172	1.7221	-0.10022	-0.60447	0.98827	1.4496	-25.665	-263.17	-30.26	40.456	64.149	-3.0959	29.08	-26.173	4.3141	21.8	-66.413	-2.3107	5.0281	23.721
-3.5126	2.7637	7.2075	-2.9231	4.5641	-0.10134	-1.2066	-5.6876	0.26861	2.2907	-1.7478	-1.2347	1.6628	1.2896	-30.747	-377.59	10.633	28.362	44.478	72.286	8.8051	24.859	-20.125	22.744	-65.902	-25.209	26.981	-6.4003
-4.7418	-12.986	6.7669	-2.6367	4.8677	1.0784	-1.9213	-5.4434	-0.64053	3.228	-4.0391	-2.1515	1.8433	-0.1766	-49.169	-629.99	-17.624	11.457	12.141	47.191	-28.588	9.769	-36.365	37.492	-91.651	-36.67	7.2216	-58.646
-7.9168	-56.024	-1.3511	1.5686	4.2063	5.0695	0.15185	-1.6241	2.1398	3.8561	-2.5505	-2.0062	1.4357	-0.36474	-127	-1721.5	-324.72	168.21	-26.454	159.64	82.926	152.77	111.21	25.125	59.54	5.811	-16.305	-7.5259
-10.655	-74.935	-6.016	2.3588	3.6201	5.7241	0.80244	-0.43662	1.0963	2.5983	-2.0747	-2.1416	0.97509	-0.090183	-109.54	-756.42	-186.6	31.605	-23.447	26.183	26.024	47.5	-41.74	-50.313	19.035	-5.416	-18.425	10.982
-7.0768	-31.895	0.42284	-10.746	-6.0008	1.4795	-0.51505	-1.2605	0.26076	1.2123	-1.9592	1.0177	-0.23089	-0.0010883	143.14	1721.6	257.55	-524.21	-384.84	-169.78	-52.7	-32.955	-33.42	-55.44	4.6196	126.37	-48.239	3.5638
-6.5844	-11.808	-5.0053	-8.3814	-4.1913	0.040998	0.039376	-0.76984	-0.3239	1.4026	-1.0145	0.3369	0.03208	0.72576	19.695	803.48	-217.12	94.602	72.382	-57.542	22.177	19.626	-23.386	7.6114	37.786	-27.233	10.519	29.074
-4.3439	1.1277	-20.933	1.3501	-0.03349	-2.6918	1.9381	-0.022609	-0.18199	2.0815	0.98132	-0.25648	-0.25899	-0.8671	89.619	517.44	-637.12	389.26	166.31	-109.31	75.947	29.889	5.6763	27.157	79.833	-23.735	-11.643	-63.714
-3.2167	15.438	-27.021	2.4912	0.59432	-0.87601	2.6921	-1.3282	0.1778	1.7665	0.44817	0.05962	-0.715	-0.74578	45.088	572.42	-243.5	45.643	25.112	72.631	30.163	-52.223	14.392	-12.601	-21.326	12.644	-18.241	4.8529
-2.8554	12.058	-30.992	3.0786	-0.80263	-1.4843	2.8832	-1.4467	-1.7296	0.79905	-0.38082	0.33891	-0.67945	-0.63832	14.452	-135.2	-158.87	23.497	-55.878	-24.333	7.641	-4.7389	-76.294	-38.697	-33.16	11.172	1.422	4.2983
-2.9916	8.4074	-30.255	3.7727	-1.0029	-3.47	3.3105	-0.60191	-0.87161	1.5413	-0.098091	0.67805	0.31539	0.42012	-5.4474	-146.03	29.496	27.761	-8.0129	-79.426	17.095	33.79	34.318	29.692	11.309	13.566	39.794	42.337
-3.3832	8.0436	-25.917	5.0532	-1.182	-3.2575	4.2971	0.30886	-0.2513	1.9229	1.1042	-0.56683	-1.7768	0.80587	-15.662	-14.555	173.54	51.22	-7.1619	8.4987	39.464	36.431	24.812	15.264	48.094	-49.795	-83.687	15.43
-3.6731	8.8023	-25.469	3.2796	-1.9546	-3.2824	2.951	0.51982	-0.62807	2.5213	0.48575	1.1883	-0.22138	0.33174	-11.596	30.348	17.92	-70.944	-30.905	-0.99438	-53.845	8.4384	-15.071	23.936	-24.74	70.204	62.217	-18.966
-3.9536	14.618	-20.647	2.5537	-0.95376	-1.2727	0.72344	-1.5188	-3.2086	0.75388	1.83	1.937	-1.3186	-1.4471	-11.219	232.63	192.85	-29.034	40.034	80.389	-89.102	-81.544	-103.22	-70.699	53.768	29.948	-43.887	-71.152
-4.8843	4.9643	-14.381	0.13501	-1.3014	-0.54688	-0.15655	0.79825	-2.9104	0.46404	1.8514	2.4417	0.22823	0.5408	-37.23	-386.15	250.64	-96.748	-13.904	29.031	-35.2	92.681	11.926	-11.594	0.8578	20.189	61.871	79.515
-6.3677	-12.638	-11.592	-2.0917	-4.5842	-2.0878	1.2329	1.2707	-0.9177	-0.1675	0.91896	2.4302	1.4203	0.57454	-59.335	-704.09	111.58	-89.067	-131.31	-61.636	55.579	18.9	79.709	-25.261	-37.298	-0.46172	47.681	1.3497
-7.5765	-22.938	-6.811	-2.934	-6.9307	-1.3464	-0.13595	1.9297	0.34246	-0.52854	-0.38948	2.2283	0.92404	1.3995	-48.353	-412.01	191.23	-33.695	-93.859	29.657	-54.755	26.357	50.406	-14.442	-52.337	-8.0742	-19.848	32.998
-6.1763	-27.608	2.0763	3.1432	-1.2736	1.3575	0.29094	3.1067	1.1953	-0.69015	-1.5124	0.55382	0.31677	1.0779	56.008	-186.8	355.49	243.09	226.28	108.16	17.076	47.082	34.115	-6.4644	-44.919	-66.979	-24.291	-12.863
-6.1786	-27.231	11.324	8.0298	-0.5075	-2.3287	-2.3549	1.4138	1.7749	0.05119	-0.68013	-0.03977	-2.8201	-0.15211	-0.090969	15.078	369.91	195.46	30.645	-147.45	-105.83	-67.718	23.183	29.654	33.293	-23.744	-125.47	-49.201
-5.5676	-44.881	10.583	11.942	0.32251	-1.7691	-2.7445	1.3454	1.4328	0.086101	-0.16425	-0.045615	-0.57658	-0.2361	24.441	-706.01	-29.641	156.49	33.2	22.385	-15.586	-2.7363	-13.684	1.3965	20.635	-0.2338	89.74	-3.3599
-6.0554	-14.697	4.1859	7.6387	-1.8557	0.14748	-0.91679	-0.22601	2.087	-1.4234	-2.5843	0.60599	-0.82568	0.03113	-19.514	1207.4	-255.88	-172.13	-87.13	76.664	73.109	-62.855	26.169	-60.382	-96.803	26.064	-9.964	10.689
-4.2985	-27.06	8.1272	13.718	-2.8956	-0.86987	-2.0329	-1.5857	2.7555	-1.7336	-2.2771	1.2367	1.3688	1.7136	70.278	-494.52	157.65	243.16	-41.596	-40.694	-44.643	-54.387	26.74	-12.408	12.287	25.227	87.78	67.297
-3.2141	-9.4547	11.464	9.8712	-4.0838	0.79578	-4.7755	-1.619	3.8589	-2.7213	-1.029	1.7246	2.1664	1.3915	43.376	704.2	133.47	-153.86	-47.527	66.626	-109.71	-1.3328	44.137	-39.506	49.926	19.517	31.903	-12.885
-2.587	-5.559	11.686	10.504	-5.581	0.78688	-4.9676	-2.6094	4.9195	-2.7777	0.1452	2.0205	3.1682	0.65187	25.083	155.83	8.8944	25.302	-59.887	-0.35591	-7.6824	-39.616	42.424	-2.2577	46.967	11.837	40.071	-29.583
-2.3633	-1.5798	11.196	10.447	-6.889	0.16817	-5.9271	-1.1436	4.9434	-1.4027	1.7241	0.46769	3.6048	-0.71273	8.9474	159.17	-19.607	-2.2774	-52.321	-24.748	-38.381	58.631	0.95709	55	63.155	-62.113	17.464	-54.584
-2.2063	2.6516	10.985	9.2947	-7.6466	-2.0186	-5.2133	0.69584	4.3895	1.5536	1.1085	-0.41159	2.3306	-0.65661	6.2824	169.25	-8.4365	-46.083	-30.303	-87.471	28.551	73.578	-22.157	118.25	-24.622	-35.171	-50.967	2.2448
-1.9875	7.5244	11.174	7.6866	-8.5721	-3.3179	-4.0746	3.1552	3.4486	3.0689	-0.18077	-2.0681	2.5621	-0.25418	8.7486	194.91	7.5593	-64.325	-37.02	-51.971	45.548	98.376	-37.637	60.614	-51.573	-66.261	9.2597	16.097
-1.821	9.8226	12.572	5.0151	-8.233	-3.9415	-3.5396	4.919	2.2282	2.5577	-0.68988	-1.9084	2.3667	1.0427	6.6627	91.926	55.907	-106.86	13.563	-24.946	21.401	70.552	-48.815	-20.447	-20.364	6.3883	-7.8168	51.873
-1.9104	12.469	12.179	4.2448	-8.6862	-3.8365	-1.6049	4.6324	2.145	-0.55496	0.0043773	-1.152	3.1075	1.9423	-3.5786	105.85	-15.733	-30.812	-18.129	4.2021	77.389	-11.465	-3.3305	-124.51	27.77	30.257	29.631	35.985
-2.1806	10.65	12.286	4.4649	-8.7806	-2.4709	-0.2818	2.8311	1.9493	-1.8642	0.20059	0.56757	2.7978	1.4906	-10.805	-72.744	4.3091	8.8046	-3.7734	54.621	52.924	-72.054	-7.8275	-52.371	7.8485	68.782	-12.385	-18.066
-2.8068	5.1923	12.334	4.4379	-8.1236	0.9613	-2.1846	3.5471	1.7085	-2.7486	0.39551	0.093744	2.7984	0.78325	-25.049	-218.32	1.8882	-1.0801	26.278	137.29	-76.11	28.639	-9.6308	-35.375	7.797	-18.953	0.024726	-28.295
-3.6187	-7.073	8.742	6.9239	-6.8298	5.8779	-2.1119	2.7513	6.059	-5.2413	-0.50872	0.26302	1.0443	-0.33753	-32.477	-490.61	-143.66	99.443	51.752	196.66	2.9053	-31.83	174.02	-99.707	-36.17	6.7709	-70.166	-44.831
-4.389	-15.603	5.8402	9.4749	-3.0086	6.3622	-0.84744	3.3159	6.7716	-5.8317	-1.7395	0.20109	-0.7694	-0.35774	-30.812	-341.19	-116.08	102.04	152.85	19.372	50.579	22.582	28.503	-23.616	-49.233	-2.4771	-72.547	-0.80821
-4.7663	-23.635	7.212	10.838	-3.0437	6.5206	-0.80094	4.849	6.456	-5.0042	-3.0153	0.88775	-1.6376	-0.37809	-15.093	-321.29	54.873	54.536	-1.4036	6.3372	1.8601	61.325	-12.626	33.1	-51.032	27.466	-34.726	-0.81413
-5.3004	-21.666	-0.45986	9.6192	3.0705	0.32549	5.1234	4.5518	2.1731	-0.67042	-3.6662	-0.66743	-1.2627	-1.3366	-21.364	78.761	-306.87	-48.761	244.57	-247.81	236.97	-11.887	-171.32	173.35	-26.035	-62.207	14.995	-38.34
-5.8556	-9.3974	-6.7095	6.3415	1.7035	-2.8366	5.1419	2.5733	1.1943	0.0037221	-2.3941	0.24213	-0.54713	-1.0505	-22.209	490.74	-249.99	-131.11	-54.679	-126.48	0.7403	-79.14	-39.15	26.966	50.886	36.382	28.622	11.443
-5.5988	-20.376	-19.096	13.431	2.6769	-4.0083	7.5418	3.4957	-0.70252	-0.45889	-3.0502	2.2429	-0.59563	-2.1996	10.272	-439.14	-495.44	283.59	38.937	-46.867	95.996	36.895	-75.873	-18.505	-26.244	80.031	-1.9401	-45.964
-5.2043	-17.621	-26.346	8.3444	2.8137	-2.1969	7.4083	1.9528	-0.18293	0.84901	-1.3338	0.9192	-0.29283	-0.56589	15.78	110.2	-290	-203.48	5.4695	72.455	-5.3414	-61.715	20.783	52.316	68.656	-52.948	12.112	65.349
-4.6326	-6.3288	-23.338	6.4361	1.4325	-4.8923	3.8492	0.28193	-0.47166	0.44301	-0.31321	2.2159	0.63917	-0.32851	22.869	451.68	120.29	-76.331	-55.248	-107.81	-142.36	-66.837	-11.549	-16.24	40.822	51.867	37.28	9.4954
-4.432	7.9843	-15.055	8.4203	1.5976	-4.1078	3.8146	-1.2602	-2.5186	0.57911	-0.29346	0.70908	-0.044281	-0.81834	8.0255	572.52	331.33	79.368	6.6048	31.38	-1.3841	-61.683	-81.878	5.4441	0.79004	-60.272	-27.338	-19.593
-3.8701	9.7876	-4.9828	7.6152	0.29831	-1.731	3.4683	-0.84603	-2.7064	-1.8342	-0.45845	1.9011	-0.36563	-1.4368	22.475	72.134	402.9	-32.205	-51.971	95.072	-13.85	16.565	-7.512	-96.534	-6.5998	47.682	-12.854	-24.737
-3.1332	8.5432	6.1872	3.4406	0.17342	-3.0304	3.8628	-1.0349	-2.388	-2.9226	-0.45468	1.2413	0.64312	-1.8034	29.476	-49.777	446.8	-166.99	-4.9955	-51.975	15.78	-7.5537	12.738	-43.534	0.15083	-26.394	40.35	-14.668
-3.0301	5.1867	12.539	-1.4815	1.1307	-0.89668	0.27322	1.4174	-3.5214	-3.5128	-0.0038792	2.0138	-0.56924	-0.64859	4.1206	-134.26	254.09	-196.88	38.293	85.347	-143.58	98.089	-45.338	-23.609	18.032	30.902	-48.494	46.194
-3.7578	-7.3648	13.86	-2.6389	0.62223	1.0637	-0.56211	3.4878	-2.7662	-3.4961	-0.77797	1.3701	0.1804	-0.56265	-29.106	-502.06	52.817	-46.293	-20.341	78.417	-33.413	82.818	30.207	0.66815	-30.964	-25.751	29.985	3.4379
-5.1936	-25.919	10.982	2.0575	-1.5023	5.07	1.21	4.6758	1.6035	-1.9791	-0.39924	-0.48798	1.0657	0.68862	-57.432	-742.18	-115.13	187.86	-84.983	160.25	70.884	47.521	174.79	60.681	15.149	-74.322	35.411	50.051
-5.124	-24.054	5.2737	9.7153	-2.8097	5.9399	4.4076	0.63058	4.9999	-2.4042	-2.3567	-1.8006	2.4042	-0.49486	2.7834	74.621	-228.32	306.31	-52.294	34.793	127.9	-161.81	135.86	-17.006	-78.3	-52.506	53.54	-47.339
-4.7685	-24.01	8.8609	7.1032	-2.2263	6.8956	1.6727	2.6837	2.8878	-1.111	-2.7777	-1.8558	2.826	-0.16773	14.22	1.7394	143.49	-104.48	23.335	38.228	-109.4	82.125	-84.485	51.728	-16.837	-2.2051	16.873	13.085
-4.5098	-19.992	10.063	5.9314	-3.1756	8.2093	0.078295	3.0668	2.4664	-1.32	-2.5974	-2.3585	3.5461	-0.13706	10.349	160.74	48.086	-46.872	-37.971	52.548	-63.774	15.322	-16.856	-8.3602	7.2108	-20.11	28.804	1.227
-3.9672	-9.8307	7.7316	5.7145	-2.1981	5.5313	0.24787	2.4842	3.0943	-1.4139	-3.3245	-0.7389	2.7668	0.2472	21.703	406.45	-93.256	-8.6749	39.103	-107.12	6.7832	-23.303	25.115	-3.7544	-29.083	64.784	-31.173	15.37
-2.9847	8.0795	8.7022	2.0806	-1.9812	-0.37475	-0.66712	1.7234	1.6067	-0.65175	-1.9368	1.6574	2.5108	0.26232	39.301	716.41	38.823	-145.36	8.6759	-236.24	-36.6	-30.43	-59.501	30.486	55.506	95.851	-10.241	0.60482
-2.3721	9.9706	14.442	-0.9077	-6.926	3.3554	-3.3391	2.3982	-0.29058	-2.3785	2.5103	1.7149	2.3355	0.95671	24.504	75.643	229.6	-119.53	-197.79	149.2	-106.88	26.989	-75.892	-69.069	177.88	2.3002	-7.0108	27.776
-1.9691	16.148	12.893	-2.9892	-5.5059	2.5882	-3.2605	1.3953	-0.22291	-1.9815	4.6672	1.313	0.90137	0.69215	16.119	247.11	-61.983	-83.259	56.806	-30.685	3.1478	-40.116	2.7069	15.881	86.277	-16.076	-57.365	-10.583
-1.7856	21.791	12.043	-6.6825	-1.8534	0.4434	-2.6204	0.91683	-1.3116	0.23787	3.9565	1.7704	0.26163	-0.020889	7.3422	225.7	-33.985	-147.73	146.1	-85.793	25.603	-19.138	-43.548	88.773	-28.427	18.296	-25.59	-28.521
-1.4864	25.42	10.824	-7.4545	-0.68464	-0.27747	-2.3582	0.10481	-1.0148	0.42135	3.8568	1.8855	-0.13776	0.27529	11.965	145.16	-48.765	-30.878	46.75	-28.835	10.489	-32.481	11.87	7.3392	-3.9878	4.6041	-15.975	11.847
-1.3959	24.322	11.775	-7.5867	-0.69471	0.37439	-3.2975	0.26727	-1.8777	1.2201	3.2643	1.7337	-0.086801	-0.13212	3.6204	-43.887	38.04	-5.2904	-0.40269	26.075	-37.574	6.4984	-34.515	31.948	-23.704	-6.0716	2.0382	-16.297
-1.356	23.48	11.836	-6.1475	-1.6035	1.1629	-3.986	-0.32241	-2.045	1.1063	3.1704	1.2893	0.45238	-0.54215	1.5988	-33.683	2.4309	57.567	-36.353	31.539	-27.538	-23.587	-6.6924	-4.5508	-3.7561	-17.778	21.567	-16.401
-1.409	23.362	11.024	-4.4156	-2.025	1.9315	-4.0126	-1.7577	-1.4163	-0.12691	3.4097	1.5563	-0.088871	0.16351	-2.1207	-4.7375	-32.451	69.279	-16.86	30.746	-1.0644	-57.413	25.151	-49.328	9.5736	10.681	-21.65	28.226
-1.558	21.392	10.695	-4.034	-0.65131	1.8851	-3.2306	-2.3299	-1.9795	-0.26888	3.0188	1.6054	-0.78005	0.63926	-5.9618	-78.781	-13.18	15.264	54.949	-1.8544	31.277	-22.885	-22.528	-5.6787	-15.635	1.9632	-27.647	19.03
-1.7669	21.233	9.0623	-3.6117	2.069	1.1249	-2.6457	-1.6437	-3.1454	0.38287	1.1748	1.7626	-1.6017	0.79345	-8.3546	-6.392	-65.302	16.89	108.81	-30.41	23.399	27.445	-46.638	26.07	-73.763	6.2911	-32.865	6.1677
-2.2672	16.941	10.153	-4.666	5.7299	0.30396	-1.2313	-1.1693	-4.0669	0.40098	0.083022	1.1899	-1.7325	0.11907	-20.014	-171.67	43.609	-42.17	146.44	-32.837	56.576	18.977	-36.858	0.72461	-43.669	-22.911	-5.2314	-26.975
-3.1596	1.3929	8.8214	-3.5867	6.0003	0.74753	-0.80813	-1.2541	-4.3201	-1.0809	-0.41656	-0.028425	-2.3396	-1.0052	-35.695	-621.91	-53.245	43.171	10.815	17.743	16.926	-3.3916	-10.129	-59.275	-19.983	-48.731	-24.287	-44.97
-6.7528	-39.185	5.303	-0.47676	2.6348	3.0925	2.2157	4.1565	0.12192	1.1392	1.3779	0.88616	-1.0468	-1.9589	-143.73	-1623.1	-140.74	124.4	-134.62	93.801	120.95	216.42	177.68	88.805	71.776	36.583	51.713	-38.148
-7.7552	-53.082	4.5391	3.2271	5.6886	4.5721	2.4386	3.125	-0.97135	0.35931	0.331	0.44817	-2.2354	-1.5506	-40.096	-555.88	-30.554	148.16	122.15	59.183	8.919	-41.262	-43.731	-31.197	-41.874	-17.52	-47.546	16.33
-8.0066	-47.053	-3.3155	4.0846	6.1714	1.9657	3.3306	2.9834	-1.1645	0.014526	1.3628	-0.44014	-1.327	-0.54513	-10.056	241.15	-314.18	34.299	19.313	-104.26	35.678	-5.6609	-7.7276	-13.791	41.271	-35.532	36.338	40.22
-6.0251	-21.82	-18.218	7.6317	6.4003	0.2123	1.8922	1.331	-1.8836	-0.98868	-0.94542	0.75612	-0.0553	-0.89793	79.261	1009.3	-596.11	141.88	9.1572	-70.135	-57.535	-66.099	-28.764	-40.128	-92.328	47.85	50.868	-14.112
-4.191	0.4481	-22.659	7.2011	7.1189	-2.0351	0.93787	3.8865	0.37094	-1.7914	-1.3613	0.0011198	-0.59834	-1.4149	73.363	890.71	-177.65	-17.224	28.742	-89.897	-38.174	102.22	90.183	-32.107	-16.635	-30.2	-21.722	-20.677
-3.7831	10.189	-23.432	6.471	7.3362	-1.5595	-0.63884	2.9851	2.1513	-2.1878	-1.0247	-0.72715	-0.42771	-0.93318	16.317	389.62	-30.916	-29.205	8.6921	19.024	-63.068	-36.058	71.213	-15.86	13.463	-29.131	6.8253	19.267
-3.9121	13.073	-18.31	4.7857	6.9876	1.2114	-1.5977	1.7113	-1.102	-1.485	-0.071053	-0.88273	-0.70876	-0.9522	-5.1614	115.37	204.9	-67.412	-13.941	110.84	-38.355	-50.953	-130.13	28.112	38.146	-6.2229	-11.242	-0.76069
-4.1357	14.192	-12.081	4.8883	4.5883	0.70371	0.3709	1.9472	-1.8836	-1.0364	-0.64125	-1.3331	-1.3483	-0.87563	-8.943	44.759	249.13	4.1058	-95.973	-20.31	78.745	9.437	-31.264	17.944	-22.808	-18.015	-25.58	3.063
-4.0515	12.826	-6.5622	3.7113	5.7525	2.6477	-0.70429	-1.0103	-1.6804	-0.14936	-1.0401	-1.0458	-1.8023	-0.27521	3.368	-54.626	220.77	-47.082	46.568	77.759	-43.008	-118.3	8.1303	35.483	-15.953	11.493	-18.162	24.017
-3.8117	14.951	-3.9608	2.032	4.2946	3.1338	-0.92796	0.098303	-1.9312	-0.75042	-0.39983	-2.2168	-1.0589	-0.13703	9.5914	84.99	104.06	-67.173	-58.317	19.445	-8.9468	44.342	-10.031	-24.043	25.61	-46.839	29.737	5.5272
-3.7144	12.255	-1.3552	0.16501	5.8546	2.5468	-0.39188	0.039107	-2.0892	-1.6881	0.19019	-2.14	-1.2197	-0.038063	3.8937	-107.84	104.22	-74.678	62.399	-23.479	21.443	-2.3679	-6.3209	-37.509	23.601	3.0693	-6.4323	3.9587
-3.9994	7.1948	1.2107	0.78948	5.6907	1.6401	-1.3553	-0.12738	-1.2589	-1.7816	1.361	-1.6009	-1.2137	-0.18385	-11.401	-202.41	102.64	24.979	-6.5549	-36.269	-38.535	-6.6595	33.211	-3.7396	46.832	21.565	0.23943	-5.8316
-4.6809	-6.4724	4.342	0.032488	5.8198	1.0575	0.42616	0.9725	1.2821	-1.2425	1.4269	-1.9307	-1.538	0.39559	-27.262	-546.69	125.25	-30.28	5.164	-23.305	71.256	43.995	101.64	21.566	2.6351	-13.19	-12.972	23.178
-4.8337	-18.084	8.2313	5.7376	0.66887	4.0082	0.72421	0.61144	6.0617	-2.5995	-2.7898	-0.99952	0.60935	-0.45425	-6.109	-464.46	155.57	228.21	-206.04	118.03	11.922	-14.442	191.18	-54.279	-168.67	37.246	85.895	-33.994
-4.4994	-15.806	9.1536	5.2607	-0.26623	5.3355	-0.51086	0.51862	6.8857	-3.2263	-3.4246	-0.52646	1.3362	-0.74199	13.371	91.131	36.889	-19.079	-37.404	53.089	-49.403	-3.7126	32.962	-25.073	-25.394	18.922	29.076	-11.51
-4.2845	-8.6853	5.5108	6.518	-1.756	6.7845	-0.82569	1.0651	5.1209	-2.2136	-3.4629	-0.23107	1.5957	-1.274	8.5942	284.81	-145.71	50.293	-59.59	57.96	-12.593	21.858	-70.592	40.507	-1.532	11.815	10.379	-21.28
-3.5896	-5.7437	8.6158	0.26609	1.8859	3.4092	-0.066022	1.6911	2.5143	-1.3109	-0.41687	-0.33519	1.2244	-1.5188	27.796	117.66	124.2	-250.08	145.68	-135.01	30.387	25.043	-104.27	36.11	121.84	-4.1644	-14.853	-9.7944
-2.8872	11.828	11.153	-4.9533	1.699	0.22928	-0.85904	-0.67075	-0.19622	-0.17921	1.78	0.72205	0.62803	-0.87904	28.098	702.85	101.47	-208.78	-7.477	-127.2	-31.721	-94.476	-108.42	45.266	87.874	42.289	-23.854	25.592
-2.3188	18.263	10.226	-6.6154	2.7536	-0.26547	-2.0818	-1.2863	0.22106	0.525	1.786	1.1819	-0.011307	-0.3268	22.735	257.41	-37.061	-66.481	42.184	-19.79	-48.91	-24.621	16.691	28.168	0.23946	18.392	-25.574	22.09
-1.9843	20.71	10.438	-6.8732	2.1561	-0.67479	-2.7199	-1.5357	-0.084175	1.1276	1.5086	1.6797	-0.35131	0.11869	13.38	97.887	8.4751	-10.314	-23.9	-16.373	-25.526	-9.9788	-12.209	24.106	-11.095	19.915	-13.6	17.819
-1.757	22.436	10.054	-7.0352	1.8471	-0.69381	-2.9636	-1.8759	-0.12789	1.3542	1.154	2.2628	-0.79027	1.0548	9.0913	69.049	-15.355	-6.4787	-12.357	-0.7609	-9.749	-13.606	-1.7486	9.0619	-14.182	23.321	-17.558	37.446
-1.7464	24.619	9.2248	-6.1388	0.6341	-0.037758	-3.4425	-1.6201	-0.2385	1.074	1.2343	1.9438	-0.57444	1.0049	0.42306	87.298	-33.171	35.857	-48.521	26.242	-19.154	10.231	-4.4246	-11.21	3.2125	-12.758	8.6332	-1.9959
-1.7003	25.982	8.8689	-6.2898	1.2551	0.0979	-3.8941	-1.4535	-0.83504	1.3554	0.99846	1.6497	-0.37576	0.85754	1.8463	54.523	-14.233	-6.0417	24.84	5.4263	-18.065	6.6626	-23.861	11.256	-9.4353	-11.765	7.947	-5.8959
-1.6195	26.4	8.3996	-6.2483	2.0063	-0.2625	-3.5611	-1.9241	-0.8787	0.75034	1.1782	1.132	-0.23507	1.2728	3.2331	16.74	-18.772	1.6604	30.049	-14.416	13.322	-18.821	-1.7465	-24.201	7.1879	-20.707	5.6276	16.612
-1.7218	24.538	8.9189	-6.1338	2.3823	-0.027814	-3.4321	-2.1994	-1.008	0.64086	0.71034	1.1148	-0.72989	2.0014	-4.0942	-74.503	20.769	4.5782	15.04	9.3874	5.1591	-11.013	-5.173	-4.3791	-18.713	-0.68881	-19.793	29.141
-1.9202	22.652	9.0844	-5.6718	2.3212	1.1332	-4.156	-1.3648	-1.687	0.89108	0.25732	0.25978	-0.14864	1.4677	-7.9372	-75.424	6.6196	18.48	-2.4431	46.441	-28.955	33.383	-27.16	10.009	-18.121	-34.201	23.25	-21.349
-2.1138	21.222	8.8217	-5.0478	2.3196	2.1083	-3.8624	-2.2413	-0.31644	0.085128	-0.20957	0.16211	-1.0997	2.0382	-7.7414	-57.218	-10.504	24.961	-0.065679	39.004	11.742	-35.058	54.824	-32.238	-18.676	-3.9067	-38.042	22.824
-2.2598	17.332	10.046	-4.684	1.5859	3.9537	-3.6324	-3.2405	0.70288	-0.75807	-0.27364	-0.86661	-1.191	2.017	-5.8409	-155.58	48.972	14.554	-29.348	73.814	9.2004	-39.967	40.773	-33.728	-2.5628	-41.149	-3.6514	-0.84829
-2.5152	16.795	7.2434	-3.0514	2.559	3.8934	-3.81	-1.9453	-0.27811	-0.0987	-1.6478	-0.8695	-1.6285	1.8204	-10.215	-21.491	-112.11	65.301	38.924	-2.4088	-7.1046	51.805	-39.24	26.375	-54.968	-0.11569	-17.5	-7.8673
-3.0583	9.2538	4.8676	1.2049	2.9121	3.0492	-2.4456	-2.9401	1.3186	-0.65529	-1.7151	-1.6671	-1.7312	1.2961	-21.726	-301.65	-95.031	170.25	14.125	-33.77	54.578	-39.792	63.868	-22.264	-2.6912	-31.902	-4.1083	-20.97
-4.0744	-6.2829	0.13642	3.881	8.0569	3.3852	-3.7497	-1.4343	0.63173	-0.79387	-1.5032	-0.98246	-1.1931	0.20874	-40.642	-621.47	-189.25	107.05	205.79	13.441	-52.165	60.235	-27.475	-5.5433	8.4782	27.384	21.526	-43.495
-5.4572	-2.4179	-9.0364	0.82333	4.0572	3.3252	0.65003	-0.48785	0.97259	0.033191	-1.3473	-0.014507	-0.3322	0.072092	-55.313	154.6	-366.91	-122.31	-159.99	-2.4027	175.99	37.856	13.634	33.083	6.2361	38.718	34.434	-5.4659
-4.4812	8.485	-17.134	-1.5436	1.5585	1.362	2.238	1.3222	0.14687	-0.045477	-0.62285	0.87602	0.32202	0.3509	39.041	436.12	-323.92	-94.678	-99.945	-78.525	63.519	72.401	-33.029	-3.1467	28.976	35.621	26.169	11.152
-3.612	18.371	-18.987	-1.7587	3.7239	1.5092	-0.37357	1.0167	0.37645	2.3105	1.1614	0.38225	1.1053	1.3523	34.768	395.44	-74.097	-8.6016	86.614	5.8885	-104.46	-12.217	9.1833	94.238	71.37	-19.751	31.332	40.056
-3.3287	22.986	-18.752	-1.7423	3.3386	2.2169	-2.1589	0.47394	-0.40878	-0.30408	0.095348	-1.255	0.54002	0.5594	11.329	184.6	9.398	0.65519	-15.412	28.306	-71.411	-21.712	-31.409	-104.58	-42.642	-65.49	-22.612	-31.716
-3.2618	20.081	-20.999	-0.45949	4.1496	1.332	-1.2279	1.697	2.0423	1.1454	0.038908	-0.85431	-0.29931	0.20974	2.6793	-116.21	-89.871	51.312	32.441	-35.397	37.24	48.923	98.043	57.978	-2.2576	16.027	-33.573	-13.986
-3.3269	19.32	-22.066	1.3067	2.484	-0.40595	-1.7188	-0.7369	-0.18177	0.88643	1.3626	0.04049	0.88034	-0.34957	-2.6061	-30.446	-42.69	70.649	-66.626	-69.517	-19.638	-97.356	-88.963	-10.358	52.95	35.792	47.186	-22.372
-3.3308	16.688	-25.632	-1.5296	3.2987	-0.34618	-1.2082	1.0112	2.1419	-0.19369	0.81365	-1.1922	0.64533	-0.45664	-0.15704	-105.28	-142.66	-113.45	32.591	2.391	20.426	69.924	92.946	-43.205	-21.96	-49.309	-9.4003	-4.2826
-3.393	17.249	-24.516	-2.1736	1.6234	-0.82598	-1.4312	-0.25406	1.8843	0.45353	0.83144	-0.82784	-0.10309	-1.0375	-2.4851	22.452	44.647	-25.761	-67.012	-19.192	-8.9203	-50.61	-10.303	25.889	0.71183	14.575	-29.937	-23.235
-3.8599	13.798	-22.601	-1.6558	1.4682	0.51057	-3.2187	-2.0474	-0.10265	0.089798	0.038108	-0.29647	0.15371	-0.9595	-18.679	-138.04	76.586	20.713	-6.2084	53.462	-71.501	-71.732	-79.479	-14.549	-31.733	21.255	10.272	3.1203
-4.3873	10.506	-21.542	-1.4123	-0.055039	0.5478	-1.8043	-2.7592	0.34074	0.079841	2.4666	1.1273	0.99428	0.067979	-21.096	-131.68	42.371	9.7393	-60.931	1.4893	56.575	-28.472	17.735	-0.39828	97.138	56.952	33.623	41.099
-4.9461	5.776	-19.405	-2.3498	0.36133	-0.10375	-2.4063	-0.43961	0.96735	-1.0091	0.9056	-0.43102	0.17166	-0.27266	-22.352	-189.2	85.49	-37.499	16.655	-26.062	-24.079	92.782	25.064	-43.558	-62.438	-62.334	-32.905	-13.626
-5.6351	-5.4135	-15.66	-1.4866	2.6275	0.94304	-2.072	-2.3202	1.1809	-0.46064	0.64409	-1.6624	-0.81251	-0.93894	-27.559	-447.58	149.79	34.528	90.647	41.872	13.37	-75.222	8.5406	21.939	-10.46	-49.256	-39.367	-26.651
-7.0333	-20.25	-12.541	-3.7035	1.559	0.039079	-2.6188	-0.92615	1.1701	1.5104	2.1031	-1.9984	-0.82596	0.053737	-55.927	-593.45	124.75	-88.679	-42.739	-36.159	-21.872	55.76	-0.42952	78.84	58.359	-13.439	-0.53826	39.707
-7.5687	-32.152	-7.1695	-1.2756	0.55252	0.24913	-1.2609	1.4107	0.9613	0.76065	2.7941	-1.3457	-1.8256	0.86236	-21.417	-476.1	214.88	97.118	-40.26	8.402	54.316	93.474	-8.3532	-29.989	27.642	26.11	-39.986	32.345
-5.0099	-1.5978	4.1677	5.8252	-6.4454	2.038	0.18665	-0.53511	1.0805	1.1621	1.4751	-0.3224	-0.23706	-1.0996	102.35	1222.2	453.49	284.03	-279.92	71.555	57.903	-77.833	4.7685	16.057	-52.76	40.93	63.542	-78.48
-4.8996	-7.338	7.6021	3.2877	-4.5352	0.50566	1.4153	-1.571	1.4403	0.60405	2.5138	-0.36942	-0.90873	-0.49428	4.4122	-229.61	137.38	-101.5	76.41	-61.294	49.147	-41.435	14.392	-22.321	41.548	-1.8809	-26.867	24.214
-5.7994	-16.279	2.8097	8.2899	-4.7811	4.205	0.67016	0.14831	4.7398	-1.7752	-1.2811	0.37846	0.043733	-1.209	-35.993	-357.64	-191.7	200.09	-9.8374	147.97	-29.806	68.772	131.98	-95.169	-151.8	29.915	38.099	-28.59
-5.7868	-21.478	6.6551	4.8337	-4.1524	5.5331	0.79025	0.61379	6.8212	-2.9966	-2.4461	0.42718	-0.10744	-1.0252	0.50694	-207.98	153.82	-138.25	25.146	53.126	4.8036	18.619	83.256	-48.857	-46.599	1.9488	-6.0469	7.3544
-5.8672	-22.924	7.892	4.5787	-3.7893	4.1238	1.6742	-0.64	6.9005	-3.1616	-2.9074	0.56344	0.15231	-1.9002	-3.2165	-57.831	49.476	-10.199	14.527	-56.373	35.358	-50.152	3.173	-6.6017	-18.451	5.4506	10.39	-35.002
-5.9566	-26.454	7.8972	7.0637	-5.6331	3.5193	3.6808	-1.0755	5.8878	-2.0645	-2.5228	-0.41436	0.49428	-1.5947	-3.5787	-141.21	0.20728	99.401	-73.755	-24.181	80.266	-17.421	-40.509	43.887	15.382	-39.112	13.679	12.222
-6.2581	-30.832	8.4756	5.7345	-4.2159	4.7924	0.7689	1.5721	5.5453	-2.8443	-1.6535	-0.55286	-0.56993	-0.74058	-12.057	-175.09	23.139	-53.17	56.692	50.923	-116.48	105.91	-13.698	-31.192	34.773	-5.54	-42.568	34.164
-6.7003	-38.656	5.3068	8.7518	-0.74652	4.5406	-1.0201	1.809	6.2858	-2.2137	-1.6453	-0.031821	-0.83183	-2.173	-17.691	-312.98	-126.75	120.69	138.77	-10.072	-71.561	9.4754	29.62	25.221	0.32534	20.841	-10.476	-57.299
