-6.9384	-24.905	-26.288	-5.6769	3.76	-2.2789	-1.3683	-1.7209	2.0689	-2.4482	0.50567	1.7497	-1.0175	-1.2792	0	0	0	0	0	0	0	0	0	0	0	0	0	0
-5.9911	-15.952	-24.997	-4.6382	3.0782	0.86429	-0.88094	-2.3086	2.6879	-1.0392	0.10314	1.6675	-1.1915	-0.69098	37.893	358.15	51.635	41.546	-27.273	125.73	19.495	-23.509	24.762	56.363	-16.102	-3.2886	-6.9593	23.529
-5.499	-6.6472	-24.807	-4.2209	5.7058	0.73067	-0.36303	-1.9149	0.86582	-2.2758	0.99683	1.3795	-0.937	0.30865	19.685	372.17	7.5799	16.696	105.1	-5.3447	20.716	15.747	-72.885	-49.465	35.748	-11.517	10.178	39.985
-5.2502	-1.7999	-24.169	-5.2894	4.5412	1.8753	1.3393	-1.7209	2.8084	-0.74282	1.268	1.8537	-0.089541	0.22844	9.9503	193.89	25.538	-42.743	-46.582	45.784	68.092	7.7632	77.703	61.319	10.848	18.967	33.898	-3.2082
-5.6538	-1.7969	-18.852	-1.861	5.114	0.12811	-0.40528	-1.7149	3.0608	-3.0742	-0.53868	0.2495	-0.86402	0.86508	-16.143	0.1206	212.68	137.14	22.909	-69.886	-69.782	0.23843	10.096	-93.255	-72.268	-64.169	-30.979	25.465
-6.6786	-15.953	-17.116	-2.3622	2.341	-0.45761	1.8206	-2.0474	4.0023	-0.96938	-0.57919	0.40502	-0.30044	0.67484	-40.994	-566.24	69.458	-20.048	-110.92	-23.429	89.035	-13.301	37.659	84.193	-1.6205	6.2205	22.543	-7.6096
-7.0542	-26.322	-12.672	-1.7192	3.6084	1.5306	2.4358	1.0041	5.7374	0.938	-0.039714	0.18901	0.29522	1.1414	-15.025	-414.76	177.75	25.718	50.696	79.529	24.61	122.06	69.406	76.295	21.579	-8.6401	23.826	18.664
-4.6996	-11.051	0.95475	0.35071	4.8422	3.4185	-1.4117	0.37809	0.45969	0.75985	-0.92956	0.075913	-0.088729	0.53264	94.185	610.84	545.06	82.798	49.352	75.516	-153.9	-25.041	-211.11	-7.1261	-35.594	-4.524	-15.358	-24.352
-3.8977	2.3313	2.0999	1.0573	5.5885	5.0201	-3.1781	0.62064	-0.22083	0.34167	-1.9177	-1.2749	0.26426	-1.1208	32.077	535.29	45.805	28.265	29.854	64.065	-70.658	9.7016	-27.221	-16.727	-39.524	-54.031	14.119	-66.136
-3.7815	6.1922	-0.023389	1.995	5.0712	4.5321	-2.4694	0.41645	1.0487	-0.48309	-1.4104	-1.5403	0.62968	-1.474	4.6488	154.44	-84.93	37.505	-20.696	-19.521	28.346	-8.1674	50.783	-32.99	20.29	-10.616	14.617	-14.13
-4.1077	8.531	-4.8564	0.79301	6.8607	2.8182	-1.6924	0.57538	1.8515	0.59666	-2.33	0.36586	0.50381	-1.328	-13.05	93.551	-193.32	-48.078	71.581	-68.556	31.084	6.357	32.111	43.19	-36.783	76.245	-5.0352	5.8398
-4.3772	7.4399	-6.4872	0.79298	6.8274	2.4944	-1.8482	-0.15564	1.8828	0.73223	-2.7945	0.12461	0.10505	-0.34421	-10.781	-43.645	-65.231	-0.0011753	-1.3323	-12.953	-6.2344	-29.24	1.2517	5.4227	-18.583	-9.6498	-15.95	39.352
-4.4575	4.2526	-4.456	0.76616	5.7529	2.7233	-2.5895	-0.50049	1.1014	0.39371	-1.6315	0.54468	-0.043148	-0.80852	-3.2102	-127.49	81.247	-1.0725	-42.977	9.1544	-29.653	-13.794	-31.257	-13.541	46.523	16.803	-5.928	-18.572
-4.2126	7.713	-3.2141	-0.83248	4.6782	2.1082	-3.0053	-0.7521	1.1901	0.094377	-2.7446	1.6163	-0.076252	-0.4652	9.7959	138.42	49.674	-63.946	-42.99	-24.602	-16.629	-10.064	3.5463	-11.973	-44.526	42.864	-1.3241	13.733
-3.6625	14.215	-2.0629	-1.6079	4.6927	2.6685	-4.426	0.28755	0.45875	-0.15179	-1.9833	1.2646	0.85523	-1.0795	22.003	260.1	46.048	-31.016	0.58074	22.414	-56.83	41.586	-29.252	-9.8465	30.455	-14.067	37.259	-24.573
-3.053	23.959	-2.002	-2.6357	3.6589	2.1513	-4.1724	0.0044268	0.14199	0.21304	-1.6324	1.8865	0.77403	-0.79252	24.378	389.76	2.4394	-41.111	-41.354	-20.688	10.144	-11.325	-12.67	14.593	14.034	24.874	-3.2478	11.48
-2.456	28.488	-0.28538	-3.2506	3.2325	1.9079	-4.9639	-0.97699	-0.89128	0.92686	-0.074102	1.7339	1.0051	-1.0105	23.881	181.14	68.663	-24.596	-17.056	-9.738	-31.659	-39.257	-41.331	28.553	62.332	-6.1038	9.2409	-8.7189
-1.7165	32.843	1.6658	-5.4725	2.0056	1.2322	-4.4351	-1.9535	-0.14821	0.2253	1.4306	1.0399	0.80065	-0.063384	29.58	174.21	78.049	-88.877	-49.075	-27.026	21.151	-39.061	29.723	-28.062	60.186	-27.758	-8.1761	37.884
-1.3143	30.732	6.2469	-6.6496	0.88647	0.27039	-4.5706	-1.1197	-1.5538	1.4978	0.94803	2.5683	-0.15307	0.41613	16.09	-84.425	183.24	-47.084	-44.765	-38.474	-5.4205	33.353	-56.223	50.9	-19.301	61.133	-38.149	19.18
-0.90863	32.755	7.3288	-6.6521	-3.4924	1.8296	-4.006	-0.7619	-1.9625	1.6929	1.2981	2.3164	0.28787	-0.065926	16.225	80.919	43.275	-0.098644	-175.15	62.368	22.584	14.312	-16.35	7.8054	14.002	-10.075	17.638	-19.282
-0.60017	34.296	8.0025	-6.0068	-5.4337	0.71487	-2.1938	-2.3264	-0.65519	0.96032	1.9104	3.0265	-0.42175	-0.15869	12.339	61.641	26.947	25.81	-77.655	-44.589	72.488	-62.581	52.294	-29.305	24.492	28.404	-28.385	-3.7107
-0.3552	33.87	10.61	-8.3247	-5.3156	0.74539	-2.7446	-1.3763	-0.84893	2.1368	0.99267	2.8129	0.18715	-0.82915	9.7987	-17.037	104.32	-92.716	4.7255	1.2205	-22.032	38.007	-7.7497	47.06	-36.708	-8.5436	24.356	-26.818
-0.27093	36.48	10.492	-10.334	-3.6129	-0.16104	-3.1406	-0.070834	-2.7854	3.232	0.84598	2.9516	-0.11895	-0.23042	3.3707	104.37	-4.7383	-80.365	68.108	-36.257	-15.837	52.217	-77.458	43.807	-5.868	5.5497	-12.244	23.949
-0.23046	34.039	11.393	-10.278	-3.2297	0.34727	-4.1065	0.018764	-2.7285	2.8702	1.0979	2.794	0.35872	-0.10916	1.6188	-97.611	36.023	2.2489	15.327	20.332	-38.638	3.5839	2.2748	-14.474	10.078	-6.3068	19.107	4.8504
-0.30884	34.022	10.761	-9.9266	-1.4657	-0.65372	-2.8858	-1.4887	-2.6496	2.9386	0.76156	3.2277	0.037288	0.0268	-3.1351	-0.70523	-25.258	14.043	70.56	-40.04	48.828	-60.297	3.1557	2.7385	-13.454	17.348	-12.857	5.4384
-0.68476	32.719	9.6363	-8.7024	-0.044169	0.40444	-3.3073	-1.9665	-2.4981	2.1039	0.70205	2.0302	0.41572	0.35811	-15.037	-52.122	-44.989	48.965	56.862	42.327	-16.859	-19.113	6.0599	-33.391	-2.3805	-47.898	15.137	13.252
-1.1323	30.912	7.6699	-7.8311	3.597	1.2784	-3.0594	-1.9086	-3.2621	1.1532	-0.57306	1.5615	-0.057802	0.44943	-17.903	-72.264	-78.656	34.852	145.65	34.96	9.9139	2.3151	-30.56	-38.026	-51.004	-18.746	-18.941	3.6528
-1.6032	28.394	5.571	-6.5503	6.5824	2.6914	-4.7657	-0.12544	-3.7856	1.0836	-2.0431	0.5427	-0.018685	-0.16922	-18.833	-100.75	-83.957	51.235	119.41	56.517	-68.249	71.327	-20.941	-2.7859	-58.802	-40.754	1.5647	-24.746
-2.4257	15.99	5.0653	-6.6341	9.4633	3.8943	-4.5848	2.0787	-3.3647	1.3058	-1.8208	0.16422	-0.6626	-0.25432	-32.9	-496.15	-20.229	-3.3549	115.24	48.117	7.236	88.166	16.836	8.89	8.8903	-15.139	-25.756	-3.4039
-4.0701	-18.059	1.8268	-4.8209	8.4803	3.0796	-1.9	1.075	-0.3692	0.62318	-1.1337	-0.14049	-1.3203	-0.61493	-65.778	-1361.9	-129.54	72.53	-39.32	-32.585	107.39	-40.147	119.82	-27.305	27.485	-12.188	-26.308	-14.425
-7.908	-51.152	-4.7635	2.1862	10.917	7.205	1.0264	-0.44657	2.3326	-0.015565	1.0884	1.808	-0.2302	-0.29445	-153.52	-1323.7	-263.61	280.28	97.477	165.02	117.06	-60.864	108.07	-25.55	88.884	77.94	43.604	12.819
-8.2448	-59.512	-4.4562	5.0357	8.8521	7.9607	-0.073056	0.46789	3.3988	0.28161	0.42219	1.4165	-1.3654	-0.16983	-13.47	-334.41	12.291	113.98	-82.606	30.228	-43.98	36.578	42.65	11.887	-26.647	-15.662	-45.41	4.9848
-6.5779	-49.481	-7.5705	1.8811	9.3334	2.0157	2.6325	3.9136	2.4899	-1.0119	0.89033	1.7731	-1.9388	-0.28245	66.673	401.22	-124.57	-126.19	19.256	-237.8	108.22	137.83	-36.356	-51.741	18.725	14.267	-22.936	-4.5049
-6.184	-6.2869	-12.999	-5.436	6.2694	-2.9882	2.0393	5.0216	2.9625	-1.0845	0.94486	2.9385	-1.8914	0.87213	15.757	1727.8	-217.12	-292.68	-122.56	-200.16	-23.729	44.319	18.904	-2.9025	2.1811	46.615	1.8968	46.183
-5.7012	-11.309	-15.894	0.61739	9.0258	-0.053635	2.3212	1.5297	4.2771	-1.6644	-0.90224	0.47748	-0.95082	0.70677	19.313	-200.89	-115.84	242.13	110.26	117.38	11.274	-139.67	52.583	-23.195	-73.884	-98.441	37.624	-6.6145
-5.7541	-2.5665	-15.244	0.52281	9.2439	-0.27243	0.56893	2.2221	3.5174	-2.0607	-0.44472	1.5466	-1.5962	-0.51835	-2.1144	349.7	26.037	-3.7832	8.7238	-8.7519	-70.089	27.693	-30.388	-15.853	18.301	42.763	-25.815	-49.005
-5.2398	-1.8509	-11.22	-0.81913	8.4914	2.5944	2.4191	1.038	3.6025	-2.5349	-0.78082	1.7822	-0.78036	-0.43782	20.569	28.624	160.94	-53.678	-30.1	114.67	74.007	-47.363	3.4051	-18.97	-13.444	9.4252	32.633	3.2214
-4.6495	2.5426	-7.8884	-1.1158	9.8188	3.72	1.1173	-0.53312	2.5481	-0.37939	-0.86553	-0.29385	-1.0338	0.17573	23.613	175.74	133.27	-11.868	53.094	45.025	-52.071	-62.845	-42.175	86.221	-3.3883	-83.041	-10.137	24.542
-3.8526	6.9965	-3.4708	-2.0959	8.4596	4.6632	1.5625	-1.4087	2.8281	-1.0279	-1.0971	-0.82137	-0.84255	0.59119	31.875	178.16	176.7	-39.205	-54.366	37.727	17.804	-35.022	11.2	-25.942	-9.2621	-21.101	7.6495	16.618
-3.168	10.189	-0.21661	-3.926	9.1729	5.0558	1.4965	-2.7402	0.95132	0.41007	-1.2603	-1.8113	-1.1501	0.64363	27.385	127.7	130.17	-73.202	28.531	15.705	-2.64	-53.26	-75.072	57.521	-6.529	-39.597	-12.303	2.0977
-2.8214	16.034	-0.2081	-1.4335	4.4889	6.9277	-0.1608	-2.7966	-1.6153	1.4989	-0.72609	-1.6617	-2.5326	1.6311	13.866	233.81	0.34048	99.698	-187.36	74.877	-66.29	-2.258	-102.67	43.553	21.369	5.9843	-55.299	39.497
-2.6481	11.08	5.4445	-1.1794	-0.31348	7.2557	0.77401	-3.529	-3.1061	1.3478	-0.15423	-1.0936	-2.407	1.6866	6.9318	-198.18	226.1	10.166	-192.09	13.118	37.392	-29.296	-59.63	-6.0453	22.874	22.725	5.022	2.2234
-2.4337	9.2486	9.242	-0.21569	-3.731	4.7698	3.4663	-4.658	-4.6048	2.2985	-1.4595	0.27184	-1.6266	0.27213	8.5748	-73.245	151.9	38.547	-136.7	-99.437	107.69	-45.158	-59.95	38.029	-52.211	54.617	31.218	-56.581
-2.2173	11.362	10.841	-1.2695	-3.0441	2.048	4.082	-3.5176	-6.6375	2.4967	-1.0047	0.55659	-1.5944	0.83283	8.6575	84.555	63.976	-42.154	27.478	-108.87	24.628	45.615	-81.308	7.9274	18.19	11.39	1.289	22.428
-2.1602	12.461	10.37	-0.31765	-3.9309	0.42895	3.4444	-0.092949	-8.9507	3.1558	-0.67752	1.4321	-2.5783	1.2141	2.2831	43.927	-18.853	38.075	-35.474	-64.762	-25.503	136.99	-92.525	26.367	13.088	35.019	-39.358	15.249
-2.2337	12.434	10.126	-0.081694	-3.7844	-0.44604	3.2684	1.0909	-8.5321	1.9042	-0.07958	1.4279	-2.0347	0.90948	-2.9395	-1.0553	-9.7717	9.4381	5.8596	-34.999	-7.0397	47.352	16.745	-50.068	23.918	-0.1671	21.746	-12.184
-2.3503	11.957	10.226	-0.57762	-4.758	0.64252	4.324	-0.32249	-8.608	2.6786	0.17658	0.82278	-1.6994	0.75824	-4.6659	-19.076	4.0172	-19.837	-38.943	43.542	42.222	-56.534	-3.039	30.979	10.246	-24.205	13.408	-6.0495
-2.4311	12.029	9.1551	-0.89465	-2.891	0.76293	4.4926	-0.93824	-7.8592	2.8297	-0.071908	0.83628	-2.0881	0.73951	-3.2306	2.867	-42.844	-12.681	74.679	4.8164	6.7463	-24.63	29.953	6.0414	-9.9396	0.54007	-15.546	-0.74899
-2.6704	10.465	9.0521	-1.6129	-1.7258	2.0061	4.1474	-1.8108	-6.8639	3.2969	-0.90619	0.56455	-2.3804	0.56434	-9.574	-62.557	-4.1213	-28.73	46.61	49.726	-13.81	-34.903	39.811	18.69	-33.371	-10.869	-11.694	-7.0069
-3.0788	7.1157	6.6756	-1.0762	0.93568	2.7505	4.09	-1.8957	-5.6901	2.9979	-0.35957	-0.99249	-1.3888	0.11986	-16.336	-133.98	-95.058	21.468	106.46	29.776	-2.2967	-3.3934	46.952	-11.959	21.865	-62.282	39.665	-17.779
-3.9704	-4.1665	3.0728	-0.19631	3.0103	4.5711	3.817	-2.9905	-3.1102	2.1193	-0.82029	-0.5593	-1.7965	0.12589	-35.662	-451.29	-144.11	35.195	82.986	72.826	-10.92	-43.795	103.2	-35.146	-18.429	17.328	-16.307	0.24136
-5.8455	-26.009	3.1332	-1.0845	2.028	6.5828	2.4077	-1.8862	1.0251	1.2767	-0.46665	-0.1008	-1.2318	-0.85675	-75.006	-873.71	2.4156	-35.529	-39.293	80.468	-56.371	44.172	165.41	-33.703	14.146	18.34	22.588	-39.306
-8.1558	-53.518	-1.5978	1.8743	4.0347	8.2517	2.678	0.32744	3.7781	-0.8794	-0.36112	1.1603	-1.2595	-1.0811	-92.412	-1100.4	-189.24	118.35	80.269	66.753	10.812	88.547	110.12	-86.245	4.2212	50.445	-1.1091	-8.9732
-8.9381	-63.285	-4.1641	4.0695	6.5976	7.8372	3.2004	-0.16644	3.1	-0.31261	0.57223	0.92644	-1.4588	-1.1844	-31.292	-390.66	-102.65	87.807	102.52	-16.577	20.896	-19.755	-27.123	22.672	37.334	-9.3556	-7.9714	-4.1321
-9.6141	-70.874	-6.2648	7.6287	5.2375	6.1366	4.6333	1.3946	2.4727	-0.62105	0.49382	0.51403	-1.674	-0.47569	-27.039	-303.59	-84.026	142.37	-54.407	-68.027	57.317	62.443	-25.094	-12.338	-3.1363	-16.496	-8.6087	28.348
-10.413	-79.706	-9.3177	10.689	5.2359	6.0151	5.4654	0.94045	2.2647	-1.3471	-0.96154	1.9435	-1.081	-0.30932	-31.961	-353.25	-122.12	122.43	-0.062862	-4.8593	33.282	-18.167	-8.3185	-29.041	-58.215	57.18	23.719	6.6549
-10.553	-83.848	-13.812	9.107	3.7514	4.6994	5.225	3.7786	4.864	0.053761	-1.0781	0.67473	-0.99342	-1.1958	-5.6053	-165.7	-179.76	-63.295	-59.382	-52.629	-9.6147	113.52	103.97	56.033	-4.6604	-50.752	3.5043	-35.457
-6.2064	-3.0215	-12.174	-2.7651	-2.3987	-2.7094	1.0715	-0.20846	4.0503	-1.5398	-0.79848	-0.5425	-1.6844	0.50315	173.87	3233.1	65.487	-474.89	-246	-296.35	-166.14	-159.48	-32.548	-63.744	11.183	-48.689	-27.64	67.956
-3.4013	13.175	-4.5426	1.1902	2.6635	0.097459	0.78322	-1.905	0.62819	-0.89866	-0.83521	0.68078	-1.1283	0.57257	112.21	647.88	305.28	158.21	202.49	112.28	-11.533	-67.863	-136.88	25.648	-1.4691	48.931	22.245	2.7768
-2.2205	19.284	4.8827	-1.261	2.2883	2.016	-1.7428	-2.6351	-3.0298	0.97793	-1.2986	1.0295	-0.52069	-0.28237	47.232	244.33	377.01	-98.046	-15.009	76.741	-101.04	-29.204	-146.32	75.064	-18.536	13.951	24.304	-34.197
-1.7167	22.157	7.6703	-1.3341	-3.2386	3.0937	-1.5122	-4.9509	-1.3113	0.46973	-0.21367	1.6888	-0.27459	0.38793	20.151	114.95	111.5	-2.9271	-221.07	43.107	9.2211	-92.629	68.742	-20.328	43.397	26.369	9.844	26.812
-1.2802	29.887	5.5606	-2.3819	-4.6525	0.44149	0.14279	-4.8675	-0.1425	-0.066179	1.4677	2.0804	0.65597	-0.36944	17.457	309.18	-84.389	-41.909	-56.556	-106.09	66.201	3.3355	46.752	-21.436	67.256	15.666	37.223	-30.295
-0.91339	30.535	9.6143	-6.482	-4.8887	-1.2027	-0.45704	-2.8076	-0.46503	0.49394	1.0319	3.2818	0.1961	-0.042677	14.674	25.907	162.15	-164.01	-9.4497	-65.766	-23.993	82.396	-12.901	22.405	-17.435	48.056	-18.395	13.071
-0.58841	32.066	11.769	-9.9531	-5.214	-2.5023	-0.96296	0.091825	-0.46739	0.78747	0.98532	2.6247	0.60455	-0.095407	12.999	61.24	86.168	-138.84	-13.011	-51.985	-20.237	115.98	-0.094387	11.741	-1.8622	-26.282	16.338	-2.1092
-0.26981	32.905	12.448	-10.763	-6.143	-3.868	-0.23291	0.57306	0.49758	0.39326	1.7568	1.2779	1.6837	-0.77553	12.744	33.566	27.198	-32.403	-37.161	-54.627	29.202	19.249	38.599	-15.768	30.858	-53.873	43.166	-27.205
-0.031152	34.34	12.277	-10.579	-7.3575	-4.1671	0.372	0.16423	1.3932	-0.35924	2.6086	0.48683	2.1523	-1.4044	9.5462	57.404	-6.8472	7.3695	-48.578	-11.966	24.196	-16.353	35.826	-30.1	34.073	-31.643	18.742	-25.156
0.24779	37.409	11.128	-10.729	-7.1354	-4.1729	0.77356	0.10759	1.9187	-0.096405	2.8931	0.36327	2.5236	-1.5879	11.158	122.78	-45.969	-6.0056	8.882	-0.23065	16.063	-2.2653	21.02	10.513	11.378	-4.9426	14.853	-7.3369
0.42103	41.838	8.8467	-10.708	-7.1806	-4.5522	0.67541	-0.49761	1.7069	-0.46236	3.1098	-0.44967	2.5232	-2.0634	6.9298	177.14	-91.254	0.83029	-1.8071	-15.172	-3.926	-24.208	-8.4713	-14.638	8.6704	-32.518	-0.014976	-19.021
0.56937	45.133	7.2523	-10.212	-7.3545	-4.8928	1.5708	-1.308	2.1222	-0.86202	3.8236	-0.92575	2.7224	-2.1708	5.9336	131.81	-63.777	19.849	-6.9553	-13.624	35.814	-32.415	16.609	-15.986	28.55	-19.043	7.9698	-4.2961
0.60348	46.496	6.2417	-9.7922	-7.7432	-4.9752	1.1321	-0.8245	1.0365	0.28055	3.2351	-0.71941	2.0731	-1.5872	1.3644	54.523	-40.423	16.794	-15.55	-3.2974	-17.545	19.34	-43.425	45.703	-23.537	8.2538	-25.974	23.342
0.5692	46.163	6.1635	-9.6688	-7.8698	-4.9462	1.3937	-1.1738	0.32745	0.99431	3.0244	-0.48017	1.8473	-1.6274	-1.3711	-13.349	-3.1308	4.9381	-5.0638	1.159	10.462	-13.972	-28.363	28.55	-8.4282	9.5693	-9.0326	-1.6071
0.48975	45.875	5.5704	-9.1067	-8.484	-4.2401	1.4332	-1.4037	-0.52615	1.6973	2.9097	-0.50114	2.0554	-2.0322	-3.1781	-11.495	-23.724	22.484	-24.567	28.246	1.5792	-9.1953	-34.144	28.118	-4.5887	-0.8388	8.3236	-16.193
0.32421	47.492	2.8307	-6.9536	-8.9992	-3.8526	1.923	-2.3211	-0.74743	1.3761	3.6649	-0.9198	2.0303	-1.6905	-6.6215	64.675	-109.59	86.121	-20.608	15.498	19.594	-36.697	-8.8512	-12.845	30.21	-16.746	-1.004	13.668
-0.21935	45.33	1.6655	-4.5913	-9.2788	-2.5144	2.7	-4.1201	-0.94487	1.3251	3.8211	-1.1381	1.7037	-1.4394	-21.743	-86.479	-46.607	94.493	-11.182	53.528	31.08	-71.962	-7.8973	-2.0417	6.2444	-8.7301	-13.061	10.047
-0.84725	36.199	4.0146	-3.608	-8.6045	-0.81392	3.2666	-5.4898	-2.0111	2.2854	3.0263	-0.5437	0.6347	-0.98875	-25.116	-365.26	93.966	39.331	26.969	68.02	22.664	-54.787	-42.65	38.413	-31.789	23.774	-42.761	18.024
-1.8537	18.38	7.2132	-0.22249	-9.2374	2.1329	3.9433	-6.4479	-3.1469	3.3836	1.9893	-0.16479	0.022283	-1.0829	-40.257	-712.76	127.94	135.42	-25.316	117.87	27.069	-38.322	-45.431	43.928	-41.479	15.156	-24.497	-3.7641
-3.6193	-5.3451	2.4824	4.2558	-9.0641	3.9607	3.187	-6.4193	-4.3963	3.8494	0.55918	2.267	-2.6927	0.0063336	-70.627	-948.99	-189.23	179.13	6.9349	73.109	-30.253	1.1407	-49.977	18.631	-57.207	97.27	-108.6	43.568
-7.527	-35.088	-14.12	11.477	-2.591	1.8949	4.2189	-5.7613	-1.111	0.40783	-0.91443	2.8457	-1.7791	-0.26066	-156.31	-1189.7	-664.1	288.83	258.92	-82.631	41.274	26.322	131.41	-137.66	-58.945	23.148	36.543	-10.68
-10.177	-79.938	-20.731	6.8493	-1.9545	1.9449	4.7142	-2.3891	2.4545	1.6986	1.1689	3.1963	-1.0336	-0.60668	-106	-1794	-264.42	-185.09	25.459	2.0024	19.814	134.89	142.62	51.629	83.335	14.027	29.821	-13.841
-12.839	-87.364	-20.575	2.4121	-3.6302	2.4508	3.787	0.53682	2.9557	0.62208	1.7825	3.2591	-0.5758	1.0368	-106.46	-297.06	6.2111	-177.49	-67.027	20.235	-37.09	117.04	20.049	-43.059	24.544	2.5099	18.31	65.74
-12.611	-84.636	-19.489	3.9157	-2.5321	2.0894	2.2013	-0.32196	2.4109	-0.01957	0.70095	2.7179	-0.69509	0.92808	9.0876	109.12	43.453	60.146	43.923	-14.455	-63.426	-34.351	-21.793	-25.666	-43.264	-21.647	-4.7718	-4.3494
-4.8453	-20.266	-14.355	-12.031	-3.9472	-0.28134	0.67304	-0.27419	-1.5605	-0.32772	-0.35478	-0.53507	-1.1029	-0.50246	310.64	2574.8	205.36	-637.86	-56.605	-94.831	-61.132	1.9106	-158.86	-12.326	-42.229	-130.12	-16.311	-57.221
-4.7469	8.235	-11.175	-12.691	-5.3086	-0.34781	0.23348	-0.78683	-1.3839	0.051167	0.25265	-0.60907	-0.49377	-0.041311	3.937	1140	127.19	-26.404	-54.457	-2.6589	-17.582	-20.506	7.0675	15.156	24.297	-2.96	24.364	18.446
-4.8127	-8.1671	-8.8385	-6.137	-4.6413	-2.4264	2.6921	-1.5724	1.1062	0.8226	1.5522	0.16642	0.59432	0.60096	-2.6348	-656.08	93.476	262.15	26.693	-83.143	98.344	-31.423	99.604	30.857	51.982	31.02	43.524	25.691
-5.1272	0.1944	-20.179	-2.4622	-2.0752	-1.6831	4.7196	-0.58248	-0.80024	0.42216	2.0481	0.21992	-2.8226	0.45266	-12.577	334.46	-453.61	146.99	102.65	29.729	81.102	39.597	-76.259	-16.018	19.838	2.1397	-136.68	-5.9317
-4.3714	10.369	-25.586	-2.1884	-0.31712	-1.2649	4.9905	0.073979	-1.7584	-0.76043	2.0506	-0.53568	-2.6781	-0.89244	30.231	406.99	-216.3	10.954	70.321	16.728	10.836	26.258	-38.327	-47.303	0.096442	-30.224	5.783	-53.804
-3.98	10.052	-27.553	-0.019875	-1.2406	-4.1121	5.1699	-0.33007	-0.17913	-1.2962	2.1253	0.92716	-1.4955	0.63784	15.655	-12.669	-78.677	86.741	-36.94	-113.88	7.1736	-16.162	63.172	-21.432	2.9887	58.514	47.303	61.211
-4.1493	6.2006	-30.764	1.4622	-0.98817	-5.4654	3.6492	-1.0454	-1.3382	-1.3498	2.2883	0.12019	-1.1611	0.31142	-6.7705	-154.07	-128.44	59.282	10.098	-54.133	-60.828	-28.614	-46.361	-2.1414	6.5201	-32.279	13.376	-13.057
-4.2051	4.8022	-29.825	3.1712	-1.1771	-2.7645	4.8949	-1.2947	-0.5455	-0.10767	2.7709	1.5082	-1.3113	-0.91546	-2.2325	-55.938	37.558	68.363	-7.5575	108.03	49.827	-9.9716	31.706	49.684	19.303	55.521	-6.0069	-49.075
-4.3325	1.6851	-33.228	1.9653	-0.25111	-2.502	4.1965	0.49126	1.6496	0.56586	2.5285	1.9717	0.23728	-0.9253	-5.098	-124.68	-136.12	-48.236	37.04	10.503	-27.935	71.439	87.804	26.941	-9.6929	18.539	61.942	-0.39365
-4.2492	2.7701	-32.717	2.2714	-1.0481	-3.9343	3.6863	-0.86664	-1.0969	-1.0812	2.1737	2.5541	0.17854	-0.26084	3.3335	43.399	20.443	12.241	-31.88	-57.293	-20.405	-54.316	-109.86	-65.881	-14.192	23.296	-2.3494	26.578
-4.2143	0.49405	-33.448	4.0347	-0.99644	-3.902	4.6939	-0.24752	-0.22285	-1.3332	2.0973	3.2276	0.37174	-1.2756	1.3963	-91.04	-29.241	70.533	2.067	1.2904	40.302	24.764	34.961	-10.08	-3.0578	26.941	7.7281	-40.591
-4.3896	-0.43969	-32.531	5.3417	-1.6392	-5.066	5.0244	-0.42925	-0.33345	-1.8275	1.953	2.0341	-1.1525	-1.2056	-7.0112	-37.35	36.689	52.279	-25.709	-46.558	13.221	-7.2691	-4.4241	-19.772	-5.7695	-47.741	-60.969	2.801
-4.7488	1.7636	-27.103	4.0605	0.93803	-3.3408	4.4851	-1.41	0.31799	-0.16074	2.6467	2.9079	-0.58259	-1.5723	-14.369	88.132	217.12	-51.248	103.09	69.007	-21.575	-39.23	26.058	66.669	27.745	34.951	22.795	-14.667
-5.4913	-3.1938	-25.294	2.371	1.548	-3.8081	3.0644	-3.5807	-0.056104	-0.86918	1.5579	2.9012	-0.16573	-0.74775	-29.7	-198.3	72.347	-67.578	24.397	-18.692	-56.827	-86.83	-14.964	-28.337	-43.553	-0.26555	16.674	32.981
-6.4962	-18.919	-20.654	2.7785	2.9592	-3.151	4.9813	-1.8891	-1.2242	1.2075	0.9853	0.40283	-0.9807	-1.1606	-40.197	-629	185.58	16.299	56.451	26.282	76.677	67.667	-46.724	83.066	-22.902	-99.936	-32.599	-16.514
-4.7975	-23.729	-4.1649	5.0525	4.4038	0.86714	4.6706	-0.058905	-0.87485	0.41957	-0.43724	1.5995	-0.71151	-0.28532	67.95	-192.4	659.58	90.962	57.783	160.73	-12.427	73.206	13.974	-31.516	-56.901	47.868	10.768	35.011
-3.329	6.2835	5.5311	-1.293	3.4691	3.9285	-0.9689	1.4176	-4.018	0.025136	-1.027	0.63243	-0.84046	-1.5072	58.738	1200.5	387.84	-253.82	-37.388	122.45	-225.58	59.06	-125.73	-15.777	-23.591	-38.684	-5.1577	-48.876
-2.8034	15.151	3.2962	-3.5873	5.9515	4.3296	-2.0329	3.3845	-5.6866	-0.0189	-1.2267	0.2584	-1.4694	-0.69771	21.024	354.71	-89.396	-91.774	99.296	16.047	-42.56	78.676	-66.743	-1.7614	-7.9859	-14.961	-25.16	32.38
-2.7356	16.623	0.40545	-1.5824	5.662	5.1189	-1.6043	3.0028	-4.9605	-1.131	-0.3799	-0.018965	-1.105	-0.70864	2.7109	58.873	-115.63	80.198	-11.58	31.572	17.142	-15.268	29.042	-44.484	33.87	-11.095	14.576	-0.4369
-2.8438	12.169	1.3841	-0.59395	5.1319	4.846	-0.73567	3.1107	-4.153	-1.6609	-0.32187	0.065577	-0.99655	-0.75063	-4.3261	-178.17	39.145	39.537	-21.204	-10.917	34.747	4.3177	32.3	-21.197	2.3211	3.3817	4.3398	-1.6799
-3.0831	9.7673	1.6987	0.43522	3.9715	5.3546	-1.0574	4.6069	-4.1705	-1.6172	-0.69571	-0.029758	-0.24288	-0.85985	-9.5707	-96.065	12.586	41.167	-46.419	20.344	-12.868	59.845	-0.6986	1.7487	-14.953	-3.8134	30.147	-4.3685
-3.0981	7.9257	1.4306	2.1342	2.635	5.2846	-0.40539	5.3074	-3.9837	-2.2771	-1.0424	-0.074753	0.67385	-1.1623	-0.60127	-73.665	-10.724	67.958	-53.459	-2.8018	26.079	28.021	7.4719	-26.395	-13.867	-1.7998	36.669	-12.096
-3.171	6.0285	2.2957	2.162	2.2664	5.3779	-0.61236	6.0178	-3.6646	-3.1016	-0.73292	-0.74033	1.8787	-2.183	-2.9177	-75.887	34.6	1.1127	-14.744	3.7339	-8.2788	28.416	12.765	-32.981	12.379	-26.623	48.193	-40.832
-3.2861	4.1726	2.4767	2.5926	2.5558	5.6299	-1.7233	6.535	-3.5039	-3.2124	0.086003	-1.5987	2.2184	-2.2109	-4.6018	-74.236	7.2411	17.224	11.578	10.077	-44.438	20.688	6.4278	-4.4307	32.757	-34.334	13.587	-1.1131
-3.3759	4.5921	2.327	2.0882	2.395	6.3507	-2.0806	6.6166	-3.4888	-3.5957	0.45096	-1.4983	2.3505	-2.3965	-3.5938	16.781	-5.9891	-20.174	-6.4319	28.834	-14.292	3.2648	0.60337	-15.333	14.598	4.0138	5.2845	-7.4237
-3.4888	2.5823	3.0656	0.86165	2.5118	7.6635	-2.1648	6.1178	-3.5284	-3.7603	1.2335	-1.12	1.8564	-2.6604	-4.5158	-80.395	29.548	-49.063	4.6718	52.51	-3.3701	-19.952	-1.5861	-6.5855	31.302	15.132	-19.763	-10.556
-3.747	-1.3195	4.2422	-0.059243	3.2197	7.0507	-1.5279	5.0245	-2.8835	-2.9943	1.1633	-0.79868	0.56512	-1.9561	-10.329	-156.07	47.06	-36.836	28.317	-24.511	25.478	-43.731	25.799	30.644	-2.8084	12.854	-51.651	28.17
-4.4496	-9.3423	2.7497	2.0657	3.0248	6.9999	0.43213	1.8383	-0.84581	-2.6922	-0.13077	0.66154	-2.2258	-1.4498	-28.104	-320.91	-59.696	85	-7.7972	-2.0313	78.4	-127.45	81.506	12.084	-51.762	58.409	-111.64	20.253
-5.3401	-23.032	-0.2281	4.7061	4.2893	4.5357	2.9772	-1.0438	0.58726	-1.7819	0.50554	0.99542	-3.9092	-0.61959	-35.618	-547.57	-119.11	105.61	50.581	-98.566	101.8	-115.28	57.323	36.411	25.452	13.356	-67.335	33.207
-6.346	-12.675	-0.33387	-3.0735	4.3482	5.3427	1.002	-0.48458	0.9911	-0.4502	-0.59284	-0.83877	-1.3034	-0.93793	-40.238	414.25	-4.2309	-311.18	2.3563	32.279	-79.01	22.368	16.153	53.267	-43.935	-73.368	104.23	-12.733
-6.6192	-34.983	-7.4676	1.7378	4.2612	8.461	0.88788	0.42658	-0.52793	0.28795	-0.048702	-2.5159	-1.9086	-0.78652	-10.927	-892.29	-285.35	192.45	-3.483	124.73	-4.5633	36.447	-60.761	29.526	21.766	-67.086	-24.206	6.0562
-6.8206	-32.97	-5.6857	5.2163	5.2886	10.199	0.37771	1.1179	-0.03516	-0.19469	-0.97711	-0.66458	-0.14585	-0.048953	-8.0545	80.492	71.277	139.14	41.099	69.527	-20.406	27.654	19.711	-19.306	-37.136	74.053	70.51	29.503
-6.7756	-26.88	-5.6237	3.6042	7.0758	10.17	-0.39193	-1.2698	-0.34239	-0.87022	-1.9938	-1.4956	-1.2238	-0.040499	1.7978	243.6	2.4775	-64.484	71.489	-1.1829	-30.786	-95.511	-12.289	-27.021	-40.667	-33.241	-43.12	0.33815
-7.7253	-67.049	-6.2612	8.7118	2.9836	4.7253	2.1632	-5.4669	-1.7806	-3.5706	-4.9397	-3.0286	-3.558	-0.10257	-37.988	-1606.7	-25.499	204.3	-163.69	-217.77	102.21	-167.88	-57.529	-108.01	-117.84	-61.318	-93.365	-2.4829
-10.28	-83.727	-11.999	8.7425	-0.067159	1.7703	1.2193	-2.1011	-0.58631	-3.0178	-4.4191	-1.1676	-3.0625	-1.1739	-102.19	-667.12	-229.52	1.2285	-122.03	-118.2	-37.756	134.63	47.772	22.111	20.826	74.437	19.818	-42.855
-8.3357	-29.232	-16.806	2.7606	4.2136	3.9335	-4.6358	-2.0882	-1.5243	2.302	-2.0229	-0.7975	1.7514	-0.51415	77.777	2179.8	-192.26	-239.28	171.23	86.528	-234.21	0.51596	-37.52	212.79	95.844	14.806	192.56	26.392
-7.6254	-31.595	-15.885	8.561	5.2904	5.0487	-3.1807	-4.4306	0.40135	1.9648	-1.0118	-0.5502	1.746	1.3074	28.414	-94.518	36.829	232.01	43.074	44.605	58.205	-93.696	77.026	-13.489	40.445	9.8921	-0.21639	72.864
-5.2999	-8.828	-1.4978	1.9216	-2.6235	6.165	-5.0399	-4.9029	2.1062	-0.18733	-0.98551	0.52282	0.38858	1.4626	93.019	910.66	575.49	-265.57	-316.56	44.655	-74.368	-18.892	68.195	-86.084	1.0524	42.921	-54.298	6.2079
-4.7416	-1.2884	-1.63	-1.137	6.3495	3.2871	-5.3946	-0.26762	-4.3878	4.0475	-1.3759	-1.079	2.9603	-0.26621	22.332	301.59	-5.2901	-122.34	358.92	-115.12	-14.187	185.41	-259.76	169.39	-15.615	-64.074	102.87	-69.154
-4.5674	-2.3415	-3.7962	-0.96708	6.787	4.6571	-4.9845	-1.34	-1.7289	4.3874	-2.7085	-0.95672	2.3921	-1.9841	6.9672	-42.127	-86.646	6.7951	17.5	54.799	16.404	-42.897	106.36	13.599	-53.305	4.8921	-22.73	-68.716
-4.4954	0.29552	1.3303	-0.29537	4.8774	3.8718	-6.3097	-0.066502	-1.2876	4.1672	-2.3552	0.86921	1.1982	0.095205	2.8809	105.48	205.06	26.868	-76.382	-31.409	-53.011	50.941	17.651	-8.8111	14.134	73.037	-47.754	83.173
-4.4844	-2.9971	1.1765	1.2961	4.4959	3.1816	-5.7095	0.70351	0.33412	3.1777	-1.7081	1.4599	0.50022	0.62177	0.44066	-131.71	-6.1516	63.658	-15.261	-27.609	24.011	30.8	64.869	-39.578	25.881	23.626	-27.919	21.063
-4.7399	-5.6373	1.7188	0.075357	6.8208	2.277	-5.0843	0.83578	0.44795	3.8497	-1.5339	-0.3378	1.7321	-0.15592	-10.22	-105.61	21.692	-48.829	92.996	-36.186	25.007	5.291	4.553	26.881	6.9697	-71.907	49.273	-31.108
-5.0798	-14.682	2.3764	4.1363	3.4995	2.5496	-3.6081	0.24216	1.5254	3.5762	-0.51284	-1.5696	1.7612	-0.95639	-13.596	-361.79	26.302	162.44	-132.85	10.905	59.048	-23.745	43.1	-10.942	40.842	-49.273	1.1671	-32.019
-5.5219	-21.328	3.0982	6.4803	0.47164	0.97625	0.97668	-1.4573	1.3095	5.4646	-2.2326	-1.1027	1.4078	-2.1992	-17.686	-265.85	28.873	93.76	-121.11	-62.934	183.39	-67.979	-8.6357	75.536	-68.792	18.677	-14.136	-49.711
-5.7209	-21.892	3.0418	4.0858	2.1694	2.2405	-0.81579	-0.34883	2.3325	4.0369	-2.9116	0.11564	0.84735	-1.8121	-7.9581	-22.56	-2.2538	-95.783	67.912	50.569	-71.699	44.339	40.917	-57.109	-27.158	48.733	-22.419	15.481
-5.7908	-24.419	3.7864	5.084	1.6953	3.1012	-1.4392	-1.3969	3.7968	3.0953	-2.9818	0.34676	1.4044	-2.0226	-2.7964	-101.06	29.781	39.93	-18.965	34.43	-24.936	-41.924	58.572	-37.661	-2.807	9.2449	22.281	-8.4168
-5.8935	-26.567	3.5775	5.6137	2.4361	2.8088	-1.3528	-1.3401	3.3473	3.5991	-3.1189	0.40892	1.0026	-1.3688	-4.1085	-85.93	-8.3563	21.189	29.633	-11.696	3.454	2.2721	-17.979	20.148	-5.4853	2.4865	-16.069	26.149
-6.1409	-32.352	3.9348	6.6467	2.9526	3.3572	-1.9212	-0.79842	2.9322	3.3102	-2.8357	0.96095	0.63496	-1.4622	-9.8971	-231.39	14.294	41.318	20.659	21.935	-22.735	21.668	-16.604	-11.552	11.328	22.081	-14.707	-3.7356
-6.5089	-39.463	1.7088	9.8701	2.8476	3.308	-0.9223	-1.7773	3.2743	3.0421	-2.4816	0.10825	1.7961	-1.9387	-14.717	-284.47	-89.039	128.94	-4.2	-1.967	39.956	-39.155	13.684	-10.727	14.164	-34.108	46.446	-19.059
-6.3933	-37.746	-0.29576	2.7281	0.60323	5.6528	2.3883	0.16577	1.4959	-0.043756	-0.094495	1.6977	-1.3997	-2.4865	4.6231	68.689	-80.184	-285.68	-89.776	93.793	132.42	77.722	-71.135	-123.43	95.484	63.578	-127.83	-21.912
-6.3451	-11.302	-3.7635	-10.029	-3.1613	1.861	2.7601	-0.23794	1.217	-1.8758	0.83786	1.6275	-1.6765	-1.003	1.9266	1057.8	-138.71	-510.3	-150.58	-151.67	14.874	-16.148	-11.154	-73.281	37.294	-2.8076	-11.072	59.339
-6.1125	-20.149	-2.7325	-7.7514	-1.7561	1.0592	2.0913	-1.1146	-0.79321	-2.6465	1.7703	1.1758	-1.1278	-1.5141	9.3067	-353.87	41.238	91.121	56.209	-32.072	-26.753	-35.064	-80.41	-30.827	37.296	-18.071	21.949	-20.444
-5.8318	-8.416	-6.7381	-1.7152	-1.2248	2.0127	5.2157	0.91355	0.71902	-1.6271	-0.62971	2.662	0.55423	-0.98111	11.228	469.31	-160.22	241.44	21.253	38.137	124.98	81.124	60.489	40.772	-95.999	59.449	67.28	21.321
-5.0767	2.1495	0.054247	2.4572	-3.715	2.3746	4.4044	0.16028	-0.21332	-3.6266	-1.9775	1.6309	-0.00046038	-0.76971	30.203	422.62	271.7	166.9	-99.609	14.476	-32.453	-30.131	-37.294	-79.978	-53.91	-41.241	-22.188	8.4558
-4.5357	-1.6402	2.6154	4.3438	-3.1445	0.078354	4.8307	0.90922	-0.58799	-3.4129	-1.3571	1.4516	-0.025471	0.40791	21.641	-151.59	102.45	75.462	22.82	-91.848	17.052	29.957	-14.987	8.5463	24.816	-7.1738	-1.0004	47.105
-4.2005	1.0154	4.697	2.6588	-2.4579	-2.0122	5.7834	1.6299	-2.4755	-2.4649	-1.0879	1.0263	-1.3679	1.0916	13.407	106.23	83.266	-67.4	27.465	-83.622	38.11	28.828	-75.499	37.92	10.765	-17.01	-53.696	27.349
-3.6392	2.4203	7.2664	0.90036	-2.5795	-1.0453	5.5668	2.8166	-3.7737	-2.1431	0.17337	0.48803	-2.1015	1.2551	22.45	56.194	102.77	-70.336	-4.8666	38.675	-8.6645	47.466	-51.929	12.873	50.452	-21.533	-29.347	6.5398
-3.2458	4.7197	8.7666	-0.3813	-3.1184	1.8137	3.8622	4.1465	-5.6541	-1.4827	-0.050116	0.65157	-1.4044	1.002	15.738	91.979	60.008	-51.266	-21.557	114.36	-68.183	53.196	-75.215	26.415	-8.9394	6.5419	27.883	-10.126
-2.9968	5.1887	10.126	-1.8369	-1.771	2.9676	3.3478	4.8381	-7.537	-0.26367	0.59573	0.95894	-2.3058	0.73588	9.9576	18.759	54.388	-58.225	53.899	46.159	-20.578	27.667	-75.318	48.763	25.834	12.295	-36.056	-10.644
-2.6884	9.8631	7.6	-1.3658	-0.98505	4.5766	2.7687	3.3701	-7.8807	1.2909	0.92388	0.29343	-3.3217	0.086566	12.337	186.98	-101.05	18.845	31.437	64.358	-23.165	-58.721	-13.749	62.184	13.126	-26.62	-40.635	-25.972
-2.5289	12.995	6.1425	-3.6363	2.6204	5.5078	1.7662	1.7336	-7.5717	3.1043	0.12537	0.0070829	-4.4438	1.1517	6.382	125.29	-58.298	-90.818	144.22	37.25	-40.097	-65.459	12.361	72.535	-31.94	-11.454	-44.882	42.607
-2.4658	13.919	4.2013	-4.3215	5.9533	5.2323	1.2212	0.78078	-5.6729	2.9506	-0.30039	-0.71927	-4.209	1.6561	2.5232	36.948	-77.649	-27.41	133.32	-11.021	-21.803	-38.115	75.953	-6.1476	-17.03	-29.054	9.3909	20.175
-2.5222	13.583	2.0616	-3.2749	6.9878	6.886	-1.5179	1.9995	-4.9281	2.9414	-0.37845	-1.8397	-3.4311	1.7345	-2.2574	-13.433	-85.587	41.864	41.381	66.149	-109.56	48.748	29.794	-0.3672	-3.1224	-44.816	31.116	3.1359
-2.6032	15.003	-1.2367	-2.4977	9.8561	5.4289	-1.3687	2.23	-4.39	2.8605	-0.94005	-1.8097	-2.6933	1.5214	-3.2384	56.802	-131.93	31.087	114.73	-58.283	5.9669	9.2206	21.523	-3.2351	-22.464	1.1988	29.513	-8.5265
-2.7855	16.915	-4.8796	-1.5045	11.248	4.4956	-0.42567	1.3067	-3.1893	2.0378	-0.61816	-2.0735	-1.9851	1.518	-7.2937	76.485	-145.72	39.729	55.692	-37.332	37.72	-36.934	48.026	-32.91	12.876	-10.552	28.327	-0.13521
-3.3174	11.748	-5.7797	-1.0628	11.589	3.6511	0.70365	0.82795	-1.8463	1.6586	-0.80056	-2.6776	-1.2835	0.71716	-21.276	-206.68	-36.001	17.671	13.62	-33.783	45.173	-19.148	53.723	-15.168	-7.296	-24.162	28.066	-32.032
-4.1846	3.7237	-8.8325	2.93	9.6089	2.3995	2.8873	-1.4372	1.0388	0.13062	-0.99728	-2.5253	-0.77947	-0.041906	-34.686	-320.98	-122.11	159.71	-79.198	-50.065	87.347	-90.607	115.4	-61.119	-7.8687	6.0896	20.16	-30.363
-4.8815	5.9328	-16.408	7.1253	5.0318	1.6313	4.1117	-1.2687	1.2758	-0.54646	-2.665	-0.3787	-1.9441	-0.7881	-27.876	88.364	-303.04	167.81	-183.09	-30.728	48.976	6.7391	9.4807	-27.083	-66.708	85.865	-46.584	-29.848
-4.8644	3.0585	-26.952	3.08	2.4732	0.083871	3.3485	-0.49794	1.4658	1.3349	-0.28994	0.7227	0.85433	0.97865	0.68314	-114.97	-421.74	-161.81	-102.34	-61.896	-30.528	30.832	7.5999	75.253	95.002	44.056	111.94	70.67
-4.4153	5.0811	-30.376	2.9059	0.52244	-1.7204	2.5673	-1.0885	2.3469	-0.54452	-0.96938	1.1709	1.3355	0.086882	17.965	80.905	-136.96	-6.9657	-78.031	-72.17	-31.248	-23.621	35.243	-75.176	-27.178	17.927	19.248	-35.671
-4.2998	5.3552	-31.361	2.8389	0.84741	-1.2456	3.8691	-0.12693	2.7147	-1.1088	-0.87041	-0.50363	0.076187	0.051187	4.6186	10.967	-39.391	-2.6777	12.999	18.989	52.072	38.461	14.713	-22.573	3.9587	-66.98	-50.374	-1.4278
-4.3407	5.1777	-31.675	2.1879	-0.2469	-0.94423	3.2965	-0.86854	0.50965	-0.82489	-0.53536	-0.18095	0.65196	-0.53678	-1.6369	-7.0999	-12.567	-26.04	-43.772	12.057	-22.904	-29.664	-88.201	11.358	13.402	12.907	23.031	-23.519
-4.2116	5.3733	-29.677	1.5039	0.196	-1.4054	4.2393	-0.18986	2.0312	-0.51932	-0.5264	0.11887	-0.045817	-0.10141	5.1657	7.8217	79.902	-27.363	17.716	-18.448	37.709	27.147	60.863	12.223	0.35839	11.993	-27.911	17.415
-4.4272	8.1943	-28.751	-1.6119	1.4234	-0.70976	1.9527	-1.2231	2.7217	-0.37452	0.33595	-0.85144	-1.1188	-1.8168	-8.6255	112.84	37.042	-124.63	49.097	27.827	-91.462	-41.328	27.62	5.7922	34.494	-38.813	-42.918	-68.614
-4.7307	3.0595	-26.228	-2.6848	1.5299	1.5833	3.9094	-0.26339	2.7088	-0.84565	0.67143	0.98198	-0.35384	0.22381	-12.138	-205.39	100.93	-42.915	4.2605	91.722	78.266	38.387	-0.51921	-18.845	13.419	73.337	30.597	81.623
-5.6954	-3.2746	-22.666	-2.1044	1.3926	0.96089	1.959	-1.9463	1.1816	-0.657	-1.236	0.15541	-0.1102	0.20161	-38.589	-253.37	142.47	23.216	-5.4937	-24.896	-78.013	-67.316	-61.085	7.5463	-76.296	-33.063	9.7458	-0.88805
-6.2689	-10.464	-13.68	0.085389	1.6933	2.2806	2.0184	-1.9377	3.0726	0.55703	-0.1405	1.4386	0.65685	0.60367	-22.939	-287.57	359.45	87.59	12.03	52.787	2.3755	0.3425	75.639	48.561	43.819	51.326	30.682	16.082
-4.3627	0.96257	-2.1985	-2.2401	7.7065	3.06	-0.58749	-0.21343	-0.84792	1.5378	-1.4142	-1.1347	0.43404	0.22759	76.246	457.06	459.25	-93.021	240.53	31.179	-104.24	68.972	-156.82	39.231	-50.947	-102.93	-8.9125	-15.043
-3.4765	11.21	-0.32543	-3.5599	8.8332	4.5007	-1.9648	0.60868	-3.4011	3.0227	-2.4348	-2.291	0.062321	0.53741	35.45	409.89	74.924	-52.79	45.069	57.626	-55.091	32.884	-102.13	59.395	-40.826	-46.252	-14.869	12.393
-3.2373	11.895	-0.32597	-3.9737	7.8406	5.3926	-1.6977	1.0611	-4.6401	4.1113	-1.662	-2.7518	0.070521	0.50382	9.5661	27.424	-0.021702	-16.554	-39.704	35.676	10.682	18.099	-49.562	43.545	30.911	-18.429	0.32801	-1.3438
-3.5625	8.7998	0.32606	-3.868	6.4818	5.2273	0.63539	0.46467	-5.8164	4.1466	-1.3155	-1.86	-0.69646	0.704	-13.009	-123.82	26.081	4.2293	-54.354	-6.6112	93.325	-23.859	-47.054	1.4116	13.86	35.671	-30.679	8.0072
-4.1092	2.8696	1.5128	-2.2802	3.6692	4.5102	2.7292	1.9959	-6.3384	2.8707	-1.0811	-0.51408	-0.33865	-0.086441	-21.868	-237.21	47.47	63.511	-112.5	-28.684	83.754	61.249	-20.88	-51.035	9.3787	53.836	14.312	-31.617
-4.5678	-6.0082	4.7758	-0.42708	1.1466	1.8414	3.4124	5.3337	-5.5889	1.8182	-3.0343	-0.020813	1.1375	0.36153	-18.341	-355.11	130.52	74.126	-100.9	-106.75	27.328	133.51	29.982	-42.103	-78.13	19.731	59.045	17.919
-4.8014	-13.793	6.783	4.1778	-0.87876	-2.04	2.0319	6.5939	-2.4833	2.1254	-4.3646	-1.3803	1.1335	1.6578	-9.3476	-311.38	80.29	184.19	-81.013	-155.25	-55.223	50.408	124.23	12.288	-53.21	-54.38	-0.16093	51.851
-4.7668	-20.038	8.1872	8.2918	0.4192	-5.0209	-1.3775	5.6028	-0.085523	4.0705	-3.3442	-3.0164	-0.3459	1.0408	1.3874	-249.79	56.166	164.56	51.918	-119.24	-136.37	-39.646	95.91	77.805	40.814	-65.445	-59.174	-24.681
-4.5877	-21.63	8.6553	10.121	1.36	-5.042	-3.7277	4.051	0.88455	3.0052	-0.66131	-3.1111	0.83897	-1.1501	7.1628	-63.678	18.723	73.177	37.63	-0.84389	-94.009	-62.071	38.803	-42.612	107.32	-3.785	47.395	-87.636
-4.3272	-21.086	9.1863	10.606	2.508	-5.3554	-4.3916	2.1352	1.939	1.5082	1.2669	-3.5026	1.2077	-1.5516	10.419	21.735	21.241	19.406	45.921	-12.533	-26.554	-76.631	42.177	-59.879	77.129	-15.66	14.749	-16.057
-3.9771	-16.936	8.5398	10.708	2.4226	-5.2326	-4.4403	1.2777	2.1413	-0.21857	2.7699	-3.7254	1.8131	-1.9516	14.004	166.02	-25.861	4.0541	-3.4167	4.9122	-1.9493	-34.302	8.0915	-69.072	60.12	-8.9118	24.216	-16
-3.6656	-12.865	8.0969	10.673	2.8433	-5.9523	-5.366	1.0903	2.727	-1.283	3.3686	-4.676	2.3385	-2.044	12.46	162.84	-17.714	-1.3999	16.83	-28.79	-37.028	-7.4957	23.431	-42.576	23.949	-38.026	21.018	-3.6976
-3.3246	-8.7177	7.6087	10.288	2.5135	-5.7729	-6.3411	1.1014	2.7087	-1.8171	3.2984	-4.656	2.1506	-2.1147	13.64	165.88	-19.531	-15.388	-13.192	7.1782	-39.004	0.4446	-0.73191	-21.364	-2.8104	0.80059	-7.5175	-2.8262
-2.9382	-6.4497	8.158	9.7879	2.1883	-6.312	-6.646	0.75461	2.2791	-1.6052	2.7318	-4.2327	1.6903	-2.0618	15.454	90.718	21.972	-20.004	-13.007	-21.565	-12.196	-13.873	-17.187	8.4743	-22.661	16.932	-18.411	2.1146
-2.526	-7.3367	10.934	8.8702	1.8779	-7.0053	-7.1392	0.33638	2.1495	-1.6273	2.5007	-3.8857	1.4186	-1.5492	16.488	-35.48	111.03	-36.709	-12.417	-27.733	-19.729	-16.729	-5.1828	-0.88167	-9.2445	13.879	-10.871	20.505
-2.2341	-6.138	12.442	9.3519	-1.5173	-5.6695	-7.9213	-0.39369	2.4783	-1.1616	1.7161	-2.4435	0.37878	-0.45019	11.678	47.951	60.337	19.27	-135.81	53.435	-31.283	-29.203	13.15	18.627	-31.387	57.691	-41.592	43.96
-1.9409	-3.4703	14.397	6.5354	-2.9725	-5.7702	-7.6141	-0.64664	3.3801	-1.2265	2.3832	-2.8748	0.55903	-0.43578	11.73	106.71	78.172	-112.66	-58.205	-4.0312	12.289	-10.118	36.076	-2.5971	26.687	-17.255	7.2099	0.5764
-1.5965	0.18687	15.007	5.6285	-5.1478	-6.2107	-6.8135	-0.92335	4.3869	-1.5241	2.3398	-3.3763	0.9471	0.32965	13.773	146.29	24.41	-36.277	-87.011	-17.617	32.023	-11.068	40.27	-11.902	-1.7358	-20.059	15.523	30.617
-1.2956	2.4593	14.926	5.9044	-7.4497	-7.2189	-5.0704	-1.1196	4.5921	-0.81343	1.6273	-3.3841	0.91828	1.0317	12.038	90.898	-3.226	11.038	-92.076	-40.329	69.724	-7.848	8.2072	28.426	-28.5	-0.31284	-1.1526	28.084
-0.93569	7.3894	15.097	3.9543	-7.8689	-8.7926	-2.957	-1.7216	4.7698	-0.252	0.79494	-2.9291	1.2283	1.2108	14.396	197.2	6.8396	-78.005	-16.769	-62.946	84.536	-24.081	7.1072	22.457	-33.296	18.202	12.401	7.1624
-0.71605	10.312	14.69	3.4411	-9.0802	-10.11	-1.4169	-0.058871	3.8339	-0.034036	0.28777	-2.296	2.0054	1.8904	8.7857	116.89	-16.287	-20.527	-48.455	-52.708	61.605	66.509	-37.434	8.7185	-20.287	25.324	31.081	27.184
-0.58323	11.171	15.599	1.9929	-10.472	-9.1292	-1.9733	2.1629	2.7438	-0.57675	1.1377	-2.3193	1.8993	2.372	5.3127	34.389	36.362	-57.928	-55.678	39.243	-22.257	88.871	-43.605	-21.708	33.997	-0.93281	-4.2428	19.264
-0.52228	14.483	15.223	0.97793	-11.523	-8.2934	-1.29	2.3052	2.4667	-0.74794	1.5408	-1.7726	1.581	2.2579	2.4382	132.48	-15.049	-40.601	-42.014	33.433	27.331	5.6918	-11.083	-6.8477	16.124	21.865	-12.732	-4.5643
-0.54189	16.913	15.29	-0.9284	-12.236	-6.2276	-0.98542	1.2907	2.7376	-1.1007	2.0376	-1.7724	2.2428	2.1408	-0.78445	97.197	2.7068	-76.253	-28.547	82.631	12.185	-40.581	10.838	-14.111	19.87	0.009041	26.473	-4.684
-0.63899	19.584	15.178	-3.1111	-12.536	-2.846	-1.7652	0.46742	2.8363	-1.8932	2.9709	-1.6299	2.7293	0.86646	-3.8841	106.83	-4.4978	-87.306	-11.983	135.26	-31.192	-32.931	3.9455	-31.698	37.333	5.6992	19.459	-50.973
-0.8484	26.36	11.14	-4.7781	-10.193	-2.4818	-2.0475	2.0743	0.12316	-1.37	3.6954	-1.0131	2.0148	0.62861	-8.3764	271.05	-161.53	-66.683	93.714	14.569	-11.292	64.276	-108.52	20.925	28.982	24.673	-28.579	-9.514
-1.2652	21.903	11.461	-5.2564	-8.8458	-1.4469	-0.3682	1.1777	-1.7168	-0.57597	3.2808	-0.60771	1.8775	0.4304	-16.674	-178.28	12.85	-19.13	53.884	41.397	67.173	-35.865	-73.6	31.763	-16.586	16.216	-5.491	-7.9283
-2.1028	11.271	13.294	-3.4205	-8.7836	0.92663	0.42006	0.86516	-4.1033	0.50902	2.213	1.0306	0.68944	0.057273	-33.504	-425.29	73.337	73.434	2.4879	94.94	31.53	-12.501	-95.459	43.4	-42.712	65.53	-47.524	-14.925
-3.2119	-1.3485	10.997	-1.0309	-5.9684	1.3016	0.9071	0.26033	-4.6032	1.7665	1.2306	1.3196	1.1087	-0.71561	-44.363	-504.78	-91.909	95.583	112.61	15	19.482	-24.193	-19.995	50.301	-39.297	11.562	16.769	-30.915
-4.6875	-14.268	7.3559	0.21985	-1.5701	3.1325	1.2879	-1.5293	-2.1696	2.921	0.8172	1.0556	-0.54858	-0.74488	-59.023	-516.79	-145.63	50.031	175.93	73.236	15.232	-71.585	97.345	46.179	-16.535	-10.558	-66.29	-1.1707
-5.4903	-14.987	1.3837	-1.7324	0.7239	4.2585	2.6848	-0.9178	1.0771	0.56529	0.15928	-0.33657	-2.6068	1.3288	-32.112	-28.754	-238.89	-78.089	91.758	45.039	55.876	24.46	129.87	-94.229	-26.317	-55.688	-82.329	82.947
-5.2881	-6.2279	-9.7035	-3.3227	1.5395	4.4318	3.7329	-2.0259	2.7547	-0.26656	0.11349	-0.31398	-0.17214	1.7357	8.0896	350.37	-443.49	-63.614	32.624	6.9291	41.922	-44.326	67.102	-33.274	-1.8316	0.90329	97.387	16.276
-4.628	0.63984	-16.679	-7.6383	-0.30684	5.1997	4.4164	-1.5601	1.7478	-0.78495	-0.10717	-0.35449	0.05366	1.7678	26.404	274.71	-279.04	-172.62	-73.854	30.718	27.342	18.632	-40.277	-20.736	-8.8265	-1.6202	9.0319	1.2829
-4.0085	5.6583	-21.079	-8.5686	-1.4843	4.7501	3.4529	-2.9408	2.5721	-0.33924	0.43833	1.1784	0.39846	1.498	24.777	200.74	-175.98	-37.213	-47.097	-17.982	-38.54	-55.227	32.971	17.828	21.82	61.316	13.792	-10.792
-3.855	7.9858	-22.36	-10.732	-2.2389	3.2467	2.8387	-4.0104	1.9838	0.86583	0.51355	1.6387	0.17799	0.18449	6.1417	93.097	-51.252	-86.549	-30.187	-60.137	-24.567	-42.784	-23.529	48.203	3.0086	18.412	-8.8187	-52.539
-4.0004	5.5841	-22.802	-8.3164	-2.8264	4.7912	3.5943	-3.9739	-0.1898	0.76202	1.0455	0.99758	-0.63505	0.84961	-5.8169	-96.066	-17.677	96.635	-23.497	61.777	30.224	1.4628	-86.945	-4.1526	21.279	-25.646	-32.521	26.605
-4.1736	3.2999	-22.207	-10.721	-3.3876	3.7715	3.8929	-2.0252	2.8486	0.22836	-1.2454	0.16739	-0.36816	1.411	-6.9262	-91.367	23.81	-96.198	-22.451	-40.786	11.943	77.944	121.54	-21.346	-91.639	-33.207	10.676	22.454
-4.3268	3.738	-19.779	-9.328	-2.1951	3.1023	4.4722	-2.323	1.2452	-0.033156	1.0352	2.337	-1.94	0.74554	-6.1299	17.524	97.096	55.734	47.703	-26.769	23.17	-11.911	-64.135	-10.461	91.225	86.783	-62.872	-26.617
-4.8519	-3.0369	-15.539	-8.4466	-3.9855	3.7305	6.8098	-1.076	0.36347	-0.64705	0.87822	2.4966	-2.6024	-0.42577	-21.003	-271	169.61	35.257	-71.616	25.127	93.504	49.881	-35.271	-24.556	-6.278	6.3863	-26.497	-46.852
-5.7659	-16.972	-12.973	-4.4429	-4.6158	2.1979	7.4878	1.0041	-1.3693	-4.4411	0.58105	4.3456	-1.2993	-0.76675	-36.561	-557.42	102.64	160.15	-25.215	-61.301	27.122	83.205	-69.309	-151.76	-11.887	73.958	52.125	-13.64
-7.3078	-24.751	-8.5475	-4.3191	-5.791	-1.6017	5.4687	2.1161	1.1841	-4.2253	-1.3525	2.6068	-0.3681	0.44815	-61.676	-311.16	177.03	4.9516	-47.006	-151.99	-80.767	44.479	102.13	8.6339	-77.341	-69.55	37.247	48.596
-7.942	-34.334	-5.0865	-2.311	-5.6681	-2.102	2.1097	0.086567	1.559	-2.3722	-1.4468	1.5421	-1.1746	1.2869	-25.366	-383.32	138.44	80.325	4.9142	-20.008	-134.36	-81.182	14.997	74.122	-3.7725	-42.589	-32.259	33.549
-8.7674	-44.626	-1.6502	1.3024	-6.0591	-4.8902	0.75823	1.0637	4.1321	0.65665	-2.3369	0.9102	-1.7594	0.46544	-33.017	-411.67	137.45	144.53	-15.64	-111.53	-54.059	39.087	102.92	121.15	-35.606	-25.275	-23.394	-32.858
-9.3957	-56.53	-4.0484	2.8965	-6.3822	-5.5469	0.08754	2.737	3.1128	-0.10043	-1.0812	1.3377	-1.4524	-1.0364	-25.13	-476.18	-95.925	63.766	-12.923	-26.267	-26.828	66.93	-40.771	-30.283	50.227	17.101	12.283	-60.072
-6.9952	-53.804	0.57712	10.13	-1.9206	-1.1907	1.6781	1.8576	2.0646	1.4355	-0.013107	1.1675	0.78825	-1.0607	96.017	109.06	185.02	289.34	178.46	174.25	63.621	-35.176	-41.926	61.435	42.725	-6.8107	89.624	-0.97238
-3.9318	-21.531	13.511	10.279	-0.49145	-6.2721	-3.8739	0.17262	1.688	0.4275	0.62066	-3.2867	0.74847	0.16825	122.54	1290.9	517.37	5.9559	57.167	-203.26	-222.08	-67.398	-15.064	-40.318	25.351	-178.17	-1.5915	49.157
-3.0786	-18.063	13.312	12.683	-2.1318	-6.1134	-4.2929	-1.2262	2.4454	-0.23055	1.7147	-3.7883	1.2884	-1.3172	34.128	138.74	-7.9624	96.151	-65.614	6.3486	-16.76	-55.953	30.293	-26.322	43.76	-20.063	21.597	-59.42
-2.4667	-16.296	16.002	11.002	-3.2637	-5.7677	-5.4704	-1.1388	2.7237	-0.70617	0.91594	-3.7015	0.67969	-0.8801	24.478	70.676	107.6	-67.223	-45.277	13.827	-47.101	3.4953	11.133	-19.025	-31.949	3.4722	-24.348	17.486
-2.0678	-10.502	16.134	10.131	-3.7152	-7.2522	-5.2785	-0.99052	2.6222	-0.77166	1.5122	-4.2446	0.0759	0.025665	15.953	231.73	5.2818	-34.856	-18.06	-59.379	7.6757	5.9321	-4.0604	-2.6195	23.849	-21.723	-24.151	36.231
-1.8536	-7.7227	16.579	9.3593	-5.5037	-7.944	-3.7465	-1.2898	2.5927	-0.24439	1.5983	-4.3811	0.39438	0.52607	8.5698	111.19	17.791	-30.855	-71.541	-27.671	61.28	-11.97	-1.1789	21.091	3.4435	-5.4614	12.739	20.016
-1.6568	-5.7452	17.391	6.9026	-5.2654	-8.2106	-4.456	0.044259	2.4478	0.19608	1.1477	-4.7763	1.4824	0.77914	7.8715	79.101	32.486	-98.269	9.5314	-10.667	-28.38	53.361	-5.7949	17.619	-18.021	-15.808	43.52	10.122
-1.3751	-2.2682	17.04	6.1716	-6.3236	-8.1592	-4.8398	0.41925	2.4901	0.19107	1.7113	-4.559	1.2714	1.103	11.268	139.08	-14.071	-29.237	-42.327	2.0555	-15.351	15	1.692	-0.20008	22.541	8.6929	-8.4392	12.953
-1.1353	2.4911	16.31	5.1554	-7.6335	-8.1159	-3.3518	-1.2646	3.6914	0.23841	0.96719	-3.6195	1.8749	0.69033	9.5915	190.37	-29.171	-40.648	-52.394	1.7352	59.519	-67.353	48.048	1.8934	-29.763	37.58	24.138	-16.505
-1.0623	6.0238	16.607	2.57	-8.7623	-6.1791	-3.9212	-0.81256	4.4209	-0.68913	0.31285	-2.1082	1.7907	0.72962	2.9196	141.31	11.885	-103.42	-45.154	77.469	-22.777	18.081	29.181	-37.101	-26.174	60.45	-3.367	1.5716
-1.1017	7.5985	16.553	0.60085	-8.8325	-4.963	-4.1332	0.31748	3.7134	-1.2089	0.80885	-2.7177	3.1244	0.93005	-1.5732	62.988	-2.1834	-78.766	-2.8069	48.647	-8.4782	45.201	-28.299	-20.793	19.84	-24.379	53.348	8.0172
-1.1838	10.643	15.461	-0.40038	-10.005	-4.1176	-3.0949	0.72323	3.3058	-1.3541	0.9232	-2.8259	3.5996	1.0083	-3.2842	121.79	-43.677	-40.049	-46.903	33.813	41.531	16.23	-16.304	-5.806	4.574	-4.3253	19.008	3.1305
-1.2824	12.353	15.425	-2.3139	-10.115	-3.0603	-1.812	-0.27972	3.9015	-2.6701	0.73078	0.047956	1.3074	2.5027	-3.9437	68.398	-1.4244	-76.539	-4.4018	42.295	51.316	-40.118	23.828	-52.642	-7.6967	114.95	-91.689	59.775
-1.4996	14.663	14.135	-3.997	-8.9999	-1.7545	-2.1967	0.95292	1.6808	-3.0211	1.9401	0.45831	1.0663	2.2745	-8.6906	92.374	-51.592	-67.327	44.611	52.232	-15.386	49.305	-88.829	-14.039	48.371	16.414	-9.6451	-9.1267
-1.8798	11.537	15.596	-5.7252	-8.1597	0.57664	-2.536	0.59933	1.0231	-3.8692	2.262	0.80696	1.4769	0.56226	-15.205	-125.03	58.407	-69.128	33.606	93.244	-13.574	-14.143	-26.307	-33.924	12.876	13.946	16.426	-68.491
-2.5485	6.4264	14.036	-4.0292	-8.5049	2.6084	0.013554	-1.9266	1.1456	-3.584	0.81182	0.93235	1.7837	0.074752	-26.751	-204.41	-62.395	67.84	-13.808	81.27	101.98	-101.04	4.901	11.408	-58.006	5.0157	12.272	-19.5
-3.6276	-1.8554	8.4868	-2.1828	-5.5642	-0.16231	4.1404	-2.6125	-1.3952	-1.1481	-2.6033	1.7985	1.7986	-0.23315	-43.162	-331.27	-221.96	73.859	117.63	-110.83	165.08	-27.437	-101.63	97.436	-136.6	34.646	0.59531	-12.316
-4.0194	-1.9665	11.019	-3.3184	-6.1682	0.90755	3.4935	-3.3108	-0.11135	-1.1453	-1.8511	2.0941	0.79083	-0.28648	-15.671	-4.4446	101.27	-45.426	-24.16	42.794	-25.876	-27.931	51.353	0.11478	30.086	11.823	-40.31	-2.1334
-3.1642	3.1445	14.639	-5.9994	-6.6053	0.87875	1.3787	-0.83204	-0.68503	-2.5099	0.21289	1.3148	1.6604	-1.4376	34.205	204.44	144.83	-107.24	-17.485	-1.1521	-84.591	99.152	-22.947	-54.584	82.561	-31.17	34.781	-46.047
-2.6913	5.3613	14.932	-5.5213	-7.1084	0.60442	0.62148	0.66826	-1.8225	-3.1152	0.95011	1.2031	2.0192	-1.698	18.917	88.673	11.69	19.123	-20.124	-10.973	-30.291	60.012	-45.497	-24.214	29.489	-4.4694	14.353	-10.414
-2.4732	5.8956	15.19	-4.7522	-7.6639	-0.42858	0.43725	1.9708	-2.6397	-3.5518	1.4554	1.3632	1.7192	-1.992	8.7224	21.369	10.334	30.763	-22.217	-41.32	-7.369	52.101	-32.689	-17.465	20.212	6.4056	-11.998	-11.762
-2.246	7.4555	15.757	-4.8533	-7.8188	-1.8383	1.1308	2.101	-2.7547	-3.5385	1.5103	2.0319	0.55196	-0.99033	9.0901	62.396	22.695	-4.0426	-6.1971	-56.391	27.742	5.2073	-4.5986	0.53155	2.1956	26.749	-46.691	40.069
-2.0913	5.7129	17.562	-4.888	-8.2746	-2.5261	1.3782	2.7263	-3.5677	-3.2175	1.3769	2.1604	0.072766	-0.20752	6.1869	-69.705	72.182	-1.3895	-18.233	-27.51	9.896	25.012	-32.52	12.842	-5.3349	5.1388	-19.168	31.313
-2.0324	4.8766	17.931	-3.7659	-8.7212	-3.5311	1.512	3.067	-3.8765	-2.4229	1.2558	1.7086	-0.30929	0.86307	2.3579	-33.449	14.769	44.884	-17.862	-40.2	5.3511	13.631	-12.355	31.784	-4.8442	-18.072	-15.282	42.824
-1.9262	4.2273	17.697	-1.4273	-10.518	-3.4426	1.3363	2.5714	-3.4402	-2.3295	2.2964	-0.11925	0.25367	1.0956	4.2472	-25.975	-9.3428	93.545	-71.873	3.5418	-7.0253	-19.825	17.452	3.736	41.625	-73.115	22.518	9.302
-1.8905	1.2816	18.194	1.8696	-12.468	-4.0954	2.3089	0.42661	-2.5857	-1.3205	2.1699	-1.5581	1.3854	0.90233	1.4266	-117.83	19.857	131.88	-77.99	-26.113	38.901	-85.792	34.18	40.358	-5.0638	-57.553	45.271	-7.7318
-1.9066	0.53875	16.42	3.1038	-9.7422	-6.7606	0.73567	1.3591	-1.766	-1.3613	0.94086	-1.0772	0.75903	2.0342	-0.6419	-29.716	-70.961	49.367	109.02	-106.61	-62.928	37.301	32.791	-1.6299	-49.16	19.236	-25.056	45.274
-2.0678	5.6073	8.4109	9.3408	-9.2356	-8.2515	-1.5597	0.67255	2.4992	-3.0483	0.40278	-1.5391	1.4802	3.1744	-6.4494	202.74	-320.36	249.48	20.266	-59.636	-91.813	-27.464	170.61	-67.482	-21.523	-18.476	28.848	45.607
-2.4175	3.2409	8.3531	8.3924	-6.7505	-7.635	-3.5061	0.45556	4.4574	-3.496	0.25066	-1.4479	1.8687	2.6484	-13.986	-94.656	-2.3138	-37.934	99.402	24.661	-77.857	-8.6793	78.328	-17.909	-6.0847	3.6466	15.538	-21.04
-2.05	-7.0505	14.502	0.90676	-3.8339	-3.545	-4.2206	-1.4727	2.0746	-0.42783	1.5088	-2.5394	1.5313	1.1334	14.696	-411.66	245.97	-299.43	116.66	163.6	-28.581	-77.131	-95.313	122.73	50.326	-43.659	-13.494	-60.599
-2.216	-2.9231	17.071	2.3926	-5.8021	-6.3209	-6.7468	-1.6053	5.3825	0.56786	-0.62097	-3.0954	2.4664	2.5265	-6.6398	165.1	102.76	59.435	-78.725	-111.04	-101.05	-5.3033	132.32	39.827	-85.191	-22.239	37.401	55.726
-2.1438	-5.1392	12.085	3.6895	-3.1741	-6.3722	-5.2533	-0.65797	5.7502	-0.53667	0.53666	-2.744	2.1588	2.7594	2.8907	-88.644	-199.46	51.874	105.12	-2.0513	59.741	37.893	14.708	-44.181	46.305	14.054	-12.302	9.3139
-1.8142	-2.0623	15.687	3.0051	-3.752	-8.6934	-6.8004	0.87859	6.0693	-0.2681	-0.51581	-2.4085	2.5612	1.2388	13.181	123.08	144.08	-27.375	-23.118	-92.849	-61.885	61.463	12.765	10.743	-42.099	13.423	16.096	-60.825
-1.4227	2.7579	14.005	2.3393	-1.8881	-11.127	-6.3435	0.62487	6.7699	0.27891	-0.044397	-1.2958	1.408	1.8217	15.661	192.81	-67.252	-26.631	74.559	-97.338	18.276	-10.149	28.021	21.88	18.857	44.507	-46.127	23.316
-1.4333	3.0067	14.262	1.3153	-1.5968	-11.659	-4.4981	1.7605	5.1799	-0.24759	-0.6959	0.54888	2.4337	1.0778	-0.42204	9.9515	10.275	-40.963	11.651	-21.276	73.818	45.427	-63.597	-21.06	-26.06	73.786	41.026	-29.756
-1.2577	3.7976	14.661	1.4272	-1.7559	-12.575	-3.8812	2.6366	4.1564	-0.33026	-0.61467	0.35871	3.4814	0.43477	7.023	31.636	15.951	4.4766	-6.3651	-36.636	24.677	35.041	-40.94	-3.3071	3.2495	-7.6072	41.91	-25.721
-1.059	7.6419	14.281	0.65455	-2.408	-12.904	-3.191	2.8191	4.0402	-0.77959	0.34267	-0.48112	3.5061	0.25901	7.9474	153.77	-15.184	-30.905	-26.084	-13.166	27.605	7.2994	-4.6477	-17.973	38.293	-33.593	0.98854	-7.0301
-0.88496	11.06	14.103	-0.68948	-2.6754	-12.653	-2.7953	2.4025	3.8799	-0.39081	-0.20603	0.1984	2.8007	0.12892	6.9613	136.73	-7.1552	-53.761	-10.697	10.041	15.829	-16.662	-6.4147	15.551	-21.948	27.18	-28.216	-5.2038
-0.80399	13.796	14.059	-1.7272	-2.9657	-11.909	-3.3017	1.7442	5.3031	-0.85271	-0.60942	0.36827	2.8768	-0.26791	3.2388	109.42	-1.7387	-41.507	-11.61	29.768	-20.256	-26.332	56.93	-18.476	-16.136	6.7949	3.0407	-15.873
-0.68935	16.558	12.242	-0.45359	-3.9062	-10.889	-3.9552	1.8619	5.4032	-0.80906	-0.86093	0.87054	2.4343	-0.49264	4.5856	110.5	-72.669	50.943	-37.622	40.797	-26.138	4.7058	4.0046	1.746	-10.06	20.091	-17.7	-8.9894
-0.64904	15.373	13.32	-0.24443	-2.3698	-12.749	-3.2871	2.9365	3.6514	0.9108	-1.8675	1.501	1.7622	-0.17488	1.6126	-47.393	43.093	8.3663	61.458	-74.413	26.721	42.986	-70.074	68.794	-40.262	25.219	-26.882	12.711
-0.65101	14.677	13.046	0.16184	-2.468	-12.736	-4.1797	3.422	3.3716	0.52825	-1.9953	1.3851	1.2052	0.47523	-0.078985	-27.871	-10.937	16.251	-3.9306	0.50996	-35.704	19.419	-11.19	-15.302	-5.1113	-4.6385	-22.282	26.004
-0.78417	10.44	14.805	0.85092	-1.8996	-13.664	-3.3334	3.8509	2.1761	1.5633	-2.8186	1.8328	0.63383	0.86141	-5.3264	-169.47	70.364	27.563	22.736	-37.124	33.852	17.158	-47.822	41.403	-32.934	17.909	-22.853	15.447
-0.96226	8.4647	15.229	1.095	-2.9951	-11.425	-3.1938	1.7138	3.4068	0.67133	-3.3779	1.5338	0.40721	1.3027	-7.1234	-79.012	16.956	9.7646	-43.818	89.574	5.5861	-85.485	49.23	-35.68	-22.37	-11.961	-9.0646	17.653
-1.3151	9.5884	14.156	0.59666	-1.8927	-10.325	-3.6811	3.7076	1.5191	0.14752	-2.9236	0.0036707	1.9819	0.40898	-14.112	44.947	-42.923	-19.935	44.097	44.006	-19.494	79.75	-75.509	-20.952	18.172	-61.203	62.987	-35.75
-1.6848	11.516	12.027	-0.26939	-0.03631	-9.6575	-1.5269	2.2349	1.3797	-0.91765	-3.7533	0.72188	2.7113	0.20134	-14.791	77.124	-85.176	-34.642	74.254	26.695	86.17	-58.906	-5.5766	-42.607	-33.189	28.729	29.177	-8.3055
-2.0581	14.398	9.6052	-1.0391	0.094466	-7.4175	0.0071847	1.8747	0.13003	-2.2076	-4.605	2.6854	2.372	1.0109	-14.93	115.27	-96.867	-30.787	5.2311	89.6	61.363	-14.409	-49.986	-51.599	-34.069	78.54	-13.573	32.383
-2.4133	17.539	4.3052	0.18067	-1.0557	-2.4515	1.1449	1.4739	-2.547	-2.9998	-2.2253	3.2359	2.1186	-0.75747	-14.211	125.64	-212	48.789	-46.007	198.64	45.509	-16.032	-107.08	-31.686	95.189	22.022	-10.135	-70.735
-2.954	21.397	-1.8462	1.6338	-0.6851	1.9094	1.407	-0.5258	-2.7365	-1.4122	-1.0099	1.8174	0.10991	-1.5796	-21.625	154.32	-246.06	58.125	14.824	174.44	10.484	-79.988	-7.58	63.505	48.616	-56.741	-80.348	-32.885
-3.4645	13.121	-1.5039	-0.7838	4.805	3.1642	1.4942	-1.3681	-2.2428	0.78426	-1.4963	0.44891	-1.743	0.27317	-20.42	-331.05	13.692	-96.704	219.6	50.194	3.4895	-33.69	19.746	87.857	-19.457	-54.74	-74.118	74.11
-3.9802	5.5853	-3.6534	-0.27336	6.9879	4.7484	-0.18059	-0.098785	-0.65544	1.8099	-2.2745	0.46889	-1.2712	0.85288	-20.628	-301.44	-85.979	20.417	87.318	63.368	-66.993	50.771	63.496	41.025	-31.127	0.79924	18.873	23.188
-4.4595	2.1481	-6.7852	0.60455	9.4624	4.0031	-1.8951	2.3269	-0.077	2.0466	-1.2432	-0.5193	-0.41597	0.054671	-19.174	-137.49	-125.27	35.116	98.978	-29.811	-68.581	97.027	23.137	9.4675	41.25	-39.528	34.21	-31.928
-4.7421	-2.0263	-8.4171	1.8381	10.088	2.8686	-1.2288	4.0148	-0.087643	1.6889	-1.0969	-0.4562	-1.7004	0.91425	-11.302	-166.97	-65.273	49.341	25.011	-45.38	26.655	67.516	-0.42573	-14.307	5.8537	2.5238	-51.379	34.383
-5.031	-9.2027	-10.793	4.0421	12.711	1.738	-0.47685	3.8703	-0.81023	1.3486	-0.21524	-1.2619	-1.2117	1.0034	-11.558	-287.06	-95.041	88.161	104.94	-45.225	30.076	-5.7785	-28.903	-13.612	35.265	-32.227	19.551	3.5673
-5.159	-10.043	-12.324	5.3281	11.935	0.84131	0.70163	3.9861	-0.35801	1.3678	-1.0091	-1.1726	-1.6284	1.4783	-5.1194	-33.627	-61.23	51.442	-31.039	-35.868	47.139	4.6303	18.089	0.76983	-31.755	3.5695	-16.668	18.993
-5.1092	-7.9637	-12.425	5.8766	11.765	1.7245	0.061645	4.1776	-0.85461	0.94846	-0.61728	-1.4867	-1.6392	1.797	1.9903	83.188	-4.0333	21.94	-6.8043	35.327	-25.599	7.6615	-19.864	-16.775	15.674	-12.564	-0.43191	12.751
-4.8094	-2.9005	-11.746	5.777	11.785	1.315	0.2817	3.7031	-0.75375	0.92754	-0.89701	-0.80251	-1.8635	1.89	11.995	202.53	27.156	-3.9834	0.77775	-16.38	8.8023	-18.98	4.0344	-0.83698	-11.189	27.369	-8.9725	3.7206
-4.4747	0.46729	-9.5107	5.2176	11.224	1.6782	-0.79424	3.7521	-0.64494	0.70562	-0.6132	-0.74848	-1.3999	1.023	13.386	134.71	89.401	-22.379	-22.433	14.529	-43.038	1.9585	4.3523	-8.8767	11.352	2.1614	18.545	-34.683
-4.1526	3.9107	-8.8119	4.702	11.294	2.3029	-1.4907	3.5032	-0.28652	0.4312	-0.58187	-1.167	-1.2977	1.1183	12.885	137.73	27.954	-20.624	2.7998	24.987	-27.859	-9.9559	14.337	-10.977	1.2534	-16.741	4.0861	3.8146
-3.8308	9.1237	-8.8281	3.7191	11.117	2.4897	-1.3948	2.7113	0.23923	-0.072795	-0.5192	-1.1381	-1.0972	0.86995	12.872	208.52	-0.64681	-39.313	-7.0812	7.4732	3.8376	-31.676	21.03	-20.16	2.5068	1.1582	8.0218	-9.9355
-3.6367	9.6509	-7.3343	2.8843	11.198	2.6235	-1.3271	1.8202	0.79847	-0.49564	-0.64131	-0.92006	-0.96989	1.0322	7.763	21.086	59.749	-33.395	3.2689	5.3521	2.7071	-35.642	22.37	-16.914	-4.8845	8.7196	5.0909	6.4896
-3.5403	9.9924	-5.7445	1.8148	11.323	2.6443	-1.5361	1.1563	0.82163	-0.46508	-0.71074	-0.49196	-1.0702	0.72985	3.8556	13.662	63.592	-42.779	4.9969	0.83335	-8.3579	-26.556	0.92626	1.2222	-2.7771	17.124	-4.0137	-12.094
-3.441	12.17	-5.8636	1.3762	11.076	3.5085	-2.267	1.0378	0.59913	-0.7229	-1.1197	-0.67417	-0.68199	0.27387	3.9711	87.087	-4.7627	-17.541	-9.9031	34.567	-29.238	-4.7426	-8.9	-10.313	-16.36	-7.2882	15.53	-18.239
-3.3805	12.495	-5.4928	1.3366	10.561	3.5933	-2.1692	0.4552	0.8933	-0.81695	-1.2764	-0.89573	-0.88868	0.63617	2.4211	13.001	14.834	-1.5852	-20.578	3.3921	3.9138	-23.303	11.767	-3.7621	-6.2667	-8.8627	-8.2676	14.492
-3.314	10.542	-3.0929	0.15002	10.447	3.7478	-2.5048	0.11698	0.57693	-0.78075	-1.2782	-1.5904	-0.21365	-0.094057	2.6591	-78.107	95.995	-47.464	-4.5757	6.1781	-13.427	-13.529	-12.655	1.4479	-0.072727	-27.788	27.001	-29.209
-3.1364	13.364	-4.0292	1.7588	8.0881	4.6575	-2.7394	-1.5119	1.668	-2.0216	-0.94791	-2.3023	0.1258	-0.34287	7.1053	112.87	-37.454	64.349	-94.356	36.391	-9.3847	-65.154	43.642	-49.633	13.212	-28.475	13.578	-9.9525
-2.7538	12.12	-0.097486	0.047367	6.5025	5.4239	-2.71	-2.4856	0.44078	-1.2816	-1.7089	-2.0849	-0.092518	0.018921	15.303	-49.731	157.27	-68.455	-63.422	30.656	1.1759	-38.948	-49.088	29.598	-30.441	8.6966	-8.7325	14.472
-2.5291	21.739	-3.2954	1.3248	5.3597	3.4342	-0.30648	-5.7002	0.67061	-0.94308	-1.7523	-2.0222	-0.68302	0.60111	8.988	384.76	-127.92	51.097	-45.713	-79.589	96.142	-128.58	9.1932	13.542	-1.735	2.5081	-23.62	23.288
-2.4603	14.363	4.9851	-1.9469	2.6655	4.4183	-0.52903	-5.147	-1.3866	0.985	-1.6119	-1.301	-0.5903	0.57765	2.7522	-295.07	331.22	-130.87	-107.77	39.364	-8.9018	22.126	-82.288	77.123	5.6162	28.849	3.7089	-0.93877
-2.4166	13.322	7.2057	-2.615	-0.54	5.2523	-0.26038	-4.5742	-3.6863	2.0522	-0.58641	-1.286	-0.047318	0.39181	1.7473	-41.623	88.822	-26.723	-128.22	33.359	10.746	22.914	-91.987	42.688	41.02	0.59928	21.719	-7.4334
-2.5313	17.82	5.4019	0.058788	-4.1099	2.4189	3.2843	-6.523	-1.9551	-1.1559	2.5661	-1.4459	-0.98043	1.3263	-4.5882	179.93	-72.149	106.95	-142.8	-113.34	141.79	-77.954	69.245	-128.33	126.1	-6.3968	-37.325	37.38
-2.4011	20.25	3.5105	1.0114	-6.3352	1.0731	5.6816	-6.403	-1.6445	-2.3967	3.5035	-0.461	-1.1235	0.79712	5.2096	97.171	-75.657	38.103	-89.01	-53.832	95.891	4.8008	12.426	-49.632	37.495	39.396	-5.7228	-21.168
-2.4512	7.395	11.134	-2.9052	-6.2899	0.75211	4.3144	-2.4695	-6.0717	0.55925	1.2157	1.825	-2.004	0.96713	-2.005	-514.18	304.94	-156.66	1.8108	-12.839	-54.689	157.34	-177.09	118.24	-91.511	91.44	-35.221	6.8006
-2.6138	5.7535	10.9	-1.3942	-8.082	-0.0051008	5.0424	-2.2424	-6.4238	-0.29723	1.0015	3.1205	-2.3635	0.62684	-6.5019	-65.659	-9.3517	60.44	-71.684	-30.288	29.121	9.0839	-14.081	-34.259	-8.5701	51.82	-14.381	-13.612
-3.0039	7.3872	10.5	-0.50638	-9.9476	0.9116	3.985	-0.7051	-6.2075	-1.778	2.3646	1.9868	-1.6769	0.19268	-15.605	65.345	-16.016	35.511	-74.624	36.668	-42.295	61.493	8.6502	-59.233	54.525	-45.348	27.466	-17.366
-3.1644	0.48848	9.4937	1.5459	-10.641	0.79266	5.4863	-1.7752	-3.259	-2.8175	2.0426	2.6393	-1.4295	-0.48661	-6.4206	-275.95	-40.238	82.09	-27.721	-4.7576	60.051	-42.805	117.94	-41.578	-12.882	26.1	9.8971	-27.172
