-5.14598333333333 -0.116890333333333 3.82657333333333 -0.395282666666667 -1.52392033333333 -1.391197 0.272514966666667 0.180879966666667 0.152135346666667 -0.683171166666667 -0.3268406 0.36002 0.325336033333333 -0.122268633333333 43.0200543333333 795.785333333333 108.668346666667 -55.8415333333333 -47.9587 -69.6364866666667 -39.6254613333333 -13.5948633333333 -15.6886366666667 -7.09700666666667 -17.3169066666667 16.1377536666667 -6.94013433333333 0.756916666666667
-7.20935714285714 -40.7425714285714 1.55218564285714 1.2476375 3.16923714285714 3.70760142857143 0.463828328571429 -0.727433571428572 0.300237 0.113347214285714 0.345285714285714 -0.899434285714286 0.871229142857143 0.649061142857143 -109.480507142857 -1523.25714285714 -151.174642857143 152.069428571429 52.2605642857143 38.6908714285714 85.5020714285714 84.0032214285714 10.521145 -13.2702614285714 55.4878785714286 -11.1644642857143 28.0759785714286 29.5852357142857
-5.60995652173913 -10.226947826087 3.631 4.44368608695652 1.15106826086957 0.633345826086957 0.697888260869565 -0.340209869565217 -0.188795173913043 -0.28904247826087 0.257968652173913 0.000584869565217382 -0.121347217391304 -0.154386926086956 54.5009173913044 457.060869565217 572.165652173913 76.969547826087 -46.5014130434783 -3.73686956521739 -72.718352173913 -50.0414130434783 -36.9772173913044 -12.9884208695652 -7.36186086956522 -6.7535347826087 -15.7452695652174 -15.9303452173913
-6.74386341463415 -22.8300543902439 -0.46015243902439 -1.08800097560976 -0.349439024390244 0.447454682926829 1.03330631707317 -0.0438035609756097 0.19471787804878 0.0539398048780488 0.00954268292682925 -0.163222463414634 0.0437485414634146 -0.00886492780487808 -37.7235092682927 -682.035853658537 93.769737804878 68.3148512195122 7.1850512195122 23.90693 26.2768234146341 -2.28001707317073 13.1372248780488 -12.3654126829268 -4.65568536585366 -11.4614856097561 -7.29767878048781 -7.65175090243903
-5.40563526881721 -8.33958505376344 0.287687204301075 1.40009020430108 0.257330860215054 0.485476193548387 0.375086847311828 0.0980163376344086 -0.232644107526882 -0.326816182795699 0.139278569892473 -0.00712284946236563 -0.106291541935484 0.107704849462366 -16.9790783870968 -266.588279569893 25.5902579569892 23.1938408602151 30.7040623655914 23.15278 5.46072139784946 5.84670086021506 -1.19730226881721 -0.0820500634408604 1.01881229032258 -9.85936365591398 0.142301720430108 6.97306595268817
-6.91075 -8.2035625 -7.5898875 -7.2226 -0.1402275 0.4555175 0.14742 0.1584880375 -0.68158625 -1.14800625 1.7487575 -1.8226 0.3326175 0.43980287625 197.06125 2490.8875 152.32475 -375.14625 -50.436625 -141.910125 -86.67875 -84.761875 -74.0635375 -6.0979375 70.270125 -19.721675 -2.6533875 3.465875
-5.42609090909091 -4.17222909090909 -0.763713090909091 0.268625818181818 3.30646545454545 1.82657340909091 1.14090363636364 -0.901239090909091 -0.124803318181818 -0.0804565454545454 0.103923090909091 0.139770272727273 -0.373264272727273 -0.454716954545455 35.8936227272727 -28.5365863636364 352.958636363636 26.5279409090909 41.5363227272727 88.8403181818182 -1.72690909090909 -9.49032272727272 -13.7236409090909 17.6223486363636 -0.284150909090909 24.257794 -25.1598124545455 -11.0541318181818
-4.11400822222222 3.757485 2.26267333333333 0.132977488888889 -1.41158897777778 -1.944597 -0.242037522222222 0.472566066666667 0.0515816888888889 0.510557711111111 -0.360588988888889 0.2848598 0.00502873888888889 -0.301353948888889 12.0675682222222 202.621777777778 24.4680766666667 -41.4456943333333 -11.718809 -11.1196048888889 -3.41668555555556 5.63588301111111 2.95305777777778 1.43866133333333 -7.85912555555556 7.00762974444444 -1.41664098888889 -5.72162666666667
-7.49004074074074 -26.4752925925926 -10.1994042888889 1.35669531851852 0.78016037037037 1.54013014814815 1.95160592592593 0.434431851851852 0.624133703703704 -0.0131531851851852 0.0719442962962963 -0.412168518518518 0.532755888888889 0.0795453333333333 -33.3897185185185 -458.834814814815 -161.497851851852 -14.8707518518519 14.1406814814815 28.4405040740741 45.3511304814815 21.5116111111111 27.3003851851852 0.780405925925927 -6.73653703703703 4.19137777777778 10.276562962963 -12.0089333333333
-3.83591832352941 7.61939014705882 3.1019737254902 -0.472810259803922 -0.0570553480392159 0.560095250000001 -0.660459619607843 -0.501339264705882 -0.570100638333333 0.239763242107843 -0.20249975 0.087268612254902 0.0115034705882353 0.000439465882352997 -6.43265811764706 -94.4728171568627 -2.25049789215686 16.2666511372549 5.72632634313725 6.31432046078431 5.89521240196078 1.3435902254902 -2.58856421568627 -0.689557794117648 -0.385999004901961 0.967958995098039 -1.03355176960784 4.58972901960784
-6.10723333333333 -1.57917333333333 -6.47995 -4.88101666666667 -1.5981022 -1.63093 1.51873933333333 0.308636333333333 -1.127722 -0.140815466666667 0.0382556666666667 -0.590551066666667 0.367492933333333 0.20469922 84.0206533333333 1614.37333333333 36.8874 -193.559693333333 -83.6309966666667 -121.4187 -46.4769333333333 -59.1570466666667 -57.5762933333333 12.2289866666667 -11.45834 2.34656666666667 -10.9159533333333 -9.25883333333333
-5.75373529411765 -1.04390441176471 -9.86920117647059 4.22699705882353 3.28628794117647 0.947574117647059 1.9906955 -0.5463845 0.107745588235294 -0.405802941176471 0.0301654705882353 -0.581742882352941 -0.278490235294118 0.0240787941176471 -18.6391382352941 -62.8549973529412 -294.403823529412 58.6805411764706 7.38956470588235 -19.8622176470588 40.7786470588235 9.48089117647059 35.6026294117647 10.1936055882353 1.16100088235294 -0.520780588235292 6.05259117647059 3.86836852941176
-4.41341674418605 4.55239325581395 -2.14818372093023 0.49962 -0.684456790697675 -1.967519 0.398732093023256 -0.0348303953488371 0.0613367209302326 -0.14111311627907 0.0601692558139535 -0.0300177674418604 -0.0244834441860465 0.358299767441861 26.6159430232558 424.271627906977 -130.433118604651 -47.0074744186047 -25.0023279069767 -45.967088372093 -6.75046279069767 -7.42901325581395 -3.09877209302326 5.30115418604651 -2.61132069767442 12.0103098139535 5.25775139534884 -1.21520046511628
-3.82279674698795 11.0158924497992 1.02045421686747 -1.10266587951807 -0.254138546184739 -0.471423875903615 -0.825151453815261 0.217981317269076 0.43878092369478 0.058289697991968 0.0114189851405623 0.158244552208835 -0.130727515261044 -0.0241211678714859 2.58998638554217 40.6985876506024 -3.22605317670683 -3.75329044578313 2.01415031726908 1.9907705502008 -4.4953465060241 -1.54337157028112 -0.918638630522087 1.51076004819277 0.990409662208836 -2.86350702811245 0.729557951807229 -0.139452688755021
-8.22953684210526 -38.757947368421 -5.48558421052632 2.0741352631579 0.153353157894737 1.82817263157895 1.69348536842105 0.476776263157895 -0.433040678947368 -0.794697210526316 0.96219047368421 -0.280712105263158 0.463894210526316 0.0180859473684211 -71.6891578947368 -936.534736842105 -326.629210526316 126.640010526316 60.0661789473684 30.1205263157895 13.3516873684211 38.497947368421 37.6181736842105 -26.6685052631579 2.54852789473684 2.58227894736842 26.1953647368421 -2.50223684210526
-8.18293043478261 -27.9419782608696 -14.6178882608696 2.1512548173913 0.57825 2.02643782608696 1.53264243478261 1.04101817391304 0.948579565217391 -0.315312956521739 0.692479565217392 -0.68759352173913 0.262602173913043 0.270186739130435 -28.6316173913043 -144.6163 -229.360869565217 -92.6774739130435 -99.6954973913044 -13.2382695652174 -8.1178 10.3626347826087 11.3816913043478 7.37628695652174 16.8380217391304 1.90964782608696 -2.63710869565217 -10.801772173913
