-4.1708804 12.653416 -3.3240448 4.1625348 2.2148068 1.7711688 -1.6481496 -0.96852156 0.3432624 0.0446488 0.15142396 -0.3328044 -0.0285422 -0.28761432 -12.0007444 28.230192 -188.85692 161.63168 -55.199336 62.75752 5.2366664 12.464716 -7.588508 -7.899728 19.368684 -30.075124 11.4695348 -20.2530268
-6.24295238095238 -1.57994719047619 -1.62859047619048 0.395823190476191 -1.23302 0.996872857142857 0.591462857142857 0.151657142857143 -0.996324571428571 0.290861904761905 0.237233571428571 -0.534453428571429 0.976670666666667 -0.456019523809524 32.2085523809524 969.611428571428 -103.74419047619 -139.449442857143 -32.713 -55.8395571428572 24.68927 -27.5398380952381 -24.6108571428571 26.9556476190476 16.9940428571429 4.49669047619047 13.9856523809524 2.79591904761905
-5.76118888888889 5.89762222222222 -6.16887444444444 -6.88690888888889 -2.39833333333333 -0.506773333333333 0.0718100000000001 0.751651455555555 -0.165722222222222 0.745789888888889 0.261971111111111 0.175100666666667 -0.581032 0.113920555555556 215.806 2562 191.201333333333 -270.924777777778 0.809122222222222 -137.219555555556 -58.8246666666667 -89.626 -27.1225555555556 54.7642777777778 -23.4660222222222 -8.82277777777778 -38.8545222222222 34.6776444444444
-9.3479 -40.2506555555555 -6.70583444444444 0.178094444444444 -1.82831166666667 3.56427227777778 1.92065722222222 1.89068894444444 -0.297942111111111 -0.590303222222222 -0.374527444444445 -0.191436222222222 0.530947777777778 -0.932286277777778 -101.134977777778 -805.999444444445 -360.591666666667 -81.8536111111111 -82.3261166666667 42.9534555555556 72.692 76.0625111111111 23.8557333333333 -2.27899444444445 13.0618666666667 12.9039072222222 0.882522222222223 -18.8575222222222
-4.04901488970588 7.63957808088235 1.6363860257353 -0.876027301470588 -0.293496014705883 -1.47132068860294 0.0847525294117645 -0.131783263235294 0.322517647058823 -0.0965508963235295 -0.0487881165441177 0.26610684367647 -0.022186529485294 0.311915494117647 1.71752834558823 49.4897033455883 -13.4527238602941 -7.54818379779412 6.38288050735294 -2.58439948529412 -3.02071128676471 -9.41299694852942 5.44300584558824 2.09864143382353 -1.77458668014706 0.201270735294117 0.672063304044118 2.49290158088235
-6.2107 0.841905 -5.3947905 -1.78311465 -2.1166995 -0.36607779 0.39507155 0.84255425 0.43527805 -0.027526605 0.0777715 -0.6122701 0.406094 -0.1349662 113.405085 1561.155 85.6083 -46.4834 4.7332 -101.787605 -58.393855 -78.13305 8.53966 4.9831535 2.11016 -21.79395 -11.699115 30.2529985
-8.16938888888889 -23.7057351111111 -16.3972833333333 2.43766266666667 -2.02388527777778 2.86395358333333 1.33605261111111 1.73518027777778 0.865278805555556 0.127632 0.856121638888889 -0.748790611111111 0.587800277777778 -0.803935833333333 -16.6153157777778 -96.2873055555556 -242.011305555556 -85.8159444444445 -84.03025 -39.3859486111111 -0.557969444444443 21.0108638888889 13.67305 6.05688611111111 5.74726944444444 11.0803888888889 11.0751638888889 -7.35819166666667
-6.22010689655172 -14.0774013103448 0.190983517241379 0.574910793103448 -0.112434379310345 1.8391237816092 0.193370333333333 0.25249124137931 -0.513149864367816 -0.130630333333333 -0.230212643678161 0.00431620114942529 0.214003885057471 -0.442353459770115 -19.5847864367816 -311.163333333333 -45.6492177850575 37.5246931034483 -3.11314954022988 20.7603772413793 5.77917172413793 19.7521078965517 2.22318609195402 -12.0197252873563 2.85523931034483 1.01060229885058 13.430356091954 -3.02661712643678
-5.36579545454545 5.98088181818182 -12.1925913636364 2.11043286363636 2.28376318181818 2.26223636363636 0.374658045454546 0.0892790909090909 0.107784227272727 0.271201545454545 0.908711681818182 -1.01118536363636 0.2300195 -0.245817272727273 5.36376454545455 312.745 -372.228181818182 39.3578772727273 -20.9411681818182 -47.9849436363636 30.3024409090909 4.99452363636364 9.14358636363636 6.71471363636363 5.17677136363636 -11.1224454545455 8.53072272727273 -4.16164681818182
-7.86155384615385 -38.1758107692308 -2.93455911538462 2.77335384615385 -0.731880384615385 3.96126080769231 1.15438538461538 0.885908346153846 -1.20595384615385 -0.290047353846154 0.486178 -0.00703030769230765 0.625834380769231 -0.770985115384615 -102.480467961538 -1342.55 -123.012153846154 102.986373076923 -55.8069846153846 78.1050615384615 58.0762273076923 74.6538307692308 22.7145542307692 -16.3174961538462 16.8221 19.1708846153846 36.2237023076923 -23.2613769230769
-4.4658797979798 6.05266666666667 2.5801197979798 -1.05182505050505 -1.30962856565657 -1.38595517171717 0.045560606060606 -0.134524648484849 -0.182060202020202 0.227947377777778 -0.0569261616161617 0.178766757575758 0.0122656767676767 0.15184004040404 11.7707563939394 276.145858585859 29.4550919191919 -69.1593888888889 -10.0763294949495 -21.1459718181818 5.61809323232323 -5.26309464646465 1.22373424242424 9.96368871717172 -1.92057151515151 3.85915222222222 -8.05149393939394 2.03037191919192
-4.36201526548673 5.10093729646018 1.55269614159292 -0.0714546725663716 1.0462127699115 -0.707357 -0.43573074159292 -0.292490013716814 0.352383704424779 0.0266601827433627 -0.121308491150443 0.135706862831858 -0.249539851814159 0.288486602654867 -4.89703709734513 -92.2024835840708 22.3782566238938 4.86181661061947 10.3732811504425 11.537722960177 -0.0574529469026578 6.95543805309734 -3.66268473451327 1.49019839380531 1.21965637168142 -4.01762905752212 -3.73507688053097 0.477764663716814
-4.9415 3.71790970588235 -0.834164705882353 -0.810087944117647 1.81952917647059 0.622767791176471 -0.904182794117647 -0.677793058823529 -0.9242235 0.577766764705882 0.1139439 0.214817970588235 -0.154051911764706 -0.120038235294118 -8.16044470588235 -387.194411764706 238.3255 -12.8421970588235 43.31295 2.37143529411765 -21.1487647058823 -13.7246488235294 -15.9407029411765 13.8498235294118 -4.60804514705882 14.4138220588235 -15.4923444117647 9.82441470588235
-5.20158 -1.543403 0.8865145 2.948572 1.8414785 1.5582875 0.603067 0.3125363 -0.289249 -0.1051255 0.022807 -0.517586 -0.4751 -0.73685045 55.11808 57.574035 476.472 147.686 98.978185 36.75157 -11.48308 -44.4611215 -27.76015 -22.98563 -28.2873 2.168725 -14.636935 -11.621314
-6.00018684210526 -13.5364128947368 3.60540210526316 1.18990255263158 0.662165210526316 2.1184352631579 -0.931643684210526 -0.150701842105263 -1.02949473684211 -0.153883423684211 -0.308601710526316 -0.787333684210526 -0.226289078947368 -0.236013421052632 -32.7952042105263 -676.300789473684 7.54625371052632 116.596018421053 34.1215421052631 43.8116421052632 -6.6937947368421 36.1309247368421 3.17406052631579 -38.2061502631579 -6.51820947368421 -8.69346105263158 1.70054157894737 -13.3666955263158
-5.5789125 -4.19092916666667 5.90979166666667 0.31951125 -1.334815 1.29479265416667 0.311691041666667 -0.34431125 -0.835027083333333 -0.351616958333333 0.181435208333333 -0.213097091666667 -0.366747291666667 -0.38254125 64.8530841666667 537.266666666667 455 -8.91324458333334 12.7658916666667 -46.5940166666667 -47.9587083333334 -78.5066666666667 -38.4699083333333 -7.7978125 -16.6412208333333 12.4681420833333 -15.3223583333333 21.2891208333333
