-5.1341	30.037	-15.773	-1.9001	-0.79824	-6.3392	4.5226	-2.6334	0.99985	-3.8925	-2.0767	2.6634	1.9025	-1.6596	0	0	0	0	0	0	0	0	0	0	0	0	0	0
-3.3809	25.522	-6.1353	5.14	4.8683	-2.9651	1.9405	-5.8276	1.1954	-0.53555	-1.0911	-0.65559	1.5671	0.48552	70.127	-180.63	385.51	281.6	226.66	134.96	-103.28	-127.77	7.8213	134.28	39.421	-132.76	-13.416	85.804
-2.464	35.431	3.254	-2.7828	4.9005	-2.5813	-1.5508	-5.574	0.78338	0.65775	0.55584	-0.78563	0.7354	0.42942	36.675	396.37	375.57	-316.91	1.2897	15.35	-139.65	10.144	-16.48	47.732	65.878	-5.2014	-33.266	-2.2442
-2.1708	37.868	3.9039	-3.7791	2.3194	-3.1554	0.22007	-3.5888	-0.07265	0.84003	1.1251	0.43276	-1.6293	0.36431	11.729	97.502	25.998	-39.852	-103.24	-22.961	70.835	79.411	-34.241	7.291	22.77	48.735	-94.59	-2.6043
-2.1975	35.538	6.6696	-5.2454	0.74426	-4.2695	2.3991	-1.3532	-1.4676	1.0507	1.0679	1.1806	-2.6378	0.40322	-1.0697	-93.209	110.63	-58.652	-63.007	-44.564	87.162	89.423	-55.799	8.4282	-2.2859	29.912	-40.336	1.5566
-2.329	33.587	7.6042	-4.7707	-1.9361	-3.9145	3.3927	0.67672	-2.419	1.15	0.86402	1.7788	-2.4298	0.32206	-5.2577	-78.052	37.387	18.988	-107.21	14.198	39.742	81.196	-38.054	3.9703	-8.1564	23.929	8.3188	-3.2465
-2.4899	27.852	9.5414	-3.6221	-2.8816	-4.5976	4.9777	1.1422	-2.9337	0.95331	0.62553	1.8862	-2.1345	0.30495	-6.4368	-229.39	77.488	45.942	-37.823	-27.322	63.4	18.618	-20.588	-7.8672	-9.5395	4.2964	11.813	-0.68455
-2.6609	22.393	10.471	-1.6785	-3.8393	-4.3825	4.6036	2.8828	-3.2494	1.4943	-2.031	3.1713	-2.5918	2.0354	-6.8415	-218.36	37.166	77.746	-38.309	8.6034	-14.963	69.624	-12.629	21.641	-106.26	51.404	-18.292	69.218
-2.9252	19.707	10.578	-0.90774	-4.1327	-4.5939	5.9657	2.2469	-2.1517	0.78084	-2.3636	2.8611	-1.5505	2.0434	-10.571	-107.46	4.312	30.829	-11.732	-8.4581	54.486	-25.433	43.908	-28.54	-13.303	-12.406	41.651	0.32085
-3.115	19.081	8.7003	1.1413	-4.2438	-3.9311	4.9228	2.5275	-1.9652	1.0617	-3.4893	2.8052	-1.9957	2.1636	-7.5919	-25.024	-75.122	81.96	-4.4442	26.511	-41.718	11.224	7.4574	11.235	-45.027	-2.2355	-17.807	4.8085
-3.3705	17.061	8.5602	1.1858	-3.815	-2.0544	3.7718	2.1242	-2.1201	2.1985	-3.6789	1.9572	-2.052	1.9214	-10.221	-80.79	-5.607	1.7812	17.151	75.069	-46.04	-16.132	-6.196	45.473	-7.5838	-33.923	-2.2513	-9.6907
-3.3552	18.68	8.1432	0.15355	-2.9298	-2.7987	4.6766	2.4477	-3.6422	2.8212	-4.331	2.13	-0.82799	-0.09194	0.61017	64.739	-16.679	-41.289	35.407	-29.772	36.19	12.939	-60.883	24.907	-26.082	6.9148	48.959	-80.532
-3.4553	18.722	8.2618	-0.99575	-2.2985	-1.818	4.3996	2.7615	-5.8796	3.1112	-3.8337	1.3585	-0.075065	-1.7736	-4.0021	1.693	4.7444	-45.972	25.251	39.229	-11.078	12.55	-89.497	11.599	19.89	-30.863	30.117	-67.267
-3.5931	20.142	8.6228	-3.4228	-1.6715	0.73788	3.1182	1.7497	-5.755	1.5467	-2.6798	1.4138	-0.3929	-2.2762	-5.513	56.801	14.439	-97.082	25.079	102.24	-51.257	-40.473	4.9845	-62.581	46.156	2.2152	-12.713	-20.101
-4.0516	9.08	8.9837	-3.8103	-2.7338	3.4209	3.8804	0.054861	-2.5142	0.51394	-2.103	2.3761	-2.2862	-1.4974	-18.338	-442.49	14.438	-15.501	-42.488	107.32	30.487	-67.792	129.63	-41.309	23.074	38.49	-75.731	31.15
-4.7086	1.8349	7.3299	-2.3245	0.22594	4.7871	3.7725	-0.54627	-2.173	-0.035952	-2.2971	1.9398	-2.3412	-1.7489	-26.282	-289.8	-66.154	59.434	118.39	54.648	-4.3161	-24.045	13.648	-21.996	-7.7667	-17.452	-2.2034	-10.061
-4.5204	1.8166	7.6494	-3.1807	0.60162	4.4874	3.0818	-0.22335	-2.3001	-0.15964	-1.9244	1.3332	-2.441	-1.151	7.5304	-0.7356	12.782	-34.249	15.027	-11.986	-27.625	12.917	-5.0805	-4.9475	14.911	-24.265	-3.991	23.916
-3.7491	14.522	7.2894	-3.7145	-0.62929	2.6344	2.0299	0.40389	-5.9643	3.2787	-0.52799	-0.60156	-1.6805	-1.0831	30.851	508.23	-14.402	-21.349	-49.236	-74.122	-42.079	25.09	-146.57	137.53	55.854	-77.389	30.42	2.7169
-3.101	31.659	5.0702	-6.2034	2.1035	0.089867	0.66598	0.75096	-7.4098	5.5357	-1.427	-1.4407	-2.0765	-0.24225	25.923	685.46	-88.766	-99.558	109.31	-101.78	-54.555	13.882	-57.818	90.279	-35.961	-33.564	-15.839	33.634
-2.66	36.768	2.7368	-6.4023	2.1485	-0.1073	2.1337	-0.1878	-5.2571	4.6028	-1.2052	-1.5941	-2.7603	0.71175	17.641	204.38	-93.339	-7.9538	1.799	-7.8867	58.711	-37.55	86.106	-37.314	8.8747	-6.1371	-27.353	38.16
-2.6112	40.101	1.9375	-6.7904	0.20406	1.4719	1.8539	-0.21021	-3.9083	4.3208	-0.55457	-1.9448	-1.9254	0.048241	1.9522	133.33	-31.97	-15.526	-77.778	63.17	-11.193	-0.89668	53.952	-11.283	26.023	-14.027	33.396	-26.54
-2.4054	40.436	1.9916	-6.0058	-2.4306	2.4865	1.3047	0.54851	-2.0885	2.6246	1.6653	-3.3204	-0.56469	-0.91776	8.2322	13.383	2.1631	31.386	-105.39	40.581	-21.968	30.349	72.794	-67.845	88.795	-55.023	54.429	-38.64
-2.3318	41.155	2.8898	-7.7363	-2.8407	2.4887	1.2431	0.16501	-0.33005	1.5409	2.619	-3.0633	0.37703	-1.7859	2.9438	28.779	35.927	-69.223	-16.401	0.087725	-2.467	-15.34	70.336	-43.351	38.149	10.282	37.669	-34.724
-2.1507	42.367	2.8998	-8.0662	-3.5483	2.982	0.37694	0.52164	0.926	0.894	2.3561	-1.4907	-0.38038	-0.53687	7.2415	48.474	0.4001	-13.193	-28.306	19.732	-34.645	14.265	50.242	-25.875	-10.516	62.905	-30.297	49.959
-2.1003	40.507	4.0645	-8.1198	-5.6407	4.0248	0.08892	0.42513	0.97122	0.63996	2.524	-1.0844	-0.17764	-0.10213	2.0173	-74.401	46.589	-2.1439	-83.696	41.711	-11.521	-3.8603	1.8087	-10.162	6.7165	16.25	8.1097	17.39
-2.1041	41.222	4.0189	-6.9553	-7.2302	5.5103	-0.31328	0.46168	1.7837	-0.51881	2.714	-0.25239	-0.53649	0.54913	-0.15154	28.596	-1.8239	46.58	-63.577	59.421	-16.088	1.4619	32.497	-46.351	7.5996	33.282	-14.354	26.05
-2.031	40.255	3.9648	-7.2487	-7.7682	5.0014	0.23493	-0.43414	2.5892	-0.94988	2.6661	-0.33089	-0.31353	0.49632	2.9244	-38.674	-2.1634	-11.739	-21.52	-20.357	21.929	-35.833	32.222	-17.243	-1.9147	-3.1402	8.9183	-2.1124
-2.0513	40.465	3.5461	-7.1806	-7.4202	4.5295	-0.45365	0.88713	1.3208	-0.27363	2.4312	-0.80309	0.20949	0.41467	-0.81308	8.3792	-16.748	2.7262	13.918	-18.876	-27.543	52.851	-50.737	27.05	-9.3971	-18.888	20.921	-3.266
-2.1302	39.914	4.9204	-8.4935	-6.3589	3.8164	0.047234	-0.3417	2.7612	-1.0853	2.223	-0.59825	-0.30089	0.48694	-3.1568	-22.045	54.971	-52.516	42.453	-28.523	20.035	-49.153	57.617	-32.467	-8.3272	8.1938	-20.415	2.8906
-2.2476	40.379	3.6707	-6.6019	-7.9042	4.4443	-0.52337	-0.42838	2.6849	-0.29307	1.3449	-0.62265	-0.57841	0.53487	-4.6939	18.621	-49.989	75.662	-61.812	25.118	-22.824	-3.4674	-3.0502	31.69	-35.127	-0.97609	-11.101	1.9173
-2.4733	34.941	3.5575	-4.0805	-7.9673	5.2154	-2.149	1.1111	1.2087	1.6564	1.0118	-1.7261	0.15534	-0.22085	-9.0279	-217.53	-4.5273	100.86	-2.5245	30.843	-65.025	61.578	-59.049	77.977	-13.325	-44.139	29.35	-30.229
-3.0043	27.839	4.3019	-1.4885	-8.2953	5.4448	-1.5677	0.021202	1.4657	2.3533	0.60065	-2.143	-0.52139	0.56808	-21.241	-284.09	29.775	103.68	-13.118	9.1778	23.25	-43.595	10.282	27.877	-16.444	-16.676	-27.069	31.557
-3.5367	24.058	3.0623	0.22357	-6.9621	4.8521	-1.755	0.67266	1.7156	1.7543	0.8401	-2.5077	-0.53188	0.13812	-21.295	-151.24	-49.584	68.481	53.328	-23.708	-7.4905	26.058	9.9949	-23.958	9.5781	-14.587	-0.41957	-17.198
-4.5671	15.906	3.1944	-0.30492	-4.4743	5.0337	-1.0745	0.73138	1.6372	1.5728	1.1319	-2.4925	-0.7411	1.5443	-41.218	-326.07	5.2849	-21.14	99.509	7.2632	27.219	2.349	-3.1367	-7.2611	11.674	0.60997	-8.3689	56.247
-5.7794	-1.155	-4.1788	3.9063	-0.064447	2.2389	2.5911	-0.85201	4.587	1.4117	1.3036	-3.2674	0.10601	0.49142	-48.489	-682.43	-294.93	168.45	176.4	-111.79	146.62	-63.336	117.99	-6.4465	6.8659	-30.998	33.884	-42.115
-7.3275	-2.876	-15.074	1.7912	-0.034615	2.5549	4.8211	-0.0049208	1.4751	-1.1258	1.0205	-0.88232	1.7461	-1.1356	-61.927	-68.84	-435.81	-84.603	1.1933	12.64	89.2	33.884	-124.47	-101.5	-11.322	95.404	65.603	-65.08
-7.4617	-3.5814	-20.993	-0.64956	-1.3609	-0.83115	2.0178	-1.9974	-0.10164	-2.0102	0.94134	0.14937	1.0055	-1.2813	-5.3674	-28.216	-236.78	-97.632	-53.053	-135.44	-112.13	-79.7	-63.07	-35.375	-3.1684	41.267	-29.623	-5.8267
-6.6501	-0.22842	-23.465	2.1013	-1.2918	-1.8679	2.0676	-2.7539	1.9065	-2.1575	1.0469	-1.0322	2.1107	-0.1977	32.464	134.12	-98.862	110.03	2.7666	-41.469	1.991	-30.259	80.326	-5.8911	4.2232	-47.261	44.21	43.342
-6.07	2.3107	-25.92	3.8748	-0.23636	-2.7705	2.6402	-2.5498	2.891	-1.9485	0.41517	-0.29055	2.3582	-0.36731	23.205	101.57	-98.204	70.939	42.217	-36.105	22.903	8.1645	39.38	8.3569	-25.27	29.664	9.897	-6.7845
-5.6922	1.519	-27.93	4.3908	-1.3239	-2.2891	2.8866	-2.051	2.8899	-3.9714	-0.16074	1.1026	2.701	-0.82733	15.112	-31.67	-80.385	20.64	-43.503	19.255	9.8573	19.953	-0.043152	-80.916	-23.036	55.725	13.715	-18.401
-4.8681	0.72664	-28.269	8.3679	-0.90806	-1.2312	3.9325	-3.6939	0.77681	-3.5599	0.31513	0.19732	1.6905	-1.2731	32.964	-31.694	-13.573	159.08	16.635	42.319	41.835	-65.718	-84.525	16.462	19.035	-36.21	-40.421	-17.829
-4.6824	4.5808	-29.968	9.0378	-2.3665	-2.28	4.7824	-3.5563	2.4845	-2.3855	-0.84943	-1.616	2.1488	-0.31638	7.4295	154.17	-67.96	26.797	-58.338	-41.956	33.997	5.5033	68.31	46.973	-46.582	-72.533	18.331	38.268
-4.7899	3.2883	-30.41	5.6033	-2.1606	-1.2335	5.3077	-1.9843	3.0375	-0.82326	0.31238	-1.0727	2.863	0.42695	-4.3019	-51.699	-17.7	-137.38	8.2379	41.86	21.012	62.883	22.12	62.491	46.472	21.731	28.57	29.733
-5.3195	3.378	-31.038	1.8937	0.11038	-4.1354	4.5876	-2.1773	1.1776	-0.89651	-0.32586	-1.112	1.5771	0.14007	-21.185	3.5875	-25.082	-148.39	90.838	-116.08	-28.802	-7.7228	-74.396	-2.93	-25.53	-1.5724	-51.436	-11.475
-5.9798	1.1476	-27.4	-0.8839	1.7737	-4.1122	5.4064	-1.2405	-0.45462	1.2778	2.2521	-1.7315	1.74	-0.1582	-26.412	-89.217	145.5	-111.1	66.533	0.92918	32.751	37.471	-65.29	86.973	103.12	-24.78	6.5155	-11.931
-7.3757	-16.319	-20.817	-2.6444	3.2535	-4.8472	4.1687	-0.27652	0.51245	1.0417	1.9441	-2.1042	0.91054	0.20328	-55.835	-698.66	263.33	-70.42	59.193	-29.399	-49.507	38.561	38.683	-9.4461	-12.32	-14.907	-33.179	14.459
-11.006	-46.583	-14.229	-2.0173	0.47395	-1.8819	2.7095	-2.5355	0.014963	-1.4934	-0.99873	-0.1236	0.8695	-0.6918	-145.23	-1210.6	263.53	25.085	-111.18	118.61	-58.368	-90.359	-19.899	-101.4	-117.71	79.225	-1.6416	-35.803
-12.169	-55.444	-13.651	-0.72129	-2.1482	-3.473	2.4659	-3.3284	1.2354	0.28981	1.2047	1.4468	0.039083	-1.3893	-46.492	-354.44	23.11	51.84	-104.88	-63.644	-9.7443	-31.717	48.817	71.33	88.136	62.815	-33.217	-27.9
-10.597	-51.166	-6.9752	0.58364	-0.83565	1.239	4.2848	-2.0057	0.40641	-0.14928	0.18091	-0.33118	-0.99924	-3.2398	62.873	171.12	267.03	52.197	52.501	188.48	72.756	52.911	-33.159	-17.563	-40.951	-71.118	-41.533	-74.021
-6.8487	-39.674	1.6569	8.8743	1.8169	5.1612	3.029	1.5339	-1.7351	-0.72375	-0.92474	-1.228	-1.5946	-2.0652	149.93	459.69	345.29	331.63	106.1	156.89	-50.233	141.58	-85.661	-22.979	-44.226	-35.872	-23.814	46.985
-5.7448	-24.225	8.6517	7.9886	-0.10742	5.3691	0.34862	1.7074	0.072013	-0.44622	-2.5573	-0.25312	-1.9484	-2.0335	44.157	617.94	279.79	-35.427	-76.973	8.3137	-107.22	6.9383	72.285	11.101	-65.303	38.994	-14.154	1.2665
-5.2719	-18.777	7.9707	5.0273	4.0695	1.2907	0.9391	3.1239	-0.21819	-0.45796	-0.41732	-1.3077	-1.5613	-1.4584	18.913	217.96	-27.242	-118.45	167.08	-163.13	23.619	56.661	-11.608	-0.46961	85.6	-42.185	15.484	23.007
-4.6595	4.1052	5.2074	-0.18652	6.8064	0.82175	-1.8656	0.84515	-0.50752	-1.2174	-1.004	-1.4762	0.90608	-1.7701	24.496	915.27	-110.53	-208.55	109.48	-18.759	-112.19	-91.149	-11.573	-30.377	-23.467	-6.7377	98.697	-12.472
-4.3222	8.3138	2.432	1.6574	10.66	-2.9611	-4.2061	2.4259	-0.60326	0.27257	-1.8045	-0.52976	-0.29758	-0.040565	13.492	168.34	-111.02	73.757	154.15	-151.31	-93.62	63.228	-3.8295	59.598	-32.019	37.857	-48.146	69.183
-4.2347	5.8989	1.0223	3.5473	13.654	-6.3418	-4.0249	3.5591	0.1162	-0.6643	-2.2594	1.3047	-2.2308	0.63898	3.501	-96.595	-56.387	75.597	119.76	-135.23	7.2467	45.331	28.778	-37.475	-18.198	73.378	-77.33	27.182
-4.3348	3.4431	0.048866	5.4372	13.858	-7.7387	-2.7126	3.6516	-0.42298	-0.30289	-2.0398	0.87962	-2.2939	1.5164	-4.0033	-98.233	-38.939	75.594	8.1414	-55.873	52.494	3.6985	-21.567	14.456	8.7828	-17.003	-2.5222	35.095
-4.5223	1.5171	-1.0928	7.761	12.433	-7.1873	-1.5725	3.1499	-0.8161	-0.82423	-1.2311	0.78954	-2.2158	1.8939	-7.5009	-77.041	-45.665	92.951	-56.965	22.053	45.602	-20.067	-15.725	-20.853	32.347	-3.6032	3.1241	15.102
-4.5702	-1.0546	-1.5032	8.9255	12.449	-6.7906	-1.9623	3.895	-1.2226	-1.3388	-0.62941	0.17871	-1.4891	1.5224	-1.9137	-102.87	-16.418	46.58	0.63089	15.869	-15.589	29.806	-16.261	-20.585	24.069	-24.433	29.068	-14.86
-4.7635	-3.2492	-1.1544	8.8999	12.06	-5.4338	-2.3998	3.7629	-1.0598	-2.3611	0.23554	0.22552	-1.4908	1.4863	-7.7316	-87.784	13.954	-1.0235	-15.565	54.271	-17.5	-5.286	6.5126	-40.891	34.598	1.8725	-0.067029	-1.4451
-4.8729	-6.983	0.1937	8.1591	11.404	-3.5378	-2.6024	3.4009	-1.1672	-1.9054	-0.25854	0.46669	-1.5352	1.1874	-4.3769	-149.35	53.922	-29.629	-26.223	75.84	-8.104	-14.48	-4.2975	18.231	-19.763	9.6468	-1.7789	-11.953
-5.2677	-9.4819	0.9521	7.238	10.352	-1.8031	-2.858	3.0436	-0.42574	-2.5871	0.042889	1.1593	-1.8458	0.10951	-15.794	-99.954	30.336	-36.845	-42.089	69.389	-10.225	-14.289	29.66	-27.268	12.057	27.703	-12.423	-43.118
-5.8732	-11.829	-2.2755	7.5173	8.1026	0.30404	0.64157	0.16187	0.74704	-2.6682	0.085007	0.72342	-0.59573	-1.4774	-24.217	-93.902	-129.1	11.171	-89.985	84.286	139.98	-115.27	46.911	-3.2448	1.6847	-17.434	50.002	-63.477
-7.3234	-32.627	-4.4543	8.3527	6.5672	2.0475	3.2336	-0.88195	0.18608	-3.039	-0.13161	-0.11544	0.79837	-0.31234	-58.01	-831.91	-87.154	33.416	-61.414	69.738	103.68	-41.752	-22.438	-14.832	-8.6647	-33.554	55.764	46.603
-10.117	-52.111	-2.5408	3.709	1.9148	1.7252	1.4924	0.63757	0.64279	-1.5635	1.8389	0.15311	-0.2399	-2.9928	-111.73	-779.35	76.54	-185.75	-186.1	-12.89	-69.649	60.781	18.269	59.018	78.822	10.742	-41.531	-107.22
-10.916	-43.189	-2.8164	-1.5334	-1.8727	1.1655	2.5365	-0.95333	2.2015	-0.93054	-0.31292	-0.043683	0.35566	-4.0705	-31.956	356.89	-11.023	-209.7	-151.5	-22.39	41.762	-63.636	62.349	25.32	-86.074	-7.8719	23.822	-43.109
-11.351	-46.893	-6.243	-3.7313	-2.2703	0.70867	2.5869	-3.1286	1.767	-1.5825	-1.7023	0.044186	-0.042237	-4.5908	-17.415	-148.16	-137.06	-87.914	-15.904	-18.273	2.019	-87.009	-17.383	-26.079	-55.575	3.5147	-15.916	-20.814
-12.537	-64.87	-13.136	-0.62425	-3.4798	-1.8751	0.32067	-2.1864	1.3563	-0.96542	1.3167	-0.17416	0.049316	-1.193	-47.442	-719.1	-275.73	124.28	-48.38	-103.35	-90.651	37.687	-16.427	24.684	120.76	-8.7338	3.6621	135.92
-6.9837	-19.621	-14.719	-7.1139	0.046448	-7.191	3.8874	-3.8455	-1.2726	-2.148	-0.92625	1.0487	1.6253	-1.3783	222.13	1810	-63.318	-259.58	141.05	-212.64	142.67	-66.366	-105.15	-47.304	-89.717	48.913	63.039	-7.4134
-5.6691	18.298	-15.539	-3.2567	0.1844	-6.1161	4.0016	-3.4246	-1.8916	-2.2019	-1.4312	1.5579	1.6736	-1.9271	52.582	1516.8	-32.792	154.29	5.518	42.996	4.5708	16.837	-24.761	-2.1556	-20.199	20.369	1.932	-21.951
-5.3644	6.5475	-28.226	0.5166	0.90613	-5.7564	3.2336	-5.5588	-0.51145	-0.78223	-2.336	-0.0015302	2.5797	-1.4104	12.189	-470.03	-507.49	150.93	28.869	14.387	-30.72	-85.366	55.207	56.787	-36.193	-62.377	36.245	20.665
-5.5151	2.8376	-26.214	-0.062529	2.6869	-4.5709	3.6808	-3.6879	2.6109	1.1253	-2.3045	0.9671	3.9511	-2.7061	-6.0279	-148.4	80.512	-23.165	71.232	47.421	17.885	74.835	124.89	76.302	1.2607	38.745	54.855	-51.825
-6.0968	2.546	-24.455	-4.6643	2.1021	-4.8445	1.9131	-2.6	2.5743	-0.50392	-4.2957	-0.66664	4.0737	-2.9059	-23.268	-11.662	70.321	-184.07	-23.392	-10.945	-70.708	43.517	-1.4636	-65.169	-79.647	-65.349	4.9044	-7.9947
-6.7545	-5.024	-21.982	-4.4462	0.91377	-3.9622	3.2046	-2.8752	1.4126	-0.84865	-3.5146	-1.2054	3.9562	-1.8047	-26.306	-302.8	98.931	8.7222	-47.534	35.293	51.663	-11.01	-46.468	-13.789	31.243	-21.549	-4.7023	44.049
-7.7717	-10.713	-19.121	-6.4179	2.5057	-3.005	2.5984	-3.8661	-0.3431	-0.15663	-3.5464	-1.7248	2.8547	-2.6152	-40.69	-227.56	114.46	-78.869	63.676	38.289	-24.249	-39.637	-70.226	27.681	-1.2727	-20.779	-44.06	-32.418
-7.0704	-7.0802	-10.169	-2.4941	5.4992	1.3702	4.6433	-3.7424	1.2777	1.0227	-2.1239	-1.665	1.4449	-2.7322	28.05	145.31	358.08	156.95	119.74	175.01	81.796	4.9506	64.833	47.172	56.9	2.3952	-56.391	-4.6818
-6.7003	-4.1494	-1.2575	-0.64049	8.9766	3.5971	2.9723	-4.8715	1.688	-0.69343	-3.9567	-2.108	1.7371	-0.94345	14.804	117.23	356.45	74.145	139.1	89.074	-66.841	-45.163	16.412	-68.644	-73.31	-17.722	11.688	71.55
-6.8657	-16.44	1.9545	-1.6021	7.1286	2.181	2.4399	-2.2483	-0.74641	1.6538	-0.75851	-1.2313	1.0607	-1.0539	-6.6135	-491.63	128.48	-38.465	-73.923	-56.643	-21.297	104.92	-97.377	93.888	127.93	35.07	-27.057	-4.4177
-9.2062	-53.812	-6.3659	3.7868	4.8698	4.4525	2.2877	-1.7808	-0.82501	1.0251	0.24844	-1.9293	1.3857	-0.60045	-93.62	-1494.9	-332.82	215.56	-90.353	90.861	-6.0882	18.702	-3.144	-25.146	40.278	-27.922	13.001	18.138
-12.769	-72.146	-15.863	0.48313	1.2603	4.0528	4.9232	0.35126	1.3323	0.16306	0.36505	-1.779	0.61505	-0.78498	-142.51	-733.36	-379.87	-132.15	-144.38	-15.988	105.42	85.282	86.293	-34.483	4.6643	6.0104	-30.827	-7.3813
-13.882	-73.079	-15.216	0.81449	0.66055	0.76235	4.8121	0.67126	0.60951	-0.22243	0.11945	-1.729	-0.13605	-1.2803	-44.509	-37.308	25.875	13.254	-23.99	-131.62	-4.4422	12.8	-28.912	-15.42	-9.824	2.0015	-30.044	-19.814
-13.929	-74.312	-17.544	-0.55368	0.44923	2.1195	3.642	-0.8626	0.13226	-0.2644	0.19792	-2.1301	0.40267	-1.2476	-1.8731	-49.329	-93.115	-54.727	-8.4527	54.286	-46.803	-61.355	-19.09	-1.679	3.1387	-16.042	21.549	1.3098
-13.802	-71.935	-15.597	1.0436	2.182	2.5967	2.4646	-0.72177	-0.031623	-1.7576	-0.14425	-0.0066476	1.3019	-1.2285	5.078	95.069	77.879	63.891	69.31	19.087	-47.098	5.6335	-6.5552	-59.727	-13.687	84.936	35.97	0.76265
-6.9167	-9.3866	-12.588	-9.1683	6.8832	-4.9882	0.95267	-2.0599	0.69526	-3.0275	-0.30585	0.46427	-0.53904	-0.69864	275.39	2502	120.36	-408.47	188.05	-303.39	-60.476	-53.525	29.075	-50.797	-6.4639	18.837	-73.639	21.195
-5.8639	15.471	-10.099	-8.0274	6.8144	-5.1464	0.66021	-1.1625	0.84087	-3.039	-0.1828	1.1967	-0.28557	0.14734	42.113	994.31	99.546	45.633	-2.7512	-6.3311	-11.699	35.897	5.8243	-0.46063	4.9221	29.298	10.139	33.839
-5.244	23.542	-11.562	-4.8174	5.5417	-4.4447	2.3801	1.2183	1.5214	-2.8387	0.77177	0.99801	0.76172	0.72809	24.796	322.83	-58.521	128.4	-50.907	28.068	68.795	95.229	27.22	8.0131	38.183	-7.9482	41.891	23.23
-5.2829	27.865	-12.337	-1.5035	2.8685	-5.8808	1.884	-0.73615	0.81605	-2.7439	1.6381	0.2783	0.92479	0.89321	-1.5538	172.91	-30.996	132.56	-106.93	-57.443	-19.845	-78.176	-28.213	3.7932	34.652	-28.789	6.5229	6.605
-5.521	9.2201	-20.701	2.8081	4.6882	-6.0161	1.8588	-1.9908	-0.1238	-2.2426	1.0343	-0.24226	0.037359	0.564	-9.5252	-745.78	-334.58	172.46	72.788	-5.4113	-1.0063	-50.186	-37.594	20.052	-24.153	-20.822	-35.497	-13.169
-5.9848	10.579	-19.871	1.9905	4.7723	-6.1006	2.9351	-1.7043	0.50101	-3.214	2.3901	0.22112	1.2663	-0.61026	-18.55	54.37	33.229	-32.704	3.3637	-3.3781	43.053	11.461	24.992	-38.856	54.235	18.535	49.157	-46.97
-6.2643	4.2095	-23.104	0.10919	5.1828	-6.8615	0.24908	-1.8832	1.5956	-2.4935	1.0324	-1.0279	-0.38047	0.0073871	-11.182	-254.79	-129.32	-75.253	16.419	-30.439	-107.44	-7.1562	43.783	28.819	-54.307	-49.963	-65.87	24.706
-6.7457	-1.2773	-18.772	-3.3152	5.7641	-7.0038	0.94312	0.59105	1.9527	-2.589	0.32319	0.29346	-0.29489	0.10417	-19.256	-219.47	173.26	-136.97	23.254	-5.6917	27.762	98.97	14.283	-3.8191	-28.37	52.856	3.4234	3.8715
-4.9923	4.805	-4.8765	2.9574	9.5689	-2.7098	-2.6605	1.6767	1.3554	-1.8321	-1.3239	0.87739	-1.3712	-0.94756	70.135	243.29	555.82	250.9	152.19	171.76	-144.14	43.425	-23.891	30.276	-65.882	23.357	-43.051	-42.07
-3.5661	24.711	2.1281	2.39	2.2432	-0.97257	-6.2654	2.4254	0.094164	0.68933	-0.86521	1.4975	-1.0001	-1.3495	57.049	796.22	280.19	-22.698	-293.03	69.488	-144.19	29.95	-50.449	100.86	18.346	24.805	14.843	-16.079
-2.9772	30.164	1.5662	0.32033	0.053899	0.47257	-6.3095	1.3721	1.653	1.3447	-0.82173	1.3753	0.0084571	-1.2348	23.558	218.14	-22.478	-82.785	-87.57	57.805	-1.7657	-42.135	62.355	26.216	1.7393	-4.8879	40.342	4.5913
-2.7873	34.222	1.4954	-2.6256	0.034226	1.0342	-6.5598	1.5859	2.7313	0.3626	-0.15881	1.1038	0.34144	-0.84152	7.5946	162.32	-2.8309	-117.84	-0.78695	22.467	-10.014	8.5553	43.131	-39.285	26.517	-10.862	13.319	15.73
-2.6501	34.937	1.7407	-2.4038	-2.3634	1.894	-5.6036	0.90974	2.6736	1.1052	-0.81997	1.0177	0.43237	-0.45562	5.4891	28.602	9.812	8.8714	-95.905	34.392	38.249	-27.048	-2.3064	29.704	-26.446	-3.4412	3.6371	15.436
-2.5964	34.111	2.8898	-3.5111	-3.2599	2.557	-5.9953	0.96876	2.9247	1.2154	-0.94024	0.72318	-0.27719	0.44683	2.1473	-33.06	45.963	-44.293	-35.86	26.518	-15.665	2.3607	10.044	4.4094	-4.811	-11.783	-28.383	36.098
-2.6377	31.214	5.2564	-4.9996	-3.2269	2.2955	-5.0254	0.42303	3.9068	0.19488	-0.92626	0.88511	-0.41963	-0.065059	-1.6532	-115.88	94.662	-59.541	1.3216	-10.458	38.793	-21.829	39.284	-40.822	0.55912	6.4774	-5.6976	-20.476
-2.6233	31.079	5.5749	-5.0145	-3.5212	2.3721	-3.8402	-1.0695	4.5256	0.97316	-1.2974	0.40084	-0.57652	0.61829	0.57625	-5.3812	12.741	-0.59392	-11.774	3.0624	47.41	-59.7	24.751	31.131	-14.845	-19.371	-6.2755	27.334
-2.5305	30.733	6.6139	-6.5301	-4.6961	2.6794	-2.9958	-0.76757	4.1117	0.58472	-1.5242	1.4935	-1.3573	1.0666	3.7124	-13.852	41.562	-60.624	-46.996	12.29	33.777	12.076	-16.556	-15.538	-9.0732	43.706	-31.233	17.933
-2.5254	33.987	4.4647	-5.4196	-6.3317	2.8516	-0.86451	-2.4538	4.3473	0.64467	-1.5805	1.4853	-1.1601	1.2906	0.20509	130.15	-85.969	44.418	-65.423	6.889	85.25	-67.448	9.4225	2.3983	-2.2526	-0.32589	7.8911	8.9593
-2.6309	30.66	7.0724	-6.6346	-7.1024	4.8355	-2.5128	-1.287	3.9326	0.31082	-1.5254	1.9173	-1.5329	1.4532	-4.222	-133.05	104.31	-48.597	-30.829	79.357	-65.931	46.669	-16.587	-13.354	2.2042	17.278	-14.914	6.506
-2.5571	30.508	6.1235	-4.6462	-9.2457	5.4382	-2.4042	-0.63318	2.5773	1.685	-1.8535	2.0139	-1.6934	1.3775	2.9519	-6.092	-37.956	79.535	-85.731	24.108	4.3426	26.155	-54.212	54.968	-13.121	3.8645	-6.4193	-3.0288
-2.5191	27.582	8.0889	-5.588	-8.9539	5.578	-3.224	0.0061741	1.6916	3.0161	-2.5183	1.9379	-1.3081	0.49178	1.5214	-117.04	78.616	-37.673	11.671	5.5912	-32.792	25.574	-35.43	53.244	-26.594	-3.0417	15.411	-35.43
-2.5786	25.984	8.5517	-5.0036	-9.0572	6.0138	-4.1813	0.46814	0.81277	3.8627	-1.9099	1.1203	-1.2156	0.57061	-2.3784	-63.902	18.514	23.376	-4.1306	17.432	-38.291	18.479	-35.152	33.862	24.337	-32.702	3.7027	3.1535
-2.8054	24.161	9.724	-6.4745	-7.0132	6.059	-5.341	1.2041	0.072825	4.453	-1.6295	-0.12923	-0.10269	-0.19472	-9.0731	-72.933	46.89	-58.835	81.76	1.8093	-46.389	29.44	-29.598	23.612	11.215	-49.982	44.515	-30.613
-2.8749	20.246	12.016	-8.4771	-5.013	5.2791	-5.3253	0.83761	0.30038	3.8159	-0.95243	-0.25129	-0.043442	0.67394	-2.7811	-156.61	91.694	-80.105	80.007	-31.196	0.62838	-14.661	9.1021	-25.482	27.083	-4.8824	2.37	34.746
-3.0044	17.534	13.482	-9.3235	-3.7929	5.1253	-5.0382	0.31571	-0.46061	3.7636	-0.053805	-0.84596	0.66188	0.73684	-5.1786	-108.48	58.609	-33.854	48.802	-6.1553	11.485	-20.876	-30.439	-2.0934	35.945	-23.787	28.213	2.5161
-3.2945	15.812	13.23	-8.9839	-1.8874	4.7276	-5.0919	-0.20595	-0.7783	3.2336	0.29932	-0.74075	1.1607	-0.057391	-11.606	-68.898	-10.056	13.584	76.222	-15.905	-2.1484	-20.866	-12.708	-21.198	14.125	4.2086	19.953	-31.769
-3.5475	11.76	13.337	-7.8591	-0.60865	3.6772	-4.5802	-0.01156	-1.5007	2.5382	0.96709	0.13321	0.65474	-0.58954	-10.119	-162.05	4.2655	44.989	51.15	-42.018	20.467	7.7757	-28.897	-27.819	26.711	34.958	-20.239	-21.286
-3.8197	9.6439	10.742	-4.8139	0.97831	3.1962	-4.9686	0.19144	-2.3937	3.0466	0.43798	0.11581	1.0256	-0.66955	-10.89	-84.653	-103.78	121.81	63.479	-19.241	-15.537	8.1201	-35.72	20.335	-21.165	-0.69565	14.836	-3.2003
-4.1586	6.8738	10.36	-3.8753	3.1975	2.2892	-4.694	-0.57897	-0.74884	1.7499	-0.16161	0.79042	0.53061	-0.22992	-13.554	-110.81	-15.272	37.544	88.766	-36.28	10.987	-30.816	65.795	-51.865	-23.983	26.984	-19.801	17.585
-4.2523	7.0863	8.1586	-3.311	6.0481	0.73976	-4.1471	-1.2833	0.21895	1.0481	-0.6504	1.0908	1.076	-0.7749	-3.7505	8.5032	-88.076	22.571	114.03	-61.977	21.876	-28.175	38.711	-28.074	-19.552	12.014	21.815	-21.799
-4.3562	7.4066	5.5439	-1.9266	9.2162	-1.6267	-4.1234	-0.15998	0.011467	0.38589	-1.1151	2.0498	0.5086	-0.61964	-4.1529	12.81	-104.59	55.377	126.73	-94.657	0.94754	44.935	-8.2991	-26.488	-18.589	38.361	-22.695	6.2104
-4.4791	4.997	4.3591	0.18494	10.581	-3.5129	-2.4786	-0.28294	-0.20858	-0.53175	-0.81903	2.8419	-0.99468	0.30214	-4.9162	-96.384	-47.39	84.461	54.606	-75.449	65.79	-4.9182	-8.802	-36.706	11.844	31.685	-60.131	36.871
-4.6431	3.0828	2.9696	2.4139	11.013	-3.5664	-3.37	1.1698	-0.28262	-1.8475	0.11622	2.9476	-1.96	1.0832	-6.5598	-76.568	-55.583	89.157	17.263	-2.1404	-35.655	58.109	-2.9614	-52.632	37.41	4.2292	-38.615	31.241
-4.6538	1.8404	1.7989	3.589	12.478	-5.2477	-2.55	1.5995	-1.2927	-1.028	-0.21821	3.0969	-1.4152	0.46766	-0.42742	-49.697	-46.826	47.005	58.611	-67.251	32.799	17.186	-40.403	32.781	-13.377	5.9706	21.793	-24.62
-4.8271	0.11195	1.5137	4.6132	11.545	-5.2043	-3.6466	3.031	-1.1194	-0.31691	0.53511	2.6721	-2.1436	0.98372	-6.9329	-69.137	-11.409	40.968	-37.336	1.7354	-43.864	57.26	6.9318	28.445	30.133	-16.994	-29.134	20.642
-5.0205	1.2835	-1.0548	6.3257	11.221	-5.7245	-2.2062	2.3735	-0.018796	-0.52666	0.0051006	3.323	-2.8956	1.5011	-7.7373	46.864	-102.74	68.502	-12.954	-20.811	57.617	-26.297	44.024	-8.3898	-21.2	26.038	-30.079	20.696
-4.9993	2.8389	-1.5219	5.8793	10.683	-5.6716	-2.2566	2.633	0.61513	0.037478	-0.36261	3.0436	-2.266	1.5298	0.84663	62.214	-18.683	-17.857	-21.508	2.1179	-2.0158	10.379	25.357	22.565	-14.708	-11.175	25.182	1.1454
-4.8822	5.3262	-2.1414	5.7046	9.2095	-4.4202	-2.3166	1.7926	1.4261	0.48614	-1.2947	4.0635	-2.2536	1.3012	4.6855	99.493	-24.781	-6.9894	-58.949	50.057	-2.4017	-33.618	32.44	17.946	-37.285	40.794	0.49807	-9.1434
-4.8259	7.2488	-1.0608	3.4064	8.5071	-3.6864	-3.392	2.6501	2.1971	-0.25228	-0.45114	3.5272	-1.3932	0.82844	2.2516	76.904	43.224	-91.928	-28.098	29.352	-43.015	34.303	30.841	-29.537	33.744	-21.452	34.416	-18.909
-4.7679	10.338	-0.81169	1.882	8.1881	-3.8434	-3.4114	2.4248	1.8647	1.4691	-1.3516	2.8837	-0.064378	0.01001	2.3196	123.55	9.9638	-60.977	-12.76	-6.2798	-0.77453	-9.0135	-13.297	68.855	-36.019	-25.738	53.152	-32.737
-4.7481	10.896	-0.76394	1.2451	8.1784	-3.6437	-4.016	2.6978	1.6312	1.9236	-1.3408	2.7636	0.20503	0.24015	0.79324	22.346	1.9099	-25.475	-0.38738	7.9853	-24.183	10.92	-9.3421	18.178	0.43317	-4.8054	10.776	9.2055
-4.9396	7.0166	1.1863	0.51175	6.602	-1.587	-3.2626	1.5655	0.86232	3.3363	-1.3483	2.2561	0.83238	0.24398	-7.6618	-155.18	78.01	-29.334	-63.054	82.271	30.133	-45.293	-30.754	56.509	-0.2992	-20.299	25.094	0.15332
-5.4996	-1.746	5.7955	-0.39904	5.8206	-0.8073	-2.0564	0.057334	-0.48048	3.0504	-0.91562	-0.12593	0.92419	-0.54589	-22.398	-350.5	184.37	-36.431	-31.256	31.187	48.247	-60.325	-53.712	-11.434	17.306	-95.282	3.6721	-31.595
-6.3933	-24.606	5.967	4.791	3.2999	2.1494	1.9732	-0.79294	0.67567	1.1712	-1.1681	0.7495	-0.84618	-0.33459	-35.75	-914.41	6.8587	207.6	-100.83	118.27	161.19	-34.011	46.246	-75.169	-10.099	35.017	-70.815	8.452
-6.7258	-26.229	5.476	4.8437	2.3026	3.2328	3.0577	-1.8661	1.0989	1.4961	-1.4049	1.1525	-0.77182	-0.87154	-13.3	-64.905	-19.638	2.108	-39.89	43.336	43.379	-42.928	16.929	12.997	-9.4701	16.118	2.9744	-21.478
-6.8011	-24.5	5.6521	3.2664	2.0532	4.6725	1.8846	-2.0634	0.96166	1.3027	-1.8684	0.70319	-1.0095	0.11103	-3.0093	69.172	7.0431	-63.091	-9.9781	57.59	-46.924	-7.8893	-5.4887	-7.7367	-18.543	-17.971	-9.5068	39.303
-6.3957	-18.852	4.348	0.39086	3.7396	3.0494	2.4147	-1.0853	-0.87569	2.0629	-1.7058	1.0009	-0.6156	0.51829	16.215	225.91	-52.164	-115.02	67.458	-64.923	21.201	39.123	-73.494	30.407	6.505	11.907	15.756	16.291
-5.6439	6.9399	1.8376	-8.106	5.2026	0.80738	-1.6215	0.56994	-1.7029	4.246	1.947	-0.71738	-0.15556	2.3051	30.073	1031.7	-100.42	-339.88	58.519	-89.682	-161.45	66.21	-33.09	87.322	146.11	-68.729	18.401	71.471
-5.216	9.8647	-0.25327	-3.528	2.3282	-0.74744	0.17971	0.41439	-4.1288	4.0092	3.4703	0.34223	-0.6953	1.5262	17.114	116.99	-83.635	183.12	-114.98	-62.193	72.048	-6.222	-97.034	-9.4692	60.931	42.385	-21.589	-31.156
-5.2209	9.2309	0.17018	-1.8778	-1.0239	-1.4359	2.7481	-0.42487	-2.6809	0.93616	3.4978	2.8969	-1.2218	-0.36752	-0.19242	-25.351	16.938	66.008	-134.08	-27.538	102.74	-33.571	57.917	-122.92	1.1006	102.19	-21.059	-75.748
-5.283	1.3787	5.4918	-1.3792	-2.1697	-3.0928	0.9855	1.9889	-2.0503	0.12139	1.3274	2.5785	-0.90931	1.3532	-2.4842	-314.09	212.87	19.944	-45.832	-66.278	-70.504	96.552	25.221	-32.591	-86.819	-12.735	12.499	68.831
-5.2079	-5.6585	9.0694	0.53406	-4.075	-4.8394	2.5401	2.2151	-2.0205	1.6491	-0.43354	1.959	0.26934	1.3459	3.003	-281.49	143.1	76.531	-76.213	-69.864	62.186	9.0474	1.1957	61.109	-70.436	-24.781	47.146	-0.29346
-4.9596	-6.4567	9.8246	1.865	-5.2305	-5.4576	2.2338	2.8967	-0.76223	2.658	-1.1015	0.58265	1.5801	0.40924	9.9324	-31.928	30.208	53.238	-46.22	-24.727	-12.252	27.264	50.329	40.353	-26.718	-55.052	52.432	-37.467
-4.676	-5.4861	10.424	3.0865	-6.6892	-5.1089	1.971	3.2338	-0.32874	2.2289	-0.78323	0.21364	1.4893	0.616	11.342	38.825	23.96	48.86	-58.346	13.948	-10.514	13.485	17.339	-17.161	12.73	-14.76	-3.632	8.2707
-4.4173	-3.955	11.004	2.9296	-6.2312	-5.5754	2.2782	3.5343	-0.47278	1.92	-1.1824	0.79995	1.3945	0.38516	10.35	61.246	23.213	-6.2772	18.319	-18.659	12.287	12.02	-5.7613	-12.357	-15.965	23.453	-3.7951	-9.2336
-4.0917	-1.6006	11.604	2.7478	-6.5925	-6.0513	3.4229	3.6049	-0.11247	0.37041	-0.94242	1.257	1.0032	1.4192	13.024	94.174	24.01	-7.2708	-14.454	-19.038	45.788	2.8245	14.412	-61.984	9.5973	18.282	-15.648	41.363
-3.9787	1.555	12.165	1.3813	-5.996	-6.7014	4.7521	3.4185	-1.0455	-0.45059	-0.39583	2.3416	0.0014749	1.9702	4.521	126.23	22.431	-54.659	23.863	-26	53.169	-7.4598	-37.322	-32.84	21.864	43.384	-40.071	22.039
-3.9231	6.8717	10.287	0.17099	-4.066	-6.6666	5.6603	2.2801	-2.8005	0.33164	0.33211	3.714	-1.499	1.4884	2.2222	212.67	-75.101	-48.414	77.198	1.3891	36.328	-45.534	-70.2	31.289	29.118	54.894	-60.021	-19.273
-3.8594	9.0964	11.231	-2.0475	-3.9731	-4.7055	5.0898	2.3442	-4.7448	0.87045	1.4617	3.3426	-0.80513	-0.58332	2.5471	88.989	37.741	-88.74	3.7145	78.446	-22.82	2.5659	-77.772	21.552	45.183	-14.852	27.757	-82.868
-3.801	12.215	9.5915	-2.4057	-2.5094	-3.6447	4.2769	0.13381	-3.7049	1.18	2.495	2.6464	-2.4826	0.60339	2.3383	124.76	-65.579	-14.329	58.549	42.433	-32.515	-88.417	41.596	12.384	41.333	-27.85	-67.099	47.468
-3.7432	14.573	7.8975	-2.678	-0.63809	-2.5639	2.5895	-0.54022	-3.2313	1.8449	2.7064	1.9987	-2.8302	0.72242	2.3103	94.299	-67.76	-10.89	74.853	43.232	-67.497	-26.961	18.946	26.596	8.4568	-25.908	-13.904	4.7612
-3.7508	14.107	8.067	-3.4941	2.1222	-3.5505	1.7235	-1.1551	-1.8826	1.8826	1.051	2.8289	-3.1731	1.2821	-0.30247	-18.624	6.7812	-32.645	110.41	-39.466	-34.639	-24.595	53.946	1.5055	-66.219	33.207	-13.717	22.388
-3.8546	16.612	6.2858	-2.9994	3.2465	-3.3726	0.57431	-1.2097	-0.74166	1.1752	1.0133	2.4463	-2.9987	2.1012	-4.1515	100.17	-71.248	19.79	44.971	7.1161	-45.968	-2.1836	45.639	-28.295	-1.5085	-15.303	6.9756	32.761
-3.8705	16.447	5.7435	-1.1316	1.3111	-1.6002	-0.58157	-0.42418	-1.9245	2.467	-0.12391	2.8046	-2.5551	1.7596	-0.63817	-6.5871	-21.693	74.71	-77.414	70.898	-46.235	31.421	-47.312	51.673	-45.487	14.331	17.747	-13.66
-3.8604	16.394	4.7135	1.0464	-0.020599	-1.329	-0.17088	-0.41452	-2.2988	2.0653	0.22356	2.3109	-2.1678	1.7005	0.40593	-2.1126	-41.199	87.119	-53.269	10.846	16.428	0.38629	-14.972	-16.069	13.899	-19.746	15.489	-2.3647
-3.985	12.126	6.6846	1.272	-0.93267	-0.22594	-0.099792	0.3334	-3.9471	2.2663	1.0646	1.76	-1.994	1.205	-4.9857	-170.72	78.845	9.0259	-36.483	44.123	2.8435	29.917	-65.932	8.039	33.641	-22.037	6.9532	-19.822
-4.2854	7.85	7.6495	3.3112	-3.4205	1.1766	1.6206	-0.62237	-3.0335	0.3568	1.4254	2.2774	-2.6439	1.2455	-12.017	-171.04	38.596	81.569	-99.514	56.1	68.816	-38.231	36.545	-76.378	14.434	20.695	-25.995	1.6218
-4.6954	-5.6346	10.541	6.3333	-2.9866	0.90977	1.738	0.76828	-1.9828	-1.809	2.0934	0.6681	-0.88593	0.18196	-16.4	-539.38	115.66	120.88	17.358	-10.672	4.6942	55.626	42.028	-86.634	26.718	-64.371	70.318	-42.543
-4.9269	-12.659	9.0941	9.7494	-2.9564	1.1511	2.1811	1.4402	-1.7273	-2.6242	2.59	-0.081226	-0.4276	-0.39691	-9.2605	-280.96	-57.874	136.65	1.2069	9.653	17.724	26.877	10.217	-32.607	19.866	-29.973	18.334	-23.155
-5.0049	-9.7374	4.3801	13.152	-3.1335	2.6555	0.95282	0.43078	-1.106	-2.9647	3.0246	0.22217	-0.17467	-0.48352	-3.1197	116.84	-188.56	136.09	-7.0845	60.177	-49.13	-40.377	24.852	-13.618	17.383	12.136	10.117	-3.4644
-4.9077	-10.481	7.357	9.6806	-0.54909	0.88478	0.022737	2.2406	-1.9166	-3.4153	3.4613	-0.056854	0.38137	-0.23685	3.8883	-29.751	119.07	-138.84	103.38	-70.83	-37.203	72.391	-32.424	-18.027	17.467	-11.161	22.242	9.8669
-4.6345	-2.5866	5.754	8.0564	1.7686	0.66112	-2.9063	2.6895	-1.3821	-1.5085	-0.05246	0.32184	0.7026	1.0204	10.93	315.78	-64.118	-64.97	92.706	-8.9464	-117.16	17.957	21.383	76.275	-140.55	15.148	12.849	50.289
-4.3252	4.3435	3.8351	6.5628	2.7677	1.9318	-6.0239	0.85689	0.3389	0.14941	-2.0836	0.0086645	1.6131	2.498	12.372	277.21	-76.759	-59.745	39.968	50.827	-124.71	-73.304	68.838	66.314	-81.245	-12.527	36.42	59.104
-4.3155	4.637	2.9762	4.9884	5.1855	1.9172	-5.7676	-0.59314	-0.058814	0.44415	-1.9413	1.076	1.0397	2.1247	0.38722	11.738	-34.355	-62.976	96.711	-0.58434	10.252	-58.001	-15.909	11.79	5.6932	42.694	-22.935	-14.931
-4.483	3.3671	2.1656	4.7562	7.2872	1.0566	-5.288	-0.54485	-0.11987	-0.66623	-1.9007	2.4649	0.49907	1.4991	-6.7011	-50.797	-32.425	-9.2873	84.067	-34.422	19.185	1.9316	-2.4421	-44.415	1.6209	55.553	-21.626	-25.023
-4.5748	-0.23048	2.1243	4.265	10.018	-0.55155	-4.3151	-0.59556	-0.24396	-0.99776	-1.7438	2.5772	0.29853	1.4516	-3.6695	-143.9	-1.6508	-19.647	109.24	-64.328	38.915	-2.0284	-4.9639	-13.261	6.2769	4.4944	-8.0216	-1.9003
-4.7768	-3.9498	2.9243	3.745	11.972	-1.1498	-4.5802	-0.54317	-0.014104	-0.54415	-1.9364	2.1336	0.23586	1.7703	-8.0826	-148.77	32.003	-20.799	78.141	-23.929	-10.602	2.0957	9.1944	18.144	-7.7022	-17.746	-2.5066	12.746
-4.9558	-5.154	4.0748	3.7358	8.5589	1.661	-4.554	-0.15545	-1.3609	0.33961	-1.6302	1.5802	-0.17511	1.7788	-7.1595	-48.167	46.019	-0.36936	-136.51	112.43	1.0498	15.509	-53.87	35.35	12.248	-22.136	-16.439	0.34039
-5.0032	-0.71842	4.6994	0.87107	4.2287	4.0304	-0.10159	-2.2407	-3.7027	0.8789	0.70258	0.81068	-0.43503	1.0875	-1.896	177.42	24.982	-114.59	-173.21	94.777	178.09	-83.409	-93.673	21.572	93.31	-30.78	-10.396	-27.649
-5.164	-7.3137	7.3859	2.3433	2.2299	2.7254	1.5875	-2.0546	-4.4659	1.1922	0.84132	1.3611	-1.0834	0.9125	-6.4331	-263.81	107.46	58.889	-79.951	-52.201	67.565	7.4424	-30.529	12.533	5.5494	22.016	-25.935	-7.0012
-5.4474	-17.78	12.106	4.6974	0.30476	-1.3051	2.7638	0.61714	-2.6593	-1.0215	-0.04056	0.84924	1.5126	-0.50666	-11.334	-418.64	188.81	94.164	-77.005	-161.22	47.05	106.87	72.263	-88.55	-35.275	-20.473	103.84	-56.766
-5.7836	-19.965	12.625	4.7822	-0.70188	-1.7154	2.4856	0.63304	-0.59456	-2.007	-0.062248	0.29443	2.2199	-0.52156	-13.448	-87.427	20.758	3.3925	-40.266	-16.409	-11.128	0.63578	82.591	-39.419	-0.8675	-22.192	28.291	-0.596
-6.0194	-25.155	12.877	5.6557	-1.3289	-0.51958	0.46315	2.5698	-0.10098	-2.74	-0.19019	1.018	1.2385	-0.12647	-9.4321	-207.58	10.072	34.938	-25.08	47.831	-80.898	77.472	19.743	-29.32	-5.1179	28.943	-39.257	15.804
-6.0494	-21.066	11.232	3.3135	-0.59209	0.34273	1.6094	1.1924	-1.6058	-0.7443	0.773	-0.033467	0.75363	0.036193	-1.1997	163.57	-65.809	-93.687	29.471	34.492	45.849	-55.098	-60.191	79.828	38.528	-42.059	-19.393	6.5065
-5.8061	-22.728	12.282	4.9653	-0.90442	-0.62398	0.46816	2.1938	-0.41903	-2.0223	0.93834	0.26335	1.029	-0.32384	9.7327	-66.478	42.026	66.074	-12.493	-38.668	-45.649	40.057	47.47	-51.121	6.6137	11.873	11.014	-14.401
-5.1875	-13.929	13.51	2.4695	-2.6411	1.0766	-1.6829	3.2989	-1.2839	-1.6269	-0.25293	0.60967	1.9001	-0.19996	24.741	351.94	49.116	-99.833	-69.467	68.025	-86.042	44.203	-34.595	15.819	-47.651	13.853	34.845	4.955
-4.4778	-1.6091	15.197	-2.4717	-3.0142	1.7566	-1.7066	2.5629	-2.2899	-1.9811	0.36921	1.9171	1.5049	-0.96801	28.389	492.8	67.449	-197.65	-14.925	27.2	-0.94991	-29.44	-40.239	-14.17	24.886	52.295	-15.808	-30.722
-3.9548	7.2432	15.287	-6.4948	-1.9979	2.0842	-1.9588	1.1911	-2.5713	-1.0897	1.3007	1.9494	0.72991	-1.5333	20.922	354.09	3.6033	-160.92	40.651	13.102	-10.087	-54.872	-11.257	35.658	37.261	1.2935	-31	-22.612
-3.5114	13.504	13.139	-7.36	-0.78803	3.0199	-3.9491	0.85207	-2.6033	1.4434	0.51052	1.5247	-0.30428	-0.56638	17.736	250.41	-85.889	-34.607	48.397	37.429	-79.612	-13.561	-1.2814	101.32	-31.609	-16.988	-41.368	38.677
-3.2443	17.883	11.619	-7.7446	-0.46639	2.7794	-4.6522	0.14657	-1.5153	1.8464	0.3546	0.6061	-0.01105	-0.22483	10.684	175.16	-60.812	-15.384	12.866	-9.6196	-28.124	-28.22	43.523	16.122	-6.2371	-36.744	11.729	13.662
-3.1697	22.329	9.3799	-7.3181	-0.51273	2.5433	-5.7673	0.82282	-1.968	4.0871	-0.98267	-0.10409	0.32379	-0.015534	2.9831	177.86	-89.566	17.059	-1.8537	-9.4446	-44.604	27.05	-18.11	89.627	-53.491	-28.408	13.394	8.3718
-3.1372	22.295	9.2693	-7.7163	0.47212	1.2267	-5.7816	0.79737	-0.75621	3.9076	-1.813	-0.0038638	0.33002	0.35568	1.2999	-1.365	-4.4232	-15.93	39.394	-52.662	-0.56996	-1.0179	48.472	-7.1796	-33.211	4.0092	0.24907	14.849
-3.1371	22.222	9.2284	-7.4731	0.055134	1.3146	-6.2064	1.4791	-0.65642	3.8413	-1.9561	-0.46555	0.61812	0.29051	0.0019603	-2.9212	-1.6379	9.7308	-16.679	3.5162	-16.992	27.268	3.9918	-2.6523	-5.7272	-18.467	11.524	-2.6069
-3.0125	24.217	7.7655	-6.626	-0.53353	0.0094486	-3.9482	0.20704	0.91946	2.941	-2.0212	-0.61503	0.8185	0.23276	4.9854	79.804	-58.517	33.884	-23.546	-52.208	90.326	-50.882	63.035	-36.014	-2.6009	-5.9796	8.015	-2.3097
-2.9464	25.848	7.3685	-7.2271	-0.8016	-0.2264	-2.8633	-0.30118	1.5749	2.0059	-1.3071	-0.83713	0.48368	0.54859	2.6427	65.215	-15.88	-24.045	-10.723	-9.4341	43.395	-20.329	26.219	-37.404	28.561	-8.8839	-13.393	12.633
-2.9437	28.739	6.4122	-7.724	-1.9441	0.93099	-3.1387	-0.43652	2.3763	0.73335	-1.1929	-0.32565	-0.38115	0.90316	0.11064	115.65	-38.251	-19.876	-45.7	46.296	-11.016	-5.4136	32.057	-50.901	4.571	20.459	-34.593	14.183
-3.0929	27.214	6.8358	-7.8955	-2.1744	0.57641	-1.781	-0.50801	1.8421	0.25827	-0.20519	-1.0728	-0.60749	1.851	-5.969	-61.005	16.945	-6.8607	-9.2118	-14.183	54.311	-2.8595	-21.369	-19.003	39.507	-29.884	-9.0538	37.915
-3.2352	28.842	4.7205	-6.5776	-3.2888	1.0939	-0.89738	-2.0116	4.0385	-1.6991	0.86037	-1.636	-0.49957	1.9142	-5.6926	65.145	-84.615	52.717	-44.575	20.698	35.344	-60.143	87.854	-78.296	42.623	-22.529	4.3169	2.5253
-3.3378	27.285	5.4175	-6.2577	-5.0326	2.4488	-1.1019	-1.4065	3.093	-1.0155	0.58408	-2.1788	0.16224	1.7938	-4.1037	-62.28	27.881	12.796	-69.753	54.198	-8.1804	24.203	-37.819	27.347	-11.052	-21.713	26.472	-4.8137
-3.428	25.571	5.4724	-5.8306	-4.452	1.9901	-1.4103	-0.77978	2.3844	-0.45201	0.17732	-1.8599	0.097588	1.6039	-3.6077	-68.566	2.1951	17.084	23.224	-18.348	-12.337	25.069	-28.343	22.538	-16.271	12.757	-2.586	-7.5964
-3.4891	27.828	3.4179	-4.2114	-5.0755	1.8412	-1.1903	-0.95632	3.172	-1.6033	1.3843	-2.74	0.51209	1.6027	-2.4424	90.273	-82.178	64.769	-24.94	-5.9559	8.8016	-7.0618	31.502	-46.051	48.278	-35.203	16.58	-0.046988
-3.515	28.292	2.1879	-3.3985	-3.8936	0.71186	-1.2764	-0.61902	2.4697	-0.7008	0.7479	-2.1506	0.26665	1.38	-1.0381	18.546	-49.203	32.516	47.277	-45.174	-3.4469	13.492	-28.094	36.1	-25.455	23.575	-9.8175	-8.9113
-3.6163	25.622	2.9673	-3.6102	-2.288	0.57476	-2.8768	-0.4512	2.3309	0.23393	-0.015458	-1.4659	0.0032946	0.80225	-4.053	-106.8	31.179	-8.4702	64.222	-5.484	-64.016	6.7125	-5.5485	37.389	-30.534	27.387	-10.534	-23.108
-3.6805	26.019	1.7499	-2.4275	-1.4622	0.35516	-3.9174	0.49618	0.9965	0.7616	0.18789	-0.81217	0.019498	0.37907	-2.5669	15.911	-48.695	47.31	33.032	-8.7841	-41.622	37.895	-53.378	21.107	8.134	26.149	0.64812	-16.927
-3.8929	20.66	1.5597	-0.14855	-0.08403	0.33339	-5.3223	-0.52748	1.7914	0.86149	-0.56713	0.46942	-0.53605	0.56616	-8.4945	-214.37	-7.6104	91.157	55.128	-0.87072	-56.198	-40.946	31.797	3.9957	-30.201	51.264	-22.222	7.4837
-4.4274	11.566	2.4316	3.2506	0.68616	0.15417	-4.9039	-0.92465	0.76331	0.5827	0.38202	0.89541	-1.56	1.4864	-21.382	-363.76	34.878	135.97	30.808	-7.1691	16.736	-15.887	-41.124	-11.152	37.966	17.04	-40.958	36.811
-5.5447	-5.337	3.6826	5.1666	2.1283	1.4925	-3.9502	-1.9744	0.5056	-0.34064	0.43561	0.96625	-1.8288	2.0445	-44.692	-676.12	50.04	76.642	57.684	53.535	38.15	-41.991	-10.309	-36.934	2.1437	2.8335	-10.753	22.323
-7.3721	-24.348	-2.5632	0.16261	7.648	6.7906	1.779	-5.5272	-1.2428	1.0317	-0.45399	0.84709	1.2381	-0.12828	-73.097	-760.42	-249.83	-200.16	220.79	211.92	229.17	-142.11	-69.935	54.895	-35.584	-4.7665	122.68	-86.912
-8.7737	-21.336	-13.137	-9.0215	5.9574	7.7298	5.2629	-4.4414	0.64388	2.2788	-0.59169	0.88848	1.9781	0.34304	-56.061	120.46	-422.96	-367.36	-67.623	37.566	139.35	43.432	75.466	49.882	-5.508	1.6555	29.601	18.852
-9.1992	-58.689	-10.876	-1.5681	3.3883	7.7063	4.4783	-2.1234	1.8207	1.291	-0.35205	-1.6304	2.0336	0.79884	-17.021	-1494.1	90.438	298.14	-102.77	-0.9406	-31.382	92.718	47.072	-39.509	9.5855	-100.76	2.2182	18.232
-12.62	-68.286	-15.706	-0.049165	1.0753	3.0945	4.2389	0.015615	0.49235	-2.0334	0.22981	-0.29854	0.12793	-0.8162	-136.82	-383.88	-193.19	60.756	-92.518	-184.47	-9.5758	85.562	-53.133	-132.98	23.274	53.275	-76.226	-64.602
-12.055	-54.891	-15.317	-2.9894	-4.0022	4.3748	4.6813	0.56725	-1.085	-2.4455	0.3729	-1.1191	0.3402	-2.0636	22.588	535.79	15.549	-117.61	-203.1	51.21	17.695	22.066	-63.095	-16.482	5.7238	-32.824	8.4905	-49.896
-7.6593	-9.3113	-2.9038	-2.3196	-11.377	0.7446	1.3875	-0.38601	-0.1568	-3.8171	1.1565	0.52313	1.2238	-1.4735	175.83	1823.2	496.54	26.792	-294.98	-145.21	-131.75	-38.13	37.129	-54.864	31.343	65.691	35.344	23.602
-7.4533	-10.666	-3.3011	-0.81146	-9.9703	0.8993	3.8893	1.1475	-0.70673	-2.5109	1.2133	1.2449	2.5939	-2.4049	8.2396	-54.176	-15.892	60.324	56.259	6.1881	100.07	61.34	-21.997	52.247	2.274	28.872	54.803	-37.253
-5.7489	-18.633	10.945	8.0496	-5.9527	-0.79215	2.5747	2.2597	-1.0974	-3.8782	1.1663	0.30907	1.7048	-1.3462	68.176	-318.68	569.86	354.44	160.7	-67.658	-52.582	44.488	-15.626	-54.693	-1.8811	-37.434	-35.561	42.345
-4.899	0.88009	10.062	8.0742	-7.4471	-4.0212	2.3474	1.7197	-2.0459	-2.9518	2.0921	0.1918	1.1559	-1.1788	33.998	780.51	-35.318	0.98247	-59.776	-129.16	-9.0951	-21.601	-37.942	37.059	37.032	-4.6909	-21.959	6.6962
-4.5483	5.3825	4.9037	8.5105	-7.7561	-5.1796	3.0953	1.6798	-2.4721	-1.5896	2.1999	-0.055141	1.6881	-0.88453	14.027	180.09	-206.35	17.451	-12.362	-46.335	29.918	-1.5941	-17.045	54.486	4.3122	-9.8776	21.289	11.772
-4.5621	3.6863	5.6987	7.1859	-6.7683	-3.7823	1.2602	2.5623	-3.4012	-0.73773	2.3422	-0.017209	1.1858	-1.9199	-0.55142	-67.845	31.8	-52.982	39.516	55.892	-73.403	35.301	-37.166	34.076	5.6921	1.5173	-20.09	-41.417
-4.6642	12.486	1.2798	6.8569	-9.3422	-1.4435	2.7119	1.1335	-2.9144	-0.39638	3.0044	-1.7468	1.2368	-1.7788	-4.0866	351.97	-176.76	-13.161	-102.96	93.553	58.066	-57.156	19.474	13.654	26.489	-69.184	2.0375	5.6446
-4.8275	11.339	0.78023	5.4612	-8.0445	-0.76313	2.1085	0.19436	-2.5015	0.25916	2.6826	-2.2142	0.93314	-1.8571	-6.5307	-45.88	-19.982	-55.828	51.905	27.214	-24.137	-37.564	16.513	26.222	-12.874	-18.696	-12.146	-3.1294
-5.0657	7.9969	3.0866	3.0402	-6.0801	0.34108	0.61313	0.60444	-3.3617	1.9217	2.2936	-3.313	0.65293	0.1778	-9.527	-133.67	92.255	-96.84	78.577	44.168	-59.814	16.403	-34.407	66.5	-15.557	-43.953	-11.208	81.395
-5.1852	8.5488	2.9382	2.2473	-4.1678	1.0823	-0.60473	0.25568	-2.7659	1.9547	2.1774	-3.2586	0.20357	0.64684	-4.781	22.076	-5.9357	-31.714	76.492	29.647	-48.714	-13.95	23.83	1.3233	-4.6511	2.1767	-17.974	18.761
-5.242	8.1699	1.6256	1.5948	0.95865	-0.57004	-2.3554	-0.7454	-1.0833	1.1527	1.5659	-2.2719	1.333	0.23346	-2.2728	-15.155	-52.504	-26.103	205.06	-66.092	-70.026	-40.043	67.305	-32.08	-24.457	39.47	45.178	-16.535
-5.3005	6.5776	-0.29269	3.2008	3.0851	-1.5409	-4.4472	-0.7173	-0.26037	1.0617	-0.42057	-0.15434	1.1455	-0.23108	-2.3375	-63.69	-76.733	64.24	85.058	-38.833	-83.672	1.1239	32.918	-3.6418	-79.46	84.701	-7.5018	-18.582
-5.5695	1.9369	-0.90608	4.1072	5.1658	-1.7029	-5.7066	0.43861	-0.84976	-0.65187	-0.98139	2.4006	0.051055	-0.6494	-10.76	-185.63	-24.536	36.257	83.229	-6.4822	-50.376	46.236	-23.576	-68.542	-22.433	102.2	-43.776	-16.733
-6.2312	-10.736	2.5196	2.453	6.9221	0.07249	-6.2092	0.89429	-0.1684	-3.4901	0.020841	1.9413	0.022303	-0.50028	-26.467	-506.9	137.03	-66.167	70.251	71.016	-20.104	18.227	27.254	-113.53	40.089	-18.37	-1.1501	5.9649
-7.6361	-30.382	2.3796	1.4385	7.1827	3.9427	-2.4572	-0.87215	-1.2353	-4.1905	1.17	1.5174	-0.27219	-0.89708	-56.2	-785.85	-5.5984	-40.579	10.425	154.81	150.08	-70.658	-42.675	-28.016	45.968	-16.958	-11.78	-15.872
-10.061	-55.159	-3.9176	6.2576	5.6875	7.2255	3.6785	-1.0978	-0.51182	-3.5457	0.54418	0.29532	0.23398	-1.2576	-97.004	-991.06	-251.89	192.76	-59.81	131.31	245.43	-9.0263	28.939	25.793	-25.035	-48.882	20.247	-14.422
-11.367	-65.66	-9.3901	6.6627	4.3241	3.2422	4.9677	0.75278	1.5865	-1.8768	1.1892	-0.62797	0.39601	-0.5576	-52.228	-420.07	-218.9	16.206	-54.535	-159.33	51.567	74.024	83.935	66.753	25.803	-36.931	6.4809	28.001
-12.485	-66.91	-12.714	3.1148	3.7071	2.6807	4.1205	0.32831	1.7026	0.26297	1.7121	-0.1939	0.868	-1.4604	-44.736	-50.002	-132.97	-141.92	-24.68	-22.459	-33.886	-16.979	4.6433	85.593	20.915	17.363	18.88	-36.113
-13.541	-72.533	-15.595	0.50439	0.62445	1.4088	2.8288	0.82386	0.4757	-0.99241	0.30344	-1.2052	-0.41256	-0.93183	-42.207	-224.9	-115.23	-104.42	-123.31	-50.875	-51.671	19.822	-49.077	-50.215	-56.347	-40.453	-51.222	21.144
-8.2754	-30.888	-0.60836	-3.3317	-8.4359	-2.6695	4.5328	-3.19	0.068686	-3.47	1.1846	-0.91907	-0.29729	0.29339	210.61	1665.8	599.47	-153.44	-362.41	-163.13	68.161	-160.55	-16.281	-99.103	35.245	11.447	4.6111	49.009
-8.2525	-12.826	0.61272	-4.0892	-8.4266	-3.4456	5.2237	-4.4093	1.043	-4.2329	1.6252	-0.92897	0.12712	0.76286	0.91448	722.46	48.843	-30.3	0.36968	-31.044	27.636	-48.771	38.973	-30.516	17.626	-0.39628	16.976	18.779
-8.5099	-39.73	-2.9449	1.9871	-5.0032	0.1544	5.5502	-1.6584	2.2319	-1.5845	0.30567	0.34197	1.0302	0.67022	-10.294	-1076.2	-142.31	243.05	136.94	144	13.061	110.04	47.556	105.94	-52.782	50.838	36.121	-3.7056
-9.4459	-46.6	2.2597	6.5971	0.68683	1.4059	3.1109	-0.26157	0.023549	-1.6434	-0.40204	-2.2428	-0.16432	-1.2786	-37.443	-274.78	208.19	184.4	227.6	50.062	-97.573	55.872	-88.335	-2.3543	-28.308	-103.39	-47.779	-77.952
-8.9958	-42.729	2.6311	5.6322	-0.60096	-0.31704	1.3966	-0.62335	-0.45756	-1.5656	0.73323	-0.6904	0.53872	-0.58998	18.005	154.83	14.857	-38.594	-51.512	-68.92	-68.57	-14.471	-19.244	3.1103	45.411	62.098	28.122	27.544
-8.4091	-34.74	4.5241	6.9935	-1.7862	-2.1241	0.32116	-2.1408	-1.1324	-1.7827	0.8153	-1.5204	0.44426	-1.04	23.468	319.55	75.717	54.452	-47.408	-72.284	-43.019	-60.698	-26.994	-8.6837	3.2828	-33.2	-3.7784	-18.001
-8.2498	-30.036	4.7431	6.9879	-0.39888	-0.46968	2.6945	-3.033	0.66203	-0.49987	1.4762	0.43861	0.10663	-2.3969	6.3728	188.18	8.7594	-0.22275	55.491	66.178	94.933	-35.689	71.777	51.313	26.436	78.361	-13.505	-54.274
-8.3598	-31.01	1.6904	4.1732	0.56761	0.19171	1.8718	-1.0766	0.89585	-1.1439	-0.5882	-1.5691	1.1961	-0.43947	-4.3985	-38.974	-122.1	-112.59	38.66	26.455	-32.907	78.256	9.3528	-25.759	-82.576	-80.309	43.578	78.296
-8.8102	-32.023	1.1579	4.0659	2.3909	1.6075	-0.16665	-2.6353	-0.92042	-1.3012	0.040587	-1.5175	0.89065	0.23592	-18.016	-40.543	-21.3	-4.292	72.931	56.63	-81.538	-62.346	-72.651	-6.2938	25.151	2.066	-12.217	27.016
-5.3815	-9.3955	4.2457	4.6109	-2.3325	4.3161	-3.1401	-1.6717	-0.22137	1.5568	0.53389	-1.8722	0.46939	0.47887	137.15	905.12	123.51	21.802	-188.93	108.34	-118.94	38.543	27.962	114.32	19.732	-14.19	-16.85	9.718
-4.9387	11.197	6.1705	2.4158	-4.3533	3.2246	-5.0488	-2.6304	0.57076	1.6629	1.1574	-2.0197	0.81354	-0.36484	17.712	823.69	76.991	-87.805	-80.832	-43.658	-76.349	-38.35	31.685	4.2417	24.942	-5.9001	13.766	-33.748
-4.3459	20.807	1.8981	-1.4742	-1.8652	2.5169	-4.4584	-0.72501	0.26945	1.4776	0.66537	-1.7674	0.20428	-0.52347	23.71	384.39	-170.9	-155.6	99.521	-28.31	23.618	76.217	-12.053	-7.4102	-19.683	10.092	-24.37	-6.3453
-4.2455	21.314	0.50442	-0.29834	-3.5709	2.5132	-4.4933	-0.88264	1.0633	0.39818	1.2554	-1.2871	-0.096265	0.44734	4.0176	20.304	-55.747	47.036	-68.227	-0.14587	-1.3969	-6.305	31.755	-43.177	23.603	19.211	-12.022	38.832
-4.3294	18.907	0.5985	0.46972	-2.51	0.72723	-3.9284	0.29527	0.44889	0.92284	0.68214	-1.1239	-0.93967	0.94499	-3.358	-96.292	3.763	30.723	42.435	-71.439	22.595	47.116	-24.577	20.986	-22.932	6.5282	-33.736	19.906
-4.4391	16.071	1.1776	2.188	-4.6597	1.394	-4.4922	2.4588	0.015424	0.045209	0.92736	-1.5357	-0.32618	1.2051	-4.3848	-113.44	23.166	68.731	-85.986	26.669	-22.55	86.542	-17.338	-35.105	9.8088	-16.471	24.539	10.403
-4.5841	15.159	1.7065	0.69829	-3.3689	1.2403	-4.4393	2.7466	0.51739	0.0027391	0.58244	-2.3539	0.64734	1.043	-5.8023	-36.466	21.156	-59.588	51.633	-6.1461	2.1171	11.512	20.079	-1.6988	-13.797	-32.728	38.941	-6.4824
-4.7815	13.148	1.7855	1.6367	-3.965	2.2003	-5.1886	3.3134	0.72686	0.32236	-0.58655	-1.6851	-0.26188	1.4979	-7.8964	-80.448	3.1594	37.535	-23.844	38.401	-29.975	22.671	8.3791	12.785	-46.76	26.75	-36.369	18.196
-4.9498	12.013	0.040094	3.4876	-4.3161	1.7814	-4.1687	2.6034	1.0977	0.37025	-0.074431	-2.8604	0.0079906	1.5845	-6.7307	-45.389	-69.817	74.038	-14.046	-16.756	40.795	-28.4	14.834	1.9159	20.485	-47.011	10.795	3.4623
-5.0909	10.225	0.57168	2.9276	-3.7346	1.2315	-3.2713	1.0638	2.391	0.64971	-0.79569	-2.5998	0.24528	0.56944	-5.6425	-71.535	21.263	-22.401	23.262	-21.996	35.898	-61.584	51.73	11.178	-28.85	10.426	9.4918	-40.601
-5.2119	9.1943	0.61938	3.2619	-5.1875	3.0754	-3.7201	1.0507	2.7031	0.5975	-0.66687	-3.8473	1.1724	0.9595	-4.8431	-41.223	1.9079	13.371	-58.117	73.755	-17.953	-0.52299	12.487	-2.0886	5.1526	-49.9	37.085	15.602
-5.3473	10.009	-0.68213	3.182	-4.6607	2.3443	-2.3411	1.3361	1.8809	0.71545	-0.4419	-3.9379	1.428	0.76947	-5.4142	32.604	-52.06	-3.1942	21.07	-29.243	55.161	11.415	-32.89	4.7182	8.9987	-3.6264	10.222	-7.6013
-5.4453	9.093	0.90058	1.2102	-3.4129	1.2311	-0.71006	-0.49944	3.1828	-0.16919	0.88442	-4.5676	0.032844	1.8103	-3.9199	-36.657	63.309	-78.873	49.915	-44.527	65.24	-73.422	52.076	-35.386	53.053	-25.187	-55.805	41.632
-5.5179	5.776	2.3604	2.8541	-5.0364	0.99835	-1.283	1.3306	2.8232	-1.2237	0.96126	-3.6061	0.36066	0.92691	-2.9058	-132.68	58.393	65.756	-64.94	-9.3116	-22.916	73.203	-14.385	-42.18	3.0735	38.459	13.112	-35.334
-5.5162	7.604	0.41069	3.2879	-6.2637	3.4291	-1.9335	0.7583	2.0365	0.95682	-0.16116	-3.8096	0.41135	0.88983	0.067514	73.121	-77.989	17.353	-49.092	97.23	-26.02	-22.893	-31.468	87.22	-44.897	-8.1399	2.0278	-1.4831
-5.5946	8.669	0.49404	2.5033	-6.8784	3.6977	-1.149	0.47889	2.8902	-1.6824	1.3744	-3.3977	-0.17654	1.0794	-3.1332	42.6	3.3339	-31.385	-24.588	10.743	31.379	-11.176	34.151	-105.57	61.42	16.478	-23.516	7.581
-5.5981	7.5728	1.761	1.9418	-6.3344	1.9952	-0.25409	1.1376	2.8141	-2.5041	1.1857	-2.5395	0.0399	1.2637	-0.14192	-43.847	50.678	-22.457	21.757	-68.1	35.796	26.347	-3.0475	-32.87	-7.5443	34.327	8.6577	7.3727
-5.5408	5.3796	4.1603	0.65706	-5.3909	1.6313	-0.55718	0.81364	2.9164	-2.3359	1.5003	-2.3732	-0.72553	1.2797	2.2913	-87.729	95.973	-51.392	37.742	-14.554	-12.124	-12.957	4.0952	6.73	12.583	6.6509	-30.617	0.64184
-5.5394	7.7782	3.8531	-0.6144	-4.9936	1.4648	-0.73911	1.2568	1.3994	-0.6525	1.1293	-2.8942	0.33353	0.10808	0.059196	95.946	-12.29	-50.858	15.892	-6.6606	-7.2772	17.727	-60.683	67.335	-14.841	-20.84	42.363	-46.866
-5.5247	5.4815	1.5978	-0.31745	-5.7117	2.9144	-1.9189	1.3077	1.7011	-0.89799	1.1351	-2.7752	0.11013	0.69512	0.58538	-91.871	-90.211	11.878	-28.726	57.984	-47.192	2.0345	12.071	-9.8196	0.2329	4.7633	-8.9361	23.482
-5.773	2.7603	4.6453	-1.9947	-4.7617	1.8754	-3.4399	1.0312	1.7933	-1.1928	1.983	-3.1861	-1.0742	1.2954	-9.9327	-108.85	121.9	-67.091	38.003	-41.558	-60.84	-11.058	3.6852	-11.792	33.915	-16.438	-47.373	24.011
-6.4546	-1.9478	5.7339	-6.3798	-2.5229	-0.18683	-1.3128	1.2006	1.1864	-0.30552	0.99249	-2.7912	-0.1368	0.050809	-27.263	-188.32	43.544	-175.41	89.553	-82.491	85.086	6.7746	-24.274	35.491	-39.62	15.798	37.496	-49.783
-7.2656	-29.244	1.6981	-3.9864	-3.2756	-0.97855	-0.90425	0.87198	1.9512	0.42936	0.44189	-2.7347	-1.894	0.38851	-32.439	-1091.8	-161.43	95.738	-30.111	-31.669	16.342	-13.145	30.592	29.395	-22.024	2.2578	-70.287	13.508
-12.359	-64.208	-11.806	2.6176	0.95304	-0.074509	1.262	-1.2763	-0.098968	-2.6386	0.41232	-1.448	0.49887	-1.3025	-203.75	-1398.6	-540.16	264.16	169.15	36.161	86.65	-85.932	-82.007	-122.72	-1.1825	51.466	95.714	-67.641
-13.782	-75.505	-17.307	1.199	-0.49305	0.87065	2.7913	0.37272	0.61368	-1.9932	-0.051029	-1.2401	0.55146	-0.79084	-56.918	-451.86	-220.05	-56.745	-57.844	37.806	61.171	65.961	28.506	25.815	-18.534	8.3179	2.1039	20.467
-13.72	-71.175	-15.993	0.35311	0.81008	2.0079	3.1804	-0.63456	-0.91446	-1.8479	0.26009	-1.7616	2.3678	-0.47635	2.5063	173.18	52.58	-33.835	52.125	45.49	15.566	-40.291	-61.125	5.8107	12.445	-20.86	72.655	12.579
-13.617	-69.854	-14.29	-1.1996	0.30627	2.3948	2.9185	-1.0285	-0.078496	-0.67431	-0.29719	-0.88453	0.36722	-0.47774	4.1114	52.845	68.109	-62.107	-20.153	15.475	-10.476	-15.757	33.438	46.945	-22.291	35.083	-80.025	-0.055455
-13.773	-72.289	-15.901	-2.2035	-0.62188	3.166	2.0942	0.012425	1.2756	-0.76314	-0.1253	-1.08	1.598	-1.1149	-6.2367	-97.398	-64.45	-40.159	-37.126	30.849	-32.974	41.637	54.165	-3.5532	6.8755	-7.8175	49.231	-25.485
-14.293	-76.188	-18.895	-2.9856	-2.602	-1.5336	0.22787	-2.3243	0.77196	0.17624	1.0534	-0.49628	0.68849	-1.0108	-20.802	-155.95	-119.74	-31.284	-79.205	-187.98	-74.652	-93.471	-20.147	37.575	47.147	23.347	-36.381	4.162
