-4.6316	22.146	-12.707	2.7692	-3.3116	-1.5744	0.34243	1.9666	1.7103	-4.0147	0.078449	1.2348	-2.9218	0.0047938	0	0	0	0	0	0	0	0	0	0	0	0	0	0
-2.692	17.511	-7.4172	7.8368	1.1353	1.2917	-0.50136	0.81932	0.65182	-3.4998	0.62209	1.3426	-1.7615	-0.81706	77.584	-185.41	211.58	202.7	177.88	114.64	-33.751	-45.889	-42.338	20.595	21.746	4.3122	46.411	-32.874
-1.702	26.892	3.4138	-1.0144	4.1256	0.19589	-1.0893	0.68264	-4.7132	0.66214	-0.72948	0.86079	-0.54827	-1.646	39.598	375.23	433.24	-354.05	119.61	-43.833	-23.517	-5.4673	-214.6	166.48	-54.063	-19.271	48.531	-33.156
-1.1766	31.625	3.8163	-3.8385	3.7184	-1.14	-0.86107	-0.5043	-4.897	0.89088	-0.99254	1.0857	0.0030603	-0.55591	21.016	189.32	16.102	-112.96	-16.289	-53.437	9.1287	-47.477	-7.3509	9.1497	-10.522	8.9983	22.053	43.602
-0.91752	33.453	4.1186	-4.9699	2.4121	-1.0801	-0.74832	0.51129	-4.6428	1.0106	-1.1024	1.0708	0.24601	-0.42313	10.365	73.117	12.09	-45.253	-52.253	2.3959	4.5097	40.624	10.167	4.7895	-4.3954	-0.59876	9.718	5.311
-0.88552	34.226	4.9003	-5.3583	0.9922	-1.654	-0.40465	1.1958	-4.4289	0.37469	-0.81063	1.7804	0.21158	-0.31795	1.2798	30.928	31.27	-15.536	-56.795	-22.955	13.747	27.379	8.5581	-25.437	11.672	28.384	-1.3773	4.2072
-0.79192	31.776	6.3127	-6.3024	0.68524	-3.2267	-0.41302	1.9036	-3.5045	-0.62356	-0.034709	0.86026	1.6104	-0.94763	3.7439	-98.02	56.494	-37.764	-12.278	-62.909	-0.33465	28.315	36.974	-39.93	31.037	-36.805	55.954	-25.187
-1.0427	28.613	7.6035	-6.7356	0.28423	-4.065	0.018701	2.6904	-2.9335	-1.1258	0.040383	0.92048	1.1949	-0.32357	-10.03	-126.52	51.632	-17.329	-16.041	-33.532	17.269	31.469	22.841	-20.091	3.0037	2.409	-16.622	24.963
-1.1236	27.255	7.5057	-6.3691	-0.28399	-4.8961	0.72334	3.2181	-2.3306	-2.0953	0.27184	0.47546	1.4035	-0.071556	-3.2368	-54.312	-3.9112	14.659	-22.729	-33.241	28.185	21.107	24.118	-38.781	9.2583	-17.801	8.3438	10.08
-1.3724	25.1	7.81	-6.2574	-0.59202	-4.9796	1.5137	3.4564	-2.3193	-2.2683	0.19592	0.26151	1.3294	0.2253	-9.9533	-86.187	12.17	4.4709	-12.321	-3.341	31.616	9.532	0.45152	-6.9196	-3.0369	-8.558	-2.965	11.874
-1.5001	23.745	7.0047	-5.3656	-1.0613	-4.1744	2.0367	3.2365	-2.7316	-2.0917	0.45642	-0.13549	1.1936	0.013293	-5.108	-54.212	-32.212	35.67	-18.772	32.209	20.919	-8.7942	-16.493	7.0668	10.42	-15.88	-5.4295	-8.4804
-1.7513	26.076	3.6665	-2.4916	-2.9303	-1.6673	1.6808	2.8458	-2.9862	-1.629	0.77926	-0.20343	1.1043	-0.31204	-10.047	93.236	-133.53	114.96	-74.76	100.28	-14.236	-15.628	-10.186	18.505	12.914	-2.7178	-3.5731	-13.013
-2.0072	23.052	4.2217	-3.5402	-1.2689	-2.2033	2.5044	1.5039	-3.7921	0.65431	-1.2238	0.80635	0.78686	-1.6209	-10.234	-120.94	22.21	-41.943	66.459	-21.443	32.942	-53.675	-32.235	91.334	-80.122	40.391	-12.697	-52.355
-2.2853	20.208	5.4585	-5.7047	0.095959	0.28532	0.16054	2.0967	-4.0086	0.35624	-1.4429	1.7379	0.0323	-2.5477	-11.125	-113.77	49.47	-86.578	54.593	99.546	-93.753	23.71	-8.6598	-11.923	-8.7653	37.262	-30.183	-37.072
-2.6603	10.561	8.82	-7.3386	0.11494	4.4099	-2.32	3.0956	-3.651	-0.42604	-1.4885	2.191	-1.0938	-1.6368	-15	-385.87	134.46	-65.358	0.75909	164.98	-99.223	39.957	14.305	-31.291	-1.8218	18.125	-45.046	36.437
-2.7113	11.455	8.8963	-7.8968	0.28537	4.9271	-2.9606	2.6811	-4.1891	-0.9407	-0.69447	1.988	-1.765	-0.5513	-2.039	35.743	3.0532	-22.327	6.8174	20.687	-25.624	-16.582	-21.523	-20.586	31.76	-8.1218	-26.845	43.42
-2.5852	14.489	7.6535	-6.9078	-0.20847	5.2955	-4.329	3.5015	-5.092	0.012634	0.61729	0.50854	-1.909	0.075386	5.0426	121.35	-49.712	39.559	-19.753	14.738	-54.735	32.817	-36.118	38.133	52.47	-59.177	-5.7634	25.068
-2.5797	15.691	5.6611	-5.3748	-0.1073	4.4811	-3.8375	3.2928	-5.4343	1.6632	0.15404	-0.32289	-1.4476	0.61168	0.21771	48.094	-79.697	61.319	4.0465	-32.576	19.661	-8.3484	-13.691	66.025	-18.53	-33.257	18.459	21.452
-2.6658	15.722	5.4113	-5.1112	0.68646	3.2607	-2.4725	2.0604	-4.2447	1.504	0.3354	-0.59852	-1.2271	1.3219	-3.4439	1.2369	-9.9916	10.546	31.751	-48.816	54.6	-49.295	47.584	-6.3699	7.2543	-11.025	8.8185	28.408
-2.64	15.314	5.5263	-5.2771	1.0233	2.703	-2.2122	1.524	-3.8759	1.4536	0.22489	-0.68105	-1.1968	1.4971	1.0328	-16.325	4.599	-6.6378	13.473	-22.306	10.412	-21.455	14.75	-2.0177	-4.4203	-3.3009	1.2133	7.0097
-2.6892	15.211	5.6745	-5.2504	1.0266	2.4279	-1.8012	1.2438	-3.2118	1.1091	0.5202	-0.6708	-1.3039	1.8495	-1.9666	-4.1003	5.9287	1.0702	0.13027	-11.005	16.439	-11.21	26.567	-13.777	11.812	0.41004	-4.2846	14.095
-2.6243	15.696	5.4757	-4.6125	-0.11885	2.8199	-1.523	0.60587	-2.4872	0.78457	0.67506	-0.61613	-1.3728	1.7445	2.595	19.395	-7.954	25.513	-45.816	15.679	11.129	-25.517	28.981	-12.983	6.1947	2.1868	-2.7555	-4.1987
-2.6568	15.388	5.804	-4.0801	-1.0502	2.7926	-0.66823	0.11051	-2.08	0.62319	0.75221	-0.10105	-1.9349	2.0112	-1.2997	-12.306	13.135	21.298	-37.252	-1.0926	34.191	-19.814	16.292	-6.4551	3.0856	20.603	-22.484	10.668
-2.5976	15.769	5.5393	-2.9927	-2.5111	3.0615	-0.26262	-0.46816	-1.0508	0.22018	0.32011	1.1474	-2.9128	2.4949	2.3683	15.233	-10.588	43.496	-58.437	10.759	16.224	-23.147	41.165	-16.12	-17.284	49.94	-39.116	19.346
-2.6925	13.269	7.4068	-3.2348	-3.2245	3.0107	0.45039	-0.85639	-0.27423	-0.36785	0.66315	1.3431	-2.6592	2.0968	-3.7959	-100.02	74.698	-9.683	-28.536	-2.0353	28.52	-15.529	31.064	-23.521	13.722	7.8271	10.143	-15.923
-2.7325	14.251	5.0602	-1.2222	-3.2263	1.2813	3.0668	-1.6377	-1.3607	1.17	0.3253	0.99898	-1.4981	0.94406	-1.6005	39.304	-93.861	80.503	-0.075046	-69.177	104.65	-31.254	-43.458	61.513	-13.514	-13.765	46.446	-46.11
-3.1036	15.461	3.2388	-0.39401	-0.88648	-1.8527	3.9758	-0.27039	-1.8672	0.78649	0.3985	1.3144	-1.8436	1.0978	-14.843	48.37	-72.858	33.127	93.595	-125.36	36.361	54.694	-20.26	-15.339	2.928	12.617	-13.822	6.1508
-3.2578	11.947	2.6795	0.46767	0.20819	-1.7658	2.9572	0.41643	-1.0783	0.11516	-0.11408	2.2951	-1.7731	0.38494	-6.1677	-140.54	-22.372	34.467	43.787	3.4739	-40.744	27.473	31.557	-26.853	-20.503	39.227	2.8192	-28.516
-3.9738	8.0773	0.87063	1.8335	-0.27633	-0.97071	4.1814	-0.83145	1.8098	-1.1197	-0.18535	1.7307	-1.3062	0.88873	-28.642	-154.8	-72.355	54.631	-19.381	31.806	48.97	-49.916	115.52	-49.396	-2.851	-22.577	18.676	20.152
-4.2723	1.8771	-0.10619	1.7038	-0.48394	0.366	4.1379	-0.62494	2.0198	-1.1666	-0.58705	2.8761	-1.4182	1.0191	-11.94	-248.01	-39.073	-5.1851	-8.3044	53.468	-1.7404	8.2603	8.3998	-1.8732	-16.068	45.817	-4.4769	5.2147
-4.9356	-3.0357	-1.0961	2.4788	-1.5698	-0.31632	2.4774	-0.78917	2.4345	0.077523	0.97374	2.4375	-0.15615	0.18898	-26.531	-196.51	-39.598	31.001	-43.436	-27.293	-66.42	-6.5692	16.585	49.764	62.432	-17.543	50.481	-33.205
-5.5618	-9.9226	-7.5441	6.5573	-2.909	4.0712	4.2465	-0.034563	3.1296	-1.4134	2.5784	-0.20192	0.81928	-0.51608	-25.049	-275.47	-257.92	163.14	-53.566	175.5	70.762	30.184	27.806	-59.637	64.186	-105.58	39.017	-28.203
-4.9102	2.7126	-20.939	8.6788	-3.4181	3.6663	3.1647	1.4229	2.7218	-1.4787	1.643	-0.43038	1.4411	-0.38008	26.064	505.41	-535.79	84.862	-20.366	-16.197	-43.272	58.297	-16.314	-2.6109	-37.416	-9.1386	24.874	5.4403
-4.0574	8.907	-26.099	8.3176	-5.4216	3.5613	-0.59764	0.028036	2.0277	-2.9015	0.40496	-1.267	0.28033	-0.13927	34.115	247.78	-206.41	-14.449	-80.137	-4.1991	-150.49	-55.794	-27.762	-56.913	-49.521	-33.466	-46.432	9.6324
-3.8201	2.2557	-29.73	11.444	-4.4903	2.9637	-1.0578	0.91873	2.6201	-3.2955	1.7685	-1.3296	-1.7485	-1.1583	9.4922	-266.05	-145.22	125.06	37.252	-23.904	-18.407	35.628	23.695	-15.759	54.541	-2.5012	-81.155	-40.761
-3.7398	-4.3255	-30.361	12.113	-5.7456	2.9716	0.049928	1.4597	3.0498	-1.928	1.7315	-0.37997	-1.1002	-1.3343	3.2113	-263.25	-25.273	26.755	-50.216	0.3191	44.31	21.638	17.188	54.7	-1.4804	37.984	25.935	-7.0381
-3.8981	-4.9393	-31.728	11.531	-8.4195	2.7975	1.9512	0.62926	1.8285	-1.7977	1.4427	-1.6121	-0.56283	-0.18584	-6.3318	-24.552	-54.655	-23.281	-106.95	-6.9657	76.053	-33.217	-48.854	5.2116	-11.551	-49.286	21.494	45.936
-4.091	-2.7264	-30.218	8.2354	-5.0605	5.938	0.47875	-1.3022	2.0994	-3.1795	-0.43289	-1.5473	-1.0438	-0.15517	-7.7189	88.515	60.379	-131.82	134.36	125.62	-58.9	-77.26	10.838	-55.272	-75.024	2.5936	-19.237	1.2266
-4.4114	-2.2875	-26.773	8.9899	-4.9668	7.0586	3.1211	0.6951	2.5735	-1.4649	0.15013	-0.83753	-1.3286	0.16802	-12.813	17.555	137.83	30.18	3.7503	44.825	105.69	79.894	18.963	68.584	23.321	28.39	-11.393	12.928
-4.2442	-13.359	-30.374	13.408	-6.3081	4.2511	-0.45929	0.37193	0.029925	-2.1544	1.6042	0.16459	-0.18359	-0.87366	6.6884	-442.85	-144.07	176.71	-53.653	-112.3	-143.22	-12.927	-101.74	-27.581	58.163	40.085	45.8	-41.667
-4.3736	-8.7803	-32.006	11.935	-4.8339	1.1184	1.7954	0.74116	2.3246	-0.75473	0.86826	-1.5997	0.1772	-1.1041	-5.1792	183.14	-65.254	-58.912	58.966	-125.31	90.187	14.769	91.789	55.988	-29.438	-70.572	14.432	-9.2187
-5.4367	-10.713	-29.437	9.5788	0.70981	1.7558	5.3592	1.0763	2.1769	-0.030068	1.9021	-2.4693	0.15746	0.10917	-42.522	-77.293	102.73	-94.245	221.75	25.497	142.55	13.406	-5.9098	28.986	41.353	-34.785	-0.7894	48.532
-7.1503	-38.286	-20.413	8.5528	3.2653	2.685	4.3726	0.44827	2.2402	0.69606	1.8127	-1.0035	1.2328	-0.035514	-68.544	-1102.9	360.96	-41.041	102.22	37.169	-39.462	-25.122	2.5304	29.045	-3.5763	58.636	43.014	-5.7872
-10.701	-57.187	-18.968	-1.3633	-0.72642	-1.4499	-1.615	-0.38612	2.3344	-0.61956	0.10198	1.4744	1.7179	1.3213	-142.04	-756.05	57.819	-396.64	-159.67	-165.4	-239.5	-33.376	3.7693	-52.625	-68.428	99.113	19.405	54.274
-10.835	-61.011	-19.538	-1.0441	0.6921	-3.1639	-2.2857	-2.0491	2.5322	-0.76168	1.4719	1.9519	0.035465	2.4649	-5.3477	-152.95	-22.796	12.77	56.741	-68.562	-26.829	-66.518	7.9115	-5.6845	54.797	19.1	-67.298	45.743
-10.869	-60.102	-13.94	2.2914	0.98769	-0.69515	-0.17704	-1.1606	2.3916	-0.51125	1.5664	2.4772	-0.51932	1.9569	-1.3697	36.347	223.91	133.42	11.824	98.752	84.346	35.539	-5.6218	10.017	3.7785	21.014	-22.192	-20.321
-6.4425	-53.48	-0.8435	10.233	3.7878	4.4334	0.7893	-0.96994	2.5711	1.524	0.98699	1.4712	-0.19973	-0.037406	177.07	264.91	523.86	317.65	112	205.14	38.654	7.6263	7.1771	81.41	-23.175	-40.241	12.784	-79.772
-5.5525	-29.307	11.341	5.1243	3.352	4.7109	-1.7228	-3.8685	1.0539	3.2059	-1.0594	-0.70997	0.23275	-1.9711	35.602	966.92	487.37	-204.34	-17.432	11.098	-100.48	-115.94	-60.688	67.277	-81.857	-87.246	17.299	-77.349
-4.9503	-25.361	9.2175	4.6616	2.0816	4.9252	-2.3136	-3.5624	1.0029	2.8337	-0.8995	-1.8722	1.409	-2.4892	24.086	157.82	-84.933	-18.509	-50.817	8.5742	-23.632	12.244	-2.0406	-14.889	6.3976	-46.488	47.052	-20.724
-5.1211	-22.957	8.4339	4.1983	2.3112	4.3453	-2.6774	-2.0774	-0.010392	3.1095	-1.6125	-2.2045	2.625	-2.9158	-6.8322	96.183	-31.347	-18.53	9.1844	-23.195	-14.55	59.4	-40.53	11.033	-28.519	-13.293	48.637	-17.063
-4.9775	-21.592	7.5156	3.9887	2.2274	4.2351	-2.3065	-1.6346	0.56	2.9265	-2.4263	-1.8723	2.5277	-2.3028	5.7453	54.575	-36.73	-8.3853	-3.351	-4.4081	14.834	17.714	22.815	-7.3209	-32.553	13.289	-3.89	24.518
-4.8986	-19.56	7.162	3.5105	2.5976	3.5207	-1.6405	-1.3624	0.42637	3.3427	-3.3859	-1.7142	2.3783	-1.8219	3.1584	81.288	-14.143	-19.129	14.807	-28.579	26.638	10.885	-5.3452	16.647	-38.384	6.3223	-5.9758	19.238
-4.2659	-3.8865	2.8665	0.13818	7.38	2.0627	-2.5801	-0.74883	-0.90095	3.0453	-3.0292	-1.4196	1.178	-0.39881	25.307	626.95	-171.82	-134.89	191.3	-58.319	-37.581	24.543	-53.093	-11.897	14.267	11.784	-48.013	56.922
-3.5229	6.7391	-0.055385	-0.96772	11.88	0.20814	-4.4865	-1.4305	-1.3259	3.4002	-3.9722	-0.80013	0.33589	-0.37054	29.719	425.02	-116.88	-44.236	180.01	-74.182	-76.258	-27.268	-16.999	14.199	-37.719	24.779	-33.684	1.131
-3.4885	7.1537	-1.9732	1.1738	13.443	-1.7844	-5.3545	0.83796	-1.1558	1.7056	-4.4824	0.38518	-0.22832	-0.54571	1.3752	16.587	-76.713	85.66	62.496	-79.702	-34.72	90.74	6.8064	-67.785	-20.407	47.412	-22.568	-7.0069
-3.3015	6.6712	-3.1102	2.4741	14.721	-3.4012	-5.0075	1.1243	-1.015	1.4561	-4.4503	0.84659	-0.68347	-0.36909	7.4799	-19.302	-45.477	52.012	51.116	-64.673	13.883	11.454	5.6305	-9.9795	1.2808	18.456	-18.206	7.065
-3.4757	7.6847	-4.8129	3.9911	14.98	-3.976	-4.6466	1.2212	-0.99374	1.2863	-4.1854	0.77188	-0.43018	-0.59546	-6.9663	40.541	-68.111	60.682	10.368	-22.99	14.433	3.8766	0.84996	-6.7923	10.597	-2.9883	10.132	-9.0549
-3.3364	7.7786	-5.1889	4.4457	14.954	-3.881	-5.0902	1.6431	-1.3163	1.4386	-4.3443	0.74499	-0.2976	-0.61287	5.5698	3.756	-15.041	18.184	-1.0505	3.7985	-17.741	16.876	-12.903	6.093	-6.3556	-1.0755	5.3033	-0.69636
-3.2988	9.1526	-5.6248	4.2791	14.419	-3.1651	-4.6878	1.3589	-1.1708	0.81109	-4.2428	0.96794	-0.15938	-0.76626	1.5057	54.958	-17.435	-6.6648	-21.399	28.635	16.092	-11.369	5.8219	-25.102	4.0617	8.9178	5.529	-6.1358
-3.2801	9.82	-6.3216	4.9785	14.301	-2.7773	-4.8849	0.81801	-0.81942	0.5746	-4.0629	0.80477	-0.41381	-0.63315	0.74856	26.697	-27.873	27.974	-4.7101	15.512	-7.8837	-21.636	14.054	-9.4596	7.1933	-6.5268	-10.177	5.3245
-3.0659	11.327	-6.366	4.7574	13.955	-2.1708	-4.6595	0.57174	-0.85475	0.20684	-3.8742	0.28716	0.0075099	-0.77293	8.568	60.27	-1.7738	-8.841	-13.824	24.263	9.0183	-9.8506	-1.4132	-14.711	7.5479	-20.704	16.853	-5.5911
-3.0692	14.429	-6.4153	4.2826	13.204	-1.4698	-4.5103	0.4026	-1.2151	-0.037876	-3.7158	0.15415	-0.066641	-0.58275	-0.13407	124.08	-1.9723	-18.992	-30.062	28.037	5.9689	-6.7657	-14.412	-9.7886	6.3363	-5.3202	-2.966	7.6072
-2.7087	16.72	-6.2048	3.8922	11.926	-0.14848	-4.5908	-0.0071501	-1.2424	-0.42375	-3.6314	-0.4188	0.38881	-0.76039	14.421	91.642	8.4195	-15.617	-51.088	52.855	-3.2224	-16.39	-1.0921	-15.435	3.3789	-22.918	18.218	-7.1057
-2.738	17.111	-4.7134	2.5431	11.23	1.5621	-5.7304	0.13857	-1.304	-0.50966	-3.4358	-0.74955	0.19672	-0.45784	-1.1706	15.636	59.658	-53.966	-27.871	68.424	-45.581	5.8287	-2.4665	-3.4364	7.8216	-13.23	-7.6835	12.102
-2.7401	15.498	-2.5874	0.43352	10.97	3.8467	-7.6605	2.6866	-4.0565	0.87438	-3.0352	-2.4071	1.4806	-0.76636	-0.083821	-64.497	85.04	-84.382	-10.381	91.382	-77.206	101.92	-110.1	55.362	16.025	-66.301	51.357	-12.341
-3.2341	9.9309	-1.8652	-0.099341	10.628	3.4714	-5.1963	1.6469	-3.8623	1.8271	-3.397	-2.1208	0.63191	-0.19442	-19.764	-222.7	28.887	-21.314	-13.681	-15.01	98.57	-41.584	7.7681	38.107	-14.472	11.451	-33.949	22.878
-4.2633	-0.5591	-1.9656	1.18	7.9571	4.3594	-2.9463	0.16188	-2.1827	0.99905	-1.4745	-2.1369	-0.0079271	0.21901	-41.166	-419.6	-4.0182	51.172	-106.84	35.519	89.999	-59.402	67.182	-33.12	76.902	-0.64513	-25.593	16.537
-4.4215	-0.27683	-2.0492	1.7944	8.0297	3.1188	-1.8005	-1.6493	-1.0365	0.64765	-0.632	-1.5723	-0.27402	-0.049691	-6.3289	11.291	-3.3422	24.578	2.9001	-49.624	45.832	-72.445	45.849	-14.056	33.698	22.587	-10.644	-10.748
-3.588	7.4013	-1.0509	0.28704	7.5533	3.6238	-3.4773	0.025402	-1.1017	0.48799	-1.2833	-1.3393	-0.39088	0.20259	33.339	307.12	39.931	-60.295	-19.056	20.2	-67.072	66.986	-2.6088	-6.3863	-26.052	9.3169	-4.6745	10.091
-3.1192	14.236	-0.030323	-1.0365	8.6103	3.488	-5.5753	1.8439	-3.1891	1.8272	-2.3587	-1.6367	0.89177	-0.51482	18.752	273.39	40.824	-52.941	42.283	-5.429	-83.922	72.738	-83.497	53.57	-43.017	-11.895	51.306	-28.696
-3.0741	12.933	1.9215	-2.5808	9.2468	3.1877	-5.9801	1.8692	-3.1256	1.858	-2.3024	-1.7549	1.5877	-1.3817	1.8062	-52.122	78.072	-61.772	25.459	-12.012	-16.192	1.0151	2.5417	1.2291	2.2523	-4.7264	27.836	-34.675
-3.4	7.4561	1.4263	1.415	6.1094	5.4213	-6.0633	0.12562	-0.40833	0.57315	-2.09	-1.3352	1.345	-1.1805	-13.036	-219.07	-19.807	159.83	-125.5	89.342	-3.3258	-69.745	108.69	-51.393	8.496	16.787	-9.7076	8.0483
-3.9957	-0.13647	-2.5969	5.5199	8.5819	2.5714	-2.8513	-1.0201	1.094	0.60914	-3.2895	0.51369	0.34147	-0.55582	-23.829	-303.7	-160.93	164.2	98.898	-113.99	128.48	-45.83	60.093	1.4395	-47.981	73.955	-40.14	24.987
-5.4043	-1.3136	-14.859	7.8049	9.4866	3.1911	-2.0663	-1.8538	5.5677	-2.6648	-1.5357	0.042556	0.23894	-0.88736	-56.343	-47.083	-490.47	91.399	36.187	24.786	31.398	-33.346	178.95	-130.96	70.154	-18.845	-4.1011	-13.262
-6.6955	-28.702	-25.197	7.5293	5.4527	2.5965	0.41502	-0.056847	5.3136	-3.6208	0.82776	2.4055	-0.36896	1.1828	-51.65	-1095.6	-413.54	-11.023	-161.36	-23.785	99.254	71.878	-10.164	-38.24	94.538	94.517	-24.316	82.807
-8.8655	-43.97	-23.096	-0.15915	-1.0399	0.29857	-1.5572	0.54788	5.1988	-3.2403	0.11676	2.0775	-0.90615	0.37436	-86.799	-610.69	84.052	-307.54	-259.7	-91.916	-78.887	24.189	-4.5943	15.221	-28.44	-13.121	-21.488	-32.338
-9.9138	-67.127	-21.554	-0.45853	1.023	3.9701	-0.19736	1.4229	5.866	-2.1241	1.1792	1.5302	-1.0236	0.23591	-41.932	-926.27	61.679	-11.976	82.516	146.86	54.392	35	26.688	44.651	42.497	-21.892	-4.6982	-5.5382
-8.9333	-39.86	-16.689	-3.7292	-4.391	2.5149	-2.8374	0.44944	5.3209	-2.9716	0.25017	0.95595	-0.84315	0.069634	39.219	1090.7	194.6	-130.82	-216.56	-58.208	-105.6	-38.937	-21.803	-33.903	-37.161	-22.969	7.2185	-6.651
-8.9379	-35.597	-16.819	-4.9942	-2.4748	2.089	-1.8612	-1.6869	6.818	-2.7441	0.75229	1.0096	-1.4444	-0.12511	-0.18407	170.51	-5.1938	-50.6	76.648	-17.034	39.048	-85.454	59.883	9.1023	20.085	2.1466	-24.051	-7.7898
-9.4673	-77.882	-17.646	-0.75628	-1.4791	1.7567	-0.8595	1.115	6.783	-0.35491	0.15755	1.5723	-1.3243	-0.053843	-21.173	-1691.4	-33.074	169.52	39.825	-13.293	40.066	112.08	-1.3997	95.567	-23.79	22.508	4.8054	2.8507
-7.8395	-43.27	-24.583	0.9339	-2.2597	0.78852	-0.28556	-0.21032	4.2861	-3.7934	0.36209	0.88121	-1.5944	0.23283	65.112	1384.5	-277.47	67.607	-31.225	-38.726	22.958	-53.012	-99.877	-137.54	8.1817	-27.645	-10.803	11.467
-5.8894	-9.6811	-24.005	0.041501	-1.9031	0.16029	-1.0393	0.24753	4.6051	-4.4588	0.4793	0.91638	-1.8662	0.7356	78.004	1343.6	23.085	-35.696	14.267	-25.129	-30.15	18.314	12.763	-26.614	4.6883	1.4069	-10.873	20.111
-5.5913	5.9613	-20.498	-2.2186	-0.6454	-0.87603	-1.5086	0.85278	4.8362	-5.3104	0.85271	0.62119	-1.7401	0.58468	11.921	625.7	140.29	-90.403	50.307	-41.453	-18.77	24.21	9.2431	-34.063	14.937	-11.808	5.0425	-6.0369
-4.9099	2.7639	-17.945	0.33499	-0.37835	0.0047477	-2.0793	-0.54414	4.4434	-4.8929	0.49622	1.8476	-1.9816	0.16559	27.259	-127.9	102.14	102.14	10.682	35.231	-22.83	-55.876	-15.713	16.699	-14.26	49.055	-9.6598	-16.763
-4.8388	13.979	-19.786	-0.089826	-2.876	-4.9766	-1.1095	1.4967	5.9031	-3.4779	0.97525	1.339	-1.9345	-0.039601	2.8425	448.59	-73.675	-16.993	-99.906	-199.25	38.791	81.632	58.39	56.602	19.161	-20.341	1.885	-8.2078
-4.7804	9.0109	-19.629	4.1777	0.65772	-5.0685	-1.2621	-0.081735	5.5007	-2.9394	0.32066	0.81808	-0.89246	-0.43861	2.3376	-198.71	6.2931	170.7	141.35	-3.6757	-6.1038	-63.136	-16.098	21.539	-26.183	-20.839	41.682	-15.96
-5.4872	7.4813	-15.616	5.1836	2.6989	-1.8643	0.56234	-0.56483	3.4975	-3.3612	0.87297	0.25272	-0.025594	0.13674	-28.275	-61.184	160.51	40.237	81.647	128.17	72.979	-19.324	-80.13	-16.873	22.092	-22.614	34.675	23.014
-5.8666	-3.1281	-13.668	4.2781	3.9893	-0.71486	0.32251	0.53316	5.1264	-1.0836	1.5676	1.2961	0.055975	0.02976	-15.173	-424.38	77.927	-36.219	51.615	45.976	-9.5932	43.92	65.157	91.103	27.785	41.737	3.2627	-4.2793
-6.3094	-9.5383	-11.158	2.4712	3.1305	-1.0545	-1.98	-2.6258	5.1887	-1.8208	0.78212	2.4985	1.4026	0.17368	-17.713	-256.41	100.41	-72.278	-34.351	-13.584	-92.099	-126.36	2.4912	-29.488	-31.419	48.093	53.865	5.7567
-4.8331	-9.4231	-6.8606	2.1384	5.0902	1.2803	0.3707	-2.2469	6.1206	-1.4452	-0.39824	1.8344	1.2481	-0.49868	59.051	4.6099	171.9	-13.311	78.39	93.39	94.027	15.157	37.277	15.026	-47.214	-26.563	-6.1783	-26.894
-3.4152	11.195	0.8061	1.5768	6.5404	-1.7617	-1.0816	-2.9628	4.4338	-0.080452	-0.62104	-0.056313	-0.084618	-0.22014	56.716	824.73	306.67	-22.465	58.007	-121.68	-58.092	-28.634	-67.47	54.59	-8.9119	-75.628	-53.31	11.142
-2.3203	18.914	1.9998	0.58492	6.5348	-4.0984	-0.79781	-3.4043	1.8188	0.73787	-0.38386	0.30279	0.36852	0.047175	43.798	308.76	47.748	-39.674	-0.22517	-93.469	11.351	-17.663	-104.6	32.733	9.4872	14.364	18.126	10.693
-1.812	21.59	3.6537	-0.63698	4.8284	-4.281	0.77155	-5.8432	2.5188	1.0695	-0.16642	0.492	-0.24655	0.73169	20.333	107.03	66.158	-48.876	-68.257	-7.3039	62.774	-97.556	27.997	13.266	8.6977	7.5685	-24.603	27.381
-1.5514	21.584	6.6905	-4.0859	2.82	-1.024	-0.61039	-5.6582	1.7528	0.73055	0.5385	0.64483	-0.48794	1.1505	10.422	-0.24463	121.47	-137.96	-80.336	130.28	-55.277	7.3992	-30.639	-13.559	28.197	6.1131	-9.6555	16.751
-1.4907	18.888	10.54	-8.304	3.9483	-0.63133	-2.2523	-3.671	-0.30784	1.4103	1.8282	-0.95627	0.65218	1.0101	2.4287	-107.84	153.99	-168.72	45.135	15.706	-65.675	79.489	-82.425	27.191	51.589	-64.044	45.605	-5.6147
-1.3598	20.244	8.6936	-7.3374	2.7688	-0.56811	-1.1037	-3.8487	-1.0945	2.3771	1.3807	-0.25613	0.50125	0.77085	5.2342	54.225	-73.865	38.663	-47.182	2.529	45.944	-7.1065	-31.464	38.67	-17.9	28.006	-6.0373	-9.5701
-1.5605	19.628	9.9215	-8.7888	2.7447	-0.55976	-0.96556	-2.7357	-2.1012	2.5051	1.6216	-0.52521	0.23915	1.1345	-8.0278	-24.637	49.114	-58.054	-0.96235	0.33396	5.5245	44.518	-40.269	5.1217	9.6333	-10.763	-10.484	14.548
-1.6488	18.872	10.335	-8.7093	1.6621	-0.5385	-0.32813	-2.8865	-2.1837	2.8161	1.253	-0.56333	0.28569	1.263	-3.5323	-30.237	16.556	3.1805	-43.306	0.85015	25.497	-6.0288	-3.2999	12.439	-14.742	-1.5247	1.8616	5.1371
-1.659	19.425	9.729	-7.8694	-0.096199	-0.10351	0.16659	-1.8355	-3.2998	2.8933	1.6679	-0.88473	0.17416	1.0795	-0.40827	22.11	-24.254	33.593	-70.331	17.4	19.789	42.038	-44.644	3.0876	16.597	-12.856	-4.4611	-7.3391
-1.5502	20.684	9.4344	-7.6066	-0.59036	-0.074724	0.86322	-1.4011	-4.9177	3.5191	1.9207	-1.1854	-0.15739	1.6637	4.3525	50.357	-11.786	10.515	-19.766	1.1516	27.865	17.377	-64.718	25.032	10.113	-12.028	-13.262	23.368
-1.5922	19.459	9.8797	-7.212	-1.3226	0.39326	1.1398	-1.4859	-5.483	3.475	2.1302	-1.426	-0.2075	1.5496	-1.6796	-48.995	17.812	15.783	-29.29	18.719	11.065	-3.3948	-22.612	-1.7656	8.3764	-9.6242	-2.0043	-4.5631
-1.6306	18.323	10.194	-6.8672	-1.5008	0.56081	1.5285	-1.7278	-5.9274	3.5873	2.2008	-1.4124	-0.24353	1.6022	-1.5349	-45.416	12.585	13.791	-7.1263	6.7021	15.547	-9.6752	-17.776	4.4941	2.8271	0.54475	-1.441	2.1034
-1.6414	17.056	10.46	-7.1449	-0.76195	0.61265	1.6444	-2.0071	-6.3415	3.5634	2.3312	-1.8527	0.13894	1.0562	-0.43276	-50.69	10.643	-11.107	29.553	2.0735	4.6364	-11.172	-16.561	-0.95441	5.2167	-17.611	15.299	-21.842
-1.6358	17.059	9.7774	-6.9491	0.081048	0.90952	1.7546	-2.4731	-6.248	3.8396	2.1595	-2.2491	0.25432	1.1881	0.22427	0.12012	-27.319	7.8308	33.72	11.875	4.4072	-18.638	3.7387	11.046	-6.8698	-15.856	4.6151	5.2781
-1.8075	16.059	9.1309	-6.9165	1.4835	0.9745	1.597	-3.1369	-6.296	4.4653	1.2532	-2.2739	-0.016724	1.7238	-6.8664	-40.009	-25.858	1.3031	56.099	2.5994	-6.3027	-26.555	-1.9184	25.027	-36.25	-0.99395	-10.842	21.429
-2.0045	13.303	9.0318	-6.6314	2.9072	0.68737	1.5397	-3.728	-6.0579	4.8202	0.29086	-1.9363	-0.27669	2.105	-7.8804	-110.25	-3.9662	11.405	56.949	-11.485	-2.291	-23.641	9.5219	14.2	-38.495	13.507	-10.399	15.248
-2.2187	11.566	7.7673	-6.0207	4.3501	0.89887	1.0076	-4.1748	-5.4775	5.0881	-0.30075	-2.5019	0.70529	1.503	-8.5694	-69.447	-50.577	24.426	57.715	8.46	-21.284	-17.872	23.215	10.713	-23.664	-22.625	39.279	-24.08
-2.4857	10.604	5.4072	-4.4135	5.6468	0.64504	0.69755	-4.7634	-3.8416	4.2392	-0.23134	-2.8597	1.0702	1.6692	-10.68	-38.512	-94.405	64.289	51.867	-10.153	-12.404	-23.547	65.435	-33.955	2.7762	-14.311	14.598	6.648
-2.8508	9.7214	3.781	-4.0024	7.7258	-0.096859	0.01153	-4.3564	-2.6975	3.5099	-0.90443	-2.0648	1.111	1.0018	-14.603	-35.291	-65.047	16.444	83.16	-29.676	-27.441	16.283	45.766	-29.173	-26.924	31.796	1.6321	-26.698
-3.0475	7.9104	3.9759	-4.3664	9.2775	-0.64553	-1.5681	-2.6944	-2.5585	3.682	-1.7706	-1.7391	1.8009	0.033666	-7.8701	-72.44	7.7942	-14.558	62.068	-21.947	-63.185	66.479	5.5579	6.8831	-34.646	13.028	27.594	-38.725
-3.0644	8.7755	3.1336	-4.2956	10.088	-1.3151	-2.1412	-2.1626	-2.0822	3.5519	-2.0533	-1.4896	1.8549	-0.3576	-0.67666	34.607	-33.693	2.832	32.407	-26.781	-22.927	21.272	19.055	-5.201	-11.31	9.9805	2.1599	-15.651
-2.9925	11.564	1.611	-4.0324	10.165	-1.6272	-2.5176	-1.8554	-1.0816	2.4068	-1.6256	-1.3558	1.629	-0.047841	2.879	111.55	-60.904	10.525	3.0865	-12.485	-15.053	12.289	40.024	-45.805	17.109	5.3484	-9.0344	12.39
-2.9886	14.955	0.66311	-4.4712	10.504	-2.2736	-2.2873	-1.4128	-0.58117	1.6646	-0.96146	-1.5592	1.7871	-0.07683	0.15478	135.62	-37.914	-17.552	13.557	-25.857	9.2113	17.703	20.016	-29.69	26.565	-8.1348	6.3229	-1.1595
-2.8298	16.962	0.22127	-4.9229	10.39	-2.7066	-1.7902	-1.4063	-0.082716	0.67424	-0.22834	-1.7537	1.5883	0.19827	6.3521	80.285	-17.674	-18.065	-4.5299	-17.318	19.883	0.25944	19.938	-39.613	29.325	-7.7805	-7.9521	11.004
-2.8427	17.384	1.0728	-6.1244	10.248	-2.6359	-1.9202	-0.34091	-1.0381	0.95438	-0.3593	-1.4351	1.2582	0.25881	-0.51521	16.898	34.062	-48.063	-5.7024	2.8268	-5.1991	42.616	-38.216	11.206	-5.2383	12.745	-13.203	2.4214
-2.8858	21.132	-1.8872	-3.7084	8.0606	-1.9073	-1.4808	-0.74057	-0.59541	0.33684	0.13709	-1.4003	1.0797	0.3129	-1.7244	149.9	-118.4	96.642	-87.491	29.143	17.575	-15.987	17.708	-24.702	19.855	1.3939	-7.139	2.1636
-2.9958	20.23	-1.3404	-3.6289	6.7555	-1.2353	-0.53266	-1.7052	-0.52158	0.59179	-0.13516	-1.1722	0.92573	0.29981	-4.4019	-36.087	21.873	3.1798	-52.204	26.882	37.927	-38.585	2.953	10.198	-10.89	9.1229	-6.1606	-0.52369
-3.4719	9.1353	4.6104	-6.9605	7.4655	0.65422	-3.5154	1.3947	-3.4586	1.0616	0.90914	-2.1725	0.62009	0.67131	-19.043	-443.79	238.03	-133.27	28.398	75.579	-119.31	123.99	-117.48	18.791	41.772	-40.013	-12.226	14.86
-4.5157	-12.015	6.0137	-2.3998	6.0969	2.6124	-3.4606	-0.83699	3.1357	-0.12125	-1.1919	-0.80769	0.32494	-1.1228	-41.751	-846.02	56.131	182.43	-54.742	78.329	2.1937	-89.266	263.78	-47.313	-84.042	54.593	-11.806	-71.763
-5.1798	-8.1121	3.2546	-1.8343	5.5262	2.4376	-2.1983	-0.93512	4.7179	-1.0356	-1.106	-0.44871	-0.38452	-1.0533	-26.564	156.13	-110.36	22.619	-22.83	-6.9922	50.491	-3.9253	63.285	-36.572	3.4353	14.359	-28.378	2.7783
-5.344	-11.437	3.8335	-1.5259	4.9919	3.068	-2.5037	0.17329	3.2946	-0.40476	-1.1371	-0.92038	0.03647	-1.1134	-6.5683	-133.01	23.155	12.335	-21.371	25.215	-12.216	44.336	-56.931	25.232	-1.2414	-18.867	16.839	-2.4013
-5.7643	-19.232	6.0275	-1.3907	4.2063	4.8408	-3.5128	0.55763	1.6916	-0.4363	-1.2658	-0.61237	-0.26644	-0.39867	-16.811	-311.77	87.76	5.41	-31.425	70.911	-40.366	15.374	-64.121	-1.2614	-5.1508	12.32	-12.116	28.587
-5.008	-7.7712	-8.5319	2.1208	3.5784	4.1207	2.1171	-0.17083	-0.8771	-1.5237	-1.188	-0.39384	1.0029	-0.61409	30.248	458.42	-582.38	140.46	-25.115	-28.804	225.2	-29.138	-102.75	-43.497	3.1144	8.7409	50.775	-8.6167
-4.3896	10.707	-1.1412	-2.4016	-0.86508	-0.024113	1.0831	-0.28502	-2.7743	-2.9468	1.6918	1.0148	0.36711	-0.61023	24.74	739.13	295.63	-180.9	-177.74	-165.79	-41.36	-4.5676	-75.889	-56.924	115.19	56.345	-25.433	0.15423
-4.4299	-3.3811	-6.4532	1.4992	-5.8099	0.61195	0.5641	-4.1189	-0.58302	-5.9581	3.3078	3.2018	-0.73117	2.7953	-1.6157	-563.52	-212.48	156.03	-197.79	25.442	-20.76	-153.35	87.652	-120.45	64.64	87.482	-43.931	136.22
-5.3378	-7.0451	-7.4639	0.60991	-6.8563	-1.9849	1.9246	0.2333	2.4863	-3.6977	-0.1512	0.63098	-0.28721	2.7572	-36.315	-146.56	-40.429	-35.571	-41.856	-103.87	54.422	174.09	122.77	90.414	-138.36	-102.83	17.758	-1.5231
-5.0096	-5.6737	0.73652	-1.5711	-4.4309	-3.2626	2.9415	2.0861	1.1237	-2.4857	-1.055	1.3138	1.2075	1.953	13.13	54.855	328.02	-87.239	97.015	-51.107	40.675	74.113	-54.503	48.481	-36.153	27.312	59.789	-32.167
-5.0712	-3.3518	-0.64476	1.5055	-3.6541	-4.4245	2.6069	2.5271	3.7706	-1.521	-2.1683	-0.58204	-0.36821	2.6967	-2.4638	92.878	-55.251	123.06	31.071	-46.477	-13.385	17.639	105.88	38.587	-44.533	-75.833	-63.029	29.748
-4.6315	-14.138	6.4362	3.643	-5.1188	-4.2807	-0.45897	3.5725	3.0816	-0.81889	-1.4096	-0.79041	-0.64611	2.8856	17.586	-431.45	283.24	85.5	-58.588	5.7491	-122.63	41.816	-27.563	28.085	30.349	-8.3349	-11.116	7.553
-4.1369	-16.178	10.051	3.9818	-3.9871	-5.4194	-2.3653	3.3606	3.1961	-1.4341	-0.35217	-2.051	-0.35686	2.722	19.783	-81.607	144.58	13.552	45.267	-45.546	-76.254	-8.4738	4.5802	-24.609	42.298	-50.422	11.57	-6.5409
-3.0141	-9.241	11.53	3.6304	-5.1357	-4.2525	-4.1881	3.8549	2.5643	-1.4622	0.58251	-2.1642	-0.44682	2.9157	44.914	277.49	59.185	-14.057	-45.943	46.677	-72.91	19.771	-25.271	-1.1239	37.387	-4.5288	-3.5982	7.7472
-2.6631	-4.2892	11.471	3.9006	-5.6947	-5.4803	-5.3774	4.3288	3.0726	-1.3	0.80589	-2.378	0.038086	3.3057	14.04	198.07	-2.357	10.808	-22.358	-49.112	-47.572	18.954	20.333	6.4867	8.9349	-8.5515	19.396	15.601
-2.4491	-2.7793	12.754	3.9384	-5.2549	-5.3349	-4.3617	4.1295	2.3609	-1.2322	0.6462	-2.3269	-0.0033036	2.4622	8.5583	60.397	51.308	1.5108	17.591	5.8141	40.625	-7.9696	-28.47	2.7154	-6.3875	2.0426	-1.6556	-33.741
-1.7391	10.65	9.7579	1.1636	-3.0873	-6.0892	-4.4431	4.6358	2.6997	-1.2465	0.86358	-2.2712	0.12935	1.7573	28.402	537.18	-119.85	-110.99	86.702	-30.172	-3.2531	20.25	13.554	-0.57385	8.695	2.2294	5.306	-28.197
-1.5057	19.114	6.3598	1.6422	-3.9667	-5.8466	-3.6822	4.7903	3.0809	-2.1227	0.46064	-1.4397	0.32302	1.7759	9.3338	338.55	-135.92	19.141	-35.174	9.7069	30.436	6.1808	15.245	-35.048	-16.117	33.26	7.7469	0.74513
-1.4532	19.495	7.9862	-0.48382	-3.5671	-4.9928	-4.0981	5.5181	2.0497	-1.3465	0.032876	-1.6658	1.4056	1.2457	2.0997	15.227	65.057	-85.039	15.982	34.149	-16.639	29.111	-41.248	31.048	-17.11	-9.0452	43.305	-21.206
-1.301	20.312	9.2301	-2.4781	-4.0828	-3.5888	-3.9867	6.3389	0.61644	-1.0738	-0.22516	-1.1632	1.9833	1.3523	6.089	32.7	49.754	-79.772	-20.625	56.163	4.4599	32.832	-57.329	10.91	-10.321	20.102	23.107	4.2621
-1.3169	21.543	10.208	-4.6805	-4.0881	-2.6971	-2.8759	6.7102	-1.3627	-0.30155	-0.94049	-0.0041798	2.4927	0.74725	-0.63415	49.239	39.13	-88.096	-0.21483	35.665	44.429	14.855	-79.166	30.889	-28.613	46.363	20.378	-24.202
-1.4343	22.755	8.8671	-4.5573	-3.3427	-2.0905	-1.6854	4.8014	-2.096	0.47286	-0.55113	0.66425	2.0417	0.47116	-4.6965	48.482	-53.647	4.9303	29.816	24.265	47.619	-76.356	-29.33	30.976	15.574	26.737	-18.043	-11.044
-1.5453	21.713	9.4555	-4.9399	-4.1695	-0.069559	-1.8041	4.9211	-3.9131	1.0373	-0.20766	0.83629	2.3764	-0.19091	-4.4414	-41.686	23.533	-15.303	-33.069	80.839	-4.7444	4.7901	-72.683	22.58	13.739	6.8815	13.391	-26.483
-1.5858	21.016	9.408	-5.4111	-3.1184	0.010304	-1.027	3.4719	-3.9496	1.0699	0.54616	0.5821	2.2504	-0.48377	-1.6198	-27.877	-1.8976	-18.851	42.042	3.1945	31.082	-57.97	-1.4639	1.3007	30.153	-10.168	-5.0404	-11.714
-1.6469	22.784	8.7045	-6.5693	-1.8781	0.033204	-0.82161	2.8488	-4.7457	1.778	0.6461	1.3578	1.3152	-0.87584	-2.4461	70.719	-28.14	-46.328	49.611	0.916	8.2157	-24.923	-31.842	28.324	3.9973	31.029	-37.408	-15.683
-1.6145	25.607	6.5711	-6.7291	0.36538	-0.60192	-0.49313	1.4109	-3.5142	1.4686	1.7798	0.866	0.99464	-0.84156	1.2974	112.9	-85.339	-6.3916	89.74	-25.405	13.139	-57.514	49.261	-12.376	45.348	-19.673	-12.823	1.3713
-1.7242	29.017	4.1953	-5.8977	0.6894	-1.5669	0.3322	0.30539	-2.3286	1.2382	1.7	1.3617	-0.25289	-0.93147	-4.3878	136.42	-95.03	33.258	12.961	-38.599	33.013	-44.222	47.423	-9.2146	-3.1925	19.827	-49.901	-3.5966
-1.8025	27.625	4.0721	-5.7265	1.4196	-1.5164	-1.1757	1.8599	-3.1996	0.94243	2.0828	1.4648	0.07262	-1.4652	-3.1335	-55.695	-4.9308	6.8462	29.208	2.0205	-60.316	62.18	-34.842	-11.831	15.313	4.1236	13.02	-21.35
-1.8948	26.307	3.6589	-4.1454	1.0763	-2.1342	-1.6416	3.1257	-3.5694	0.47562	2.2871	1.51	0.92191	-3.0036	-3.692	-52.709	-16.526	63.246	-13.734	-24.714	-18.635	50.634	-14.789	-18.672	8.1701	1.8093	33.972	-61.536
-1.9654	24.698	3.1435	-1.845	-0.0054305	-3.7039	-0.19236	2.7895	-2.3607	-1.1819	1.9705	2.6274	0.27328	-2.0741	-2.8239	-64.362	-20.617	92.015	-43.267	-62.788	57.968	-13.451	48.347	-66.299	-12.662	44.698	-25.945	37.182
-2.1378	19.957	4.3515	0.7948	-1.3831	-4.9624	0.29188	3.9034	-1.9946	-2.7432	1.9036	1.6474	1.5075	-1.9885	-6.8955	-189.64	48.32	105.59	-55.106	-50.337	19.37	44.557	14.642	-62.452	-2.6786	-39.2	49.369	3.4228
-2.5003	8.2726	8.8054	3.2048	-1.5365	-5.6779	-0.14864	5.0392	-1.5469	-3.6093	0.76375	-0.1048	2.6443	-1.4208	-14.497	-467.38	178.16	96.4	-6.1364	-28.622	-17.621	45.431	17.91	-34.644	-45.592	-70.089	45.472	22.709
-2.8825	-3.3569	11.867	5.41	-2.3425	-4.9137	-0.59866	4.8048	-0.57827	-3.1539	0.19972	-2.1836	2.3099	-0.47236	-15.29	-465.18	122.47	88.209	-32.239	30.569	-18.001	-9.3732	38.743	18.215	-22.561	-83.153	-13.375	37.937
-3.3	-9.3577	13.048	6.7015	-2.8918	-3.6533	0.0066896	3.9255	0.26064	-2.8853	-1.7159	-0.80223	0.61382	0.36788	-16.699	-240.03	47.232	51.66	-21.975	50.416	24.214	-35.173	33.557	10.744	-76.626	55.255	-67.844	33.609
-3.7856	-14.533	12.202	7.7424	-3.7821	-2.3048	1.7242	3.3457	0.45593	-2.2273	-3.0422	-0.90807	1.603	0.19112	-19.425	-207.02	-33.855	41.635	-35.61	53.938	68.701	-23.191	7.8114	26.321	-53.052	-4.2333	39.568	-7.0702
-4.5015	-20.153	10.448	6.9926	-3.7245	0.035216	2.6314	3.2556	0.86394	-2.2415	-2.6677	-0.25629	0.87697	0.46868	-28.636	-224.8	-70.133	-29.991	2.3029	93.602	36.288	-3.6044	16.32	-0.57024	14.979	26.071	-29.042	11.102
-5.452	-23.833	7.6381	5.6392	-2.2641	2.3757	2.1454	3.2839	1.0421	-3.5969	-1.7194	-0.39331	0.94775	-0.6709	-38.021	-147.2	-112.41	-54.137	58.416	93.62	-19.439	1.1299	7.1275	-54.214	37.933	-5.481	2.831	-45.583
-4.3463	-12.916	7.5627	5.1079	-2.7137	1.692	2.9658	2.4746	-0.69185	-4.1616	-0.59848	0.31059	1.4075	-2.5888	44.228	436.69	-3.0162	-21.249	-17.982	-27.349	32.814	-32.372	-69.359	-22.588	44.837	28.156	18.388	-76.715
-3.3239	8.6541	2.6168	2.6015	-0.21127	2.4774	1.6599	0.66123	-1.7831	-2.8812	1.1553	0.47506	1.0014	-3.1525	40.896	862.81	-197.84	-100.26	100.1	31.417	-52.236	-72.534	-43.652	51.214	70.15	6.5788	-16.244	-22.548
-2.7282	23.076	-1.1255	0.24863	3.5172	1.0601	-0.88636	-0.94347	-2.8881	0.10882	1.4439	0.16802	0.43784	-1.946	23.829	576.86	-149.69	-94.115	149.14	-56.691	-101.85	-64.188	-44.2	119.6	11.546	-12.282	-22.541	48.259
-2.3609	22.432	-0.98601	-2.7256	8.3503	-1.0906	-2.1554	-0.98754	-3.3437	1.4965	0.76218	0.03548	0.016009	0.034904	14.694	-25.742	5.5793	-118.97	193.32	-86.03	-50.763	-1.7628	-18.223	55.505	-27.269	-5.3014	-16.873	79.237
-2.3034	29.378	-5.6607	-1.1837	8.7412	-2.0945	-1.9596	-1.2382	-1.3843	0.3761	0.0031219	0.63229	-1.0833	1.5137	2.3	277.85	-186.99	61.676	15.638	-40.155	7.8323	-10.026	78.379	-44.814	-30.362	23.872	-43.972	59.15
-2.4144	24.316	-2.1796	-2.7839	8.9712	-0.21473	-2.6292	-1.4816	-1.8099	0.15135	0.31644	0.14533	-0.37803	1.6939	-4.4413	-202.51	139.25	-64.009	9.2003	75.192	-26.783	-9.7358	-17.024	-8.99	12.533	-19.478	28.21	7.2085
-2.4756	17.535	3.4247	-3.5824	5.2782	1.6711	-1.155	-1.8828	-2.6583	0.50091	0.47619	-0.57845	0.10449	1.7421	-2.4488	-271.25	224.17	-31.937	-147.72	75.435	58.966	-16.05	-33.937	13.982	6.39	-28.951	19.301	1.9294
-2.4857	11.929	7.9049	-2.7293	1.218	1.8423	0.93797	-0.22443	-5.4007	1.326	-0.29393	-0.24665	0.5467	1.8811	-0.40126	-224.23	179.21	34.124	-162.41	6.8472	83.721	66.337	-109.7	33.002	-30.805	13.272	17.688	5.561
-2.5029	7.9623	10.844	-0.84853	-2.8343	1.6574	2.3269	0.52704	-4.9472	0.24668	-0.4392	-1.0004	1.2288	2.1636	-0.69026	-158.66	117.57	75.23	-162.09	-7.3981	55.556	30.059	18.141	-43.171	-5.8109	-30.148	27.284	11.299
-2.5283	4.3664	12.757	1.716	-6.4182	0.59568	3.7588	0.92848	-4.4372	-0.79071	1.4415	-2.6552	1.0249	2.4382	-1.0163	-143.84	76.506	102.58	-143.36	-42.468	57.276	16.058	20.4	-41.495	75.227	-66.194	-8.154	10.985
-2.6288	0.614	14.409	2.2668	-7.6693	-0.40006	3.8826	1.6118	-4.0778	-0.99205	1.3754	-2.6195	0.92601	1.5196	-4.0176	-150.1	66.079	22.032	-50.043	-39.83	4.9537	27.333	14.374	-8.0539	-2.6431	1.4278	-3.9568	-36.744
-2.7558	-4.7807	16.877	1.7952	-8.1051	-1.0032	3.7409	2.6323	-4.6104	-0.0048215	0.42559	-2.3192	0.46913	1.3554	-5.0799	-215.79	98.745	-18.864	-17.431	-24.124	-5.6678	40.821	-21.303	39.489	-37.992	12.012	-18.275	-6.5705
-2.8117	-7.6573	16.579	3.9597	-9.5374	-1.8172	4.6858	2.3768	-3.6603	-1.1854	0.75169	-2.4692	0.82923	0.54494	-2.2392	-115.06	-11.94	86.581	-57.292	-32.56	37.795	-10.22	38.003	-47.224	13.044	-5.9988	14.404	-32.418
-2.8809	-6.5043	16.704	4.1803	-9.7589	-2.4623	4.244	2.8821	-2.4858	-1.6931	0.47382	-1.5691	0.38879	0.082035	-2.7676	46.12	5.0161	8.8248	-8.8598	-25.805	-17.674	20.21	46.982	-20.307	-11.115	36.003	-17.618	-18.516
-2.5674	-5.5406	17.645	4.3651	-9.7596	-3.9924	5.4742	2.7277	-3.0789	-1.1335	-0.2087	-0.76311	0.72169	-0.24303	12.542	38.549	37.616	7.3908	-0.029332	-61.205	49.21	-6.1738	-23.723	22.383	-27.301	32.24	13.316	-13.002
-2.2584	-2.9344	19.688	2.628	-9.9536	-4.1199	5.476	3.4351	-4.5422	-0.25926	0.16697	-1.2186	1.4935	-0.63856	12.36	104.25	81.719	-69.483	-7.7595	-5.0991	0.070222	28.295	-58.531	34.971	15.027	-18.221	30.872	-15.821
-1.6463	3.2467	18.727	1.1289	-9.7331	-4.2746	5.6344	3.3487	-5.3588	-0.10798	0.35518	-0.42956	1.8441	-0.44339	24.482	247.24	-38.437	-59.966	8.8213	-6.1875	6.3359	-3.4588	-32.665	6.0516	7.5284	31.563	14.024	7.8067
-1.3239	9.8114	16.786	-0.32391	-10.347	-3.6273	6.1392	2.6418	-5.935	-0.061815	1.4278	0.51574	1.4723	-0.60542	12.897	262.59	-77.625	-58.112	-24.547	25.894	20.195	-28.275	-23.048	1.8464	42.906	37.812	-14.873	-6.481
-1.1381	13.447	15.53	-2.1593	-10.537	-2.0011	5.829	1.4073	-6.4237	0.8446	3.2052	-0.21293	1.7893	-1.1628	7.43	145.44	-50.259	-73.416	-7.6189	65.045	-12.41	-49.379	-19.547	36.256	71.095	-29.147	12.683	-22.295
-1.327	17.422	13.709	-3.3826	-10.348	-0.24683	4.1308	0.99447	-5.8809	1.8802	3.775	-0.073572	1.1663	-1.3047	-7.556	158.98	-72.819	-48.932	7.5612	70.172	-67.929	-16.513	21.71	41.424	22.793	5.5745	-24.922	-5.6748
-1.28	14.518	11.594	-4.3632	-8.2746	1.5817	2.9135	0.18329	-2.8246	2.6074	3.7139	-1.3916	1.2864	-0.88094	1.8802	-116.15	-84.609	-39.224	82.945	73.141	-48.689	-32.447	122.25	29.087	-2.4431	-52.72	4.8053	16.949
-1.286	20.185	12.635	-4.6214	-8.322	0.22241	3.0013	-1.9204	-1.5987	2.5102	2.8121	-0.97294	1.4349	-0.6736	-0.23798	226.68	41.653	-10.328	-1.8971	-54.371	3.5122	-84.148	49.033	-3.8858	-36.073	16.745	5.9388	8.2936
-1.1439	21.319	11.921	-5.586	-5.5875	-1.1607	3.0639	-1.3217	-0.85894	1.5884	2.8193	-0.40499	1.0498	-0.039189	5.6837	45.365	-28.573	-38.583	109.38	-55.322	2.5036	23.95	29.592	-36.875	0.28716	22.718	-15.404	25.376
-1.1134	23.687	11.001	-6.3965	-5.0037	-0.94799	2.8041	-1.9787	0.4473	1.0126	3.1892	-0.84604	1.0426	-0.50178	1.2177	94.725	-36.78	-32.422	23.353	8.5066	-10.394	-26.283	52.249	-23.03	14.797	-17.642	-0.28783	-18.503
-1.1365	22.155	11.479	-5.8933	-5.9975	-0.22473	2.4632	-2.1549	0.52348	1.8597	2.1239	-0.094244	0.4731	-0.78455	-0.9237	-61.304	19.106	20.128	-39.755	28.93	-13.634	-7.0451	3.0473	33.881	-42.612	30.072	-22.779	-11.311
-1.2586	22.667	10.617	-5.0985	-6.7409	-0.14885	2.8563	-2.9513	1.9418	1.5904	1.1919	0.88521	-0.083978	-1.3438	-4.8847	20.482	-34.482	31.794	-29.734	3.0353	15.721	-31.858	56.732	-10.77	-37.278	39.178	-22.283	-22.37
-1.3314	20.652	11.012	-5.2665	-5.8422	-1.7746	3.8438	-2.7185	1.367	2.4403	0.84532	0.69524	-0.37216	-1.2856	-2.9094	-80.599	15.812	-6.721	35.948	-65.032	39.5	9.3144	-22.994	33.996	-13.865	-7.5985	-11.527	2.3283
-1.3306	22.266	9.9638	-5.5069	-5.954	-1.4986	3.7839	-2.9207	1.8815	2.3556	0.56061	1.1001	-0.62465	-1.9562	0.031958	64.555	-41.941	-9.615	-4.471	11.04	-2.3952	-8.0883	20.58	-3.3887	-11.388	16.195	-10.099	-26.823
-1.3946	24.361	9.0696	-5.6338	-5.7632	-1.7851	3.6305	-2.4421	2.3	1.6684	0.82554	1.001	-0.71958	-2.0599	-2.5619	83.806	-35.766	-5.078	7.63	-11.457	-6.1374	19.141	16.741	-27.487	10.597	-3.9651	-3.7972	-4.1497
-1.2028	25.766	8.5464	-6.0674	-5.3121	-1.6736	3.1286	-1.9201	2.2862	1.3974	1.4255	0.73414	-0.7312	-2.119	7.6719	56.192	-20.929	-17.345	18.044	4.4592	-20.076	20.883	-0.55064	-10.842	23.997	-10.674	-0.46499	-2.3656
-1.1834	27.457	7.4717	-5.9093	-4.7508	-2.2663	3.4739	-2.3405	1.8805	2.0471	1.09	0.83304	-1.2836	-1.3425	0.777	67.644	-42.989	6.3239	22.452	-23.707	13.812	-16.818	-16.228	25.988	-13.416	3.9558	-22.095	31.062
-1.2535	27.439	7.4979	-6.3328	-4.4433	-1.1443	1.9131	-1.9912	1.5645	2.2562	1.3665	0.48088	-1.1375	-1.5446	-2.8048	-0.70262	1.049	-16.938	12.301	44.877	-62.431	13.974	-12.641	8.3658	11.059	-14.086	5.8423	-8.0855
-1.3684	27.496	7.0909	-7.0561	-3.0275	-0.72008	0.85169	-1.9281	1.3065	1.9847	2.0935	-0.28663	-0.96558	-0.40624	-4.5961	2.2804	-16.281	-28.931	56.632	16.971	-42.455	2.5241	-10.318	-10.861	29.081	-30.701	6.8781	45.536
-1.5489	24.975	7.1205	-7.3316	-2.2801	1.1903	-0.59383	-2.8079	1.3671	2.1585	1.7742	0.16221	-1.1645	0.74098	-7.219	-100.84	1.1846	-11.02	29.896	76.417	-57.821	-35.194	2.4204	6.9519	-12.772	17.954	-7.9557	45.889
-2.0256	21.384	6.7262	-6.6522	-0.69042	2.4639	-1.0027	-3.8441	0.97183	2.1715	1.7745	-0.22953	-0.15656	0.91242	-19.068	-143.66	-15.771	27.175	63.586	50.941	-16.353	-41.446	-15.809	0.51939	0.012365	-15.67	40.316	6.8576
-2.4893	16.609	5.9489	-5.2602	0.7492	3.3441	-1.1903	-4.4468	-0.14755	2.5321	0.96055	-0.72378	0.081208	1.8327	-18.549	-190.99	-31.092	55.68	57.585	35.21	-7.5057	-24.108	-44.775	14.424	-32.56	-19.77	9.5107	36.812
-3.2241	8.1037	5.259	-2.5378	1.0611	5.245	-1.1367	-4.5964	-0.75037	2.4078	-0.36559	-1.1192	0.36036	2.0939	-29.389	-340.21	-27.599	108.9	12.476	76.037	2.1439	-5.9843	-24.113	-4.9717	-53.046	-15.816	11.166	10.448
-4.3573	-13.107	4.9393	0.93197	1.7356	6.0826	1.1951	-6.6819	-0.33579	2.4973	-1.6786	-1.4853	1.2154	2.0836	-45.329	-848.43	-12.788	138.79	26.98	33.501	93.274	-83.423	16.583	3.5772	-52.519	-14.646	34.202	-0.41209
-6.2199	-36.778	2.6647	5.2561	2.6921	5.6452	3.1864	-6.5033	-2.3056	3.2945	-2.4292	-1.7764	1.3993	1.4316	-74.504	-946.82	-90.981	172.97	38.259	-17.494	79.649	7.144	-78.791	31.891	-30.025	-11.642	7.3565	-26.08
-7.4003	-46.62	0.47223	10.365	4.5593	2.9204	0.53586	-4.2186	-1.6783	3.9336	-1.2744	-2.571	0.65445	1.7764	-47.216	-393.7	-87.7	204.36	74.69	-108.99	-106.02	91.389	25.09	25.564	46.192	-31.785	-29.795	13.789
-7.426	-49.282	1.0792	11.715	1.6949	3.9319	-0.13089	-2.662	-0.38838	1.2611	-2.667	-0.28218	0.30818	0.74639	-1.0296	-106.49	24.28	54.009	-114.58	40.459	-26.67	62.263	51.598	-106.9	-55.706	91.554	-13.851	-41.199
-6.801	-40.126	1.6217	10.801	0.11399	4.1956	0.723	-1.8956	-2.4925	1.4204	-1.2361	-0.070338	0.046404	-0.28072	25	366.27	21.697	-36.56	-63.238	10.549	34.156	30.656	-84.166	6.3717	57.237	8.4736	-10.471	-41.084
-5.5073	-12.345	-0.036677	6.6966	-3.9371	2.3982	5.5913	0.91108	-4.9043	-0.78996	-0.090885	1.9723	-0.65371	-0.3927	51.748	1111.2	-66.334	-164.19	-162.04	-71.896	194.73	112.27	-96.472	-88.414	45.81	81.705	-28.004	-4.4794
-4.5816	-4.9986	0.93822	11.154	-5.9404	0.08895	5.3745	0.35559	-3.907	-1.4694	1.1093	0.77664	-0.44316	-0.035928	37.028	293.88	38.996	178.3	-80.131	-92.369	-8.6722	-22.219	39.891	-27.18	48.007	-47.826	8.4218	14.271
-3.3183	-3.0425	8.2128	8.7456	-4.3813	-3.4271	4.7822	2.392	-3.28	0.41033	-2.3626	1.9572	0.13002	0.22	50.534	78.242	290.98	-96.344	62.363	-140.64	-23.693	81.456	25.082	75.191	-138.87	47.224	22.927	10.237
-2.4009	6.7397	11.462	4.9329	-5.3723	-2.8333	2.5083	2.0713	-1.8537	0.26945	-3.7769	2.8762	0.29371	0.19317	36.697	391.29	129.96	-152.51	-39.637	23.75	-90.955	-12.826	57.051	-5.6353	-56.573	36.757	6.5476	-1.073
-1.9368	5.9021	12.766	6.7565	-5.8052	-4.8987	2.9236	1.6162	-0.92393	-0.30357	-3.5321	3.1405	0.47452	0.86183	18.56	-33.503	52.157	72.943	-17.318	-82.614	16.613	-18.205	37.192	-22.921	9.7898	10.575	7.2325	26.746
-1.6731	10.341	12.536	3.958	-5.9593	-3.4809	0.67206	2.3594	-0.41563	-0.0067835	-3.507	3.3001	0.42123	0.66666	10.551	177.57	-9.1739	-111.94	-6.1649	56.713	-90.062	29.729	20.332	11.872	1.0068	6.3815	-2.1315	-7.8071
-1.6138	16.347	11.34	1.128	-5.4864	-3.0569	-1.6502	4.2732	-0.62229	-0.35374	-2.4347	2.9602	0.32968	1.0398	2.3727	240.21	-47.874	-113.2	18.918	16.959	-92.889	76.551	-8.2663	-13.878	42.891	-13.597	-3.662	14.924
-1.4227	21.763	7.7623	-2.2432	-4.1632	-2.8364	0.093813	4.0759	-1.4179	0.63781	-1.544	2.9586	0.55823	-0.53598	7.6405	216.65	-143.09	-134.85	52.927	8.8196	69.759	-7.8941	-31.825	39.662	35.629	-0.060584	9.1421	-63.029
-1.2946	32.955	3.1367	-4.3713	-4.9695	-3.7777	2.6736	2.3487	0.30843	-0.027988	-0.27699	2.8008	-0.79006	-0.10426	5.1256	447.71	-185.03	-85.126	-32.252	-37.654	103.19	-69.088	69.054	-26.632	50.679	-6.3148	-53.932	17.269
-1.4359	35.631	0.73764	-3.9271	-4.8779	-2.5851	2.8157	1.0978	1.6485	-0.66852	0.26583	2.675	-1.0844	-0.29932	-5.6522	107.02	-95.961	17.771	3.6631	47.705	5.6877	-50.035	53.602	-25.621	21.713	-5.0329	-11.772	-7.8023
-1.6885	31.712	1.9407	-3.6852	-5.6206	-1.0777	2.0021	0.26978	1.9083	-0.57659	0.87661	2.0133	-1.2592	-0.36733	-10.105	-156.76	48.124	9.6729	-29.707	60.297	-32.545	-33.121	10.392	3.6773	24.431	-26.466	-6.9914	-2.7203
-1.9885	28.175	3.7772	-5.0611	-4.4919	1.0828	0.10826	-0.35933	1.6232	0.10101	1.7475	0.98245	-0.99028	-0.53029	-11.998	-141.49	73.46	-55.033	45.147	86.417	-75.754	-25.164	-11.405	27.104	34.835	-41.234	10.755	-6.5186
-2.3147	27.885	0.20454	-0.85055	-6.1904	2.9833	-0.085766	-2.0882	2.3406	-0.013621	2.2419	-0.18121	-0.32522	-0.71854	-13.048	-11.582	-142.91	168.42	-67.94	76.021	-7.7612	-69.155	28.699	-4.5854	19.777	-46.546	26.602	-7.5298
-2.6193	23.409	0.76917	-1.3367	-2.4231	1.6005	0.27484	-3.3729	2.0108	1.1949	0.64569	0.51903	-1.16	1.0581	-12.186	-179.03	22.585	-19.445	150.69	-55.31	14.424	-51.389	-13.194	48.341	-63.849	28.009	-33.393	71.067
-3.1761	16.904	0.19123	0.74305	-1.2117	2.4206	-0.28324	-3.83	1.7858	2.0802	-0.83255	0.28335	-0.61369	1.2497	-22.272	-260.23	-23.117	83.189	48.454	32.802	-22.323	-18.283	-9	35.412	-59.13	-9.4271	21.854	7.6628
-4.1488	-5.185	1.6047	3.8755	3.0784	0.22319	0.60756	-2.9129	0.78113	1.8838	-0.18915	-0.79279	0.10917	1.4993	-38.908	-883.55	56.54	125.3	171.6	-87.896	35.632	36.684	-40.186	-7.8558	25.736	-43.046	28.914	9.985
-6.1209	-32.009	-4.0648	9.3042	4.0743	-0.23877	-0.032993	-3.7222	1.8382	-0.56025	-0.72576	0.094738	0.78287	0.53059	-78.884	-1073	-226.78	217.15	39.837	-18.479	-25.622	-32.371	42.282	-97.762	-21.464	35.501	26.948	-38.749
-10.298	-67.538	-13.129	8.4642	3.5761	4.2335	-1.7228	-1.5726	4.2983	-3.1162	-0.93265	0.44411	-0.19426	-0.21573	-167.08	-1421.2	-362.55	-33.597	-19.927	178.89	-67.591	85.983	98.405	-102.24	-8.2754	13.975	-39.085	-29.853
-12.597	-81.569	-20.348	8.4011	-0.7941	2.8506	2.8224	0.28709	5.6384	-2.0702	2.264	0.30593	-0.93842	-0.11014	-91.966	-561.21	-288.79	-2.5238	-174.81	-55.314	181.81	74.388	53.605	41.838	127.86	-5.5273	-29.766	4.2237
-12.379	-80.94	-23.92	4.668	-1.8915	2.8489	0.70263	0.42893	4.5344	-1.5709	1.0148	-1.2528	0.32314	0.94694	8.7023	25.168	-142.88	-149.33	-43.898	-0.069868	-84.792	5.6736	-44.159	19.974	-49.967	-62.35	50.463	42.283
-8.4705	-37.091	-17.784	-0.7011	-4.1981	-3.6378	3.224	2.9402	5.4714	-0.94124	-0.85144	-1.2047	0.1859	0.87355	156.36	1754	245.45	-214.76	-92.261	-259.46	100.86	100.45	37.477	25.187	-74.649	1.9244	-5.4899	-2.9356
-8.4613	-19.077	-16.515	4.1416	-1.6743	-2.124	2.038	4.068	4.6527	-1.5155	-1.3914	-0.23596	1.0208	-0.01576	0.36714	720.54	50.761	193.71	100.95	60.549	-47.443	45.112	-32.745	-22.97	-21.6	38.75	33.395	-35.572
-9.136	-62.105	-16.174	5.818	-0.99069	-1.7472	1.0294	3.3849	3.666	-1.5087	-0.84358	0.87852	1.2512	-0.61829	-26.988	-1721.1	13.645	67.053	27.344	15.075	-40.343	-27.327	-39.471	0.27258	21.915	44.579	9.2149	-24.101
-13.267	-89.656	-19.56	4.6991	-2.1788	2.4921	2.5263	1.6802	1.7825	-0.53828	1.0457	0.58898	-0.96469	-0.48356	-165.25	-1102	-135.43	-44.755	-47.525	169.57	59.875	-68.187	-75.341	38.815	75.57	-11.582	-88.634	5.3892
-13.488	-88.611	-19.256	5.3248	-1.1528	2.2441	1.7944	1.7985	0.96953	-1.7624	0.24269	2.2011	1.0629	0.60695	-8.8188	41.792	12.147	25.03	41.038	-9.9202	-29.273	4.7334	-32.517	-48.965	-32.119	64.484	81.105	43.62
-13.109	-89.135	-19.56	6.6171	0.5257	2.093	2.8573	2.3554	1.9836	-0.84436	1.0882	-0.16296	-0.21914	1.5028	15.13	-20.945	-12.144	51.69	67.142	-6.0429	42.516	22.274	40.561	36.722	33.82	-94.561	-51.283	35.834
-11.171	-78.713	-9.5164	11.395	-0.20435	0.97757	0.49465	1.5021	1.7684	-0.46424	-0.044824	-0.66095	-0.57895	0.43314	77.521	416.89	401.73	191.12	-29.202	-44.618	-94.507	-34.131	-8.6067	15.205	-45.321	-19.92	-14.392	-42.787
-6.6116	-14.505	-8.4861	-1.4201	-5.016	0.55232	0.38091	-0.39978	1.6341	-1.7105	1.0945	-1.2427	-1.8899	0.11919	182.39	2568.3	41.211	-512.6	-192.47	-17.01	-4.5497	-76.075	-5.3729	-49.849	45.572	-23.271	-52.436	-12.558
-6.5534	-3.8881	-8.8086	-1.7941	-5.9545	-0.031664	0.23171	-0.91819	1.657	-1.5595	1.487	-0.99539	-2.0291	0.56436	2.327	424.69	-12.901	-14.962	-37.54	-23.359	-5.968	-20.736	0.91783	6.0378	15.701	9.8938	-5.5698	17.807
-3.5062	-11.982	1.4191	3.0894	-2.4616	2.9564	2.7127	-2.993	2.402	0.55562	0.94513	0.67938	-0.060046	0.34319	121.89	-323.75	409.11	195.34	139.72	119.52	99.238	-82.992	29.8	84.606	-21.675	66.991	78.762	-8.8467
-2.5138	16.777	6.7632	-2.9852	-0.89755	0.81967	1.027	-4.9426	0.84375	1.0599	-0.044351	1.1015	-0.31648	-0.022129	39.697	1150.4	213.76	-242.99	62.56	-85.471	-67.427	-77.985	-62.33	20.172	-39.579	16.883	-10.257	-14.613
-1.9805	21.992	7.1833	-7.3006	0.93421	0.21459	-0.98033	-3.6973	1.0082	1.0486	1.1292	-0.038534	0.60047	-1.1943	21.334	208.58	16.807	-172.62	73.27	-24.203	-80.292	49.812	6.5784	-0.45088	46.941	-45.599	36.678	-46.887
-1.8135	25.018	4.9685	-6.5984	0.69745	-0.4246	-1.4099	-3.3963	2.0679	0.70146	1.8933	-0.023794	0.055771	-0.94825	6.6798	121.06	-88.592	28.09	-9.4702	-25.568	-17.184	12.041	42.386	-13.887	30.567	0.5896	-21.788	9.8426
-1.8128	25.551	3.9535	-5.77	-0.27007	0.050681	-1.9545	-3.0574	3.2766	0.052041	2.2693	-0.074503	-0.4251	-0.8183	0.028058	21.337	-40.6	33.135	-38.701	19.011	-21.783	13.557	48.349	-25.977	15.037	-2.0284	-19.235	5.1979
-2.0054	25.072	3.836	-5.6633	-0.73425	0.33596	-1.3814	-3.6169	4.8166	-0.61522	2.3229	0.29771	-1.3276	-0.48463	-7.7035	-19.16	-4.7008	4.2693	-18.567	11.411	22.925	-22.381	61.601	-26.69	2.1436	14.889	-36.102	13.347
-2.2206	26.695	1.575	-4.131	-1.0194	-0.82348	0.21412	-3.986	4.702	0.079466	1.9503	-0.015182	-0.94028	-0.88965	-8.6112	64.925	-90.44	61.293	-11.408	-46.378	63.819	-14.761	-4.5841	27.787	-14.903	-12.516	15.494	-16.201
-2.4909	23.589	1.7519	-2.5335	-1.9906	-1.6141	1.996	-4.8844	5.1257	0.16189	1.7121	-0.29221	-0.63507	-1.0587	-10.811	-124.28	7.0764	63.897	-38.846	-31.623	71.275	-35.938	16.946	3.2968	-9.5268	-11.081	12.209	-6.7619
-2.4751	24.497	2.6772	-4.836	-1.7194	-0.38502	0.48222	-2.9008	5.2428	-0.79591	1.7491	0.090704	-1.6963	-0.040451	0.63306	36.329	37.01	-92.099	10.849	49.162	-60.551	79.342	4.6845	-38.312	1.4793	15.317	-42.448	40.73
-2.641	21.684	2.0861	-4.5339	-1.4344	-1.1714	-0.20455	-1.607	4.0611	0.45597	2.4141	-0.61653	-0.66597	-1.0854	-6.6347	-112.5	-23.644	12.084	11.397	-31.455	-27.471	51.752	-47.266	50.075	26.599	-28.289	41.212	-41.796
-2.9451	19.811	2.2541	-2.5353	-1.8246	-2.0761	1.2942	-0.23361	1.9642	1.7602	0.76862	-0.37824	-1.2387	-0.88669	-12.165	-74.938	6.722	79.944	-15.607	-36.187	59.951	54.937	-83.878	52.168	-65.817	9.5317	-22.91	7.9468
-2.9654	18.357	1.8514	-2.301	-1.4023	-2.9322	1.4152	-0.1876	3.0065	0.96741	1.8223	-0.85667	-1.2055	-1.034	-0.81356	-58.145	-16.107	9.3727	16.893	-34.247	4.8392	1.8407	41.692	-31.71	42.148	-19.137	1.3278	-5.8932
-3.1011	18.795	0.25141	-0.39649	-3.6223	-1.0483	1.7817	-0.97648	3.6148	0.89434	0.77658	-0.46043	-1.3596	-0.88392	-5.428	17.505	-64.001	76.18	-88.801	75.359	14.662	-31.555	24.332	-2.9226	-41.83	15.85	-6.1641	6.0043
-3.0714	17.819	0.47295	-0.94825	-2.1272	-2.7284	1.9197	-0.35966	4.8932	-0.92673	1.5384	-0.074255	-1.8552	-0.83182	1.1873	-39.033	8.8616	-22.071	59.806	-67.204	5.5184	24.673	51.136	-72.843	30.472	15.447	-19.824	2.0839
-3.0051	12.525	3.0071	0.19078	-4.2676	-2.3	1.8707	0.18711	2.7192	0.12537	0.93576	-0.058075	-1.3519	-1.4872	2.6522	-211.76	101.36	45.561	-85.616	17.136	-1.9608	21.871	-86.96	42.084	-24.105	0.64717	20.132	-26.217
-3.2563	13.691	6.0506	-3.5108	-4.9053	0.98879	-0.32373	0.15413	2.1856	-0.25806	1.0702	-0.20589	-0.85515	-1.8525	-10.047	46.643	121.74	-148.06	-25.508	131.55	-87.777	-1.3188	-21.343	-15.337	5.3757	-5.9125	19.871	-14.609
-3.6511	4.6471	3.2557	0.70861	-2.9521	-3.6688	2.914	0.39627	0.36458	1.4113	-0.27009	1.2212	-1.8012	-1.9216	-15.792	-361.76	-111.79	168.78	78.126	-186.3	129.51	9.6855	-72.841	66.774	-53.61	57.083	-37.844	-2.7666
-4.2417	2.8947	3.0094	0.80783	-5.1024	-1.1166	3.1834	-1.3406	1.3053	1.1941	-0.92971	1.7086	-1.3186	-2.1316	-23.623	-70.097	-9.8534	3.9687	-86.01	102.09	10.775	-69.476	37.627	-8.6865	-26.385	19.496	19.306	-8.3985
-4.8139	-6.5059	0.25995	0.24368	-5.3721	-2.5706	1.6558	-1.1074	0.42222	0.86127	0.63966	1.2569	-1.5148	-2.2174	-22.888	-376.02	-109.98	-22.566	-10.789	-58.159	-61.105	9.3273	-35.321	-13.314	62.775	-18.069	-7.8471	-3.4337
-6.8247	-13.292	-2.1608	1.4881	-1.052	2.1773	-0.4647	2.1603	1.5109	-0.72624	1.5	1.5633	-1.1587	-1.4735	-80.432	-271.44	-96.831	49.777	172.8	189.91	-84.818	130.71	43.549	-63.5	34.413	12.255	14.241	29.756
-6.9845	-40.9	2.8934	3.7477	-0.83468	1.8463	-0.89608	0.93184	1.3302	-2.4857	0.40406	2.7268	-1.7641	-1.7967	-6.3943	-1104.3	202.17	90.383	8.6937	-13.239	-17.255	-49.138	-7.2312	-70.377	-43.837	46.54	-24.216	-12.925
-8.7674	-57.442	1.7592	13.045	2.4552	1.7126	-3.9546	-1.5696	3.1112	-0.88308	-1.0455	-0.88341	-0.83836	-1.3111	-71.312	-661.7	-45.371	371.9	131.59	-5.3465	-122.34	-100.06	71.242	64.104	-57.984	-144.41	37.031	19.424
-10.526	-79.296	-11.725	9.865	1.4079	3.1763	-0.12164	-0.65042	1.0877	-3.1835	-2.0006	-1.8944	-1.5695	-1.2904	-70.361	-874.13	-539.38	-127.21	-41.893	58.546	153.32	36.768	-80.94	-92.016	-38.202	-40.438	-29.244	0.82868
-10.331	-55.151	-4.8922	4.7551	0.6779	-0.20061	-4.0827	-1.7692	4.3006	-0.63953	-2.6547	-0.18004	-0.61492	-0.33426	7.8094	965.78	273.32	-204.4	-29.198	-135.07	-158.44	-44.753	128.52	101.76	-26.166	68.573	38.182	38.244
-10.323	-60.538	-5.9123	6.6307	0.19262	1.2045	-3.1249	-1.2004	3.8994	-1.285	-2.6247	0.69756	-0.35152	-1.8674	0.33389	-215.5	-40.806	75.026	-19.411	56.203	38.314	22.756	-16.05	-25.819	1.2009	35.104	10.536	-61.325
-12.216	-81.391	-16.297	5.5484	0.61546	3.2606	0.67514	1.6477	3.2235	-1.8269	-1.3179	-1.5415	-1.2353	-1.2496	-75.709	-834.1	-415.38	-43.291	16.914	82.247	152	113.92	-27.034	-21.676	52.273	-89.56	-35.353	24.711
-13.001	-83.52	-18.255	4.2049	-1.0735	1.6256	0.49452	1.1204	3.8239	-0.99206	-0.89838	0.31955	-1.2946	0.06908	-31.431	-85.153	-78.319	-53.742	-67.558	-65.401	-7.2245	-21.092	24.015	33.394	16.78	74.44	-2.371	52.748
-12.007	-72.584	-17.103	-1.5711	-3.6374	2.4193	1.6907	1.7751	0.1211	-3.2834	0.0043049	1.8457	-0.851	-1.1876	39.781	437.43	46.054	-231.04	-102.56	31.748	47.848	26.19	-148.11	-91.655	36.107	61.045	17.744	-50.267
-11.246	-66.184	-15.774	-2.3438	-5.4209	0.81603	3.4194	-0.91806	-1.6535	-0.64162	-0.96431	1.9781	-0.79726	-1.1023	30.45	255.98	53.182	-30.907	-71.343	-64.132	69.149	-107.73	-70.982	105.67	-38.744	5.2955	2.1495	3.4119
-10.752	-62.905	-17.173	-2.9159	-3.0377	1.6971	4.7394	-3.027	-2.9463	-0.6821	-1.4106	1.0674	-1.0882	0.30466	19.734	131.16	-55.962	-22.886	95.331	35.243	52.799	-84.356	-51.713	-1.6192	-17.851	-36.425	-11.638	56.278
-9.9824	-55.661	-13.553	-4.1873	-5.1478	0.7819	2.6011	-1.8339	-2.6044	-0.62831	-0.44366	1.3958	-1.3419	0.51149	30.793	289.79	144.8	-50.854	-84.405	-36.608	-85.533	47.724	13.678	2.1518	38.676	13.137	-10.147	8.2733
