0.41799	43.543	7.5771	-11.28	-8.6785	-1.426	-1.5986	0.93813	0.90001	-0.91124	4.6735	-2.9783	-0.69488	-2.8138	0	0	0	0	0	0	0	0	0	0	0	0	0	0
0.67395	48.098	6.7479	-12.99	-7.0109	-2.7307	-0.5613	1.2254	-0.4015	0.077436	3.7869	-2.779	-1.1278	-2.8872	10.238	182.19	-33.167	-68.405	66.704	-52.188	41.493	11.493	-52.06	39.547	-35.464	7.9712	-17.316	-2.9349
0.4605	49.307	5.0393	-11.985	-6.2841	-3.2056	-0.25253	1.6211	-0.73199	0.49267	3.7784	-3.0674	-0.8607	-3.9992	-8.5382	48.386	-68.342	40.213	29.073	-18.996	12.351	15.828	-13.22	16.609	-0.3393	-11.536	10.684	-44.481
0.21613	48.714	4.0904	-10.956	-5.1867	-3.2966	0.11581	2.0255	-1.4351	0.63282	3.9372	-2.4463	-0.3344	-3.6184	-9.7748	-23.734	-37.956	41.15	43.894	-3.6386	14.734	16.173	-28.126	5.6061	6.3507	24.846	21.052	15.234
-0.018475	44.735	4.7687	-9.4707	-6.1111	-3.1781	0.65283	2.8388	-1.4791	0.767	3.627	-2.3616	-0.75314	-3.2625	-9.384	-159.18	27.131	59.43	-36.974	4.7399	21.481	32.533	-1.7594	5.3669	-12.406	3.3843	-16.75	14.233
0.036484	44.488	4.2489	-7.6652	-7.6923	-2.305	0.86313	1.7764	-0.39669	-1.2303	4.4784	-2.619	0.6469	-3.97	2.1983	-9.8452	-20.791	72.217	-63.247	34.924	8.412	-42.497	43.298	-79.893	34.054	-10.296	56.002	-28.297
0.52278	47.674	5.3892	-9.6578	-6.987	-3.7881	1.0499	2.3276	-0.60995	-0.4742	5.267	-2.949	0.47095	-3.9509	19.452	127.42	45.609	-79.703	28.21	-59.325	7.4726	22.049	-8.5304	30.245	31.545	-13.198	-7.0381	0.76062
0.83461	51.343	6.1197	-11.279	-6.0478	-4.9377	1.4943	2.3935	-0.39068	-0.012108	4.2171	-2.0808	0.59294	-3.7887	12.473	146.76	29.223	-64.857	37.566	-45.983	17.773	2.6336	8.7705	18.484	-41.998	34.729	4.8796	6.489
1.1375	52.775	5.8713	-10.921	-4.7358	-6.264	2.8224	2.3563	0.75131	-1.1786	4.2819	-2.0923	0.63406	-3.9191	12.117	57.277	-9.9384	14.324	52.48	-53.052	53.126	-1.4864	45.68	-46.659	2.5942	-0.45923	1.6447	-5.2152
1.2203	54.365	6.1287	-11.973	-4.4181	-7.1781	2.7224	2.3602	0.92075	-1.2827	3.1923	-1.6661	1.1138	-4.016	3.3125	63.601	10.296	-42.071	12.71	-36.563	-4.0001	0.15587	6.7775	-4.1632	-43.586	17.047	19.189	-3.8758
1.2925	55.221	5.2708	-10.935	-5.0534	-7.7334	2.115	2.7644	1.6415	-2.2201	2.9895	-1.666	1.848	-4.5381	2.8859	34.248	-34.313	41.536	-25.412	-22.215	-24.297	16.169	28.83	-37.496	-8.1094	0.0032413	29.367	-20.884
1.4151	55.286	4.8073	-10.059	-5.8627	-7.7717	1.7845	3.0425	2.1613	-2.2011	2.4952	-1.5458	1.7596	-3.8898	4.9036	2.6089	-18.541	35.018	-32.371	-1.5285	-13.22	11.122	20.791	0.75709	-19.774	4.8067	-3.5349	25.934
1.2708	55.689	3.9285	-7.5684	-7.0997	-7.2869	1.1545	3.5714	2.399	-2.689	2.1061	-1.0646	2.3414	-3.6589	-5.7697	16.102	-35.153	99.625	-49.48	19.392	-25.199	21.157	9.5103	-19.515	-15.562	19.251	23.272	9.2336
1.1149	52.415	4.767	-6.7451	-7.6374	-7.5107	0.46246	4.0333	2.3672	-2.8762	1.737	-0.6752	2.057	-3.1172	-6.2355	-130.96	33.542	32.935	-21.511	-8.9546	-27.682	18.474	-1.2733	-7.4861	-14.767	15.574	-11.376	21.668
1.1246	50.715	5.1607	-5.016	-8.2251	-6.9656	-0.10569	4.1051	2.2852	-2.7679	1.762	-0.058394	1.8401	-2.5444	0.38695	-67.997	15.746	69.162	-23.507	21.806	-22.726	2.875	-3.279	4.3298	1.001	24.672	-8.6756	22.913
0.90511	47.063	6.8985	-4.3747	-7.698	-6.8761	-1.2477	3.4802	2.5628	-2.7274	1.3983	0.16763	1.5397	-1.6474	-8.7802	-146.09	69.514	25.653	21.082	3.5791	-45.681	-24.999	11.103	1.6235	-14.546	9.0408	-12.015	35.88
0.58051	42.225	7.8301	-3.0738	-8.0588	-6.8671	-2.881	3.0514	3.1601	-2.3995	0.93993	-0.095744	1.2639	-0.96152	-12.984	-193.51	37.265	52.036	-14.43	0.35919	-65.332	-17.152	23.894	13.115	-18.336	-10.535	-11.033	27.434
0.65719	37.157	9.4807	-2.7312	-8.4344	-7.0631	-3.4501	2.5783	3.9351	-2.73	0.64147	-0.39524	1.3972	-0.12661	3.0672	-202.73	66.024	13.703	-15.027	-7.8369	-22.765	-18.921	30.997	-13.22	-11.938	-11.98	5.3311	33.396
0.49654	32.432	11.18	-1.7671	-8.1195	-7.8481	-3.2102	1.9451	3.782	-2.2653	1.4375	-0.1918	0.68143	0.027702	-6.4257	-189	67.95	38.565	12.596	-31.401	9.5954	-25.327	-6.1246	18.588	31.84	8.138	-28.631	6.1725
0.38996	26.522	12.733	-1.1127	-7.0368	-8.6834	-4.2683	1.2131	4.3942	-1.5369	1.6734	-1.0188	0.31767	0.055145	-4.2634	-236.39	62.129	26.175	43.311	-33.413	-42.323	-29.284	24.492	29.135	9.4365	-33.082	-14.55	1.0977
0.11336	22.383	13.835	-1.5016	-5.7402	-9.017	-4.3055	1.1234	4.3595	-1.2249	1.0059	-0.94219	0.15964	-0.094248	-11.064	-165.55	44.083	-15.554	51.863	-13.345	-1.4867	-3.5876	-1.3918	12.481	-26.7	3.0663	-6.3212	-5.9757
-0.25715	19.701	14.609	-1.7211	-5.726	-8.0108	-4.9979	2.1216	3.8489	-1.6415	0.44514	-1.5438	0.72995	0.73041	-14.821	-107.28	30.965	-8.7835	0.56684	40.251	-27.696	39.931	-20.421	-16.663	-22.43	-24.064	22.812	32.986
-0.69484	15.858	15.336	-1.0306	-4.2668	-7.3187	-4.4042	1.7317	3.2241	-1.007	-0.8915	-0.95794	0.84798	1.5597	-17.508	-153.74	29.096	27.621	58.368	27.684	23.749	-15.597	-24.993	25.379	-53.466	23.434	4.7209	33.171
-1.1941	11.322	15.34	-0.21563	-3.2625	-7.1074	-3.9305	0.18031	2.9077	-1.003	-1.4913	-1.0928	0.20171	2.0147	-19.969	-181.42	0.14229	32.6	40.174	8.4521	18.946	-62.056	-12.658	0.15873	-23.992	-5.3928	-25.851	18.201
-1.4471	12.001	13.948	1.414	-3.7415	-6.5965	-2.1269	-0.1451	2.2819	-1.3883	-2.3619	-0.97336	0.57319	2.5817	-10.12	27.149	-55.66	65.186	-19.162	20.436	72.144	-13.017	-25.029	-15.412	-34.823	4.7759	14.859	22.681
-1.5019	11.236	13.631	1.4195	-3.7456	-5.7237	-0.85309	0.22637	0.83753	-1.1312	-3.5459	-0.9928	0.87129	2.9826	-2.1956	-30.605	-12.678	0.21859	-0.16459	34.912	50.952	14.859	-57.776	10.286	-47.362	-0.77768	11.924	16.033
-1.8093	10.647	13.579	1.2582	-3.6034	-5.1813	1.7605	-0.15405	0.43341	-2.1661	-4.2425	-0.67184	1.7451	2.0749	-12.296	-23.554	-2.117	-6.4519	5.6882	21.695	104.54	-15.217	-16.165	-41.398	-27.862	12.839	34.951	-36.308
-1.9757	11.213	12.662	0.90783	-2.6023	-4.0751	3.1953	-0.65401	0.29155	-3.3316	-4.3527	-0.20517	2.3611	0.99111	-6.6541	22.643	-36.67	-14.014	40.044	44.246	57.394	-19.998	-5.6742	-46.621	-4.4102	18.667	24.643	-43.35
-2.0111	12.843	11.525	0.65439	-2.0771	-2.468	4.7872	-0.89227	-1.2773	-3.278	-3.975	0.081633	3.0674	-1.0699	-1.415	65.186	-45.456	-10.138	21.007	64.285	63.674	-9.5304	-62.755	2.145	15.11	11.472	28.25	-82.438
-2.1036	16.617	9.6921	-0.46131	-0.61888	-0.28007	4.7727	-1.7639	-2.743	-1.747	-3.0587	0.39991	2.223	-2.9541	-3.7019	150.98	-73.333	-44.628	58.331	87.517	-0.58082	-34.865	-58.627	61.241	36.65	12.731	-33.776	-75.369
-2.0944	16.815	8.5323	-1.1351	1.9647	1.9771	3.8433	-3.2199	-3.3204	0.17632	-2.4987	-0.20036	0.16787	-2.6935	0.37071	7.9178	-46.392	-26.953	103.34	90.286	-37.174	-58.242	-23.095	76.932	22.401	-24.011	-82.204	10.423
-1.9067	18.9	6.4037	-1.6484	4.5238	4.3456	1.8861	-3.9368	-3.1195	2.1208	-3.0958	-1.2882	-0.68985	-1.7972	7.5054	83.42	-85.142	-20.53	102.36	94.743	-78.288	-28.675	8.0354	77.778	-23.886	-43.513	-34.309	35.854
-1.6343	23.609	1.7056	-0.15042	7.5471	3.8983	1.5314	-4.767	-1.8612	3.1299	-5.0505	-1.0136	-0.64509	-1.6806	10.898	188.35	-187.93	59.919	120.93	-17.895	-14.19	-33.209	50.333	40.367	-78.186	10.985	1.7903	4.6638
-1.7722	27.83	-1.92	0.8731	9.7558	2.606	1.1329	-4.0094	-1.3792	2.8376	-5.5829	-0.26466	-0.126	-1.8237	-5.5161	168.85	-145.02	40.941	88.347	-51.691	-15.937	30.305	19.28	-11.694	-21.294	29.957	20.764	-5.7248
-2.3368	18.876	0.18357	2.0629	7.9971	2.9876	0.71081	-4.16	-0.075411	1.8655	-3.6345	0.12456	-0.77454	-2.0757	-22.585	-358.18	84.142	47.59	-70.35	15.266	-16.886	-6.0245	52.15	-38.885	77.933	15.569	-25.942	-10.082
-3.1491	15.928	-7.3151	8.7317	3.8919	1.5738	0.4359	-3.7417	1.4148	0.011824	-2.2048	-0.6914	-3.4881	2.0079	-32.494	-117.91	-299.94	266.75	-164.21	-56.553	-10.996	16.735	59.607	-74.146	57.19	-32.638	-108.54	163.35
-4.0242	11.332	-18.29	7.3425	2.4438	-0.96022	0.41526	-1.6286	1.5404	-0.94369	-2.099	1.1154	-0.76118	1.3272	-35.003	-183.86	-439	-55.568	-57.923	-101.36	-0.82545	84.524	5.0237	-38.221	4.2314	72.271	109.08	-27.229
-3.4509	9.3193	-27.64	2.549	-1.1817	-2.6263	-0.60675	-2.2632	0.64938	-0.64919	-1.3238	2.0649	-1.8681	0.73215	22.931	-80.495	-374.01	-191.74	-145.02	-66.642	-40.88	-25.386	-35.639	11.78	31.008	37.982	-44.277	-23.801
-2.9371	10.566	-28.286	4.36	0.15924	-4.0666	0.79279	-0.80955	0.9356	1.4205	-1.8802	2.5644	-0.32713	-0.21408	20.554	49.875	-25.812	72.444	53.638	-57.611	55.982	58.147	11.449	82.788	-22.255	19.979	61.639	-37.85
-2.6043	16.086	-27.104	7.0361	-1.5625	-5.076	1.9354	0.11998	1.4416	1.6709	-2.2381	0.70764	-0.70251	0.56704	13.311	220.78	47.248	107.04	-68.868	-40.378	45.704	37.181	20.238	10.015	-14.318	-74.27	-15.015	31.245
-2.1899	16.068	-30.49	2.926	-4.0102	-3.359	3.7684	-0.51991	1.1825	0.76955	-1.8927	0.7342	-2.2192	1.845	16.577	-0.70758	-135.44	-164.4	-97.91	68.681	73.321	-25.596	-10.363	-36.054	13.818	1.0625	-60.668	51.118
-1.803	15.536	-30.172	5.7456	-1.3134	-2.8345	5.6719	-0.67693	1.6648	1.0611	-1.7205	1.1478	-1.9831	1.8128	15.476	-21.265	12.721	112.78	107.87	20.978	76.139	-6.2808	19.292	11.661	6.8879	16.546	9.4449	-1.2869
-1.8105	15.572	-29.429	7.3836	-1.5012	-3.6389	4.1671	-2.7055	1.1756	0.13418	-2.3977	1.4967	-1.9227	2.7261	-0.30016	1.4395	29.722	65.519	-7.514	-32.176	-60.192	-81.141	-19.564	-37.076	-27.091	13.954	2.4149	36.533
-2.1151	15.616	-26.38	7.3438	0.80519	-2.9584	2.1547	-3.8821	0.018852	-0.67487	-2.0098	2.3239	-1.5813	2.5445	-12.184	1.7474	121.99	-1.5893	92.257	27.222	-80.494	-47.065	-46.272	-32.362	15.516	33.089	13.657	-7.2642
-2.7469	11.556	-26.409	6.1885	-0.23114	-4.7137	1.0204	-2.468	0.41365	-1.5156	-1.7542	0.88961	-2.6824	0.079152	-25.273	-162.42	-1.1603	-46.211	-41.453	-70.21	-45.373	56.564	15.792	-33.627	10.226	-57.373	-44.043	-98.616
-3.5554	9.4413	-25.077	5.7137	0.93275	-2.9643	0.81014	-1.5328	1.2809	-1.377	-2.9648	0.081741	-0.96213	2.1657	-32.342	-84.571	53.277	-18.993	46.556	69.974	-8.4099	37.409	34.69	5.5409	-48.425	-32.315	68.81	83.462
-3.8963	9.7096	-24.108	3.3754	1.3596	-3.272	1.0052	-2.5442	0.77946	1.2213	-1.1136	0.72485	-1.2588	1.3649	-13.633	10.733	38.757	-93.53	17.073	-12.307	7.804	-40.459	-20.058	103.93	74.049	25.724	-11.868	-32.032
-4.2237	5.2725	-18.856	3.9622	3.361	-0.10938	1.7353	0.77426	2.3793	0.51822	-0.58394	1.393	-3.7519	1.1955	-13.096	-177.48	210.08	23.47	80.056	126.5	29.204	132.74	63.993	-28.122	21.186	26.725	-99.723	-6.7751
-2.2396	24.669	-6.5643	4.9977	9.4326	0.67389	-0.14905	-0.7337	-0.84112	0.3325	-2.9933	-0.23845	-1.9303	0.18055	79.363	775.87	491.66	41.42	242.86	31.331	-75.375	-60.319	-128.82	-7.429	-96.374	-65.257	72.865	-40.599
-1.5292	37.98	-5.9907	1.2754	11.383	-0.15091	-1.1017	-1.116	-2.8108	0.92335	-3.9273	-0.62297	-0.79306	-0.10099	28.414	532.45	22.943	-148.89	77.999	-32.992	-38.107	-15.293	-78.786	23.634	-37.362	-15.381	45.489	-11.262
-1.3859	36.362	-4.4666	0.23145	12.054	-0.3096	0.23478	-1.2037	-2.5196	0.32137	-4.0704	-0.96935	-0.33517	-0.93014	5.7336	-64.74	60.964	-41.759	26.861	-6.3475	53.459	-3.506	11.645	-24.079	-5.7227	-13.855	18.315	-33.166
-1.5644	28.763	-2.6644	0.29465	13.981	-0.12645	1.2846	-0.15131	-2.4335	0.0060218	-4.5813	-0.91444	-0.76603	-0.65104	-7.139	-303.95	72.09	2.5283	77.083	7.3259	41.993	42.095	3.444	-12.614	-20.437	2.1965	-17.234	11.164
-1.8301	24.597	-2.5524	2.2244	12.203	1.0513	1.3101	0.02456	-0.87111	-0.12528	-4.5085	-1.5883	-0.33009	-1.0027	-10.628	-166.64	4.4778	77.19	-71.11	47.108	1.0177	7.035	62.497	-5.2522	2.9124	-26.955	17.438	-14.065
-2.1663	19.272	-1.3746	4.4747	9.2589	2.3376	0.42118	0.029708	1.6268	-1.7998	-2.2662	-2.3408	-0.66962	-1.0155	-13.448	-213	47.112	90.011	-117.78	51.454	-35.555	0.20593	99.915	-66.979	89.695	-30.1	-13.581	-0.51259
-2.447	14.195	0.39413	4.7293	7.531	4.4646	-2.3652	1.4079	2.682	-2.7767	-0.18927	-3.1137	0.12371	-1.7165	-11.229	-203.08	70.751	10.183	-69.114	85.081	-111.46	55.127	42.21	-39.078	83.075	-30.915	31.733	-28.041
-2.6236	12.733	-0.22849	4.6813	7.3035	4.4461	-3.125	1.7227	2.883	-1.8555	-0.5885	-2.8212	0.76276	-1.5154	-7.0633	-58.493	-24.905	-1.9171	-9.1019	-0.74108	-30.392	12.592	8.0381	36.848	-15.969	11.701	25.562	8.0459
-2.8655	10.924	-0.42128	5.2278	7.0033	4.1176	-2.5299	-0.39172	3.3134	-1.0393	-0.80199	-2.6839	0.78592	-1.6828	-9.6763	-72.349	-7.7113	21.857	-12.006	-13.14	23.805	-84.577	17.215	32.647	-8.5398	5.4892	0.92668	-6.6998
-2.9816	12.798	-0.67476	5.0993	6.207	3.9525	-2.2835	-0.90067	4.2064	-2.556	-0.24026	-2.9375	0.91924	-1.4196	-4.6448	74.971	-10.139	-5.1366	-31.855	-6.6033	9.8558	-20.358	35.721	-60.668	22.469	-10.143	5.3325	10.528
-3.0292	9.5332	0.87938	5.2475	5.5184	3.507	-0.88544	-2.5742	3.1461	-1.4149	-1.1717	-2.8781	2.1577	-1.7541	-1.9036	-130.6	62.166	5.9253	-27.544	-17.822	55.923	-66.941	-42.412	45.646	-37.257	2.3764	49.539	-13.379
-3.0166	9.5877	2.2682	3.0297	5.9127	4.8406	-2.5792	-3.0097	3.7103	-1.0402	-1.5375	-3.3673	2.4536	-1.1164	0.50425	2.1807	55.553	-88.71	15.775	53.344	-67.751	-17.421	22.568	14.988	-14.631	-19.567	11.835	25.508
-2.9007	13.366	1.1203	3.5224	3.8943	7.042	-4.0459	-1.7353	3.6266	-1.8523	-0.92721	-3.2314	1.3309	-0.16731	4.6368	151.14	-45.917	19.705	-80.739	88.06	-58.669	50.977	-3.35	-32.484	24.411	5.4354	-44.906	37.965
-2.8012	11.888	2.758	2.0043	3.9179	6.7494	-2.2265	-4.1644	4.325	-1.5473	-1.4154	-2.7873	1.3951	0.0025213	3.9808	-59.113	65.508	-60.722	0.94429	-11.707	72.777	-97.163	27.936	12.199	-19.528	17.762	2.5665	6.7931
-2.8234	11.306	5.0721	-1.7406	6.1963	6.4335	-2.5459	-3.8877	2.686	1.0084	-1.8425	-3.0869	0.86457	0.63374	-0.88981	-23.286	92.566	-149.8	91.138	-12.635	-12.775	11.065	-65.559	102.23	-17.086	-11.983	-21.221	25.249
-3.0286	6.4202	6.8794	-3.5938	7.7851	4.4747	0.69244	-4.6372	0.35954	2.7035	-2.4275	-2.713	0.30852	0.99849	-8.2077	-195.44	72.289	-74.13	63.549	-78.353	129.53	-29.977	-93.058	67.806	-23.399	14.956	-22.242	14.59
-3.7187	-1.1435	8.5622	-3.0969	4.6738	5.5894	0.8175	-2.8013	-3.0607	3.6954	-1.7137	-2.1342	-0.83026	0.77105	-27.605	-302.55	67.313	19.876	-124.45	44.587	5.0026	73.434	-136.81	39.678	28.55	23.153	-45.551	-9.0976
-4.6585	-11.991	8.6848	-2.8838	3.9669	4.974	1.8555	-1.8257	-3.6482	1.4039	-0.14038	-2.0536	-1.509	0.94598	-37.593	-433.9	4.9058	8.5251	-28.272	-24.615	41.52	39.025	-23.501	-91.663	62.935	3.223	-27.148	6.9973
-5.8384	-11.863	-2.5037	-1.8295	4.6288	5.1285	3.7767	-1.2451	-3.2591	0.039817	0.67997	-1.407	-3.6846	0.53099	-47.196	5.1247	-447.54	42.171	26.476	6.182	76.847	23.225	15.566	-54.563	32.814	25.863	-87.024	-16.6
-7.1365	-36.902	1.4279	-2.3832	1.987	4.6495	4.3976	-0.41578	-3.5254	-0.52712	1.3783	-0.64762	-2.2908	1.1698	-51.921	-1001.6	157.26	-22.147	-105.67	-19.162	24.835	33.171	-10.652	-22.677	27.935	30.377	55.75	25.553
-7.7518	-34.793	-12.643	0.69759	2.86	2.7074	4.3536	1.9536	-1.8297	-0.35057	0.94248	0.19417	-2.8116	2.5007	-24.614	84.355	-562.84	123.23	34.92	-77.684	-1.7573	94.777	67.826	7.062	-17.434	33.672	-20.83	53.236
-6.7119	-13.433	-18.224	-1.1784	1.1499	1.1348	2.576	1.3689	-1.4833	-0.29366	0.0729	-0.69998	-0.39638	3.1722	41.598	854.41	-223.22	-75.039	-68.406	-62.904	-71.104	-23.391	13.857	2.2762	-34.783	-35.766	96.608	26.858
-5.7216	0.18947	-10.205	1.5207	5.0958	1.1141	2.1294	-0.63055	-1.995	1.3977	0.48785	-3.2715	-1.3978	1.2841	39.611	544.91	320.76	107.96	157.84	-0.82469	-17.866	-79.977	-20.468	67.653	16.598	-102.86	-40.058	-75.524
-4.2004	7.7059	-2.4839	0.40222	5.1606	2.1956	3.0605	-3.9097	-3.6556	1.356	0.51355	-1.4075	-1.771	1.295	60.846	300.66	308.82	-44.739	2.591	43.256	37.244	-131.17	-66.424	-1.6652	1.0279	74.559	-14.926	0.43555
-3.1101	15.632	4.4027	-2.5089	4.3077	2.9389	1.2971	-2.3972	-4.8554	4.2889	-1.6385	-1.9925	-1.562	0.50635	43.613	317.04	275.46	-116.44	-34.116	29.734	-70.534	60.499	-47.993	117.32	-86.083	-23.398	8.3589	-31.544
-2.3774	19.124	8.0748	-3.6561	2.055	5.7681	-1.5092	0.039623	-7.2558	5.3999	-4.1641	-1.6308	-0.48928	-0.097815	29.307	139.7	146.89	-45.888	-90.109	113.17	-112.25	97.474	-96.015	44.439	-101.02	14.467	42.909	-24.167
-2.0779	21.361	7.5853	-2.6806	0.5362	6.8294	-2.2573	-0.66903	-6.6115	4.4819	-4.3905	-1.2786	-1.0929	0.065054	11.98	89.471	-19.579	39.018	-60.752	42.451	-29.924	-28.346	25.774	-36.72	-9.0564	14.089	-24.146	6.5147
-2.1246	23.601	4.8173	-2.8238	3.3757	4.7521	-1.5697	-1.2395	-6.8614	5.2286	-4.9346	-0.39005	-1.6225	-0.04856	-1.8675	89.587	-110.72	-5.7283	113.58	-83.093	27.505	-22.82	-9.9956	29.869	-21.766	35.54	-21.184	-4.5446
-2.3349	22.942	4.0118	-3.5314	6.0729	3.3974	-0.24488	-1.8703	-5.2533	5.0255	-5.136	0.50295	-2.6837	0.39515	-8.4114	-26.34	-32.218	-28.305	107.89	-54.189	52.991	-25.229	64.323	-8.1252	-8.0569	35.72	-42.448	17.749
-2.7038	18.462	4.2926	-3.4797	7.6676	3.2802	-0.18281	-1.181	-4.5334	5.223	-4.6794	0.36185	-2.5065	0.088391	-14.758	-179.23	11.23	2.0695	63.789	-4.6883	2.4827	27.569	28.795	7.9025	18.264	-5.6439	7.088	-12.27
-3.4191	13.331	0.14155	-0.18408	7.9125	2.8913	1.527	-2.7866	-1.3537	2.7907	-3.4217	0.062892	-2.3011	0.21166	-28.609	-205.24	-166.04	131.83	9.7963	-15.555	68.392	-64.225	127.19	-97.292	50.308	-11.958	8.2186	4.9308
-4.5944	3.0437	-4.118	2.1641	5.0592	1.9151	2.5564	-4.2689	1.1335	0.19389	-4.0841	0.12294	-3.0234	0.79937	-47.014	-411.49	-170.38	93.927	-114.14	-39.047	41.176	-59.29	99.488	-103.87	-26.494	2.4018	-28.892	23.508
-6.2342	-11.342	-16.637	5.7184	5.148	-2.0239	3.5459	-1.5981	-1.9806	1.6475	-1.2803	-0.35141	-1.65	0.44715	-65.59	-575.43	-500.75	142.17	3.5559	-157.56	39.579	106.83	-124.56	58.143	112.15	-18.974	54.935	-14.089
-7.3925	-52.032	-14.051	8.7417	7.6635	-0.80527	6.5537	1.2735	-0.35229	0.42456	-2.5286	0.18179	-0.92337	0.71127	-46.331	-1627.6	103.44	120.93	100.62	48.743	120.31	114.86	65.132	-48.916	-49.934	21.328	29.065	10.565
-10.663	-75.666	-6.0346	6.4249	3.9155	2.8962	4.0016	2.512	-0.28147	-0.60325	-1.1403	0.0098577	-2.1231	0.76647	-130.83	-945.38	320.65	-92.668	-149.92	148.06	-102.08	49.539	2.8326	-41.113	55.533	-6.8774	-47.989	2.2081
-11.273	-79.373	-9.569	4.3187	-0.16524	1.5476	5.8237	5.8636	0.95331	-1.5696	0.26759	1.1432	-0.23839	-0.15992	-24.408	-148.26	-141.37	-84.25	-163.23	-53.944	72.883	134.07	49.391	-38.655	56.315	45.333	75.389	-37.056
-7.7552	-30.746	-12.284	-7.6521	1.5997	-3.8147	2.7356	-0.33977	-0.41648	-0.45958	-1.4953	1.6224	-1.0028	-0.5619	140.73	1945.1	-108.6	-478.83	70.598	-214.49	-123.53	-248.13	-54.791	44.402	-70.514	19.168	-30.577	-16.079
-4.9884	-10.985	-20.011	-1.3522	2.1012	-0.46586	1.7588	1.0772	0.43	0.039532	-1.8002	2.2935	-1.4134	-0.25409	110.67	790.45	-309.09	252	20.059	133.95	-39.073	56.68	33.859	19.965	-12.199	26.845	-16.422	12.313
-3.1123	4.2092	-30.116	-1.5876	4.3009	-1.2496	-4.0555	-1.0396	1.8838	-2.0424	-2.5021	1.5159	-1.1664	0.98962	75.046	607.76	-404.17	-9.416	87.988	-31.349	-232.57	-84.673	58.151	-83.277	-28.077	-31.104	9.8793	49.749
-2.8497	20.126	-25.073	-3.3136	4.0045	0.64382	-3.9568	-2.0403	3.2632	-1.7192	-2.6241	0.82198	-2.2096	-0.12213	10.501	636.66	201.7	-69.04	-11.855	75.736	3.9469	-40.03	55.177	12.927	-4.8766	-27.757	-41.729	-44.47
-3.0309	16.96	-16.352	-0.95428	4.183	3.0122	-2.5364	-3.177	2.1826	-1.647	-0.88961	0.57039	-1.5008	1.5653	-7.2464	-126.6	348.82	94.374	7.1407	94.736	56.818	-45.467	-43.224	2.8872	69.378	-10.064	28.352	67.499
-2.7963	16.407	-0.91115	-0.5467	6.0633	5.2384	0.80841	-4.2349	-3.4276	-0.47168	-0.98343	-0.84816	-2.3067	2.4781	9.3833	-22.145	617.65	16.303	75.211	89.045	133.79	-42.317	-224.41	47.014	-3.7527	-56.742	-32.235	36.512
-2.3203	20.05	9.7047	-6.6251	3.877	3.1172	3.55	-3.5269	-6.0141	1.1989	0.083362	-2.2873	-2.1223	2.3033	19.041	145.74	424.63	-243.14	-87.454	-84.847	109.66	28.322	-103.46	66.823	42.672	-57.565	7.3753	-6.9925
-1.8916	22.723	10.219	-7.0639	0.020441	1.8501	2.8822	-1.1597	-7.1245	1.9989	0.62646	0.64245	-1.3705	2.2534	17.148	106.91	20.555	-17.551	-154.26	-50.684	-26.711	94.688	-44.419	31.998	21.724	117.19	30.074	-1.9983
-1.6516	24.979	11.659	-7.7425	-2.5397	-0.1955	2.9773	0.64386	-7.4998	2.619	0.51319	2.7678	-0.58402	2.4805	9.6003	90.225	57.624	-27.142	-102.41	-81.823	3.8022	72.143	-15.009	24.806	-4.531	85.015	31.458	9.0841
-1.2109	26.015	11.994	-8.4458	-3.1601	-1.8882	3.2101	1.7978	-6.2216	3.4211	-0.19364	3.3267	-0.31215	2.5095	17.626	41.429	13.392	-28.135	-24.817	-67.707	9.3139	46.156	51.128	32.085	-28.273	22.353	10.875	1.1625
-0.97853	26.095	13.412	-9.1255	-3.5195	-3.4119	5.031	0.62655	-4.6808	2.8377	-0.57139	3.3517	0.060948	2.5599	9.2953	3.2038	56.715	-27.185	-14.373	-60.949	72.835	-46.849	61.631	-23.337	-15.11	1.0001	14.924	2.0142
-0.86335	24.816	14.558	-10.315	-3.0636	-4.1798	5.6733	1.2332	-4.9928	3.5162	-1.3961	3.9436	-0.065572	2.1671	4.6075	-51.129	45.849	-47.576	18.234	-30.716	25.693	24.267	-12.48	27.139	-32.989	23.678	-5.0608	-15.71
-0.95525	26.609	13.129	-8.6863	-4.5057	-2.9659	5.1882	1.6573	-5.4602	3.7622	-0.66591	2.9716	0.15241	1.3994	-3.676	71.721	-57.181	65.142	-57.682	48.558	-19.407	16.963	-18.695	9.842	29.208	-38.881	8.7193	-30.71
-1.1001	27.546	11.941	-9.1273	-2.5965	-3.1332	5.2005	1.1555	-5.3124	3.7677	0.13182	2.63	-0.35604	0.97334	-5.7938	37.482	-47.503	-17.639	76.367	-6.6955	0.4957	-20.072	5.9114	0.21733	31.909	-13.663	-20.338	-17.042
-1.0546	28.117	12.467	-10.078	-2.0473	-1.007	3.2957	0.82744	-6.0117	4.7722	0.5996	1.9793	-1.3155	1.1526	1.8199	22.813	21.029	-38.042	21.966	85.051	-76.195	-13.124	-27.972	40.18	18.711	-26.03	-38.378	7.1713
-1.164	29.373	12.219	-10.858	-0.73199	0.53545	2.1597	-0.41882	-6.3903	5.5817	0.96764	1.4604	-2.4219	1.6173	-4.3749	50.251	-9.9049	-31.201	52.614	61.697	-45.438	-49.85	-15.142	32.383	14.722	-20.753	-44.256	18.588
-1.4232	28.985	9.7284	-9.1946	0.43574	2.5975	-0.85027	-0.11416	-6.5251	6.254	0.65796	0.89701	-2.6361	1.0987	-10.371	-15.503	-99.626	66.549	46.709	82.481	-120.4	12.186	-5.3939	26.889	-12.387	-22.537	-8.5689	-20.745
-1.699	27.911	6.2038	-7.6909	1.9443	3.7503	-2.915	-0.49905	-4.3487	5.7899	-0.58903	-0.042342	-2.9366	0.87007	-11.03	-42.966	-140.98	60.148	60.342	46.115	-82.59	-15.396	87.054	-18.563	-49.879	-37.574	-12.021	-9.1456
-2.0593	22.685	5.5775	-7.6073	2.8498	4.7203	-4.1937	-1.1022	-1.7967	4.2353	-1.6299	0.18904	-3.0251	1.5378	-14.413	-209.06	-25.054	3.3467	36.219	38.799	-51.146	-24.127	102.08	-62.182	-41.634	9.2555	-3.5408	26.71
-2.7902	13.562	6.2068	-7.8466	2.3718	6.6466	-5.3432	-2.5308	1.0187	1.9285	-1.498	1.0722	-2.4639	0.49649	-29.233	-364.89	25.173	-9.5741	-19.119	77.053	-45.983	-57.144	112.62	-92.273	5.2775	35.328	22.451	-41.653
-3.8365	-14.277	5.0426	-3.5018	-0.69495	8.7334	-2.3214	-2.0872	3.3508	1.4674	-2.1457	1.0285	-1.5866	-0.78404	-41.854	-1113.6	-46.565	173.79	-122.67	83.47	120.88	17.747	93.283	-18.445	-25.91	-1.75	35.089	-51.221
-6.7412	-26.407	2.0557	3.1103	-2.9244	8.6237	-0.76415	1.7849	0.2353	0.053486	-2.1521	0.55107	0.64904	-1.6457	-116.19	-485.21	-119.48	264.49	-89.178	-4.3879	62.289	154.88	-124.62	-56.557	-0.25724	-19.097	89.427	-34.465
-6.8759	-29.051	-0.39812	4.3743	-3.7584	9.7191	-1.1265	0.52312	0.40111	0.52879	-1.7348	1.1063	2.2438	-2.2035	-5.3872	-105.77	-98.152	50.559	-33.361	43.815	-14.493	-50.473	6.6326	19.012	16.693	22.209	63.791	-22.314
-6.9073	-31.138	3.7482	2.8724	-4.0384	8.89	1.9401	0.33117	-0.14193	1.7952	-1.4425	0.61095	0.91961	-2.1684	-1.2558	-83.494	165.85	-60.079	-11.198	-33.165	122.67	-7.6781	-21.722	50.657	11.692	-19.814	-52.968	1.405
-6.4973	-30.423	3.2931	2.3321	-2.5056	8.8977	0.51025	-0.61585	0.26767	1.2044	-1.4867	1.3715	1.0727	-1.3691	16.4	28.61	-18.204	-21.612	61.312	0.31042	-57.196	-37.881	16.384	-23.633	-1.7659	30.421	6.1231	31.97
-3.5908	-4.4046	5.999	-3.5222	-3.2202	5.8019	-1.8773	-2.5847	0.40333	2.6115	0.41554	3.3758	-1.5805	-2.9927	116.26	1040.7	108.24	-234.17	-28.583	-123.83	-95.5	-78.753	5.4264	56.284	76.088	80.174	-106.13	-64.942
-2.3888	20.805	4.912	-4.8058	-3.7883	4.1582	-4.2519	-1.7707	-0.14547	3.2854	0.98983	1.2529	-0.61375	-3.2532	48.083	1008.4	-43.482	-51.345	-22.725	-65.75	-94.986	32.558	-21.952	26.958	22.972	-84.916	38.668	-10.421
-1.6791	28.124	4.2898	-4.7002	-3.789	2.8999	-2.4956	-2.2523	-0.26903	3.2365	1.8101	0.80245	-0.70298	-2.6659	28.385	292.77	-24.889	4.223	-0.026638	-50.331	70.255	-19.264	-4.9423	-1.9554	32.811	-18.02	-3.5691	23.49
-1.3632	32.004	5.431	-5.0108	-3.5647	0.59006	-0.70865	-2.529	-0.77984	2.718	1.9623	2.0189	-1.6397	-1.8041	12.639	155.19	45.648	-12.421	8.9718	-92.394	71.476	-11.065	-20.433	-20.743	6.0865	48.656	-37.471	34.476
-0.72364	33.878	7.7061	-5.3885	-3.1698	-1.6934	1.1346	-3.2395	-1.4328	1.0334	3.213	2.0518	-0.96025	-0.91702	25.581	74.974	91.005	-15.109	15.793	-91.338	73.73	-28.423	-26.12	-67.383	50.028	1.3157	27.18	35.482
-0.67295	34.193	11.306	-6.6717	-3.0937	-3.5847	1.9076	-3.1583	-1.7358	-0.64893	2.3466	2.0234	1.6626	-0.96085	2.0277	12.598	144.01	-51.327	3.0443	-75.652	30.921	3.251	-12.116	-67.292	-34.656	-1.1343	104.91	-1.7532
-0.96459	24.953	14.717	-5.8405	-2.61	-5.4212	1.8066	-2.1884	-1.3645	-1.4855	0.2707	1.6406	2.9214	0.55701	-11.665	-369.62	136.42	33.248	19.351	-73.462	-4.0426	38.795	14.849	-33.461	-83.035	-15.313	50.354	60.714
-2.1465	1.4173	15.054	-1.6222	-3.5477	-5.5893	1.0147	-0.081257	-0.68782	-0.97522	-1.0319	-0.84216	2.5998	1.3195	-47.276	-941.43	13.485	168.73	-37.511	-6.7226	-31.675	84.285	27.068	20.409	-52.102	-99.309	-12.867	30.501
-6.1614	-36.724	7.7276	6.881	0.83354	-2.0645	3.1958	0.863	2.4711	0.56133	-1.6329	0.99131	-2.4233	-0.28717	-160.6	-1525.6	-293.05	340.13	175.25	140.99	87.243	37.77	126.35	61.462	-24.04	73.339	-200.92	-64.269
-7.2893	-48.627	4.7549	4.803	1.8614	0.84926	6.2222	2.7231	2.0049	-0.88374	-3.2272	1.8463	-1.4429	-0.37498	-45.113	-476.12	-118.91	-83.124	41.116	116.55	121.06	74.403	-18.648	-57.803	-63.775	34.201	39.213	-3.5121
-8.8093	-60.509	-1.1772	2.6159	-1.2992	0.95269	5.7401	3.2715	1.6948	-3.3517	-3.4358	0.37996	-0.54606	1.2489	-60.801	-475.28	-237.28	-87.481	-126.43	4.1371	-19.283	21.938	-12.404	-98.718	-8.3429	-58.655	35.875	64.955
-11.719	-79.253	-7.7206	3.3084	-3.0352	-0.86777	2.5132	4.0153	1.2835	-0.43195	-0.41438	0.053904	-0.96204	0.92584	-116.4	-749.77	-261.74	27.697	-69.439	-72.818	-129.08	29.752	-16.448	116.79	120.86	-13.042	-16.639	-12.922
-12.514	-77.6	-8.7703	0.57533	-5.9082	-2.6027	2.6649	2.8245	-0.16653	-1.2874	-0.30252	-1.0146	-3.2502	0.62561	-31.793	66.105	-41.987	-109.32	-114.92	-69.396	6.0676	-47.633	-58.003	-34.216	4.4744	-42.739	-91.526	-12.009
-12.281	-84.551	-11.915	-1.1036	-6.5415	-0.78411	3.4438	3.189	0.46495	-2.0347	0.75788	2.5087	-0.24411	0.88727	9.3117	-278.03	-125.79	-67.156	-25.334	72.742	31.157	14.579	25.259	-29.893	42.416	140.93	120.24	10.466
-11.357	-74.512	-10.268	-0.71427	-7.3584	-1.7295	3.2697	2.203	-1.831	-4.368	0.38418	3.472	0.92351	0.70011	36.951	401.57	65.878	15.572	-32.673	-37.817	-6.964	-39.442	-91.838	-93.332	-14.948	38.531	46.705	-7.4862
-6.8388	-31.97	-14.592	2.5713	-1.8786	-4.1982	0.43168	3.8198	-0.12627	-2.5807	0.027044	1.8215	1.0774	1.9831	180.74	1701.7	-172.96	131.42	219.19	-98.747	-113.52	64.672	68.189	71.492	-14.285	-66.019	6.1573	51.321
-6.5078	-0.37992	-13.024	2.7213	-0.34186	-4.2021	-0.44395	3.5908	-0.085428	0.028746	1.4334	1.4548	-0.0050249	2.6037	13.24	1263.6	62.724	5.999	61.47	-0.15491	-35.025	-9.1575	1.6338	104.38	56.256	-14.669	-43.299	24.822
-6.2774	-11.217	-8.1401	-0.23435	-4.2658	-1.1679	4.1226	1.8471	0.95891	-0.73477	-0.082431	0.31626	-1.7047	1.0589	9.2176	-433.5	195.35	-118.23	-156.96	121.37	182.66	-69.75	41.774	-30.541	-60.635	-45.541	-67.987	-61.792
-6.7235	-14.602	-3.2513	-0.88549	-5.8908	-1.5614	2.6826	-0.50198	-0.53547	-1.53	1.7473	1.5957	-1.4048	0.18111	-17.844	-135.4	195.55	-26.046	-64.997	-15.741	-57.601	-93.963	-59.775	-31.807	73.188	51.176	11.997	-35.112
-6.8701	-23.465	-1.9886	2.3377	-7.2026	-5.5687	0.65017	0.060064	-0.46397	-0.31118	0.72018	0.82025	-0.78109	0.55057	-5.862	-354.51	50.509	128.93	-52.475	-160.29	-81.298	22.482	2.8599	48.751	-41.083	-31.017	24.947	14.778
-6.2325	-26.515	-1.3388	8.1411	-2.8897	-8.0076	-0.528	-0.22731	0.043328	0.34606	0.7303	0.27718	-1.4959	-0.47825	25.501	-121.99	25.994	232.14	172.52	-97.557	-47.127	-11.495	20.292	26.29	0.4049	-21.723	-28.594	-41.153
-2.6986	-12.384	9.0371	6.0698	-3.2276	-7.9934	-2.1364	-1.5547	2.0865	1.9422	-0.086278	1.5398	-1.6357	1.4666	141.36	565.21	415.03	-82.852	-13.518	0.56744	-64.336	-53.096	81.729	63.844	-32.663	50.503	-5.5891	77.794
-1.7465	3.9098	16.53	0.29367	-3.1718	-10.434	-1.2703	0.05546	0.43626	4.203	-1.7954	-0.93439	0.70502	-0.027907	38.084	651.77	299.7	-231.05	2.2333	-97.637	34.645	64.407	-66.012	90.435	-68.363	-98.966	93.628	-59.78
-1.254	9.7667	16.976	-2.5913	-3.0365	-10.061	0.5963	0.69945	-0.25937	5.9708	-2.6725	-0.33482	1.2779	-0.44489	19.698	234.28	17.866	-115.4	5.4126	14.943	74.662	25.759	-27.825	70.71	-35.084	23.983	22.914	-16.679
-1.4563	10.363	17.488	-2.2	-6.7298	-8.2637	2.3003	0.76249	0.45779	5.5158	-2.1394	-0.10933	1.9882	0.6469	-8.0917	23.852	20.462	15.652	-147.73	71.884	68.161	2.5219	28.687	-18.197	21.323	9.0196	28.415	43.672
-1.7691	7.5761	16.889	-3.7134	-8.4268	-5.3877	4.0993	0.87161	1.1535	2.1809	-0.7681	0.26022	2.0121	2.2805	-12.513	-111.47	-23.929	-60.537	-67.88	115.04	71.96	4.3646	27.83	-133.4	54.851	14.782	0.95316	65.342
-2.1677	7.263	16.207	-6.0795	-9.2508	-2.7364	3.6324	0.45997	0.084185	1.5068	0.84277	0.9924	1.4999	2.236	-15.943	-12.525	-27.287	-94.646	-32.962	106.05	-18.675	-16.466	-42.774	-26.966	64.435	29.287	-20.486	-1.7801
-2.5066	11.112	12.64	-7.6191	-6.0659	-3.3583	3.8009	0.091353	-3.6227	3.8799	-0.00069269	2.8283	-0.31283	1.6951	-13.555	153.94	-142.68	-61.585	127.4	-24.873	6.7405	-14.745	-148.27	94.926	-33.738	73.434	-72.51	-21.635
-3.0172	6.8772	10.115	-5.3809	-5.3357	-0.81338	3.4462	-1.2385	-4.1207	3.2131	1.6043	2.3145	-1.9956	1.0817	-20.424	-169.38	-101	89.53	29.206	101.8	-14.19	-53.193	-19.922	-26.672	64.201	-20.548	-67.31	-24.537
-3.5645	1.3049	10.345	-4.5257	-6.0652	1.0791	2.6903	-2.1907	-4.3271	3.0075	2.9685	1.6759	-2.8299	0.87462	-21.892	-222.89	9.1687	34.207	-29.178	75.701	-30.236	-38.089	-8.2547	-8.2254	54.568	-25.547	-33.373	-8.2823
-3.9451	-4.1862	10.29	-3.4743	-6.1364	2.0036	2.7359	-1.5374	-5.2194	4.2473	1.6796	2.4996	-3.4058	1.2725	-15.227	-219.65	-2.1949	42.054	-2.8493	36.979	1.8242	26.131	-35.693	49.592	-51.557	32.95	-23.036	15.917
-4.5935	-8.8346	9.5497	-1.5123	-6.3433	1.7648	3.9397	-0.78742	-5.084	3.8678	0.76744	2.272	-2.4609	1.2543	-25.936	-185.93	-29.607	78.483	-8.2761	-9.5534	48.15	29.999	5.416	-15.182	-36.486	-9.1044	37.798	-0.72892
-5.3779	-16.46	9.7802	0.22624	-7.3017	1.7736	4.746	0.18814	-4.4417	2.9259	-0.776	1.1561	-0.83642	2.2022	-31.375	-305.04	9.2219	69.54	-38.336	0.35343	32.252	39.022	25.693	-37.674	-61.737	-44.638	64.977	37.917
-6.2158	-28.079	4.0642	3.7054	-5.1832	4.1172	6.6497	-0.85411	-2.2141	4.2839	-1.0018	0.0027707	-1.417	2.3175	-33.513	-464.73	-228.64	139.17	84.742	93.744	76.149	-41.69	89.104	54.321	-9.031	-46.132	-23.224	4.6095
-6.755	-33.327	5.8638	4.8994	-4.7734	5.5708	5.2873	-0.79514	-2.0419	3.4272	-1.7212	0.19168	-1.6014	1.9306	-21.568	-209.93	71.981	47.757	16.39	58.141	-54.497	2.3589	6.8884	-34.27	-28.776	7.5564	-7.3741	-15.475
-6.7139	-34.866	4.7953	5.0253	-4.6067	5.9103	4.683	-0.73756	-1.5446	2.9111	-2.6961	0.81561	-1.2343	1.9387	1.6429	-61.562	-42.74	5.0395	6.6692	13.581	-24.169	2.3031	19.891	-20.646	-38.998	24.957	14.682	0.32441
-6.596	-34.418	5.4663	5.6298	-5.1253	5.2603	5.7262	-0.21524	-1.7873	1.6926	-2.3605	0.50584	-1.1972	1.3664	4.7164	17.933	26.84	24.179	-20.744	-26	41.726	20.893	-9.7104	-48.739	13.425	-12.391	1.4864	-22.891
-6.4773	-32.626	5.5951	5.6981	-3.9281	4.7096	4.6315	-0.77858	-1.7275	2.9757	-2.0637	-0.40069	-1.5729	1.4718	4.7466	71.673	5.1537	2.7307	47.886	-22.026	-43.786	-22.533	2.3925	51.324	11.872	-36.261	-15.028	4.2169
-6.4894	-32.076	7.6851	5.2484	-4.9656	5.1855	3.0179	1.1991	-2.2612	2.4779	-1.3092	-0.60681	-0.65615	2.123	-0.48221	21.981	83.598	-17.987	-41.497	19.034	-64.544	79.109	-21.348	-19.911	30.182	-8.2446	36.668	26.046
-6.4375	-33.695	5.8621	5.0997	-4.6404	5.7207	3.6992	-0.12368	-2.1602	2.697	-1.4414	0.96275	-1.8292	1.3613	2.0731	-64.764	-72.919	-5.9479	13.005	21.409	27.25	-52.913	4.0397	8.762	-5.2894	62.782	-46.924	-30.468
-5.202	-28.3	7.3188	1.6819	-4.1832	4.4914	3.2543	0.068294	-1.1398	0.68874	-0.4074	0.36558	-0.79247	1.5325	49.422	215.83	58.269	-136.71	18.288	-49.173	-17.797	7.6788	40.817	-80.329	41.36	-23.887	41.471	6.8505
-4.4267	-4.1182	9.2067	-2.9424	-4.619	3.535	0.19719	-4.5664	-2.2436	4.2625	2.3171	0.015101	-1.1454	2.6393	31.012	967.26	75.516	-184.97	-17.43	-38.255	-122.28	-185.39	-44.152	142.95	108.98	-14.019	-14.119	44.269
-3.8845	-0.55961	8.2197	-2.118	-3.3458	3.7583	-3.4103	-2.4407	-2.6317	4.6396	1.8967	-0.47804	-1.5275	2.629	21.687	142.34	-39.482	32.974	50.927	8.9305	-144.3	85.026	-15.522	15.084	-16.813	-19.726	-15.283	-0.40938
-3.7153	2.6467	6.9024	-1.9003	-3.3463	4.786	-5.2394	-2.1548	-1.4432	3.1867	1.9787	0.49424	-0.080554	0.45665	6.7696	128.25	-52.691	8.7094	-0.020083	41.108	-73.167	11.439	47.54	-58.113	3.2794	38.891	57.878	-86.896
-3.7569	-0.24447	8.0477	-2.61	-2.407	5.6793	-7.3647	-1.3388	-0.24531	2.5946	1.3516	1.8799	-0.026148	0.32952	-1.6659	-115.65	45.812	-28.39	37.572	35.731	-85.009	32.641	47.914	-23.685	-25.085	55.427	2.1762	-5.0851
-4.204	-1.6908	6.5787	-2.033	-0.66804	2.9404	-5.1866	-0.76868	-0.62633	2.1966	1.266	0.97627	0.39822	-0.047173	-17.883	-57.853	-58.761	23.082	69.559	-109.55	87.121	22.803	-15.241	-15.919	-3.4254	-36.146	16.975	-15.068
-5.1532	-17.424	5.5183	0.15396	0.28238	1.7201	-2.6226	-1.4414	-0.38595	2.2733	-0.39889	2.1891	-0.65272	0.16963	-37.969	-629.32	-42.415	87.478	38.017	-48.811	102.56	-26.908	9.6152	3.067	-66.594	48.513	-42.037	8.6722
-6.6683	-33.924	6.4802	3.0286	0.35938	3.7517	0.4293	0.53857	1.1823	-0.46813	-3.7592	4.6236	-0.13509	-2.3343	-60.605	-660	38.478	114.98	3.0797	81.262	122.08	79.198	62.731	-109.66	-134.41	97.38	20.705	-100.16
-6.743	-33.764	5.2634	4.5688	-0.95363	5.615	-0.61152	0.71969	0.29923	-0.41098	-4.0192	4.4669	0.21736	-1.8751	-2.9859	6.3852	-48.672	61.609	-52.52	74.535	-41.633	7.2449	-35.324	2.286	-10.399	-6.2695	14.098	18.367
-6.8548	-35.23	5.6741	4.6258	-0.75499	4.0195	0.83505	0.147	0.53836	-0.48655	-3.6668	4.2946	-0.072668	-1.228	-4.473	-58.648	16.429	2.2803	7.9457	-63.822	57.863	-22.908	9.5654	-3.0228	14.097	-6.8922	-11.601	25.883
-6.9329	-37.544	6.7792	5.0416	-1.2733	4.0931	1.3973	-0.15376	0.38297	-0.85013	-3.3979	3.3117	0.32951	-0.89935	-3.1239	-92.542	44.202	16.633	-20.732	2.9434	22.49	-12.03	-6.2156	-14.543	10.752	-39.316	16.087	13.147
-6.8804	-34.162	5.6331	4.5202	-1.8058	6.4793	-0.31519	-0.43644	1.4534	-1.3984	-2.9907	3.5812	0.065476	-1.4621	2.1011	135.26	-45.845	-20.859	-21.302	95.451	-68.5	-11.307	42.819	-21.93	16.291	10.781	-10.561	-22.51
-6.3298	-27.663	3.1192	2.677	1.9949	3.8593	-0.67154	1.8122	-0.35863	-1.0167	-1.2766	2.092	-1.4263	-0.11296	22.024	259.98	-100.55	-73.726	152.03	-104.8	-14.254	89.944	-72.483	15.267	68.564	-59.568	-59.672	53.966
-4.9156	1.5156	2.9175	-1.5103	0.92218	1.432	-3.8021	-0.21076	-1.1846	2.1471	1.1807	2.2004	-1.4492	1.1354	56.566	1167.1	-8.0716	-167.49	-42.91	-97.092	-125.22	-80.917	-33.039	126.55	98.291	4.3355	-0.91345	49.935
-3.957	3.807	6.2939	-2.3555	0.43352	1.4118	-4.907	-0.25163	-2.2396	3.3264	0.99046	1.4388	-0.9861	0.44094	38.347	91.656	135.06	-33.808	-19.546	-0.8093	-44.198	-1.6349	-42.2	47.171	-7.6099	-30.465	18.522	-27.779
-3.5778	7.3145	4.9516	-1.4647	-0.33549	1.624	-4.9745	-1.4623	-1.1736	3.0433	1.4971	1.8415	-0.73558	-0.28353	15.167	140.3	-53.692	35.632	-30.76	8.4863	-2.7002	-48.428	42.639	-11.322	20.264	16.108	10.021	-28.979
-3.3608	8.6933	5.2657	-0.91086	-2.0128	2.1625	-5.0159	-1.5177	-0.87271	2.5531	1.7486	0.67661	0.38013	0.10252	8.678	55.15	12.566	22.152	-67.094	21.541	-1.6539	-2.2129	12.037	-19.611	10.06	-46.594	44.628	15.442
-3.2265	9.5177	6.477	-3.1039	-0.89452	2.321	-5.2601	-2.1733	-0.57169	3.0272	1.255	0.79136	0.27103	-0.052807	5.3736	32.975	48.449	-87.723	44.733	6.3409	-9.7704	-26.226	12.041	18.966	-19.74	4.5899	-4.3637	-6.2129
-3.3231	8.3145	5.941	-1.994	-0.64234	2.2985	-5.7795	-2.2213	-0.051371	3.4922	1.1165	0.7011	-0.51397	0.30944	-3.8649	-48.127	-21.438	44.396	10.087	-0.90137	-20.776	-1.9204	20.813	18.598	-5.541	-3.6103	-31.4	14.49
-3.4606	6.4543	5.8994	-1.5347	-0.59373	2.7664	-5.3582	-1.8657	-0.85834	2.6606	1.7368	1.2571	-0.58442	0.35295	-5.4992	-74.406	-1.6624	18.372	1.9441	18.717	16.854	14.225	-32.279	-33.264	24.812	22.242	-2.818	1.7404
-3.6343	5.987	5.9701	-1.6071	-1.1076	3.9431	-5.5189	-1.8762	-0.62286	2.0895	1.6611	0.90978	-0.4905	-0.38451	-6.9472	-18.694	2.8244	-2.8962	-20.555	47.067	-6.4308	-0.42044	9.4193	-22.843	-3.0282	-13.895	3.7565	-29.498
-4.3542	-1.268	6.048	-1.4523	-0.8907	3.9645	-4.3385	-2.5288	0.094799	1.798	0.2922	1.2574	-1.556	-0.40964	-28.798	-290.2	3.1194	6.1938	8.6764	0.85635	47.216	-26.104	28.706	-11.658	-54.756	13.907	-42.62	-1.0052
-5.6731	-17.949	6.441	-0.063516	-2.2498	3.8135	-1.594	-2.3144	1.4956	1.9266	-1.6598	1.7803	-1.5547	-1.2414	-52.754	-667.22	15.718	55.551	-54.364	-6.0385	109.78	8.576	56.034	5.1411	-78.08	20.913	0.051724	-33.27
-6.4537	-30.327	5.6241	2.7439	-0.35881	6.9863	-1.6019	1.2496	3.2803	-2.4146	-3.1474	3.3205	-1.953	-0.98875	-31.227	-495.12	-32.674	112.3	75.64	126.91	-0.31381	142.56	71.384	-173.65	-59.503	61.607	-15.931	10.106
-6.4523	-30.599	5.6219	2.8084	0.27383	6.4386	-1.4559	1.8689	2.3277	-2.0567	-2.9238	3.4923	-1.4383	-1.2924	0.056719	-10.905	-0.090094	2.5791	25.306	-21.907	5.8375	24.771	-38.103	14.318	8.9425	6.873	20.586	-12.145
-6.4691	-30.584	5.1019	3.9632	-0.066304	5.3366	0.0097593	1.1602	1.3585	-0.5262	-3.9206	3.5744	-0.95254	-1.8219	-0.6733	0.62948	-20.801	46.194	-13.605	-44.081	58.628	-28.347	-38.768	61.218	-39.872	3.2837	19.432	-21.18
-6.4627	-30.383	4.914	3.8418	0.26678	5.2272	0.51213	0.84323	1.3196	-0.10917	-4.439	3.9603	-1.7332	-1.344	0.25953	8.0379	-7.5144	-4.8568	13.324	-4.3763	20.095	-12.679	-1.5563	16.681	-20.736	15.436	-31.228	19.115
-6.4793	-31.216	4.6267	3.8397	0.97344	6.42	-1.3998	1.3276	2.0188	-1.0122	-3.5024	3.3106	-1.7738	-1.3706	-0.66621	-33.332	-11.493	-0.082221	28.266	47.715	-76.477	19.377	27.97	-36.12	37.464	-25.987	-1.6208	-1.0628
-6.4342	-34.179	6.2079	3.9532	1.0576	6.6283	-1.4346	1.5789	2.1069	-0.89787	-3.3551	1.7124	-0.83892	-1.2007	1.8065	-118.53	63.251	4.5401	3.3646	8.3295	-1.3915	10.051	3.5215	4.5722	5.895	-63.929	37.393	6.7927
-6.3393	-29.736	4.0456	3.4716	1.6553	6.9022	-0.9902	0.71097	2.2226	-0.49868	-2.9808	0.30866	0.24572	-1.087	3.7959	177.75	-86.493	-19.266	23.91	10.957	17.775	-34.718	4.6306	15.968	14.973	-56.149	43.386	4.5513
-5.0088	-7.1961	1.1609	2.2908	1.1816	5.7748	-4.1494	-2.9243	0.63094	1.2056	-1.121	-0.69034	0.72943	-0.34985	53.22	901.58	-115.39	-47.233	-18.948	-45.095	-126.37	-145.41	-63.667	68.17	74.39	-39.96	19.349	29.484
-4.2061	5.6777	-1.0126	2.0538	2.1237	6.3188	-7.09	-1.5366	0.31231	1.5221	0.059857	-1.0531	1.2348	0.35674	32.106	514.95	-86.94	-9.4771	37.681	21.759	-117.62	55.507	-12.745	12.662	47.235	-14.509	20.213	28.264
-3.7316	11.25	-2.7229	1.9614	3.3556	5.5751	-7.6106	-0.34496	-0.29266	0.67168	-0.063841	-0.64072	1.9044	0.86776	18.98	222.9	-68.41	-3.6952	49.279	-29.748	-20.825	47.665	-24.199	-34.018	-4.9479	16.494	26.784	20.441
-3.6331	15.489	-5.0467	3.1987	4.5252	4.5971	-6.5517	-1.3272	0.28289	0.32226	-1.0066	-0.75851	1.9305	1.4046	3.9408	169.55	-92.955	49.49	46.783	-39.119	42.355	-39.291	23.022	-13.977	-37.712	-4.7116	1.0457	21.472
-3.6848	13.206	-4.2654	3.9233	4.7169	4.358	-6.5203	-1.0947	0.97751	-0.72476	-0.81457	-1.0943	1.5322	1.4864	-2.0682	-91.335	31.255	28.984	7.6685	-9.5626	1.2591	9.3006	27.785	-41.881	7.6831	-13.432	-15.934	3.2746
-3.5418	12.808	-3.0295	3.0441	5.6159	3.8412	-5.3559	-1.4841	1.6807	-2.0017	-0.19498	-1.9536	1.5085	0.75563	5.7188	-15.926	49.434	-35.166	35.96	-20.672	46.573	-15.576	28.126	-51.077	24.784	-34.373	-0.94644	-29.232
-3.2994	15.116	-3.1083	2.5979	6.6013	3.915	-4.1148	-2.6983	1.6621	-2.0703	-0.45009	-3.1235	1.7846	0.54308	9.6959	92.332	-3.1515	-17.848	39.416	2.95	49.645	-48.567	-0.74271	-2.7437	-10.205	-46.792	11.045	-8.5017
-3.1665	16.169	-2.4601	1.0237	7.2274	4.2755	-2.9188	-3.0954	1.0184	-0.32238	-1.0052	-3.5693	2.1057	0.26619	5.316	42.126	25.929	-62.969	25.045	14.421	47.841	-15.885	-25.746	69.916	-22.204	-17.835	12.842	-11.076
-3.4506	10.051	2.2211	-1.2199	6.544	5.6879	-0.51929	-4.0429	0.25243	0.72281	-0.92972	-3.5825	2.2737	-0.21366	-11.365	-244.72	187.25	-89.746	-27.336	56.495	95.98	-37.901	-30.641	41.808	3.0182	-0.52552	6.7202	-19.194
-4.3258	-4.9502	6.2475	0.24413	2.0415	7.0614	0.88923	-1.875	-3.1445	0.90168	0.041312	-2.5287	0.12319	-0.3907	-35.006	-600.05	161.05	58.563	-180.1	54.939	56.341	86.719	-135.88	7.1546	38.841	42.152	-86.02	-7.0815
-5.7735	-37.647	11.795	3.5928	-3.4678	1.8654	2.2945	-0.027691	-0.53354	-1.3377	-1.4002	0.11355	0.86697	0.51111	-57.91	-1307.9	221.91	133.95	-220.37	-207.84	56.212	73.891	104.44	-89.573	-57.659	105.69	29.751	36.072
-8.1035	-60.332	6.5874	8.7719	-0.77976	1.1536	2.9137	4.1588	2.1051	-1.4637	-1.7297	-1.2902	-0.80653	1.5809	-93.2	-907.43	-208.31	207.16	107.52	-28.472	24.765	167.46	105.55	-5.0412	-13.183	-56.151	-66.94	42.79
-8.4184	-65.103	4.4074	10.615	-0.10666	-0.43693	3.1704	5.1217	2.3546	-2.6319	-2.0604	-0.18025	-1.4337	1.4557	-12.595	-190.83	-87.201	73.72	26.924	-63.622	10.27	38.519	9.9768	-46.728	-13.229	44.399	-25.087	-5.007
-8.8434	-72.253	1.0559	9.6287	-0.93717	1.8782	5.4716	5.7651	0.14387	-3.0123	-1.9853	-1.1009	-0.87187	1.6413	-16.998	-286	-134.06	-39.446	-33.22	92.606	92.047	25.737	-88.428	-15.217	3.0064	-36.827	22.474	7.4241
-9.3846	-74.752	-2.332	7.3818	-0.067258	3.4606	6.2287	4.9283	0.3226	-2.2166	-0.15583	0.53351	-0.86605	0.34438	-21.651	-99.966	-135.52	-89.876	34.796	63.296	30.286	-33.472	7.1495	31.827	73.178	65.377	0.23292	-51.876
-9.6583	-67.976	-6.8645	2.0075	-1.5874	3.3196	5.4332	5.7895	0.16112	-1.1432	0.86873	2.2329	-0.95085	-1.1336	-10.947	271.06	-181.3	-214.97	-60.805	-5.6396	-31.819	34.446	-6.4593	42.938	40.982	67.977	-3.3922	-59.119
-9.605	-60.219	-6.7071	1.6975	-3.1416	2.03	5.5395	6.106	-0.11741	-3.2239	-1.4283	2.9624	0.08585	0.16184	2.1319	310.26	6.2984	-12.401	-62.168	-51.586	4.2517	12.659	-11.141	-83.229	-91.882	29.177	41.468	51.817
-6.2262	-19.3	-10.664	-0.49565	-2.5099	-0.23483	4.1191	2.5176	0.66667	0.44294	1.9256	2.6054	-1.4239	0.20052	135.15	1636.8	-158.28	-87.727	25.266	-90.593	-56.818	-143.53	31.363	146.67	134.16	-14.28	-60.39	1.5471
-3.0707	7.4542	-2.7757	1.0327	-3.1989	-1.0672	2.7028	0.69106	-0.5076	-1.5085	0.749	2.8056	-0.63156	1.3287	126.22	1070.2	315.53	61.135	-27.56	-33.296	-56.651	-73.062	-46.971	-78.057	-47.064	8.0079	31.694	45.127
-1.5045	20.299	12.098	-5.4215	-1.4301	-3.8908	1.4022	-0.43881	-4.1916	-0.040121	-0.85155	1.6981	1.746	2.4942	62.65	513.79	594.95	-258.17	70.754	-112.94	-52.022	-45.195	-147.36	58.735	-64.022	-44.301	95.102	46.62
-0.62383	28.316	14.405	-8.5283	-4.241	-3.7815	1.1942	-0.38119	-3.0222	-1.0356	1.2267	0.87372	3.3548	1.0059	35.225	320.68	92.279	-124.27	-112.44	4.3724	-8.3226	2.305	46.777	-39.82	83.13	-32.973	64.351	-59.533
-0.063665	31.845	15.01	-10.117	-4.4269	-4.4337	0.51692	-0.70788	-2.0882	-0.073717	2.4808	1.2207	2.2877	0.1496	22.407	141.18	24.194	-63.557	-7.4371	-26.09	-27.09	-13.068	37.36	38.476	50.165	13.879	-42.682	-34.25
0.31547	35.991	13.709	-12.352	-3.5149	-6.31	0.29446	0.67842	-1.6256	0.91561	2.2318	0.98213	2.8044	-1.8412	15.165	165.83	-52.058	-89.377	36.479	-75.051	-8.8984	55.452	18.502	39.573	-9.9606	-9.5428	20.666	-79.634
0.70148	39.012	12.02	-12.041	-3.5865	-7.8506	1.7771	-0.37741	-0.22997	-0.12392	3.0506	0.24604	3.2493	-2.4086	15.441	120.84	-67.56	12.441	-2.8624	-61.625	59.307	-42.233	55.826	-41.581	32.753	-29.444	17.799	-22.694
0.78043	41.185	11.598	-11.814	-4.8769	-8.0653	1.1942	0.23924	-0.44806	-0.20806	3.9883	-0.75158	3.6641	-2.4937	3.1579	86.926	-16.874	9.0555	-51.617	-8.5876	-23.318	24.666	-8.7236	-3.3656	37.505	-39.905	16.591	-3.4061
0.76291	37.874	11.613	-11.969	-4.6062	-7.6913	1.5102	0.54838	-0.96256	1.2446	3.1974	-0.62886	2.3902	-1.079	-0.7008	-132.44	0.61303	-6.201	10.83	14.962	12.64	12.366	-20.58	58.108	-31.636	4.9091	-50.955	56.591
0.54009	39.637	10.224	-11.031	-5.9296	-6.7452	1.5606	0.34835	-1.0615	0.4593	3.8475	-0.38136	2.2225	-1.2988	-8.9131	70.529	-55.574	37.547	-52.936	37.842	2.0163	-8.001	-3.9572	-31.414	26.005	9.9	-6.7104	-8.7913
0.53457	39.195	10.152	-10.835	-5.2518	-6.166	1.4524	0.14249	-1.4137	1.4206	4.3125	-1.1952	1.9548	-1.0884	-0.22081	-17.704	-2.8786	7.8057	27.111	23.169	-4.3252	-8.2346	-14.087	38.452	18.599	-32.555	-10.705	8.4148
0.50287	40.13	10.899	-12.313	-5.1931	-5.3693	0.58547	0.31908	-2.4821	2.1291	4.6138	-1.4967	1.9313	-1.4301	-1.2679	37.418	29.912	-59.107	2.3459	31.868	-34.679	7.0635	-42.74	28.34	12.054	-12.06	-0.94358	-13.669
0.58408	41.264	10.599	-12.379	-5.2134	-4.7279	0.68906	-0.13158	-2.5539	2.2632	4.9533	-2.0088	2.0002	-1.3741	3.2484	45.354	-12.004	-2.6496	-0.81181	25.658	4.1437	-18.026	-2.8718	5.362	13.582	-20.484	2.7587	2.238
0.54568	41.048	11.193	-13.049	-4.8625	-4.599	1.2933	-1.1591	-1.988	1.39	6.4528	-2.9035	2.5198	-2.1063	-1.5358	-8.6464	23.735	-26.775	14.036	5.155	24.169	-41.099	22.639	-34.928	59.979	-35.785	20.781	-29.286
0.48211	41.611	9.5842	-12.24	-4.6533	-4.5066	1.3069	-1.7506	-1.4342	0.9624	6.8703	-3.4507	2.5528	-2.0097	-2.5428	22.544	-64.34	32.351	8.3674	3.6961	0.54518	-23.662	22.151	-17.103	16.7	-21.891	1.3221	3.8635
0.36403	40.8	9.7493	-12.141	-4.3881	-4.2695	0.95529	-1.8602	-1.5603	1.2551	7.0071	-2.9715	1.7994	-1.4413	-4.7233	-32.474	6.6033	3.9514	10.61	9.4845	-14.065	-4.3844	-5.0452	11.709	5.4728	19.168	-30.136	22.738
0.38547	40.775	9.6233	-12.236	-4.1999	-3.7402	0.3064	-2.1192	-1.5152	0.96234	7.4582	-3.4678	2.197	-2.062	0.85743	-0.98692	-5.0389	-3.7891	7.5256	21.172	-25.956	-10.357	1.8027	-11.711	18.043	-19.85	15.902	-24.829
0.34389	40.904	9.5766	-12.317	-4.3612	-3.3559	0.42412	-1.9801	-1.3546	0.9023	7.9898	-3.8257	2.2929	-2.4439	-1.663	5.1518	-1.8714	-3.2455	-6.4485	15.369	4.7086	5.5618	6.4264	-2.4017	21.264	-14.316	3.8353	-15.277
0.20014	39.384	9.8867	-11.364	-4.2973	-3.063	-0.032742	-1.6178	-2.163	1.5046	7.3273	-2.9471	1.2838	-2.0132	-5.7502	-60.776	12.404	38.136	2.5524	11.719	-18.274	14.494	-32.337	24.092	-26.502	35.143	-40.362	17.23
0.37358	39.55	10.409	-12.425	-4.1164	-3.1728	-0.1726	-1.2178	-1.857	0.96069	7.6393	-3.4837	2.1477	-2.5296	6.9375	6.621	20.889	-42.471	7.236	-4.392	-5.5943	15.998	12.24	-21.757	12.48	-21.463	34.557	-20.656
0.56111	43.082	9.631	-12.468	-5.0733	-3.2187	0.40159	-1.3725	-1.6289	0.58841	7.5339	-3.3328	2.1554	-2.6857	7.5012	141.29	-31.116	-1.6991	-38.274	-1.8362	22.968	-6.1865	9.1259	-14.891	-4.2137	6.0359	0.30824	-6.2434
0.68208	43.29	9.704	-12.228	-5.7184	-3.9215	0.97734	-0.69188	-0.65415	-0.27793	7.0226	-2.872	1.5832	-2.3265	4.8391	8.3189	2.9204	9.5809	-25.805	-28.113	23.03	27.224	38.988	-34.654	-20.454	18.433	-22.891	14.366
0.64436	43.957	9.0126	-11.604	-6.7106	-3.966	1.0087	-0.53276	0.084818	-0.53674	6.3746	-2.5052	1.5031	-2.25	-1.509	26.664	-27.656	24.964	-39.688	-1.7787	1.2539	6.3648	29.559	-10.352	-25.92	14.669	-3.2021	3.0587
0.52363	43.934	8.413	-10.688	-7.4763	-4.5301	1.6304	-0.347	1.3559	-1.348	5.1948	-1.8773	1.9767	-2.3908	-4.8292	-0.9059	-23.984	36.641	-30.629	-22.566	24.868	7.4302	50.844	-32.451	-47.193	25.119	18.941	-5.6295
0.29733	40.888	8.2516	-8.9144	-7.8706	-5.3963	1.5526	0.21348	2.3061	-2.431	4.7437	-1.6173	2.3363	-2.4639	-9.0518	-121.82	-6.4578	70.951	-15.771	-34.645	-3.1121	22.419	38.008	-43.318	-18.041	10.399	14.388	-2.9247
-0.03025	36.681	8.0233	-6.5796	-8.3778	-5.6562	0.31907	1.3807	2.3095	-2.5477	4.3648	-1.4411	2.5381	-2.5098	-13.103	-168.28	-9.1306	93.394	-20.287	-10.395	-49.34	46.691	0.13602	-4.6683	-15.156	7.0473	8.0715	-1.8361
-0.48678	30.268	8.0333	-4.2197	-10.118	-5.2861	-0.95642	1.8694	3.5258	-3.6094	4.2434	-1.1343	2.6601	-1.7387	-18.261	-256.54	0.39977	94.396	-69.608	14.803	-51.02	19.546	48.652	-42.468	-4.8577	12.274	4.8795	30.844
-1.1018	14.735	10.736	-1.6421	-11.937	-3.8606	-2.2592	2.7202	2.1729	-2.5207	2.542	0.018198	1.5056	-0.63728	-24.601	-621.31	108.09	103.1	-72.763	57.02	-52.111	34.032	-54.118	43.547	-68.054	46.099	-46.181	44.056
-1.7681	7.091	13.415	-0.37143	-9.7578	-5.1948	-3.3196	2.3569	3.252	-3.9384	1.459	-0.55456	0.48213	-0.27396	-26.653	-305.76	107.16	50.827	87.172	-53.367	-42.415	-14.534	43.164	-56.709	-43.32	-22.91	-40.938	14.533
-1.759	4.4582	14.639	1.6138	-10.567	-4.7118	-4.1688	0.48724	4.9869	-3.6538	1.729	-0.76326	0.5086	0.068234	0.36349	-105.31	48.965	79.41	-32.375	19.316	-33.968	-74.785	69.396	11.386	10.797	-8.348	1.0591	13.688
-1.5897	2.3297	16.73	2.5429	-11.246	-4.1813	-4.7458	-0.042796	5.7603	-4.2494	1.6048	-1.2303	1.3979	0.51262	6.7721	-85.141	83.664	37.165	-27.171	21.222	-23.083	-21.201	30.935	-23.823	-4.9662	-18.682	35.573	17.775
-1.4438	0.23831	18.548	3.1525	-7.5892	-5.1246	-4.2976	-3.9126	7.1867	-4.1457	1.6599	0.052403	1.3691	0.54293	5.8373	-83.655	72.716	24.382	146.29	-37.733	17.929	-154.79	57.057	4.1486	2.2034	51.309	-1.153	1.2124
-1.3172	-0.052241	19.31	4.2717	-6.1681	-5.3699	-5.1943	-3.4527	6.3551	-4.213	1.8559	0.0035492	0.78934	0.097244	5.0651	-11.622	30.461	44.768	56.846	-9.8093	-35.866	18.4	-33.263	-2.6923	7.839	-1.9541	-23.191	-17.827
-1.0071	4.1487	18.949	4.893	-5.2937	-5.5759	-4.9919	-2.3173	5.3998	-3.0982	0.79703	-1.5184	1.5476	-0.07743	12.403	168.04	-14.422	24.851	34.974	-8.2412	8.0937	45.415	-38.214	44.591	-42.354	-60.877	30.33	-6.987
-0.98253	10.174	17.166	5.1751	-4.2118	-5.7977	-4.6031	-1.7287	4.5864	-2.8704	1.1745	-2.8868	1.7753	-0.75876	0.98361	241.01	-71.305	11.286	43.277	-8.8712	15.552	23.545	-32.534	9.1117	15.1	-54.735	9.107	-27.253
-1.2269	14.414	14.956	4.9534	-1.5617	-6.5449	-3.3273	-0.76455	3.3255	-1.7508	-0.81036	-2.9906	2.0024	-0.69102	-9.7759	169.59	-88.425	-8.8683	106	-29.889	51.034	38.564	-50.435	44.785	-79.396	-4.1531	9.0866	2.7093
-1.4873	16.767	12.196	6.3876	-2.1578	-6.2865	-0.52136	1.2769	1.8371	-3.4679	-2.049	-1.9926	2.8663	-1.2599	-10.414	94.124	-110.38	57.369	-23.843	10.336	112.24	81.659	-59.536	-68.686	-49.544	39.921	34.555	-22.755
-0.99715	28.028	9.7545	2.5913	-2.8037	-3.8676	-0.57608	1.4307	-1.1878	-4.2093	-0.21127	0.49126	2.7537	-2.329	19.605	450.44	-97.677	-151.85	-25.835	96.754	-2.1888	6.1531	-121	-29.656	73.508	99.353	-4.5058	-42.763
-0.85731	38.064	6.8666	-0.74359	-3.1891	-2.5	-0.054957	-1.5485	-1.444	-5.6213	3.4627	0.5781	3.2458	-3.7829	5.5934	401.44	-115.51	-133.4	-15.417	54.708	20.845	-119.17	-10.249	-56.48	146.96	3.4735	19.686	-58.156
-1.1092	29.965	7.5049	-0.76267	-0.2345	-0.95201	-0.59493	-2.3751	-2.9738	-4.8211	3.6963	0.73604	2.0871	-4.5489	-10.074	-323.93	25.529	-0.76338	118.18	61.918	-21.599	-33.064	-61.191	32.011	9.3442	6.3178	-46.348	-30.641
-1.9192	27.88	5.2042	-1.8063	2.0601	0.3994	1.3955	-2.6744	-3.9994	-3.1398	2.2035	-0.5774	1.258	-6.3229	-32.401	-83.427	-92.027	-41.744	91.785	54.056	79.616	-11.971	-41.024	67.252	-59.711	-52.538	-33.162	-70.96
-2.9326	10.307	3.6202	-0.48476	4.4259	-1.1063	3.6135	-3.4025	-3.0397	-0.72048	0.63781	-0.225	0.11723	-5.4498	-40.536	-702.89	-63.358	52.86	94.631	-60.228	88.722	-29.124	38.387	96.772	-62.627	14.096	-45.633	34.926
-6.1641	-34.876	3.7482	1.5916	4.1141	2.3629	5.981	-1.4199	-2.1826	1.6938	0.28217	0.28911	-1.3411	-2.7991	-129.26	-1807.3	5.1191	83.056	-12.473	138.77	94.701	79.304	34.285	96.572	-14.226	20.564	-58.334	106.03
-7.6824	-55.642	4.4405	5.4368	3.4126	5.687	4.9717	-0.21332	-2.1447	0.29834	1.0928	0.55317	-3.3149	-0.68592	-60.731	-830.61	27.691	153.8	-28.06	132.96	-40.373	48.263	1.5135	-55.819	32.426	10.562	-78.953	84.527
-8.0879	-68.07	2.779	8.4735	4.5358	6.0261	4.0425	2.614	0.076184	-1.8852	-0.17647	0.096416	-2.2331	0.70327	-16.221	-497.12	-66.46	121.47	44.931	13.567	-37.169	113.09	88.837	-87.342	-50.772	-18.27	43.273	55.568
-8.5044	-72.624	-1.0766	9.8603	3.7534	5.8021	6.5724	4.9644	-0.14289	-1.0006	0.84353	0.18482	-1.0401	-0.68029	-16.662	-182.17	-154.22	55.472	-31.299	-8.9623	101.2	94.017	-8.763	35.384	40.8	3.536	47.721	-55.342
-8.1854	-49.023	-5.8973	1.4089	5.0797	0.25081	6.6009	2.8756	1.0193	0.070117	0.092599	0.98298	-2.8893	0.38789	12.761	944.01	-192.83	-338.06	53.054	-222.05	1.1377	-83.549	46.486	42.829	-30.037	31.927	-73.969	42.727
-7.8839	-19.046	-13.555	-4.1527	-0.37205	-4.5284	3.0346	0.35772	-0.18415	-0.51433	0.25053	1.5303	-2.3697	1.3421	12.059	1199.1	-306.32	-222.46	-218.07	-191.17	-142.65	-100.72	-48.136	-23.378	6.3174	21.894	20.782	38.168
-6.2911	-29.112	-25.224	2.6243	1.9928	-4.2784	1.5676	2.6606	0.85963	-0.15781	1.0291	0.30676	-1.8522	1.6383	63.715	-402.62	-466.74	271.08	94.596	9.9993	-58.678	92.116	41.751	14.261	31.143	-48.943	20.701	11.85
-5.0453	-15.875	-34.853	-1.6208	0.85957	-2.2627	-0.71555	3.0029	0.072571	0.29939	2.1663	1.3583	-0.74251	1.7852	49.832	529.45	-385.19	-169.81	-45.331	80.628	-91.326	13.692	-31.482	18.288	45.486	42.06	44.388	5.8752
-4.2983	-0.26913	-30.211	-2.0559	1.5968	-3.6139	-1.8113	3.6062	0.67605	-0.72868	1.2679	0.60242	-1.7166	1.0377	29.88	624.25	185.68	-17.404	29.488	-54.046	-43.829	24.131	24.139	-41.123	-35.933	-30.233	-38.963	-29.901
-4.3045	-1.0648	-27.521	-0.17161	4.1143	0.25972	-1.6127	1.4977	-0.88243	-3.5855	1.5368	1.7316	-3.1116	2.2708	-0.24872	-31.828	107.61	75.372	100.7	154.94	7.9424	-84.339	-62.339	-114.27	10.755	45.168	-55.802	49.326
-4.8012	-1.2236	-19.852	-0.88801	6.0397	-0.82089	0.9344	4.2069	-0.13157	-2.6909	0.15535	0.74477	-3.151	2.7383	-19.868	-6.3514	306.76	-28.656	77.017	-43.224	101.88	108.37	30.034	35.783	-55.258	-39.474	-1.5747	18.698
-3.9714	0.97799	-7.1245	4.9773	9.9495	1.5555	0.56919	1.568	-0.74489	-2.51	1.3941	-0.37801	-2.9239	1.6219	33.191	88.064	509.1	234.61	156.39	95.057	-14.608	-105.56	-24.533	7.2363	49.549	-44.911	9.0823	-44.654
-3.3396	9.4005	-3.3924	3.2547	14.67	0.65663	-1.5783	-0.26958	-0.89377	-2.1672	-0.95926	-2.5429	1.2593	-2.0303	25.272	336.9	149.28	-68.901	188.81	-35.957	-85.898	-73.502	-5.955	13.712	-94.134	-86.594	167.33	-146.09
-2.9141	13.803	-3.9875	2.4766	13.6	0.44133	-1.3899	-0.516	-0.18948	-1.8321	-1.3178	-3.3354	1.4355	-2.6503	17.021	176.1	-23.804	-31.125	-42.787	-8.6117	7.5341	-9.8569	28.171	13.404	-14.342	-31.699	7.0492	-24.798
-2.7345	15.202	-4.2908	3.2884	13.073	0.91937	-2.0679	-0.030908	0.091512	-2.2761	-2.2752	-2.5925	1.6879	-3.0006	7.1829	55.957	-12.129	32.47	-21.072	19.121	-27.12	19.404	11.24	-17.761	-38.295	29.716	10.096	-14.013
-2.5738	14.232	-3.2614	2.9473	13.621	1.0247	-1.4722	-1.1972	0.6846	-2.467	-2.577	-2.5702	2.1625	-3.0097	6.4304	-38.794	41.174	-13.643	21.898	4.2146	23.827	-46.65	23.723	-7.6339	-12.072	0.89053	18.981	-0.3641
-2.5215	15.489	-2.6391	3.5884	13.205	-0.2098	-1.8236	-2.1599	1.9478	-2.4912	-2.0243	-2.1412	2.4361	-3.7258	2.0911	50.277	24.894	25.643	-16.608	-49.381	-14.056	-38.509	50.527	-0.9693	22.107	17.161	10.946	-28.643
-2.6202	17.373	-4.0759	4.0847	12.184	-0.92166	-3.7967	-1.9628	2.3302	-0.81768	-2.0549	-1.8149	1.9421	-3.6004	-3.95	75.378	-57.472	19.853	-40.867	-28.474	-78.923	7.8833	15.297	66.941	-1.2246	13.051	-19.76	5.0149
-2.7164	18.057	-4.0174	4.5146	10.38	-1.0657	-3.6742	-1.7017	2.4282	-2.2283	-2.2476	-1.5341	1.6583	-2.8897	-3.8484	27.348	2.3381	17.197	-72.136	-5.7615	4.8984	10.444	3.9207	-56.424	-7.7067	11.231	-11.351	28.428
-2.9736	18.568	-3.4204	2.9698	8.8417	-0.76667	-4.5904	-1.065	2.1644	-2.6245	-1.7618	-0.62719	1.6654	-2.2742	-10.286	20.426	23.882	-61.791	-61.545	11.961	-36.648	25.466	-10.553	-15.85	19.431	36.277	0.28065	24.618
-3.0803	9.5784	-0.54664	3.2598	7.3744	-0.069114	-5.4679	-1.145	2.7077	-2.8549	-1.3501	-0.15267	2.4545	-1.8434	-4.2672	-359.58	114.95	11.596	-58.693	27.902	-35.097	-3.1991	21.733	-9.2161	16.471	18.981	31.567	17.234
-3.4944	14.601	-2.5311	3.5426	6.4987	0.064108	-6.6341	-2.0924	2.4153	-2.5111	-1.4576	1.1171	1.7851	-0.40758	-16.563	200.9	-79.38	11.314	-35.025	5.3289	-46.65	-37.894	-11.697	13.754	-4.2998	50.791	-26.779	57.432
-3.5389	0.75361	-3.0336	5.0263	5.153	0.5721	-6.8442	-1.0956	1.9798	-3.0082	0.47602	0.11119	2.5436	-0.35644	-1.7835	-553.89	-20.098	59.348	-53.83	20.32	-8.4016	39.871	-17.422	-19.884	77.343	-40.237	30.34	2.0457
-4.395	9.7368	-4.8891	3.8637	5.0331	0.28144	-7.6223	-1.0563	2.7482	-2.5499	0.2859	0.39968	2.7511	-0.68207	-34.243	359.33	-74.222	-46.504	-4.7949	-11.626	-31.126	1.5724	30.736	18.33	-7.6048	11.54	8.3025	-13.025
-4.3406	-11.501	0.91173	4.3799	-1.3922	1.7955	-8.7536	0.14655	0.66233	-0.054562	0.55055	1.0891	2.9477	0.76479	2.1776	-849.52	232.03	20.647	-257.01	60.564	-45.253	48.113	-83.433	99.815	10.586	27.578	7.8622	57.875
-4.1295	-3.2629	0.31797	4.7212	-1.7409	0.74264	-10.245	-0.75826	1.6369	-1.5894	1.7915	0.32942	2.0897	0.53175	8.4426	329.53	-23.75	13.655	-13.947	-42.116	-59.66	-36.193	38.984	-61.392	49.639	-30.389	-34.32	-9.3218
-3.7558	4.9839	0.60788	-0.91179	0.25243	0.99286	-10.139	-0.10267	-0.1997	0.17828	1.3071	0.96746	1.2762	0.43285	14.95	329.87	11.596	-225.32	79.732	10.009	4.245	26.224	-73.466	70.706	-19.375	25.521	-32.539	-3.9561
-3.3308	13.024	-0.62594	-4.0547	1.8027	0.1281	-7.9344	-1.5527	1.009	0.5247	1.5573	0.49697	0.56132	0.78527	17	321.62	-49.353	-125.72	62.011	-34.59	88.185	-58.001	48.347	13.857	10.005	-18.82	-28.595	14.097
-2.9047	19.815	-1.1032	-4.6879	2.4429	-0.60471	-6.5574	-1.5279	1.6672	1.1463	2.3405	0.09974	0.33671	1.0139	17.044	271.61	-19.091	-25.327	25.606	-29.312	55.077	0.99001	26.328	24.863	31.331	-15.889	-8.9846	9.1441
-2.5642	23.115	-1.2047	-4.4442	2.5076	-0.73906	-6.5593	-1.3954	1.5372	1.9355	2.8519	0.16176	0.54681	0.72212	13.617	132	-4.0591	9.7465	2.5903	-5.374	-0.07321	5.3034	-5.2011	31.568	20.456	2.4809	8.4041	-11.67
-2.3854	24.973	-0.56708	-4.9172	2.9857	-1.0615	-6.2181	-1.2572	1.1237	2.201	3.2558	0.45339	0.1492	0.59976	7.1529	74.324	25.504	-18.918	19.124	-12.898	13.646	5.5273	-16.54	10.621	16.154	11.665	-15.904	-4.8945
-2.4996	24.341	-0.11902	-4.6893	2.4132	-0.71416	-6.0038	-1.4329	1.3058	2.21	4.0571	-0.13564	0.13707	0.16326	-4.5671	-25.273	17.923	9.1136	-22.902	13.894	8.5745	-7.0276	7.286	0.36103	32.053	-23.561	-0.48525	-17.46
-2.8647	20.286	1.075	-3.5032	1.7139	0.54954	-6.224	-0.64587	0.82248	2.446	3.8269	-0.43143	-0.36039	0.64752	-14.603	-162.2	47.762	47.444	-27.972	50.548	-8.8108	31.48	-19.334	9.4402	-9.2078	-11.831	-19.898	19.37
-3.3958	13.325	2.253	-2.8047	1.9407	1.2235	-6.0642	-0.49435	0.50207	2.0431	3.6685	-0.2235	-0.28166	0.70515	-21.245	-278.44	47.12	27.94	9.0739	26.957	6.3936	6.0608	-12.816	-16.117	-6.3351	8.3173	3.1492	2.3054
-4.4654	-1.44	3.4539	-1.4078	1.1836	1.6903	-4.88	-1.8424	0.16509	1.8225	2.128	0.47751	-0.41485	0.032221	-42.783	-590.59	48.032	55.879	-30.287	18.673	47.366	-53.923	-13.479	-8.8236	-61.618	28.04	-5.3279	-26.917
-5.9917	-20.711	2.1797	1.4365	3.5359	3.3584	-0.2062	1.0672	0.3711	0.1719	-2.6064	2.9288	-2.2661	-1.3034	-61.053	-770.83	-50.966	113.77	94.093	66.723	186.95	116.38	8.2405	-66.023	-189.38	98.051	-74.05	-53.425
-6.2026	-23.559	3.6844	1.8014	2.322	4.4393	-0.32151	1.3616	-0.60174	1.6011	-3.8068	3.3283	-1.673	-2.1565	-8.4357	-113.91	60.186	14.597	-48.554	43.239	-4.6125	11.779	-38.913	57.168	-48.017	15.98	23.725	-34.124
-6.14	-22.223	1.963	2.2303	3.1278	4.3852	-0.43085	0.27598	0.90837	0.91659	-3.4817	3.6065	-1.925	-2.7264	2.5045	53.428	-68.855	17.157	32.232	-2.1671	-4.3734	-43.427	60.404	-27.381	13.007	11.13	-10.08	-22.797
-6.146	-22.868	1.9148	2.0904	4.1373	3.4868	-0.27658	0.55662	1.8928	-0.42247	-3.4638	3.3704	-1.264	-2.6977	-0.24085	-25.818	-1.9261	-5.5963	40.377	-35.935	6.1706	11.226	39.379	-53.562	0.71543	-9.4447	26.44	1.1474
-6.2618	-25.944	3.1048	2.8203	1.7258	5.4925	-0.86443	1.4447	1.9922	-1.3252	-2.6353	2.554	-0.51381	-2.0759	-4.6318	-123.02	47.598	29.193	-96.458	80.226	-23.514	35.522	3.9741	-36.11	33.138	-32.656	30.006	24.873
-6.3644	-29.611	4.7541	2.9051	0.60429	6.5943	-1.552	1.2006	2.8218	-2.0549	-2.4344	2.5582	-0.94345	-1.559	-4.1056	-146.67	65.975	3.3938	-44.861	44.075	-27.504	-9.7638	33.183	-29.187	8.0363	0.16856	-17.185	20.678
-6.2213	-27.386	2.6472	4.0088	1.0531	5.287	-0.57672	0.5697	2.9895	-2.5416	-2.0058	1.8089	-0.6772	-0.77848	5.7269	88.968	-84.276	44.146	17.951	-52.294	39.012	-25.235	6.7072	-19.47	17.145	-29.975	10.65	31.219
-5.4075	-3.4277	-3.078	3.8143	2.4091	2.3599	-4.0526	-0.35343	3.2187	-0.62948	-0.46088	1.0884	0.90352	0.90001	32.552	958.35	-229.01	-7.781	54.243	-117.08	-139.04	-36.925	9.1677	76.486	61.797	-28.817	63.229	67.14
-4.7534	-0.5677	-2.3883	2.367	5.6709	1.7229	-8.3379	2.9672	2.4534	-1.3634	0.87801	-0.44963	1.9576	0.91803	26.164	114.4	27.587	-57.891	130.47	-25.479	-171.41	132.83	-30.611	-29.357	53.555	-61.522	42.163	0.72094
-4.6242	0.83572	-2.9057	3.3543	6.2887	0.36118	-8.022	3.5676	2.5124	-1.7023	1.0464	-0.78696	3.4655	0.30684	5.1664	56.137	-20.698	39.494	24.712	-54.469	12.64	24.015	2.3622	-13.555	6.7375	-13.493	60.315	-24.448
-4.8434	-2.1155	-3.9531	4.814	7.0167	-1.0272	-6.6365	3.8344	2.5671	-1.2889	0.61378	-1.1783	4.3626	0.49965	-8.768	-118.05	-41.894	58.387	29.123	-55.536	55.418	10.672	2.1883	16.534	-17.307	-15.653	35.887	7.7125
-4.8956	-0.40294	-4.4306	4.3548	7.0876	-1.4851	-6.598	4.1048	1.9836	-0.22273	0.62651	-0.99417	3.1359	0.6531	-2.0864	68.504	-19.1	-18.367	2.8329	-18.316	1.5384	10.817	-23.342	42.649	0.50938	7.3647	-49.071	6.138
-4.7651	0.28429	-3.3739	3.7422	6.5198	-0.87943	-7.0354	3.8488	2.1462	-1.1624	0.43491	-0.71032	3.8441	0.34877	5.2187	27.489	42.266	-24.506	-22.712	24.227	-17.494	-10.242	6.5058	-37.588	-7.6641	11.354	28.327	-12.173
-4.6299	3.0134	-4.9423	3.474	7.3169	-1.6097	-6.7889	2.2218	2.9383	-0.81434	0.76568	-0.79159	3.6086	0.39405	5.4078	109.17	-62.735	-10.728	31.883	-29.209	9.8576	-65.077	31.684	13.924	13.231	-3.2505	-9.4183	1.8111
-4.2998	7.929	-4.2397	2.3627	5.6229	-0.20045	-7.5083	1.8724	2.5866	-1.2755	1.6749	-1.0935	3.6062	-0.7326	13.203	196.62	28.107	-44.451	-67.76	56.369	-28.774	-13.978	-14.07	-18.448	36.368	-12.075	-0.096013	-45.066
-3.9619	12.261	-3.4587	2.2555	3.54	0.43017	-8.548	2.616	1.4387	-0.77099	1.2091	-0.73207	3.1141	-0.64339	13.516	173.27	31.239	-4.2877	-83.313	25.225	-41.588	29.742	-45.914	20.182	-18.63	14.456	-19.685	3.5682
-3.5387	15.797	-2.295	0.60849	2.7906	1.8114	-8.5206	0.68742	3.2547	-0.76007	1.5632	-1.01	2.1931	0.27771	16.928	141.46	46.549	-65.881	-29.978	55.248	1.0958	-77.142	72.64	0.43667	14.165	-11.115	-36.839	36.844
-3.1381	18.358	-0.88078	-1.1349	2.3614	2.0032	-8.6402	1.5461	3.4923	-0.80493	1.9803	-1.1196	1.7112	0.14865	16.024	102.45	56.567	-69.737	-17.169	7.6737	-4.7833	34.346	9.5041	-1.7944	16.684	-4.3845	-19.277	-5.1621
-2.7269	25.445	-3.888	-1.9504	4.6887	-0.83186	-7.1112	2.1021	1.8241	1.3274	0.50005	-0.11894	1.7623	0.15717	16.45	283.47	-120.29	-32.617	93.095	-113.4	61.161	22.242	-66.731	85.294	-59.212	40.025	2.0436	0.34087
-2.5454	27.553	-3.5604	-3.4852	6.2619	-1.8543	-5.8977	1.4347	2.1594	1.3679	0.61807	0.14464	1.0836	0.49454	7.261	84.307	13.104	-61.393	62.926	-40.897	48.539	-26.697	13.411	1.6191	4.7206	10.543	-27.148	13.495
-2.5333	27.215	-2.1784	-4.9301	8.1987	-3.6797	-4.3068	1.0341	2.386	1.1641	0.55491	0.69221	0.17826	1.3226	0.48394	-13.495	55.283	-57.795	77.471	-73.018	63.635	-16.024	9.0653	-8.1516	-2.5266	21.902	-36.212	33.124
-2.6441	24.297	-1.0856	-4.0838	7.3753	-2.5788	-5.1031	1.5711	1.9815	1.4188	0.20072	0.83567	-0.3089	2.9631	-4.4352	-116.74	43.712	33.851	-32.934	44.039	-31.853	21.48	-16.18	10.187	-14.167	5.7387	-19.486	65.62
-2.9264	20.204	0.30666	-3.7783	8.3004	-2.6181	-5.2653	2.189	1.3014	2.1583	-0.45812	0.25382	0.21087	2.6343	-11.291	-163.72	55.689	12.221	37.005	-1.5727	-6.4883	24.716	-27.202	29.582	-26.354	-23.274	20.791	-13.153
-3.4726	12.775	-0.13041	-4.534	9.8041	-3.1496	-3.6218	2.6057	1.693	2.3833	-1.2815	-0.093135	0.12138	3.0961	-21.849	-297.14	-17.483	-30.228	60.146	-21.259	65.742	16.667	15.663	8.9967	-32.935	-13.878	-3.5799	18.472
-4.2809	-7.4615	-2.4121	0.1755	7.0587	-0.15066	2.0772	3.6669	0.77109	0.92819	-4.4916	0.40365	0.56558	1.1574	-32.329	-809.47	-91.269	188.38	-109.81	119.96	227.96	42.449	-36.877	-58.202	-128.41	19.871	17.768	-77.551
-5.3456	-12.368	-1.833	4.547	4.1483	1.1671	4.2883	3.0698	0.13261	0.14054	-4.908	0.79936	0.094938	-0.27188	-42.589	-196.28	23.167	174.86	-116.42	52.712	88.444	-23.884	-25.539	-31.506	-16.655	15.828	-18.826	-57.17
-5.4416	-18.057	-1.4061	4.2132	6.3005	2.9207	2.9283	3.9066	1.123	-0.54003	-4.9837	-0.45543	0.46828	0.098782	-3.8418	-227.53	17.076	-13.352	86.088	70.142	-54.398	33.474	39.617	-27.223	-3.0269	-50.192	14.933	14.827
-5.6291	-22.177	-2.3768	4.2369	9.202	1.2001	1.9357	5.4736	2.0361	-0.34602	-5.872	-0.67369	-0.17476	1.41	-7.4989	-164.79	-38.83	0.94954	116.06	-68.823	-39.703	62.679	36.525	7.7603	-35.533	-8.7305	-25.722	52.447
-5.8421	-18.305	-6.2432	4.1203	9.9551	-0.86594	1.2133	3.9085	2.0568	0.28555	-3.4702	-0.55547	-1.357	2.2836	-8.5187	154.84	-154.65	-4.665	30.121	-82.641	-28.897	-62.607	0.82745	25.263	96.074	4.7289	-47.291	34.945
-6.0129	-11.485	-11.076	4.7529	8.5822	-2.5536	-0.13815	2.8897	1.3475	-0.58434	-3.3506	-0.060276	-0.63978	2.1911	-6.8339	272.8	-193.3	25.305	-54.914	-67.506	-54.057	-40.752	-28.372	-34.796	4.7815	19.808	28.691	-3.6988
-5.5429	-2.7813	-18.356	5.7682	5.9542	-0.54834	0.91348	1.7828	1.4422	-3.4089	-1.6754	0.46827	-0.8608	1.0718	18.803	348.16	-291.22	40.609	-105.12	80.21	42.065	-44.273	3.7871	-112.98	67.009	21.142	-8.8407	-44.771
-4.9079	0.4013	-23.624	6.4688	7.6395	2.5754	0.38492	0.88657	0.44702	-2.62	-1.2252	0.73905	-2.3926	1.3333	25.398	127.31	-210.71	28.024	67.411	124.95	-21.143	-35.85	-39.808	31.556	18.01	10.831	-61.273	10.459
-4.1755	3.5688	-25.11	6.1192	9.5563	2.9308	-0.47558	1.6072	-0.31232	-3.3126	-0.98988	1.2696	-3.0292	1.2439	29.295	126.7	-59.451	-13.982	76.672	14.215	-34.42	28.826	-30.374	-27.703	9.4114	21.221	-25.462	-3.5777
-3.9487	9.8107	-22.569	7.1545	10.152	3.2351	-0.92233	0.041972	0.44847	-4.743	-0.0023094	1.2526	-3.1204	1.0154	9.0751	249.67	101.65	41.412	23.82	12.173	-17.87	-62.61	30.432	-57.215	39.503	-0.67928	-3.6497	-9.1385
-3.9274	14.152	-15.321	5.3979	9.6858	2.1608	-0.38862	-1.1188	0.11074	-3.0963	-0.93353	-0.066461	-2.2103	0.9527	0.85042	173.65	289.9	-70.266	-18.638	-42.972	21.348	-46.43	-13.509	65.867	-37.249	-52.762	36.403	-2.5089
-3.6347	16.092	-8.7177	2.5155	10.93	1.0141	-1.3002	0.077307	-1.3821	-1.6065	-1.1015	-0.96119	-1.0231	0.59853	11.707	77.596	264.15	-115.3	49.77	-45.869	-36.462	47.843	-59.712	59.592	-6.7201	-35.789	47.489	-14.167
-3.2051	17.546	-5.6286	0.58359	12.625	0.99407	-1.2307	-0.42023	-0.46971	-0.59697	-2.021	-1.1306	-1.7984	0.31666	17.186	58.172	123.57	-77.277	67.784	-0.80034	2.7802	-19.902	36.494	40.383	-36.778	-6.7768	-31.011	-11.275
-3.2358	18.482	-4.5304	0.20351	11.857	0.53779	-0.79629	-0.7441	-0.95427	-0.30897	-2.0187	-0.93578	-1.4476	1.4429	-1.2285	37.447	43.926	-15.203	-30.723	-18.251	17.375	-12.955	-19.382	11.52	0.09189	7.7934	14.029	45.051
-3.5683	15.562	-6.4022	1.5577	10.5	1.1855	-2.1397	-1.8734	0.30604	-0.19005	-0.55413	-1.4032	-1.2024	2.0477	-13.302	-116.82	-74.868	54.168	-54.266	25.909	-53.738	-45.172	50.413	4.7568	58.582	-18.696	9.8082	24.192
-4.0544	7.1306	-2.4425	-2.8984	12.117	-0.66671	-3.2093	-0.88374	-0.33135	2.0801	-2.2436	0.061293	-1.9445	1.8587	-19.441	-337.24	158.38	-178.25	64.663	-74.089	-42.782	39.586	-25.496	90.807	-67.578	58.579	-29.683	-7.5606
-4.5392	-1.9057	-0.99106	-3.7835	10.681	0.50345	-4.0763	0.46874	0.23366	2.0396	-2.6593	0.61444	-1.8794	0.82074	-19.392	-361.45	58.059	-35.402	-57.419	46.806	-34.683	54.099	22.601	-1.6228	-16.627	22.126	2.6054	-41.519
-4.6426	-6.4809	-1.6107	-4.16	8.5931	3.2012	-3.0898	1.2353	0.65466	2.1185	-1.8562	0.65021	-1.3155	-0.036345	-4.1386	-183.01	-24.788	-15.059	-83.52	107.91	39.462	30.661	16.84	3.1583	32.123	1.4307	22.557	-34.283
-4.2158	1.7454	0.53629	-5.4111	8.1913	2.1884	-4.2698	0.74075	0.035363	2.0449	-1.5215	0.75467	-0.91013	-0.12851	17.075	329.05	85.881	-50.045	-16.072	-40.514	-47.202	-19.781	-24.772	-2.9437	13.39	4.1783	16.213	-3.6866
-3.5582	11.012	0.98671	-5.9819	7.9374	1.0714	-4.6987	0.32007	-1.0601	3.0247	-0.30965	0.80084	0.19391	0.40644	26.301	370.66	18.017	-22.833	-10.155	-44.68	-17.154	-16.827	-43.82	39.19	48.472	1.8467	44.162	21.398
-3.1055	17.406	1.0626	-7.0847	7.5793	-0.20349	-4.05	-0.15161	-0.27799	3.7071	0.042338	0.98857	1.1068	0.20669	18.11	255.77	3.0347	-44.111	-14.323	-50.994	25.947	-18.867	31.286	27.298	14.08	7.5093	36.516	-7.9899
-2.8823	20.768	0.6148	-5.9631	6.0728	-0.039834	-4.3609	-0.6865	0.14455	3.5494	0.98129	0.61406	1.7456	0.52558	8.926	134.48	-17.911	44.864	-60.26	6.5461	-12.437	-21.395	16.902	-6.3102	37.558	-14.98	25.552	12.755
-2.5638	23.76	1.5849	-7.2721	5.2438	0.54837	-4.6129	0.059519	0.59046	2.73	1.6718	-0.3824	1.3434	1.1475	12.741	119.66	38.804	-52.36	-33.159	23.528	-10.079	29.841	17.837	-32.776	27.621	-39.858	-16.089	24.876
-2.4036	21.648	3.3099	-7.6174	4.7689	1.1196	-5.3907	0.44077	1.1391	2.6809	2.6061	-1.779	2.4286	0.93042	6.41	-84.46	69	-13.813	-18.996	22.85	-31.11	15.25	21.946	-1.9635	37.371	-55.864	43.409	-8.682
-2.4538	23.036	2.7217	-8.3319	5.0021	0.71559	-4.022	0.68609	-0.020718	3.3343	1.5672	-0.91557	2.6254	0.62826	-2.0095	55.495	-23.526	-28.578	9.3275	-16.161	54.748	9.8125	-46.393	26.137	-41.553	34.538	7.8687	-12.086
-2.435	21.386	3.1027	-9.4621	6.1633	0.32482	-3.7071	0.3513	0.049728	4.1666	0.82204	-0.40052	1.5469	1.4639	0.75083	-65.993	15.238	-45.211	46.447	-15.631	12.594	-13.391	2.8178	33.292	-29.808	20.602	-43.136	33.427
-2.488	20.557	2.0303	-8.5168	6.6657	0.10499	-3.6212	-0.36151	0.68604	4.3754	0.23332	-0.56651	2.1242	1.2949	-2.1179	-33.157	-42.897	37.815	20.098	-8.793	3.439	-28.512	25.453	8.3518	-23.549	-6.6397	23.088	-6.76
-2.5522	18.431	1.8841	-7.9134	7.3131	-0.30474	-4.3495	0.44359	0.50649	4.6408	-0.8293	0.51034	1.7323	1.949	-2.57	-85.046	-5.8472	24.135	25.896	-16.389	-29.134	32.204	-7.1822	10.617	-42.505	43.074	-15.675	26.161
-2.7064	18.217	0.31207	-6.9646	7.6432	-0.47324	-4.2109	0.77945	0.88642	4.6533	-1.8515	0.98681	1.8447	1.9787	-6.1678	-8.5572	-62.88	37.951	13.201	-6.7398	5.5426	13.434	15.197	0.50075	-40.888	19.058	4.4966	1.1874
-2.9803	14.335	-0.65589	-4.3866	7.7645	-0.23412	-5.2394	1.5546	1.29	4.4877	-2.0439	1.3379	2.1189	1.7267	-10.957	-155.25	-38.718	103.12	4.8542	9.5648	-41.139	31.006	16.143	-6.6269	-7.6951	14.043	10.97	-10.079
-3.4845	8.885	-1.0484	-3.651	8.8434	1.0206	-6.578	2.6555	1.6138	3.7117	-1.581	1.4356	1.8513	1.4589	-20.167	-218.02	-15.699	29.426	43.154	50.188	-53.543	44.036	12.952	-31.037	18.514	3.909	-10.704	-10.713
-3.8218	5.5692	1.2876	-5.265	10.221	0.21125	-7.199	4.2898	0.98184	3.7287	-2.6147	0.98594	2.756	0.36555	-13.493	-132.63	93.44	-64.559	55.114	-32.373	-24.842	65.374	-25.279	0.67999	-41.349	-17.986	36.186	-43.733
-4.4713	-3.4879	1.1021	-4.4623	9.3473	0.12364	-4.5835	2.4017	1.4203	1.9433	-3.5548	1.4761	2.2001	-0.091366	-25.981	-362.28	-7.4217	32.108	-34.957	-3.5044	104.62	-75.524	17.539	-71.419	-37.602	19.605	-22.235	-18.277
-5.6772	-24.078	1.7254	4.7571	3.0575	3.3719	1.1749	1.7331	3.1868	0.44259	-6.1852	3.7332	1.7631	-2.6389	-48.233	-823.62	24.932	368.77	-251.59	129.93	230.34	-26.746	70.658	-60.026	-105.21	90.287	-17.479	-101.9
-5.748	-25.748	2.6578	6.5356	2.5114	3.4702	0.16745	2.9543	2.8119	0.040757	-6.66	2.848	1.0423	-2.541	-2.8335	-66.763	37.297	71.14	-21.842	3.9328	-40.296	48.849	-14.995	-16.073	-18.993	-35.41	-28.831	3.9156
-5.8313	-30.447	3.6794	6.079	3.6006	3.7139	0.96693	1.9175	3.8165	-0.59056	-6.7939	2.0787	1.5728	-2.6541	-3.3317	-187.99	40.864	-18.264	43.567	9.7444	31.979	-41.474	40.185	-25.253	-5.3571	-30.771	21.22	-4.5253
-6.0889	-34.967	2.7013	7.5477	4.7187	4.2718	0.71337	1.4936	3.3423	-0.179	-6.4606	1.6376	0.90633	-1.4233	-10.305	-180.81	-39.122	58.749	44.723	22.317	-10.142	-16.957	-18.97	16.463	13.331	-17.642	-26.66	49.235
-6.4626	-36.86	1.4446	6.5379	6.3186	3.3274	2.6829	-0.033125	4.1717	-2.0364	-4.8094	0.97029	-1.0479	0.23395	-14.945	-75.722	-50.27	-40.392	63.998	-37.773	78.782	-61.067	33.176	-74.295	66.05	-26.694	-78.169	66.289
-6.9339	-41.445	0.18506	6.1485	8.8942	3.7184	0.11946	-0.35491	2.2768	-0.08213	-4.0107	0.35679	-2.3933	0.88791	-18.854	-183.37	-50.381	-15.578	103.02	15.638	-102.54	-12.872	-75.797	78.169	31.948	-24.54	-53.815	26.158
-5.388	-12.334	-1.0728	-1.6656	2.8293	-0.25013	-2.7476	2.9082	1.234	1.2918	-3.6491	1.0096	-0.16135	-1.2718	61.835	1164.4	-50.314	-312.56	-242.59	-158.74	-114.68	130.52	-41.712	54.956	14.464	26.111	89.276	-86.39
-4.218	4.3955	0.689	-1.4436	5.2322	1.2661	-2.8789	0.41618	0.10453	1.545	-4.5378	0.012305	0.61971	-0.97716	46.8	669.17	70.471	8.8799	96.115	60.649	-5.251	-99.679	-45.177	10.127	-35.55	-39.89	31.243	11.787
-3.3304	8.3631	1.8529	-1.6998	9.5523	3.897	-2.8122	-2.0186	-2.9826	3.4945	-4.7918	-0.38111	0.48055	-0.87565	35.506	158.71	46.556	-10.249	172.8	105.24	2.6679	-97.391	-123.49	77.982	-10.16	-15.736	-5.5663	4.0602
-3.0811	13.506	5.6862	-4.8728	7.8224	3.6893	-0.6855	-2.428	-5.1398	5.3064	-4.2213	-1.5415	0.86174	-1.3255	9.9706	205.73	153.33	-126.92	-69.195	-8.3088	85.066	-16.376	-86.288	72.476	22.822	-46.416	15.248	-17.994
-3.4557	6.1393	8.1672	-3.2049	3.9075	1.9637	3.6609	-3.7143	-5.7005	2.4077	-1.0332	-1.1825	-0.48589	-1.024	-14.984	-294.69	99.24	66.719	-156.6	-69.023	173.85	-51.453	-22.427	-115.95	127.52	14.361	-53.905	12.059
-5.2015	-26.869	6.1505	1.8838	-0.59354	-2.1267	3.63	-1.3052	-2.1515	-1.3368	-2.2722	0.0025658	0.73154	0.73961	-69.832	-1320.3	-80.668	203.55	-180.04	-163.62	-1.2334	96.365	141.96	-149.78	-49.561	47.402	48.697	70.545
-8.5375	-71.995	1.2044	8.549	0.88704	2.6725	3.8376	3.3439	0.30685	0.32241	0.2242	-0.37541	-2.0625	-0.18299	-133.44	-1805	-197.84	266.6	59.223	191.97	8.3023	185.97	98.332	66.367	99.856	-15.119	-111.76	-36.904
-10.461	-84.208	-8.0911	6.395	1.0742	4.355	4.6303	3.4886	1.2192	-1.39	-0.28862	-0.13215	-1.8947	0.96475	-76.95	-488.51	-371.82	-86.16	7.4875	67.301	31.708	5.7876	36.495	-68.495	-20.513	9.7302	6.714	45.91
-12.998	-91.777	-14.153	1.8394	-2.8197	0.36645	0.94249	2.4362	1.1418	-0.37478	1.6141	0.60685	-1.4815	0.50126	-101.47	-302.76	-242.48	-182.22	-155.76	-159.54	-147.51	-42.099	-3.0975	40.608	76.108	29.56	16.526	-18.54
-13.062	-90.445	-14.892	2.3618	-2.3466	1.2658	2.9192	4.2182	0.46072	-2.0839	-0.35884	0.054961	-2.4796	0.10982	-2.5459	53.257	-29.57	20.897	18.924	35.974	79.069	71.282	-27.242	-68.366	-78.917	-22.075	-39.923	-15.658
-12.519	-86.99	-14.021	0.014506	-3.9795	1.4633	4.2852	5.2622	-0.78528	-1.9843	0.18841	1.1807	0.25869	1.1772	21.719	138.19	34.863	-93.891	-65.318	7.8982	54.637	41.761	-49.84	3.9848	21.89	45.031	109.53	42.694
-11.496	-73.838	-13.31	-1.2604	-6.333	-0.53737	4.8395	4.9667	-1.3243	-2.9873	-0.12603	0.40239	-1.1071	-0.59056	40.913	526.11	28.41	-50.996	-94.139	-80.025	22.176	-11.823	-21.561	-40.121	-12.577	-31.134	-54.632	-70.709
-7.3729	-33.712	-8.7555	-0.74735	0.13078	-2.382	2.361	-0.10636	-1.5183	-0.99257	-0.25649	1.4405	-0.61467	0.46772	164.91	1605	182.2	20.522	258.55	-73.787	-99.14	-202.92	-7.7604	79.791	-5.2186	41.523	19.697	42.331
-6.9037	-4.1402	-8.5613	-1.158	0.15708	-3.0949	2.0915	-1.0014	-1.1304	-0.80919	0.6321	1.3305	-0.39876	1.0371	18.768	1182.9	7.7695	-16.424	1.0519	-28.513	-10.782	-35.803	15.516	7.3348	35.544	-4.4008	8.6367	22.775
-5.5594	-18.797	1.5744	-0.32494	-7.1446	-3.8546	1.8251	0.75931	2.5586	-0.5776	0.99467	-1.1622	-1.0639	1.3517	53.773	-586.26	405.43	33.32	-292.07	-30.387	-10.656	70.43	147.56	9.264	14.503	-99.705	-26.606	12.582
-4.0674	-18.378	9.6495	1.9086	-9.8411	-4.0331	1.2287	-1.5816	2.2468	-0.58204	3.1589	-5.1544	0.56645	1.4978	59.68	16.766	323.01	89.342	-107.86	-7.1405	-23.858	-93.636	-12.471	-0.17762	86.57	-159.69	65.214	5.8458
-1.7669	-7.1823	17.137	1.8954	-11.822	-6.26	-0.28628	-0.23317	0.8531	-1.5306	3.7552	-2.2079	2.4912	2.0046	92.019	447.81	299.5	-0.52769	-79.247	-89.076	-60.597	53.937	-55.748	-37.941	23.851	117.86	76.991	20.27
-0.90928	12.123	19.209	-1.4511	-11.795	-6.0203	1.4305	-1.0625	0.41104	-2.0808	2.8308	-4.4714	3.1371	1.4193	34.305	772.2	82.891	-133.86	1.0925	9.5873	68.673	-33.173	-17.682	-22.01	-36.978	-90.542	25.835	-23.412
-0.27491	23.395	15.721	-5.5117	-8.6445	-7.5182	1.7242	-0.86804	-2.1786	-0.57458	3.794	-4.386	4.4543	1.6804	25.375	450.9	-139.52	-162.43	126.02	-59.918	11.748	7.7778	-103.59	60.248	38.53	3.4152	52.689	10.446
0.021599	33.11	12.409	-6.3163	-7.962	-7.5689	2.4397	-1.3849	-2.5922	-0.35277	3.9328	-4.5415	5.034	1.6053	11.86	388.59	-132.48	-32.182	27.297	-2.0275	28.618	-20.675	-16.544	8.8725	5.5512	-6.217	23.186	-3.0042
-0.028803	34.102	11.609	-7.1345	-6.8493	-6.774	3.0981	-1.2681	-4.2666	-0.41623	4.3706	-3.6394	5.2589	1.0346	-2.0161	39.702	-32.027	-32.73	44.509	31.798	26.336	4.6729	-66.975	-2.5381	17.514	36.082	8.9963	-22.83
-0.19221	31.494	11.497	-8.1406	-7.1941	-5.8065	3.255	-2.0292	-4.9162	-0.22379	4.6692	-3.0858	4.5681	0.71686	-6.5363	-104.35	-4.483	-40.243	-13.791	38.699	6.2777	-30.444	-25.983	7.6974	11.941	22.143	-27.634	-12.709
-0.75351	23.235	11.9	-8.0537	-9.014	-4.1516	3.1389	-3.2221	-5.0636	-0.42943	5.697	-2.0935	3.8755	1.1455	-22.452	-330.36	16.157	3.4778	-72.796	66.196	-4.6446	-47.716	-5.8973	-8.2258	41.112	39.691	-27.701	17.144
-1.6287	6.941	14.009	-5.8159	-11.502	-0.89562	1.8542	-5.3617	-3.7064	0.15201	5.2095	-1.6644	2.733	0.87329	-35.007	-651.74	84.326	89.511	-99.517	130.24	-51.39	-85.586	54.287	23.258	-19.5	17.167	-45.703	-10.887
-2.6632	-0.32783	14.069	-3.5753	-10.471	-1.1053	0.16142	-3.654	-3.4251	0.56853	5.6412	-0.61051	0.70167	1.1802	-41.382	-290.75	2.409	89.622	41.222	-8.3855	-67.709	68.309	11.253	16.661	17.268	42.154	-81.252	12.278
-3.0547	-1.9365	10.042	-2.5111	-12.201	2.0005	-0.18828	-2.6855	-4.9188	-1.4753	4.7476	0.19835	1.4637	0.48917	-15.657	-64.348	-161.08	42.571	-69.196	124.23	-13.988	38.739	-59.749	-81.755	-35.743	32.355	30.483	-27.643
-4.017	-10.158	11.301	-1.8724	-12.112	0.44665	1.4345	-0.70319	-4.9992	-0.035899	4.7144	-1.0527	1.1072	0.42146	-38.495	-328.85	50.353	25.548	3.5642	-62.152	64.91	79.294	-3.2139	57.577	-1.3281	-50.043	-14.26	-2.7083
-5.1291	-28.493	11.676	2.4634	-11.602	-0.43612	1.3338	-0.48173	-6.1275	-1.4061	4.1792	-0.4499	1.3185	1.4824	-44.484	-733.43	15.031	173.43	20.419	-35.311	-4.0261	8.8583	-45.134	-54.808	-21.406	24.113	8.4523	42.438
-6.8903	-40.042	9.6516	3.5255	-10.554	-0.70256	0.99636	-0.6432	-2.6772	-2.0429	1.8147	-1.2517	-0.07891	3.1024	-70.445	-461.93	-80.994	42.484	41.896	-10.657	-13.498	-6.4589	138.01	-25.473	-94.582	-32.072	-55.898	64.797
-7.7964	-47.64	6.6532	4.6292	-7.3717	4.4423	4.6579	0.055292	-2.0792	-1.3061	0.20023	-1.0047	-0.76402	2.4029	-36.246	-303.94	-119.93	44.147	127.3	205.79	146.46	27.94	23.92	29.473	-64.579	9.8786	-27.404	-27.978
-8.1819	-46.697	7.7245	3.4579	-8.3021	5.9483	5.3218	0.68969	-1.495	-1.5572	-0.059221	-1.9685	-0.62694	2.1224	-15.421	37.711	42.853	-46.851	-37.213	60.239	26.559	25.376	23.368	-10.046	-10.378	-38.552	5.4832	-11.219
-8.8285	-55.922	1.6485	9.8803	-4.3248	6.4662	4.4759	1.1452	-2.5318	-1.0036	1.0842	-3.8682	-1.2092	1.8024	-25.863	-368.97	-243.04	256.9	159.09	20.717	-33.836	18.219	-41.472	22.146	45.735	-75.987	-23.29	-12.8
-8.5872	-56.713	-0.23529	8.8129	-5.2776	5.1676	5.7219	1.6183	-1.9752	-1.01	1.9065	-2.6613	0.34308	0.17861	9.6544	-31.667	-75.351	-42.696	-38.113	-51.942	49.838	18.924	22.264	-0.25664	32.896	48.276	62.09	-64.953
-8.6085	-48.852	7.37	5.6067	-7.3362	3.2001	5.6034	-0.76121	-2.4876	-1.883	1.1765	-1.6015	-1.6159	1.2719	-0.85388	314.45	304.21	-128.25	-82.343	-78.702	-4.7382	-95.179	-20.496	-34.922	-29.201	42.394	-78.359	43.73
-8.1535	-47.525	4.0309	7.3278	-8.4927	4.1812	5.245	0.35759	-2.5324	-0.88954	1.5125	-2.896	-0.2231	1.266	18.201	53.079	-133.56	68.842	-46.261	39.246	-14.336	44.752	-1.7936	39.74	13.44	-51.78	55.712	-0.23665
-7.6583	-37.723	2.6395	1.4107	-9.3511	5.0786	5.5761	1.4602	-2.7628	0.57008	-0.5533	-1.5333	-0.66996	2.5633	19.805	392.1	-55.658	-236.68	-34.336	35.893	13.241	44.105	-9.2156	58.385	-82.633	54.508	-17.874	51.895
-6.6413	-30.551	7.8315	5.1744	-10.512	2.4958	3.1743	-1.4337	-2.9287	1.342	-0.12619	-0.48885	-0.66565	0.96785	40.683	286.88	207.68	150.55	-46.421	-103.31	-96.07	-115.76	-6.6349	30.878	17.084	41.777	0.17251	-63.819
-5.4004	-18.371	8.1782	-1.0913	-9.2549	3.1985	0.88804	-1.9055	-2.2214	1.5294	3.2871	-0.19682	-1.19	0.35902	49.637	487.19	13.865	-250.63	50.269	28.105	-91.451	-18.872	28.292	7.4935	136.53	11.681	-20.976	-24.353
-4.7181	-11.399	7.7677	-1.8188	-7.8936	4.112	-0.9989	-2.6811	-0.44927	0.98836	4.9609	-0.99895	-2.4412	1.1503	27.289	278.88	-16.42	-29.103	54.453	36.543	-75.478	-31.025	70.886	-21.64	66.954	-32.085	-50.046	31.652
-4.7149	-5.574	7.1288	-2.2364	-6.3105	3.8133	-3.9715	-1.9191	1.1357	0.018872	4.9141	-1.7603	-1.6809	0.48835	0.13108	232.99	-25.556	-16.701	63.324	-11.949	-118.91	30.478	63.4	-38.78	-1.8727	-30.456	30.411	-26.479
-4.665	-4.1139	5.0298	0.98811	-7.908	4.0724	-3.9317	-0.047048	0.63089	-0.50525	4.0222	-1.1984	-3.0188	0.48027	1.9959	58.406	-83.957	128.98	-63.9	10.365	1.5918	74.884	-20.194	-20.965	-35.676	22.479	-53.515	-0.32322
-5.0076	-10.364	2.9862	3.3796	-8.4609	4.0726	-2.1718	0.87072	0.84565	-1.1941	5.5069	-0.6144	-2.473	-0.21199	-13.706	-249.99	-81.747	95.661	-22.117	0.0069272	70.396	36.711	8.5907	-27.555	59.39	23.359	21.831	-27.69
-5.88	-11.511	2.0728	5.034	-9.4853	4.2727	-1.9071	0.16928	0.83536	-1.6827	5.1538	1.9575	-2.1961	-0.87263	-34.897	-45.91	-36.535	66.175	-40.975	8.0048	10.59	-28.057	-0.41161	-19.544	-14.127	102.87	11.075	-26.425
-6.6013	-28.589	2.3579	5.9827	-9.3788	4.0092	-0.32257	-1.3877	3.1697	-1.8023	2.3188	2.1403	-0.77512	-1.0689	-28.851	-683.08	11.406	37.947	4.2611	-10.54	63.38	-62.28	93.372	-4.7841	-113.4	7.312	56.84	-7.8491
-7.6196	-49.944	3.6175	8.7201	-1.0512	4.4124	1.8449	1.7109	0.29073	-4.0526	-1.0033	2.8403	-1.6356	-2.033	-40.73	-854.22	50.384	109.5	333.1	16.128	86.7	123.95	-115.16	-90.011	-132.88	28.002	-34.42	-38.567
-8.2104	-48.182	2.6231	6.6312	-2.037	3.9031	1.4535	3.1211	1.5963	-5.7507	-1.8178	2.9974	-1.2241	-2.4755	-23.635	70.489	-39.775	-83.555	-39.434	-20.374	-15.657	56.407	52.224	-67.925	-32.578	6.2839	16.461	-17.699
-8.8488	-50.66	-2.5289	8.7642	0.28779	6.0357	2.9294	1.0412	0.93773	-4.4317	-1.657	1.9093	0.09688	-2.0434	-25.536	-99.105	-206.08	85.321	92.993	85.305	59.034	-83.195	-26.344	52.76	6.4293	-43.525	52.839	17.285
-9.3527	-58.363	-8.3762	5.9572	0.10047	4.2714	1.5019	2.6751	2.5423	-3.1753	0.2662	2.1445	-0.53683	-1.732	-20.155	-308.13	-233.89	-112.28	-7.4927	-70.571	-57.098	65.357	64.181	50.257	76.929	9.4087	-25.348	12.455
-10.752	-64.084	-9.5401	6.4351	-0.3255	3.5877	-0.52672	2.5866	2.0748	-4.6095	-1.3312	0.049061	-0.6848	-2.1657	-55.956	-228.84	-46.554	19.114	-17.039	-27.351	-81.146	-3.5438	-18.7	-57.367	-63.895	-83.817	-5.9189	-17.348
-10.734	-58.685	-12.592	4.6857	1.1478	-0.5117	2.5114	1.5319	-0.79271	-3.0958	0.77447	0.49938	-1.5045	-0.96898	0.70221	215.97	-122.07	-69.972	58.933	-163.97	121.53	-42.185	-114.7	60.546	84.226	18.013	-32.789	47.87
-9.0199	-51.463	-18.623	1.5775	-3.2785	-3.2254	3.1257	2.7028	1.9387	-0.7366	0.15581	0.089939	-3.2796	0.45284	68.565	288.88	-241.27	-124.33	-177.05	-108.55	24.57	46.836	109.26	94.369	-24.746	-16.378	-71.002	56.873
-6.4874	-41.014	-25.156	10.103	-5.7734	0.12633	6.0087	1.2983	1.9245	-2.7171	0.035099	-0.85921	-2.3655	0.75839	101.3	417.95	-261.29	341.01	-99.795	134.07	115.32	-56.182	-0.56516	-79.219	-4.8285	-37.966	36.563	12.222
-4.7213	-25.067	-28.413	13.527	-3.0049	0.2292	5.5037	1.0144	2.8736	-3.3611	-0.59745	-1.2384	-1.441	1.3423	70.644	637.88	-130.29	136.97	110.74	4.1146	-20.2	-11.354	37.961	-25.76	-25.302	-15.166	36.981	23.357
-3.7846	-18.205	-33.232	12.059	-4.036	-1.602	5.1546	-0.64975	3.1713	-2.2468	-1.0077	0.44304	-1.1742	0.84537	37.47	274.47	-192.77	-58.727	-41.242	-73.247	-13.963	-66.568	11.908	44.571	-16.408	67.256	10.672	-19.878
-3.178	-11.091	-33.097	11.124	-5.5175	-4.3553	6.6799	-1.0528	-0.19016	-1.3832	1.589	1.4217	-1.1827	-0.295	24.263	284.57	5.4232	-37.378	-59.261	-110.13	61.01	-16.121	-134.46	34.545	103.87	39.146	-0.34261	-45.615
-2.5712	-4.7379	-30.141	13.953	-1.593	-2.2609	7.4402	-2.3369	1.5426	-2.2567	0.11697	0.8115	-0.93728	0.46159	24.273	254.12	118.21	113.16	156.98	83.774	30.412	-51.364	69.312	-34.941	-58.882	-24.408	9.8188	30.264
-1.9534	-1.5831	-31.25	12.226	-2.7963	-3.6155	7.4849	-2.4852	2.0751	-1.3601	-0.44823	0.3709	-0.50619	0.59506	24.711	126.19	-44.343	-69.098	-48.13	-54.184	1.7899	-5.9329	21.298	35.862	-22.608	-17.624	17.244	5.3386
-1.7585	2.2658	-30.208	13.458	-0.92373	-2.9951	7.6541	-2.2997	2.0997	-2.0217	0.27607	1.4659	-0.86139	0.47596	7.7957	153.96	41.694	49.266	74.902	24.818	6.7683	7.4173	0.98623	-26.462	28.972	43.799	-14.208	-4.764
-1.9812	4.1116	-29.999	13.628	-0.76979	-4.1471	7.4421	-1.0497	1.6108	-1.5076	0.60528	1.0263	-0.97433	0.21093	-8.9075	73.833	8.3363	6.8365	6.1573	-46.082	-8.4833	50.002	-19.559	20.563	13.168	-17.583	-4.5175	-10.601
-1.9505	-2.0194	-32.979	12.392	-0.22832	-2.9682	6.6673	-0.50443	0.88239	-0.51305	-0.18162	-0.15849	-0.035402	0.21115	1.2261	-245.24	-119.21	-49.46	21.659	47.156	-30.99	21.811	-29.135	39.782	-31.476	-47.392	37.557	0.0086365
-2.292	2.3363	-29.883	12.934	-2.0076	-3.7992	8.1692	-1.6487	0.9232	-0.40445	-0.214	0.79817	-0.25762	0.77596	-13.658	174.23	123.85	21.682	-71.171	-33.239	60.076	-45.77	1.6322	4.3439	-1.2952	38.267	-8.8887	22.592
-2.2888	4.1855	-28.506	12.027	-0.3738	-3.3518	6.794	-1.059	0.74724	-0.74881	-0.83523	-0.04419	0.23235	0.5289	0.12548	73.971	55.068	-36.293	65.352	17.894	-55.007	23.587	-7.0382	-13.774	-24.849	-33.695	19.599	-9.8824
-1.73	-1.0698	-32.561	9.3275	-0.84038	-5.041	6.0162	-3.2874	-1.433	-2.1559	0.19785	0.54634	-0.97003	0.39694	22.355	-210.21	-162.18	-107.97	-18.663	-67.565	-31.115	-89.135	-87.211	-56.283	41.323	23.621	-48.095	-5.2785
-1.6844	0.19209	-31.166	8.6071	-3.3651	-4.4277	7.0372	-2.4934	2.0927	-2.0544	0.80168	1.1397	-0.39597	1.7001	1.8233	50.476	55.805	-28.817	-100.99	24.533	40.841	31.76	141.03	4.0585	24.153	23.732	22.962	52.128
-1.479	7.5622	-26.212	11.827	-0.84468	-2.2672	6.9608	-1.8219	1.7805	-0.98316	-0.23455	0.64491	-0.69955	1.1981	8.2141	294.81	198.16	128.79	100.82	86.42	-3.0558	26.858	-12.489	42.85	-41.449	-19.79	-12.143	-20.08
-1.2397	0.65602	-34.05	6.8097	-1.7056	-3.0794	6.7614	-2.8803	0.73593	-2.8119	0.67909	1.7986	-2.5886	1.0598	9.5714	-276.25	-313.53	-200.69	-34.439	-32.489	-7.976	-42.334	-41.784	-73.15	36.545	46.148	-75.56	-5.5334
-1.5101	2.6601	-26.225	10.822	-0.97157	-3.9818	6.6257	-2.9557	0.2416	-1.2562	1.5587	1.7915	-2.996	2.9425	-10.814	80.163	312.99	160.51	29.363	-36.096	-5.4278	-3.0156	-19.773	62.228	35.185	-0.28512	-16.296	75.31
-3.5134	-1.1001	-26.287	9.4793	-1.5103	-4.2728	4.4772	-1.6842	0.19268	-1.1497	2.066	0.32604	-1.9213	2.3649	-80.134	-150.41	-2.4868	-53.722	-21.548	-11.64	-85.939	50.86	-1.9569	4.2596	20.291	-58.618	42.988	-23.104
-3.7691	0.97405	-25.496	6.9233	-4.4013	-6.1801	4.266	-2.5941	0.31552	-2.2062	-0.6045	0.15947	-1.735	2.0408	-10.224	82.968	31.652	-102.24	-115.64	-76.29	-8.4499	-36.396	4.9136	-42.259	-106.82	-6.6631	7.4487	-12.965
-4.0823	-2.5089	-24.658	5.1975	-3.569	-4.7633	5.7321	-1.6399	0.56919	-2.696	-0.21567	1.5513	-1.4337	0.7045	-12.528	-139.32	33.542	-69.03	33.292	56.671	58.645	38.166	10.147	-19.594	15.553	55.673	12.052	-53.453
-4.9431	-1.6283	-18.5	3.298	-3.3417	-5.0046	3.6561	-2.1153	1.4419	-1.2574	-1.0579	1.7548	-1.6464	0.099677	-34.434	35.222	246.3	-75.983	9.0924	-9.6521	-83.041	-19.015	34.908	57.545	-33.691	8.1413	-8.5077	-24.193
