-6.24647435897436 -6.01961717948718 2.84401035897436 0.658613333333333 -0.12834717948718 -0.122928717948718 -0.0415307692307693 0.534254948717949 0.516486871794872 -0.27404717948718 0.0104864615384616 -0.502541897435897 0.455472692307692 -0.229498226666667 -21.7742588717949 -338.896666666667 -64.4625128205128 54.4850769230769 58.1929384615385 20.7395102564103 -19.6610066666667 -7.11405230769231 34.3925084615385 1.14452564102564 -8.97493179487179 -5.18573846153846 14.8489556410256 -8.86059205128205
-4.98585423728813 4.31906118644068 7.25714983050847 0.182101186440678 -1.71767428813559 -0.567305881355932 -0.787229152542373 0.00323710169491533 -0.312994881355932 0.253432610169492 0.0406066440677966 0.00296871186440677 -0.0823187457627118 -0.0270467849152543 -10.2262550847458 -132.758610169492 -40.2622271186441 56.3345084745763 39.2061828135593 -11.3831118644068 -8.87325762711864 12.5573444067797 -5.70525186440678 -2.74601016949153 -4.86284694915254 0.517702711864407 -2.09975932203389 -0.475743389830509
-7.0578 -2.6255 -7.23403076923077 1.64645923076923 -2.88061638461538 1.91509076923077 0.291234846153846 -0.226586153846154 -0.561776923076923 -0.157699615384615 0.610173076923077 0.235908446153846 0.256900538461538 -0.0501724615384615 21.7299230769231 511.01 -247.461615384615 -12.8531153846154 -92.9281307692308 25.2414076923077 -38.4321 -32.4904846153846 -3.23013423076923 18.4264769230769 20.1907692307692 -4.7658 13.5153638461538 -3.28673846153846
-4.97674285714286 5.34145857142857 7.67432380952381 -1.04646476190476 -0.705424190476191 -2.30602914285714 -1.24477095238095 0.194763333333333 0.417116666666667 0.457040476190476 -0.393634571428571 0.122431428571429 0.295142952380952 -0.200625914285714 25.0339619047619 364.990952380952 41.0092238095238 -139.317923809524 -49.8853047619047 -3.71912380952381 10.183079047619 -13.2221523809524 -1.13323333333333 -10.4574761904762 -12.1302904761905 10.5543476190476 8.95503809523809 -8.69130952380952
-6.20099444444444 0.319754444444444 -4.11422722222222 4.22551055555556 2.064555 0.657822722222222 0.842499611111111 -1.40567033333333 0.0190977777777778 -0.502722277777778 0.923855555555555 -0.646982222222222 -0.254665166666667 0.7067805 -36.8734222222222 -163.154800555556 -337.077222222222 157.743166666667 41.5523544444444 -10.0551111111111 20.1259477777778 -17.5411722222222 38.0170666666667 5.20121611111111 11.9041388888889 -18.9793111111111 4.50484722222222 19.2008033333333
-6.17053125 9.12255 -6.6933075 -0.2186525 0.261508125 1.087039375 -0.53461875 -0.878944375 0.3384950625 -0.1650596875 0.140989375 -0.38457125 0.24335575 -0.417409375 -0.565898125 206.6426875 -233.5628125 99.2307625 53.739 23.34469375 -14.48171875 -29.24223125 21.3136875 -26.40225 -27.02589375 -2.55939375 20.911825 -4.90808125
-5.6412 -0.4255 -1.50514 0.55678 1.906718 2.0621002 0.878492 -1.150166 0.946658 0.496032 0.543954 0.367494 -0.26580904 0.349274 64.288 -158.0868 433.484 92.9656 84.0792 77.1338 7.40828 21.2492 -33.6936 -14.0722 11.932 57.0996 27.56414 6.5412
-8.08479411764706 -13.5197705882353 -6.90864705882353 -0.494018235294118 -1.25948882352941 -0.515326470588235 0.533181764705883 -0.357308235294118 0.550407764705882 3.46470588235543e-05 0.0620158823529412 -0.382927058823529 -0.266533117647059 0.221154529411765 -17.4550352941176 -245.185882352941 199.741176470588 -38.3737470588235 13.1067223529412 -31.4995882352941 -11.6007941176471 -3.41034117647059 15.6420011764706 -2.17905294117647 -4.89576470588235 -26.5638411764706 -22.7340941176471 -5.40545882352941
-5.43019189189189 7.24516162162162 -1.1435527027027 -1.95132756756757 0.442883513513514 -1.06275045945946 -0.55416 0.837813135135135 0.182053027027027 -0.236975135135135 -0.00322997297297297 -0.159996432432432 0.129419459459459 -0.0489020810810811 4.67414581081081 157.088675675676 -58.6964027027027 -61.2444378378378 13.5493027027027 -22.4154637837838 -1.86400567567567 15.6549910810811 -23.2388594594595 -10.2869324324324 -0.814887837837837 -3.04572054054054 6.35914513513514 -3.37757351351351
-5.16662 6.52648 3.5884808 -0.0281487999999997 -0.9880028 -0.48573812 -1.3750916 0.00136480000000004 1.60393 0.64660948 -0.418483312 0.236868412 0.04289024 0.30282308 10.0745904 166.08188 61.253864 -45.586828 -57.72666 30.321232 1.753516 -38.832724 12.385544 32.669692 -4.557364 -25.844834 8.1220636 10.6053876
-9.00564285714286 -39.0609285714286 -6.45794571428571 4.19766671428571 0.980392857142857 3.18365714285714 1.1788 -0.673389 -0.539288571428571 -1.05377857142857 0.640468571428571 0.276787142857143 0.0674285714285714 -0.0150917142857143 -146.349571428571 -1707.25714285714 -184.522857142857 98.1192857142857 -78.5565714285714 30.2845714285714 64.9295571428571 55.9638571428571 21.3928571428571 -1.73157142857143 8.14014285714286 4.20257142857143 6.72481428571429 1.69253571428571
-5.09621414141414 6.68279373737374 4.13426666666667 -2.33956491919192 -0.364582222222222 -0.018503606060606 -0.264651636363636 0.318657525252525 -0.72323501010101 -0.16029397979798 -0.0458885555555556 0.0317037333333333 -0.171444091919192 0.0493956797979798 -0.572114626262626 -10.6530886868687 19.9119071717172 -2.0227103030303 -21.8489170707071 6.44836286868687 14.1644909191919 0.0229903030303028 -5.39194828282828 -5.73281767676767 4.61263484848485 2.91302464646465 -3.95973585858586 -3.19308101010101
-5.42847777777778 -0.0592222222222221 3.30364444444444 2.99154444444445 4.27182222222222 0.729426666666667 -0.216605555555556 -0.43772 0.378515555555556 0.298317777777778 -0.207144555555556 0.124128666666667 0.408654777777778 -0.0958766666666667 87.3666666666667 413.092222222222 574.591111111111 118.117888888889 90.976 -3.81344444444444 -36.1815111111111 -29.6316666666667 -55.0532322222222 -1.23288888888889 -16.8601333333333 5.3052 4.66364444444445 4.22497555555556
-6.20404 -0.0290199999999994 0.91354 0.202119333333333 -0.898404666666667 -1.29910066666667 0.693966 0.545988666666667 0.825153333333333 -0.710422206666667 -0.228822666666667 0.175036466666667 0.456263876 -0.0731397333333333 30.49036 143.231133333333 265.784 -58.4459333333333 0.348520000000001 45.94618 1.01546666666667 37.9718666666667 1.50336 -36.11558 1.891054 43.0690466666667 -6.87597 11.75652
-6.62487272727273 -0.464735454545455 -13.6774627272727 2.10639636363636 1.70942 1.15328 1.73377181818182 -1.20746727272727 1.57904909090909 -0.0671726409090909 0.0509063636363637 -0.170586727272727 0.241498081818182 0.531193 -7.32355454545455 19.0954545454545 -373.069090909091 -115.621563636364 -74.0886818181818 14.7835454545455 37.5302727272727 -9.89746363636364 60.8182727272727 23.7516363636364 -6.06300909090909 6.00366363636364 5.98042727272727 7.72923454545455
-6.76628695652174 -3.5665347826087 -1.15006956521739 -0.159810086956521 0.33649652173913 0.18502652173913 -0.847257956521739 -0.165210260869565 0.291278260869565 0.287502043478261 0.282698260869565 0.153168260869565 -0.0663135086956522 -0.469992391304348 31.2696882608696 664.439130434783 140.540695652174 -93.5487565217391 7.49519434782608 -26.68204 -48.1573347826087 -28.3324130434783 -12.7397130434783 11.6907217391304 -10.1269086956522 -15.584152173913 -24.9226608695652 5.4582
-5.62185833333333 8.82836773611111 -5.04485944444444 3.09918386111111 2.47526111111111 0.132179444444444 1.06124194444444 -0.928162086111111 0.0354979444444444 -0.0763423055555556 -0.182373972222222 -0.245710444444444 -0.28226375 0.200792805555556 -11.3676775 -42.8750194444444 -136.6455 37.6789138888889 -39.3235316666667 -22.0210444444444 26.9471 5.49858472222222 21.3698713888889 -8.62671666666667 8.26765277777778 -14.8522516666667 3.88828055555556 -1.52230833333333
-6.67413125 -3.56767125 -7.90740625 2.670065 0.35978375 -0.4842846875 1.244889375 -0.0355751874999999 0.908955625 0.09190526875 -0.321229375 -0.3040025 0.77957125 0.0476135 17.82461875 -25.4440625 170.3418125 108.72026 76.9563125 78.54306875 -15.97080625 -7.48516875 -4.86649375 5.63388125 -0.0632737500000005 6.08421625 12.22645625 7.28913125
-5.46259166666667 2.74923333333333 8.61005 0.740206666666667 -0.395266666666666 -0.189108333333333 -0.6924275 -0.5472245 -0.809359166666667 0.8066125 -0.538705 0.303596666666667 -0.166426666666667 -0.0889306666666667 28.4717166666667 396.1475 299.608333333333 -119.608916666667 -72.1740833333333 -6.0729025 -17.2875 -47.9526916666667 -33.3261166666667 53.02335 -7.38056666666667 10.8210133333333 -25.98725 19.9513166666667
-5.84582 8.3064 -2.838296 -3.77932 -6.40386 -0.610378 0.333948 0.101208 0.79978 -0.232978 0.400304 0.58474 -0.313842 0.555633 215.0826 2333.38 506.142 -61.0332 -180.36114 -181.0058 -35.3942 -55.0259 31.46426 -22.47332 -25.4274 41.0562 -28.8205 16.90906
-5.4846625 3.23731797083334 1.46421729166667 -1.91395875 0.0588093750000001 0.806834583333334 0.0403756458333334 -0.290687229166667 -0.744241520833333 0.1042496875 -0.432193833333333 0.349929875 -0.192354520833333 -0.215434791666667 -8.17245364583333 -161.878208333333 43.7792547916667 24.212825 -56.2225133333333 22.4061104166667 22.9995470833333 -2.67098166666667 4.97543541666667 -5.931875 1.57879375 3.54213041666667 4.27198183333333 -5.62811104166667
-8.408008 -22.012732 -6.378808 1.5812936 0.03790372 1.0668422 1.80133744 1.5785892 0.534371724 -0.38310624 0.19640876 0.0940616 0.440105 -0.43771112 -41.259112 -320.6772 -206.96948 -43.304416 -24.222188 -2.780704 31.580908 44.016532 7.267636 -4.407384 -4.4016844 1.6723316 20.087556 -8.68609772
-6.56062222222222 1.6551 -5.84540111111111 0.941507777777778 -2.60146444444444 -0.432464 0.131691333333333 0.576605555555555 -0.164308888888889 0.558109555555556 0.0965288888888889 -0.127941111111111 -0.511766666666667 0.572101111111111 76.5686155555556 1369.88888888889 122.903222222222 -77.0782888888889 -8.11091111111111 -59.5217777777778 -49.35 -7.39264444444444 -38.3268888888889 16.2937666666667 -15.0755444444444 9.72067777777777 -2.59621111111111 21.7455888888889
-7.50086363636364 -14.3794727272727 -7.238262 5.96631545454545 -2.35726363636364 -2.69609181818182 1.72149636363636 -0.161602363636364 0.76573 -0.838536363636364 -0.122958272727273 0.401118727272727 0.611858181818182 0.0145618181818181 26.6672818181818 279.512727272727 71.5267690909091 101.813454545455 22.2556454545455 -103.244090909091 -19.2470909090909 -14.2724454545455 -11.2361818181818 -8.16205454545455 -2.99567272727273 15.2875363636364 -3.88710363636364 -5.47665454545455
-5.1979 12.2927666666667 3.67583333333333 -3.754 6.3701 1.25346 -3.98679666666667 -1.77778333333333 0.27071 0.629333333333333 -0.743076666666667 1.61980506666667 -1.14091666666667 -0.2132 -7.29063333333333 -498.176666666667 337.64 -277.986666666667 175.573666666667 -18.7976666666667 -32.2906666666667 41.0886666666667 -29.302 33.2761666666667 -30.1908666666667 45.8663333333333 -53.2976666666667 4.40566666666667
-8.811975 -33.33268125 -6.64159375 2.05152375 1.47863625 1.71186125 1.257765625 0.2290964375 0.364593125 0.1109571875 0.44601625 -0.4925008125 0.211509875 -0.2083853125 -80.016375 -1027.88 -56.697 134.95001875 -44.493875 -17.24585625 33.27290625 29.45946875 53.4422625 3.68348125 3.8303625 4.110774375 13.928653125 -2.724416875
-4.841875 7.84840833333333 9.35341666666667 -0.3094875 -1.51067666666667 -0.0248295833333332 -0.665886585 0.575808916666667 -0.583544166666667 -0.336919083333333 -0.0844051666666667 0.5154225 -0.0941917500000001 0.123504166666667 90.32 901.686666666667 513.349166666667 -49.4916583333334 -37.0421416666667 -68.4705166666667 -80.10775 -1.40499166666667 -67.6375 -7.61566666666667 -25.1837083333333 9.42891 -29.5969916666667 -21.18092
-8.43718333333333 -16.2854833333333 -14.9046 -5.9973 3.606315 3.37742183333333 0.889293333333333 0.847151666666667 0.208616666666667 0.110763333333333 0.0164048333333333 0.0459436666666667 -0.55299 0.239903166666667 59.1420166666667 864.76 -182.797333333333 -314.112833333333 51.65105 100.7518 26.0842166666667 3.22841666666667 -25.7868333333333 7.95233333333334 21.4596666666667 -8.25833333333333 -8.41003333333333 23.6
-5.01896279069767 7.41870837209302 3.84066953488372 -0.719190232558139 0.476831162790698 -0.760315181162791 -0.559892093023256 -0.321291953488372 -0.656411458139535 0.404115604651163 -0.205988604651163 -0.214796162790698 -0.0573125813953488 0.292867348837209 6.94150930232558 63.1313744186046 53.3589906976744 -56.3474046511628 40.9784620930233 -15.7953488372093 -42.5795725581395 31.3291318 -15.6374669767442 7.40025348837209 7.62891162790698 -1.65506046511628 -6.93697041860465 6.47704837209302
-5.21632 6.528132 -0.0332659999999999 0.168735666666667 1.071242766 0.113090533333333 -0.13655 -0.6949463 -0.286763733333333 0.381838866666667 0.222681666666667 0.292873133333333 -0.356985266666667 0.129677333333333 7.5767934 51.999438 -81.7364166666667 4.45998333333333 76.7839566666667 32.7502 11.9934333333333 -25.22887 -11.5400333333333 12.631298 5.73632333333333 5.04877333333333 -5.2605224 -4.00187166666667
-7.48361578947369 -10.3375551578947 -7.59365621052632 -1.53603947368421 -0.0070831578947369 0.476293163157895 0.883856315789473 0.496429315789474 0.0878541052631578 -0.624702857894737 -0.0327173684210526 0.621129157894737 -0.246530526315789 -0.26066052631579 -19.7184105263158 -533.162105263158 97.3005736842105 56.4815684210526 -26.2928447368421 -18.9896526315789 -3.83706315789474 10.2559842105263 3.40044210526316 6.25934210526316 15.8078526315789 5.75285263157895 -6.59859473684211 -0.252048947368421
-7.7839625 -22.7911125 -5.320600625 1.87621018125 0.241128125 0.22497875 0.151978125 0.625665625 0.33013475 -0.022948125 0.939959 -0.266690875 0.1749201875 -0.247659625 -52.3807225 -729.981875 -259.5816875 -3.025 72.99053125 35.9481375 50.213374375 2.727625 2.9206 -5.45182625 32.484225625 -7.95283125 4.91240625 8.5863586875
