-5.74798235294118 -30.5370823529412 -13.9612225294118 3.87251764705882 -2.53560394117647 2.54686764705882 0.676249411764706 1.78427411764706 -0.646148352941176 1.37473441176471 -0.470145888235294 -0.555442529411765 0.0819718823529412 -0.257824117647059 -27.9482311764706 -333.991764705882 -190.293176470588 -68.660705882353 -82.1689764705882 -23.3207941176471 -8.60774235294117 30.2525941176471 -3.03071764705883 7.22434117647059 -8.55723529411765 -13.7854764705882 5.86519588235294 3.09724241176471
-2.413025 11.745575 -16.723 6.236715 0.606005 -1.412125 1.6425125 1.107705 -0.9846875 1.7087025 -0.463052 -0.05143 0.769305 0.035575 12.329 -281.02975 -321.885 238.05375 199.88 -5.1465 75.65525 -21.45125 21.63115 29.395525 -23.18475 18.3121 5.3407 21.803275
-5.89978 -19.44296 -15.92226 8.328 0.377452 4.957894 -0.40648 1.77574 0.192012 -1.027104 0.1360304 -1.188624 0.607867 0.274954 -4.13612 272.064 -444.284 -93.4078 -165.5054 -53.217598 14.831 54.3586 3.6956 69.6966 23.9928 18.4768 15.5154 -38.00728
-3.7100145 -1.888009 -7.3137095 0.46506 -0.153892 0.2633445 -1.4470345 0.868634 -0.68582721 0.1627376 0.46040625 -0.40489355 0.0476529 -0.3392172 -31.15118 -235.6646 189.5599 -96.450565 27.253585 -8.2127475 -23.842045 -8.78182 -29.2818355 1.306285 14.821665 16.1578 -7.190845 8.45792
-7.36284615384615 -45.1798461538462 -3.58919461538461 4.12439692307692 2.64822461538462 1.88655384615385 -0.995217 1.05157076923077 -1.07205615384615 0.03443 0.194555384615385 0.759195384615385 -0.0565238461538462 -0.0499269230769231 -86.5762307692308 -743.978461538462 -257.304076923077 18.3853384615385 17.3492076923077 5.88371538461538 20.3107692307692 67.7893846153846 -3.67538461538461 35.8361846153846 26.2106692307692 0.517407692307691 18.3623253846154 -6.40218461538462
-5.0252 -14.5513533333333 -13.6992533333333 3.25025533333333 -3.38073333333333 2.73385866666667 -1.128412 3.24188866666667 0.476197333333333 1.53326226666667 -0.0555106666666666 -0.335759933333333 0.291486666666667 -0.165652733333333 0.951478000000001 -17.0725 -100.019733333333 -96.91302 -114.1736 -40.4302 13.4124946666667 13.5771933333333 11.70124 46.64224 -9.00976 4.33831333333333 4.96192666666667 8.91527333333333
-1.9196122 12.9177346 -2.78449254 -0.423566 0.7836548 -0.5830554 -0.55658658 -0.761653 0.75031886 0.6670956 -0.42947696 0.17752726 0.04895238 0.031239688 3.36243 53.3107254 -69.986572 49.927946 34.716108 -3.009362 -25.37119 6.070016 13.8490492 -11.5276148 -1.2212868 9.008634 -3.7788242 -1.4483373
-2.7858 -4.6539 16.1516666666667 1.04883666666667 -3.44383333333333 0.10074 -1.82161 0.319556666666667 0.09815 0.775933333333333 1.39712333333333 -1.7016 -1.15025333333333 0.0105933333333333 158.327333333333 1369.86666666667 619.723333333333 -104.155333333333 -88.1419033333333 -129.677666666667 -40.1833333333333 -47.6066666666667 3.91693333333333 25.089 8.4645 -49.8066666666667 -54.4074333333333 -9.17266666666667
-4.19927142857143 -14.7095314285714 3.30572857142857 4.87154285714286 3.32764857142857 3.64397142857143 -1.32327842857143 0.149585714285714 -0.198351142857143 -0.589568571428571 -1.09243 -0.347797142857143 -0.6132708 -0.508519285714286 66.3678571428571 -50.9175714285714 514.862857142857 216.450285714286 177.414142857143 114.430285714286 51.5635714285714 -59.0427142857143 -7.05514285714286 -11.7309571428571 -38.1491428571429 23.4903 -12.7672014285714 -30.6831914285714
-1.82247048571429 12.946562 3.0987374 -2.52409085714286 -1.68887971428571 -2.57141171428571 -0.0643585428571428 1.516202 0.920006571428571 0.35331 0.354137914285714 -0.391053542857143 0.426862142857143 -0.203100857142857 13.3584471428571 231.172571428571 -58.2977771428572 -7.173142 1.280272 -16.2715728571429 3.59102988571429 -4.17833428571429 21.0523997142857 8.475314 9.34216285714286 1.97043714285714 11.9416171428571 -5.65785428571428
-1.98132961538462 12.2183461538462 5.14658423076923 -1.09292538461538 0.181792307692308 0.275574692307692 0.387146538461538 -0.616398461538462 -0.0859358461538463 0.295294346153846 -0.745292307692308 -0.545377384615385 0.0370789115384617 -0.00612653846153849 25.3670096153846 314.552692307692 46.2586892307692 -146.305615384615 9.41228461538461 -35.5547653846154 20.9636723076923 -49.5473846153846 -8.30927961538462 15.4461346153846 -4.02339230769231 11.0464719230769 -2.98031538461538 4.25940692307692
-7.37721 -59.9431 -4.98719 6.212075 0.0314159999999999 3.630994 1.3776617 0.799671 -1.465754 0.3143873 0.7774591 0.794377 0.3030811 -0.9013156 -152.2211 -1944.94 -123.7816 81.6342 -2.23985 61.0808 86.1474244 87.5733 -4.22776 6.10408 27.22773 50.5159 23.04872 -31.0219
-4.84699166666667 -11.1103666666667 -3.58129666666667 0.920903333333333 0.219216666666667 -0.719859166666667 -1.5620525 0.875534166666667 -0.140899166666667 -0.5739525 -0.539905 -0.106053333333333 -0.359603333333333 0.314994166666667 62.0360916666667 955.721666666666 162.4735 54.4474333333333 25.19425 -52.2081666666667 -51.9089458333333 -48.0880083333333 8.35891666666667 -47.2034166666667 -4.31575 17.05725 -13.15035 8.37528333333333
-4.22573333333333 -3.86453333333333 -10.6842833333333 9.6137 1.61821 5.59956666666667 -0.186516666666667 3.73476666666667 -0.179985 0.303113333333333 0.54191 -1.71443833333333 0.0286806666666667 0.420425 -17.2277333333333 68.8775 -532.788333333333 159.383833333333 -50.5763333333333 110.754166666667 3.60705 99.6851666666667 -24.7821166666667 3.16216666666667 3.67766666666667 -17.6475953333333 29.4111333333333 -52.1725333333333
-3.07007857142857 3.48166428571429 -1.20424285714286 -0.635762142857143 -2.11385214285714 0.0168250000000001 -0.603507142857143 0.106545714285714 0.309569285714286 0.0475085714285715 0.254808428571429 -0.709541428571429 0.0793569071428571 0.211782285714286 29.86752 497.296428571429 -82.8769285714286 73.3118507142857 -5.69151642857143 -25.2999142857143 0.643 -37.3467142857143 13.7710428571429 -7.41658571428571 28.2853571428571 -11.3651428571429 3.69143857142857 10.3459521428571
-1.78147442304 13.95999336 3.93852856 -2.396718168 -0.0321903600000002 -1.580549928 0.988316136 -0.838112048 0.292545832 -0.303236176 0.447237184 0.053110104 0.084017752 -0.086578908 -1.0897413192 -23.06891696 2.890040328 -2.052577464 -1.08441616 -3.104969568 6.4105136 -2.56473488 -6.276308832 2.78440192 -1.1851036 -1.04418672 -1.9746288 1.870173136
-4.47403384615385 1.26496153846154 -7.59751538461539 -2.63823230769231 -2.03123 -0.823618461538462 -1.08271923076923 0.399119230769231 -1.04687615384615 0.86184 -0.623387307692308 -0.168177076923077 0.160520769230769 0.342928076923077 84.2972307692308 1672.43076923077 -109.950353846154 -82.3479538461539 -63.8535538461539 -99.3625769230769 -32.4244615384615 -78.9473076923077 -11.0666923076923 -6.34216153846154 -5.22663076923077 10.1533307692308 -1.47472307692308 19.2759561538462
-4.926675 -17.27255 -2.41229375 -3.3784625 -1.24297125 0.51490875 -1.8190395 1.89362125 -0.61549875 0.35351375 -0.95053875 -0.45074 0.6854355 0.507975 287.17875 2823.6 245.79375 -217.1 39.761125 -49.3135625 -37.4826575 -25.031375 5.10475 -17.977125 -58.1615625 -38.1478875 -12.300075 33.7624125
-3.72178888888889 -6.96403333333333 -0.372822222222222 7.31124 5.03488888888889 3.99458666666667 -1.82941111111111 0.0202166666666667 -0.964119666666666 -1.87691444444444 -1.13970888888889 -0.233237777777778 0.262526666666667 0.555931555555556 -25.1414888888889 -137.101222222222 -175.507577777778 162.192222222222 -104.538888888889 58.5025555555556 -10.1408555555556 58.903 -18.4557933333333 -17.4914333333333 50.061 -65.1635888888889 46.4689066666667 -28.63462
-2.13666666666667 16.3850166666667 4.14574166666667 1.48053333333333 1.06063166666667 1.80095 -0.943573333333333 -1.42259166666667 -1.433225 0.26427 0.134001666666667 -0.691988333333333 -0.794355 -0.322818333333333 47.6026666666667 482.221666666667 781.345 -185.882166666667 -54.028 35.78905 -21.80905 -123.941166666667 -19.7282666666667 5.52466666666667 2.1205 28.0868166666667 -29.3131666666667 -3.62191666666667
-2.03071255223881 10.6659089552239 5.9994171641791 -2.03499950746269 0.888205223880597 -0.858249298507463 0.220450998507463 -0.886873582089552 0.293749358208955 -0.522022465820896 0.200429104477612 0.191353208955224 -0.0337979104477611 -0.00542047761194039 -5.05462328358209 -110.922686567164 41.14073 6.0530752238806 -18.0518970149254 19.9572031343283 -1.42520447761194 -3.36280537313432 -7.73669910447761 3.70594313432836 6.85329026865672 -5.21715910447761 3.79835955223881 1.17926074626866
-6.86373571428571 -39.2825 -0.194010714285714 2.87756214285714 -1.11119714285714 2.54806428571429 -0.635587857142857 0.955826428571429 -0.83746 -1.08417857142857 -0.082605 0.339663571428571 -0.0426392857142857 0.181164428571429 -65.5257642857143 -956.015714285714 100.080071428571 76.2899285714286 -8.55271428571428 59.8753928571429 25.6476214285714 20.9342642857143 -10.4405928571429 -13.2959142857143 -9.65843571428571 -2.85535714285714 10.7341135714286 -8.65279285714286
-2.16452888888889 11.6487 4.98962222222222 -0.487942222222222 -2.55951111111111 -0.952117777777778 -0.00350399999999995 -0.68612 -0.581418888888889 -0.371906233333333 0.532573333333333 -0.501454555555556 -0.578413333333333 1.09614 37.0156666666667 695.204444444444 -74.1980222222222 -161.202333333333 -50.4345 -87.2836666666667 -28.1731111111111 -25.0783444444444 -14.9593907777778 22.1605111111111 -4.4705 1.76368888888889 13.6561555555556 15.0510444444444
-6.51692222222222 -48.2457133333333 2.17725444444444 2.54655666666667 2.33606333333333 3.78370111111111 -2.41040333333333 0.864440111111111 -0.415223111111111 0.201261111111111 0.154760666666667 0.824746666666667 -0.78714 0.242861111111111 -112.423222222222 -1353.14444444444 -244.757111111111 93.5565555555556 5.54723333333333 101.417933333333 -9.95233333333333 53.9705111111111 28.2558444444444 19.0369377777778 23.9217777777778 2.86866666666667 -1.10968888888889 -11.7725888888889
-3.35034875 -2.7621375 1.9946875 -0.6146 3.786905 0.74467875 -1.5590375 -1.107025 -0.629871125 -0.17035 -1.2301675 0.16228375 -0.8137715 0.748721125 42.862625 453.82125 279.33875 -226.82 126.60015 -80.108375 -76.23515 -74.14945 8.590125 -5.18825 2.5135875 21.8860875 -24.6431 44.1221125
-4.544496875 -15.16161875 0.792659375 1.79838809375 1.53862675 0.4180984375 -0.79728115625 0.343241875 -0.21964246875 -0.709701 0.652051240625 -0.11684765625 -0.85429659375 -0.108774375 -41.09329375 -543.766875 91.638328125 53.538475 18.819175 24.73444375 -5.289421875 -0.892909374999999 1.3111775 -5.27177 -10.932760625 -7.557871875 -7.8750625 -2.199696875
-2.60270081578947 5.69911934210526 1.21075171052632 -1.69289302631579 -1.49315844736842 -1.11460421052632 1.20063244736842 -0.194493289473684 0.218836907894737 -0.100745947368421 -0.0815522328947368 -0.0406124473684211 0.488844144736842 -0.146587578947368 3.71836305263158 83.4661052631579 3.80572723684211 -30.8746863157895 0.0927514473684214 5.89024486842105 4.50528947368421 -10.4446186842105 -1.36889539473684 3.65343727631579 5.08804381578947 -0.872535526315789 2.27297421052632 -3.22739631578947
-9.1974 -62.666 -6.1825 -3.8262 6.0016 6.0133 1.0909 5.7897 -0.41283 1.5224 -0.86397 -0.21579 0.80496 -0.9594 -62.921 292.29 -404.5 -693.29 97.424 -58.54 21.281 140.77 101.39 13.94 -64.396 36.02 45.613 -49.936
-5.50126666666667 -24.8303742222222 -7.19586666666667 3.73708111111111 -2.51542888888889 3.51639555555556 0.507217777777778 2.82498888888889 -0.697446666666667 -0.514272222222222 0.181965555555555 0.835457777777778 0.222010444444444 0.245637777777778 -7.66351111111111 -91.7971111111111 116.142444444444 47.3239444444444 5.88292222222222 -32.2242666666667 62.6137666666667 66.3918444444444 28.5882222222222 -56.7357666666667 -12.1246666666667 -3.31577777777778 -4.59647777777777 -2.05764444444444
-3.68987777777778 -3.45989555555556 -2.81243863111111 0.533988622222222 1.78990355555556 0.570568822222222 -0.722561577777778 -0.358024 -0.2748944 0.390581644444444 -0.598367253333333 0.617944333333333 -0.0871918444444445 0.344321777777778 -8.6548562 -116.663533333333 -89.9467911111111 34.1355444444444 34.7867804444444 2.35164224444444 -15.5744911111111 6.93837111111111 14.5762019111111 -0.912888666666667 -22.4926755555556 6.31268333333333 -6.34440688888889 9.46043733333333
-2.81539284313725 0.77504625490196 3.36826862745098 0.263097450980392 0.283719803921569 0.658547235294118 -0.163104196078431 -1.4550331372549 -0.0234926784313725 -0.13316437254902 0.0165896666666667 0.533785058823529 -0.585350725490196 0.146393980392157 -13.3231745098039 -267.777254901961 22.6767701960784 50.7600737254902 -2.79280490196078 21.5207941176471 -3.94351215686275 16.9184803921569 -5.11499450980392 -12.14781 -5.22100470588235 -3.81134549019608 -4.66752784313725 -1.34143039215686
-4.21173789473684 -10.3985473684211 -9.7736052631579 5.64124947368421 -1.07048263157895 0.71739152631579 0.896463157894737 2.22581068421053 -0.151131052631579 0.674227842105263 -0.350745684210526 -0.681699947368421 0.233844210526316 -0.463513710526316 25.1974436842105 231.477894736842 174.130631578947 33.8451473684211 -1.35118421052631 6.35474210526316 18.1778789473684 19.1850368421053 -1.6599 -26.3006263157895 3.56235789473684 -17.5417052631579 -3.77450526315789 -0.686779473684211
