-4.6825	32.112	-3.4369	-2.9302	2.7267	-2.2858	-0.42926	1.8039	0.39179	-0.35512	0.66657	0.32271	0.2123	1.2012	0	0	0	0	0	0	0	0	0	0	0	0	0	0
-4.7131	38.515	-6.9933	-3.4067	0.41416	-3.5764	-0.6697	-0.45479	0.92876	-2.3973	0.92035	-0.25558	0.29129	0.82488	-1.2254	256.08	-142.26	-19.061	-92.501	-51.625	-9.6176	-90.346	21.479	-81.686	10.151	-23.132	3.1597	-15.051
-4.946	27.691	-8.838	-0.73934	-1.5399	-4.743	-0.76891	-1.4821	-1.0313	-2.0471	1.0244	-1.0902	0.2049	0.91734	-9.3129	-432.93	-73.791	106.7	-78.161	-46.664	-3.9685	-41.092	-78.403	14.008	4.1623	-33.383	-3.4554	3.6984
-5.685	23.861	-5.2255	-1.8251	-3.3373	-3.7273	-0.86497	-2.6828	0.58561	-2.35	0.889	-0.20761	0.27714	0.11034	-29.562	-153.2	144.5	-43.43	-71.898	40.629	-3.8422	-48.03	64.677	-12.116	-5.4165	35.302	2.8896	-32.28
-6.4188	4.0032	-5.1108	-0.45225	-3.6327	-3.5416	2.6016	3.1713	1.5026	-1.1883	0.20065	0.22584	0.62438	-0.6773	-29.353	-794.32	4.5886	54.914	-11.816	7.428	138.66	234.16	36.681	46.468	-27.534	17.338	13.889	-31.505
-2.9097	29.234	5.4569	3.3058	-2.0737	0.38715	3.1574	-0.68615	-2.7276	-2.2732	-0.53815	0.97519	0.55082	-1.502	140.37	1009.2	422.71	150.32	62.362	157.15	22.231	-154.3	-169.21	-43.398	-29.552	29.974	-2.9422	-32.986
-2.1586	49.948	3.8835	1.7964	0.07706	0.80152	1.7093	-1.1782	-3.9526	-1.346	-2.032	1.5235	0.67865	-4.1263	30.044	828.56	-62.937	-60.376	86.029	16.575	-57.923	-19.681	-49	37.088	-59.752	21.931	5.113	-104.97
-1.8327	48.301	3.8064	0.70719	1.482	3.6026	1.5469	-3.7777	-2.7804	-0.90645	-2.1813	0.59272	-0.073177	-4.1611	13.036	-65.897	-3.082	-43.568	56.197	112.04	-6.4987	-103.98	46.886	17.582	-5.9752	-37.23	-30.073	-1.3917
-1.8505	39.979	6.604	-0.019614	2.1112	7.8573	-1.6143	-4.7465	-0.61439	-0.074103	-1.9324	-0.62101	-0.70816	-1.9117	-0.71337	-332.85	111.9	-29.072	25.168	170.19	-126.45	-38.754	86.642	33.294	9.9578	-48.549	-25.399	89.976
-1.9875	37.085	4.6202	1.3466	6.1473	4.9425	-0.45203	-5.5676	0.39404	1.5772	-3.1659	-1.8033	1.3106	-2.9496	-5.4792	-115.79	-79.349	54.648	161.44	-116.59	46.492	-32.842	40.337	66.05	-49.341	-47.292	80.749	-41.518
-2.0198	36.39	1.9527	2.2211	8.8777	2.8838	0.38217	-4.2267	-0.32104	2.9605	-4.2347	-2.0357	2.1139	-3.2995	-1.2931	-27.787	-106.7	34.979	109.21	-82.35	33.368	53.635	-28.603	55.332	-42.75	-9.2936	32.135	-13.993
-2.1047	34.914	0.82947	2.7475	8.7523	4.0381	-0.19219	-3.5331	0.87948	1.9322	-4.0461	-1.6866	1.4191	-4.1173	-3.3956	-59.02	-44.93	21.057	-5.0146	46.173	-22.975	27.743	48.021	-41.13	7.5434	13.963	-27.795	-32.714
-2.136	33.239	0.9819	0.63131	10.715	4.8466	-1.4706	-1.6968	0.099586	1.8993	-3.5045	-2.3648	0.59249	-4.2604	-1.2525	-67.027	6.0973	-84.646	78.496	32.342	-51.134	73.454	-31.196	-1.3149	21.663	-27.128	-33.063	-5.7228
-2.1751	36.932	0.46934	-1.5435	11.85	2.9551	0.67022	-2.5436	-0.26859	1.9791	-3.7433	-2.3602	0.19203	-3.6608	-1.565	147.75	-20.502	-86.99	45.398	-75.661	85.631	-33.873	-14.727	3.1916	-9.5509	0.18334	-16.018	23.985
-2.3749	36.635	1.0869	-1.6804	10.295	3.379	1.8888	-2.7833	-0.94912	1.8516	-3.3497	-1.6228	-0.39389	-3.5687	-7.9898	-11.885	24.702	-5.4792	-62.177	16.957	48.741	-9.586	-27.221	-5.1032	15.744	29.497	-23.437	3.682
-3.07	29.683	2.6516	0.35571	8.1539	2.7213	3.298	-4.1315	-0.17488	-0.33263	-1.4513	-0.90666	-1.5044	-1.1877	-27.804	-278.09	62.587	81.445	-85.654	-26.308	56.368	-53.929	30.969	-87.368	75.935	28.645	-44.419	95.241
-3.8345	22.695	-7.5548	6.895	6.9836	0.41215	3.6737	-5.3551	-0.74056	0.010916	0.87727	-0.88375	-1.2226	-0.54076	-30.58	-279.51	-408.25	261.57	-46.813	-92.367	15.031	-48.945	-22.627	13.742	93.143	0.91621	11.273	25.877
-4.4197	24.547	-16.566	4.6615	-0.1817	-0.6525	6.0437	-4.7605	2.4875	0.24281	2.8791	-1.1512	-1.7265	0.38323	-23.41	74.08	-360.46	-89.338	-286.61	-42.586	94.8	23.783	129.12	9.2757	80.072	-10.7	-20.158	36.96
-4.2671	23.734	-18.042	3.4681	-4.9503	-4.4149	3.1962	-3.0937	1.4916	1.2573	2.1413	-0.47191	-1.5191	-0.13293	6.1068	-32.524	-59.024	-47.736	-190.74	-150.5	-113.9	66.675	-39.838	40.581	-29.512	27.173	8.2984	-20.646
-4.4764	25.04	-17.553	2.4325	-4.4702	-3.9919	2.2951	-2.7205	0.44036	0.22469	1.5169	0.57294	0.11466	1.0759	-8.3716	52.235	19.558	-41.424	19.204	16.919	-36.041	14.927	-42.048	-41.306	-24.976	41.794	65.349	48.352
-4.5013	23.233	-20.781	2.261	-3.2647	-3.3825	2.5843	-1.7841	0.98486	0.6278	0.167	-0.60178	-0.98058	0.50661	-0.9984	-72.26	-129.13	-6.8613	48.22	24.375	11.568	37.455	21.78	16.124	-53.994	-46.989	-43.81	-22.771
-4.5146	18.929	-20.482	4.2368	-2.5333	-3.8773	2.7211	-1.43	-0.88941	0.25365	0.45306	-0.4437	0.13554	1.3341	-0.53276	-172.19	11.987	79.034	29.256	-19.792	5.4703	14.164	-74.971	-14.966	11.442	6.323	44.645	33.1
-4.7119	12.758	-23.634	4.586	-0.31985	-3.9948	3.5042	-0.41455	0.50963	-0.64257	-1.6856	0.70748	-0.58496	1.1105	-7.8891	-246.81	-126.08	13.968	88.539	-4.6993	31.323	40.618	55.961	-35.849	-85.546	46.047	-28.82	-8.9437
-5.1794	-2.7258	-28.024	2.6248	2.3636	-3.5831	4.1798	-0.46807	2.5359	1.4035	0.57103	0.57672	-1.7836	0.96045	-18.701	-619.37	-175.6	-78.447	107.34	16.468	27.025	-2.1408	81.05	81.844	90.265	-5.2308	-47.947	-6.0033
-7.8309	-37.003	-14.153	5.3564	1.7316	-1.8442	4.774	-0.74966	1.0963	0.18567	0.43344	1.2765	-0.85487	1.1048	-106.06	-1371.1	554.81	109.26	-25.281	69.557	23.768	-11.263	-57.585	-48.714	-5.5037	27.99	37.151	5.7746
-12.103	-68.14	-14.682	2.1126	-1.3935	0.074765	2.8315	-1.2311	1.8587	0.2215	-0.20272	1.043	-0.20185	1.8331	-170.89	-1245.5	-21.131	-129.75	-125.01	76.758	-77.7	-19.257	30.498	1.4328	-25.446	-9.3379	26.121	29.13
-13.635	-69.583	-10.048	0.22823	-1.8494	0.54475	0.77225	2.4639	1.1368	-0.62699	-0.11719	-0.010702	0.30226	2.1164	-61.273	-57.742	185.33	-75.375	-18.234	18.799	-82.369	147.8	-28.875	-33.94	3.4211	-42.149	20.165	11.334
-13.799	-70.247	-11.182	-2.3916	-1.4355	1.4592	2.4036	2.5054	0.70051	-0.46306	-0.94108	-0.51283	-0.024395	0.34054	-6.5652	-26.54	-45.33	-104.79	16.556	36.578	65.252	1.6626	-17.453	6.5573	-32.956	-20.085	-13.066	-71.036
-3.98	29.571	-5.0887	-4.4446	-2.1648	-3.2754	0.060335	-0.42991	-0.0073148	-0.19739	-0.23143	-0.52847	0.34303	1.4718	392.77	3992.7	243.71	-82.122	-29.172	-189.39	-93.729	-117.41	-28.313	10.627	28.386	-0.62534	14.697	45.252
-3.7511	51.226	-6.2308	0.93545	-2.4701	-4.7719	-0.9546	-1.0295	-0.30785	-0.70409	0.31213	-0.73732	-0.084818	0.52623	9.1559	866.21	-45.682	215.2	-12.214	-59.858	-40.597	-23.984	-12.021	-20.268	21.742	-8.354	-17.114	-37.824
-3.8649	29.675	-9.1131	2.6865	-2.9147	-2.5293	0.49185	-2.5625	-1.0401	-0.73195	1.4677	0.56471	0.50972	-1.3711	-4.5527	-862.05	-115.29	70.043	-17.781	89.702	57.858	-61.322	-29.29	-1.1146	46.223	52.081	23.781	-75.892
-2.0865	32.69	4.5222	1.832	-4.3844	1.4106	0.73002	-3.1696	0.64806	-1.2202	0.47556	2.1314	-0.76697	-0.57355	71.137	120.63	545.41	-34.181	-58.791	157.6	9.5268	-24.284	67.526	-19.531	-39.686	62.668	-51.068	31.901
-1.0169	59.837	7.8726	-3.8073	-1.2497	-0.40074	-1.812	-2.9611	-2.9305	0.81293	-0.77154	2.3278	-0.39811	-1.4725	42.783	1085.9	134.01	-225.57	125.39	-72.455	-101.68	8.3401	-143.14	81.326	-49.884	7.8568	14.755	-35.96
-0.49544	60.92	6.9081	-7.1212	1.012	-0.73709	-3.4136	-4.066	-4.2653	1.5237	-0.93089	2.2694	-0.45319	-0.74549	20.858	43.326	-38.577	-132.56	90.47	-13.454	-64.063	-44.193	-53.395	28.43	-6.3741	-2.3353	-2.2033	29.082
-0.74996	51.32	9.5626	-5.963	0.83775	0.20951	-3.4716	-5.0322	-3.5935	1.0292	-0.89882	0.86819	-0.29798	0.2815	-10.181	-384.01	106.18	46.327	-6.9714	37.864	-2.3196	-38.649	26.872	-19.777	1.2829	-56.05	6.2086	41.08
-1.1711	44.464	7.1593	-0.51807	3.4237	-2.4913	-3.9169	-2.3118	-6.6192	2.5986	-1.7625	-1.7126	0.92191	1.4723	-16.846	-274.23	-96.134	217.8	103.44	-108.03	-17.811	108.82	-121.03	62.775	-34.547	-103.23	48.795	47.632
-1.4556	40.507	4.5653	0.41797	7.4282	-2.969	-4.1866	-0.47879	-5.7067	2.1959	-3.7205	-1.5452	0.95627	0.24307	-11.379	-158.27	-103.76	37.442	160.18	-19.108	-10.79	73.321	36.499	-16.108	-78.32	6.6978	1.3746	-49.169
-1.9304	38.224	4.6044	0.45303	8.6387	-0.61296	-3.1879	-3.1559	-2.5021	1.5968	-5.5641	-1.7663	1.2109	-0.74856	-18.991	-91.326	1.5659	1.4021	48.42	94.243	39.948	-107.08	128.18	-23.962	-73.745	-8.8472	10.186	-39.665
-2.2881	33.724	3.7276	-0.010867	9.4776	2.8245	-4.7188	-1.9803	-0.42071	0.11079	-5.182	-0.50132	0.25863	-1.0834	-14.308	-179.98	-35.073	-18.556	33.559	137.5	-61.237	47.021	83.256	-59.442	15.283	50.601	-38.091	-13.394
-3.415	27.485	1.0701	-1.5904	12.932	1.5921	-3.3174	-0.98487	0.19904	0.90639	-5.0617	1.072	0.23095	-1.2176	-45.078	-249.56	-106.3	-63.182	138.16	-49.295	56.06	39.819	24.79	31.824	4.8132	62.933	-1.1072	-5.3697
-4.8875	4.9188	-0.14124	-0.33967	11.246	0.83824	-3.7753	-1.153	2.7425	0.95311	-5.9018	0.68563	0.046673	-2.0955	-58.9	-902.66	-48.453	50.03	-67.43	-30.155	-18.318	-6.7247	101.74	1.8687	-33.605	-15.455	-7.3712	-35.114
-8.8322	-43.415	-8.1723	0.22238	2.4342	1.1276	-0.88629	-1.0786	5.6608	-1.1731	-1.0983	0.93361	0.90495	0.23816	-157.79	-1933.3	-321.24	22.482	-352.47	11.573	115.56	2.9758	116.73	-85.05	192.14	9.9193	34.331	93.346
-12.286	-56.499	-18.029	1.102	2.3331	1.6205	0.78585	-0.86804	4.5162	-2.8154	-0.75181	1.0821	0.54431	0.083554	-138.16	-523.37	-394.28	35.184	-4.0424	19.718	66.886	8.4219	-45.785	-65.691	13.859	5.9412	-14.426	-6.1841
-13.108	-67.054	-9.0267	-0.56835	0.51358	0.68161	1.015	0.87767	1.7818	0.70444	1.6437	0.13312	0.77462	0.62102	-32.886	-422.21	360.1	-66.813	-72.782	-37.557	9.1669	69.828	-109.38	140.79	95.822	-37.961	9.2124	21.499
-9.5974	-57.956	-2.0281	2.6582	-2.9965	-0.50571	0.34396	0.28153	1.3864	-0.34531	1.116	0.72081	-0.51664	-0.093273	140.44	363.94	279.94	129.06	-140.4	-47.493	-26.843	-23.846	-15.815	-41.99	-21.109	23.508	-51.65	-28.572
-9.1759	-31.949	9.218	1.4471	-7.9587	-3.7561	1.2205	-1.2907	1.3392	-1.3814	3.5768	1.4731	-2.4161	0.91901	16.859	1040.3	449.85	-48.442	-198.49	-130.01	35.062	-62.891	-1.8887	-41.445	98.431	30.093	-75.978	40.491
-9.1847	-42.56	4.0024	0.7628	-8.2873	-4.3514	-0.31429	-0.018062	1.7141	-0.34997	1.6976	-0.1453	-1.1319	0.93986	-0.34948	-424.42	-208.62	-27.373	-13.145	-23.812	-61.392	50.907	14.998	41.259	-75.169	-64.737	51.368	0.83378
-13.35	-69.034	-10.357	1.3923	-2.6172	-0.88422	2.1748	2.2286	-0.50263	-0.62227	1.2802	0.35399	0.48972	1.5581	-166.59	-1059	-574.39	25.181	226.81	138.69	99.565	89.868	-88.67	-10.892	-16.697	19.972	64.865	24.731
-11.754	-59.088	-11.298	2.1024	-2.6428	0.85399	1.1023	1.0535	0.092904	1.3932	1.929	0.63485	0.21001	1.6494	63.822	397.84	-37.622	28.401	-1.0237	69.529	-42.901	-47.006	23.821	80.621	25.954	11.234	-11.188	3.6486
-6.8736	-8.0032	-7.6909	-3.8775	-5.3454	-1.25	-3.6843	-0.87587	0.085249	0.62068	2.8721	-0.3063	-1.6907	0.068688	195.21	2043.4	144.28	-239.19	-108.11	-84.159	-191.46	-77.174	-0.30619	-30.903	37.723	-37.646	-76.029	-63.227
-6.6077	18.988	-6.3888	-1.8302	-5.4883	-0.72234	-0.71079	-1.1445	-0.87229	-0.47767	2.5712	0.12038	-1.6643	-0.26299	10.636	1079.6	52.086	81.892	-5.7134	21.106	118.94	-10.745	-38.302	-43.934	-12.034	17.067	1.0574	-13.267
-4.677	8.2803	-0.13748	2.6707	-2.1923	2.8848	2.1549	-1.0616	-1.8119	0.35653	1.5314	0.64826	-1.0224	-1.5539	77.23	-428.29	250.05	180.04	131.84	144.28	114.63	3.316	-37.584	33.368	-41.592	21.115	25.676	-51.637
-3.0662	25.469	9.4086	1.0167	-2.1404	4.8151	1.3705	-1.1369	-3.6151	-0.074546	-2.4012	1.5389	0.081756	-2.293	64.43	687.57	381.84	-66.16	2.0782	77.213	-31.378	-3.0107	-72.13	-17.243	-157.3	35.627	44.165	-29.563
-2.4528	37.091	8.6896	0.44489	-1.6954	3.6612	1.2322	-2.5483	-4.3302	-1.1702	-2.9482	1.657	0.21966	-2.9251	24.538	464.86	-28.762	-22.872	17.798	-46.157	-5.5316	-56.457	-28.602	-43.827	-21.882	4.7238	5.5161	-25.282
-2.3553	33.691	11.06	-0.33076	-1.6381	3.5187	0.64996	-2.7471	-3.1294	-1.6242	-3.0502	2.4496	-0.099299	-1.8935	3.9008	-136.01	94.81	-31.026	2.293	-5.6975	-23.289	-7.953	48.03	-18.158	-4.0798	31.703	-12.758	41.261
-2.702	25.801	12.416	1.8186	-2.7571	3.5628	1.5856	-3.0665	-2.1673	-2.1564	-3.2759	3.5353	-0.4286	-1.7756	-13.872	-315.61	54.231	85.973	-44.758	1.7614	37.425	-12.775	38.487	-21.29	-9.0294	43.429	-13.172	4.7177
-3.4352	15.87	10.75	5.2712	-0.41855	0.10478	3.19	-1.3347	-2.5768	-2.0475	-2.0139	3.801	-0.75106	-1.6068	-29.327	-397.22	-66.607	138.1	93.541	-138.32	64.175	69.269	-16.384	4.3557	50.483	10.625	-12.898	6.7504
-4.403	12.796	3.7756	5.9649	3.4962	-0.7028	3.2049	-2.0387	-1.7266	-1.5296	-0.7441	2.2459	0.095621	-2.2141	-38.713	-122.97	-278.99	27.75	156.59	-32.303	0.5997	-28.16	34.008	20.716	50.791	-62.204	33.867	-24.29
-5.3129	14.45	-7.7731	6.0171	4.4026	-2.7438	5.5861	-2.6444	-1.6825	0.059673	-0.57511	1.5921	-0.58169	-1.1725	-36.393	66.171	-461.95	2.0855	36.256	-81.642	95.247	-24.226	1.7657	63.572	6.7597	-26.15	-27.093	41.663
-4.9501	14.817	-16.637	2.5238	1.9995	-4.1168	3.7237	-0.026119	-0.093815	1.0401	1.4437	0.56693	0.64386	-0.023087	14.509	14.666	-354.54	-139.73	-96.124	-54.918	-74.499	104.73	63.547	39.219	80.751	-41.007	49.022	45.978
-4.0941	17.775	-21.958	5.2762	2.244	-6.1995	3.9096	1.0599	-1.3252	1.1223	-0.38529	0.53398	0.86742	-0.83889	34.242	118.31	-212.85	110.1	9.7827	-83.307	7.4381	43.44	-49.256	3.2845	-73.159	-1.3182	8.9426	-32.632
-3.8224	17.087	-22.961	6.3516	2.0761	-7.2043	4.5125	-0.44777	-1.995	0.65803	-1.1884	2.1256	0.15014	1.0967	10.867	-27.481	-40.107	43.014	-6.716	-40.194	24.115	-60.306	-26.791	-18.569	-32.123	63.666	-28.691	77.423
-4.0591	13.588	-25.598	3.1863	2.6786	-5.6916	2.018	-0.9946	-1.1955	1.0289	-0.60675	0.15554	-0.8127	0.51641	-9.4654	-139.99	-105.51	-126.61	24.1	60.509	-99.78	-21.873	31.981	14.836	23.264	-78.803	-38.514	-23.212
-4.3688	11.289	-27.011	2.6691	4.2529	-5.4702	2.2932	1.1519	-1.1205	0.59592	-1.2724	1.5616	0.13581	-0.21771	-12.39	-91.935	-56.491	-20.688	62.971	8.8541	11.009	85.861	3.0004	-17.32	-26.627	56.243	37.94	-29.365
-4.998	-4.9345	-26.665	0.42088	5.8541	-5.3546	3.4215	2.3623	0.14199	0.85444	-0.92634	1.1125	-0.1831	-0.58142	-25.167	-648.95	13.811	-89.93	64.048	4.6251	45.131	48.413	50.499	10.341	13.843	-17.965	-12.756	-14.549
-8.3924	-49.504	-21.296	1.6669	2.7836	-3.7938	3.7781	1.5073	0.62128	2.3446	-0.35384	-0.22988	-0.6758	0.15071	-135.78	-1782.8	214.78	49.84	-122.82	62.433	14.265	-34.199	19.171	59.604	22.9	-53.695	-19.708	29.285
-12.412	-67.492	-14.562	-0.25945	-0.77412	-0.10259	3.9999	2.282	2.0022	1.5937	0.24406	0.72525	-0.95988	0.4965	-160.77	-719.51	269.36	-77.053	-142.31	147.65	8.874	30.988	55.239	-30.032	23.916	38.205	-11.363	13.832
-13.732	-71.72	-11.725	-1.573	-0.72824	1.4292	1.6684	2.1217	2.089	-0.31022	1.2488	0.78737	0.10406	0.28496	-52.801	-169.13	113.47	-52.544	1.8348	61.271	-93.263	-6.4109	3.4706	-76.159	40.189	2.4844	42.558	-8.4616
-13.878	-71.84	-12.237	-0.6982	-0.20868	3.0439	3.8573	2.7596	0.6212	-1.8179	-0.24116	0.096299	0.43269	0.25062	-5.8394	-4.781	-20.482	34.994	20.783	64.59	87.559	25.518	-58.712	-60.307	-59.597	-27.643	13.145	-1.3734
-13.656	-71.605	-11.064	-0.87233	-1.49	1.4511	0.3589	0.16818	-1.2439	-1.7569	0.48209	-1.495	-0.44175	-0.0043885	8.8762	9.386	46.948	-6.9654	-51.251	-63.711	-139.94	-103.66	-74.606	2.44	28.93	-63.65	-34.978	-10.2
-13.175	-71.166	-10.095	-0.84948	-1.1126	2.833	2.5398	2.6919	0.9197	-0.74581	0.33604	-0.37095	0.28221	0.66862	19.239	17.554	38.733	0.91422	15.095	55.274	87.237	100.95	86.546	40.444	-5.842	44.96	28.958	26.92
-12.124	-66.92	-9.0199	2.6032	0.89787	2.1714	2.7831	1.8799	2.5912	1.1131	0.80141	0.85619	0.026498	1.4158	42.042	169.83	43.011	138.11	80.418	-26.463	9.7315	-32.478	66.858	74.357	18.615	49.086	-10.228	29.889
-11.368	-59.251	-8.5648	1.4291	6.3255	2.0357	3.6631	2.3824	1.2012	2.5295	1.8507	0.51186	0.93691	-0.47339	30.244	306.76	18.204	-46.966	217.1	-5.4285	35.201	20.1	-55.6	56.657	41.971	-13.773	36.416	-75.569
-11.293	-60.03	-6.4162	4.0033	5.7983	2.4214	2.5132	2.4423	0.79527	2.7796	0.019059	-0.27804	0.45742	0.91598	2.9807	-31.13	85.946	102.97	-21.087	15.428	-45.999	2.3958	-16.235	10.004	-73.265	-31.596	-19.179	55.575
-11.92	-64.168	-5.8673	2.687	2.2652	2.3931	2.7443	3.4414	1.9688	-0.26226	1.3787	1.1917	0.14989	0.81753	-25.074	-165.54	21.955	-52.653	-141.32	-1.1312	9.2461	39.961	46.942	-121.68	54.387	58.788	-12.302	-3.9378
-9.5907	-58.052	-1.524	2.3126	0.66385	1.7738	1.9544	1.2867	0.46936	0.37309	0.97296	-0.099817	-0.083444	1.2033	93.17	244.63	173.73	-14.974	-64.054	-24.774	-31.598	-86.186	-59.978	25.414	-16.231	-51.659	-9.3332	15.43
-3.7551	41.815	-5.8147	-10.095	0.49879	-4.1745	-4.2051	1.2717	-0.8916	2.8649	2.2821	-1.0628	-1.1607	-0.54425	233.43	3994.7	-171.63	-496.3	-6.6025	-237.93	-246.38	-0.59879	-54.438	99.671	52.366	-38.521	-43.092	-69.901
-3.5181	46.156	-5.0958	-4.3352	2.5867	-2.822	-1.0191	0.6623	-1.0577	2.6444	2.1255	-1.2192	-1.4975	-1.2601	9.4772	173.64	28.76	230.39	83.517	54.102	127.44	-24.377	-6.6451	-8.8175	-6.2624	-6.2535	-13.469	-28.636
-3.1513	31.977	6.3532	-3.9336	4.3573	3.2715	0.24491	0.40871	-3.7276	-1.2593	1.2153	0.96364	-0.83372	-1.874	14.675	-567.19	457.96	16.062	70.826	243.74	50.56	-10.144	-106.79	-156.15	-36.408	87.313	26.55	-24.552
-2.7293	28.173	18.985	-10.485	3.8582	5.2564	-1.16	-0.81308	-3.8629	-2.2365	-0.20005	0.66075	-1.3466	0.26011	16.877	-152.16	505.29	-262.06	-19.965	79.398	-56.196	-48.871	-5.4128	-39.085	-56.615	-12.116	-20.517	85.363
-2.14	29.552	20.955	-11.906	1.7864	5.2516	-1.7536	0.64356	-5.3136	-0.58573	-1.1249	0.47137	-0.61083	0.60381	23.574	55.184	78.784	-56.854	-82.873	-0.19528	-23.746	58.266	-58.027	66.029	-36.995	-7.575	29.432	13.748
-1.8041	32.794	20.224	-10.595	0.25227	4.9505	-1.0783	0.83015	-7.3436	0.18262	-1.3676	0.97728	-0.69482	2.3119	13.436	129.66	-29.253	52.444	-61.364	-12.042	27.012	7.4635	-81.2	30.734	-9.7084	20.236	-3.3595	68.325
-1.5417	36.617	19.306	-10.347	-0.035454	3.5349	-0.39205	0.4792	-8.2693	0.88105	-1.6106	0.9884	-0.23407	2.5612	10.495	152.94	-36.71	9.9402	-11.509	-56.624	27.452	-14.038	-37.03	27.937	-9.7167	0.44473	18.43	9.9716
-1.3698	36.835	19.785	-10.601	0.24605	1.9716	0.69413	0.094751	-8.7545	0.81762	-1.5051	0.86391	0.025598	2.8338	6.8765	8.7017	19.158	-10.163	11.26	-62.533	43.447	-15.378	-19.408	-2.537	4.2171	-4.9793	10.387	10.904
-1.3638	35.033	20.977	-10.962	0.35257	1.7916	0.78376	-0.44528	-8.3101	0.41941	-0.86937	0.64037	-0.41657	3.2805	0.2409	-72.072	47.696	-14.449	4.2607	-7.2008	3.5852	-21.601	17.776	-15.929	25.43	-8.9418	-17.687	17.866
-1.5188	34.061	20.182	-10.109	-0.36615	2.8375	0.78615	-0.53631	-7.7652	0.11687	-0.36954	0.79804	-0.79386	2.8728	-6.2006	-38.879	-31.792	34.109	-28.749	41.836	0.095481	-3.6413	21.797	-12.101	19.993	6.3069	-15.091	-16.305
-1.8185	30.917	21.731	-10.785	0.23379	2.8964	1.0837	-0.77573	-7.3501	-0.31069	0.69788	0.46947	-1.4186	2.0636	-11.989	-125.74	61.957	-27.033	23.997	2.3581	11.901	-9.5769	16.602	-17.103	42.697	-13.143	-24.991	-32.372
-2.2823	24.095	23.268	-10.891	-0.46901	5.3988	1.2506	-1.6062	-5.7126	-1.3359	2.0136	-0.055859	-2.3998	1.5229	-18.553	-272.88	61.455	-4.2402	-28.112	100.09	6.6748	-33.217	65.502	-41.009	52.63	-21.013	-39.246	-21.626
-3.0863	13.64	22.414	-9.7663	-1.4978	8.4433	2.329	-2.0869	-4.8213	-0.79899	2.5913	-1.2042	-2.886	0.93118	-32.157	-418.22	-34.137	44.996	-41.15	121.78	43.138	-19.23	35.65	21.477	23.108	-45.933	-19.449	-23.669
-4.2999	-3.8504	17.024	-7.7122	-1.6887	7.9958	3.1981	-3.1347	-3.4704	0.95349	2.4537	-2.2196	-2.6367	1.3406	-48.545	-699.61	-215.62	82.167	-7.6365	-17.9	34.765	-41.912	54.039	70.099	-5.5065	-40.616	9.9708	16.378
-5.6383	-17.283	7.759	-7.275	2.6512	5.576	2.732	-1.0155	1.2029	2.2308	-0.18805	-0.91584	-0.047422	0.48447	-53.534	-537.29	-370.6	17.486	173.59	-96.792	-18.646	84.768	186.93	51.091	-105.67	52.15	103.57	-34.247
-4.1859	22.135	6.1712	-7.2516	3.1415	2.2784	-0.32047	-1.0621	2.1384	0.12094	-2.2907	-1.318	0.6753	-0.074907	58.096	1576.7	-63.513	0.9385	19.614	-131.9	-122.1	-1.8659	37.422	-84.393	-84.108	-16.088	28.909	-22.375
-3.3501	31.645	5.4684	-3.996	8.5593	4.2463	-2.7288	-1.8357	1.2181	-1.4021	-1.0881	-1.9314	-2.5446	0.16682	33.428	380.39	-28.111	130.22	216.71	78.718	-96.333	-30.941	-36.811	-60.921	48.105	-24.534	-128.79	9.6691
-3.1538	26.142	6.6435	-2.9536	10.272	6.5026	-4.9756	1.0785	-0.88318	0.18622	-1.2604	-2.2337	-0.079363	-0.68472	7.8521	-220.11	47.005	41.697	68.499	90.25	-89.871	116.56	-84.052	63.532	-6.8898	-12.091	98.608	-34.062
-3.5097	22.444	3.8645	-1.846	11.719	5.2294	-4.901	2.4338	-0.83035	0.51763	-0.70299	-2.5159	0.60057	-0.45879	-14.235	-147.94	-111.16	44.306	57.889	-50.927	2.9836	54.213	2.1135	13.256	22.294	-11.291	27.197	9.0374
-3.9489	17.316	1.8435	0.51077	10.766	5.4467	-4.7862	3.4763	-1.1583	1.1284	-0.2865	-2.9163	1.3995	-0.19977	-17.568	-205.11	-80.839	94.269	-38.099	8.6924	4.5899	41.699	-13.119	24.429	16.66	-16.015	31.958	10.361
-4.5306	9.7629	0.14424	3.975	10.024	4.8919	-2.6414	2.1458	-0.41267	1.1198	0.68014	-2.9777	1.7545	0.091421	-23.269	-302.13	-67.972	138.57	-29.688	-22.194	85.795	-53.217	29.826	-0.34087	38.666	-2.4576	14.197	11.648
-5.0734	0.95336	-0.21677	5.5752	10.125	3.6733	-0.91118	2.0914	-0.57285	2.4845	0.51422	-2.0657	2.0026	-0.93334	-21.712	-352.38	-14.441	64.008	4.0144	-48.745	69.207	-2.1771	-6.407	54.587	-6.6369	36.48	9.9262	-40.99
-6.0657	-18.381	-0.71922	5.8156	11.069	2.3578	-0.14937	4.2081	0.017008	1.2369	-0.89054	-1.615	0.61956	-0.88059	-39.691	-773.36	-20.098	9.6172	37.774	-52.62	30.472	84.667	23.594	-49.904	-56.19	18.029	-55.323	2.11
-8.7751	-56.49	0.29966	5.6214	5.5466	6.5588	4.7825	3.5341	2.5612	0.063875	0.97388	-0.18088	-0.042169	-1.3034	-108.38	-1524.4	40.755	-7.7707	-220.9	168.04	197.28	-26.958	101.77	-46.922	74.577	57.365	-26.469	-16.914
-10.196	-60.135	-2.6313	5.2931	2.6579	4.4454	5.9235	2.8121	0.8394	0.19148	1.3796	-0.33219	1.1395	0.4795	-56.845	-145.81	-117.24	-13.131	-115.54	-84.533	45.64	-28.882	-68.871	5.104	16.229	-6.0523	47.269	71.318
-12.031	-67.728	-7	2.7165	3.234	3.713	1.8533	1.8517	2.2895	1.6007	2.1567	-0.23401	0.97898	0.26188	-73.379	-303.71	-174.74	-103.06	23.042	-29.296	-162.81	-38.413	58.003	56.369	31.084	3.9272	-6.4225	-8.705
-13.352	-71.876	-10.92	-0.32331	-0.66738	1.3057	2.4408	0.66448	1.8745	1.5942	2.181	-0.38452	-0.42718	0.17863	-52.852	-165.89	-156.79	-121.59	-156.06	-96.292	23.501	-47.49	-16.601	-0.2589	0.97045	-6.0204	-56.247	-3.3297
-13.695	-74.11	-13.771	-2.0901	-0.97026	2.0996	1.9086	0.11638	2.4399	1.5939	2.0791	0.30579	0.59123	0.71108	-13.725	-89.359	-114.07	-70.672	-12.115	31.757	-21.286	-21.924	22.616	-0.014647	-4.0744	27.612	40.737	21.298
-13.624	-72.696	-12.178	-1.6484	-0.49754	1.7906	1.7556	0.76907	1.3864	-1.1093	2.0682	0.54216	-0.61988	-0.17161	2.8488	56.541	63.744	17.67	18.909	-12.362	-6.1217	26.108	-42.138	-108.13	-0.43677	9.4545	-48.445	-35.307
-13.738	-72.649	-12.211	-2.3952	-2.8052	1.2349	1.8332	-0.41692	0.00016985	-0.10406	0.92205	-0.42535	0.01103	0.2664	-4.5484	1.8984	-1.3321	-29.873	-92.308	-22.226	3.1038	-47.44	-55.45	40.211	-45.846	-38.7	25.237	17.52
-13.741	-70.039	-10.232	-0.69616	0.23107	1.1183	-0.37513	-0.97743	-0.51731	-0.7067	0.38445	-0.043237	-0.89932	-0.69686	-0.13809	104.4	79.174	67.961	121.45	-4.6647	-88.333	-22.42	-20.699	-24.106	-21.504	15.284	-36.414	-38.531
-5.7471	-13.608	-0.87057	-0.35255	-0.53232	-0.1617	6.1796	0.31796	-0.58703	1.0028	2.1626	-2.2145	1.3484	0.79352	319.76	2257.2	374.45	13.745	-30.535	-51.201	262.19	51.816	-2.7888	68.378	71.125	-86.85	89.908	59.615
-3.6505	49.75	-13.257	-4.7041	-2.1633	-0.22881	-1.9788	-2.9202	1.4587	1.8846	3.4535	1.2612	-0.1512	0.6603	83.861	2534.3	-495.45	-174.06	-65.24	-2.6844	-326.34	-129.53	81.83	35.273	51.638	139.03	-59.983	-5.3286
-3.4528	49.128	-8.0109	2.1248	-0.49454	-0.13248	-1.0565	-1.9089	0.94542	1.0813	1.1508	-0.53606	-0.64958	-0.20329	7.9109	-24.873	209.84	273.15	66.751	3.8532	36.893	40.453	-20.532	-32.131	-92.11	-71.892	-19.935	-34.544
-4.3859	32.697	-13.249	2.1397	-1.7542	-0.5286	1.2852	0.86763	0.61952	-0.93531	0.72162	1.1387	1.4534	0.24284	-37.324	-657.23	-209.53	0.59818	-50.386	-15.845	93.666	111.06	-13.036	-80.665	-17.166	66.991	84.12	17.845
-4.8325	26.61	-6.8111	-2.9899	-2.3926	-0.58007	-1.5338	-4.6621	-0.21344	-0.6672	1.3196	0.21498	0.51639	0.10672	-17.867	-243.47	257.53	-205.18	-25.535	-2.0591	-112.76	-221.19	-33.318	10.725	23.919	-36.949	-37.482	-5.4446
-4.0817	32.847	-5.9476	-5.004	-2.7212	-0.90156	-5.3923	-4.9569	0.94948	-0.39524	2.5846	1.4718	-0.81593	-0.44224	30.036	249.47	34.54	-80.565	-13.144	-12.86	-154.34	-11.792	46.517	10.878	50.599	50.273	-53.293	-21.958
-3.7465	40.172	-6.3903	-2.5047	-1.617	-1.728	-6.5525	-5.0168	1.0905	0.22077	2.4344	-0.21798	0.30931	-0.8173	13.406	293	-17.708	99.974	44.166	-33.058	-46.406	-2.3945	5.6394	24.641	-6.0055	-67.591	45.01	-15.002
-3.2435	40.119	-4.86	-0.83249	-1.2406	-1.4727	-5.0091	-3.8371	2.8099	0.45386	1.2095	-0.084813	0.93934	0.13935	20.121	-2.0971	61.212	66.887	15.057	10.211	61.737	47.185	68.778	9.3234	-48.997	5.3266	25.201	38.266
-2.5777	39.842	4.4487	3.2871	-0.023496	0.78714	-2.3485	-3.6025	1.4452	-0.52004	0.18354	-0.72861	-0.56383	1.6194	26.63	-11.113	372.35	164.78	48.684	90.395	106.42	9.3847	-54.587	-38.956	-41.039	-25.752	-60.127	59.201
-1.8989	46.576	7.0103	-0.58082	1.4308	2.2527	-4.3883	-3.2803	-1.1411	0.19678	-0.81372	-0.66434	0.49652	0.89738	27.155	269.37	102.46	-154.72	58.173	58.622	-81.59	12.887	-103.45	28.673	-39.89	2.5707	42.414	-28.88
-1.4355	51.846	6.2623	-6.2233	7.2577	0.83074	-4.723	-3.0675	-2.0598	0.21422	-1.2767	-1.442	1.6351	-0.22317	18.536	210.82	-29.919	-225.7	233.07	-56.877	-13.39	8.5143	-36.748	0.69772	-18.521	-31.106	45.545	-44.822
-1.4965	56.21	1.744	-5.3423	8.5682	1.067	-4.8431	-2.4367	-2.6765	1.1921	-2.6221	-1.3054	1.4274	-0.79955	-2.4409	174.56	-180.73	35.238	52.422	9.4491	-4.8051	25.233	-24.669	39.114	-53.814	5.4648	-8.3091	-23.055
-1.5717	52.815	2.2142	-4.9895	9.4117	1.5513	-4.8458	-2.4662	-2.42	1.5673	-3.3103	-1.2449	0.72959	-0.38905	-3.0092	-135.81	18.806	14.115	33.74	19.374	-0.10884	-1.1801	10.262	15.01	-27.53	2.421	-27.913	16.42
-1.6379	48.095	4.1902	-5.0983	10.229	2.0791	-4.931	-2.5169	-2.1535	1.0861	-3.3745	-1.5337	0.56214	-0.67202	-2.6456	-188.8	79.042	-4.3545	32.698	21.112	-3.4052	-2.031	10.66	-19.249	-2.5664	-11.556	-6.6978	-11.319
-1.7124	44.745	5.3949	-4.4749	9.1322	3.1984	-4.1869	-3.2278	-1.3473	0.45619	-2.4976	-2.656	1.0516	-0.62583	-2.9794	-134.01	48.187	24.938	-43.88	44.773	29.762	-28.435	32.245	-25.197	35.077	-44.891	19.579	1.8475
-1.9558	38.902	8.5578	-4.2378	7.2857	3.9031	-2.5322	-3.9856	-1.6041	0.41022	-1.7274	-2.7164	0.078161	-0.51377	-9.7378	-233.74	126.51	9.4843	-73.861	28.186	66.19	-30.311	-10.271	-1.8388	30.809	-2.4153	-38.939	4.4823
-2.5597	26.354	14.433	-3.263	2.6457	5.3827	-2.2358	0.55751	-4.0223	-1.4803	-0.98768	-0.72232	-0.91194	-1.3178	-24.157	-501.88	235	38.992	-185.6	59.184	11.855	181.72	-96.727	-75.622	29.587	79.764	-39.604	-32.162
-3.563	-9.1488	17.002	1.3884	-0.58216	2.1032	-1.1608	1.5327	-0.30044	-2.9837	-0.73337	-0.77139	-0.055173	-0.28644	-40.132	-1420.1	102.77	186.05	-129.11	-131.18	42.999	39.009	148.87	-60.136	10.173	-1.963	34.271	41.255
-7.1774	-41.955	7.9665	7.2645	2.8586	1.0762	2.7407	1.5362	2.7227	2.7354	0.94888	-1.1231	-1.4028	0.26949	-144.58	-1312.3	-361.42	235.04	137.63	-41.081	156.06	0.13857	120.92	228.77	67.29	-14.066	-53.904	22.237
-8.2068	-50.582	4.4055	7.379	5.0687	3.456	2.2672	1.0908	2.9426	3.0874	2.9007	-1.4906	-1.9796	-0.43344	-41.175	-345.08	-142.44	4.5784	88.404	95.192	-18.942	-17.818	8.7956	14.078	78.074	-14.702	-23.072	-28.117
-8.4769	-52.287	5.1207	8.5658	3.094	3.2197	2.9622	2.4835	1.4357	0.92844	2.5953	-0.16208	-0.25533	-0.37545	-10.804	-68.2	28.609	47.472	-78.986	-9.4518	27.801	55.711	-60.276	-86.358	-12.218	53.141	68.971	2.3196
-6.9911	-5.6775	-0.52288	-3.0036	-0.043861	2.1023	2.8663	1.3082	1.832	0.6396	1.1113	0.14683	0.33182	0.64412	59.431	1864.4	-225.74	-462.78	-125.52	-44.697	-3.8353	-47.014	15.851	-11.553	-59.358	12.356	23.486	40.783
-4.8832	19.595	-0.47822	-3.8966	-1.7522	0.23568	1.1207	-0.16199	0.58821	-0.35829	0.095561	-0.5478	0.066292	0.77256	84.319	1010.9	1.7864	-35.719	-68.334	-74.664	-69.825	-58.807	-49.75	-39.916	-40.632	-27.785	-10.621	5.1376
-3.6162	11.658	14.465	4.2881	-2.8937	-4.544	-0.5719	0.70974	0.17795	0.25339	-0.58575	-2.4389	-1.2837	0.12515	50.678	-317.49	597.72	327.39	-45.662	-191.19	-67.703	34.869	-16.41	24.467	-27.253	-75.645	-53.998	-25.896
-3.1176	11.062	18.096	5.984	-3.7533	-5.1978	-4.8556	3.6131	0.24534	-0.034027	-3.1381	-0.82563	-0.22669	-0.68104	19.944	-23.83	145.27	67.837	-34.381	-26.149	-171.35	116.14	2.6958	-11.497	-102.09	64.532	42.279	-32.248
-3.0888	10.959	17.51	7.8293	-5.7798	-5.3882	-2.7263	2.7044	0.14775	1.6605	-4.4716	-0.018684	5.382e-05	-2.1876	1.1551	-4.1079	-23.459	73.811	-81.06	-7.6173	85.172	-36.35	-3.9039	67.782	-53.338	32.278	9.0697	-60.264
-3.4871	7.3846	15.25	9.9438	-4.1749	-6.6856	-2.6121	4.8837	-0.42236	1.545	-2.5103	-1.0373	0.30184	-2.3497	-15.934	-142.99	-90.418	84.583	64.197	-51.898	4.5664	87.173	-22.804	-4.6219	78.45	-40.745	12.071	-6.4822
-4.2124	-0.63397	13.624	9.4241	-0.92551	-5.6539	-4.7025	4.6382	2.2333	0.94956	-2.5432	-2.2041	0.17629	-0.80926	-29.01	-320.74	-65.027	-20.79	129.97	41.271	-83.615	-9.8209	106.23	-23.817	-1.3165	-46.673	-5.0221	61.618
-5.3099	-11.335	11.61	9.2509	-0.93465	-4.9163	-2.6008	1.9432	0.62067	1.3599	-2.3518	-1.5462	0.42823	-1.4503	-43.902	-428.04	-80.538	-6.929	-0.36553	29.504	84.068	-107.8	-64.506	16.412	7.6586	26.317	10.078	-25.642
-6.961	-27.225	9.4231	7.5613	-3.4511	-5.3379	0.8643	1.6283	0.82155	1.2133	-1.6674	-3.2652	-0.4099	-1.2633	-66.043	-635.59	-87.492	-67.582	-100.66	-16.865	138.6	-12.595	8.0353	-5.8628	27.372	-68.758	-33.525	7.4798
-9.8587	-55.393	-1.8761	3.0315	-4.8204	-2.7411	0.72137	2.1643	3.4974	1.0029	-1.2969	-2.0542	0.67048	1.9483	-115.91	-1126.7	-451.97	-181.19	-54.771	103.87	-5.717	21.439	107.03	-8.4144	14.823	48.439	43.215	128.47
-12.632	-61.412	-12.723	2.4471	-3.1372	0.39679	1.8391	1.8063	3.45	1.5054	-0.6511	-2.1068	-0.11425	1.2831	-110.93	-240.75	-433.89	-23.374	67.329	125.52	44.709	-14.322	-1.8945	20.1	25.831	-2.1046	-31.389	-26.607
-13.291	-70.244	-10.414	-1.8412	-1.9034	0.20775	1.2179	0.19467	1.6384	0.62011	-0.4547	-1.2428	-0.32633	1.1941	-26.357	-353.29	92.356	-171.53	49.35	-7.5618	-24.847	-64.464	-72.462	-35.413	7.8563	34.559	-8.4833	-3.5635
-13.503	-70.052	-10.201	-0.92398	-0.67886	1.7145	4.3206	1.1629	0.5888	0.19169	1.0135	-1.1382	-1.786	0.54554	-8.4939	7.6892	8.5409	36.69	48.982	60.272	124.11	38.729	-41.985	-17.137	58.726	4.1873	-58.388	-25.941
-13.108	-73.166	-13.457	-2.384	-0.82457	1.1719	2.4734	0.20255	-0.083238	0.64667	1.8448	0.23191	-0.17569	0.98086	15.821	-124.58	-130.23	-58.399	-5.828	-21.707	-73.887	-38.414	-26.881	18.199	33.252	54.802	64.413	17.413
-12.933	-70.78	-11.76	-1.5621	-0.22219	1.0618	1.753	1.3073	-0.48649	-1.7566	2.1431	1.3744	0.92151	1.1754	6.9801	95.439	67.872	32.873	24.095	-4.4031	-28.817	44.189	-16.13	-96.133	11.932	45.7	43.888	7.7816
-12.983	-74.204	-13.223	-2.6153	-1.9073	0.70055	2.8539	0.67278	0.44921	-0.47181	0.40093	-0.09342	-0.42958	0.98846	-1.9806	-136.97	-58.525	-42.127	-67.404	-14.45	44.036	-25.38	37.428	51.393	-69.686	-58.713	-54.044	-7.4772
-10.742	-69.116	-6.5226	0.72542	-1.3884	0.38506	2.0065	1.4552	2.4279	1.4795	0.59988	0.2748	-0.5939	1.6803	89.623	203.55	268.01	133.63	20.757	-12.62	-33.897	31.297	79.146	78.051	7.9581	14.729	-6.5726	27.674
-4.5979	2.7721	1.2933	0.66894	-7.8038	-8.6053	-0.15524	2.6394	1.436	-1.7285	-0.79733	-0.027889	1.4888	1.0224	245.77	2875.5	312.63	-2.2589	-256.62	-359.61	-86.468	47.369	-39.675	-128.32	-55.889	-12.107	83.308	-26.315
-4.3286	28.508	-2.0076	3.3118	-7.3692	-8.6763	1.1711	2.4667	1.7453	-2.0214	-2.7927	0.78997	1.8447	2.6805	10.775	1029.4	-132.04	105.71	17.384	-2.842	53.054	-6.9109	12.374	-11.718	-79.815	32.714	14.236	66.321
-4.3757	25.673	-8.7959	0.41937	-5.643	-8.1762	2.5292	3.2016	2.7223	-2.9295	-1.1056	0.06706	-0.67245	1.516	-1.8848	-113.38	-271.53	-115.7	69.049	20.003	54.325	29.397	39.08	-36.322	67.483	-28.916	-100.69	-46.578
-5.3455	18.637	-7.8814	-1.681	-5.6911	-7.4061	0.90757	-0.49783	1.965	-1.5416	-1.6377	-1.5344	-0.04437	1.098	-38.791	-281.44	36.578	-84.016	-1.9251	30.807	-64.866	-147.98	-30.293	55.514	-21.284	-64.057	25.123	-16.719
-6.0183	16.191	-7.0576	-1.5531	-4.1357	-3.8366	0.40803	-2.5754	1.7935	-0.66641	-0.40637	0.17073	0.33962	0.082427	-26.912	-97.84	32.952	5.1185	62.215	142.78	-19.982	-83.101	-6.861	35.008	49.254	68.204	15.36	-40.625
-6.074	16.487	-7.8561	1.7864	-4.3836	-3.9797	-3.5332	-2.3257	0.3563	-1.5086	-0.24791	0.55452	0.9024	-0.99715	-2.2295	11.85	-31.938	133.58	-9.9158	-5.7237	-157.65	9.9874	-57.487	-33.688	6.3387	15.352	22.511	-43.183
-6.1073	11.589	-7.0364	3.105	-2.4879	-6.9898	-2.9517	-0.44823	2.8758	-1.4596	0.56332	0.9677	-0.35335	-0.78432	-1.3318	-195.91	32.789	52.743	75.831	-120.4	23.261	75.098	100.78	1.9585	32.449	16.527	-50.23	8.5129
-6.7394	4.2146	-6.2948	3.3689	0.2867	-5.8547	-3.0686	0.072743	3.7991	-1.6267	0.024492	0.18626	-0.15587	-0.11087	-25.285	-295	29.663	10.557	110.98	45.405	-4.6777	20.839	36.931	-6.6807	-21.553	-31.258	7.8993	26.938
-7.5158	-9.2587	-3.941	3.8237	-0.099774	-8.0098	-3.2276	-1.921	2.034	-0.86998	1.6528	1.4236	0.37978	-0.74135	-31.053	-538.93	94.151	18.192	-15.459	-86.206	-6.3569	-79.751	-70.605	30.267	65.134	49.493	21.426	-25.219
-3.8425	-14.159	5.9201	6.8269	0.6855	-6.1201	-2.9847	0.72924	2.0514	-1.4988	1.141	1.0646	0.11825	-1.3733	146.93	-196.01	394.45	120.12	31.411	75.588	9.7129	106.01	0.69601	-25.152	-20.472	-14.36	-10.461	-25.279
-2.1856	14.071	16.206	4.5742	0.36564	-9.1516	-5.6531	1.4626	0.84955	-0.22616	-0.47855	1.1261	0.12968	-3.135	66.277	1129.2	411.42	-90.107	-12.794	-121.26	-106.73	29.337	-48.072	50.905	-64.783	2.4621	0.4574	-70.465
-1.4956	31.752	14.602	1.8076	-0.28808	-12.208	-5.5593	2.3953	1.457	0.90673	-1.6558	0.054309	0.49018	-2.6242	27.601	707.22	-64.139	-110.66	-26.149	-122.25	3.7503	37.307	24.296	45.316	-47.092	-42.873	14.42	20.429
-1.1697	29.922	17.227	-1.117	-0.40454	-11.628	-5.6802	3.292	0.75006	1.6931	-2.2634	1.1508	0.29305	-2.0137	13.036	-73.182	104.98	-116.98	-4.6585	23.213	-4.8363	35.868	-28.276	31.455	-24.302	43.859	-7.8853	24.42
-1.207	29.246	18.293	-0.80468	-3.2409	-9.8823	-5.9209	3.7032	1.8084	0.30864	-1.3788	0.23795	1.1476	-1.9193	-1.4912	-27.05	42.651	12.492	-113.45	69.816	-9.6297	16.447	42.333	-55.379	35.385	-36.513	34.182	3.777
-1.2611	29.126	17.557	1.2359	-6.5125	-8.2804	-5.2444	3.3072	2.2069	0.39726	-2.168	1.2785	0.97017	-2.0424	-2.1636	-4.7926	-29.442	81.625	-130.87	64.074	27.062	-15.842	15.942	3.5449	-31.571	41.621	-7.0974	-4.9231
-1.3839	27.118	17.06	2.7114	-6.7029	-9.3055	-3.7868	3.226	2.3281	0.91739	-3.1777	2.3397	0.58313	-1.8282	-4.9139	-80.327	-19.87	59.019	-7.6153	-41.002	58.305	-3.2466	4.8488	20.805	-40.387	42.448	-15.481	8.5678
-1.5333	24.423	17.359	3.5795	-5.9944	-11.903	-2.4058	4.6148	1.6001	0.60955	-2.4683	1.6775	0.94045	-1.5258	-5.976	-107.78	11.967	34.721	28.342	-103.92	55.238	55.554	-29.122	-12.314	28.375	-26.489	14.293	12.095
-1.6718	24.885	15.427	5.5032	-5.8459	-11.194	-4.9002	6.6857	1.8676	-0.22873	-2.507	2.374	1.0279	-1.8919	-5.5412	18.485	-77.274	76.95	5.94	28.362	-99.777	82.835	10.699	-33.531	-1.5449	27.86	3.4961	-14.645
-1.8304	22.974	16.534	3.8646	-5.4173	-10.543	-3.5545	6.3535	0.95589	0.037405	-2.0574	2.5179	0.95519	-2.0168	-6.342	-76.468	44.282	-65.545	17.142	26.072	53.828	-13.287	-36.467	10.645	17.982	5.7585	-2.9067	-4.993
-2.1054	21.666	15.903	5.0988	-5.7234	-9.7107	-4.9492	6.4837	2.1149	-0.80967	-2.7683	3.9975	1.5841	-2.952	-11	-52.294	-25.239	49.369	-12.245	33.277	-55.789	5.2061	46.36	-33.883	-28.434	59.182	25.158	-37.409
-2.5309	20.051	15.273	4.5498	-5.5141	-7.8295	-4.7287	5.8543	2.7188	-0.72204	-3.4444	3.6361	1.3753	-1.0402	-17.021	-64.61	-25.233	-21.96	8.3735	75.25	8.8235	-25.174	24.156	3.5052	-27.046	-14.455	-8.3542	76.473
-3.3083	15.13	12.346	2.2812	-2.1065	-4.9551	-3.474	2.5816	3.7258	1.2526	-4.3435	4.6481	0.9585	-1.9649	-31.097	-196.83	-117.05	-90.744	136.31	114.97	50.186	-130.91	40.28	78.987	-35.964	40.48	-16.671	-36.988
-4.4142	14.348	6.6928	0.07192	-2.6504	-2.1339	1.4267	1.8542	0.24967	0.39559	-1.0703	5.6473	0.17876	-0.74017	-44.237	-31.275	-226.14	-88.37	-21.756	112.85	196.03	-29.098	-139.05	-34.282	130.93	39.969	-31.189	48.987
-4.7081	16.929	6.2822	-1.1217	-5.0878	-3.7066	0.56258	6.2518	2.0085	-1.2304	-1.7508	4.5041	-1.7076	-1.3917	-11.753	103.22	-16.421	-47.743	-97.499	-62.909	-34.565	175.91	70.355	-65.039	-27.217	-45.728	-75.456	-26.06
-4.5548	19.725	4.6291	-0.91267	-4.1763	-5.8862	-0.9345	6.5298	-0.26186	-2.9034	0.2514	4.5207	-0.233	-0.015838	6.1324	111.83	-66.124	8.3599	36.46	-87.186	-59.883	11.12	-90.815	-66.922	80.087	0.66457	58.985	55.033
-4.8158	16.96	3.1763	-2.4267	-3.9879	-3.701	-0.63495	1.2485	1.7099	-0.78826	1.7552	4.3955	0.26373	0.24111	-10.442	-110.58	-58.115	-60.562	7.5382	87.41	11.982	-211.25	78.869	84.607	60.152	-5.0108	19.869	10.278
-5.4972	9.0668	1.5592	-0.10206	-3.2177	-3.7813	0.097804	0.67988	2.4337	-0.50364	1.5433	2.1615	-0.23746	-0.70079	-27.255	-315.74	-64.682	92.986	30.809	-3.2138	29.31	-22.744	28.952	11.385	-8.4758	-89.358	-20.048	-37.676
-6.3412	10.064	-2.1588	2.9438	-4.01	-2.2868	1.6852	-0.73351	1.2546	-1.4813	1.4845	-0.029467	1.0855	0.022386	-33.759	39.885	-148.72	121.83	-31.695	59.78	63.494	-56.536	-47.163	-39.106	-2.3544	-87.64	52.918	28.927
-6.6583	9.0644	-8.2138	3.7304	-2.4763	1.336	1.2503	-0.65838	1.5428	-1.921	0.28349	-0.015286	-1.318	0.21246	-12.688	-39.98	-242.2	31.463	61.35	144.91	-17.396	3.0049	11.527	-17.589	-48.039	0.56726	-96.141	7.6031
-7.0127	5.1247	-9.8572	0.98074	-4.5014	1.4073	3.457	1.9907	1.8766	-0.83434	0.43749	-0.55254	0.29108	0.47177	-14.175	-157.59	-65.735	-109.99	-81.004	2.8525	88.269	105.96	13.355	43.468	6.16	-21.49	64.364	10.372
-7.0848	8.1494	-9.0714	0.10415	-4.9978	-0.16807	1.9049	-0.64078	-0.30861	-0.17719	0.29206	-0.74774	-1.1924	0.18424	-2.8818	120.99	31.434	-35.064	-19.857	-63.016	-62.084	-105.26	-87.41	26.286	-5.817	-7.8083	-59.339	-11.501
-7.3876	0.8625	-11.95	0.58913	-5.6797	-0.47051	2.806	1.6729	-0.029455	-0.41637	0.10809	0.23248	-0.24464	1.7049	-12.112	-291.48	-115.14	19.399	-27.276	-12.098	36.044	92.549	11.166	-9.5673	-7.3589	39.209	37.91	60.827
-8.1812	-11.971	-9.01	0.877	-5.4925	1.7544	1.9311	1.0527	0.20886	-0.25994	-0.32682	0.23489	-0.80803	1.1602	-31.744	-513.35	117.59	11.515	7.487	88.998	-34.997	-24.808	9.5328	6.2571	-17.396	0.096262	-22.536	-21.79
-9.1619	-24.413	-4.6446	3.5639	-3.334	1.0389	1.7552	1.5151	1.145	-0.27064	-0.75862	-0.21933	-1.1373	1.6537	-39.23	-497.68	174.62	107.47	86.339	-28.621	-7.0342	18.494	37.446	-0.42763	-17.272	-18.169	-13.172	19.74
-11.172	-70.66	-9.9948	-1.0358	-1.5993	2.3409	1.3354	0.78469	2.0298	-0.10342	0.15738	-0.83728	-0.2517	0.9797	-80.404	-1849.9	-214.01	-183.99	69.388	52.078	-16.792	-29.216	35.39	6.6888	36.64	-24.718	35.425	-26.959
-13.605	-70.007	-9.6649	-2.0163	-1.9834	0.78296	-0.74457	0.34215	0.98037	-0.18814	1.2929	1.3268	-0.34298	1.2986	-97.316	26.143	13.195	-39.217	-15.361	-62.316	-83.2	-17.702	-41.975	-3.3892	45.421	86.564	-3.6515	12.756
-13.631	-72.155	-12.995	-1.3227	-1.2549	2.303	2.0317	0.078589	0.34352	-0.11079	1.5532	0.60667	-0.77291	0.68871	-1.0599	-85.947	-133.2	27.741	29.14	60.801	111.05	-10.542	-25.474	3.0942	10.41	-28.806	-17.197	-24.395
-13.666	-71.219	-9.7043	-0.53262	-1.2414	-0.45864	0.79438	0.98864	-0.40885	-0.14304	1.7299	0.7224	0.3968	0.36012	-1.3863	37.43	131.62	31.604	0.5389	-110.46	-49.493	36.402	-30.095	-1.29	7.0703	4.6289	46.788	-13.144
-6.6048	2.6829	-11.946	-8.4442	-5.837	-3.544	-0.085911	-0.5844	2.8421	1.9272	3.5785	0.022252	-1.8071	0.86869	282.45	2956.1	-89.681	-316.46	-183.83	-123.41	-35.212	-62.921	130.04	82.81	73.942	-28.006	-88.156	20.343
-5.4829	27.35	-7.9709	-2.5663	-3.1824	-1.7996	-0.43	-0.56365	1.4479	0.24417	2.9109	-1.1506	-1.3014	0.7478	44.877	986.68	159.02	235.12	106.18	69.774	-13.764	0.83004	-55.77	-67.322	-26.702	-46.914	20.227	-4.8353
-4.8156	34.34	-6.7345	-0.59986	-2.2295	-1.9607	-3.4369	-3.4816	-0.80866	-1.3364	-0.50622	-1.9146	-0.89022	0.43946	26.692	279.59	49.454	78.657	38.119	-6.4434	-120.28	-116.72	-90.262	-63.222	-136.69	-30.56	16.448	-12.334
-5.0175	27.515	-4.4649	-1.1522	-3.5197	-2.2495	-0.87233	-0.88788	-2.6341	-3.3936	-0.47662	-0.39473	-0.73594	0.5374	-8.076	-272.97	90.786	-22.095	-51.61	-11.551	102.58	103.75	-73.016	-82.287	1.1843	60.795	6.1715	3.9176
-6.6327	3.2174	-5.8421	-0.71276	-3.2391	0.12814	1.2854	-0.78379	-2.604	-3.4218	0.19909	0.0084715	-0.73646	0.67762	-64.608	-971.92	-55.09	17.579	11.226	95.104	86.308	4.1635	1.2026	-1.1315	27.028	16.128	-0.020907	5.6085
-6.3675	-7.8364	0.98033	5.8074	-2.1287	2.3781	1.1255	1.1252	1.1327	-1.2897	0.059661	2.4994	0.11954	-1.0069	10.609	-442.15	272.9	260.81	44.416	89.997	-6.3957	76.358	149.47	85.286	-5.5771	99.636	34.24	-67.38
-5.9623	-4.9321	8.5033	7.8961	-1.7828	1.8975	1.6257	2.946	-1.842	-2.7971	-0.32472	1.6724	0.65639	-2.7961	16.206	116.17	300.92	83.546	13.836	-19.221	20.009	72.832	-118.99	-60.297	-15.375	-33.08	21.474	-71.57
-5.8827	-11.873	10.048	5.0554	-3.1865	4.0516	1.9782	2.429	0.53588	-2.7268	-0.5367	2.0726	0.42367	-2.1032	3.1864	-277.63	61.783	-113.63	-56.152	86.163	14.102	-20.677	95.116	2.8129	-8.4794	16.009	-9.3089	27.72
-6.7406	-16.61	9.5613	4.1837	-1.9142	2.3741	2.4117	2.5571	-0.4241	-1.5604	-0.54318	1.6012	1.0647	-2.0724	-34.318	-189.49	-19.467	-34.868	50.892	-67.102	17.337	5.1236	-38.399	46.657	-0.25907	-18.856	25.642	1.2284
-7.1152	-18.825	7.5607	3.3384	-1.7311	3.6282	2.7878	1.873	-0.32748	-2.3892	0.55762	2.7331	0.51542	-1.9285	-14.983	-88.598	-80.021	-33.812	7.3261	50.168	15.047	-27.364	3.8647	-33.153	44.032	45.278	-21.972	5.7584
-7.1496	-22.574	4.7496	4.1558	-0.38477	4.0231	4.5755	2.3285	0.77421	-2.1673	-0.65201	2.1814	0.64981	-0.97214	-1.3745	-149.95	-112.44	32.697	53.853	15.794	71.508	18.221	44.068	8.8751	-48.385	-22.07	5.3756	38.254
-5.5961	10.23	-1.1105	3.8372	-3.8204	0.090027	1.7218	1.1557	-0.34536	1.137	1.1759	1.3019	-0.15022	0.39728	62.14	1312.2	-234.4	-12.742	-137.43	-157.32	-114.15	-46.915	-44.783	132.17	73.117	-35.178	-32.001	54.777
-4.6166	25.781	-0.56336	4.32	-3.9999	-0.18647	1.3216	0.58634	-0.95174	0.71108	0.95256	1.2987	-0.32985	0.25477	39.176	622.03	21.884	19.312	-7.1798	-11.06	-16.007	-22.773	-24.255	-17.035	-8.934	-0.1291	-7.1852	-5.7003
-3.9219	22.328	4.8965	2.2245	0.86479	4.5157	3.7566	-0.20714	-1.638	-2.4837	-0.66576	-0.080635	0.1983	-0.97553	27.788	-138.12	218.39	-83.823	194.59	188.09	97.397	-31.739	-27.452	-127.79	-64.733	-55.173	21.126	-49.212
-3.6812	18.225	6.3232	4.8413	2.3782	4.7021	0.89622	-1.8247	-1.8407	0.10373	0.36266	-0.15119	1.4086	-2.5773	9.6314	-164.12	57.068	104.67	60.537	7.4554	-114.41	-64.705	-8.1055	103.5	41.137	-2.8224	48.412	-64.072
-3.8905	16.719	5.0012	1.6898	2.5903	6.9858	1.8546	-3.6252	-2.3059	0.39501	0.20133	-2.0771	1.2928	-0.84373	-8.3755	-60.273	-52.879	-126.06	8.4823	91.351	38.337	-72.017	-18.608	11.651	-6.4528	-77.036	-4.6336	69.344
-4.6687	5.5114	3.3832	3.6489	2.9371	6.9431	1.4707	-3.3674	-1.407	1.2446	0.038275	-3.9014	1.3909	0.15272	-31.128	-448.29	-64.721	78.364	13.873	-1.7088	-15.359	10.311	35.954	33.983	-6.5224	-72.971	3.9253	39.858
-5.99	-4.6965	-3.9616	1.6296	4.8269	7.058	2.2985	-4.6378	-0.69852	0.9215	0.33236	-0.70582	-0.72354	0.45072	-52.849	-408.32	-293.79	-80.773	75.594	4.5973	33.112	-50.816	28.34	-12.923	11.763	127.82	-84.577	11.92
-9.1357	-41.02	-7.2147	-4.0431	0.57296	4.3494	3.11	-2.8424	-0.88381	1.5614	1.6558	-0.74041	-1.5167	0.67473	-125.83	-1452.9	-130.12	-226.91	-170.16	-108.35	32.462	71.813	-7.4118	25.596	52.936	-1.3835	-31.728	8.9602
-9.9948	-69.365	-15.006	-0.12408	-2.393	2.3675	1.4257	-0.85417	-0.46758	0.83915	0.805	0.53821	-0.73327	1.6753	-34.363	-1133.8	-311.66	156.76	-118.64	-79.274	-67.371	79.531	16.649	-28.89	-34.031	51.145	31.339	40.023
-10.105	-42.049	-24.024	1.1249	-5.5865	2.6707	6.3919	1.1818	-2.5935	1.3114	0.25354	0.4913	-3.0701	-0.19726	-4.405	1092.6	-360.7	49.959	-127.74	12.128	198.65	81.437	-85.037	18.889	-22.058	-1.8764	-93.473	-74.903
-10.097	-51	-17.731	-0.029445	-4.1475	3.2429	3.2406	-1.586	-3.4741	0.97044	0.35811	0.86332	-1.4652	1.1988	0.30127	-358.07	251.7	-46.174	57.56	22.887	-126.05	-110.71	-35.226	-13.637	4.183	14.88	64.194	55.841
-10.437	-44.862	-13.782	-8.6183	-7.3271	3.6641	6.6718	1.4991	-2.1889	-2.4281	1.1095	0.46878	-0.6548	0.63443	-13.583	245.53	157.97	-343.55	-127.19	16.847	137.25	123.41	51.41	-135.94	30.055	-15.781	32.418	-22.573
-5.365	-17.64	-1.8584	-1.119	-8.5399	2.1619	6.7556	3.7612	0.71046	1.0141	-0.23348	1.0084	-1.3724	-0.04958	202.88	1088.9	476.94	299.97	-48.51	-60.087	3.3527	90.484	115.97	137.69	-53.719	21.584	-28.706	-27.36
-3.1949	26.726	-0.15786	-4.8403	-9.0586	-2.5436	7.8937	1.2119	1.3608	-2.8662	-1.4043	1.8493	0.9704	0.72072	86.806	1774.6	68.023	-148.85	-20.749	-188.22	45.526	-101.97	26.012	-155.21	-46.831	33.637	93.714	30.812
-2.9591	47.464	-0.83596	-2.7573	-5.0086	-1.8805	8.1356	3.2286	3.4335	-2.1574	-0.62728	1.8643	1.6298	0.61849	9.4289	829.54	-27.124	83.32	162	26.526	9.6749	80.666	82.908	28.351	31.079	0.59753	26.377	-4.0894
-3.1712	44.96	-5.1196	-2.5648	-0.34164	-0.78602	1.3258	1.3521	2.7538	-0.84191	-0.92941	0.54203	0.98611	0.95279	-8.4821	-100.19	-171.34	7.6984	186.68	43.778	-272.39	-75.058	-27.186	52.62	-12.085	-52.889	-25.749	13.372
-4.757	21.716	-6.409	-1.1572	0.54278	-5.5941	-0.98282	1.2982	1.627	0.45453	1.9532	0.36079	-0.26779	1.1129	-63.43	-929.75	-51.576	56.306	35.377	-192.32	-92.346	-2.1593	-45.071	51.857	115.31	-7.2498	-50.156	6.4059
-6.0136	17.137	-5.9422	-0.39773	-0.19375	-4.5805	0.14431	1.9166	0.86168	-1.8368	1.8677	-1.3199	-1.2155	2.2146	-50.266	-183.14	18.67	30.378	-29.461	40.541	45.085	24.739	-30.614	-91.654	-3.4219	-67.229	-37.908	44.065
-6.3864	12.016	-3.5157	-0.82631	-0.79812	-3.8102	1.3692	2.978	1.467	-0.77084	2.1949	-1.159	-2.1806	0.24771	-14.911	-204.85	97.059	-17.143	-24.175	30.814	48.995	42.453	24.213	42.639	13.088	6.4389	-38.604	-78.674
-6.8264	6.7612	-4.926	-2.6354	-0.89373	-5.879	2.0021	2.3932	1.6497	-0.4856	1.7056	-1.1456	-2.4618	0.49956	-17.6	-210.2	-56.41	-72.365	-3.8244	-82.753	25.317	-23.39	7.3097	11.41	-19.571	0.53676	-11.249	10.074
-6.4312	4.1387	-2.9254	-2.7352	-3.2425	0.066327	3.977	1.6219	2.7106	-0.80296	-0.71731	-0.26918	-1.068	0.54525	15.807	-104.9	80.024	-3.9891	-93.951	237.81	78.996	-30.851	42.434	-12.694	-96.916	35.055	55.754	1.8274
-4.2669	16.081	11.196	0.32546	-3.5286	1.0247	2.7235	1.0277	-1.1459	-1.7895	-0.60271	2.7186	0.29793	-1.3554	86.573	477.68	564.86	122.43	-11.443	38.333	-50.141	-23.771	-154.26	-39.461	4.584	119.51	54.636	-76.025
-3.764	25.524	10.957	-1.9633	-0.25551	0.1955	3.5311	-0.55771	-3.8489	-0.32917	-0.050267	1.4607	0.02421	-1.217	20.116	377.74	-9.5461	-91.549	130.92	-33.166	32.304	-63.415	-108.12	58.413	22.098	-50.317	-10.949	5.5356
-3.7293	25.445	8.0178	-1.7931	2.7778	1.0742	3.2081	-2.9969	-3.5325	0.50959	1.988	-1.7514	0.74093	-1.5006	1.389	-3.1848	-117.58	6.8061	121.33	35.15	-12.92	-97.568	12.654	33.55	81.53	-128.48	28.669	-11.344
-3.8744	25.171	5.8552	-1.333	4.0882	2.5524	0.31617	-2.6532	-2.5986	2.2143	1.0362	-3.3202	1.1063	-0.67292	-5.8056	-10.956	-86.506	18.403	52.418	59.125	-115.68	13.747	37.356	68.19	-38.071	-62.751	14.615	33.106
-4.017	23.256	5.0809	-1.4133	6.5172	3.0265	-2.7809	-2.3928	-0.39107	2.8092	-0.79093	-4.0744	2.3649	-0.59014	-5.703	-76.607	-30.972	-3.2097	97.16	18.967	-123.88	10.419	88.303	23.795	-73.085	-30.17	50.345	3.3113
-4.1292	18.894	5.5445	-0.82323	7.3545	2.841	-4.6348	-2.1921	1.4351	2.7434	-2.0625	-3.2384	2.3453	-0.004296	-4.4871	-174.47	18.544	23.602	33.491	-7.4234	-74.156	8.0251	73.046	-2.6327	-50.864	33.441	-0.78526	23.434
-4.2918	15.015	6.1319	1.27	5.2107	4.7288	-6.5413	-1.7856	3.7208	1.1467	-2.4281	-2.8831	2.5999	0.17985	-6.5045	-155.15	23.497	83.731	-85.753	75.512	-76.259	16.261	91.427	-63.868	-14.623	14.21	10.183	7.3658
-4.5115	13.842	5.8659	2.5498	4.4457	5.0134	-6.7576	-1.2409	3.9736	1.0061	-2.6285	-2.76	3.0939	-0.37471	-8.7896	-46.909	-10.639	51.19	-30.598	11.384	-8.653	21.787	10.115	-5.6237	-8.0169	4.9244	19.761	-22.183
-4.5435	13.69	5.991	2.4081	4.9864	3.3069	-5.0359	-1.3704	4.3685	0.051679	-2.2317	-2.4536	2.9698	0.12677	-1.2789	-6.1067	5.0035	-5.668	21.627	-68.258	68.868	-5.1803	15.793	-38.177	15.872	12.257	-4.9659	20.059
-4.5807	12.905	7.2499	2.3563	3.8417	2.773	-2.6232	-1.3232	1.3199	1.3785	-0.53563	-3.7702	2.6693	0.97977	-1.4895	-31.367	50.354	-2.0734	-45.786	-21.357	96.51	1.89	-121.94	53.071	67.844	-52.663	-12.017	34.12
-4.8789	4.8998	11.553	-0.17914	2.8014	3.0482	0.37144	-1.7634	-0.1941	1.5176	0.47535	-3.0315	1.8088	0.1234	-11.926	-320.22	172.13	-101.42	-41.614	11.01	119.78	-17.61	-60.559	5.5651	40.439	29.548	-34.42	-34.255
-5.4941	-10.477	13.381	1.1913	-2.1217	4.6704	1.6126	-1.4315	1.007	0.04146	0.992	-2.0741	0.57413	0.94881	-24.608	-615.08	73.127	54.816	-196.92	64.888	49.647	13.277	48.043	-59.045	20.666	38.295	-49.388	33.017
-5.63	-6.5256	13.872	0.31326	-2.2855	4.6081	1.1994	-1.7315	1.1482	-0.6086	1.3252	-0.66955	-0.29218	0.36833	-5.4358	158.07	19.622	-35.12	-6.5535	-2.4929	-16.528	-12.001	5.6498	-26.002	13.33	56.181	-34.652	-23.22
-5.1239	-0.57643	15.071	-2.3997	-1.0578	5.3469	-0.10573	-2.5927	1.0089	-0.94504	1.719	-0.45769	-1.0835	0.15472	20.244	237.97	47.975	-108.52	49.108	29.552	-52.205	-34.447	-5.5734	-13.458	15.749	8.4745	-31.654	-8.544
-4.7884	5.1041	14.645	-3.2171	0.079238	6.165	-1.179	-2.6124	0.67751	0.54207	0.8101	-0.31616	-0.39802	-0.014495	13.42	227.22	-17.056	-32.699	45.483	32.723	-42.933	-0.78701	-13.255	59.485	-36.354	5.6613	27.42	-6.7688
-4.6244	7.5257	16.854	-5.317	-1.4285	6.3056	-0.81866	-2.4193	0.16793	0.88597	1.9687	-0.44346	-0.090853	-0.12795	6.5593	96.864	88.374	-83.995	-60.308	5.6243	14.415	7.7249	-20.383	13.756	46.346	-5.0922	12.287	-4.5384
-4.6457	9.4492	15.802	-3.6249	-3.3968	6.0111	-1.7725	-1.6195	0.96486	-1.2245	3.1543	0.26748	-0.73881	0.41277	-0.85182	76.941	-42.093	67.685	-78.734	-11.78	-38.153	31.989	31.877	-84.417	47.422	28.438	-25.918	21.629
-4.5235	7.0863	16.641	-3.1316	-3.1292	4.8017	-1.6304	-0.83787	-0.99706	-1.5005	3.7151	0.60636	-0.57638	0.7508	4.8891	-94.517	33.575	19.732	10.704	-48.377	5.6817	31.267	-78.477	-11.043	22.431	13.555	6.4972	13.521
-4.5731	7.5469	17.099	-5.6104	-3.0661	6.9965	-4.2317	-0.63908	-0.68971	-1.7766	4.2842	0.49645	-0.12538	0.63991	-1.9862	18.424	18.309	-99.153	2.5251	87.792	-104.05	7.9517	12.294	-11.044	22.764	-4.3962	18.04	-4.4355
-4.7742	2.7864	15.908	-4.3631	-1.8763	6.3388	-3.4939	-0.73372	-1.1211	-1.8559	3.8022	2.2702	-1.7095	0.31702	-8.044	-190.42	-47.63	49.895	47.592	-26.305	29.512	-3.7857	-17.257	-3.1709	-19.277	70.949	-63.366	-12.916
-5.0664	2.1154	14.577	-3.5721	-1.9128	6.462	-3.2522	-1.4314	-0.82816	-1.9572	3.2815	1.8828	-1.617	0.64163	-11.686	-26.838	-53.234	31.64	-1.4613	4.927	9.6669	-27.906	11.719	-4.0503	-20.83	-15.497	3.7004	12.984
-5.305	-1.3741	14.365	-2.4599	-0.055592	5.1633	-4.6258	-1.4332	-0.53922	-1.9654	2.9041	1.5376	-1.0249	0.22944	-9.5436	-139.58	-8.4775	44.485	74.289	-51.947	-54.945	-0.071505	11.558	-0.33104	-15.096	-13.804	23.686	-16.487
-5.7705	-5.9997	12.193	-0.3776	1.6114	4.2531	-4.5064	-0.62133	-1.0515	-1.7547	2.5989	1.4917	-1.1504	0.3714	-18.621	-185.02	-86.885	83.293	66.68	-36.407	4.7754	32.473	-20.493	8.4301	-12.209	-1.8377	-5.0203	5.6783
-6.388	-6.1818	7.0033	-1.8551	5.194	2.9053	-0.92368	2.0096	-3.0427	-2.7929	2.2696	1.632	0.49702	-0.15627	-24.701	-7.2827	-207.6	-59.098	143.3	-53.915	143.31	105.24	-79.647	-41.529	-13.173	5.6137	65.896	-21.107
-5.9546	2.5455	-9.4143	-3.009	5.8708	-0.67772	1.5508	3.4033	-2.502	0.86932	3.7346	-0.40314	-0.23765	-0.67032	17.338	349.09	-656.7	-46.159	27.073	-143.32	98.978	55.747	21.63	146.49	58.603	-81.407	-29.387	-20.562
-4.9253	10.569	-18.992	0.11046	7.1231	-4.0481	1.8405	2.4637	-0.13544	0.99655	0.11743	-0.77655	-0.15045	-1.2104	41.169	320.94	-383.12	124.78	50.089	-134.82	11.59	-37.584	94.661	5.089	-144.69	-14.937	3.4883	-21.602
-4.4753	13.874	-24.275	-0.08376	5.2612	-5.3309	1.8781	0.67945	-1.6349	2.193	1.1591	1.3455	0.86258	-0.48162	18.003	132.2	-211.32	-7.7687	-74.476	-51.312	1.5019	-71.368	-59.977	47.858	41.668	84.884	40.521	29.15
-4.2152	17.404	-22.19	2.094	3.7113	-6.2705	0.68409	0.55389	-0.87405	1.5789	-0.56118	-1.3964	0.99538	0.3304	10.404	141.18	83.429	87.112	-61.995	-37.584	-47.76	-5.0222	30.433	-24.564	-68.812	-109.68	5.3119	32.481
-4.0663	18.849	-22.996	-1.5022	2.686	-6.3244	1.1151	0.4993	-3.2876	0.22583	0.90873	-0.5533	-0.47407	-0.85754	5.955	57.805	-32.235	-143.85	-41.01	-2.1566	17.242	-2.1836	-96.541	-54.123	58.796	33.724	-58.778	-47.517
-4.0289	20.53	-20.847	-2.2156	3.5433	-5.8418	2.2231	1.6383	-3.439	0.97902	2.3233	0.63576	0.25756	0.61737	1.4969	67.247	85.938	-28.536	34.291	19.305	44.321	45.559	-6.0578	30.128	56.582	47.562	29.265	58.996
-4.4977	20.702	-19.102	-4.9554	3.8363	-5.6677	-0.51956	3.1295	-1.6019	-0.62904	2.3953	-0.63293	0.10449	0.50634	-18.752	6.8806	69.808	-109.59	11.718	6.9653	-109.71	59.648	73.484	-64.323	2.8802	-50.748	-6.1227	-4.4411
-5.1356	14.521	-13.673	-2.9284	2.7064	-3.3636	0.65699	1.8588	-1.9621	-0.324	0.51607	-2.3771	-1.0527	1.627	-25.518	-247.23	217.17	81.081	-45.196	92.161	47.062	-50.825	-14.409	12.201	-75.168	-69.768	-46.289	44.827
-6.9345	4.2934	-9.9027	-4.7043	-0.43462	-3.8527	-0.96109	-0.9196	-2.2268	-2.0348	-0.0042412	-2.0634	-0.62961	0.8314	-71.954	-409.12	150.79	-71.036	-125.64	-19.564	-64.723	-111.14	-10.588	-68.433	-20.813	12.549	16.925	-31.825
-8.2182	-8.0061	-10.405	-5.8557	-0.86657	-1.4736	-1.3177	-0.79449	-0.83797	-0.9689	-0.19139	-1.7064	-0.36422	-1.1117	-51.35	-491.98	-20.08	-46.058	-17.278	95.164	-14.265	5.0048	55.555	42.637	-7.4859	14.279	10.616	-77.726
-8.9399	-13.897	-10.921	-4.4467	-1.8412	-1.0719	-0.079166	-2.0434	-0.8934	-0.85346	0.36095	0.094213	-0.57002	-1.1222	-28.866	-235.63	-20.641	56.362	-38.984	16.071	49.542	-49.956	-2.2173	4.6178	22.094	72.026	-8.2323	-0.41817
-9.1513	-15.864	-12.102	-6.4003	-2.4027	-0.099446	1.7496	-0.41512	0.28435	-2.1251	0.53117	-0.79196	-0.55428	0.36287	-8.4592	-78.68	-47.249	-78.146	-22.46	38.896	73.15	65.13	47.11	-50.865	6.8086	-35.447	0.62961	59.403
-9.0205	-15.933	-13.544	-4.0973	-1.6898	-1.4195	1.4419	-0.17202	2.158	-1.4674	0.34007	-0.95242	-0.57667	-0.036918	5.2314	-2.7649	-57.676	92.121	28.516	-52.802	-12.306	9.7241	74.946	26.309	-7.6437	-6.4186	-0.8955	-15.992
-9.2419	-17.703	-15.063	-1.0329	-0.25615	-1.133	0.2907	-0.64705	0.86358	-0.8989	0.23889	-0.66271	-0.5235	-0.082037	-8.8548	-70.81	-60.766	122.58	57.344	11.46	-46.049	-19.001	-51.777	22.738	-4.0474	11.588	2.1268	-1.8048
-9.7097	-28.371	-14.359	-0.85871	-1.7641	0.44115	-0.87771	-0.8599	0.84658	0.067907	0.85049	0.065911	0.36946	0.43155	-18.711	-426.71	28.143	6.9659	-60.316	62.967	-46.737	-8.514	-0.68001	38.672	24.464	29.145	35.718	20.544
-10.421	-35.485	-10.248	-1.9177	-4.5261	-0.24511	0.48808	1.1975	2.483	3.4061	2.0115	1.5978	1.0772	1.2902	-28.455	-284.58	164.47	-42.361	-110.48	-27.45	54.632	82.295	65.457	133.53	46.442	61.275	28.309	34.346
-10.755	-42.811	-2.8071	-3.1197	-5.9317	-1.7284	-1.1905	0.74796	2.9572	1.0462	1.9399	-0.7086	0.50665	0.4034	-13.338	-293.02	297.63	-48.078	-56.221	-59.33	-67.145	-17.981	18.967	-94.397	-2.8651	-92.256	-22.821	-35.472
-10.067	-43.617	1.9619	-1.2639	-5.0811	-0.57931	-2.1319	0.97476	2.2526	1.4491	1.1004	0.19957	1.3884	0.16987	27.482	-32.262	190.76	74.229	34.022	45.963	-37.653	9.0719	-28.185	16.115	-33.582	36.327	35.272	-9.3414
-6.9179	-28.1	12.139	5.7935	-0.93788	-0.060839	-4.1962	-0.57963	0.78208	0.77903	0.5251	-1.1248	-0.87747	1.1997	125.99	620.68	407.09	282.3	165.73	20.739	-82.572	-62.176	-58.819	-26.801	-23.011	-52.975	-90.637	41.193
-4.9003	-7.7138	20.629	4.0968	-5.2409	-1.5084	-4.8262	0.091717	2.6563	1.5467	0.42742	-2.042	0.22291	0.34472	80.704	815.46	339.59	-67.869	-172.12	-57.904	-25.201	26.854	74.967	30.706	-3.9072	-36.686	44.015	-34.198
-4.4846	-7.2944	18.288	5.6295	-4.9118	-2.9895	-7.1858	2.8371	3.0203	1.2006	0.17744	-2.5827	0.22921	1.0688	16.627	16.779	-93.618	61.306	13.165	-59.244	-94.383	109.82	14.561	-13.842	-9.9995	-21.631	0.25176	28.964
-4.6872	-2.779	16.366	3.3251	-5.304	-0.88577	-8.5755	3.804	2.9619	0.14125	1.5671	-2.2389	0.18086	1.8807	-8.1051	180.62	-76.891	-92.173	-15.691	84.151	-55.589	38.674	-2.3352	-42.375	55.585	13.756	-1.9338	32.476
-4.7581	-3.4493	16.99	1.7757	-4.802	-1.9446	-7.9517	3.5282	3.1974	-0.4072	2.1296	-2.4279	0.4541	2.9597	-2.8337	-26.812	24.953	-61.978	20.08	-42.355	24.954	-11.033	9.4201	-21.938	22.5	-7.5619	10.929	43.159
-5.027	-0.96103	14.262	1.3587	-5.3451	-2.1669	-6.5422	3.0681	4.571	-0.2341	0.84042	-1.1977	0.28276	3.129	-10.757	99.53	-109.13	-16.678	-21.723	-8.8899	56.377	-18.402	54.943	6.9243	-51.566	49.206	-6.8536	6.7718
-5.2877	-4.8873	15.269	1.1762	-6.075	-1.6145	-3.9593	2.5163	3.2838	-0.14038	0.33584	0.65185	0.12791	1.4188	-10.427	-157.05	40.302	-7.3034	-29.194	22.093	103.32	-22.072	-51.485	3.7485	-20.183	73.984	-6.1939	-68.406
-5.3334	-4.8522	14.795	-0.72568	-4.6515	-1.526	-3.0088	1.0938	2.1894	0.76079	0.11948	2.1187	0.03423	0.95253	-1.83	1.4022	-18.964	-76.073	56.939	3.5421	38.023	-56.898	-43.779	36.047	-8.6544	58.673	-3.7473	-18.652
-5.7488	-7.3949	13.726	1.1616	-6.1293	0.28276	-2.0247	-0.0085013	1.9487	2.1663	0.494	-0.096927	0.44814	2.1268	-16.616	-101.71	-42.755	75.49	-59.113	72.35	39.363	-44.094	-9.6286	56.219	14.981	-88.624	16.557	46.971
-6.543	-15.779	12.388	2.0987	-4.3927	-0.35295	-0.86764	-0.10698	1.2372	0.7227	0.66854	0.4473	0.0073811	1.9259	-31.77	-335.37	-53.556	37.484	69.466	-25.428	46.282	-3.939	-28.46	-57.742	6.9814	21.769	-17.631	-8.0348
-7.3758	-19.979	7.754	1.0993	-3.2573	1.2309	2.789	-0.84785	0.92103	-0.38739	0.18689	1.1751	-0.13288	1.3009	-33.309	-168	-185.34	-39.975	45.414	63.353	146.27	-29.635	-12.645	-44.404	-19.266	29.111	-5.6103	-25.002
-8.2031	-30.091	3.2426	2.521	0.90217	4.5865	4.4848	-0.61208	0.77452	-0.2195	-0.75627	0.30834	0.7052	0.92163	-33.092	-404.47	-180.46	56.869	166.38	134.23	67.832	9.4305	-5.8604	6.7158	-37.726	-34.669	33.523	-15.17
-8.6038	-33.846	2.2202	3.0118	2.176	6.8213	4.3519	-0.16654	-0.91611	-1.7092	-1.4392	0.096879	1.9223	0.81063	-16.03	-150.21	-40.896	19.632	50.954	89.393	-5.3178	17.822	-67.625	-59.588	-27.317	-8.4584	48.685	-4.44
-8.5657	-31.909	3.4371	2.7219	1.0564	4.6524	4.4081	-1.6217	1.421	-1.6274	-3.1299	1.2225	1.5368	1.9166	1.5245	77.491	48.677	-11.594	-44.785	-86.757	2.2471	-58.207	93.484	3.2728	-67.627	45.024	-15.422	44.237
-8.423	-26.605	2.817	0.35848	1.4807	5.1787	4.5502	-0.4171	-0.24751	-1.2433	-1.2785	-0.017574	0.47655	2.0612	5.7099	212.16	-24.805	-94.539	16.974	21.053	5.6854	48.185	-66.74	15.363	74.055	-49.602	-42.409	5.7868
-7.9087	-19.22	4.6127	1.0176	0.62098	2.5007	2.0483	-0.63776	-0.46632	-0.97837	-0.78271	-0.91952	0.95707	2.6298	20.569	295.4	71.827	26.366	-34.391	-107.12	-100.08	-8.8264	-8.7524	10.597	19.831	-36.078	19.221	22.743
-7.0698	-16.013	8.5421	1.9513	-1.4607	3.4858	0.41753	-2.051	-2.4733	-1.1479	1.0406	2.7662	0.22228	0.98749	33.558	128.31	157.18	37.349	-83.266	39.403	-65.229	-56.528	-80.278	-6.7826	72.933	147.43	-29.391	-65.693
-6.605	-6.415	6.5293	0.09643	-1.6622	3.5646	-0.061139	-2.0538	-2.1471	-0.025266	2.5945	2.1003	-1.0311	0.99601	18.591	383.9	-80.514	-74.197	-8.0616	3.1504	-19.147	-0.11457	13.049	44.907	62.156	-26.639	-50.136	0.34073
-6.5703	-2.8438	3.0461	0.95549	0.75264	2.6068	-1.3274	-2.4888	-2.3809	0.43476	2.5957	0.78516	-0.28379	0.97468	1.3878	142.85	-139.33	34.362	96.594	-38.312	-50.651	-17.398	-9.3555	18.401	0.046836	-52.604	29.893	-0.85331
-6.8053	-2.9943	0.64902	2.3778	2.8418	2.8333	-1.886	-4.8537	0.24657	0.76754	1.4382	-0.62314	0.22888	1.0404	-9.3991	-6.0209	-95.882	56.893	83.566	9.061	-22.343	-94.597	105.1	13.311	-46.299	-56.332	20.507	2.6277
-7.0151	-11.096	2.1107	1.4334	5.3203	4.1338	-4.3107	-1.3186	-0.54342	1.5976	-0.66387	-2.2348	0.51778	0.84082	-8.3937	-324.05	58.467	-37.777	99.139	52.019	-96.989	141.4	-31.6	33.2	-84.083	-64.466	11.556	-7.9819
-7.4419	-14.573	0.45103	0.79343	4.5651	3.4548	-4.207	0.93024	1.0228	-0.23846	-1.1327	0.19133	0.8233	0.58116	-17.069	-139.1	-66.386	-25.598	-30.206	-27.159	4.147	89.956	62.65	-73.44	-18.753	97.045	12.221	-10.387
-8.0832	-18.877	-1.8539	1.0018	5.1283	2.5142	-4.6621	2.0998	1.9292	1.8673	0.12576	-1.3556	-0.15294	0.29442	-25.653	-172.16	-92.196	8.3367	22.527	-37.626	-18.204	46.784	36.256	84.232	50.338	-61.879	-39.05	-11.47
