-5.85824 -24.5039027868853 -2.21559540983607 2.41932696721312 -0.0760205245901639 2.81001360655738 -0.501759196721312 0.882868196721311 -0.224928501639344 0.428048632786885 -0.407765393442623 0.378374501639344 -0.295727610819672 -0.933464163934426 -26.3281754098361 -273.463737704918 -112.263857377049 50.0329468852459 14.4506868852459 23.5662245901639 -3.0176868852459 6.17522786885247 2.12620655737705 13.6735752459016 2.91425439344262 10.3456655737705 0.756457213114753 -2.06450409836065
-4.35562277777778 -5.7811 3.31958061111111 0.22282 0.715802555555556 2.613715 -0.183051555555556 -0.304436666666667 -0.680920444444444 0.221947444444444 0.642966555555555 -0.0618930777777779 -0.818734666666667 0.520102794444444 51.6797611111111 401.575555555556 495.987222222222 68.2975111111111 -25.7360222222222 -54.2857822222222 24.9502944444444 -72.6668777777778 -35.4655055555556 -7.07416666666667 -6.60592222222222 -16.7611566666667 -4.15371111111111 8.20212222222222
-4.288403 -8.184015 -0.970600000000001 -2.8750785 -1.327171 1.5591225 -0.1653409 -0.3530025 -0.164085 1.02906465 -0.0871445000000001 -0.3744177 0.5895265 0.4016245 90.2487 932.6945 174.776155 -48.869212 -11.16386 -102.38363 39.31795 -85.49992 -28.1493 -16.709194 6.73159 -44.005285 23.38028 15.704703
-3.26019826 6.61436 -0.084937004 -0.69849 0.1699866 0.10571478 0.35046072 -0.682731724 -0.31818942 -0.197787 0.02408008 -0.10706484 -0.0405518218 0.10406532 31.0721486 448.4754 -12.621793 -10.5297994 17.27756836 -39.779036 24.975112 -52.125658 -7.480158 -8.20632 6.3280974 -9.4195046 9.0688584 0.672737999999999
-5.516975 -7.9441625 -3.67370625 -2.554562625 0.1499125 -0.4600625 -1.87607 3.07481375 0.71650625 -0.174825 0.177298625 -0.2117575 -1.302425 -0.02886375 45.412275 842.54625 -168.915625 -273.905 117.503875 -44.1643125 -41.87618375 36.815375 -60.313375 -14.63226875 47.50875 14.705375 -61.1284125 54.9241625
-5.10664615384615 -24.2435 3.22686961538461 1.68928884615385 0.715028076923077 4.40615076923077 -0.130231615384615 0.316289076923077 0.200774269230769 1.15968096153846 -1.32928896153846 0.510109653846154 0.723788711538461 -0.734605769230769 -38.1364230769231 -828.820384615384 45.6050115384615 120.932923076923 -63.6966884615385 82.3477192307692 -10.8219923076923 55.4079538461538 24.1757346153846 13.8311773076923 -3.00841153846154 14.0382623076923 -4.273955 -14.4311730769231
-2.01058720754717 15.0796583018868 2.39562436226415 -0.586609690566038 -0.873534939622642 -2.1343944 0.650311720754717 -0.497470219622641 0.230431535283019 -0.33386104 0.506187785584906 -0.0468345396226415 0.0764398260377359 0.413825131698114 -0.578474948679246 33.8970635849057 -30.1735181509434 1.91864716981132 10.6906857924528 -2.90774670188679 -7.68543498113208 -1.27896022641509 -1.27421856603774 1.01762781132076 1.32259776226415 1.13335966792453 -0.410194716981131 0.361932630188679
-3.44747301941748 -1.12707893203883 0.495494126213591 0.571888145631068 -0.0267053398058252 0.771660805825243 -0.0911423883495145 -0.333858252427184 -0.0779666398058254 0.0547248834951457 -0.358889398058253 -0.136605679611651 -0.144818344660194 -0.0532769155339804 12.458645631068 217.686601941748 -21.090945631068 -45.2941852330097 -7.3861640776699 -5.17680970873787 -3.4107959223301 -17.7551005825243 1.47995242718447 -5.86200378640777 -1.03030017475728 0.199486310679612 -1.24729281553398 3.15544951456311
-5.895488125 -6.348366875 -7.7761875 -6.03770625 -0.665679375 1.199740375 -1.2911776875 1.852435625 -1.45571125 -0.3150301875 -0.164472375 0.6954525625 -0.944119375 0.290972 106.86336875 2002.4875 124.135075 -275.9443125 62.77969375 -145.89275 4.25773125 -72.53175 -46.3212375 -47.7306875 7.82409375 -7.1462125 -14.598175 27.37330625
-6.61217857142857 -39.8515071428571 1.03663 2.49512357142857 -0.482547142857143 4.78109857142857 0.329398 2.04280142857143 -0.142225 1.83070822857143 -1.92950928571429 -0.246262214285714 -0.0682472857142857 -0.539487385714286 -116.243714285714 -1348.05 -88.8123571428572 140.747471428571 -55.3632857142857 94.5261214285714 -34.3749214285714 118.981207142857 70.1894785714286 10.8035921428571 -3.80211428571429 1.01317857142857 -49.0802857142857 9.11915
-6.60461020408163 -24.3752962040816 -13.6369297959184 -1.05470779591837 1.83793346938776 3.72058367346939 -2.09174551020408 2.61163795918367 1.02036506122449 0.272697591836735 -0.437094183673469 0.293412346938776 -0.706428926530612 -0.533031204081633 -16.4029658979592 -88.7767283673469 -320.420816326531 -58.4345795918367 7.69465102040816 -8.41880367346939 -21.0193795918367 36.9785224489796 17.7484350408163 -6.63701691836735 2.39866326530612 9.17030836734694 6.70170408163265 -6.22410204081633
-3.4527872 1.9670419 -1.3793254 -0.17845176 0.34967388 0.3450229 -0.0534346 -0.1480548 -0.121491193 0.15243429 -0.1519983 -0.316684573 0.09660229 0.125957212 7.7048209 46.887533 96.164834 -14.688589 -41.71799218 -17.613465 25.84560165 -6.6666772 1.8735514 4.0933763 3.672902 -1.6748553 3.8286401 -2.10508648
-2.58736685163865 6.56354016806723 2.0820626302521 0.376053445378151 0.0324430886554623 -1.88283567941177 0.225457237184874 -0.623770470588236 -0.0356693403361344 -0.0851314138655462 0.170593182352941 -0.220647091596639 0.264709735294118 0.133277636512605 -5.93674497142857 -102.938193277311 17.125451092437 6.3317040210084 9.7190218277311 7.16550852941177 -3.38996092436975 6.81800638655462 -3.76151642857143 0.925560915966387 -2.43494241596639 0.207015243697479 1.57477441176471 -3.43314790756303
-4.48200681818182 -9.30401575757575 -1.09146318181818 -0.534683848484848 0.896533484848485 1.98322413636364 -0.681883181818182 0.568320389393939 -0.0562683303030303 -0.175902412121212 -0.150669454545454 0.675268439393939 0.0476870712121212 -0.745278583333333 -22.5781287878788 -360.042727272727 93.3733648484849 20.6724575757576 -40.6906454545455 38.1189257575758 2.73155075757576 18.9591322727273 8.26977636363637 0.584033030303031 -7.35633272727273 5.14206757575758 -0.625969696969696 -2.62298484848485
-6.76086666666667 -36.7617583333333 -4.91352 4.06077404166667 0.47855925 3.51349083333333 -0.109339125 1.94536041666667 -0.473832916666667 0.123779166666667 -0.91596625 0.578533041666667 -0.359308791666667 -0.820185208333333 -40.5908654166667 -596.99875 -247.612875 84.7537833333333 50.6076125 49.7660416666667 -1.22120833333333 48.100875 16.0020708333333 6.12698333333333 -11.680675 -10.2021041666667 -3.39938333333333 1.81936666666667
-5.30786363636364 -14.8142272727273 -2.80486363636364 -0.59757 3.47666363636364 4.57105909090909 -0.637155454545455 1.73395636363636 -0.709901272727273 -0.637378181818182 0.672380909090909 0.860005 -0.657754545454545 0.278915454545455 26.2523090909091 -178.868245454545 450.487272727273 182.632390909091 57.2470818181818 57.9546363636364 44.5171 35.5418181818182 -5.02999090909091 -3.10932727272727 -9.65630363636363 3.81679090909091 8.86263636363636 12.1852727272727
