-5.4586	-0.7721	0.84428	-2.91	-10.49	1.3161	2.3766	-0.96282	0.54884	-1.4653	0.32074	0.59174	-1.2162	1.3202	0	0	0	0	0	0	0	0	0	0	0	0	0	0
-5.3317	-9.5148	2.2855	-1.5702	-11.475	0.98524	4.0214	0.20583	0.17044	-0.15931	0.16791	2.2186	-0.03329	0.37597	5.0757	-349.71	57.647	53.59	-39.415	-13.233	65.792	46.746	-15.136	52.239	-6.1132	65.073	47.317	-37.77
-6.0828	-11.545	-4.8694	-2.5685	-7.0435	1.2167	2.8755	0.2032	-0.51679	-2.0622	-0.1947	1.5385	0.78572	-0.57968	-30.046	-81.225	-286.19	-39.931	177.27	9.2569	-45.835	-0.10489	-27.489	-76.115	-14.504	-27.205	32.76	-38.226
-6.7055	-11.171	-7.8582	-3.3194	-8.6385	-1.7579	1.4766	3.1192	1.7439	-0.5963	-0.84778	0.51305	1.0932	0.86836	-24.908	14.991	-119.55	-30.037	-63.804	-118.98	-55.955	116.64	90.428	58.635	-26.123	-41.016	12.299	57.922
-6.9727	-14.189	-7.7358	-2.9893	-8.1162	-3.3171	0.77099	2.2301	2.4409	1.256	-1.037	-0.0087116	0.56294	0.86251	-10.688	-120.71	4.8974	13.206	20.893	-62.368	-28.224	-35.563	27.878	74.092	-7.5671	-20.871	-21.211	-0.23388
-7.2241	-15.186	-8.0504	-0.59759	-4.0338	-1.4051	0.052145	0.55069	1.8212	1.0993	-0.67011	-1.6334	0.60957	1.9513	-10.053	-39.917	-12.586	95.668	163.3	76.481	-28.754	-67.176	-24.788	-6.2692	14.674	-64.986	1.8651	43.553
-7.5877	-15.741	-5.8867	1.44	-4.5087	0.51013	-0.44816	0.86877	1.8145	-0.77947	-0.65341	-0.15109	1.7461	-0.23634	-14.545	-22.191	86.551	81.502	-18.996	76.609	-20.012	12.723	-0.2671	-75.15	0.66791	59.291	45.46	-87.507
-7.731	-17.74	-4.766	1.224	-3.7938	0.64295	0.56685	3.3755	3.9988	-0.079934	-0.012052	-0.066481	1.1025	0.60952	-5.7335	-79.962	44.826	-8.6377	28.596	5.3126	40.6	100.27	87.373	27.982	25.655	3.3845	-25.742	33.834
-7.8594	-24.875	-5.6511	-0.9316	-4.8519	-0.23294	1.0968	2.4365	1.7979	0.61564	-0.34097	-0.79308	1.2467	1.0748	-5.1348	-285.39	-35.404	-86.225	-42.322	-35.035	21.197	-37.562	-88.037	27.823	-13.157	-29.064	5.7657	18.611
-3.8297	-12.182	9.3978	5.9487	-3.4868	-3.0097	0.14635	1.886	0.29801	-2.6002	-2.9115	-1.8996	-2.2098	-0.81428	161.19	507.7	601.96	275.21	54.603	-111.07	-38.017	-22.02	-59.995	-128.63	-102.82	-44.261	-138.26	-75.563
-1.9507	19.825	10.191	4.4384	-4.8135	-4.7613	1.1161	3.4879	-0.76101	-2.7039	-2.8617	0.68854	0.52357	-1.1647	75.162	1280.3	31.736	-60.411	-53.067	-70.061	38.791	64.076	-42.361	-4.1475	1.9923	103.53	109.33	-14.017
-0.93975	31.938	7.662	3.245	-3.7433	-4.5846	1.4237	1.6535	-2.2708	-3.1964	-1.2389	1.7686	1.6983	-0.67386	40.438	484.51	-101.17	-47.733	42.807	7.0643	12.305	-73.373	-60.391	-19.702	64.914	43.201	46.989	19.634
-0.056892	35.845	8.6962	-0.11229	-2.102	-4.2469	2.0702	-0.489	-3.9593	-2.6348	1.2007	2.9813	2.2409	-0.88588	35.314	156.28	41.37	-134.29	65.654	13.509	25.86	-85.702	-67.541	22.462	97.583	48.51	21.703	-8.4807
0.62503	41.751	8.2234	-1.6124	-1.417	-4.2004	1.3322	-0.72345	-4.3883	-1.9833	2.3358	2.9732	2.4367	0.1244	27.277	236.26	-18.914	-60.005	27.397	1.8599	-29.524	-9.3782	-17.161	26.061	45.403	-0.32659	7.8325	40.411
1.0677	46.659	7.879	-1.6491	-2.3357	-4.507	-0.32158	-0.46477	-3.9467	-0.62832	2.9988	2.0151	1.7731	1.3069	17.707	196.3	-13.776	-1.4692	-36.745	-12.264	-66.149	10.347	17.664	54.2	26.523	-38.323	-26.545	47.3
1.331	49.844	6.8283	-2.046	-2.7015	-5.4975	0.01824	-0.96656	-3.6736	-0.54592	3.4828	1.8088	1.7449	1.4158	10.531	127.42	-42.028	-15.873	-14.634	-39.62	13.593	-20.071	10.923	3.296	19.359	-8.2528	-1.1265	4.3573
1.3453	51.164	5.9944	-2.2999	-3.5444	-4.7811	-0.26972	-1.3675	-3.3301	-0.691	3.3863	1.4905	2.1193	1.3792	0.57248	52.807	-33.358	-10.159	-33.716	28.658	-11.518	-16.036	13.744	-5.803	-3.8608	-12.729	14.975	-1.4658
1.3321	51.117	7.3156	-2.5257	-2.9501	-3.6023	-0.36425	-1.111	-3.3563	-0.39669	3.1243	1.8749	1.975	1.3748	-0.52996	-1.8936	52.85	-9.0307	23.775	47.152	-3.7811	10.257	-1.0488	11.772	-10.481	15.375	-5.7705	-0.17365
1.2971	50.152	7.1287	-2.5592	-3.7629	-3.5383	-0.46217	-2.0048	-2.6755	-0.97401	2.9106	2.1325	1.5523	1.5967	-1.3992	-38.61	-7.4744	-1.3413	-32.512	2.5585	-3.9171	-35.752	27.231	-23.093	-8.546	10.302	-16.907	8.8739
1.1903	49.574	8.5591	-3.0012	-2.6944	-3.8623	-0.78617	-1.7278	-1.8	-0.75665	2.3852	2.0536	1.5662	1.4475	-4.2705	-23.117	57.215	-17.677	42.737	-12.96	-12.96	11.079	35.021	8.6941	-21.017	-3.1562	0.55519	-5.9694
0.85348	41.248	12.461	-4.0953	-2.3411	-4.1541	-2.3066	-1.5948	-1.9859	-1.4979	1.616	1.6954	0.34249	-0.039366	-13.473	-333.01	156.06	-43.764	14.133	-11.669	-60.818	5.3221	-7.4385	-29.65	-30.765	-14.327	-48.949	-59.473
0.056393	27.782	15.742	-3.1066	-3.5466	-1.2771	-3.1102	-0.5734	-1.8063	-1.9372	2.0637	1.0605	-0.42692	-1.8574	-31.883	-538.67	131.26	39.545	-48.219	115.08	-32.142	40.855	7.186	-17.571	17.907	-25.396	-30.776	-72.722
-1.4537	14.168	14.985	-0.7224	-4.0608	1.0167	-1.1261	-0.65986	-0.30491	-1.1243	1.7326	0.34758	-1.1042	-1.9248	-60.405	-544.56	-30.267	95.37	-20.566	91.752	79.362	-3.4584	60.055	32.514	-13.243	-28.516	-27.09	-2.695
-3.8992	-0.37605	5.7234	6.0003	-1.7146	0.24722	3.1352	0.85589	0.41487	-1.9138	-0.54085	0.62747	-0.73359	-0.42785	-97.818	-581.75	-370.48	268.91	93.845	-30.778	170.45	60.63	28.791	-31.577	-90.94	11.196	14.823	59.878
-6.0871	-11.679	-10.354	5.5373	2.6037	2.9508	2.9556	-0.27624	0.70115	0.89558	0.66093	0.055453	-1.2041	0.46831	-87.517	-452.1	-643.09	-18.521	172.73	108.14	-7.1832	-45.285	11.451	112.37	48.071	-22.881	-18.819	35.846
-7.4951	-18.948	-15.518	0.99863	-0.12359	3.758	2.436	-0.044959	-0.015192	-0.082707	-0.58871	-0.42176	-0.40967	0.56678	-56.319	-290.78	-206.56	-181.55	-109.09	32.292	-20.785	9.2511	-28.654	-39.132	-49.985	-19.088	31.776	3.9388
-7.6772	-21.79	-15.634	1.7985	-2.7821	1.4559	0.91578	0.35484	-1.283	-1.3223	-1.0885	-0.16485	0.15418	-0.87307	-7.2863	-113.68	-4.6651	31.994	-106.34	-92.087	-60.808	15.992	-50.711	-49.586	-19.991	10.276	22.554	-57.594
-7.7726	-21.98	-14.979	-0.54663	-1.995	2.9257	0.10499	0.068227	1.4423	0.26137	-0.48117	-0.33896	1.2443	0.12281	-3.8151	-7.591	26.2	-93.804	31.482	58.795	-32.431	-11.464	109.01	63.349	24.292	-6.9646	43.604	39.835
-7.5682	-20.035	-15.978	-3.6365	-4.5553	0.98524	-0.16475	0.96158	2.923	0.43784	1.7492	-0.48293	-0.89168	1.5289	8.1761	77.782	-39.964	-123.59	-102.41	-77.62	-10.79	35.734	59.227	7.0586	89.216	-5.7585	-85.439	56.242
-7.3265	-16.504	-16.782	-5.3723	-3.3954	0.79994	-0.58292	1.3667	0.44599	-0.7797	1.405	-0.24014	1.2684	1.1303	9.667	141.23	-32.158	-69.433	46.392	-7.4118	-16.727	16.206	-99.08	-48.702	-13.768	9.7114	86.404	-15.943
-7.3354	-17.607	-17.555	-3.5633	-2.9045	0.18153	2.1068	-0.76631	0.16584	-0.73043	0.51947	0.50868	1.0729	2.0781	-0.3555	-44.092	-30.906	72.359	19.639	-24.736	107.59	-85.322	-11.206	1.9708	-35.422	29.953	-7.8223	37.913
-7.2198	-19.727	-17.595	-2.1485	-2.7303	-0.90108	1.5316	0.18563	1.405	-1.019	-1.1888	-0.42809	0.21355	0.70859	4.6233	-84.813	-1.6178	56.591	6.9651	-43.304	-23.008	38.078	49.566	-11.544	-68.33	-37.471	-34.372	-54.781
-7.4211	-14.502	-18.021	-2.5317	-3.5936	-1.43	0.31184	-1.335	1.6615	-1.1966	-0.81281	-0.89887	0.6814	1.5036	-8.0515	209	-17.016	-15.328	-34.53	-21.158	-48.79	-60.827	10.26	-7.1025	15.039	-18.831	18.714	31.8
-7.4445	-23.567	-16.573	-0.0054841	-3.1486	1.2763	1.7209	-0.87909	-0.22901	-2.7615	-0.31619	-1.9424	0.1329	1.2395	-0.93539	-362.6	57.92	101.05	17.798	108.25	56.363	18.238	-75.62	-62.595	19.865	-41.741	-21.94	-10.562
-7.5832	-21.579	-16.416	-1.7445	-6.0065	0.34617	0.9805	-0.24653	0.3258	-0.34706	-0.6644	-1.5487	0.087955	-0.56645	-5.5487	79.507	6.2881	-69.561	-114.32	-37.204	-29.617	25.302	22.192	96.577	-13.928	15.747	-1.7978	-72.239
-7.6285	-15.204	-11.226	-1.3134	-5.157	0.71602	2.1191	1.3174	1.7263	-0.47774	-0.17299	-1.5178	1.0141	-0.012995	-1.811	255.01	207.58	17.245	33.979	14.794	45.545	62.559	56.021	-5.2275	19.656	1.2372	37.046	22.138
-7.8192	-20.267	-11.085	0.49097	-3.3582	1.0623	2.0726	0.38956	2.4384	0.40412	-0.22084	-1.9012	-1.3649	1.402	-7.6304	-202.53	5.6676	72.174	71.953	13.853	-1.8606	-37.115	28.482	35.275	-1.9143	-15.335	-95.161	56.602
-5.5534	-18.383	-3.2041	3.0518	-1.8386	1.3842	2.7039	1.3338	0.93237	-0.35224	-0.25242	-2.5783	-0.74507	0.73998	90.632	75.363	315.22	102.44	60.785	12.874	25.252	37.77	-60.24	-30.254	-1.2629	-27.086	24.794	-26.483
-2.819	0.47116	13.846	6.0499	0.41341	-5.9023	-1.641	3.2677	1.9156	-1.9216	-3.2686	-0.65755	-0.82184	0.16629	109.38	754.17	682	119.92	90.08	-291.46	-173.8	77.354	39.329	-62.776	-120.65	76.832	-3.0711	-22.948
-1.6406	13.936	14.572	3.512	-1.3622	-5.4252	-2.1247	4.2246	-1.069	-1.2274	-5.2988	-0.36193	0.19365	1.1651	47.136	538.59	29.029	-101.51	-71.024	19.084	-19.346	38.276	-119.38	27.769	-81.208	11.825	40.62	39.952
-1.1735	20.329	13.665	1.397	-2.8464	-5.0046	-2.1479	4.1218	-2.568	-1.816	-5.4593	-0.75137	1.0106	0.38405	18.685	255.7	-36.275	-84.603	-59.367	16.826	-0.92807	-4.1103	-59.962	-23.545	-6.4209	-15.578	32.678	-31.241
-1.1436	23.736	12.79	-0.26574	-1.1255	-5.1183	-1.6066	2.7826	-3.0027	-1.4746	-5.051	0.73193	0.46382	-0.32631	1.1931	136.29	-34.984	-66.508	68.835	-4.5492	21.65	-53.569	-17.389	13.659	16.333	59.332	-21.871	-28.414
-1.3159	29.071	9.4546	-0.89533	-0.56826	-4.352	-0.040531	0.86568	-3.7166	-1.1229	-3.3806	1.8018	0.11433	-1.4346	-6.8924	213.41	-133.42	-25.184	22.289	30.65	62.643	-76.676	-28.554	14.064	66.817	42.795	-13.98	-44.33
-1.3992	32.02	7.1746	-1.1414	-0.14581	-2.5008	0.16961	-0.98159	-3.6307	-1.3274	-1.1007	2.0005	-1.2312	-2.0887	-3.3312	117.97	-91.201	-9.8413	16.898	74.051	8.4055	-73.891	3.4354	-8.1777	91.194	7.9457	-53.819	-26.166
-1.4496	33.276	6.0758	-0.94221	0.99074	-2.4756	0.31217	-2.1886	-3.1685	-0.8786	-0.81339	1.8756	-2.1441	-1.9436	-2.0137	50.229	-43.951	7.9662	45.462	1.0045	5.7027	-48.281	18.49	17.952	11.494	-4.9935	-36.519	5.8062
-1.5437	31.373	6.2977	-0.58582	2.1044	-1.8545	-0.42903	-2.6152	-2.7781	-0.41387	-0.53675	1.2551	-2.4521	-1.8836	-3.7633	-76.13	8.8769	14.255	44.546	24.846	-29.648	-17.066	15.615	18.589	11.066	-24.82	-12.317	2.3976
-1.6819	29.272	7.0244	0.96307	1.2433	-0.56298	-0.52605	-2.2124	-3.0127	-0.47562	-0.44591	1.0086	-3.1395	-0.82826	-5.528	-84.023	29.065	61.956	-34.444	51.66	-3.881	16.116	-9.3827	-2.47	3.6336	-9.8596	-27.499	42.215
-2.0879	20.92	9.6454	2.644	0.88658	0.59764	0.27723	-1.4132	-3.8163	-0.033799	-0.28239	0.34472	-2.2503	-1.1029	-16.24	-334.1	104.84	67.236	-14.269	46.425	32.131	31.968	-32.144	17.673	6.5407	-26.557	35.571	-10.986
-2.9318	6.4406	9.0373	6.0902	1.1795	0.96407	2.1767	-0.89652	-3.1634	-0.19869	0.29668	-0.13695	-1.9538	-0.56583	-33.758	-579.17	-24.323	137.85	11.715	14.657	75.979	20.665	26.114	-6.5956	23.163	-19.267	11.86	21.483
-4.5946	-4.555	-1.9592	10.902	4.6548	0.43079	3.4308	-0.73974	-0.73648	-0.27857	1.1586	-0.40513	-0.63526	0.69839	-66.513	-439.82	-439.86	192.46	139.01	-21.331	50.165	6.2713	97.077	-3.1953	34.475	-10.727	52.74	50.569
-5.8483	-5.2241	-13.391	8.5275	2.4001	2.3129	6.4641	-0.26669	2.4007	1.075	1.6857	-1.019	-1.3128	-0.41486	-50.149	-26.765	-457.26	-94.974	-90.189	75.286	121.33	18.922	125.49	54.143	21.085	-24.553	-27.1	-44.53
-5.7705	-6.4487	-19.174	3.9887	-1.8745	1.5456	2.5317	0.11962	0.85084	-0.64075	1.1232	-0.46212	1.6279	1.9021	3.1136	-48.982	-231.33	-181.55	-170.98	-30.695	-157.3	15.452	-61.994	-68.63	-22.498	22.274	117.63	92.68
-5.578	-5.0963	-21.09	2.3263	-3.2833	1.6824	1.4979	-2.4839	0.69656	-0.88509	0.79985	-1.1493	0.97781	0.55707	7.7017	54.096	-76.647	-66.496	-56.354	5.4741	-41.351	-104.14	-6.1712	-9.7738	-12.936	-27.489	-26.002	-53.802
-5.3123	-4.9802	-20.519	1.8603	-4.0802	2.2764	0.90803	-1.0068	1.6416	-0.73541	1.6922	-2.0043	0.88782	0.39017	10.626	4.6431	22.835	-18.642	-31.875	23.759	-23.595	59.084	37.801	5.9872	35.696	-34.198	-3.5996	-6.6763
-4.8933	-1.4406	-21.209	2.6458	-4.6108	2.6815	0.1231	0.29006	2.5845	1.261	2.7502	-1.0402	0.69614	0.6507	16.761	141.58	-27.576	31.422	-21.223	16.204	-31.397	51.875	37.716	79.856	42.319	38.565	-7.667	10.421
-4.7088	4.1716	-20.034	0.85282	-6.0214	1.3621	0.17602	-2.5767	0.60092	-1.556	0.9908	-2.1009	0.48883	-0.37031	7.3795	224.49	46.967	-71.72	-56.425	-52.775	2.1167	-114.67	-79.343	-112.68	-70.377	-42.43	-8.2926	-40.84
-4.6239	6.2032	-20.054	0.33396	-5.6712	1.609	-0.24418	-1.2594	1.8259	0.28875	0.71284	-2.0481	2.1971	1.0095	3.3973	81.264	-0.77177	-20.754	14.01	9.8753	-16.808	52.691	49.001	73.789	-11.118	2.1134	68.329	55.193
-4.4593	5.0731	-21.557	0.70833	-5.5959	1.3083	0.33902	-1.0875	2.4827	-0.83829	-0.64685	-2.1677	2.1891	1.5309	6.5811	-45.205	-60.145	14.975	3.011	-12.029	23.328	6.8774	26.269	-45.082	-54.388	-4.784	-0.31923	20.856
-4.3319	4.0303	-20.433	3.2606	-6.0563	1.5819	-0.60477	-0.25938	1.9003	0.49206	2.7851	-2.5337	1.9247	0.57251	5.0951	-41.712	44.988	102.09	-18.417	10.945	-37.751	33.125	-23.293	53.214	137.28	-14.641	-10.574	-38.337
-4.3346	5.0105	-19.668	2.0603	-5.6695	2.3784	-0.96996	1.1083	3.1	-0.36832	0.84963	-2.9484	0.061785	0.82314	-0.1051	39.208	30.572	-48.01	15.472	31.861	-14.608	54.708	47.985	-34.415	-77.418	-16.588	-74.518	10.025
-4.4237	1.7068	-21.33	2.3372	-5.6488	3.4482	-0.29683	-0.042737	2.7134	0.97649	0.93552	-2.3734	1.7167	0.21056	-3.5655	-132.15	-66.476	11.073	0.8304	42.793	26.925	-46.043	-15.461	53.793	3.4357	22.999	66.199	-24.503
-4.2672	4.9551	-21.102	4.0486	-4.5756	2.4541	-0.12423	-1.7788	0.46523	-1.1251	1.678	-1.8093	1.1368	1.7182	6.2609	129.93	9.1427	68.458	42.925	-39.765	6.9038	-69.441	-89.928	-84.064	29.698	22.566	-23.198	60.305
-4.2314	5.3643	-19.017	4.5241	-3.7714	3.1776	-2.3075	-2.2974	2.4724	0.73817	2.7123	-1.6516	1.4732	1.2213	1.4318	16.365	83.375	19.018	32.168	28.94	-87.329	-20.744	80.286	74.531	41.374	6.3077	13.456	-19.876
-4.4096	7.0662	-21.048	0.96387	-4.8449	1.8806	-1.0108	-0.9025	2.9179	0.33019	1.2348	-0.9313	0.17498	0.084258	-7.1282	68.077	-81.224	-142.41	-42.938	-51.881	51.868	55.795	17.822	-16.319	-59.101	28.81	-51.929	-45.48
-4.4044	5.8789	-21.493	1.9397	-5.5578	0.57665	-1.7308	-2.099	1.4634	-0.61255	1.102	-1.2115	0.52069	-0.26412	0.20895	-47.492	-17.811	39.031	-28.518	-52.157	-28.8	-47.86	-58.183	-37.71	-5.3132	-11.209	13.829	-13.935
-4.447	3.0355	-20.257	3.7701	-5.8669	0.97523	-1.6505	-1.5767	1.3992	-0.025124	0.74818	-0.81162	0.76259	-2.2753	-1.7065	-113.74	49.446	73.217	-12.362	15.943	3.2105	20.891	-2.5657	23.497	-14.151	15.996	9.6758	-80.448
-4.308	5.1902	-20.185	2.7159	-5.6219	2.4252	-0.063873	-2.3742	2.2436	0.20632	0.87817	-1.3673	-0.14126	-0.85996	5.5598	86.188	2.8875	-42.169	9.8002	57.998	63.465	-31.901	33.776	9.258	5.1997	-22.227	-36.154	56.615
-4.2311	7.6157	-21.729	3.141	-3.8991	2.4199	0.49377	-3.0871	2.4507	-1.4857	-0.66584	-3.0287	-0.10545	1.3309	3.0786	97.022	-61.768	17.006	68.911	-0.21111	22.306	-28.514	8.2827	-67.683	-61.76	-66.458	1.4327	87.633
-4.1971	8.6762	-19.212	2.6511	-4.0402	1.3347	0.51685	-1.3462	2.8621	-1.8554	-0.16542	-2.8934	-0.56575	-0.78568	1.3604	42.419	100.69	-19.598	-5.6448	-43.41	0.92315	69.634	16.455	-14.788	20.017	5.4128	-18.412	-84.662
-4.4859	13.051	-19.034	0.10918	-4.2756	1.0908	0.41722	-2.9577	0.87331	-1.4984	1.6124	-1.318	-0.34217	0.58283	-11.552	175.01	7.1135	-101.67	-9.4126	-9.7537	-3.9853	-64.458	-79.551	14.281	71.114	63.017	8.9434	54.74
-4.6684	9.5329	-16.133	1.2276	-4.6451	-0.60779	-1.1392	-3.6939	1.3243	-0.14758	1.4712	-0.20692	-0.53802	1.8248	-7.3015	-140.74	116.02	44.736	-14.782	-67.944	-62.255	-29.45	18.041	54.033	-5.6497	44.442	-7.834	49.68
-5.3347	4.3571	-16.512	1.4922	-2.7731	0.1204	1.3044	-2.2662	0.47483	-0.073255	2.0528	-0.73268	-1.68	1.2285	-26.653	-207.03	-15.139	10.583	74.882	29.128	97.743	57.108	-33.98	2.973	23.263	-21.03	-45.679	-23.854
-5.0525	-2.1472	-9.0587	3.9153	-2.2189	2.0068	2.2986	-1.5207	2.0309	-0.12974	0.82944	-2.4327	-2.4802	0.22122	11.291	-260.17	298.13	96.924	22.167	75.457	39.767	29.82	62.243	-2.2596	-48.933	-68.002	-32.01	-40.291
-3.459	12.69	3.8717	5.3793	3.482	2.9349	1.0342	-3.8894	-1.1428	-0.4638	-1.7848	-0.42419	-2.4473	0.16066	63.74	593.48	517.21	58.562	228.03	37.122	-50.578	-94.745	-126.95	-13.362	-104.57	80.341	1.3161	-2.4225
-2.6668	21.467	4.302	2.3015	2.3781	3.7981	0.21387	-3.2512	-1.5745	0.4452	-1.2625	1.5748	-1.6918	2.1696	31.685	351.07	17.212	-123.11	-44.156	34.529	-32.812	25.526	-17.27	36.36	20.893	79.961	30.222	80.359
-2.4129	18.977	6.3091	1.6656	1.009	4.6994	-0.88435	-2.9855	-1.7925	1.544	-0.64004	0.70875	-0.19776	2.1136	10.159	-99.58	80.282	-25.435	-54.762	36.054	-43.929	10.627	-8.7179	43.953	24.898	-34.643	59.76	-2.242
-2.363	19.608	6.2289	1.3823	1.9818	4.7008	-2.0178	-2.8924	-1.2068	1.104	-1.3335	0.89136	-0.018959	1.7032	1.995	25.245	-3.2063	-11.331	38.91	0.053129	-45.337	3.7246	23.427	-17.603	-27.74	7.3043	7.1522	-16.417
-2.3452	19.91	5.7899	-0.26204	4.7726	3.0151	-1.5026	-3.2652	-1.192	2.1555	-2.2504	1.1204	0.31889	1.5604	0.71043	12.073	-17.559	-65.775	111.63	-67.425	20.607	-14.91	0.59243	42.062	-36.673	9.1616	13.514	-5.7116
-2.4437	20.525	4.7155	-0.5925	5.7464	2.3543	-0.62336	-3.955	-1.225	2.7053	-2.604	0.95753	0.52952	1.5346	-3.94	24.599	-42.979	-13.219	38.953	-26.434	35.169	-27.591	-1.3223	21.992	-14.147	-6.5148	8.4253	-1.0299
-2.5366	20.885	4.2504	-2.2098	7.6187	1.1495	0.30977	-4.9368	-0.50526	2.4938	-2.9051	1.237	0.52067	1.2083	-3.7147	14.402	-18.603	-64.69	74.893	-48.19	37.325	-39.275	28.791	-8.4594	-12.041	11.18	-0.35412	-13.053
-2.611	20.012	3.4897	-1.843	7.6167	1.563	0.17595	-4.9393	-0.3146	2.582	-2.9304	1.2604	1.0548	0.58925	-2.9753	-34.926	-30.429	14.668	-0.08115	16.537	-5.3527	-0.099058	7.6263	3.5262	-1.0141	0.93373	21.366	-24.762
-2.7302	16.383	4.6647	-2.3233	7.8295	1.5184	0.351	-4.8658	-0.64937	3.1011	-3.1919	1.8191	0.92905	0.57104	-4.7687	-145.15	47.001	-19.211	8.5109	-1.7822	7.0021	2.9401	-13.391	20.766	-10.459	22.348	-5.0309	-0.72872
-2.9508	15.977	4.0619	-1.4928	7.0386	1.9145	0.48006	-4.6476	-0.73699	3.378	-3.4193	1.6699	0.8796	0.73332	-8.8258	-16.237	-24.11	33.221	-31.636	15.842	5.1621	8.7278	-3.505	11.077	-9.0969	-5.9674	-1.978	6.4915
-3.0442	15.581	3.6166	-0.31644	5.9077	2.9353	0.10757	-4.3533	-0.61317	3.5385	-3.8467	2.468	0.44491	0.61789	-3.7366	-15.834	-17.813	47.053	-45.235	40.835	-14.899	11.771	4.9531	6.4193	-17.094	31.923	-17.388	-4.6173
-3.0913	15.767	3.7904	-0.34916	5.6734	3.0386	-0.17583	-4.0069	-0.031461	2.6421	-3.5009	2.3517	0.41307	0.56978	-1.8833	7.4382	6.9529	-1.3088	-9.3705	4.1319	-11.336	13.857	23.268	-35.857	13.831	-4.6494	-1.2734	-1.9246
-3.1924	14.663	4.2088	0.26066	5.5204	2.4319	0.60333	-3.6958	-0.51503	3.0878	-3.4513	1.8425	0.82246	0.45099	-4.0433	-44.177	16.735	24.393	-6.1219	-24.268	31.166	12.444	-19.343	17.83	1.9841	-20.368	16.376	-4.7515
-3.2749	13.758	4.0325	0.75468	5.338	2.4525	0.3896	-3.3032	-0.90332	3.2767	-3.9591	2.2822	0.63734	0.18589	-3.2994	-36.2	-7.0509	19.761	-7.2957	0.82356	-8.5494	15.704	-15.532	7.5553	-20.311	17.587	-7.4049	-10.604
-3.2751	13.039	4.3255	0.78319	5.2138	2.3194	0.53978	-3.1133	-0.63324	2.8935	-3.761	2.3552	0.75781	-0.22865	-0.007388	-28.761	11.72	1.1402	-4.966	-5.3266	6.0072	7.5964	10.803	-15.33	7.9256	2.9206	4.8189	-16.582
-3.2675	12.066	4.0228	1.6038	5.14	2.068	0.85409	-3.1139	-0.67088	3.1281	-3.5719	2.3964	0.69441	-0.084543	0.30336	-38.931	-12.107	32.826	-2.9529	-10.054	12.572	-0.025365	-1.5056	9.3832	7.5612	1.6463	-2.536	5.7644
-3.3327	12.967	3.3536	2.5216	4.7563	2.2438	0.9407	-3.172	-0.64081	3.2752	-3.7296	2.5032	0.37009	-0.13477	-2.608	36.051	-26.77	36.709	-15.348	7.0303	3.4645	-2.3243	1.203	5.8856	-6.3059	4.2737	-12.973	-2.0092
-3.3128	12.818	3.2803	3.1	5.1156	1.9	0.95812	-3.3028	-0.39199	3.3952	-3.585	2.4399	0.20542	-0.28522	0.79735	-5.9412	-2.9297	23.137	14.372	-13.752	0.69682	-5.2327	9.9526	4.8007	5.7836	-2.5336	-6.5867	-6.0177
-3.1904	13.633	3.8107	1.78	6.1455	2.0767	0.72645	-3.4001	-0.44016	3.8045	-3.2557	2.4089	-0.14798	-0.27973	4.8962	32.597	21.214	-52.801	41.196	7.0698	-9.267	-3.8903	-1.9267	16.372	13.171	-1.2388	-14.136	0.21965
-3.1467	13.838	4.6323	1.2466	5.8771	2.677	1.1611	-3.4614	-0.97311	3.5181	-2.5642	2.6719	0.016867	-0.56032	1.7461	8.1978	32.865	-21.335	-10.735	24.011	17.388	-2.4532	-21.318	-11.458	27.659	10.518	6.5937	-11.224
-3.1392	14.082	4.0736	2.2476	5.4703	3.0376	0.87579	-3.1103	-1.2756	2.8647	-2.0741	3.4599	-0.10739	-0.54957	0.29984	9.7428	-22.35	40.041	-16.272	14.422	-11.414	14.044	-12.099	-26.136	19.604	31.521	-4.9701	0.43001
-3.0583	14.161	4.845	1.5411	5.5564	2.6392	1.5459	-3.4193	-1.0013	2.546	-1.2509	2.6845	0.2521	-0.63601	3.2375	3.178	30.857	-28.259	3.4409	-15.933	26.805	-12.357	10.969	-12.748	32.93	-31.015	14.38	-3.4575
-3.0073	13.429	5.7781	2.5219	3.9786	3.0289	1.1187	-2.7287	-1.0745	2.8187	-1.4548	2.719	0.21162	-0.55637	2.0376	-29.279	37.322	39.231	-63.112	15.586	-17.089	27.623	-2.925	10.907	-8.1562	1.3794	-1.6193	3.1857
-3.0483	12.356	7.4935	2.1368	3.6633	3.0371	0.55523	-1.5664	-1.8617	2.8947	-1.4649	2.8361	-0.82777	0.3185	-1.6368	-42.941	68.618	-15.406	-12.612	0.33033	-22.538	46.491	-31.489	3.0402	-0.40382	4.6837	-41.576	34.995
-3.0635	11.305	7.9499	3.384	1.7517	3.6882	0.071636	0.02257	-2.4215	2.5487	-0.55688	2.4518	-1.129	-0.28252	-0.6102	-42.041	18.254	49.89	-76.463	26.044	-19.344	63.558	-22.393	-13.841	36.32	-15.37	-12.05	-24.041
-3.2784	6.3267	8.2425	5.6311	0.40691	5.848	-0.7465	-0.84349	-1.116	2.5354	0.032748	0.58436	-1.9659	-0.063172	-8.5972	-199.12	11.704	89.884	-53.791	86.389	-32.725	-34.642	52.22	-0.52909	23.585	-74.699	-33.476	8.7738
-4.084	-0.43915	5.4158	10.509	-1.8249	4.6884	0.44122	-0.96803	0.23381	0.074607	1.6855	-1.1293	-0.79066	-0.64444	-32.221	-270.63	-113.07	195.1	-89.272	-46.381	47.509	-4.9817	53.994	-98.433	66.11	-68.545	47.01	-23.251
-5.7162	-32.428	1.0261	14.814	-0.1941	3.4959	0.28148	-0.94821	0.12855	1.3809	2.7212	-1.6214	0.48921	-0.09356	-65.29	-1279.6	-175.59	172.21	65.232	-47.7	-6.3895	0.79296	-4.2102	52.253	41.427	-19.687	51.195	22.035
-9.4093	-60.861	-10.034	8.5079	4.0984	2.8039	4.6043	1.9092	2.9919	2.0369	0.21756	-1.5534	-0.1115	0.12582	-147.72	-1137.3	-442.41	-252.24	171.7	-27.68	172.91	114.3	114.54	26.24	-100.14	2.7209	-24.028	8.775
-11.381	-69.64	-18.358	5.9097	0.84376	2.5672	3.9855	2.348	3.5487	1.034	0.80384	-2.0015	-0.63504	-1.0051	-78.873	-351.15	-332.96	-103.93	-130.19	-9.4677	-24.752	17.554	22.27	-40.115	23.451	-17.923	-20.942	-45.238
-11.283	-69.573	-19.051	3.1063	0.096407	1.8051	2.5637	1.2986	1.9789	0.55832	1.0862	-0.17236	0.13542	0.82152	3.904	2.6972	-27.731	-112.14	-29.894	-30.484	-56.869	-41.979	-62.793	-19.029	11.296	73.165	30.818	73.067
-10.317	-62.005	-20.922	1.962	-0.84127	2.299	2.5949	0.76116	2.7542	1.4423	0.22659	-0.74981	0.16526	-0.82469	38.645	302.72	-74.818	-45.771	-37.507	19.754	1.2469	-21.496	31.012	35.359	-34.386	-23.098	1.1935	-65.848
-9.3465	-54.603	-24.363	-0.22953	-2.9017	3.3843	2.1486	1.1882	3.5534	0.55708	0.66356	-1.0777	0.22699	0.1674	38.835	296.09	-137.66	-87.661	-82.417	43.412	-17.853	17.081	31.97	-35.408	17.479	-13.114	2.4693	39.683
-8.6165	-37.09	-19.069	-0.83727	0.29169	-0.31227	-0.84985	-1.207	1.4831	-0.42632	1.689	-1.3906	1.1103	0.41244	29.199	700.49	211.79	-24.31	127.73	-147.86	-119.94	-95.809	-82.813	-39.336	41.016	-12.519	35.332	9.8016
-8.7972	-22.753	-5.4854	-1.7678	-1.8755	-2.3411	-0.17395	-2.3399	1.4736	0.68154	0.30651	-0.46919	0.37906	0.39144	-7.2272	573.49	543.33	-37.221	-86.687	-81.154	27.036	-45.315	-0.37764	44.314	-55.298	36.858	-29.249	-0.83987
-9.2493	-61.155	-5.7468	1.6658	-1.6536	-0.59397	0.028031	-1.531	1.3235	1.4531	0.85752	0.23754	0.56456	0.88706	-18.087	-1536.1	-10.456	137.34	8.8764	69.886	8.0793	32.358	-6.0052	30.862	22.041	28.269	7.42	19.825
-13.405	-86.93	-10.259	2.99	1.5016	2.9356	1.785	-1.2597	2.1127	1.2989	1.0749	0.80084	0.20992	-1.2756	-166.22	-1031	-180.47	52.971	126.21	141.18	70.279	10.851	31.568	-6.1696	8.6938	22.532	-14.186	-86.506
-13.891	-89.993	-10.292	2.8121	-0.249	2.0667	2.2619	0.18558	3.3434	-0.34328	-0.46578	0.30333	1.0715	0.79266	-19.458	-122.54	-1.3459	-7.1176	-70.025	-34.755	19.074	57.811	49.226	-65.685	-61.626	-19.9	34.463	82.73
-13.952	-86.053	-9.3014	1.7828	-2.0349	0.696	0.26992	-0.077287	2.2506	-0.81818	0.056522	-0.37044	0.070846	0.15624	-2.4174	157.6	39.634	-41.171	-71.434	-54.828	-79.677	-10.515	-43.709	-18.996	20.892	-26.951	-40.026	-25.457
-13.81	-88.362	-11.045	1.3483	-1.917	1.9041	2.2113	-0.86233	2.1177	1.1107	2.3874	0.10882	0.97729	0.86265	5.6683	-92.344	-69.736	-17.38	4.7158	48.324	77.657	-31.402	-5.319	77.155	93.235	19.171	36.258	28.256
-13.908	-89.43	-11.051	2.8487	-1.4641	0.93753	-0.38339	-2.2629	1.4878	0.022005	1.7407	0.51684	1.3178	1.5989	-3.937	-42.734	-0.23262	60.017	18.114	-38.663	-103.79	-56.022	-25.193	-43.547	-25.869	16.321	13.621	29.45
-13.89	-89.793	-9.2167	4.5878	-0.25925	1.5959	0.30265	-0.17939	1.1038	0.32302	0.75405	-0.7129	-0.61335	0.13907	0.72557	-14.499	73.356	69.561	48.194	26.336	27.442	83.339	-15.362	12.04	-39.465	-49.19	-77.246	-58.393
-9.2995	-70.982	-5.589	4.7147	0.11138	1.9421	3.5286	2.4536	2.7001	-0.24626	1.1327	0.29307	0.9318	0.23463	183.63	752.44	145.11	5.0764	14.825	13.848	129.04	105.32	63.852	-22.771	15.146	40.239	61.806	3.8225
-4.5309	-17.616	0.36229	6.1025	0.13188	-1.8796	1.9379	0.50021	0.49142	-2.6813	0.39425	0.083406	0.29063	-1.5059	190.74	2134.6	238.05	55.513	0.82001	-152.87	-63.628	-78.137	-88.347	-97.4	-29.538	-8.3865	-25.647	-69.62
-1.4321	20.086	14.764	-1.902	-1.1025	-5.5694	-0.57031	1.1044	-0.14737	-0.85819	-1.3263	1.1378	2.6372	-1.7521	123.95	1508.1	576.08	-320.18	-49.375	-147.59	-100.33	24.167	-25.552	72.923	-68.823	42.175	93.862	-9.8498
-0.60611	36.522	11.514	-3.0625	-3.0139	-8.2555	-2.2034	1.8885	-0.95467	-1.9397	-1.0474	2.257	2.62	-2.431	33.039	657.45	-130	-46.422	-76.457	-107.44	-65.322	31.365	-32.292	-43.259	11.157	44.771	-0.68608	-27.157
-0.47311	38.682	9.5679	-4.6996	-2.2813	-8.461	-2.3992	2.1483	-0.97895	-1.1504	0.20972	3.16	2.0023	-3.0467	5.3201	86.403	-77.854	-65.484	29.306	-8.2207	-7.8344	10.393	-0.9712	31.57	50.284	36.12	-24.709	-24.627
-0.63082	36.873	9.4034	-4.1679	-1.7431	-7.1487	-1.2642	2.8609	-0.8219	-1.0607	0.7805	2.0648	1.1576	-3.3992	-6.3086	-72.372	-6.5802	21.268	21.526	52.493	45.401	28.504	6.2821	3.5886	22.831	-43.81	-33.789	-14.1
-0.51482	37.845	9.5198	-4.9055	-2.29	-6.9999	-1.2665	2.7553	-0.76344	-0.79009	1.2585	1.4213	0.92222	-3.4775	4.64	38.896	4.6557	-29.505	-21.874	5.9509	-0.093088	-4.2254	2.3385	10.825	19.118	-25.738	-9.4133	-3.1301
-0.34816	37.792	10.297	-5.5425	-1.9952	-6.0844	-1.3592	2.6047	-1.0641	-0.31182	2.3874	0.93313	0.58535	-3.6577	6.6664	-2.1133	31.09	-25.48	11.791	36.623	-3.7097	-6.024	-12.027	19.131	45.157	-19.527	-13.475	-7.2112
-0.34519	39.136	10.185	-6.3415	-2.3803	-4.7733	-1.652	1.9136	-1.3244	0.29239	2.8762	-0.0072707	0.32557	-3.4987	0.11908	53.752	-4.4782	-31.958	-15.403	52.441	-11.71	-27.644	-10.41	24.169	19.552	-37.616	-10.391	6.3631
-0.49727	40.181	9.5465	-6.5054	-2.2064	-3.9851	-1.7826	1.2174	-1.5031	0.60259	3.1166	-0.31747	-0.098019	-3.2295	-6.0832	41.81	-25.544	-6.5573	6.9543	31.528	-5.2259	-27.848	-7.1497	12.408	9.6182	-12.408	-16.944	10.766
-0.71763	40.832	8.2817	-5.1155	-1.5829	-3.6186	-1.3085	-0.31229	-1.5466	1.3695	3.0519	-0.35674	-0.78646	-2.1544	-8.8143	26.017	-50.592	55.597	24.942	14.662	18.966	-61.187	-1.7391	30.676	-2.5892	-1.5707	-27.537	43.005
-0.92424	37.265	8.4712	-4.1454	0.45844	-4.0434	-0.72696	-2.0066	-1.6035	1.3646	3.53	-0.76148	-0.40739	-1.2998	-8.2646	-142.67	7.5809	38.802	81.653	-16.994	23.261	-67.773	-2.2764	-0.19636	19.124	-16.19	15.163	34.184
-1.0477	36.019	8.371	-3.1028	0.64321	-3.3895	-1.6412	-2.3698	-1.9472	0.87188	3.1618	-0.8779	-0.14314	-0.12703	-4.9373	-49.853	-4.0078	41.706	7.3907	26.159	-36.57	-14.528	-13.749	-19.708	-14.728	-4.6568	10.57	46.91
-1.1035	34.339	9.159	-2.6773	1.208	-2.1251	-2.2858	-2.5064	-3.0311	0.54852	2.666	0.22191	-1.2328	0.7321	-2.2322	-67.21	31.518	17.02	22.591	50.574	-25.783	-5.4647	-43.356	-12.934	-19.832	43.992	-43.585	34.365
-1.5073	29.222	9.3404	-1.3415	2.1029	-1.0554	-1.3961	-2.6989	-3.2043	-1.0654	2.6552	0.78118	-1.7877	0.30809	-16.152	-204.65	7.2573	53.432	35.798	42.787	35.589	-7.7007	-6.9261	-64.558	-0.43237	22.37	-22.197	-16.96
-2.3772	14.955	10.784	0.035734	1.696	0.62994	-1.0922	-0.61506	-3.3212	-1.9589	1.3989	1.2723	-1.8527	-0.78444	-34.798	-570.68	57.733	55.09	-16.278	67.415	12.155	83.355	-4.6759	-35.74	-50.252	19.644	-2.6026	-43.701
-4.3453	-10.152	10.583	1.0663	2.099	1.6098	0.6074	1.1875	-1.3438	-2.9092	0.41473	1.835	-2.3554	-1.1662	-78.724	-1004.3	-8.0376	41.224	16.12	39.196	67.984	72.104	79.094	-38.009	-39.367	22.508	-20.108	-15.272
-5.9746	-19.62	6.7921	3.0822	2.3435	3.2409	2.0285	-0.92402	0.67171	-2.6233	-0.13716	0.27964	-1.1145	0.23528	-65.172	-378.75	-151.63	80.636	9.782	65.243	56.843	-84.463	80.622	11.434	-22.076	-62.213	49.638	56.06
-5.4399	-16.637	8.9694	4.3214	-0.42511	2.019	1.5511	2.0358	-1.2002	-2.2554	0.20741	0.2519	-1.6	-1.0664	21.388	119.32	87.092	49.566	-110.75	-48.875	-19.094	118.39	-74.874	14.718	13.783	-1.1097	-19.421	-52.066
-4.2201	-4.8514	10.31	2.9214	0.23049	-0.23021	1.1555	1.4215	-2.2932	-2.5582	-0.47757	2.0014	-1.4984	-0.68218	48.793	471.43	53.624	-56	26.224	-89.97	-15.827	-24.572	-43.72	-12.113	-27.399	69.979	4.0647	15.367
-3.3973	8.6314	9.0829	2.4481	0.49416	-0.86061	0.27753	0.36341	-3.2342	-2.7374	-0.093947	1.6798	0.19623	-1.3272	32.914	539.31	-49.082	-18.932	10.547	-25.216	-35.117	-42.325	-37.641	-7.1675	15.345	-12.864	67.785	-25.8
-3.0217	12.365	10.951	1.9979	-0.13832	-1.8027	0.28305	1.5461	-2.7485	-2.7964	-0.63552	1.3574	-0.010329	-1.652	15.022	149.35	74.733	-18.008	-25.299	-37.683	0.22105	47.307	19.43	-2.3601	-21.663	-12.896	-8.2624	-12.994
-2.7746	14.019	11.065	1.5687	0.15961	-2.7503	0.54303	2.4503	-3.834	-2.6359	-1.0229	2.1309	0.45434	-2.0572	9.8841	66.148	4.5339	-17.168	11.917	-37.905	10.399	36.167	-43.422	6.4197	-15.495	30.939	18.587	-16.208
-2.7222	12.719	11.905	1.6603	-0.50003	-3.2761	1.0017	2.5657	-3.9376	-3.1821	-1.2641	2.7852	0.25711	-1.6247	2.0969	-51.976	33.606	3.6657	-26.385	-21.03	18.348	4.6176	-4.1429	-21.848	-9.647	26.172	-7.8894	17.303
-2.8185	9.1517	12.18	2.7811	-0.95717	-4.3505	0.5897	3.1447	-4.0208	-2.6229	-2.1099	2.8788	-0.039359	-1.1428	-3.8537	-142.71	11.01	44.83	-18.286	-42.978	-16.481	23.159	-3.3306	22.368	-33.831	3.7441	-11.859	19.276
-3.1255	7.2037	11.126	4.4356	-1.8595	-4.406	0.68489	3.8851	-4.0357	-2.1104	-2.8031	2.501	-0.18755	-0.36371	-12.281	-77.919	-42.153	66.181	-36.092	-2.2206	3.8075	29.616	-0.59266	20.501	-27.731	-15.111	-5.9275	31.163
-3.4534	2.2431	10.373	5.579	-2.6537	-4.1253	0.62683	3.6829	-3.212	-1.4132	-3.8878	1.9382	-1.0571	0.31157	-13.115	-198.42	-30.132	45.738	-31.771	11.23	-2.3222	-8.0895	32.946	27.887	-43.388	-22.513	-34.782	27.011
-3.7337	-1.6336	10.204	6.4938	-2.4	-5.1657	1.3471	3.7215	-2.9223	-1.6118	-4.2486	1.3407	-0.99549	0.31399	-11.211	-155.07	-6.7436	36.591	10.148	-41.618	28.811	1.5475	11.587	-7.9451	-14.432	-23.9	2.4641	0.097009
-3.7486	-3.8957	9.9995	7.3015	-2.6104	-5.3118	1.3632	3.9914	-2.498	-1.7006	-4.876	1.1464	-0.83061	0.73327	-0.59802	-90.483	-8.1899	32.308	-8.4124	-5.8435	0.64266	10.793	16.974	-3.5509	-25.095	-7.7697	6.5952	16.771
-3.4215	-0.7669	10.551	6.1524	-2.0954	-4.8267	0.90423	3.5411	-2.3585	-1.2725	-4.9282	1.5704	-0.78553	1.0407	13.087	125.15	22.042	-45.966	20.598	19.405	-18.358	-18.011	5.5794	17.124	-2.0882	16.958	1.8032	12.297
-2.9354	10.198	10.052	4.1717	-1.4501	-5.8064	1.5805	2.8522	-2.7736	-2.7126	-3.7313	3.0479	-0.87683	0.015003	19.442	438.61	-19.957	-79.225	25.812	-39.187	27.052	-27.556	-16.605	-57.605	47.878	59.102	-3.6519	-41.028
-2.5286	17.401	9.3424	2.8575	-0.51738	-5.5772	1.885	1.2851	-2.9093	-3.2727	-2.0898	3.686	-0.68777	-0.53985	16.274	288.11	-28.37	-52.57	37.309	9.1665	12.177	-62.682	-5.4281	-22.405	65.658	25.524	7.5624	-22.194
-2.2898	22.603	8.537	1.4135	0.44386	-5.2794	1.6283	-0.2354	-3.1862	-2.6366	-1.5824	3.7644	-0.82323	-0.32727	9.5526	208.08	-32.214	-57.759	38.45	11.914	-10.265	-60.822	-11.076	25.445	20.296	3.1335	-5.4186	8.5029
-2.3256	22.494	8.567	0.40574	1.7355	-4.6116	1.4515	-0.42791	-2.5626	-2.2394	-1.5741	3.8956	-1.2844	-0.66844	-1.436	-4.3818	1.1979	-40.311	51.664	26.712	-7.0735	-7.7002	24.947	15.888	0.33133	5.2504	-18.446	-13.647
-2.414	21.363	8.7377	-0.40662	3.1805	-3.6347	1.527	-1.6953	-2.0702	-1.4975	-1.7435	3.2995	-1.3838	-0.95106	-3.5348	-45.219	6.8279	-32.494	57.803	39.074	3.0204	-50.697	19.695	29.676	-6.7745	-23.843	-3.9778	-11.305
-2.6657	18.657	8.7977	-0.17613	3.1975	-1.6994	1.1701	-1.4499	-1.9491	-1.1197	-2.1564	2.7859	-1.634	-0.98624	-10.067	-108.25	2.3997	9.2197	0.67832	77.411	-14.276	9.8159	4.8445	15.11	-16.517	-20.544	-10.008	-1.4073
-3.3495	8.5334	9.602	2.2521	1.723	0.86241	0.37779	-0.51313	-1.3674	-0.70872	-3.1787	2.7694	-2.1149	-1.2567	-27.352	-404.94	32.174	97.13	-58.98	102.47	-31.692	37.472	23.265	16.44	-40.891	-0.6634	-19.235	-10.817
-4.6351	-14.641	9.7188	5.6447	2.8626	0.79664	0.18343	-1.7793	0.88254	0.060013	-4.3315	1.7218	-1.2521	-0.77367	-51.424	-926.97	4.6725	135.7	45.584	-2.6305	-7.7743	-50.645	89.999	30.749	-46.111	-41.904	34.514	19.32
-7.5732	-50.357	2.8613	12.063	-1.4241	1.4815	1.9695	-0.30273	-0.16645	0.6531	0.38259	2.4568	-1.611	-1.3058	-117.52	-1428.6	-274.3	256.74	-171.47	27.393	71.443	59.062	-41.96	23.723	188.56	29.401	-14.358	-21.287
-10.74	-65.382	-12.146	6.9048	-1.1784	4.5766	6.0544	0.35481	-0.46539	1.7735	-1.4792	1.5334	-0.91331	-1.5091	-126.68	-601.02	-600.29	-206.33	9.8274	123.8	163.4	26.301	-11.958	44.816	-74.473	-36.937	27.908	-8.1316
-10.911	-61.476	-17.007	-0.73881	-3.8	4.2087	4.331	-2.6922	0.0089954	3.3586	-1.613	1.9057	-1.6288	-0.22464	-6.8217	156.25	-194.45	-305.75	-104.86	-14.716	-68.934	-121.88	18.975	63.405	-5.3515	14.892	-28.619	51.379
-11.212	-74.902	-13.91	1.227	-2.2023	4.4033	4.1522	-1.93	-0.30948	3.0459	-1.2337	1.2061	-1.7972	0.49715	-12.063	-537.01	123.88	78.632	63.909	7.7845	-7.1531	30.486	-12.739	-12.507	15.172	-27.985	-6.7385	28.872
-9.5759	-74.603	-5.6192	0.016925	-0.73129	2.0595	1.0595	0.97833	1.7747	0.48992	0.44897	-0.64434	0.090857	0.81849	65.452	11.945	331.63	-48.403	58.84	-93.753	-123.71	116.33	83.368	-102.24	67.308	-74.016	75.524	12.854
-7.8661	-30.461	3.32	-8.1016	3.1648	-2.7728	-1.5696	-2.4042	1.3578	3.9986	-2.5302	-1.8456	0.53246	0.83227	68.391	1765.7	357.57	-324.74	155.84	-193.29	-105.16	-135.3	-16.676	140.35	-119.17	-48.049	17.664	0.55089
-6.7723	-18.03	-5.2835	-8.1962	2.8358	-1.6552	-0.45539	0.61207	1.4758	2.2501	-2.2644	0.62685	2.7683	-0.58191	43.753	497.23	-344.14	-3.7854	-13.161	44.704	44.569	120.65	4.7199	-69.941	10.634	98.897	89.435	-56.567
-5.1502	-5.1344	-16.912	-7.1572	5.0404	0.10816	-1.354	-1.5282	1.3522	0.96242	-0.79177	-1.424	2.5324	-0.12593	64.882	515.82	-465.16	41.563	88.184	70.533	-35.944	-85.61	-4.9458	-51.508	58.904	-82.033	-9.4395	18.239
-4.5071	2.2775	-22.095	-5.6009	6.5359	1.0584	-0.37921	-0.49645	2.8287	2.0583	-0.53651	-1.8917	1.5224	-0.64402	25.726	296.48	-207.3	62.25	59.822	38.008	38.991	41.27	59.06	43.833	10.21	-18.707	-40.399	-20.724
-4.2975	2.3206	-23.948	-1.8094	6.8134	-0.27844	-1.814	-1.3382	1.7959	0.25941	0.19735	-1.7119	1.0123	0.24222	8.3848	1.7209	-74.129	151.66	11.101	-53.472	-57.392	-33.67	-41.311	-71.954	29.355	7.1915	-20.403	35.45
-4.4435	-4.1055	-26.476	-1.6269	5.7662	-2.2713	-2.0834	0.77209	1.8521	0.6254	1.5842	-1.5802	-0.045791	-1.0405	-5.8428	-257.04	-101.1	7.2972	-41.889	-79.714	-10.775	84.411	2.2466	14.64	55.472	5.2663	-42.324	-51.308
-4.6458	-6.501	-25.655	1.0838	7.9172	0.69011	1.6846	0.93841	2.5043	1.3162	1.5604	-1.6709	0.74806	-0.77014	-8.0889	-95.819	32.816	108.43	86.039	118.46	150.72	6.6527	26.09	27.631	-0.94976	-3.6282	31.754	10.813
-4.8239	-10.634	-27.857	3.9902	7.1037	-1.1688	1.4709	1.6584	1.4965	0.20178	1.8806	-2.524	1.0728	0.65446	-7.1275	-165.33	-88.085	116.26	-32.539	-74.355	-8.5474	28.799	-40.314	-44.575	12.807	-34.123	12.989	56.984
-4.7352	-8.8696	-27.442	1.0184	5.2533	-1.8857	0.35165	0.73777	2.6721	1.3935	1.6947	-1.4208	0.70697	0.38512	3.5487	70.585	16.625	-118.87	-74.019	-28.677	-44.771	-36.824	47.025	47.67	-7.434	44.128	-14.633	-10.773
-4.7731	-6.8898	-25.668	3.1251	7.047	-1.8343	-0.2631	0.62852	1.8886	0.678	0.86101	-2.0614	-0.96469	0.3133	-1.5144	79.189	70.947	84.265	71.748	2.0572	-24.59	-4.3697	-31.34	-28.621	-33.349	-25.625	-66.867	-2.8727
-4.738	-7.6282	-26.744	3.3379	6.3398	-3.045	-0.45722	-0.8512	1.4955	0.96754	0.94099	-0.80949	0.83188	-0.15516	1.4023	-29.536	-43.05	8.5119	-28.285	-48.43	-7.7647	-59.189	-15.725	11.581	3.1992	50.077	71.863	-18.739
-4.545	-2.9199	-22.503	1.727	6.8709	-1.2304	0.41869	1.6602	2.3654	0.65162	1.0496	-1.3335	2.2016	0.11057	7.7202	188.33	169.63	-64.435	21.245	72.584	35.036	100.46	34.797	-12.637	4.3437	-20.962	54.79	10.629
-4.5415	-2.7572	-22.485	-0.22299	7.5647	-1.6959	-0.39091	3.1939	1.8241	-1.8628	1.2358	-1.2423	0.68422	-0.19113	0.14164	6.507	0.72766	-77.999	27.75	-18.619	-32.384	61.346	-21.654	-100.58	7.4484	3.6491	-60.696	-12.068
-4.7919	-5.7965	-19.966	-0.99145	6.1928	-1.5674	-2.5657	1.12	3.2463	-1.4456	0.40849	-1.3242	0.91494	-0.35883	-10.015	-121.57	100.77	-30.738	-54.876	5.1378	-86.993	-82.957	56.887	16.688	-33.092	-3.2747	9.2286	-6.7081
-5.2935	-6.3022	-13.523	2.3059	10.204	1.297	-0.1818	1.7493	1.7558	-0.67417	1.3575	-0.65407	1.2562	-1.3373	-20.066	-20.227	257.72	131.89	160.43	114.58	95.357	25.173	-59.62	30.856	37.96	26.805	13.652	-39.14
-3.8265	9.4623	3.5504	0.43348	8.1556	2.6483	-1.5975	-1.6633	0.15258	-1.0795	0.14773	-1.0162	0.061435	0.33395	58.679	630.58	682.94	-74.897	-81.916	54.049	-56.628	-136.51	-64.127	-16.212	-48.391	-14.483	-47.792	66.851
-2.9595	19.04	5.4135	-2.9782	6.2833	2.7557	-1.7306	-3.4544	1.1334	-2.4728	1.0024	-3.7148	-0.84874	0.86812	34.68	383.13	74.522	-136.47	-74.895	4.2967	-5.3251	-71.643	39.232	-55.731	34.188	-107.95	-36.407	21.367
-2.4782	13.547	8.5317	-4.6863	7.5806	4.0505	-1.8971	-3.0401	-0.4645	-1.8697	0.023929	-3.7342	-1.6704	-0.056502	19.254	-219.74	124.73	-68.325	51.894	51.793	-6.6569	16.571	-63.915	24.121	-39.14	-0.77577	-32.865	-36.985
-2.2067	13.513	9.0856	-4.6173	7.1851	4.9716	-2.3418	-1.9444	-2.0306	-0.66036	-0.87784	-4.2168	-1.944	-0.091899	10.861	-1.3494	22.155	2.7611	-15.819	36.844	-17.789	43.828	-62.643	48.375	-36.071	-19.303	-10.946	-1.4159
-1.9617	12.3	14.474	-8.3235	8.3598	3.2881	-2.0366	-2.0064	-2.8469	1.0715	-2.564	-2.8843	-2.1515	0.14716	9.7987	-48.531	215.52	-148.25	46.989	-67.34	12.209	-2.4777	-32.654	69.274	-67.448	53.298	-8.3008	9.5623
-1.7502	11.138	17.085	-8.4348	7.3467	2.664	-2.418	-2.6072	-3.7304	2.2781	-2.2985	-2.4251	-2.1111	0.52576	8.459	-46.47	104.48	-4.4529	-40.526	-24.965	-15.256	-24.032	-35.339	48.265	10.62	18.37	1.6172	15.144
-1.631	15.083	18.167	-9.8032	6.6335	2.4619	-1.8883	-2.9072	-4.4682	2.9884	-2.3011	-2.0204	-1.8988	1.0494	4.7701	157.79	43.248	-54.733	-28.53	-8.0824	21.185	-12.002	-29.511	28.411	-0.10356	16.186	8.4912	20.944
-1.5272	16.164	19.297	-10.304	6.0974	2.3945	-1.5129	-3.3591	-4.8634	3.5912	-2.1805	-2.0672	-1.642	1.9821	4.1521	43.254	45.214	-20.016	-21.443	-2.6973	15.019	-18.077	-15.809	24.111	4.8268	-1.8728	10.273	37.31
-1.5626	16.944	19.188	-10.347	5.8184	2.3881	-1.4793	-4.0653	-5.5478	4.5466	-1.485	-2.0702	-1.4315	1.1683	-1.4182	31.199	-4.3598	-1.7336	-11.16	-0.25531	1.3435	-28.248	-27.378	38.219	27.817	-0.11817	8.4189	-32.55
-1.6582	13.763	19.444	-9.5893	4.9243	2.1731	-1.5027	-3.6438	-5.591	4.6637	-0.9252	-2.6034	-0.51625	0.65226	-3.8242	-127.26	10.22	30.305	-35.763	-8.5983	-0.93722	16.861	-1.7279	4.6827	22.393	-21.328	36.611	-20.643
-1.7621	14.43	18.874	-9.0069	3.744	2.5975	-1.3644	-3.8075	-5.3302	4.2395	0.25707	-3.3352	0.21395	0.36418	-4.1544	26.682	-22.775	23.296	-47.213	16.976	5.5324	-6.5463	10.433	-16.967	47.291	-29.274	29.208	-11.523
-1.7905	14.392	19.127	-8.7671	2.4563	2.5077	-0.55352	-3.8394	-5.1199	4.0752	0.58413	-3.6674	1.1227	0.047324	-1.1355	-1.5251	10.133	9.5904	-51.505	-3.5933	32.435	-1.2778	8.4108	-6.5723	13.082	-13.284	36.35	-12.674
-1.8169	14.617	19.1	-8.6105	1.3854	2.9984	-0.65716	-3.1707	-5.4862	4.3268	0.70356	-3.7859	1.5516	0.045683	-1.0577	9.0199	-1.0997	6.2649	-42.836	19.628	-4.1453	26.748	-14.649	10.063	4.7771	-4.7404	17.158	-0.065617
-1.8425	14.915	18.814	-8.4774	0.89346	2.722	-0.45784	-2.712	-5.8537	4.8229	0.19734	-3.5574	1.5134	0.44297	-1.0235	11.918	-11.452	5.3221	-19.679	-11.054	7.9728	18.348	-14.701	19.842	-20.249	9.1375	-1.5286	15.892
-1.8627	14.785	18.794	-8.2845	0.93058	2.8878	-0.74622	-2.278	-5.8857	4.8158	0.25903	-3.6185	1.6059	0.46414	-0.80797	-5.1966	-0.79988	7.7172	1.4851	6.6308	-11.535	17.362	-1.2801	-0.28123	2.4676	-2.4416	3.6975	0.84642
-1.9156	14.328	18.403	-8.1921	1.143	3.5634	-1.8165	-2.0252	-5.7944	4.7128	0.039777	-3.6735	1.3369	0.88654	-2.1147	-18.317	-15.624	3.6944	8.4981	27.022	-42.81	10.112	3.651	-4.1209	-8.77	-2.1992	-10.758	16.896
-1.9736	15.112	16.872	-7.7377	1.9994	4.0176	-2.9308	-1.7602	-5.5844	4.6381	-0.054601	-4.1213	1.8032	0.46238	-2.3225	31.369	-61.25	18.176	34.254	18.169	-44.574	10.598	8.3985	-2.9903	-3.7751	-17.916	18.65	-16.967
-1.953	16.332	15.567	-7.9826	3.3502	4.5899	-4.3868	-1.336	-4.8981	4.244	-0.8283	-4.4684	2.1712	0.16982	0.82387	48.828	-52.212	-9.795	54.033	22.891	-58.239	16.968	27.455	-15.763	-30.948	-13.884	14.72	-11.702
-1.9276	18.776	14.056	-7.5724	5.3967	4.3482	-4.8632	-1.4396	-4.1904	4.5291	-2.5386	-3.7477	2.2627	0.1768	1.0193	97.738	-60.416	16.407	81.858	-9.6669	-19.056	-4.1441	28.307	11.406	-68.412	28.829	3.6603	0.27923
-1.9703	19.334	12.018	-6.5239	6.6486	4.5512	-6.0339	-0.95543	-3.6925	3.9592	-3.5442	-3.1013	2.0585	0.19802	-1.708	22.336	-81.541	41.942	50.076	8.1183	-46.827	19.368	19.917	-22.797	-40.223	25.857	-8.1691	0.84865
-2.0231	17.424	9.7871	-3.9396	8.0962	3.6871	-5.3945	-1.7843	-1.7978	2.3882	-4.3115	-2.4742	1.5784	0.99034	-2.1158	-76.422	-89.222	103.37	57.904	-34.563	25.576	-33.155	75.787	-62.841	-30.694	25.082	-19.202	31.693
-2.1103	16.696	8.3263	-3.0665	9.8118	3.5049	-5.2841	-1.98	-0.97372	1.9045	-5.5379	-1.5266	0.94329	0.98971	-3.4879	-29.126	-58.432	34.921	68.626	-7.2871	4.4142	-7.8284	32.964	-19.346	-49.055	37.906	-25.404	-0.025292
-2.3491	12.553	6.8353	-1.6169	12.5	2.1653	-4.6745	-2.4531	0.10844	0.70726	-5.8611	-0.039315	-1.0075	1.9505	-9.5521	-165.71	-59.638	57.987	107.54	-53.582	24.384	-18.923	43.287	-47.89	-12.928	59.49	-78.031	38.43
-2.6592	10.145	6.7227	-1.1555	13.26	0.78444	-2.6835	-2.0205	0.47981	0.5774	-6.0765	0.26385	-0.96737	2.1561	-12.404	-96.302	-4.5062	18.455	30.377	-55.236	79.641	17.305	14.855	-5.1945	-8.6145	12.127	1.6048	8.2263
-2.7973	10.089	4.67	1.0033	13.153	1.0473	-2.9943	-1.7883	0.49104	0.0057445	-5.2092	-0.32758	-1.0794	1.796	-5.5224	-2.2453	-82.106	86.351	-4.2824	10.516	-12.431	9.2869	0.44927	-22.866	34.69	-23.657	-4.4827	-14.406
-2.8143	11.851	4.5061	0.35068	13.166	1.1682	-2.8206	-1.7378	0.44471	-0.095033	-5.3564	-0.3216	-1.0349	1.9028	-0.682	70.475	-6.5551	-26.104	0.53193	4.8361	6.947	2.018	-1.8535	-4.0311	-5.8875	0.23934	1.7821	4.2727
-2.5382	13.642	4.3421	1.0329	12.849	0.45944	-2.5669	-2.4787	0.79448	-0.42033	-4.6955	-0.39181	-0.74118	1.8648	11.044	71.616	-6.56	27.289	-12.701	-28.352	10.149	-29.636	13.991	-13.012	26.436	-2.8086	11.748	-1.5179
-2.256	15.826	4.9288	1.2837	12.257	0.46167	-3.1133	-3.0466	0.6849	-0.8449	-4.5339	-0.54699	-1.1969	1.4372	11.291	87.394	23.468	10.032	-23.67	0.088928	-21.857	-22.715	-4.3833	-16.983	6.4639	-6.2069	-18.228	-17.103
-1.9953	18.764	5.2842	0.67828	10.897	0.95832	-3.5075	-3.5034	0.48266	-0.76887	-4.6585	-0.68612	-1.138	1.9214	10.427	117.5	14.213	-24.217	-54.377	19.866	-15.768	-18.271	-8.0894	3.041	-4.984	-5.5653	2.3553	19.365
-1.7923	23.49	4.094	1.5171	8.9345	0.60459	-3.2077	-4.1256	0.038176	-0.052371	-4.5899	0.059365	-1.9536	1.8184	8.1219	189.05	-47.607	33.551	-78.516	-14.149	11.993	-24.89	-17.78	28.66	2.743	29.819	-32.624	-4.1194
-1.8241	25.592	3.1441	1.4058	7.6727	1.0536	-4.1037	-4.3759	0.46284	0.26791	-4.1347	0.15508	-2.5428	2.3719	-1.2742	84.085	-37.996	-4.4516	-50.472	17.962	-35.84	-10.01	16.986	12.811	18.209	3.8287	-23.567	22.142
-2.0017	26.958	4.0761	0.88266	5.6898	1.239	-2.7117	-4.7462	0.034081	0.94356	-3.415	0.39714	-2.7617	2.1738	-7.1034	54.644	37.28	-20.925	-79.313	7.4144	55.682	-14.812	-17.15	27.026	28.789	9.6822	-8.7555	-7.9239
-2.1491	25.711	4.4821	1.3244	4.406	0.93356	-1.7513	-4.4198	-0.3632	0.85758	-2.3058	0.68754	-2.7693	1.8034	-5.8959	-49.906	16.242	17.669	-51.354	-12.218	38.414	13.056	-15.891	-3.4395	44.367	11.616	-0.30515	-14.816
-2.3857	21.708	7.5303	0.66595	3.3011	0.74796	-1.0886	-3.6468	-0.58237	0.55302	-1.119	0.1787	-2.7343	1.8297	-9.4639	-160.11	121.93	-26.338	-44.197	-7.4243	26.507	30.919	-8.7668	-12.182	47.473	-20.354	1.3982	1.0493
-2.8582	13.885	11.289	1.5911	-0.014158	3.3804	-2.137	-1.1428	-1.7974	0.89248	-0.41879	0.18365	-2.8824	1.6535	-18.902	-312.91	150.36	37.005	-132.61	105.3	-41.937	100.16	-48.601	13.579	28.007	0.19793	-5.9236	-7.046
-3.8132	2.9081	9.3952	4.9156	-1.2325	5.1984	-0.86377	-1.0699	-0.30784	-0.055141	1.4172	-0.51178	-2.3911	1.0104	-38.2	-439.09	-75.759	132.98	-48.732	72.72	50.931	2.9181	59.582	-37.905	73.439	-27.817	19.651	-25.723
-5.4455	-2.801	-3.1181	6.0589	1.6414	5.9208	1.874	-0.27944	0.92458	-1.2118	0.68345	-2.3905	-0.13976	1.58	-65.291	-228.36	-500.53	45.731	114.95	28.895	109.51	31.618	49.297	-46.264	-29.349	-75.149	90.056	22.784
-6.3343	-4.3418	-14.077	-0.45335	-2.5021	2.1485	-0.70283	0.4772	3.8292	0.17044	1.9512	-1.3132	-0.44442	0.96037	-35.551	-61.632	-438.36	-260.49	-165.74	-150.89	-103.07	30.265	116.18	55.288	50.708	43.094	-12.186	-24.787
-6.1303	-2.7497	-14.74	0.83101	-1.2589	1.9966	0.57083	0.40844	3.2547	0.49986	1.5171	-1.133	0.47638	0.21403	8.1612	63.686	-26.512	51.374	49.73	-6.075	50.946	-2.7506	-22.98	13.177	-17.361	7.2067	36.832	-29.854
-5.7822	-2.0501	-16.801	2.8566	-4.2679	0.78404	0.78808	-0.31914	2.7854	0.95635	2.5966	-1.4357	-0.96752	0.88861	13.921	27.985	-82.427	81.025	-120.36	-48.502	8.69	-29.103	-18.772	18.26	43.179	-12.108	-57.756	26.983
-5.6534	-4.3356	-18.025	1.757	-7.7997	0.088539	-0.91849	-0.6739	2.2701	-0.63881	1.5865	-1.3784	1.1018	0.30814	5.1529	-91.42	-48.986	-43.984	-141.27	-27.82	-68.263	-14.19	-20.611	-63.807	-40.404	2.2931	82.773	-23.219
-5.827	-9.3552	-18.218	2.5014	-5.8319	1.5429	-0.51417	-0.33932	3.4876	-0.30055	0.5333	-3.4859	-1.164	-0.42539	-6.9432	-200.78	-7.7041	29.776	78.712	58.174	16.173	13.383	48.7	13.531	-42.128	-84.301	-90.634	-29.341
-5.9884	-9.5759	-19.166	3.3239	-3.4339	1.7158	0.074857	-1.078	2.0365	-2.0529	2.3462	-1.9057	0.12987	0.90844	-6.4581	-8.8278	-37.915	32.9	95.92	6.9172	23.561	-29.547	-58.045	-70.093	72.514	63.206	51.756	53.354
-6.0969	-9.3375	-20.14	1.6999	-3.1235	2.0559	1.1942	-0.69826	1.7846	-3.0143	1.3842	-1.4377	0.85941	2.3164	-4.3373	9.5361	-38.956	-64.961	12.417	13.604	44.776	15.19	-10.076	-38.458	-38.477	18.72	29.182	56.317
-6.3924	-11.458	-18.944	0.04245	-4.0478	0.092138	0.81229	0.14126	1.8182	-1.9785	-0.18964	-0.26369	1.3928	2.5185	-11.82	-84.803	47.82	-66.299	-36.97	-78.551	-15.278	33.581	1.3432	41.434	-62.955	46.962	21.336	8.0851
-6.8456	-9.7029	-14.625	1.3085	-2.1946	1.2766	1.1246	1.4383	2.4459	-0.4767	-0.79218	-1.0534	0.50585	0.20445	-18.127	70.187	172.75	50.644	74.127	47.38	12.493	51.881	25.109	60.071	-24.102	-31.588	-35.478	-92.561
-7.3314	-18.746	-14.56	1.811	-2.2362	2.0953	0.94388	0.5987	3.9362	1.354	0.95941	-0.13411	0.97755	-0.41961	-19.435	-361.72	2.6096	20.1	-1.6639	32.746	-7.2293	-33.584	59.613	73.228	70.064	36.771	18.868	-24.962
-8.1341	-29.656	-17.25	-0.37582	-0.76029	2.5366	1.6774	-0.0090991	1.1797	0.10781	0.85464	0.96522	1.5602	0.62134	-32.107	-436.4	-107.58	-87.474	59.036	17.655	29.339	-24.312	-110.26	-49.848	-4.1908	43.973	23.304	41.638
-9.0311	-31.361	-9.9073	-1.0998	-2.2548	3.2635	2.8278	-0.02486	2.4079	-0.80966	-1.3962	1.461	2.85	0.65188	-35.877	-68.196	293.7	-28.96	-59.782	29.074	46.019	-0.63042	49.128	-36.699	-90.035	19.833	51.595	1.2218
-7.5213	-56.495	-0.21568	6.5533	0.65792	8.5391	2.2682	0.60165	1.8882	-1.3675	-2.0739	1.9373	2.154	1.0285	60.391	-1005.4	387.66	306.13	116.51	211.03	-22.384	25.06	-20.789	-22.315	-27.109	19.05	-27.84	15.066
-5.1792	-41.089	12.936	11.271	3.2994	10.854	-0.91613	1.9145	0.39029	-1.3451	-1.7267	0.61706	0.25003	-0.21022	93.683	616.25	526.05	188.71	105.66	92.609	-127.37	52.512	-59.915	0.89528	13.89	-52.809	-76.16	-49.55
-4.9134	-19.56	11.765	7.313	2.7615	10.891	-1.3459	1.9607	0.58042	-2.0431	-1.6421	0.097838	1.7661	-1.6548	10.632	861.16	-46.822	-158.32	-21.517	1.4852	-17.192	1.8488	7.6052	-27.92	3.3847	-20.769	60.645	-57.782
-5.1581	-18.873	9.6904	4.0095	2.1861	8.9912	-3.3205	1.3955	-0.97755	-1.4099	-1.247	1.5259	2.8263	-1.7482	-9.7899	27.49	-82.988	-132.14	-23.015	-76.013	-78.983	-22.605	-62.319	25.33	15.803	57.122	42.404	-3.7358
-5.4795	-17.736	9.7698	3.6881	1.8311	8.7795	-3.0066	1.155	-0.051432	-2.4873	-0.42696	0.68274	3.8185	-1.5964	-12.854	45.49	3.1759	-12.858	-14.202	-8.4679	12.557	-9.621	37.045	-43.096	32.802	-33.726	39.689	6.0703
-5.4751	-15.38	9.881	3.0354	1.0897	8.1301	-2.7241	1.9161	-0.79284	-2.1723	-0.42269	0.12791	3.6108	-1.3923	0.17616	94.243	4.4489	-26.107	-29.653	-25.974	11.297	30.442	-29.656	12.601	0.17066	-22.193	-8.3065	8.1653
-5.2914	-15.767	11.872	1.892	1.0187	6.1947	-2.1509	2.799	-2.1885	-0.93451	-0.97817	0.42826	2.2288	-1.0812	7.3473	-15.487	79.647	-45.738	-2.8407	-77.418	22.929	35.318	-55.827	49.511	-22.219	12.014	-55.281	12.445
-5.0259	-6.5663	9.4139	1.4061	-0.66305	3.6024	-0.51223	4.3966	-2.5493	1.7878	0.092966	0.066349	2.3826	-1.1152	10.621	368.02	-98.332	-19.434	-67.271	-103.69	65.547	63.904	-14.432	108.89	42.846	-14.476	6.1533	-1.362
-4.7439	-1.6429	7.8757	1.5772	-0.85027	1.7602	0.61101	3.7223	-2.5471	2.4555	0.72998	0.51063	2.2232	-1.0713	11.279	196.93	-61.527	6.8423	-7.4887	-73.687	44.93	-26.973	0.088316	26.709	25.48	17.771	-6.3784	1.7553
-4.6215	-0.11241	9.1152	0.97743	-0.848	1.0209	1.3379	3.333	-2.7124	2.8827	-0.08859	1.8757	0.74037	-0.62958	4.8972	61.221	49.579	-23.991	0.090667	-29.57	29.074	-15.571	-6.6106	17.089	-32.743	54.602	-59.312	17.67
-4.3916	-0.17147	11.106	0.33343	-0.47112	0.21544	1.563	2.1524	-2.1669	1.9853	0.013695	2.8564	-0.23446	0.071211	9.1928	-2.3623	79.616	-25.76	15.075	-32.22	9.0065	-47.225	21.818	-35.898	4.0914	39.23	-38.993	28.031
-4.2542	-3.2213	12.645	0.83198	-0.69384	0.35573	1.6767	1.3581	-1.1649	0.94037	0.83422	2.6774	-0.11885	0.4204	5.4985	-121.99	61.58	19.942	-8.9091	5.6115	4.5452	-31.772	40.082	-41.796	32.821	-7.1608	4.6244	13.968
-4.5534	-7.9415	13.904	2.282	-2.1579	1.7828	1.0221	1.0521	0.1441	0.027469	2.0561	2.5977	-0.21699	0.90092	-11.967	-188.81	50.351	58.001	-58.562	57.082	-26.183	-12.241	52.36	-36.516	48.875	-3.1873	-3.9258	19.221
-5.3604	-13.517	6.0446	5.8926	0.07758	4.1862	2.3622	-0.18924	2.652	-0.6535	2.52	1.4438	-0.75993	1.6936	-32.28	-223.04	-314.37	144.42	89.419	96.137	53.605	-49.651	100.32	-27.239	18.556	-46.158	-21.717	31.708
-6.1914	-4.5793	-5.1463	3.1489	0.61398	1.9735	3.754	-0.96411	2.9515	0.45453	2.1964	0.16721	0.059269	0.73593	-33.242	357.53	-447.64	-109.75	21.456	-88.509	55.669	-30.995	11.979	44.321	-12.943	-51.063	32.768	-38.308
-6.4186	-3.6001	-12.78	-1.0902	-3.1315	-0.95251	1.5992	-0.8754	1.1481	-1.4902	2.0709	-0.23953	-1.71	1.7294	-9.0863	39.169	-305.34	-169.56	-149.82	-117.04	-86.192	3.5486	-72.136	-77.791	-5.0186	-16.27	-70.77	39.737
-6.2327	-6.6017	-16.771	-1.0732	-2.7086	1.4888	1.4448	1.1594	3.0434	-2.2807	1.47	-1.6046	-2.7609	-0.33152	7.4329	-120.06	-159.63	0.67764	16.915	97.651	-6.1756	81.391	75.812	-31.618	-24.039	-54.602	-42.038	-82.435
-6.1565	-2.4295	-16.187	-1.6242	-1.6826	0.69468	-0.032121	-0.17653	3.6722	0.68183	1.9099	-0.28966	-1.4931	-0.53618	3.049	166.89	23.338	-22.039	41.041	-31.763	-59.076	-53.436	25.15	118.5	17.597	52.597	50.713	-8.1864
-6.0144	-3.1198	-17.928	-1.5073	-2.0521	-0.68642	-0.45214	-0.63255	3.0935	0.53017	2.5391	1.0386	1.1957	1.2878	5.6856	-27.614	-69.63	4.6748	-14.783	-55.244	-16.801	-18.241	-23.148	-6.0661	25.167	53.131	107.55	72.959
-6.1279	-3.9254	-17.107	0.93528	-3.3089	0.76754	3.1993	-1.2343	3.1972	-0.81812	2.2829	-1.3967	0.01803	1.8695	-4.5403	-32.223	32.85	97.705	-50.271	58.158	146.06	-24.07	4.15	-53.932	-10.245	-97.415	-47.106	23.268
-6.3014	-6.0586	-14.401	1.2094	-2.8689	-0.35895	1.59	-1.5709	1.0258	-0.54913	2.8934	-0.69624	-0.14056	2.6473	-6.9409	-85.328	108.22	10.965	17.599	-45.06	-64.369	-13.466	-86.858	10.76	24.418	28.02	-6.3436	31.112
-6.4681	-10.181	-18.366	-1.02	-4.3273	-1.4257	0.94727	1.0694	3.289	-0.2695	2.0241	-1.9891	-0.55573	0.93797	-6.6683	-164.88	-158.61	-89.175	-58.334	-42.668	-25.711	105.61	90.529	11.185	-34.77	-51.713	-16.607	-68.372
-6.4571	-9.3516	-17.9	-0.5023	-4.5287	0.73074	2.7472	0.79397	2.0695	-1.484	1.9416	-1.9336	-0.31163	0.30386	0.44258	33.157	18.665	20.706	-8.0543	86.256	71.998	-11.017	-48.779	-48.58	-3.3008	2.2174	9.7637	-25.364
-6.5319	-10.64	-17.54	0.92872	-4.141	-1.8609	-0.14431	-0.15317	4.0048	-0.12154	1.708	-1.7037	0.69011	1.4215	-2.9951	-51.543	14.395	57.241	15.506	-103.67	-115.66	-37.885	77.412	54.499	-9.3442	9.195	40.07	44.706
-6.6503	-12.326	-16.648	2.2201	-2.8467	1.3491	0.19817	-2.2297	4.3144	-0.26231	2.1521	-0.94728	-0.3016	0.4197	-4.734	-67.435	35.666	51.654	51.773	128.4	13.699	-83.061	12.386	-5.6305	17.763	30.259	-39.669	-40.072
-6.8116	-10.989	-15.431	0.32839	-4.5053	-0.4129	1.1464	0.40289	3.4204	-1.2741	2.9216	0.54329	-0.88033	-0.21576	-6.4514	53.5	48.682	-75.667	-66.345	-70.48	37.93	105.3	-35.762	-40.474	30.781	59.623	-23.149	-25.418
-7.0853	-13.921	-16.279	-0.24943	-3.5884	-1.168	0.54313	-1.1	3.7932	-0.46477	1.1426	0.11237	0.36888	0.63374	-10.948	-117.29	-33.909	-23.113	36.674	-30.206	-24.132	-60.115	14.914	32.375	-71.16	-17.237	49.968	33.98
-7.78	-20.672	-13.101	-2.6314	-5.424	-0.36914	1.1375	-2.4652	1.648	-1.4407	1.9899	-1.4837	0.91295	1.771	-27.791	-270.06	127.13	-95.278	-73.424	31.956	23.775	-54.611	-85.809	-39.038	33.891	-63.842	21.763	45.492
-8.3997	-32.717	-9.2985	-0.63142	-6.368	2.2734	1.8454	-0.22617	0.5662	-1.2785	1.7242	-0.93461	-0.31955	2.2006	-24.787	-481.79	152.09	79.998	-37.757	105.7	28.317	89.563	-43.272	6.4881	-10.629	21.963	-49.3	17.183
-4.0135	-25.174	4.5915	12.94	-6.3028	3.2921	-1.4	1.7519	1.865	-1.5069	0.92976	0.26001	-0.89488	-0.53003	175.45	301.74	555.6	542.87	2.6086	40.746	-129.82	79.122	51.951	-9.1369	-31.776	47.785	-23.013	-109.22
-2.5302	11.862	14.555	3.2869	-4.0983	-3.4095	-1.3121	1.5713	-0.20731	-3.8891	2.6085	0.72847	-0.85678	0.55845	59.33	1481.4	398.55	-386.14	88.177	-268.06	3.5128	-7.224	-82.892	-95.285	67.15	18.738	1.5241	43.539
-1.9704	25.473	9.2677	1.4912	-6.1163	-5.0407	-1.5016	1.1525	-0.46688	-4.0241	3.7904	1.0134	-0.90548	0.39388	22.394	544.43	-211.5	-71.828	-80.72	-65.247	-7.5782	-16.752	-10.383	-5.4009	47.276	11.396	-1.9478	-6.5831
-1.6523	24.461	10.401	-1.4124	-5.4063	-5.5027	-0.39857	2.0424	-0.66908	-3.2749	3.401	1.2749	-0.74716	0.059665	12.724	-40.484	45.338	-116.14	28.402	-18.481	44.121	35.598	-8.0883	29.969	-15.577	10.464	6.3324	-13.368
-1.3691	24.447	11.12	-1.9102	-6.1053	-5.6026	0.69332	1.8848	0.41682	-2.9377	2.8392	0.86588	-0.14593	-0.83504	11.328	-0.55301	28.748	-19.913	-27.963	-3.9952	43.675	-6.3053	43.436	13.487	-22.471	-16.363	24.05	-35.788
-1.2668	24.171	12.081	-2.8869	-7.0354	-6.3617	1.7349	1.3449	1.3301	-2.3097	1.4869	0.6096	0.78937	-1.95	4.091	-11.064	38.442	-39.065	-37.204	-30.362	41.662	-21.595	36.531	25.119	-54.091	-10.251	37.412	-44.598
-1.3822	21.979	13.065	-2.8665	-7.2677	-6.5225	1.3521	2.022	1.6569	-2.2441	0.90703	0.52699	1.2809	-2.2157	-4.6161	-87.647	39.362	0.81224	-9.2921	-6.433	-15.312	27.081	13.073	2.6246	-23.196	-3.3044	19.661	-10.628
-1.4145	18.912	15.201	-4.4949	-6.5189	-6.7952	1.204	2.5022	1.7069	-1.6074	-0.33405	1.4445	0.84669	-2.0907	-1.2902	-122.68	85.43	-65.133	29.955	-10.907	-5.9223	19.209	1.9996	25.467	-49.643	36.702	-17.368	5.0008
-1.4199	20.774	12.906	-1.6866	-8.016	-4.9964	0.3897	3.1795	1.5334	-1.5769	0.62082	0.46661	1.4871	-1.9317	-0.21894	74.478	-91.803	112.33	-59.883	71.949	-32.572	27.093	-6.9389	1.2207	38.195	-39.117	25.615	6.3568
-1.4991	17.924	13.885	-3.0242	-7.3031	-5.689	-0.023111	2.8752	2.3654	-2.2674	0.022755	1.1635	0.80928	-2.0619	-3.1674	-114.02	39.157	-53.507	28.515	-27.701	-16.512	-12.171	33.28	-27.62	-23.923	27.876	-27.111	-5.2063
-1.6559	17.109	14.502	-3.7624	-6.296	-5.8787	-0.11128	2.5958	2.6002	-1.4246	-0.71039	1.4344	0.34262	-1.8547	-6.2724	-32.572	24.687	-29.527	40.282	-7.5902	-3.5266	-11.175	9.3902	33.715	-29.326	10.835	-18.667	8.2894
-1.6505	17.951	14.721	-3.8135	-6.5281	-5.6905	0.63628	2.3654	2.9115	-2.0596	-0.18812	1.3561	0.59471	-1.9026	0.21563	33.65	8.775	-2.0442	-9.2817	7.5285	29.902	-9.2175	12.454	-25.401	20.891	-3.1317	10.084	-1.9185
-1.5636	20.378	14.419	-5.5183	-5.8116	-5.2501	0.019603	2.1375	2.9745	-1.5183	-0.86847	1.5623	0.10905	-2.1054	3.4778	97.087	-12.088	-68.192	28.659	17.618	-24.667	-9.1183	2.517	21.653	-27.214	8.2466	-19.426	-8.112
-1.8001	20.702	13.325	-4.889	-5.557	-4.1923	-0.51597	2.5137	2.2593	-1.3103	-1.0749	2.1821	-0.069774	-1.8906	-9.4591	12.951	-43.771	25.173	10.186	42.309	-21.423	15.05	-28.606	8.3194	-8.2579	24.793	-7.1529	8.5916
-1.9607	18.103	13.694	-4.1956	-5.8967	-4.4814	-0.36349	2.5739	1.919	-1.1614	-1.27	2.0418	-0.12733	-1.5189	-6.4272	-103.95	14.758	27.734	-13.59	-11.561	6.0992	2.4065	-13.611	5.9563	-7.8051	-5.6121	-2.3023	14.869
-2.0298	16.533	14.134	-3.9995	-6.0588	-3.5215	0.60745	1.849	1.1879	-0.15145	-0.89903	0.93039	0.68551	-1.832	-2.7625	-62.772	17.622	7.8447	-6.4824	38.395	38.838	-28.994	-29.246	40.396	14.841	-44.455	32.514	-12.522
-2.217	17.481	14.754	-4.112	-6.3151	-3.8938	0.36032	1.9052	1.3386	-0.9841	-0.22404	0.46941	0.13586	-1.6058	-7.4858	37.896	24.81	-4.5009	-10.253	-14.893	-9.8853	2.2467	6.0279	-33.306	27	-18.439	-21.986	9.0471
-2.2441	16.871	15.234	-3.4462	-6.6666	-2.8564	-0.19975	2.5335	1.4164	-1.4438	-0.022202	0.41551	0.36578	-1.4301	-1.0852	-24.395	19.196	26.635	-14.059	41.496	-22.403	25.133	3.1149	-18.389	8.0735	-2.1561	9.1969	7.0269
-2.2987	20.763	13.994	-3.4686	-6.5827	-2.7647	-0.35828	3.07	1.5219	-1.1867	-0.4472	0.56003	0.038873	-1.7418	-2.1844	155.67	-49.596	-0.89955	3.3556	3.6685	-6.3412	21.458	4.2179	10.286	-17	5.781	-13.076	-12.467
-2.21	17.406	15.643	-3.4017	-5.834	-2.7324	-0.28142	2.901	1.4513	-0.59753	-0.48578	1.0421	-0.17604	-1.5108	3.546	-134.27	65.927	2.6765	29.946	1.2902	3.0745	-6.7584	-2.825	23.565	-1.5431	19.281	-8.5967	9.2395
-2.5974	18.214	15.171	-3.7684	-5.6704	-2.1409	-0.37015	3.0236	1.009	-0.74433	-0.62782	0.76741	-0.18454	-1.106	-15.495	32.332	-18.846	-14.665	6.5443	23.66	-3.5492	4.9042	-17.692	-5.872	-5.6817	-10.986	-0.33966	16.193
-2.7126	10.931	17.181	-3.142	-5.1379	-1.8331	-0.26731	3.7323	0.24801	0.19502	-0.61156	1.5064	0.12762	-1.5369	-4.6095	-291.3	80.363	25.054	21.299	12.313	4.1138	28.347	-30.438	37.574	0.65046	29.558	12.486	-17.235
-2.9021	10.013	18.054	-3.4775	-5.1653	-1.7885	-0.41073	2.9481	1.4607	-0.79329	-0.03107	0.43814	0.35246	-1.6991	-7.5779	-36.728	34.936	-13.42	-1.0942	1.7851	-5.7371	-31.367	48.507	-39.533	23.22	-42.729	8.9937	-6.4896
-2.9499	9.3622	15.686	-2.5319	-5.8719	-0.82121	-0.20738	3.2748	1.9988	-0.81882	0.9314	0.36584	0.12933	-1.8837	-1.9124	-26.046	-94.726	37.825	-28.265	38.691	8.1343	13.067	21.523	-1.0211	38.499	-2.8921	-8.925	-7.3835
-3.0026	9.2383	15.924	-3.0132	-6.0887	-1.3976	0.31074	3.6352	2.4949	-0.65252	1.2764	0.11674	0.012263	-2.1397	-2.1092	-4.9537	9.5135	-19.251	-8.6706	-23.056	20.725	14.416	19.844	6.652	13.8	-9.964	-4.6829	-10.239
-3.1195	12.378	13.343	-3.2522	-5.8366	-1.5002	-0.060803	4.061	2.297	-0.75127	1.9212	-0.012111	-0.47958	-2.2751	-4.6731	125.6	-103.21	-9.5619	10.081	-4.1026	-14.862	17.032	-7.916	-3.9501	25.791	-5.154	-19.674	-5.4185
-3.1249	6.7417	16.792	-4.2504	-5.3786	-1.1586	-0.62278	4.526	1.57	-0.79051	1.7434	-0.34565	-0.43423	-2.3906	-0.21923	-225.46	137.95	-39.929	18.322	13.662	-22.479	18.599	-29.08	-1.5698	-7.1123	-13.341	1.8141	-4.6209
-3.1786	9.603	17.117	-5.5465	-4.2986	-1.8844	-0.55455	4.0658	1.3995	-0.33802	1.5114	0.085664	-1.3007	-1.7524	-2.1465	114.45	12.976	-51.843	43.198	-29.03	2.7293	-18.409	-6.8207	18.1	-9.277	17.252	-34.659	25.53
-3.0999	6.5538	15.03	-3.4636	-3.467	0.18289	-0.29931	4.5409	1.2535	-1.2492	1.9322	0.25571	-1.3044	-2.0311	3.1484	-121.97	-83.442	83.318	33.264	82.691	10.21	19.005	-5.8378	-36.446	16.831	6.8019	-0.14706	-11.15
-3.7611	0.36735	17.915	-4.8334	-6.5504	-1.2131	-1.3489	3.7271	0.86769	-0.37187	2.2306	0.40541	-1.8621	-1.5195	-26.45	-247.46	115.4	-54.792	-123.33	-55.84	-41.984	-32.552	-15.433	35.092	11.937	5.9877	-22.31	20.468
-3.6392	-1.9406	17.75	-3.9676	-3.5195	-0.24187	-1.0711	4.0564	0.012167	0.5095	2.5756	0.034565	-0.95821	-0.81921	4.8778	-92.318	-6.6077	34.629	121.23	38.849	11.111	13.175	-34.221	35.255	13.797	-14.834	36.157	28.009
-3.8033	-3.4805	16.629	-5.1887	-4.5312	-1.5838	-1.76	4.0153	-0.70541	1.3247	2.9759	0.4908	-1.6805	-1.5972	-6.5653	-61.597	-44.868	-48.842	-40.467	-53.678	-27.552	-1.646	-28.703	32.609	16.014	18.249	-28.893	-31.12
-4.2685	6.018	14.211	-1.7287	-3.6651	-0.31792	-0.83954	1.4969	0.75062	-0.10573	3.8296	-1.9331	0.3229	-2.0847	-18.608	379.94	-96.682	138.4	34.643	50.636	36.816	-100.74	58.241	-57.218	34.145	-96.955	80.137	-19.499
-3.558	2.4473	11.811	-3.1791	-0.5184	-0.54138	-1.6958	2.9394	-0.93886	1.6867	3.7141	-0.88014	-0.17766	-0.99705	28.419	-142.83	-96.028	-58.014	125.87	-8.9382	-34.252	57.701	-67.579	71.697	-4.6197	42.118	-20.022	43.506
-3.9612	5.95	16.722	-6.2896	-1.3457	-2.0703	-2.4538	2.4906	-2.7907	2.0979	2.6477	0.46761	-1.279	-0.0011489	-16.125	140.11	196.43	-124.42	-33.094	-61.156	-30.32	-17.954	-74.073	16.448	-42.656	53.91	-44.054	39.836
-3.849	-5.0737	11.347	-1.5318	2.0825	-0.035437	-1.7363	2.3222	-1.7569	2.0593	2.7572	-0.29279	-0.62288	-0.28332	4.4873	-440.95	-214.98	190.31	137.13	81.393	28.703	-6.7343	41.352	-1.5443	4.3804	-30.416	26.245	-11.287
-4.1231	-5.1591	17.55	-2.4355	-0.14479	-1.0681	-1.2448	0.73803	-2.2559	1.234	3.1376	0.017847	-1.5753	0.22772	-10.964	-3.4165	248.11	-36.147	-89.092	-41.305	19.658	-63.368	-19.961	-33.011	15.219	12.426	-38.098	20.442
-4.4065	0.67433	16.243	-3.8792	0.89047	-1.5229	-1.3912	0.39677	-2.7452	0.65514	2.7997	0.51695	-2.1988	0.77045	-11.338	233.34	-52.264	-57.748	41.41	-18.194	-5.8536	-13.651	-19.57	-23.155	-13.516	19.964	-24.94	21.709
-4.576	-7.0614	16.523	-2.2155	3.0335	-0.6217	-0.89771	0.55169	-1.5917	-0.016971	2.6205	0.43056	-2.3212	1.866	-6.78	-309.43	11.173	66.547	85.719	36.049	19.738	6.197	46.138	-26.885	-7.1693	-3.4558	-4.8961	43.823
-4.3768	-6.1354	16.643	-2.222	4.5575	-0.62852	-0.41411	-0.22878	-1.7852	-0.67754	2.8224	0.011649	-2.5974	1.5399	7.9714	37.04	4.8341	-0.26029	60.963	-0.27262	19.344	-31.219	-7.7379	-26.423	8.0758	-16.756	-11.049	-13.044
-4.4541	-8.97	17.737	-1.813	4.757	0.18308	-0.57983	0.22243	-2.4184	-0.57065	2.1864	0.059962	-2.7763	1.8832	-3.0929	-113.38	43.731	16.36	7.9795	32.464	-6.629	18.048	-25.33	4.2756	-25.441	1.9325	-7.1527	13.731
-4.9512	-10.735	16.039	-2.7861	4.7322	3.7732	-3.0695	0.42325	-1.5975	-1.368	2.4764	-0.62825	-2.3854	1.5019	-19.886	-70.591	-67.917	-38.924	-0.99182	143.61	-99.586	8.0329	32.836	-31.894	11.603	-27.529	15.635	-15.252
-5.9206	-27.549	12.314	2.5465	6.5763	3.3389	0.17281	-1.1396	-0.12307	-0.49832	2.4476	-0.35198	-1.4216	1.4329	-38.776	-672.57	-149	213.31	73.765	-17.371	129.69	-62.513	58.978	34.787	-1.1539	11.051	38.549	-2.7583
-6.7786	-26.315	3.7055	3.5711	6.7373	1.3969	1.6916	3.1002	2.1581	0.48157	2.9999	-0.38495	-1.4276	-0.42172	-34.32	49.361	-344.33	40.982	6.4388	-77.684	60.75	169.59	91.246	39.196	22.092	-1.3188	-0.2364	-74.187
-7.3531	-26.588	-6.7867	1.6103	6.6156	1.8555	3.5239	6.2484	4.2153	0.61605	2.1702	-1.4776	-0.097315	0.69185	-22.979	-10.933	-419.69	-78.432	-4.8668	18.347	73.294	125.93	82.287	5.3791	-33.188	-43.707	53.21	44.543
-7.3311	-23.222	-9.1478	1.0662	6.3814	-1.2415	0.21721	4.6948	2.8748	1.2981	2.8051	0.32254	0.71831	-0.24783	0.88083	134.66	-94.446	-21.763	-9.3682	-123.88	-132.27	-62.143	-53.619	27.282	25.399	72.007	32.625	-37.587
-7.2178	-21.226	-12.152	-0.56894	5.5341	-2.2524	-0.91211	4.2704	1.913	0.54181	2.3136	-0.96257	0.32613	0.67041	4.5306	79.811	-120.18	-65.406	-33.893	-40.438	-45.173	-16.977	-38.472	-30.252	-19.663	-51.404	-15.687	36.73
-7.0699	-19.587	-15.089	-0.0084669	2.991	-2.8152	-2.0832	1.3165	1.838	0.73204	1.1725	-0.069235	1.2555	0.054695	5.9174	65.594	-117.46	22.419	-101.72	-22.511	-46.843	-118.15	-3.0006	7.6093	-45.644	35.733	37.173	-24.629
-7.1022	-18.023	-17.499	-0.71067	2.7718	-2.5416	-2.6054	2.2451	2.4135	-0.79849	0.53704	0.00064062	0.32386	1.1975	-1.2942	62.538	-96.404	-28.088	-8.7698	10.944	-20.89	37.144	23.02	-61.221	-25.418	2.795	-37.264	45.713
-6.9539	-19.272	-17.791	-0.31896	2.2171	-1.4003	0.11533	3.4902	3.1979	1.3761	2.2304	-1.5054	-0.66695	-0.5487	5.9346	-49.934	-11.667	15.668	-22.19	45.652	108.83	49.804	31.376	86.985	67.735	-60.241	-39.633	-69.849
-6.9241	-17.418	-16.595	0.46075	1.6245	-2.9409	-0.19258	2.769	2.182	0.13631	1.5354	0.1321	-0.36606	-0.27318	1.1902	74.146	47.81	31.189	-23.701	-61.622	-12.316	-28.848	-40.636	-49.593	-27.802	65.499	12.035	11.021
-6.7931	-20.304	-20.259	-1.1335	2.2507	-3.1122	-0.33745	2.31	1.0679	0.35904	1.1647	-0.54039	1.0154	-0.12846	5.2415	-115.45	-146.54	-63.771	25.045	-6.8533	-5.7947	-18.361	-44.565	8.9094	-14.827	-26.9	55.257	5.7887
-6.5366	-16.144	-18.722	-0.69337	2.4304	-3.0202	-0.68797	3.0088	1.0411	-0.57614	-0.080534	-1.5235	-0.20282	-0.87664	10.26	166.42	61.478	17.606	7.1885	3.6806	-14.021	27.95	-1.0697	-37.407	-49.809	-39.324	-48.727	-29.927
-6.374	-13.213	-17.539	0.60995	3.5622	-2.8744	-2.3163	2.6662	0.62314	-1.3218	1.2596	-0.60365	-0.5531	-1.3763	6.5043	117.21	47.32	52.133	45.271	5.8323	-65.133	-13.702	-16.719	-29.828	53.606	36.793	-14.011	-19.986
-6.2311	-14.188	-18.89	0.47038	2.0105	-3.368	0.051542	2.2981	-0.77568	-1.9737	2.3292	0.60502	0.68681	-0.095493	5.7162	-39.01	-54.026	-5.5827	-62.067	-19.745	94.714	-14.724	-55.953	-26.074	42.784	48.347	49.597	51.232
-5.9465	-11.827	-19.931	0.23936	4.6016	-3.5039	-0.047538	0.40614	-0.059829	0.16254	0.79629	-0.22563	0.016228	-0.55022	11.383	94.474	-41.635	-9.2408	103.65	-5.4361	-3.9632	-75.679	28.634	85.449	-61.317	-33.226	-26.823	-18.189
-5.9738	-10.118	-17.76	2.1965	3.4058	-5.0318	0.22922	0.04275	-0.26634	-0.28865	1.7949	-1.9425	-0.26868	1.0039	-1.0932	68.326	86.803	78.285	-47.835	-61.116	11.071	-14.536	-8.2605	-18.048	39.945	-68.675	-11.396	62.166
-6.3975	-15.75	-16.382	1.149	3.5478	-4.8555	2.489	-0.01297	-1.6229	-1.4503	0.87782	-1.3104	-0.63279	0.93407	-16.947	-225.25	55.133	-41.899	5.6822	7.0519	90.393	-2.2288	-54.262	-46.467	-36.684	25.283	-14.564	-2.7945
-6.9609	-23.924	-16.716	-0.63048	3.3774	-4.8563	1.6636	2.1338	0.50867	-0.66435	1.0451	-0.19556	1.0321	-0.24046	-22.535	-326.98	-13.373	-71.179	-6.8175	-0.032054	-33.02	85.872	85.262	31.439	6.6895	44.595	66.597	-46.981
-7.446	-25.336	-12.605	-1.3585	4.2311	-4.52	0.78602	1.9367	-0.83683	-0.38111	1.661	-1.9895	0.4832	0.58214	-19.407	-56.457	164.45	-29.119	34.147	13.453	-35.102	-7.886	-53.82	11.33	24.636	-71.759	-21.957	32.904
