-6.78813333333333 0.604375000000001 -7.8765425 -4.13105333333333 -0.552151666666667 -0.113305 -0.0303499999999998 1.83099716666667 0.780915416666667 0.17349675 -0.903540833333333 0.0851393333333333 -0.592146683333333 -0.552377416666667 49.326425 1401.86666666667 46.0427166666667 -112.4331 -18.86985 -48.2360166666667 -26.3017333333333 -36.3394666666667 21.962775 -17.8007033333333 -15.4624083333333 12.358175 -3.72071666666667 -11.212755
-5.35565 9.30368 -13.96432 0.39567 -0.2923775 0.2626085 0.203581 0.41755105 0.230315 -0.15892354 -0.1567255 0.68915365 -0.0238066 -0.432531215 17.25454 240.11055 -349.75 77.322205 -19.892745 0.797225000000001 -2.39525 1.29937 17.733828 -24.251605 16.89518 1.91537 6.0884715 11.593896
-5.31972356435644 -1.55508032673267 -0.169143693069307 -0.532739049504951 0.15494537029703 0.532323495049505 0.115808576237624 -0.0629804059405941 -1.00056545940594 0.31824901980198 0.443171267326733 0.0555718366336633 -0.0179772079207921 -0.00440460396039607 -6.16679266336634 -28.6127841584158 -11.8562777227723 -31.1608901980198 19.9780956435644 21.1548968316832 -11.2587226732673 10.6659035643564 -12.9438274257426 4.92056821782178 -4.00474594059406 -4.55391584158416 2.48940564356436 2.15063106930693
-4.28457225 5.085405375 2.29033575 0.450833425 -0.62990407375 -0.718988875 -0.2909882375 -0.4023464125 0.4266891625 -0.4247172125 0.6385048125 -0.141203675 0.0262718924999999 0.1199078375 1.800849525 48.07717625 -63.400356 27.45948125 -4.804096875 -21.28948875 8.8385556125 -10.726574875 26.01940625 -20.566677125 11.837802375 3.05992075 0.5265625 2.03789825
-4.94389875 -2.91765990625 3.4288690625 1.0512221875 -0.8216928125 -0.2025321875 0.153473375 0.19104390625 0.34748371875 -0.04497340625 -0.588570625 0.0109300625 0.35836425 -0.05386325 4.6827689375 -355.6471875 161.2577215625 99.22703125 -9.7391125 13.173428125 6.499228125 -27.648696875 8.8445125 -1.40850375 -6.5234034375 -11.298509375 5.07384875 12.235778125
-5.39596666666667 -1.04778270833333 -1.92976333333333 1.01417635416667 1.189848125 1.23433554166667 -0.0559880833333333 -0.778740833333333 0.708192729166667 0.0763292916666667 -0.269739583333333 -0.462032041666667 -0.101200852083333 -0.30973041875 -20.141415625 -291.599166666667 -70.4523164583333 44.7002666666667 46.9450958333333 13.0668270833333 1.46085833333334 15.3857270833333 15.4155770833333 -4.38950416666667 -9.02513104166667 -6.68925416666666 1.52860560416667 -9.11057291666666
-4.73346985074627 4.05757849253732 -0.205200417910448 0.10593352238806 -0.452860597014925 -1.2516821641791 -0.407448286567164 0.509605089552239 0.523133423880597 -0.139453164179104 -0.0694945373134328 0.188834462686567 0.0713711532835822 0.137082 9.66585910447761 113.677917910448 91.3138044776119 -30.9429386567164 -32.9959820895522 -27.5600014925373 4.63043307462686 -3.58310626865672 -5.66538507462687 4.07737611940298 -6.6821147761194 8.71328955223881 1.09660089552239 3.6135447761194
-6.23873333333333 -5.19048333333333 -10.5118666666667 -5.84845 0.331816666666667 0.0014183333333333 -0.781816666666667 2.87477166666667 -0.576215 0.0466533333333333 -0.424063333333333 0.560743333333333 -0.1946 -0.521251666666667 269.866666666667 2642.08333333333 162.094 -271.9265 16.326 -77.1283333333333 -69.3258333333333 -60.2823333333333 -51.8505 -28.27855 -35.7156666666667 20.9721666666667 -7.76165 -15.7866
-8.89426923076923 -35.1307769230769 -8.43974692307692 2.90110230769231 0.563013076923077 1.64610923076923 0.735790769230769 2.54588284615385 0.610649615384615 0.411759153846154 -0.380640769230769 -0.0345936153846154 0.0484380000000001 -0.576956307692308 -74.1670769230769 -623.371538461538 -381.527692307692 2.25415384615385 -3.05672307692308 -2.04430769230769 39.7323153846154 100.839730769231 28.3058461538462 -1.52022307692308 2.16311538461538 21.5291915384615 -4.67432307692308 1.51288461538462
-3.93837794117647 9.62729422058823 3.33515867647059 -0.569750882352941 0.916128694264706 -0.744996073529412 -0.0649675588235295 -0.527333647058824 -0.0151781911764706 -0.605225808823529 0.112043970588235 0.269137573529412 -0.127092023529412 0.491994161764706 7.59976436764706 237.095294117647 -63.7435347058824 -51.6036661764706 18.4669401470588 11.8579823529412 6.97563970588235 -17.0766111764706 -3.35220843382353 10.2890323529412 18.7859905882353 1.29766926470588 -1.74004529411765 3.35664838235294
-6.68588148148148 -14.4267925925926 -6.68713666666666 0.748368148148148 1.23499895925926 1.16557851851852 0.393931666666667 1.37684518518519 0.356053111111111 0.325196666666667 -0.650429555555556 -0.33237562962963 0.133368407407407 -0.583202222222222 -50.7201111111111 -641.776666666667 85.2309407407407 15.2653740740741 43.4042111111111 40.7132296296296 -2.06973888888889 39.8859444444444 -3.2191962962963 5.21798888888889 -19.6835125925926 -10.2103823703704 3.02231851851852 -15.8967048148148
-5.93116 1.0266085 4.01031 -0.7555289 -0.0566900000000001 -0.798578 -0.1110273 1.374275 -0.292421 0.2110657 -0.489115 0.10438421 -0.035899 -0.1873065 56.83331 613.026 437.828 -3.07799999999999 -28.3507 -44.83516 -70.4846 -39.80818 -27.9921 24.66338 -23.81557 -24.86456 -8.32755 14.60067
-5.520432 1.326925 0.177913 -2.483581 -0.932927 -1.0175832 -0.2252135 0.91627355 0.2270312 -0.5863389 -0.4750550925 0.4136155115 0.0032211 -0.072295 29.26605 641.068 -17.2217 -100.544915 -41.57622 -46.217441 18.129355 -19.00411 -19.269895 0.684930500000002 11.76613 11.077505 -1.6753865 -13.757265
-4.49444642105263 3.44588505263158 3.38423589473684 -0.0429043894736843 -1.11735009473684 -0.158223498947369 0.297668263157895 -1.03790003157895 -0.327084242105263 0.326297389473684 0.0698081578947368 -0.14493067368421 0.0632140621052632 0.256598449473684 -8.96917010526316 -148.197473684211 58.5232280105263 19.385985368421 -27.1927768421053 0.666649157894737 3.16711368421053 2.47658189473684 -8.38376381052632 7.67103578947369 -2.21278192631579 -3.33617947368421 -1.50882872631579 -4.34818810526316
-8.3121 -45.8962666666667 -4.72393333333333 2.34397666666667 2.54655933333333 3.87305 -0.283980466666667 0.688262666666667 -0.370003066666667 0.998374 -1.11926 -0.749417333333333 0.039138 -0.392081333333333 -81.7590133333333 -1222.84 -163.610066666667 24.5081333333333 -38.0187333333333 65.1966666666667 -5.440732 27.1031666666667 6.97588 -10.626146 -1.44088 21.5556 -14.0147173333333 -5.84280666666667
-5.14549 -2.43042 3.656 1.203727 2.896361 1.4010706 0.345323 0.989423 -0.527358 0.0434377 -0.344117 0.350678 -0.481433 -0.872095 48.89356 -6.42199999999999 517.891 181.4981 43.3577 29.2703 -5.7034 -45.60668 -37.0474 24.37996 -11.217 -15.049833 -8.139523 20.38468
