-7.7537	-14.625	-13.891	-1.503	-3.5632	-3.8083	3.5425	-2.5384	-0.35539	-0.39246	-0.35773	0.99606	-1.2532	-0.28678	0	0	0	0	0	0	0	0	0	0	0	0	0	0
-6.5864	-3.6488	-17.642	1.7332	-2.1153	-3.2552	0.56239	-1.6337	0.50715	1.4789	-0.7045	1.5463	-1.1119	-1.6957	46.693	439.06	-150.07	129.45	57.916	22.123	-119.2	36.185	34.501	74.854	-13.871	22.01	5.6529	-56.356
-5.5059	1.3464	-23.929	2.8062	-1.8501	-0.88776	1.3012	-0.087215	1.0382	1.5558	-1.103	0.5667	-1.1048	-0.31565	43.22	199.81	-251.46	42.923	10.608	94.699	29.551	61.86	21.24	3.0757	-15.94	-39.185	0.28429	55.202
-4.5097	10.287	-23.522	4.6884	-2.6826	-2.2315	2.2779	-0.080567	0.4271	1.3436	1.0371	0.90596	-0.34878	-0.74108	39.847	357.62	16.27	75.286	-33.302	-53.75	39.07	0.26592	-24.442	-8.4891	85.604	13.57	30.239	-17.017
-4.063	11.277	-26.387	4.8201	-5.1519	-1.5482	2.1828	-1.204	-0.52334	0.35114	-0.098281	0.1769	-0.63506	-0.1987	17.868	39.589	-114.6	5.2682	-98.773	27.334	-3.8059	-44.937	-38.017	-39.697	-45.415	-29.163	-11.451	21.695
-3.703	17.54	-23.995	5.9882	-2.9399	-1.043	3.1171	1.0162	0.10537	1.1732	0.1722	0.064467	-1.4563	-0.48647	14.401	250.54	95.674	46.724	88.481	20.207	37.371	88.808	25.149	32.881	10.819	-4.4973	-32.849	-11.511
-3.4231	19.346	-24.632	7.2081	-3.8522	-4.1588	0.98692	-1.2746	1.0152	0.95701	-0.59124	-0.59838	-0.11205	0.74728	11.197	72.238	-25.465	48.796	-36.492	-124.63	-85.205	-91.63	36.394	-8.6461	-30.538	-26.514	53.77	49.35
-3.2132	22.245	-23.334	7.8032	-1.6169	-1.0803	1.3935	-0.64862	1.5138	0.59978	-0.70011	-0.26118	-0.83601	-0.54804	8.3938	115.95	51.93	23.805	89.414	123.14	16.262	25.037	19.944	-14.289	-4.3547	13.488	-28.958	-51.813
-3.2345	25.182	-24.556	4.8563	-4.5095	-3.9134	1.7298	-0.65273	1.9459	0.59753	0.071679	0.24087	-0.8767	-0.46766	-0.85048	117.49	-48.908	-117.88	-115.71	-113.32	13.453	-0.16433	17.283	-0.090294	30.871	20.082	-1.6274	3.2153
-3.1041	24.812	-23.385	6.3166	-3.1595	-1.5121	3.1121	-0.67466	1.0019	1.0707	-0.037653	-0.37313	-1.7962	1.1208	5.2134	-14.826	46.855	58.414	53.998	96.05	55.291	-0.87725	-37.758	18.927	-4.3733	-24.56	-36.78	63.538
-3.0606	24.004	-24.564	6.5562	-2.879	-1.8006	1.1416	-1.1702	1.5328	2.3722	-0.73838	-0.32791	-0.1307	-0.44769	1.741	-32.284	-47.173	9.5834	11.221	-11.538	-78.818	-19.821	21.236	52.058	-28.029	1.8089	66.62	-62.739
-3.2402	23.233	-25.589	4.3081	-5.4894	-2.3076	1.0905	-0.2459	1.2097	1.5118	0.3413	0.69251	-0.97406	0.76926	-7.1832	-30.864	-41.006	-89.924	-104.41	-20.282	-2.0459	36.972	-12.924	-34.413	43.187	40.817	-33.734	48.678
-3.6361	17.269	-23.953	5.16	-2.9282	-0.58236	2.1455	-0.29443	-0.58777	0.13272	0.86077	0.7475	-1.3654	1.4916	-15.835	-238.56	65.465	34.074	102.45	69.011	42.201	-1.9412	-71.9	-55.164	20.779	2.1995	-15.652	28.895
-4.3121	9.4013	-24.685	6.1111	-3.5975	-0.64434	2.152	0.38362	-0.089502	0.031799	0.18008	-0.043831	0.26711	1.3117	-27.041	-314.7	-29.286	38.044	-26.773	-2.4789	0.26068	27.122	19.931	-4.0369	-27.228	-31.653	65.298	-7.1963
-5.0974	-12.164	-26.376	7.7489	-4.8666	-0.91296	1.5765	1.3558	0.6733	2.5263	-0.17853	0.76274	-0.85049	-0.45238	-31.412	-862.63	-67.636	65.513	-50.763	-10.745	-23.022	38.888	30.512	99.78	-14.344	32.263	-44.704	-70.565
-6.4035	-52.41	-22.266	8.4692	-3.842	1.242	1.3668	1.3122	1.5244	1.9388	-1.5585	0.41577	-1.0773	-0.28626	-52.246	-1609.8	164.38	28.813	40.983	86.199	-8.3888	-1.7466	34.043	-23.501	-55.197	-13.879	-9.0708	6.6448
-12.832	-78.38	-13.565	2.6749	0.39134	1.0696	1.0246	1.4654	2.0991	0.41688	-1.5022	0.27393	0.51323	0.17308	-257.13	-1038.8	348.03	-231.77	169.33	-6.8969	-13.689	6.1292	22.987	-60.875	2.2507	-5.6735	63.62	18.374
-13.334	-79.436	-13.807	3.2406	1.5466	0.82358	1.8694	1.5711	-0.084324	0.4296	-0.24705	0.422	0.51599	1.5657	-20.094	-42.24	-9.6797	22.625	46.211	-9.8404	33.793	4.2282	-87.335	0.50911	50.205	5.9227	0.11055	55.704
-9.5286	-62.362	-18.627	7.7763	0.42326	1.9246	3.4289	-0.086273	1.2478	0.92696	-1.1201	1.1564	-1.8466	1.2107	152.22	682.98	-192.79	181.43	-44.934	44.041	62.381	-66.295	53.285	19.894	-34.924	29.376	-94.502	-14.2
-5.4605	15.607	-11.404	3.6018	-2.3863	-2.019	1.6138	0.076154	1.9571	-0.092488	-1.9906	-1.478	-0.47644	2.3643	162.72	3118.8	288.91	-166.98	-112.38	-157.74	-72.604	6.4971	28.373	-40.778	-34.819	-105.38	54.805	46.145
-5.0973	25.302	-13.728	1.9513	-0.69001	-1.6847	1.8741	-0.17607	0.85448	-0.56613	-3.3646	-1.6789	-0.83431	1.1703	14.531	387.78	-92.926	-66.019	67.853	13.371	10.41	-10.089	-44.105	-18.946	-54.958	-8.0345	-14.315	-47.762
-4.1226	23.098	-10.781	5.6422	5.9633	2.6652	0.090193	-0.050559	0.14418	1.5283	-2.32	-0.396	-1.1074	-0.74514	38.988	-88.16	117.86	147.63	266.13	174	-71.355	5.0205	-28.412	83.776	41.783	51.315	-10.925	-76.616
-3.0679	32.489	-2.3475	2.8832	8.6535	5.2229	-2.9528	0.26926	-0.13371	0.92153	-1.9744	-1.0929	-0.86629	-0.60899	42.187	375.65	337.34	-110.36	107.61	102.31	-121.72	12.793	-11.116	-24.269	13.826	-27.876	9.6458	5.4458
-2.6852	31.916	1.2712	0.13159	9.1466	6.1846	-4.5829	2.586	0.088304	-0.068799	-0.60291	-2.6899	0.64664	-0.84201	15.308	-22.905	144.75	-110.06	19.724	38.469	-65.205	92.668	8.8804	-39.613	54.857	-63.878	60.517	-9.3207
-2.6671	31.875	0.90648	-1.2265	10.588	6.8248	-6.4466	4.7015	-1.0593	0.46818	-0.69207	-2.9392	1.3988	-1.1097	0.72482	-1.6498	-14.587	-54.322	57.661	25.609	-74.547	84.623	-45.906	21.479	-3.5664	-9.9756	30.086	-10.709
-2.7275	30.195	-0.32034	-0.76089	11.943	5.6898	-5.9542	5.1453	-0.82451	0.18221	-0.045585	-3.1833	1.4015	-1.1592	-2.4158	-67.214	-49.073	18.623	54.202	-45.402	19.697	17.75	9.3936	-11.439	25.86	-9.7614	0.10639	-1.9777
-2.7591	30.069	-2.4442	1.2279	11.752	4.81	-4.9477	4.5986	-0.68844	0.23237	0.50808	-3.6345	1.8215	-1.4508	-1.266	-5.0249	-84.955	79.553	-7.6516	-35.192	40.258	-21.868	5.4428	2.0064	22.147	-18.049	16.802	-11.667
-2.881	30.111	-2.7248	0.35651	12.614	4.5862	-5.4105	5.9559	-2.0182	1.0905	0.1187	-3.4757	1.9027	-1.5761	-4.8744	1.6714	-11.222	-34.857	34.503	-8.9489	-18.513	54.292	-53.192	34.324	-15.575	6.3541	3.2478	-5.0119
-2.9436	25.759	-2.0824	1.5615	12.636	4.3343	-4.8896	5.9599	-1.8011	0.82797	0.13835	-3.3917	1.666	-1.4152	-2.5031	-174.1	25.693	48.198	0.87205	-10.078	20.836	0.1615	8.6833	-10.5	0.78597	3.36	-9.4668	6.4362
-3.0072	22.51	-1.145	2.0179	12.168	4.6788	-4.6451	5.6656	-1.7254	0.89198	-0.068527	-2.8525	1.0057	-0.96624	-2.5457	-129.94	37.496	18.257	-18.75	13.779	9.7799	-11.773	3.0317	2.5604	-8.275	21.568	-26.414	17.96
-3.0031	20.698	-0.45789	2.4073	12.414	4.0966	-3.8356	4.9347	-1.2708	0.96807	-0.44903	-2.8005	0.567	-1.0217	0.16499	-72.495	27.485	15.579	9.869	-23.288	32.382	-29.235	18.183	3.0436	-15.22	2.0779	-17.547	-2.2196
-2.9602	19.772	0.28041	3.0116	11.333	5.2054	-4.6497	5.351	-1.5682	0.5822	0.67384	-4.3837	1.1778	-0.92953	1.715	-37.023	29.532	24.171	-43.259	44.355	-32.564	16.653	-11.897	-15.435	44.915	-63.327	24.433	3.688
-2.7591	19.332	0.51841	3.9709	10.681	5.6668	-5.2052	5.6496	-1.3355	0.0075649	0.26948	-3.9758	0.63658	-1.136	8.0449	-17.618	9.5197	38.373	-26.053	18.454	-22.22	11.941	9.3064	-22.985	-16.175	16.316	-21.65	-8.259
-2.7224	21.486	-0.41055	4.8765	9.559	6.3132	-5.1533	4.5158	-0.62348	-0.56396	0.81498	-4.7268	0.83725	-1.0438	1.4656	86.18	-37.158	36.221	-44.897	25.859	2.0757	-45.353	28.482	-22.861	21.82	-30.04	8.0269	3.6879
-2.6474	23.527	-0.65572	4.228	10.324	5.9051	-5.2675	4.3974	-0.54935	-0.50357	0.21157	-4.1259	0.28455	-0.95793	3.0033	81.614	-9.8066	-25.939	30.58	-16.326	-4.5664	-4.7342	2.9652	2.4154	-24.136	24.035	-22.108	3.435
-2.5515	24.436	-0.32988	3.4446	10.805	5.7862	-5.3276	3.7563	-0.038917	-0.99368	-0.22	-3.9317	0.44599	-1.0513	3.833	36.381	13.033	-31.338	19.265	-4.7549	-2.4074	-25.644	20.417	-19.604	-17.263	7.768	6.4577	-3.7349
-2.6131	23.313	1.4705	1.6671	11.809	5.1579	-5.2207	3.848	-1.0174	0.81482	-1.8059	-3.413	0.44878	-1.2772	-2.4639	-44.929	72.015	-71.097	40.153	-25.132	4.2773	3.6677	-39.14	72.34	-63.438	20.75	0.11167	-9.0343
-2.6675	22.616	2.8731	0.71244	11.6	5.0671	-5.7516	3.9209	-1.1122	1.2748	-1.8988	-3.2507	0.63431	-1.5117	-2.1742	-27.887	56.105	-38.187	-8.3438	-3.6334	-21.237	2.9163	-3.7903	18.397	-3.7136	6.4932	7.4213	-9.3813
-3.0512	20.46	3.9182	0.958	10.133	5.2656	-4.24	2.4533	-0.20886	1.297	-1.183	-3.2975	0.059099	-0.58744	-15.349	-86.245	41.802	9.8223	-58.713	7.9405	60.464	-58.704	36.132	0.88946	28.631	-1.8751	-23.009	36.97
-3.7354	12.2	6.6535	-0.13523	8.335	3.7045	-0.93382	0.44887	-0.08706	0.63846	-1.5431	-1.2412	0.26197	0.15932	-27.368	-330.37	109.41	-43.729	-71.904	-62.443	132.25	-80.176	4.872	-26.341	-14.402	82.252	8.1148	29.871
-4.8666	3.3063	2.4428	0.86521	5.7782	2.2736	0.66716	1.5361	-0.50682	0.076666	-2.5018	-0.26346	-0.1995	0.47775	-45.248	-355.76	-168.43	40.018	-102.27	-57.237	64.039	43.489	-16.791	-22.472	-38.348	39.111	-18.459	12.737
-6.2668	-2.8265	-0.97037	2.1806	3.8845	1.4744	2.1109	2.0577	0.61563	-1.2254	-2.7625	0.37129	-0.27378	-0.30996	-56.007	-245.31	-136.53	52.615	-75.75	-31.969	57.75	20.865	44.898	-52.081	-10.429	25.39	-2.9711	-31.508
-6.9421	-6.4679	-1.9465	2.288	3.1097	0.40341	2.4109	3.4452	1.7746	-1.1465	-1.9545	0.4169	-0.65657	-0.073274	-27.011	-145.66	-39.046	4.2981	-30.993	-42.838	11.998	55.499	46.359	3.1535	32.322	1.8245	-15.312	9.4674
-7.5613	-11.813	-6.9624	0.94326	2.0815	0.74717	4.5426	2.8075	0.44947	0.61845	-0.92305	1.7763	-0.18393	-1.1031	-24.768	-213.79	-200.63	-53.791	-41.126	13.75	85.27	-25.51	-53.005	70.599	41.257	54.377	18.906	-41.194
-8.5258	-24.887	-5.4214	2.536	1.7046	2.4838	4.4512	1.3443	0.14295	0.44665	-0.6049	1.8155	-0.67082	-0.076177	-38.581	-522.97	61.641	63.708	-15.076	69.466	-3.6579	-58.528	-12.261	-6.8717	12.726	1.5655	-19.476	41.078
-9.1103	-24.888	-8.2388	0.63142	-2.0992	-0.011223	3.5115	1.9316	2.2835	2.3356	0.52621	1.3383	0.81947	0.71067	-23.381	-0.020714	-112.7	-76.181	-152.15	-99.802	-37.585	23.494	85.622	75.556	45.244	-19.088	59.611	31.474
-9.1428	-24.355	-9.888	-3.1859	-1.3639	-1.7612	1.9849	2.8488	2.0151	0.9431	-0.034411	1.0452	1.4482	0.42846	-1.3006	21.289	-65.968	-152.69	29.411	-69.997	-61.065	36.688	-10.737	-55.698	-22.425	-11.722	25.15	-11.288
-9.1641	-27.359	-10.081	-3.0798	-1.6265	0.86622	2.592	1.6526	-0.67266	0.19994	0.27156	-0.43769	-0.3158	-0.67275	-0.85255	-120.14	-7.7132	4.2427	-10.505	105.1	24.285	-47.848	-107.51	-29.726	12.239	-59.316	-70.561	-44.049
-8.8351	-19.525	-8.17	-1.7775	-2.0442	-0.69719	1.7391	-0.19559	0.33251	-0.085163	-0.61398	1.454	0.28612	0.49058	13.161	313.34	76.431	52.092	-16.707	-62.536	-34.117	-73.928	40.207	-11.404	-35.422	75.668	24.077	46.533
-8.4996	-18.596	-6.6046	-2.9636	-2.091	-1.3234	2.0592	2.4338	1.6551	-0.9339	-0.8863	1.057	-0.028851	0.32527	13.419	37.171	62.619	-47.445	-1.8735	-25.05	12.803	105.17	52.905	-33.949	-10.892	-15.882	-12.599	-6.6121
-8.616	-22.771	-4.6684	-4.0492	-3.871	-1.2751	2.0802	0.19328	1.0496	-1.3768	-0.22335	0.94105	-0.56533	0.74387	-4.6542	-167.02	77.447	-43.422	-71.197	1.9347	0.83973	-89.619	-24.222	-17.716	26.518	-4.6365	-21.459	16.744
-8.9665	-28.973	-3.7714	-1.3117	-2.8381	-3.4395	0.45556	0.73062	1.1645	-0.28694	-1.1022	-0.44847	-1.5548	-1.3342	-14.02	-248.06	35.878	109.5	41.313	-86.575	-64.984	21.494	4.5971	43.594	-35.156	-55.581	-39.579	-83.124
-9.551	-37.802	-2.8303	-0.30546	-2.9235	-2.2455	0.59347	-0.11518	2.5027	-0.28003	-1.1883	-1.1894	-1.8388	-0.96891	-23.382	-353.15	37.645	40.252	-3.4164	47.76	5.5164	-33.832	53.529	0.27639	-3.4433	-29.635	-11.361	14.613
-9.5672	-41.467	0.34106	0.55273	-3.1189	-2.7312	1.5725	1.0656	0.48957	-1.8199	-1.449	0.2453	1.1463	1.0829	-0.6443	-146.62	126.85	34.328	-7.8136	-19.428	39.162	47.233	-80.526	-61.596	-10.427	57.386	119.41	82.074
-6.3235	-39.121	7.3872	8.0219	1.6948	0.49542	0.64101	0.26031	1.6936	-0.30324	0.040522	-0.64262	-0.27275	1.1814	129.75	93.85	281.85	298.77	192.55	129.06	-37.26	-32.213	48.162	60.667	59.581	-35.517	-56.764	3.939
-4.9891	-23.283	12.683	12.92	4.8259	-1.404	-5.9548	0.58974	1.3154	-3.4415	0.91232	0.55223	-0.13646	-2.3686	53.374	633.52	211.83	195.91	125.24	-75.975	-263.83	13.177	-15.13	-125.53	34.872	47.794	5.4514	-142
-4.3421	-18.848	12.981	13.747	5.5954	-2.1705	-7.7664	0.48846	2.0636	-3.2706	1.1886	1.3915	-1.2048	-2.0418	25.881	177.39	11.913	33.104	30.78	-30.66	-72.466	-4.0512	29.93	6.8385	11.053	33.572	-42.735	13.072
-3.7934	-12.536	12.435	14.553	3.6241	-1.7858	-8.5301	0.70227	2.5341	-3.502	0.31953	1.1106	-0.67495	-1.9964	21.949	252.49	-21.836	32.221	-78.849	15.385	-30.549	8.5527	18.818	-9.2567	-34.764	-11.237	21.196	1.8128
-3.3554	-6.3936	11.783	12.395	4.8021	-2.7144	-8.789	0.27527	3.2924	-2.935	0.42714	0.60395	-0.51461	-1.9668	17.519	245.69	-26.076	-86.3	47.12	-37.143	-10.355	-17.08	30.333	22.679	4.3043	-20.267	6.4135	1.1859
-3.0711	0.85249	11.403	10.799	4.4094	-3.635	-7.7122	-1.3902	3.2734	-1.383	0.8726	0.70075	-2.2733	-2.5023	11.374	289.84	-15.223	-63.864	-15.707	-36.824	43.073	-66.62	-0.75963	62.082	17.819	3.8722	-70.348	-21.421
-2.8362	4.9258	12.078	10.532	1.1782	-3.1307	-8.206	0.34049	2.7956	-1.5741	0.93351	0.55406	-1.4131	-3.1086	9.393	162.93	27.022	-10.671	-129.25	20.171	-19.753	69.229	-19.112	-7.6459	2.4363	-5.8677	34.408	-24.252
-2.7063	7.3973	12.204	9.6133	0.51824	-3.5779	-7.7532	0.15356	3.4478	-0.79419	0.3308	0.036954	-1.5611	-1.7741	5.1981	98.858	5.045	-36.747	-26.4	-17.887	18.114	-7.4772	26.087	31.197	-24.108	-20.684	-5.9185	53.379
-2.5335	7.5844	13.074	8.7833	0.132	-3.6003	-7.929	0.15335	4.9398	-1.3168	-0.44543	0.011992	-0.36463	-2.0614	6.9133	7.4866	34.8	-33.199	-15.45	-0.89417	-7.0332	-0.0084404	59.683	-20.905	-31.049	-0.99848	47.857	-11.491
-2.3878	11.641	12.162	8.3096	-1.0914	-3.7988	-6.7658	-1.0592	5.0879	-0.97098	-0.45017	-0.4888	-0.076363	-2.4233	5.8257	162.25	-36.496	-18.948	-48.937	-7.94	46.529	-48.502	5.9226	13.834	-0.18987	-20.032	11.531	-14.477
-2.0934	12.589	13.318	8.1525	-2.4498	-2.9455	-8.1259	-0.8298	5.9322	-0.52267	-0.78878	-0.85787	-0.29403	-1.0526	11.776	37.939	46.234	-6.2829	-54.334	34.13	-54.407	9.1766	33.771	17.933	-13.544	-14.763	-8.7066	54.83
-1.8462	14.895	14.933	7.2657	-4.1921	-3.1961	-6.9286	-0.96329	6.2529	-1.2408	-0.48066	-1.8468	1.78	-1.8921	9.8891	92.25	64.619	-35.472	-69.691	-10.025	47.895	-5.3399	12.83	-28.725	12.325	-39.556	82.961	-33.581
-1.6547	19.216	15.025	5.0459	-4.5349	-2.9593	-5.6058	-2.0233	6.3093	-0.96832	-0.73326	-2.1338	2.025	-0.71155	7.6575	172.83	3.6633	-88.793	-13.714	9.4728	52.909	-42.4	2.2571	10.899	-10.104	-11.481	9.7997	47.222
-1.4922	20.726	16.223	2.6028	-4.3398	-2.7575	-4.7126	-2.084	5.3412	-0.15193	-0.94176	-2.1484	1.1633	1.1323	6.5026	60.394	47.912	-97.721	7.8058	8.0707	35.728	-2.4296	-38.724	32.656	-8.3399	-0.58276	-34.469	73.755
-1.4348	24.164	16.144	1.2977	-5.9296	-2.307	-3.7682	-1.2517	4.1286	-0.00076567	-0.11785	-3.5439	1.6907	2.148	2.2935	137.53	-3.1389	-52.206	-63.592	18.022	37.778	33.293	-48.505	6.0465	32.956	-55.822	21.099	40.627
-1.4494	26.303	14.523	1.7455	-7.5509	-1.6417	-2.2734	-1.1046	2.6796	-0.27068	1.1924	-3.5083	1.0957	2.4894	-0.58287	85.542	-64.842	17.913	-64.853	26.613	59.79	5.884	-57.959	-10.796	52.409	1.423	-23.802	13.655
-1.5079	24.931	16.165	1.0529	-9.5944	-0.41691	-0.72702	-1.4698	1.2874	-0.43521	2.414	-3.2195	0.28377	2.6076	-2.338	-54.865	65.693	-27.706	-81.741	48.99	61.856	-14.606	-55.689	-6.5813	48.863	11.553	-32.477	4.7278
-1.4211	24.703	16.304	0.57016	-10.436	-0.35309	0.18736	-0.87046	-0.097222	-0.17969	2.5004	-2.7566	0.23653	2.6447	3.47	-9.1399	5.5289	-19.309	-33.682	2.553	36.575	23.972	-55.386	10.221	3.4565	18.517	-1.8897	1.4832
-1.7019	21.006	17.759	1.3085	-11.704	-0.43164	0.94226	-0.61443	-0.24319	-0.80041	2.7579	-2.5612	0.95393	1.6121	-11.232	-147.86	58.199	29.535	-50.7	-3.142	30.196	10.241	-5.8388	-24.829	10.303	7.8132	28.696	-41.303
-1.4566	19.444	16.935	2.2648	-12.879	-0.78679	1.5869	-0.03154	-0.874	-0.59291	1.8547	-1.581	0.36684	0.79675	9.8136	-62.494	-32.928	38.251	-46.983	-14.206	25.785	23.316	-25.232	8.2999	-36.131	39.209	-23.484	-32.614
-1.6967	31.93	13.256	-0.50321	-12.297	-2.3141	1.5325	-0.6798	-1.9172	-1.2281	1.8924	-1.5256	0.70074	1.4403	-9.6041	499.46	-147.19	-110.72	23.252	-61.094	-2.1771	-25.93	-41.726	-25.406	1.5085	2.2167	13.356	25.74
-1.9646	-0.67833	12.523	0.89214	-10.867	-2.6365	4.396	-1.991	-1.8262	1.4617	2.4526	0.16297	1.616	3.0035	-10.719	-1304.3	-29.29	55.814	57.212	-12.896	114.54	-52.45	3.6366	107.59	22.408	67.543	36.609	62.53
-4.7063	-10.751	10.326	0.19438	-11.218	-5.1784	2.7593	-2.5492	0.74692	3.2583	2.4867	1.2902	1.7548	2.8653	-109.66	-402.9	-87.894	-27.911	-14.029	-101.68	-65.47	-22.324	102.93	71.863	1.3635	45.089	5.5534	-5.5274
-5.7208	-38.691	4.3547	0.90274	-4.1133	-3.0766	-0.62624	-2.1179	0.61281	0.95068	0.23608	3.4711	4.2384	2.88	-40.58	-1117.6	-238.85	28.335	284.17	84.072	-135.42	17.249	-5.3645	-92.305	-90.024	87.235	99.346	0.58577
-8.651	-54.238	-4.2021	0.90223	-2.5186	-2.7918	-0.60028	-0.10269	-0.050952	1.6626	-0.42441	4.302	4.6059	-0.16996	-117.21	-621.87	-342.27	-0.020638	63.785	11.392	1.0383	80.609	-26.55	28.478	-26.42	33.236	14.697	-122
-6.1565	-38.903	-1.5626	-0.66648	-1.5844	-4.13	-1.1545	1.7555	0.78728	0.34457	-3.7058	1.1068	1.7512	-1.4164	99.778	613.41	105.58	-62.749	37.368	-53.529	-22.17	74.329	33.529	-52.722	-131.26	-127.81	-114.19	-49.857
-5.5688	1.0353	5.8127	-1.3578	-3.4941	-7.0776	0.53933	1.3215	3.6594	-0.90833	-0.61947	1.6887	2.9455	-2.8564	23.51	1597.5	295.01	-27.654	-76.389	-117.9	67.755	-17.363	114.88	-50.116	123.45	23.275	47.774	-57.602
-5.4943	-13.996	1.8918	-1.0117	-4.8554	-7.581	0.33767	3.2458	3.5329	-0.48501	0.94158	2.808	3.8077	-2.6624	2.9801	-601.26	-156.83	13.844	-54.449	-20.134	-8.0664	76.975	-5.0606	16.933	62.442	44.774	34.487	7.7623
-7.3807	-19.61	-0.5406	-0.16947	-5.1429	-5.6775	0.88615	2.2008	2.576	-0.088849	-1.0518	2.2709	3.3327	-1.2981	-75.455	-224.54	-97.296	33.691	-11.501	76.137	21.939	-41.802	-38.276	15.846	-79.735	-21.483	-19.002	54.572
-6.7712	-19.034	-0.40656	1.5461	-1.295	-4.1101	1.5124	3.8726	5.2593	-0.52771	0.91036	2.4109	1.0397	-2.9238	24.378	23.026	5.3617	68.622	153.92	62.699	25.049	66.873	107.33	-17.555	78.486	5.5965	-91.72	-65.029
-6.0125	-11.538	6.833	1.8918	-2.0278	-4.2221	1.1435	3.9735	4.8308	-0.1733	0.8492	0.91961	1.4678	-2.567	30.348	299.85	289.58	13.826	-29.312	-4.4804	-14.754	4.0347	-17.138	14.176	-2.4465	-59.65	17.124	14.274
-5.6119	-7.5746	8.6874	3.639	-2.4621	-4.3135	-0.22512	3.1425	2.2882	-0.34354	-0.54612	1.439	2.8102	-1.9671	16.025	158.53	74.175	69.889	-17.373	-3.657	-54.747	-33.24	-101.7	-6.8094	-55.813	20.774	53.696	23.995
-5.1134	-9.0438	9.6125	3.1637	-2.4966	-5.5785	-0.89673	2.9132	2.2372	0.70731	-1.6502	1.4321	3.3801	-1.5276	19.941	-58.765	37.007	-19.011	-1.3793	-50.601	-26.864	-9.1701	-2.0421	42.034	-44.162	-0.2756	22.799	17.579
-4.9587	-7.2482	10.849	3.6984	-3.0231	-6.2435	-2.8931	3.6875	2.1439	0.4153	-2.3799	0.75773	3.1036	-1.6715	6.1863	71.824	49.451	21.387	-21.06	-26.601	-79.855	30.972	-3.7311	-11.68	-29.19	-26.974	-11.063	-5.7559
-5.2628	-11.198	11.369	4.8928	-2.5522	-4.9828	-3.0036	2.8069	2.2099	1.2602	-3.3915	0.75359	3.6012	-2.4288	-12.162	-157.98	20.801	47.778	18.836	50.428	-4.4214	-35.226	2.639	33.795	-40.463	-0.16561	19.906	-30.294
-6.1796	-21.796	10.525	4.9054	-1.1222	-4.015	0.085056	-0.017208	1.1972	-0.59455	-3.5814	1.5479	0.83327	-0.16027	-36.672	-423.95	-33.766	0.50339	57.199	38.714	123.55	-112.96	-40.508	-74.189	-7.595	31.772	-110.72	90.743
-9.2667	-44.269	-0.90905	3.2101	0.20014	0.43984	3.7017	1.8672	1.7571	0.06294	-1.6907	1.8364	2.7386	1.1515	-123.49	-898.91	-457.35	-67.812	52.895	178.19	144.66	75.377	22.398	26.299	75.628	11.541	76.214	52.469
-11.066	-58.502	-5.2328	1.2153	-0.83703	0.10391	3.7086	2.0414	2.1177	1.5079	-1.5721	1.8305	2.0214	-0.17134	-71.964	-569.33	-172.95	-79.79	-41.487	-13.437	0.27715	6.9674	14.425	57.8	4.7421	-0.23529	-28.689	-52.912
-12.473	-68.53	-10.015	-1.2777	-1.0432	-0.68071	1.8516	2.7667	2.3521	1.9855	-0.28798	0.97616	1.1839	-0.16002	-56.296	-401.12	-191.28	-99.722	-8.2482	-31.385	-74.28	29.01	9.3747	19.103	51.366	-34.175	-33.501	0.45297
-12.487	-65.009	-7.289	2.4243	-1.7642	-2.5477	1.6976	1.1024	-0.65535	0.88726	-1.0822	1.4282	1.3212	1.2435	-0.57012	140.86	109.03	148.08	-28.839	-74.68	-6.1608	-66.57	-120.3	-43.93	-31.767	18.082	5.4931	56.139
-12.376	-64.323	-8.0696	3.2433	-2.2642	-1.9327	2.5695	3.0559	0.54531	0.62303	-0.98542	1.5308	2.4755	1.1164	4.4438	27.444	-31.225	32.761	-19.999	24.599	34.877	78.14	48.026	-10.569	3.8699	4.1022	46.173	-5.0839
-12.463	-69.024	-10.621	0.61584	-0.33502	-0.2675	1.4785	1.8036	2.244	1.5269	-0.81374	1.4798	0.33397	0.32663	-3.4765	-188.04	-102.05	-105.1	77.166	66.61	-43.642	-50.09	67.949	36.154	6.8673	-2.0372	-85.663	-31.589
-12.271	-65.842	-12.63	-1.0007	-0.64134	-0.36513	2.4558	0.72253	-0.023868	0.03631	-1.1954	1.6586	0.58583	0.36656	7.6769	127.26	-80.389	-64.66	-12.253	-3.9051	39.094	-43.245	-90.716	-59.623	-15.268	7.1489	10.074	1.5971
-11.877	-57.664	-8.2755	-0.43397	-2.9959	-0.87016	2.289	3.1694	2.7362	0.598	-0.85244	1.9037	2.6875	0.21694	15.77	327.12	174.2	22.668	-94.182	-20.201	-6.671	97.876	110.4	22.467	13.72	9.8077	84.068	-5.9848
-7.753	-44.519	-8.4889	-3.2974	-1.4299	-0.18962	2.9903	0.90362	2.8763	0.78267	-0.39692	0.40801	-0.90651	0.6299	164.97	525.8	-8.5359	-114.54	62.639	27.222	28.052	-90.632	5.6055	7.3868	18.221	-59.83	-143.76	16.519
-5.6567	10.051	-5.4799	-4.8609	-2.9036	-1.5307	2.3454	-0.85363	0.58698	-1.3625	-2.2852	-0.80584	-1.1714	0.91294	83.852	2182.8	120.36	-62.54	-58.948	-53.644	-25.799	-70.29	-91.575	-85.805	-75.53	-48.554	-10.597	11.322
-5.5381	12.777	-3.8285	-4.0476	-6.8672	-3.2017	2.8376	-2.4036	-1.1586	-0.30868	-2.8475	-1.1486	-0.13341	0.64052	4.7425	109.06	66.059	32.535	-158.54	-66.839	19.688	-62	-69.824	42.151	-22.494	-13.71	41.521	-10.897
-4.1793	-0.97093	4.1716	1.6887	-4.3918	-2.217	1.6295	-1.3381	1.2695	-0.36929	-1.2136	-0.88656	-0.7342	0.10502	54.354	-549.93	320	229.45	99.016	39.387	-48.323	42.623	97.123	-2.4243	65.359	10.481	-24.031	-21.42
-3.0608	5.7621	16.192	5.601	-8.7517	-5.3579	3.3322	0.55758	1.0211	-2.6581	-1.3454	-0.87029	-1.5421	0.060305	44.74	269.32	480.81	156.49	-174.4	-125.63	68.108	75.826	-9.9362	-91.552	-5.2756	0.65088	-32.317	-1.7886
-2.3026	8.6051	17.238	8.3925	-12.252	-6.2422	3.6641	1.0362	1.2036	-4.2761	-1.3238	-0.69936	-0.12898	0.53512	30.326	113.72	41.833	111.66	-139.99	-35.374	13.277	19.145	7.3009	-64.721	0.8639	6.8372	56.525	18.992
-1.8611	15.179	16.507	6.2702	-12.186	-7.4998	5.3977	0.17288	1.7994	-6.0187	-1.0489	0.51776	0.93403	-0.032134	17.66	262.97	-29.219	-84.892	2.6384	-50.304	69.345	-34.533	23.834	-69.704	10.997	48.685	42.52	-22.69
-1.5699	21.082	16.097	5.0616	-13.523	-6.0989	5.8583	0.12867	0.17819	-5.3007	0.1698	0.92006	0.32552	0.52386	11.648	236.13	-16.386	-48.345	-53.509	56.038	18.424	-1.7682	-64.85	28.721	48.749	16.092	-24.34	22.24
-1.4535	25.163	16.504	1.3982	-13.616	-3.3293	5.2842	-1.6568	-0.038609	-5.0943	1.4862	1.7041	-0.43802	0.37569	4.6561	163.22	16.266	-146.53	-3.699	110.78	-22.965	-71.417	-8.672	8.2535	52.656	31.363	-30.542	-5.9266
-1.4388	27.303	17.842	-3.5972	-11.183	-0.4731	3.9213	-3.9806	0.4353	-3.5418	3.0421	0.84192	-1.062	1.4834	0.59043	85.608	53.496	-199.82	97.325	114.25	-54.515	-92.955	18.957	62.102	62.235	-34.489	-24.958	44.306
-1.5155	26.435	19.892	-8.6585	-7.1913	-0.0099235	2.3434	-4.8147	0.63368	-0.63142	1.0024	1.9575	-0.85512	1.7743	-3.0697	-34.715	82.003	-202.45	159.65	18.527	-63.117	-33.361	7.9349	116.41	-81.585	44.624	8.2735	11.636
-1.4523	30.504	16.674	-9.0308	-5.0121	0.39902	-0.78456	-1.4486	-1.9816	1.8643	0.5211	1.9956	0.099321	1.2963	2.5291	162.76	-128.7	-14.89	87.169	16.358	-125.12	134.64	-104.61	99.83	-19.254	1.5228	38.178	-19.119
-1.3281	35.006	12.574	-8.5123	-3.4689	0.52053	-2.5399	-0.68131	-1.986	1.0021	3.1163	0.78353	1.0393	-0.42432	4.9683	180.07	-163.99	20.741	61.727	4.8601	-70.212	30.692	-0.1767	-34.488	103.81	-48.482	37.598	-68.825
-1.4451	36.857	10.751	-8.6894	-1.1556	0.054228	-1.7526	-2.0163	-2.2525	1.8422	2.4016	0.85811	0.46599	-0.37078	-4.6802	74.018	-72.925	-7.0842	92.533	-18.652	31.491	-53.401	-10.661	33.602	-28.589	2.9831	-22.931	2.1415
-1.6674	36.642	10.197	-8.7183	0.8777	0.38601	-2.5052	-2.1533	-2.3977	2.2059	1.6235	0.89329	0.035008	-0.082893	-8.8941	-8.5775	-22.157	-1.1589	81.33	13.271	-30.104	-5.48	-5.8076	14.548	-31.124	1.4074	-17.239	11.516
-1.887	37.176	8.8277	-8.0877	1.9459	1.0635	-2.3073	-3.4643	-1.7113	1.9337	1.5148	-0.61764	1.0594	-0.26415	-8.7849	21.364	-54.785	25.225	42.727	27.099	7.9151	-52.44	27.454	-10.888	-4.3476	-60.437	40.977	-7.2504
-2.0015	39.947	4.6226	-4.9247	2.0007	2.6337	-3.8605	-3.2761	-1.2845	1.5905	1.4005	-1.0584	0.7112	0.35269	-4.5782	110.82	-168.2	126.52	2.1942	62.81	-62.127	7.5279	17.075	-13.727	-4.5708	-17.63	-13.929	24.674
-2.1231	36.817	6.4734	-6.3212	4.6106	2.4869	-4.0013	-2.9754	-2.1413	2.1627	0.52766	-1.3878	0.87289	-0.047226	-4.863	-125.17	74.032	-55.86	104.39	-5.8715	-5.6342	12.027	-34.271	22.888	-34.915	-13.174	6.4675	-15.996
-2.3956	34.6	5.9833	-5.5589	5.6755	2.9773	-3.8235	-1.882	-2.6744	2.1466	-0.94361	-0.63182	0.37983	0.374	-10.902	-88.699	-19.606	30.495	42.598	19.615	7.1115	43.737	-21.325	-0.64386	-58.851	30.238	-19.722	16.849
-2.7643	33.071	4.2392	-3.8359	6.1334	3.4666	-3.991	-1.0319	-2.5739	2.9205	-1.9722	-0.74999	-0.2242	-0.25932	-14.746	-61.137	-69.763	68.92	18.315	19.572	-6.6997	34.006	4.0175	30.956	-41.141	-4.727	-24.161	-25.333
-3.1349	29.763	4.1406	-3.7569	7.9719	3.1378	-3.1371	-1.807	-1.7443	1.4263	-1.0434	-2.1885	-0.091007	-0.47536	-14.827	-132.36	-3.9444	3.1582	73.54	-13.151	34.158	-31.007	33.186	-59.767	37.149	-57.54	5.3279	-8.6418
-3.7484	13.998	5.5183	-1.7594	4.8368	4.7443	-2.8105	-0.12	-4.7094	2.8356	-1.3866	-2.6433	0.34422	-1.5121	-24.538	-630.59	55.107	79.899	-125.4	64.26	13.061	67.481	-118.61	56.371	-13.728	-18.193	17.409	-41.471
-6.7039	-45.701	2.1386	2.8178	4.4941	4.8202	2.2098	-1.0321	-0.57918	2.263	-0.53685	-1.4924	-0.15523	-0.48398	-118.22	-2387.9	-135.19	183.09	-13.71	3.0334	200.81	-36.486	165.21	-22.902	33.991	46.035	-19.978	41.126
-11.976	-71.607	-8.6358	2.4846	2.9986	3.3243	5.3213	3.0204	-0.0084642	-1.0303	-0.88984	0.95991	0.71172	0.97924	-210.88	-1036.2	-430.98	-13.328	-59.821	-59.833	124.46	162.1	22.829	-131.73	-14.12	98.094	34.678	58.529
-12.509	-77.574	-9.1999	0.48722	-1.2707	-1.4179	3.5389	3.0454	1.4647	0.11062	-1.7446	0.27007	-0.066357	0.45586	-21.318	-238.7	-22.562	-79.895	-170.77	-189.69	-71.294	1.0014	58.927	45.636	-34.191	-27.594	-31.123	-20.935
-12.605	-73.03	-8.5611	0.47547	-2.301	-0.38166	2.2928	4.562	1.5907	-0.76261	-1.9823	0.46093	0.16618	1.772	-3.854	181.75	25.552	-0.46984	-41.209	41.449	-49.846	60.664	5.0404	-34.929	-9.5089	7.6344	9.3013	52.648
-13.088	-71.499	-10.281	-1.4931	-1.5148	-1.1788	1.6466	1.8003	-0.69253	-1.7611	-2.8023	1.0102	1.5042	1.7818	-19.295	61.241	-68.816	-78.742	31.446	-31.886	-25.846	-110.47	-91.33	-39.941	-32.799	21.973	53.522	0.3907
-13.085	-73.543	-11.989	-1.5946	-1.3998	0.46213	0.92545	-0.33015	0.68704	-0.043069	-1.074	0.46285	-0.1229	1.1833	0.087284	-81.749	-68.291	-4.0629	4.6016	65.637	-28.848	-85.217	55.183	68.722	69.134	-21.896	-65.085	-23.942
-5.9419	-17.659	7.5843	-7.9526	-6.9429	-1.4332	2.7207	1.8067	-2.9208	-1.2984	1.1951	-0.54341	-1.2549	0.77891	285.74	2235.4	782.92	-254.32	-221.73	-75.812	71.812	85.475	-144.31	-50.212	90.763	-40.25	-45.282	-16.174
-5.9215	-5.8642	8.703	-8.842	-7.3489	-1.901	2.9602	1.5754	-3.7172	-2.0766	1.5662	-0.75375	-1.4773	0.65803	0.81513	471.79	44.748	-35.576	-16.241	-18.712	9.58	-9.2539	-31.856	-31.129	14.846	-8.4137	-8.8941	-4.8355
-7.5064	-35.722	0.65763	-3.6617	-6.1558	0.89977	5.0873	0.58633	-1.5777	-1.9169	-1.1484	1.6697	0.28889	0.61691	-63.397	-1194.3	-321.81	207.21	47.724	112.03	85.083	-39.562	85.578	6.3876	-108.59	96.936	70.648	-1.6447
-8.3806	-32.654	-1.3358	-4.5691	-6.5282	0.94483	4.8385	0.47344	-0.73084	-1.8726	-2.7913	1.0276	-0.39664	1.1682	-34.966	122.71	-79.739	-36.296	-14.896	1.8022	-9.9506	-4.5156	33.875	1.7714	-65.716	-25.684	-27.421	22.053
-8.3594	-30.414	-0.057323	-5.6701	-6.3463	-0.63429	3.5166	2.1653	0.1216	-0.56924	-1.4811	0.72349	-1.0543	1.0419	0.84668	89.587	51.141	-44.042	7.2787	-63.164	-52.876	67.674	34.098	52.135	52.41	-12.163	-26.306	-5.0536
-8.7615	-33.469	0.97087	-5.9275	-5.49	-0.15964	2.8362	1.5653	-0.61639	-0.84684	-2.8761	0.53857	-0.68301	0.63116	-16.08	-122.19	41.128	-10.293	34.252	18.986	-27.218	-23.998	-29.52	-11.104	-55.802	-7.3966	14.851	-16.43
-9.062	-37.717	1.7097	-5.2558	-3.6882	-0.83515	0.28268	0.023025	-0.54421	-1.7654	-3.5929	-0.36877	0.69232	1.1234	-12.023	-169.95	29.552	26.866	72.071	-27.021	-102.14	-61.693	2.8873	-36.741	-28.671	-36.294	55.013	19.691
-9.5147	-39.743	2.8359	-3.0125	-2.7012	1.456	3.0873	2.5091	1.8075	-0.083659	-0.45735	0.47858	-0.42166	-0.55672	-18.107	-81.016	45.05	89.733	39.479	91.648	112.18	99.442	94.067	67.268	125.42	33.894	-44.559	-67.206
-9.3942	-40.367	1.9825	-2.0176	-1.9041	0.87676	4.5909	3.0583	0.44014	-0.17099	-0.59878	0.35968	-0.53265	0.43977	4.8192	-24.982	-34.135	39.794	31.886	-23.171	60.145	21.969	-54.693	-3.4934	-5.6572	-4.7562	-4.4399	39.86
-8.8096	-39.65	3.43	1.0137	-1.865	1.2681	4.2539	2.4562	2.1496	0.16023	-1.9208	-0.60868	0.69966	1.6525	23.385	28.704	57.899	121.25	1.5631	15.653	-13.48	-24.084	68.378	13.249	-52.882	-38.734	49.293	48.508
-5.9234	-29.26	9.6624	4.8489	-0.34477	0.1436	2.6731	2.4133	0.91798	-1.6047	0.16815	0.54443	-0.10551	0.31182	115.45	415.6	249.3	153.41	60.809	-44.979	-63.23	-1.7144	-49.264	-70.598	83.559	46.124	-32.207	-53.626
-4.7658	-11.516	19.097	3.3259	-6.3441	0.072269	3.9839	1.2938	-1.7715	-1.4754	0.063559	-0.29995	-0.72699	0.12747	46.308	709.77	377.37	-60.919	-239.97	-2.8531	52.43	-44.783	-107.58	5.1715	-4.1836	-33.775	-24.859	-7.3742
-3.8204	-1.9734	21.533	-0.86888	-5.8767	2.7726	3.3057	1.7398	-3.8806	-0.50793	-0.099062	0.97809	-1.1892	1.0528	37.814	381.69	97.429	-167.79	18.698	108.01	-27.128	17.841	-84.362	38.7	-6.5048	51.122	-18.488	37.012
-3.109	10.306	20.298	-5.7515	-3.5689	4.6138	1.1726	1.4415	-5.5613	0.1477	1.1767	0.24815	-0.78024	1.1584	28.458	491.19	-49.382	-195.3	92.313	73.647	-85.322	-11.931	-67.23	26.225	51.029	-29.197	16.358	4.2269
-2.3375	21.434	16.794	-8.8177	-0.054788	4.2041	0.20061	-0.13674	-6.1886	1.3349	1.0915	0.54272	-1.4326	1.7274	30.858	445.1	-140.17	-122.65	140.56	-16.387	-38.881	-63.13	-25.091	47.489	-3.4058	11.782	-26.096	22.76
-1.9046	26.858	16.284	-11.511	2.8182	3.3999	-1.9709	-0.77135	-6.1453	1.6046	1.6772	-0.58195	-1.106	1.7239	17.315	216.98	-20.401	-107.72	114.92	-32.166	-86.861	-25.384	1.7329	10.788	23.425	-44.986	13.064	-0.14001
-1.6629	30.955	14.591	-11.427	3.6607	3.1483	-3.2116	-1.1664	-5.5481	1.8432	1.485	-0.81923	-0.99372	2.1185	9.6695	163.88	-67.691	3.3386	33.699	-10.066	-49.629	-15.801	23.888	9.5455	-7.6852	-9.4915	4.4924	15.783
-1.6324	33.004	14.429	-11.868	3.5592	2.7225	-3.8794	-0.85916	-5.1793	2.0723	1.4458	-0.66965	-0.75927	1.8901	1.2196	81.966	-6.5085	-17.645	-4.0599	-17.029	-26.708	12.288	14.753	9.1626	-1.5702	5.9833	9.3782	-9.1349
-1.6634	32.95	13.495	-10.99	2.9746	2.4888	-3.753	-1.892	-3.8481	1.7702	1.8006	-0.68111	-0.6233	1.9352	-1.2387	-2.1837	-37.356	35.124	-23.385	-9.3493	5.0525	-41.312	53.246	-12.084	14.192	-0.4583	5.4387	1.8044
-1.7056	32.339	13.037	-10.045	1.6048	3.0838	-3.9784	-2.2062	-2.7302	1.122	2.81	-1.4616	0.50099	1.4305	-1.6904	-24.419	-18.294	37.805	-54.791	23.799	-9.0158	-12.569	44.717	-25.928	40.378	-31.218	44.971	-20.191
-1.9148	33.556	11.547	-8.6202	1.0674	2.3665	-2.9319	-3.1931	-1.6821	0.53904	3.8506	-2.0245	1.3343	0.74024	-8.3682	48.685	-59.627	57.002	-21.495	-28.69	41.862	-39.476	41.922	-23.319	41.624	-22.519	33.332	-27.609
-1.8714	31.582	12.634	-8.1994	0.40962	2.6779	-3.4	-3.1715	-1.0197	0.58539	3.226	-1.1483	0.80411	0.8594	1.7371	-78.973	43.494	16.832	-26.313	12.454	-18.724	0.86381	26.497	1.8539	-24.982	35.049	-21.207	4.7661
-1.9065	30.851	12.478	-6.9958	-0.25794	2.5473	-3.0331	-3.635	-0.20796	0.36604	3.0007	-0.92409	1.224	0.20194	-1.4015	-29.232	-6.2592	48.143	-26.702	-5.222	14.675	-18.541	32.47	-8.7742	-9.0128	8.9688	16.796	-26.298
-1.9935	30.833	11.112	-5.5213	0.22262	1.5796	-2.1119	-3.2961	-1.1652	0.9171	2.7834	-0.67587	0.95027	-0.10116	-3.4814	-0.72038	-54.637	58.98	19.222	-38.709	36.848	13.555	-38.291	22.043	-8.6926	9.929	-10.95	-12.124
-2.072	30.951	10.823	-4.8891	0.16585	2.2359	-2.4555	-3.7788	-0.99272	0.55866	3.0291	-1.0157	0.86643	0.2191	-3.1392	4.724	-11.532	25.287	-2.2708	26.252	-13.742	-19.305	6.9004	-14.338	9.8275	-13.595	-3.3534	12.81
-2.1933	30.062	10.231	-4.1398	1.515	1.7036	-2.7824	-3.3271	-0.96166	0.28014	2.1641	-0.85498	1.1083	-0.49518	-4.8511	-35.57	-23.7	29.973	53.967	-21.291	-13.077	18.066	1.2426	-11.14	-34.599	6.4305	9.6754	-28.571
-2.7191	23.797	11.55	-5.3621	3.1967	2.3638	-2.2059	-2.4386	-3.1914	1.5986	0.65417	-0.37842	0.54964	-0.50242	-21.034	-250.58	52.774	-48.893	67.268	26.41	23.061	35.54	-89.19	52.737	-60.398	19.063	-22.347	-0.28983
-4.4173	-8.9208	10.662	-4.5725	2.6491	3.2854	1.4171	-0.11791	-1.756	0.86238	0.9934	0.38853	0.93864	-0.28282	-67.929	-1308.7	-35.541	31.585	-21.904	36.863	144.92	92.828	57.417	-29.448	13.569	30.678	15.56	8.784
-8.8323	-48.757	4.0385	4.031	4.9336	5.4279	5.1652	1.4238	-1.3434	0.15471	-0.029547	0.51582	-1.4601	-1.1716	-176.6	-1593.5	-264.93	344.14	91.379	85.701	149.92	61.67	16.502	-28.307	-40.918	5.0917	-95.949	-35.552
-9.0417	-54.632	1.1947	5.6362	5.4748	7.8829	5.6279	1.7167	-0.80267	-1.042	0.48628	-0.12118	-2.041	-0.52814	-8.3784	-234.99	-113.75	64.206	21.646	98.197	18.505	11.715	21.63	-47.868	20.633	-25.48	-23.238	25.739
-9.4497	-61.72	0.92632	7.0866	6.0109	6.5354	5.2033	1.7669	-0.67963	0.042283	-0.47	-0.78535	-0.85982	-0.85394	-16.318	-283.5	-10.735	58.018	21.445	-53.899	-16.984	2.009	4.9216	43.37	-38.251	-26.567	47.249	-13.032
-6.3853	-8.5852	-2.4481	-2.8634	1.7351	-1.8229	2.5209	1.5686	-1.0197	2.1899	-1.4435	-0.7898	-0.94879	-0.048204	122.57	2125.4	-134.98	-398	-171.03	-334.33	-107.29	-7.9326	-13.601	85.906	-38.942	-0.17806	-3.5588	32.229
-5.5262	12.706	-1.1641	-0.056147	2.6414	-2.4587	1.6675	-0.020053	-1.6868	1.14	-1.2302	-1.04	-1.8317	0.27219	34.364	851.65	51.361	112.29	36.249	-25.431	-34.136	-63.547	-26.687	-41.997	8.5355	-10.006	-35.316	12.816
-4.8785	5.4102	4.5803	2.9632	3.8998	1.878	1.7192	-4.1634	-2.7855	1.4288	1.6195	-1.0286	-1.7423	1.1175	25.91	-291.84	229.77	120.77	50.337	173.47	2.067	-165.74	-43.946	11.553	113.99	0.45533	3.5773	33.813
-5.2095	-1.5895	3.7459	1.0462	4.9059	4.5878	-1.7856	-5.128	-1.5169	0.94794	1.5252	-0.75479	-1.614	0.98453	-13.241	-279.99	-33.378	-76.678	40.243	108.39	-140.19	-38.583	50.742	-19.236	-3.7723	10.951	5.1318	-5.3191
-6.8442	-15.402	0.69508	-0.5057	3.1531	2.6338	-2.6532	-2.7385	1.1256	0.98041	1.5268	-0.6101	-1.9928	1.6482	-65.389	-552.49	-122.03	-62.076	-70.111	-78.161	-34.707	95.579	105.7	1.2988	0.063958	5.7873	-15.154	26.545
-7.7018	-17.641	-1.4393	-4.4886	1.9902	0.65507	-1.294	-4.1492	0.8709	0.66397	0.59826	1.3203	-2.6767	-0.88605	-34.303	-89.551	-85.377	-159.32	-46.515	-79.149	54.37	-56.428	-10.187	-12.658	-37.143	77.218	-27.354	-101.37
-8.0945	-23.097	1.1951	-3.568	3.0949	1.8464	0.50245	-2.3959	0.99515	1.8301	2.2005	1.515	-2.7925	-0.15283	-15.71	-218.25	105.38	36.827	44.187	47.653	71.858	70.133	4.9702	46.645	64.089	7.7877	-4.6355	29.329
-8.1628	-26.509	3.8869	-4.2632	1.4882	-0.28249	0.81312	-1.7671	0.29678	-0.090265	-0.65059	1.2938	-1.806	-0.3531	-2.7327	-136.49	107.67	-27.81	-64.268	-85.156	12.427	25.151	-27.935	-76.814	-114.04	-8.8508	39.46	-8.011
-8.1738	-27.035	5.5431	-1.2691	2.4829	0.59254	2.4223	-1.2061	-0.82012	1.3094	0.1787	1.203	-0.50636	0.57772	-0.43874	-21.033	66.251	119.76	39.788	35.001	64.367	22.441	-44.676	55.988	33.172	-3.6294	51.987	37.233
-8.2894	-29.337	4.8408	1.2532	0.89632	1.2706	3.1462	-1.6439	-1.4224	2.4299	1.6107	0.01403	-1.3832	-0.93471	-4.6217	-92.075	-28.091	100.89	-63.463	27.12	28.958	-17.513	-24.09	44.82	57.282	-47.56	-35.075	-60.497
-8.9487	-24.624	-4.7237	2.8238	-0.5683	0.30299	2.3069	-2.3096	-0.13854	2.1759	1.1323	-1.0825	0.75662	-1.722	-26.375	188.51	-382.58	62.826	-58.585	-38.703	-33.575	-26.626	51.353	-10.162	-19.138	-43.863	85.595	-31.49
-9.3251	-24.408	-9.193	1.8907	1.8817	0.92661	3.2915	-1.9596	0.64781	1.1943	-0.25632	-1.1922	1.0568	0.40874	-15.057	8.6555	-178.77	-37.325	98.001	24.945	39.386	13.997	31.454	-39.262	-55.544	-4.3878	12.008	85.228
-10.05	-45.636	-8.0748	-1.3921	0.77371	1.3201	3.7479	-1.9926	-1.6832	-0.040373	0.48847	0.38846	1.1308	0.40442	-28.998	-849.15	44.728	-131.31	-44.32	15.74	18.255	-1.3175	-93.242	-49.388	29.791	63.228	2.9575	-0.17252
-12.504	-74.151	-11.965	0.19483	0.78134	0.42051	2.0894	1.7775	0.6623	2.824	1.6139	1.2857	0.25099	1.777	-98.173	-1140.6	-155.6	63.478	0.30537	-35.984	-66.341	150.8	93.822	114.57	45.018	35.889	-35.191	54.904
-13.689	-80.132	-14.371	0.43954	1.2595	0.47604	0.89994	1.6177	1.656	2.869	0.43012	0.67129	0.28277	1.9322	-47.403	-239.22	-96.265	9.7884	19.127	2.2213	-47.578	-6.3889	39.748	1.8007	-47.352	-24.576	1.2715	6.207
-13.557	-75.476	-11.561	1.6034	0.45817	-0.27603	1.2702	0.52816	0.42631	0.42824	-1.0043	0.16456	0.57349	1.5703	5.2909	186.24	112.43	46.556	-32.054	-30.083	14.809	-43.583	-49.188	-97.63	-57.376	-20.269	11.629	-14.477
-13.54	-79.648	-15.383	-2.0415	-2.3953	-1.1837	3.347	4.246	2.5748	0.89443	-1.116	1.489	1.6916	1.6682	0.68384	-166.9	-152.91	-145.8	-114.14	-36.308	83.072	148.71	85.938	18.648	-4.4668	52.979	44.724	3.9177
-7.4509	-40.098	-18.395	-7.5705	4.3734	3.1478	0.40893	1.8887	2.2776	0.24497	-0.060122	0.51449	-1.5185	-0.73731	243.57	1582	-120.48	-221.16	270.75	173.26	-117.52	-94.289	-11.884	-25.978	42.233	-38.982	-128.4	-96.221
-7.4429	-3.8385	-18.706	-9.0221	3.6457	2.6688	0.99765	2.8404	1.538	-0.77179	-0.70458	-0.36222	-2.1502	-1.778	0.3203	1450.4	-12.432	-58.065	-29.111	-19.158	23.549	38.066	-29.587	-40.67	-25.778	-35.068	-25.267	-41.627
-5.6875	4.2705	-13.846	-1.6826	7.0088	-4.1854	1.4504	1.2134	1.4327	-1.3295	-0.26979	0.52446	-1.1293	0.52196	70.215	324.36	194.4	293.58	134.52	-274.17	18.11	-65.081	-4.2126	-22.308	17.391	35.467	40.834	91.998
-5.0478	18.767	-16.46	-0.83746	4.1923	-4.0355	0.067103	0.37294	1.2907	-2.2584	-0.84503	0.88662	-1.3331	1.2232	25.59	579.85	-104.54	33.806	-112.66	5.9953	-55.332	-33.617	-5.6784	-37.155	-23.01	14.486	-8.1516	28.049
-4.5472	29.429	-14.279	2.9541	3.3045	-3.8072	0.1916	-0.17268	0.20331	-2.132	-2.1034	0.42112	-2.5792	0.63932	20.021	426.48	87.212	151.66	-35.511	9.1321	4.9798	-21.825	-43.496	5.0556	-50.336	-18.62	-49.844	-23.355
-4.6728	19.393	-14.785	3.1386	4.6869	-3.1823	-0.58329	-0.41313	0.78031	-2.2934	-1.3842	0.69966	-1.8146	1.1935	-5.0204	-401.46	-20.214	7.3805	55.297	24.997	-30.995	-9.6179	23.08	-6.4557	28.77	11.142	30.586	22.166
-5.7939	11.571	-14.477	0.16777	5.978	-1.3036	0.11616	0.0251	0.42678	-0.020122	-0.80344	1.2398	-0.28796	0.063171	-44.847	-312.86	12.287	-118.83	51.642	75.148	27.978	17.529	-14.141	90.93	23.229	21.605	61.064	-45.212
-6.3199	-1.0778	-13.679	-2.1942	5.9167	-0.39694	-2.0785	-1.3437	1.6148	-0.81238	-0.70303	-0.95094	0.64993	0.074494	-21.039	-505.95	31.941	-94.48	-2.4528	36.267	-87.786	-54.753	47.522	-31.69	4.0164	-87.629	37.516	0.45293
-4.9449	2.2221	-5.9118	2.1167	8.3709	3.3372	-2.4708	-3.201	2.139	0.86546	0.72035	-2.3921	2.2161	-0.38002	55.001	132	310.68	172.44	98.169	149.37	-15.694	-74.293	20.969	67.114	56.935	-57.645	62.645	-18.181
-3.3852	25.048	1.7516	-1.3984	7.0718	1.7377	-2.6937	-3.1934	0.45601	-0.37565	0.18805	-2.7796	2.4212	-1.1724	62.386	913.03	306.54	-140.61	-51.966	-63.98	-8.9127	0.30449	-67.321	-49.645	-21.292	-15.502	8.2037	-31.695
-2.72	34.369	4.2277	-5.2471	7.886	0.98249	-3.768	-3.5109	0.080425	0.14627	-0.10474	-2.8978	2.7269	-1.1507	26.61	372.83	99.044	-153.95	32.57	-30.208	-42.975	-12.7	-15.023	20.877	-11.712	-4.7264	12.229	0.86795
-2.481	31.279	6.5563	-3.558	3.2735	3.8388	-5.2912	-4.0871	0.22127	0.81569	-0.4306	-2.3276	2.7339	-0.44755	9.5613	-123.6	93.142	67.564	-184.5	114.25	-60.927	-23.048	5.6336	26.777	-13.034	22.806	0.2804	28.126
-2.2348	32.192	8.338	-5.047	2.286	3.649	-4.4956	-4.7967	0.47758	0.2974	0.76369	-2.3351	2.6942	-0.17754	9.8474	36.521	71.271	-59.561	-39.498	-7.5941	31.824	-28.384	10.253	-20.731	47.772	-0.30136	-1.5865	10.8
-2.0475	33.619	9.0481	-6.0876	1.1523	3.4297	-4.3278	-4.9243	0.96484	-0.26235	1.528	-1.8031	2.5671	-0.64742	7.4918	57.084	28.405	-41.623	-45.349	-8.7722	6.7133	-5.1015	19.49	-22.39	30.574	21.283	-5.0838	-18.795
-1.9222	35.014	8.9071	-6.3501	1.2382	2.6024	-4.3129	-4.642	0.38536	1.0908	1.357	-1.4288	2.3205	-0.40087	5.0126	55.798	-5.6416	-10.5	3.4374	-33.091	0.5939	11.29	-23.179	54.124	-6.8431	14.97	-9.8634	9.862
-1.7419	37.499	8.4358	-5.8569	-0.28996	2.2303	-3.9207	-4.4356	0.49285	1.0632	1.6602	-0.76139	1.9448	-0.51098	7.2104	99.417	-18.852	19.728	-61.127	-14.886	15.69	8.2544	4.2996	-1.1029	12.131	26.697	-15.031	-4.4043
-1.5493	40.977	8.8209	-7.1298	-0.29516	1.9404	-3.3304	-3.625	-0.63807	2.0317	1.1951	-0.38208	1.8377	-0.65117	7.7024	139.1	15.402	-50.917	-0.20808	-11.596	23.611	32.425	-45.237	38.742	-18.607	15.172	-4.2825	-5.6075
-1.2996	42.013	8.5865	-6.9189	-0.026533	1.6131	-3.2637	-3.3827	-0.73685	1.5371	1.6565	-0.19707	1.9907	-1.0073	9.9906	41.471	-9.3725	8.4357	10.745	-13.092	2.6685	9.6926	-3.9513	-19.785	18.458	7.4006	6.1199	-14.246
-1.2877	42.863	8.0635	-5.7346	-0.4546	1.7331	-2.8615	-4.163	-0.078877	0.64931	2.0336	-0.0074992	1.7223	-0.83689	0.47339	33.991	-20.923	47.371	-17.123	4.8022	16.091	-31.211	26.319	-35.512	15.083	7.5827	-10.737	6.8167
-1.3473	39.677	10.67	-6.5392	0.23627	1.1842	-2.4952	-3.6672	-0.36472	0.74614	1.1314	0.11167	1.7657	-1.0524	-2.3836	-127.45	104.26	-32.182	27.635	-21.955	14.651	19.833	-11.434	3.8731	-36.086	4.7668	1.7363	-8.6189
-1.5741	36.803	9.0507	-2.338	-2.0915	3.2255	-2.5993	-4.1163	-0.48316	0.71607	1.1102	-0.54841	1.9397	-1.2078	-9.0701	-114.95	-64.77	168.05	-93.112	81.649	-4.167	-17.964	-4.7374	-1.2028	-0.85138	-26.403	6.9614	-6.219
-1.9882	34.829	8.1636	-1.1981	-1.9294	3.3207	-0.96041	-5.5063	-0.029606	0.83066	0.0068622	-0.27943	2.1022	-1.4396	-16.563	-78.966	-35.486	45.598	6.4868	3.8093	65.557	-55.599	18.142	4.5838	-44.132	10.759	6.5004	-9.271
-2.6162	26.186	6.4752	2.2984	-1.056	3.1867	-0.2939	-6.2252	-0.027515	1.9376	0.2757	-0.20429	1.4682	-1.531	-25.122	-345.73	-67.533	139.86	34.935	-5.3611	26.66	-28.757	0.083613	44.278	10.753	3.0058	-25.361	-3.6551
-3.6075	18.284	1.517	2.0775	4.2996	2.2512	-2.7854	-2.6181	-2.01	2.7255	-0.93337	0.79395	1.3366	-1.7143	-39.651	-316.09	-198.33	-8.837	214.22	-37.418	-99.66	144.28	-79.299	31.517	-48.362	39.93	-5.264	-7.3315
-4.3844	17.666	-9.9045	1.4156	8.7485	-3.4707	-0.015593	-0.95837	-1.7205	2.4419	0.72272	-0.11832	0.64462	-0.62114	-31.076	-24.704	-456.86	-26.477	177.96	-228.88	110.79	66.389	11.58	-11.345	66.244	-36.491	-27.68	43.726
-3.6685	20.736	-19.642	1.2606	5.6711	-5.8818	3.0716	2.1106	-1.2852	2.3848	0.29128	0.26382	0.84864	0.045882	28.638	122.81	-389.51	-6.1997	-123.09	-96.444	123.49	122.76	17.409	-2.2862	-17.258	15.286	8.1605	26.681
-3.2591	19.986	-26.114	-0.23029	6.5332	-3.7857	0.45792	2.1054	-1.7446	1.9272	0.91692	-2.3984	-1.4784	-0.34543	16.373	-30.014	-258.88	-59.636	34.485	83.844	-104.55	-0.20699	-18.374	-18.304	25.025	-106.49	-93.082	-15.653
-3.3789	22.568	-24.756	1.7331	7.98	-2.9674	2.333	2.3505	-1.756	-0.0016582	1.2794	-0.13353	-2.3194	1.4995	-4.7889	103.29	54.321	78.537	57.873	32.734	75.002	9.8015	-0.45718	-77.153	14.499	90.596	-33.641	73.799
-3.4952	17.551	-28.383	0.25676	6.4968	-3.1637	0.7222	2.9254	-0.37157	-0.024934	-0.17701	-0.57517	-1.5617	1.3463	-4.6534	-200.68	-145.07	-59.055	-59.328	-7.8501	-64.431	22.996	55.378	-0.93101	-58.256	-17.665	30.309	-6.1289
-4.0707	12.931	-26.89	-0.43511	9.4353	-2.6917	-0.41147	1.5889	0.090003	0.68938	1.1946	1.1105	-2.7053	0.82035	-23.021	-184.79	59.708	-27.675	117.54	18.88	-45.347	-53.46	18.463	28.572	54.863	67.427	-45.745	-21.038
-4.9042	9.0232	-22.69	-3.0102	7.3156	1.6209	-0.36544	0.90325	1.8669	-0.23025	-2.3855	0.81862	-1.9456	0.40679	-33.339	-156.33	168	-103	-84.788	172.5	1.8414	-27.424	71.076	-36.785	-143.2	-11.675	30.391	-16.543
-6.0102	1.4856	-17.81	-6.931	3.7794	2.4458	0.41959	-0.5135	0.14686	0.80432	-0.81341	0.89577	-1.3102	1.4684	-44.239	-301.5	195.22	-156.83	-141.45	32.999	31.401	-56.67	-68.802	41.383	62.885	3.0863	25.414	42.464
-7.8507	-25.963	-9.7357	-4.2089	0.3027	-1.6554	3.327	-0.90771	-0.9442	-0.30889	-1.1294	0.2655	1.3444	0.80412	-73.622	-1098	322.96	108.88	-139.07	-164.05	116.3	-15.769	-43.642	-44.528	-12.64	-25.211	106.19	-26.571
-8.5106	-29.123	-4.1506	0.89361	-0.21397	-1.3483	5.5679	3.0413	0.50936	-0.47181	-1.0103	2.4149	2.4315	1.1532	-26.394	-126.37	223.4	204.1	-20.667	12.284	89.636	157.96	58.142	-6.5167	4.7652	85.978	43.483	13.964
-6.6788	-13.515	5.6131	3.5543	-1.3147	3.2491	4.8262	-0.31309	-0.13111	-0.015657	-0.34719	-1.2003	-0.28229	0.11069	73.27	624.31	390.55	106.43	-44.031	183.9	-29.67	-134.18	-25.618	18.246	26.523	-144.61	-108.55	-41.701
-6.253	-7.2599	4.0784	4.7124	-2.2678	4.7389	4.415	-0.78502	0.80793	-0.34566	-0.53581	-1.8909	-0.40837	-0.1009	17.031	250.2	-61.386	46.323	-38.121	59.591	-16.447	-18.877	37.562	-13.2	-7.5448	-27.628	-5.0431	-8.4634
-6.2486	-10.765	5.3773	4.6953	-2.1758	4.5263	5.2548	-1.4468	1.8147	-0.27601	-1.0607	-1.4349	-0.094658	0.255	0.1782	-140.2	51.956	-0.68427	3.677	-8.5034	33.593	-26.47	40.272	2.786	-20.997	18.243	12.548	14.236
-5.4733	-11.7	8.7904	3.9947	-3.2942	3.9284	3.4838	0.49135	0.59613	-1.0063	-0.13364	-0.12413	-1.1281	0.12655	31.009	-37.408	136.52	-28.022	-44.736	-23.917	-70.84	77.525	-48.744	-29.21	37.084	52.43	-41.338	-5.1378
-4.8278	-1.0635	14.082	0.44328	-5.2837	4.3826	1.8623	0.39191	-1.2151	-3.2289	1.9254	0.93039	-2.0596	1.3298	25.822	425.47	211.67	-142.06	-79.579	18.167	-64.862	-3.9777	-72.448	-88.906	82.361	42.181	-37.259	48.129
-4.2965	6.1448	11.817	-0.54149	-3.6207	2.8608	2.973	-0.087804	-3.2773	-1.5869	2.0304	0.86184	-2.119	0.5994	21.252	288.33	-90.62	-39.391	66.521	-60.869	44.427	-19.189	-82.488	65.682	4.1984	-2.742	-2.375	-29.215
-4.0151	9.8177	10.703	-1.3536	-2.6525	2.6269	3.3526	-1.4721	-3.7002	-1.6278	3.4797	0.51404	-2.4085	0.14883	11.256	146.91	-44.549	-32.485	38.729	-9.3573	15.186	-55.373	-16.916	-1.6369	57.975	-13.912	-11.584	-18.023
-3.7697	5.0082	15.532	-2.4146	-4.1165	3.2109	4.3284	-1.6552	-3.539	-2.2819	3.7122	0.74279	-3.0103	0.99592	9.8146	-192.38	193.15	-42.441	-58.561	23.36	39.032	-7.3241	6.4483	-26.166	9.2992	9.15	-24.071	33.884
-3.7271	6.0452	15.622	-1.8745	-5.0137	3.9575	4.4726	-1.6507	-4.0179	-2.7217	3.648	1.1113	-3.7228	0.57648	1.7052	41.481	3.5905	21.603	-35.891	29.867	5.7651	0.18087	-19.155	-17.591	-2.5687	14.74	-28.499	-16.778
-3.5191	6.73	15.685	-1.5033	-3.9177	4.4034	3.7336	-1.4694	-3.9908	-2.3612	2.26	1.6724	-3.8235	0.54562	8.318	27.39	2.546	14.848	43.84	17.836	-29.558	7.2527	1.0836	14.419	-55.518	22.443	-4.0298	-1.2346
-3.398	8.8066	15.77	-1.5277	-3.3461	4.3005	3.7497	-1.2511	-4.8835	-2.2337	2.2448	1.421	-4.3255	1.227	4.8462	83.067	3.3997	-0.97254	22.866	-4.1181	0.6444	8.7321	-35.709	5.1014	-0.61153	-10.055	-20.077	27.255
-3.4644	9.4569	15.358	-2.1903	-2.4791	5.6639	2.9047	-1.8327	-4.3427	-2.0067	1.4929	2.2031	-4.7897	1.048	-2.6551	26.009	-16.476	-26.504	34.679	54.537	-33.801	-23.264	21.631	9.0806	-30.075	31.284	-18.571	-7.1613
-3.8767	9.4982	12.95	-2.0594	1.0679	4.8601	0.94834	-0.75288	-4.6566	-1.213	1.5731	1.3556	-3.4594	0.14585	-16.492	1.6522	-96.34	5.235	141.88	-32.151	-78.255	43.193	-12.555	31.748	3.2072	-33.898	53.215	-36.084
-4.6669	11.572	4.7086	-0.53272	3.1481	4.0852	1.3611	-2.2762	-2.1799	-1.1964	1.4693	0.55226	-2.8131	-0.45618	-31.609	82.963	-329.65	61.067	83.207	-30.996	16.51	-60.933	99.068	0.66322	-4.1511	-32.135	25.85	-24.081
-5.3457	13.151	-6.5164	0.63024	6.291	-0.62388	0.95425	-0.46996	-3.3226	0.75547	0.033213	-0.99666	-2.0256	0.21557	-27.154	63.137	-449	46.518	125.72	-188.36	-16.274	72.25	-45.71	78.074	-57.442	-61.957	31.5	26.87
-4.6807	15.629	-17.999	3.0319	3.7841	-4.4696	2.4419	0.032239	-2.1075	0.86237	-0.35129	-0.33177	-0.12664	-0.29766	26.602	99.128	-459.28	96.065	-100.27	-153.83	59.504	20.088	48.605	4.276	-15.38	26.596	75.958	-20.529
-3.8632	18.997	-25.136	4.3753	1.8318	-4.6932	3.4104	0.63658	-0.1867	2.4273	1.0766	0.20968	0.67221	0.55927	32.7	134.73	-285.51	53.738	-78.093	-8.9445	38.741	24.174	76.832	62.597	57.114	21.658	31.954	34.277
-3.3658	17.103	-29.169	4.6236	-2.1306	-4.8876	3.0891	0.029294	-1.4217	1.4737	-0.96312	-0.70428	0.45191	1.6767	19.896	-75.772	-161.32	9.9314	-158.5	-7.7785	-12.851	-24.291	-49.4	-38.143	-81.587	-36.558	-8.8121	44.697
-3.1603	16.266	-29.458	6.97	-0.11977	-2.5058	2.0185	0.27415	-0.73863	0.86137	-1.9711	0.73523	-0.33735	0.27324	8.2188	-33.462	-11.539	93.856	80.432	95.274	-42.822	9.7942	27.323	-24.494	-40.318	57.58	-31.571	-56.138
-3.1963	16.024	-28.764	6.8269	0.52725	0.11355	3.8199	0.22527	0.16705	2.4622	-1.5041	1.1535	-1.6925	-0.6268	-1.4397	-9.708	27.738	-5.7216	25.881	104.77	72.054	-1.9551	36.227	64.034	18.677	16.729	-54.204	-36.002
-3.4061	15.661	-27.544	7.5643	0.091474	-0.53239	3.2139	0.87112	0.76992	1.7989	-0.85049	-0.0073759	-2.0595	-0.35433	-8.3923	-14.497	48.822	29.494	-17.431	-25.838	-24.24	25.834	24.115	-26.533	26.146	-46.433	-14.683	10.899
-3.5415	14.797	-26.189	7.2152	-2.6226	-3.2237	2.3143	1.3264	-0.45089	1.1419	-0.75979	1.0096	0.58643	0.2972	-5.414	-34.568	54.186	-13.962	-108.56	-107.65	-35.985	18.211	-48.832	-26.278	3.6283	40.68	105.84	26.061
-3.4639	12.955	-28.063	7.052	-1.497	-0.95001	3.8565	0.82888	0.14779	-0.043298	-2.8979	1.5844	1.0675	-0.10497	3.1014	-73.662	-74.946	-6.5296	45.023	90.946	61.69	-19.901	23.947	-47.409	-85.526	22.992	19.241	-16.087
-3.1053	17.146	-26.781	8.5883	-1.3736	-2.9146	2.2681	0.87179	-0.74359	1.2056	-3.9949	-0.11983	-1.0788	0.51966	14.346	167.63	51.278	61.45	4.9366	-78.584	-63.536	1.7164	-35.655	49.957	-43.877	-68.17	-85.85	24.985
-2.9955	21.285	-25.359	8.1151	-0.1512	-4.3957	2.4203	2.5181	-0.13035	2.9779	-2.6131	0.23752	-1.5615	0.65387	4.3927	165.56	56.852	-18.926	48.896	-59.244	6.0858	65.853	24.529	70.89	55.269	14.294	-19.309	5.3686
-3.2286	27.149	-22.594	5.4719	0.55565	-2.6652	3.8233	1.3718	-1.1196	2.9883	-2.5102	0.61847	-1.3501	-1.6324	-9.3276	234.57	110.63	-105.73	28.274	69.222	56.119	-45.854	-39.569	0.41846	4.1168	15.238	8.4569	-91.451
-3.6367	29.058	-20.155	1.08	2.006	-6.136	1.6263	1.3743	-1.8613	0.39856	-0.56758	0.36636	-1.4858	-1.7576	-16.32	76.322	97.522	-175.68	58.016	-138.83	-87.878	0.1004	-29.667	-103.59	77.705	-10.084	-5.4292	-5.0056
-4.3421	22.14	-16.821	-2.2863	1.0733	-5.5854	-0.088736	1.2189	-0.73495	-0.097863	-0.11547	1.4458	0.38802	-1.126	-28.218	-276.71	133.39	-134.65	-37.309	22.023	-68.601	-6.2164	45.053	-19.857	18.084	43.179	74.954	25.262
-5.8809	11.381	-10.178	-1.5637	-0.77786	-2.3555	0.71943	1.2841	-0.54967	1.1476	-0.8882	0.52264	0.087886	-0.45343	-61.553	-430.33	265.72	28.904	-74.048	129.2	32.327	2.6072	7.4109	49.817	-30.909	-36.927	-12.005	26.903
-6.7126	-2.5792	-5.6596	-3.3712	-1.8936	-0.13652	1.2987	0.74466	1.1493	-0.5686	-2.3784	0.46954	-0.19352	-1.7807	-33.268	-558.43	180.73	-72.299	-44.631	88.759	23.17	-21.576	67.958	-68.647	-59.606	-2.1241	-11.256	-53.092
-7.4398	-10.21	-2.8882	-3.459	-2.1235	-1.7455	0.67528	1.3842	1.5625	0.095503	0.51272	2.5108	0.37588	-0.5028	-29.087	-305.22	110.86	-3.5137	-9.1948	-64.358	-24.936	25.58	16.528	26.564	115.64	81.651	22.776	51.117
-8.0008	-24.243	-2.0352	-1.9231	-4.1985	-4.0718	0.8523	0.35523	1.2772	-1.4734	-0.62454	1.3231	-0.38256	0.70095	-22.442	-561.33	34.119	61.438	-83.001	-93.055	7.0805	-41.157	-11.413	-62.755	-45.49	-47.509	-30.338	48.15
-8.8864	-35.473	0.0026065	-1.6315	-2.7378	-3.1666	0.66997	1.1425	1.3625	1.0916	-0.12437	-0.20044	-0.10631	0.95289	-35.424	-449.21	81.513	11.663	58.43	36.21	-7.2932	31.49	3.4132	102.6	20.007	-60.941	11.05	10.078
-6.8982	-35.9	6.4593	4.5321	1.3343	-1.3278	0.88526	2.6195	0.17458	0.081992	-0.64111	0.44818	1.1077	-0.98514	79.527	-17.059	258.27	246.54	162.88	73.551	8.6116	59.08	-47.516	-40.386	-20.67	25.945	48.559	-77.521
-5.6799	-27.247	12.744	9.7048	5.4843	-4.1993	-4.5377	0.5712	1.2531	-0.74606	0.063482	0.012157	-1.4348	-1.8002	48.733	346.09	251.37	206.91	166	-114.86	-216.92	-81.931	43.143	-33.122	28.184	-17.441	-101.7	-32.602
-4.5466	-18.742	13.841	7.7955	6.6754	-4.25	-7.5535	0.66055	1.6521	-0.33135	-0.156	-0.45392	-0.66077	-1.1752	45.334	340.22	43.9	-76.374	47.644	-2.0299	-120.63	3.5738	15.958	16.588	-8.7791	-18.643	30.96	25
-3.5876	-8.1423	15.103	6.3294	4.2301	-5.1296	-8.9014	2.0314	2.0476	-1.0535	0.038689	-1.0536	-0.66969	-1.2957	38.36	423.99	50.469	-58.642	-97.81	-35.183	-53.913	54.835	15.822	-28.884	7.7874	-23.988	-0.35681	-4.821
-2.8639	3.0724	15.273	4.3646	0.99709	-6.4942	-7.676	1.8688	3.2204	-1.5758	-1.3045	-0.15184	-0.98419	-0.7018	28.949	448.59	6.8166	-78.592	-129.32	-54.582	49.013	-6.5054	46.909	-20.893	-53.727	36.071	-12.58	23.757
-2.2974	14.267	14.288	0.27872	-1.6915	-5.9809	-6.6105	3.8228	3.3376	-2.675	-1.0943	-0.36142	0.4486	0.029394	22.659	447.77	-39.417	-163.44	-107.54	20.532	42.62	78.162	4.6881	-43.971	8.4077	-8.3832	57.312	29.248
-1.9205	23.478	13.247	-3.0358	-2.5997	-5.1593	-5.7148	4.5848	2.1987	-3.0143	-0.8779	0.41585	2.786	-0.70462	15.074	368.46	-41.63	-132.58	-36.326	32.861	35.829	30.481	-45.557	-13.57	8.656	31.091	93.497	-29.361
-1.6698	29.357	11.541	-4.0055	-4.5075	-3.5394	-3.5347	3.1308	1.0544	-2.7401	-0.66266	2.2051	3.2421	-0.61255	10.028	235.14	-68.26	-38.789	-76.312	64.797	87.203	-58.16	-45.772	10.968	8.6099	71.572	18.243	3.6828
-1.5892	33.61	10.654	-6.1873	-3.8542	-2.3656	-2.9569	3.2912	-1.5677	-1.9083	1.4827	2.2353	2.5436	-1.0702	3.226	170.14	-35.449	-87.271	26.133	46.954	23.114	6.415	-104.88	33.272	85.816	1.207	-27.94	-18.307
-1.5571	36.372	8.5124	-5.6287	-3.16	-2.8921	-0.89601	0.55345	-1.1509	-0.88999	1.2687	3.7356	0.14064	-0.50283	1.2834	110.47	-85.68	22.342	27.767	-21.06	82.435	-109.51	16.672	40.733	-8.5616	60.011	-96.118	22.696
-1.6929	45.744	0.37862	-1.8957	-3.0655	-4.7422	2.1049	-3.0962	-0.62114	0.032745	0.27027	4.1958	-0.28214	-1.261	-5.4301	374.87	-325.35	149.32	3.7789	-74.006	120.04	-145.99	21.189	36.909	-39.937	18.409	-16.911	-30.329
-2.2131	34.137	6.4864	-4.0039	-1.8778	-2.6629	0.85131	-2.8294	-0.9169	-0.99311	0.46584	2.8509	-0.3264	-0.42167	-20.809	-464.29	244.31	-84.328	47.506	83.172	-50.145	10.674	-11.83	-41.034	7.8229	-53.797	-1.7702	33.575
-3.3134	9.3089	0.94339	-6.3312	-1.6997	2.6075	-3.0673	-4.6163	3.0791	-1.6255	0.53995	1.9026	-2.9868	3.4124	-44.015	-993.11	-221.72	-93.093	7.1274	210.82	-156.75	-71.477	159.84	-25.297	2.9643	-37.932	-106.42	153.36
-6.2312	-2.565	-5.6211	-7.7829	3.6002	-0.026244	-1.7443	-3.3106	3.252	0.34639	0.28084	0.65026	-1.5018	2.5974	-116.71	-474.96	-262.58	-58.068	211.99	-105.35	52.924	52.228	6.9167	78.877	-10.364	-50.093	59.404	-32.599
-4.4336	5.575	2.5139	-3.6158	2.9407	2.7183	1.3092	-3.259	-0.42301	1.0769	-0.61899	0.32699	0.46981	1.0204	71.902	325.6	325.4	166.68	-26.38	109.78	122.14	2.062	-147	29.221	-35.993	-12.931	78.863	-63.081
-2.9353	11.714	14.532	-6.3468	-2.7528	3.2659	1.4206	-5.0966	-2.5034	-0.20945	-0.44431	1.89	-0.89763	-0.0069507	59.934	245.58	480.73	-109.24	-227.74	21.902	4.4558	-73.502	-83.217	-51.455	6.9873	62.522	-54.698	-41.093
-2.0906	22.105	15.959	-10.285	-4.989	5.7457	-0.16115	-4.5446	-2.1629	-2.236	1.9048	1.1619	-0.60948	-0.69398	33.789	415.61	57.062	-157.52	-89.45	99.192	-63.27	22.077	13.619	-81.063	93.965	-29.124	11.526	-27.481
-1.7665	25.352	16.881	-11.22	-5.3898	5.018	0.16047	-4.7372	-2.3621	-3.1183	2.302	1.6561	-1.5553	-0.32145	12.962	129.88	36.875	-37.416	-16.03	-29.106	12.865	-7.703	-7.9665	-35.292	15.889	19.767	-37.831	14.901
-1.9268	20.319	19.685	-13.077	-4.7861	3.8116	1.2163	-4.5369	-1.7391	-4.3095	3.1128	1.5185	-1.4341	-0.36398	-6.4115	-201.28	112.17	-74.258	24.149	-48.256	42.233	8.0119	24.92	-47.648	32.431	-5.5059	4.8453	-1.7015
-2.2929	4.49	13.271	-5.8611	-4.7544	2.8425	3.9002	-6.2828	-2.7292	-4.4722	4.2713	2.2252	-0.8776	-0.55364	-14.643	-633.18	-256.54	288.62	1.266	-38.767	107.35	-69.836	-39.604	-6.5049	46.341	28.271	22.261	-7.5862
-3.2357	15.163	16.88	-9.8689	-5.7404	2.4194	2.0068	-3.9714	-2.7483	-4.5302	3.6504	0.76423	-0.4838	-1.0391	-37.714	426.92	144.35	-160.31	-39.439	-16.925	-75.735	92.455	-0.76587	-2.3225	-24.838	-58.441	15.752	-19.417
-3.3254	-14.179	11.08	-7.0221	-7.5503	1.8163	1.1061	-5.4938	-7.571	-4.7075	2.7326	3.5183	-1.9085	0.74081	-3.5851	-1173.7	-231.99	113.87	-72.396	-24.124	-36.026	-60.895	-192.91	-7.0917	-36.711	110.16	-56.987	71.195
