-5.3487875 -4.4219125 -15.619 4.00421875 0.358614375 0.704193125 1.465685 0.2357095625 1.549705 0.21316375 0.3793775 0.59028803125 -0.578060375 -0.29338225 -20.16344375 -151.202825 -551.423125 26.70925 48.151375 29.23199 20.96483125 18.37749625 45.081325 23.67878125 -0.332500000000001 -2.38314375 -7.538201875 16.42650625
-2.988503 5.54856415166666 1.45779116666667 -0.448770277777778 -0.196373288888889 -1.56247587777778 -0.469434492222222 0.0883250166666667 -0.111285616666667 0.383605761111111 -0.183956912 -0.0656249483333332 0.202660955222222 0.183217622944444 1.88401942777778 50.2393269444445 -18.3002961555556 -5.67573633333334 14.5896198888889 -4.86154205555555 -1.23171372222222 -0.316874944444445 3.49873544444445 4.84413662777778 -1.43791766666667 1.36121165 0.996955383333334 -0.484533055555556
-4.13085 5.464325 -13.9035971555556 2.10900277777778 0.28735 0.496531222222222 1.48257166666667 0.208265 0.942504277777778 0.544347333333333 -0.146453666666667 0.122644444444444 -0.586775555555555 -0.580135388888889 -4.29583333333333 70.1078888888889 -271 61.8400555555556 -62.1261166666667 5.34918888888889 22.5225111111111 11.5375666666667 27.9955255555556 -15.4269166666667 -11.5601555555556 8.87712777777778 3.98421111111111 -4.32870333333333
-2.88219390151515 5.13458318181818 5.62515393939394 -1.44772409090909 -0.736756659090909 -0.804307346439394 -0.155941765151515 -0.135681159090909 -0.952392356060606 -0.0926328136363636 0.28006028030303 0.0499235583333333 0.101494741666667 0.170168795454545 -4.23693727272727 -92.8280859848485 19.2422524015152 15.6835428863636 -21.7637354545455 2.26507651515152 5.30770954545454 -3.16945136363636 -1.59803965909091 -5.97410191666667 3.44613257575758 -2.19594984090909 -0.79341328030303 -2.58240992424242
-4.08743916666667 -1.36882333333333 0.65525 0.296918625 0.544714166666667 0.554268208333333 -0.917319583333333 0.415727333333333 0.0343645833333333 -0.504308533333333 0.0633507916666666 -0.596845470833333 -0.118778583333333 -0.166661958333333 34.9132916666667 481.730416666667 21.8141416666667 -60.7493458333333 22.0741458333333 -49.6361625 -21.6375791666667 -4.87014958333333 -33.4721858333333 15.4454041666667 -10.9922541666667 -7.05584375 -4.3447025 7.833225
-4.911675 -9.214 -2.8113375 4.0692475 2.53009 2.16881125 1.15752625 -0.3804725 0.61577625 -1.68659875 0.07664 0.260185875 -0.54609375 -0.2243219625 66.542125 112.20025 556.765 193.372625 127.56875 44.589 -20.0621125 -60.91425 -56.511375 -35.657775 -0.665374999999998 -7.02425 -1.9764875 -20.857875
-3.2928448 10.333664 -0.630844 -1.6558724 1.6051904 1.84756572 -0.6538052 -1.3309348 -0.9472286 0.0779928 -0.0345048 -0.46588348 -0.03747092 0.138142416 13.411628 15.29024 249.04328 -108.125252 0.444676000000004 -0.0395255999999993 -11.462768 -2.872528 -32.94016 29.5063604 -9.683656 11.19102 10.5266932 -0.491636800000001
-3.5189097037037 7.15852462962963 -4.51808481481482 0.334547592592593 -0.949050185185185 -0.0725576296296297 -0.209004444444445 -0.808335907407407 1.29807066666667 0.151126987037037 -0.37881237037037 0.248375074074074 -0.198733 0.0490800740740741 17.0173187037037 238.415555555556 94.0826638888889 -68.1871574074074 -26.9999394444444 -18.5872796296296 -15.6817074074074 -16.0715259259259 2.77459722222222 3.17523851851852 5.24658944444445 1.4160337037037 -4.83929777777778 0.465662962962964
-5.40823333333333 -8.3957 -8.3237 -6.651415 -1.31875 2.40695333333333 -0.211165 0.27861 0.5839 -0.860445 0.403173833333333 -0.12056 -0.698778333333333 -0.122054 242.703333333333 2731.35 199.39775 -438.556666666667 -70.2788333333333 -133.1665 -122.768833333333 -57.9631666666667 -60.91315 -21.1828333333333 -31.6445666666667 -20.3123333333333 -37.5830033333333 -16.7425
-5.24112608695652 -16.5206756521739 3.47305217391304 1.13613526086957 0.518092695652174 1.42317086956522 -0.312233530434783 1.1114247826087 1.12328813043478 -0.122506956521739 -0.761977391304348 -0.337973565217391 0.15014347826087 -0.0845535347826087 -36.8604869565217 -576.015652173913 39.7190826086957 82.2686391304348 -63.321352173913 72.4175608695652 28.3164652173913 5.65985652173913 31.2915739130435 -21.6263886956522 1.59593913043478 11.5984304347826 -15.2846673913043 -2.52817391304348
-6.54623 -41.61766 -1.740192 5.00989 1.298455 4.51053 1.7282588 0.23403 1.281329 0.171836 0.551444 -0.4954894 -0.626165 -0.119152 -107.30438 -1446.7 -127.0893 221.4287 17.33599 49.80172 42.45467 73.8246 60.05909 14.53393 1.1036 20.77326 -2.5524 -6.27647
-8.37459411764706 -48.7063470588235 -5.03506470588235 3.06044788235294 -1.33235105882353 3.24266529411765 1.68485388235294 1.57260352941176 1.75029529411765 -0.769825705882353 0.90372705882353 0.474731764705882 -0.403936764705882 -0.185687882352941 -82.3864117647059 -679.135294117647 -293.990058823529 8.05866470588235 23.0056235294118 49.8284588235294 24.0110941176471 14.1858176470588 15.0995411764706 2.82399900588235 8.87965882352941 -1.00562941176471 0.96987294117647 23.5435294117647
-3.04471111111111 10.5999 6.45987222222222 -1.5052 0.89974 3.25065555555556 0.316085555555556 -2.32462777777778 -1.87548444444444 -0.435251111111111 1.19133666666667 -0.28367 -0.519950111111111 0.254616333333333 97.9556666666667 681.916666666667 641.352222222222 -103.925522222222 5.62733333333333 -5.33648888888889 -28.3750777777778 -47.9071111111111 -125.395888888889 -18.2922555555556 5.95144444444444 -19.9829711111111 -16.4328777777778 1.23096666666667
-3.9681375 5.72353958333333 -6.67422625 -1.07306625 1.03560875 0.204823375 0.6805553 -0.263530416666667 0.172138333333333 0.0154665333333334 -0.293833333333333 -0.00492708333333337 0.667034416666667 -0.05212025 -11.1801083333333 -281.008333333333 184.745416666667 9.30625833333333 46.0484266666667 38.6603566666667 11.2625 13.6479416666667 2.15969875 -2.04235458333333 -0.415891666666667 -4.33314583333333 12.2876375 9.63358625
-6.05132727272727 -3.34646363636364 -6.63107272727273 -3.46833272727273 0.112381818181818 1.79880909090909 0.193671818181818 1.00935790909091 0.241295454545455 -1.53986454545455 0.00448272727272722 0.0705267272727273 -0.10651 -0.510706363636364 34.3290181818182 1273.59818181818 -107.986 -84.5328 16.6886627272727 -92.1755545454545 17.8938081818182 -18.0554545454545 -45.0149 -25.6259545454545 5.30808181818182 -3.36629090909091 10.4105363636364 -13.6656363636364
-5.09943764705882 -14.9778637254902 0.192292988235294 2.79607274509804 1.39150862745098 1.82199421568627 0.716586666666667 0.476777254901961 -0.195938274509804 -0.28845768627451 0.0471375392156863 0.222046450980392 -0.146417039215686 -0.568868529411765 -22.5423960784314 -251.077745098039 -114.96951372549 71.9315725490196 3.33224745098039 2.47141764705882 2.53052764705882 14.3705666666667 10.4979245098039 -4.64998333333333 4.13423274509804 -0.663332745098039 4.8870868627451 -1.82079490196078
