WSS
576793.014164205
778819.86414108
448975.872136331
189045.854390266
274525.973086947
662550.649233088
1026283.09077309
674707.915745082
692369.574673789
649710.214646715
405040.543951099
668027.208294129
1069736.50555153
901933.036700843
356765.87466329
1116612.56579558
960811.323888755
1138177.05343651
566991.87741023
734287.850802435
927468.842615309
334866.422852933
899468.095718608
1753616.91161412
555484.81547641
655209.135520319
745330.2631956
714339.936795286
464567.382781312
997745.220041114
2472853.45096833
591431.756096373
25004548.0971607
163195647.596242
