-2.45923556652361 12.5378369098712 4.74136287982833 -1.43451786266094 -0.264330330472103 0.0237790429184551 -0.615832819742489 -0.71378529527897 0.397714182961374 -0.795614703004292 0.266961892703863 -0.429695927467811 0.0214115922746781 0.121156489270386 -0.114347648068669 -23.4474974248927 16.076446304721 -3.19004283261803 -3.17186433476395 6.08326789699571 0.240284738197425 -2.76444489270386 2.10865048497854 -2.63920802575107 0.0756081184549358 0.667153639484979 -1.02573351931331 -1.08696827467811
-4.50802432432432 -1.27287540540541 -3.75713837837838 -0.520620540540541 1.32342459459459 0.271209837837838 0.975829708108108 0.916378378378379 -1.77803224324324 0.520781918918919 -0.138347837837838 0.541649189189189 0.0436550540540541 -0.614961864864865 -11.4902810810811 -193.74307027027 242.371891891892 -27.8334459459459 -58.7892810810811 33.8482054054054 17.4099459459459 -20.1710335135135 -5.78522297297297 -10.4447567567568 7.56816486486487 -5.12068810810811 -4.24217567567568 1.18143513513513
-3.58138433333333 2.308821 2.61368666666667 1.23589408333333 -1.96261636666667 -0.76544365 -0.00488718333333333 0.569159166666667 0.417064333333333 -0.687765533333333 -0.339611233333333 -0.127124025 0.00534358333333335 0.00449655000000002 20.574845 286.686833333333 53.2137933333333 -56.516734 -20.071443 -16.97179 -26.2861666666667 -21.1462166666667 -5.0546607 -13.02432 6.073108 1.773539 -2.48102616666667 15.352795
-6.29345 -16.1232333333333 -9.15780666666667 -2.91385333333333 -1.11845333333333 -3.222135 -0.807466666666667 1.52291166666667 -0.225648666666667 1.42478333333333 -1.00075333333333 0.4032 -0.334429 -0.4341695 183.132166666667 2482.86666666667 50.0805 -130.469333333333 -60.9213333333333 -176.400666666667 -109.292833333333 -57.2708166666667 -46.4481666666667 -6.95206666666667 -24.261 -14.7236666666667 13.3525333333333 -11.3353016666667
-5.59097647058824 -11.4829958823529 -10.53121 3.90688329019608 2.04492076470588 -1.30435098039216 1.41946290196078 1.96080098039216 -0.549036529411765 1.10384308235294 -0.639161294117647 0.409618411764706 -0.0938600764705882 0.0439622352941176 -6.68540717647059 -67.3593750980392 -211.873078431373 6.13637901960784 2.75265098039216 -37.5451764705882 10.8772060784314 25.667091372549 -10.0847470588235 16.8896939215686 6.16566490196079 7.12424717647059 6.54517843137255 10.4442354901961
-4.65520166666667 -0.331707333333333 -8.63392333333333 -1.961564 0.673750475333333 0.484456333333333 0.38319323 -0.000844199999999999 -0.2457926 1.0174473 0.1862446 0.518032 -0.434448866666667 0.109619766666667 16.2356033333333 346.540666666667 -242.541266666667 -37.4233113333333 28.5491533333333 -4.34815666666666 -4.921741 -1.66528333333333 -2.74317666666667 20.4961966666667 -2.03750766666667 4.91207066666667 -10.93059 0.202263333333334
-6.84266818181818 -44.2145909090909 -4.01569409090909 2.08680318181818 1.22370727272727 2.23576590909091 0.857794227272727 -0.0771059090909092 -1.33370909090909 0.700463181818182 -0.714125818181818 0.590867727272727 -0.110716363636364 -0.325167772727273 -66.5617727272727 -1116.70863636364 -104.5551 98.2938454545454 22.3174818181818 10.3885454545455 -15.0350454545455 12.7907636363636 -3.13321818181818 13.3625686363636 -33.1076181818182 -4.10405 9.84762772727272 -1.61839909090909
-6.81403421052631 -33.2739489473684 -1.46457342105263 3.04702592105263 0.77759552631579 2.27957447368421 1.50000002631579 0.499585815789474 -0.250483631578947 0.479902 -0.396686578947368 0.719954473684211 -0.0275146110526316 -0.526769057894737 -51.2409236842105 -491.602631578948 -218.503815789474 51.9762052631579 58.8167263157895 5.54305965789474 17.2667473684211 27.9682207894737 22.9389815789474 26.511835 -9.38559236842105 18.1022394736842 -2.99434421052631 0.577772105263159
-6.83839090909091 -23.54036 -9.90020363636363 0.136087272727273 1.66651727272727 0.91228 1.54004181818182 2.42876636363636 -0.635589363636364 2.13083 0.576625454545455 -0.0271482727272728 -0.0819814545454546 0.075367 47.9010454545454 841.602727272727 -271.382454545455 -136.026636363636 -65.9490909090909 -67.5117909090909 3.01482727272727 44.5671545454545 -18.6195454545455 33.5578 37.3678181818182 -8.96646363636363 -26.7331454545455 28.6990454545455
-4.83088888888889 -6.52024522222222 3.036 1.21788 1.21823 1.62691777777778 0.214124444444444 0.325982777777778 0.0179653888888889 0.934458888888889 -1.18916983333333 -0.0146925 0.517956611111111 -0.951097777777778 38.9461222222222 140.566127777778 484.3 74.0699666666667 -16.3564944444444 88.2981666666666 -11.8088277777778 7.56338888888889 -1.68708333333333 -44.364435 -15.5188 -33.0692611111111 -4.90130833333333 -15.9427605555556
-5.76856956521739 -13.0301495652174 -0.498239565217391 1.63730304347826 0.869483043478261 1.32264826086957 0.256557826086957 0.556605434782609 0.34597347826087 0.0475369565217391 -0.0768274782608695 -0.310572478260869 0.103056956521739 -0.456717773913044 57.8749130434783 814.348260869565 261.256095652174 -36.8420695652174 -9.46606086956522 36.420147826087 -41.2647608695652 -38.9201186956522 10.2058739130435 -34.9409434782609 26.5181304347826 -5.54712608695652 -1.5502347826087 -10.8835434782609
-5.7968 -10.9437708333333 -7.21580916666667 -4.985825 0.688219166666667 -2.06807083333333 -0.499400833333333 2.3385165 -0.0986833333333333 1.19040666666667 -1.10732583333333 0.259536416666667 -0.22060425 0.149360333333333 108.7325 1670.65 46.67575 -154.89025 -13.6784 -114.469166666667 -28.282725 -38.0763083333333 -15.6444166666667 -13.3804916666667 -42.3336666666667 -7.78774166666667 -6.97163333333333 -3.45053333333333
-3.90925031914894 -2.5133614893617 1.84973489361702 0.076879404255319 -0.598803021276596 0.242229819148936 0.199367244680851 -0.0247034244680852 0.341231425531915 -0.0946404468085106 -0.216687319148936 0.0438912989361702 0.00396852127659572 -0.152848661702128 -12.1164007446809 -196.831063829787 15.1738959574468 21.6072010638298 -4.32200372340425 -4.30137244680851 8.31298191489362 9.73484574468085 -2.19221755319149 3.30236446808511 -2.60034138297872 -2.4500979787234 -1.97436606382979 -3.62627180851064
-2.56973825493827 11.3759802345679 -0.469102407407407 -0.220943407407408 -0.592843592592593 -0.871154722222222 -0.885337919753087 -0.56940435925926 0.227797628395062 0.0164133543209876 0.539302740740741 -0.00190207407407405 0.0644174049382716 0.424918124876543 4.40998191358025 95.0415384290124 -40.8472172222222 10.3177034567901 18.5922827160494 -1.21935969135803 -0.18412401234568 -1.40046148148148 0.81076617962963 3.00968635802469 3.47208538888889 -0.349749444444444 4.10912308641975 -1.02242878395062
-9.078975 -66.709125 -8.677405 3.67540125 4.5661975 2.9865275 1.579998375 1.45532875 -0.31467125 1.5322995 -1.107793 -0.290285 -0.113215 -0.06576 -141.313 -1868.0125 -16.85675 102.6869375 -44.6800875 10.68460875 18.72325 56.5055 35.999 -12.1628375 0.630312499999994 25.236975 31.358525 -13.194875
-5.02039228571429 -9.97020714285714 -0.104258 -0.210058 0.0970668 0.440074857142857 1.26011685714286 -0.533417142857143 -1.22520446 0.477202428571428 -0.0264832285714286 0.331240842857143 -0.0475436571428571 -0.298326971428571 -36.8035657142857 -555.724 142.273131428571 32.5658457142857 -0.986371428571427 22.0893428571429 40.3247085714286 0.712153714285714 0.0844617142857141 -3.19274857142857 -2.58642857142857 -3.70103428571429 -0.298682 -10.6651314285714
