-4.5245	23.317	0.5258	-7.4893	-9.8306	2.1521	3.9929	-3.5514	-1.8026	-0.23415	1.3682	-0.75806	-1.0753	1.2185	0	0	0	0	0	0	0	0	0	0	0	0	0	0
-4.4597	22.594	0.38069	-1.2454	-4.2544	2.7768	5.5859	-1.004	-1.881	-0.089845	2.4718	-0.17585	-1.0671	0.68934	2.5953	-28.914	-5.8044	249.76	223.05	24.989	63.72	101.9	-3.1326	5.7723	44.147	23.288	0.32788	-21.165
-3.7421	19.819	3.5765	2.0745	-0.09471	2.5781	1.4241	-3.7747	-3.2386	1.3134	1.265	-0.37858	-0.15549	-0.63472	28.702	-111	127.83	132.8	166.39	-7.9495	-166.47	-110.83	-54.305	56.129	-48.275	-8.1091	36.463	-52.962
-3.0036	18.616	8.7468	3.0098	-1.388	1.7148	0.51727	-4.0217	-1.2757	0.55434	0.17966	-0.74768	-0.15761	0.1947	29.54	-48.104	206.81	37.41	-51.731	-34.531	-36.273	-9.8829	78.516	-30.362	-43.412	-14.764	-0.084798	33.177
-2.6254	19.475	12.111	1.5958	-2.7578	1.1263	0.29392	-4.4517	-0.4211	1.7838	-0.59008	-0.98969	0.11034	0.69168	15.128	34.351	134.56	-56.557	-54.792	-23.54	-8.9341	-17.198	34.184	49.179	-30.79	-9.6806	10.718	19.879
-2.3858	23.404	13.383	-1.2258	-4.08	0.56236	0.82386	-5.6873	-0.14644	3.5756	-2.2704	-0.20907	2.0712	-0.71834	9.5828	157.14	50.874	-112.87	-52.888	-22.559	21.198	-49.422	10.986	71.674	-67.212	31.225	78.434	-56.401
-2.2521	27.693	12.669	-3.8063	-2.7218	0.60605	-1.6914	-3.8229	0.6916	3.3	-1.8336	-0.44664	2.4956	-0.66638	5.35	171.57	-28.567	-103.22	54.329	1.7475	-100.61	74.573	33.522	-11.027	17.473	-9.503	16.978	2.0785
-2.1924	30.029	10.828	-4.2506	-2.1853	-0.79003	-2.8527	-1.1053	0.87127	3.5769	-3.2537	1.0084	3.5297	-1.9816	2.3884	93.448	-73.63	-17.774	21.457	-55.843	-46.451	108.7	7.1867	11.078	-56.805	58.2	41.362	-52.608
-2.3066	29.072	10.705	-5.6959	-2.0514	-1.9676	-2.389	0.30542	2.6129	2.1204	-2.734	1.9351	3.0997	-2.0938	-4.5672	-38.293	-4.9122	-57.812	5.3554	-47.104	18.549	56.431	69.666	-58.26	20.788	37.071	-17.197	-4.4885
-2.602	33.54	4.9403	-4.7638	-0.96837	-1.6003	-2.5511	2.5866	2.8892	-0.77229	-1.1576	1.9811	3.0192	-0.92121	-11.82	178.72	-230.59	37.286	43.323	14.694	-6.4823	91.249	11.051	-115.71	63.056	1.8368	-3.2236	46.904
-2.9007	34.554	3.3746	-4.7202	0.48776	-3.3313	-0.32301	1.9379	2.8401	-0.46419	-0.74994	1.4537	3.127	0.00047683	-11.947	40.557	-62.626	1.7411	58.245	-69.243	89.122	-25.951	-1.9653	12.324	16.305	-21.094	4.3122	36.867
-2.9505	34.649	2.5983	-3.8111	0.18983	-3.414	-1.5533	2.9792	4.0076	-3.4031	1.9032	0.35671	4.1022	-0.56028	-1.9919	3.8087	-31.053	36.365	-11.917	-3.3073	-49.211	41.653	46.702	-117.56	106.12	-43.879	39.008	-22.43
-2.8779	36.551	1.3415	-5.217	1.6912	-3.0209	-1.6601	3.2365	2.2482	-1.9635	2.2388	1.1685	3.0813	-0.58418	2.9038	76.076	-50.27	-56.235	60.056	15.726	-4.2732	10.291	-70.377	57.583	13.426	32.473	-40.835	-0.95595
-2.9472	35.741	-0.3728	-2.4503	0.96941	-3.0775	-0.9912	3.0595	0.14969	0.26631	2.4792	1.7509	1.5002	-0.55163	-2.7706	-32.374	-68.573	110.67	-28.872	-2.2632	26.756	-7.0773	-83.939	89.193	9.6155	23.293	-63.244	1.3017
-3.083	32.102	0.70064	-2.4175	1.9402	-2.3517	-1.2914	1.7495	1.4268	-0.33229	3.5278	0.89609	1.7673	-0.19764	-5.4339	-145.56	42.938	1.3102	38.831	29.031	-12.006	-52.401	51.084	-23.944	41.944	-34.191	10.684	14.16
-3.3985	31.425	-1.353	0.13438	1.9853	-2.7591	-0.24787	-0.00012288	2.1429	-0.62959	4.6734	-0.69413	1.6029	0.085602	-12.617	-27.087	-82.145	102.08	1.8052	-16.296	41.74	-69.985	28.645	-11.892	45.825	-63.609	-6.5735	11.33
-3.9164	18.525	3.763	-0.23652	3.8078	-2.1248	-1.8486	1.5731	0.14112	0.52466	3.7941	-2.5816	1.8817	-0.17506	-20.717	-516.01	204.64	-14.836	72.899	25.37	-64.03	62.929	-80.071	46.17	-35.172	-75.498	11.151	-10.426
-4.7256	1.1347	5.7079	3.6987	5.4704	-0.032821	-0.96177	1.2444	3.0779	-0.15888	-1.5759	-0.33589	-1.3897	2.5134	-32.368	-695.62	77.797	157.41	66.505	83.68	35.474	-13.148	117.47	-27.342	-214.8	89.828	-130.86	107.54
-4.7831	-4.9153	5.1644	6.0684	4.73	-0.3243	-1.6522	1.2341	4.9115	-0.21172	-1.9527	1.02	-1.6657	4.0435	-2.2991	-242	-21.739	94.79	-29.616	-11.659	-27.617	-0.41025	73.344	-2.1134	-15.073	54.235	-11.04	61.206
-4.8032	-5.2542	5.5172	6.2198	5.1243	-0.85478	-2.0273	1.4979	5.2105	-1.182	-1.9547	1.1819	-1.3133	4.0089	-0.80405	-13.556	14.112	6.054	15.769	-21.219	-15.004	10.55	11.957	-38.809	-0.07678	6.4756	14.097	-1.3864
-4.7892	-5.54	6.4502	6.3192	4.6399	-1.767	-1.5785	2.1458	5.1319	-1.4509	-2.374	1.1046	-0.71228	4.1197	0.55692	-11.432	37.32	3.9755	-19.376	-36.488	17.952	25.916	-3.1438	-10.76	-16.772	-3.0895	24.04	4.4332
-4.7278	-5.0269	7.6087	4.973	4.4939	-2.328	0.1269	2.482	2.5904	-1.1999	-0.44688	0.76728	-0.95992	2.3695	2.4571	20.521	46.337	-53.846	-5.8407	-22.438	68.217	13.448	-101.66	10.042	77.083	-13.494	-9.9053	-70.009
-4.712	-3.751	7.3572	4.4581	3.4396	0.23988	1.1549	-1.6594	2.6717	0.99864	0.33919	-1.5729	0.65079	0.48335	0.6345	51.036	-10.058	-20.598	-42.169	102.71	41.122	-165.65	3.2516	87.942	31.443	-93.605	64.428	-75.446
-4.4411	4.6188	6.0736	4.57	2.3936	-1.2592	1.6751	-0.32964	0.83601	0.75196	-0.43933	-0.51317	1.3094	-1.2128	10.835	334.79	-51.347	4.4772	-41.839	-59.963	20.806	53.189	-73.429	-9.8674	-31.141	42.387	26.343	-67.845
-3.6634	24.278	4.5713	0.56655	0.3274	-1.3031	-1.3631	1.1688	-2.1	3.2873	-0.1349	0.81913	0.45067	-0.77698	31.106	786.35	-60.091	-160.14	-82.65	-1.7547	-121.53	59.939	-117.44	101.41	12.177	53.292	-34.347	17.432
-3.1723	29.761	1.5766	-0.70786	-0.6973	-0.65963	-1.5515	1.3046	-1.1934	3.0161	1.2959	1.2784	0.81954	1.2922	19.644	219.35	-119.79	-50.977	-40.988	25.738	-7.5364	5.4301	36.267	-10.847	57.233	18.373	14.755	82.769
-2.967	30.595	3.2007	-2.568	1.2115	-4.6189	1.6226	-0.16047	0.13398	0.4762	3.9271	-0.022394	1.4832	0.43923	8.2116	33.343	64.966	-74.405	76.354	-158.37	126.96	-58.602	53.093	-101.6	105.25	-52.034	26.549	-34.12
-2.8877	32.287	3.4385	-3.8237	1.6584	-5.5319	1.8547	0.15773	0.52099	-0.32064	4.0122	-0.30527	1.8028	0.40041	3.1722	67.684	9.5088	-50.229	17.876	-36.519	9.2869	12.728	15.48	-31.874	3.4058	-11.315	12.78	-1.5526
-2.9273	28.713	5.5909	-2.3276	-0.33347	-4.8882	2.1397	-0.6969	0.6495	-0.50185	3.7237	0.21802	1.0036	0.59777	-1.5822	-142.97	86.098	59.845	-79.676	25.745	11.398	-34.185	5.1404	-7.2486	-11.541	20.932	-31.967	7.8942
-3.4016	22.139	6.1284	-0.10908	-0.92925	-3.8019	1.6467	-1.9573	1.1831	-0.23684	2.5385	1.452	0.63033	0.003289	-18.973	-262.95	21.5	88.741	-23.831	43.455	-19.72	-50.417	21.342	10.6	-47.409	49.361	-14.93	-23.779
-4.6258	-3.7993	4.139	6.3966	-0.52649	2.637	0.23234	-0.83888	-1.1356	1.422	0.44262	1.5291	-0.29615	0.402	-48.968	-1037.5	-79.576	260.23	16.11	257.55	-56.574	44.738	-92.744	66.352	-83.833	3.0829	-37.059	15.948
-6.9352	-29.176	-0.77092	8.5214	4.1324	5.8061	1.2748	-0.86471	-0.83511	0.5855	-0.30775	0.47266	-1.1624	0.62472	-92.375	-1015.1	-196.4	84.993	186.35	126.76	41.697	-1.0331	12.018	-33.458	-30.015	-42.258	-34.65	8.9088
-8.3518	-28.467	-10.502	4.6606	5.0367	3.3002	5.4966	1.707	-0.63622	1.0999	-0.17415	-0.82347	-1.7938	1.046	-56.667	28.35	-389.25	-154.43	36.171	-100.24	168.87	102.87	7.9555	20.578	5.3441	-51.845	-25.257	16.852
-6.1451	17.318	-21.386	3.1474	0.17904	0.79325	-0.27367	0.79332	-0.9931	-0.97048	0.63548	-0.40551	-1.3659	2.2838	88.268	1831.4	-435.35	-60.528	-194.3	-100.28	-230.81	-36.546	-14.275	-82.817	32.385	16.718	17.117	49.511
-3.8607	34.464	-6.3949	6.147	-0.1889	-1.4682	-0.74737	-0.47454	-2.0552	0.50422	0.37556	1.8887	-1.3914	1.2353	91.378	685.84	599.64	119.99	-14.718	-90.456	-18.948	-50.715	-42.484	58.988	-10.397	91.768	-1.0206	-41.942
-3.2435	31.111	6.646	-3.0235	2.5537	-3.78	-0.77172	-2.0166	-1.6721	0.21899	0.48976	0.47262	0.75174	0.59062	24.688	-134.11	521.64	-366.82	109.7	-92.475	-0.9739	-61.682	15.325	-11.409	4.5683	-56.643	85.726	-25.786
-3.0604	25.206	7.3161	-4.2287	2.6827	-2.5757	-1.8831	-1.8175	-1.5117	-0.02998	0.092924	0.61934	1.6303	-0.76851	7.3237	-236.17	26.804	-48.207	5.1603	48.174	-44.455	7.9636	6.4139	-9.959	-15.874	5.8686	35.144	-54.365
-3.1999	19.428	10.968	-6.4148	0.27055	1.0731	-1.596	-4.1405	-2.1813	1.8441	-0.10053	-0.50458	2.4298	-1.2396	-5.5809	-231.15	146.08	-87.443	-96.485	145.95	11.486	-92.92	-26.782	74.962	-7.7383	-44.957	31.978	-18.842
-3.3371	12.06	15.603	-7.85	-3.3523	3.1709	0.21793	-6.6316	-3.2567	5.1671	-1.7918	-1.3337	2.4585	-0.67712	-5.4897	-294.7	185.41	-57.411	-144.91	83.909	72.556	-99.645	-43.015	132.92	-67.651	-33.165	1.1492	22.498
-3.613	15.557	12.819	-9.9287	-3.6753	2.1547	1.9244	-6.0206	-4.5794	4.3809	-0.78374	-1.3014	1.4619	-0.10408	-11.032	139.86	-111.36	-83.148	-12.919	-40.647	68.257	24.443	-52.91	-31.449	40.323	1.2913	-39.865	22.921
-4.0071	12.81	11.778	-9.2446	-4.0863	2.9899	2.637	-6.4079	-5.1872	4.2428	-0.67831	-1.6921	1.3579	-0.19769	-15.765	-109.87	-41.63	27.367	-16.442	33.41	28.505	-15.492	-24.31	-5.5219	4.2173	-15.626	-4.1609	-3.7443
-4.4915	7.3956	13.341	-7.8919	-4.0817	3.7254	2.0053	-7.3275	-4.8432	3.8501	-0.69037	-2.3735	1.3832	-0.56162	-19.376	-216.59	62.504	54.106	0.18525	29.417	-25.268	-36.784	13.76	-15.708	-0.48242	-27.255	1.0128	-14.557
-4.6837	-0.15464	13.143	-6.4193	-4.0088	4.9668	-1.6074	-6.7354	-3.2329	3.753	-1.584	-1.2053	1.6111	-0.27219	-7.6876	-302.01	-7.9384	58.906	2.9169	49.657	-144.51	23.684	64.413	-3.8859	-35.745	46.726	9.1155	11.577
-5.0748	1.9526	11.927	-8.2405	-3.258	3.8091	-3.5225	-6.4632	-2.6316	4.4096	-2.2383	-0.74228	2.8633	-1.1225	-15.644	84.288	-48.616	-72.849	30.033	-46.308	-76.606	10.887	24.05	26.263	-26.171	18.521	50.09	-34.014
-4.733	6.8816	4.8995	-4.1147	-0.60547	-1.549	0.42019	-5.9276	1.7461	1.5168	-1.4624	-0.06168	1.1304	-0.69731	13.67	197.16	-281.11	165.03	106.1	-214.32	157.71	21.425	175.11	-115.71	31.036	27.224	-69.317	17.009
-4.764	17.804	7.2782	-8.6442	-0.44575	-2.2857	-2.5619	-3.4695	1.715	1.4207	-1.0969	-0.11536	0.094632	-1.8778	-1.24	436.89	95.149	-181.18	6.3887	-29.469	-119.28	98.325	-1.2423	-3.8452	14.62	-2.147	-41.431	-47.221
-4.0647	13.596	4.9433	-10.072	0.47746	-0.96027	-2.0623	0.899	2.4055	0.23759	0.040156	-0.24677	-0.27421	-1.2426	27.973	-168.31	-93.397	-57.127	36.928	53.017	19.982	174.74	27.621	-47.325	45.48	-5.2564	-14.754	25.412
-3.8356	32.698	5.4614	-12.69	0.13823	-1.7242	-1.7317	1.3773	2.5572	0.63259	-1.3119	-0.99672	-0.077319	-1.2951	9.1616	764.06	20.725	-104.71	-13.569	-30.556	13.226	19.133	6.0662	15.8	-54.081	-29.998	7.8758	-2.1009
-3.3808	36.956	3.1849	-12.422	0.06696	-1.5571	-0.70826	2.2799	2.881	-0.055541	-1.3306	-1.1715	0.094147	-0.27936	18.193	170.34	-91.06	10.708	-2.851	6.6811	40.937	36.103	12.953	-27.525	-0.74825	-6.9916	6.8586	40.628
-3.5001	31.719	2.5377	-8.1829	-2.4445	-2.1502	0.16398	2.7964	3.3697	-0.17271	-1.4418	0.16027	0.83055	0.28738	-4.7697	-209.51	-25.886	169.58	-100.46	-23.723	34.89	20.662	19.546	-4.6866	-4.4503	53.271	29.456	22.67
-3.9356	27.07	2.5409	-6.9001	-2.1167	-0.54993	1.3912	2.3209	2.3064	0.56006	-1.5541	-0.31245	0.73093	0.10127	-17.423	-185.95	0.12637	51.312	13.111	64.011	49.087	-19.022	-42.531	29.311	-4.4928	-18.909	-3.985	-7.4443
-4.0597	26.175	3.0843	-6.4497	-2.9187	-0.28504	2.3515	2.6924	2.0511	-1.1101	-0.32079	-0.59687	0.40138	-0.27208	-4.964	-35.786	21.738	18.015	-32.08	10.596	38.412	14.86	-10.211	-66.806	49.334	-11.377	-13.182	-14.934
-4.0167	27.488	2.8248	-7.2023	-3.0266	0.96061	2.692	1.5646	1.5255	-2.0085	1.7541	-1.7629	-0.14652	0.67693	1.7221	52.509	-10.382	-30.107	-4.3177	49.826	13.622	-45.114	-21.026	-35.936	82.996	-46.643	-21.916	37.96
-3.9823	25.709	3.564	-6.9253	-2.8644	-0.71715	3.1219	3.3259	0.25744	-3.0295	2.0716	-0.4026	-1.6781	0.60602	1.376	-71.166	29.568	11.083	6.4886	-67.11	17.193	70.455	-50.721	-40.839	12.7	54.414	-61.264	-2.8362
-3.9419	24.295	4.7312	-7.054	-3.2514	-1.8294	4.029	3.3275	-1.1584	-2.482	2.324	-0.64671	-1.4049	0.094624	1.6166	-56.538	46.688	-5.1477	-15.48	-44.49	36.285	0.064439	-56.635	21.899	10.096	-9.7647	10.93	-20.456
-3.8167	22.27	6.4717	-7.1313	-5.4327	-2.8838	6.0483	2.7502	-2.5546	-0.57149	0.58893	-0.49593	0.19994	-0.95554	5.0056	-81.024	69.622	-3.0957	-87.251	-42.175	80.774	-23.095	-55.848	76.421	-69.403	6.0315	64.192	-42.006
-3.6461	22.443	5.9264	-6.4304	-7.5006	-3.5427	4.8801	3.6649	-2.8902	0.73882	-0.46483	0.9502	0.36395	-2.1349	6.8271	6.9414	-21.814	28.039	-82.717	-26.359	-46.729	36.59	-13.421	52.412	-42.15	57.845	6.5602	-47.174
-3.8733	15.927	7.9709	-9.3266	-7.9841	-3.6057	3.7114	3.6322	-0.44877	-0.86084	0.82985	1.2547	0.40653	-1.9503	-9.0881	-260.65	81.78	-115.85	-19.339	-2.5176	-46.75	-1.3068	97.656	-63.986	51.787	12.179	1.7035	7.3844
-4.3716	10.212	8.2613	-6.8255	-6.8779	-3.2779	4.0314	2.219	-1.0912	-1.5326	-0.050047	1.1908	0.44819	-3.0039	-19.933	-228.59	11.618	100.04	44.246	13.109	12.801	-56.529	-25.699	-26.869	-35.196	-2.5554	1.6665	-42.144
-4.9722	12.55	9.4399	-5.9481	-5.9442	-4.5423	4.5445	-0.82998	-0.67486	-1.7532	-2.3459	2.5199	-0.0089987	-3.6478	-24.026	93.49	47.145	35.097	37.349	-50.574	20.524	-121.96	16.655	-8.8233	-91.835	53.163	-18.288	-25.757
-5.2825	-3.6099	7.4081	-0.47973	-5.2029	-3.1778	4.1485	0.49332	-0.40051	-2.196	-2.1434	3.643	0.067817	-2.3424	-12.41	-646.38	-81.274	218.73	29.654	54.581	-15.841	52.932	10.974	-17.713	8.1003	44.925	3.0726	52.215
-6.4127	-10.544	9.3892	4.5251	-5.333	-1.6488	4.7499	-1.2747	1.7612	-4.1371	-2.2591	1.8304	-0.83317	-0.031423	-45.207	-277.35	79.244	200.19	-5.2054	61.157	24.057	-70.723	86.468	-77.645	-4.627	-72.503	-36.04	92.439
-6.9259	-24.664	5.4731	6.2174	-3.3444	-1.1051	5.0796	0.58221	1.4638	-5.4354	-3.966	1.7746	-0.56575	-0.09121	-20.528	-564.83	-156.64	67.691	79.543	21.75	13.19	74.278	-11.895	-51.932	-68.276	-2.2327	10.697	-2.3915
-8.957	-44.806	-0.28591	7.5967	2.2722	2.9923	2.5651	1.2567	-1.8462	-1.1934	-2.1417	-0.44641	-0.74313	-1.0535	-81.247	-805.67	-230.36	55.173	224.67	163.9	-100.58	26.981	-132.4	169.68	72.97	-88.84	-7.0952	-38.492
-10.385	-54.486	-5.4563	6.8916	2.1768	3.5085	3.0844	1.4054	-0.43425	-0.11865	-1.2693	-0.82432	-0.16718	-1.3149	-57.111	-387.21	-206.81	-28.204	-3.816	20.647	20.774	5.9447	56.476	42.991	34.9	-15.116	23.038	-10.455
-12.72	-62.208	-10.594	3.0934	0.417	2.8686	2.3554	2.4782	-1.337	-0.66447	-1.9014	0.95158	0.1037	-0.99114	-93.416	-308.86	-205.49	-151.93	-70.392	-25.595	-29.162	42.914	-36.112	-21.833	-25.285	71.036	10.835	12.949
-13.579	-65.527	-14.16	0.90077	-3.0887	0.83581	2.3887	0.50935	-1.5101	-0.80634	-2.9492	-0.57866	-0.18152	-0.97386	-34.355	-132.76	-142.65	-87.705	-140.23	-81.312	1.3339	-78.754	-6.9226	-5.6749	-41.913	-61.21	-11.409	0.69143
-13.699	-68.024	-15.934	-0.54883	-1.025	3.4069	3.4939	1.4352	-3.209	-1.744	-0.61515	1.1851	0.079843	0.11529	-4.7831	-99.894	-70.947	-57.984	82.549	102.84	44.206	37.034	-67.954	-37.505	93.362	70.55	10.454	43.566
-6.19	-3.4344	-0.40967	-10.831	-7.5292	1.1006	3.1136	-3.314	-2.4358	-2.6639	2.3633	1.1303	0.97151	-1.5466	300.35	2583.6	620.95	-411.29	-260.17	-92.251	-15.21	-189.97	30.926	-36.798	119.14	-2.1932	35.666	-66.477
-5.9857	9.5825	-1.1196	-10.663	-9.3959	1.6519	3.3684	-2.9217	-2.1651	-2.1525	2.1662	0.70353	0.91154	-0.7803	8.169	520.68	-28.395	6.7225	-74.665	22.052	10.189	15.689	10.827	20.458	-7.8837	-17.069	-2.3988	30.653
-6.6571	-0.62199	-3.9756	-6.1626	-10.709	2.9666	2.911	-2.3317	-3.4116	0.40116	1.0669	-1.2154	0.5292	-0.07934	-26.855	-408.18	-114.24	180.02	-52.536	52.589	-18.293	23.603	-49.861	102.15	-43.973	-76.759	-15.293	28.038
-7.5702	-2.1666	-6.7256	-6.1539	-5.6568	4.1929	1.1613	-3.7617	-3.8832	0.75932	2.3796	-2.0121	0.3185	0.75759	-36.523	-61.783	-110	0.35154	202.1	49.051	-69.99	-57.202	-18.863	14.327	52.507	-31.867	-8.4282	33.477
-7.0085	-8.5348	-11.1	-4.3163	1.6034	7.1483	3.7072	-2.5824	-1.3207	2.5102	1.7134	-2.5462	0.15884	0.73533	22.467	-254.73	-174.96	73.5	290.41	118.22	101.83	47.172	102.5	70.036	-26.646	-21.361	-6.3865	-0.89042
-5.4386	2.7894	-0.2469	-0.22781	4.255	7.4324	2.1256	-2.8805	-2.172	0.78757	-0.11055	-2.3695	0.71296	1.1674	62.798	452.97	434.11	163.54	106.06	11.367	-63.262	-11.922	-34.052	-68.906	-72.96	7.0662	22.165	17.284
-4.2646	5.973	7.1564	-0.63368	3.3205	6.9107	0.97105	-4.7974	-3.7082	1.5693	-1.3142	-1.5469	2.5088	1.7766	46.957	127.35	296.13	-16.234	-37.38	-20.868	-46.182	-76.676	-61.45	31.269	-48.144	32.904	71.834	24.368
-3.5139	3.6132	11.316	1.1578	3.1848	2.8756	0.95255	-3.4049	-4.2205	1.4501	-2.233	-1.2977	2.8802	0.58392	30.03	-94.393	166.39	71.661	-5.4273	-161.41	-0.74012	55.698	-20.492	-4.7693	-36.754	9.97	14.854	-47.708
-3.1111	6.8917	12.082	0.28455	2.8536	1.5947	1.6115	-4.661	-3.947	1.8729	-2.6231	-0.60749	2.6713	0.29726	16.112	131.14	30.641	-34.931	-13.251	-51.234	26.358	-50.241	10.939	16.914	-15.603	27.607	-8.3546	-11.466
-2.9202	8.7321	12.437	-0.40657	2.7812	2.0804	0.51139	-4.7555	-2.7286	0.65017	-2.5726	-0.34142	3.4793	-0.6529	7.638	73.613	14.215	-27.645	-2.896	19.429	-44.004	-3.7819	48.737	-48.911	2.0187	10.643	32.319	-38.006
-2.9214	10.002	11.201	-0.19414	4.0158	1.969	-1.0435	-5.0664	-1.0722	0.025689	-2.796	0.00053566	3.4256	-0.5059	-0.050772	50.817	-49.45	8.4972	49.384	-4.4569	-62.196	-12.436	66.257	-24.979	-8.9345	13.678	-2.1451	5.8802
-3.0318	13.167	9.3068	-0.88636	5.4351	1.4435	-0.83417	-5.4042	-1.1946	0.95071	-3.8288	1.0517	2.9006	-0.1301	-4.4153	126.57	-75.775	-27.689	56.774	-21.021	8.3733	-13.513	-4.8947	37.001	-41.312	42.045	-21	15.032
-3.1085	13.812	7.8244	-0.17147	5.5726	1.3307	-0.31561	-6.3154	-0.27084	0.48451	-4.0555	1.1182	2.8282	0.054008	-3.0653	25.79	-59.298	28.596	5.4975	-4.5122	20.743	-36.449	36.949	-18.648	-9.0682	2.662	-2.8989	7.3642
-3.2081	12.461	7.0775	0.65936	5.068	2.0963	-0.44589	-5.8062	-0.00024103	-1.2107	-3.205	1.2328	1.9782	0.30726	-3.9866	-54.021	-29.875	33.233	-20.184	30.623	-5.2113	20.372	10.824	-67.81	34.021	4.5833	-33.998	10.13
-3.2705	13.851	4.8647	0.97099	5.474	2.1104	1.0428	-6.5431	-0.29028	-1.8709	-2.9812	1.3301	0.87487	1.1341	-2.4954	55.593	-88.515	12.465	16.243	0.56417	59.548	-29.479	-11.601	-26.407	8.952	3.8909	-44.134	33.072
-3.3843	10.061	6.5481	0.6556	5.3474	2.2599	0.75814	-5.7779	-0.16789	-2.8171	-2.3415	0.93962	-0.18674	1.9044	-4.553	-151.59	67.339	-12.616	-5.0664	5.9801	-11.387	30.61	4.8957	-37.849	25.588	-15.618	-42.464	30.812
-3.5079	8.921	6.3372	1.9584	4.1809	1.7616	2.3211	-6.2673	-0.060093	-3.2228	-1.0457	-0.48845	-0.49921	1.6084	-4.9449	-45.608	-8.4388	52.111	-46.66	-19.932	62.519	-19.577	4.3117	-16.227	51.831	-57.123	-12.499	-11.838
-3.7211	6.8516	6.8874	2.6949	2.474	1.8083	2.9231	-5.7949	-0.42653	-3.6025	-0.25152	-0.57612	-1.0463	1.1849	-8.526	-82.776	22.011	29.46	-68.274	1.8674	24.08	18.896	-14.658	-15.187	31.767	-3.5065	-21.883	-16.942
-4.0766	5.0943	7.2603	3.9426	0.15669	2.8625	1.8548	-5.9517	1.0051	-2.7367	-0.67144	-0.66292	-1.6151	1.4753	-14.22	-70.292	14.915	49.91	-92.694	42.17	-42.733	-6.273	57.265	34.632	-16.797	-3.472	-22.752	11.617
-4.6665	3.8123	4.5955	4.2632	1.9198	2.0562	1.4945	-4.3322	0.79312	-0.884	0.073774	-1.3445	-1.8349	1.3084	-23.598	-51.28	-106.59	12.823	70.524	-32.254	-14.412	64.78	-8.4783	74.108	29.809	-27.264	-8.7937	-6.6749
-5.4981	1.6247	2.4505	3.6123	1.6711	2.8573	2.0617	-2.3492	1.0861	-0.079788	1.3813	-0.22403	-2.5812	1.3918	-33.261	-87.502	-85.798	-26.034	-9.948	32.047	22.688	79.322	11.72	32.168	52.302	44.82	-29.851	3.3349
-6.1334	0.16059	-0.31188	0.62858	0.26356	5.0627	3.5892	-0.1741	-0.43829	0.13696	1.376	-0.23327	-3.5322	2.5732	-25.414	-58.566	-110.5	-119.35	-56.301	88.214	61.1	87.003	-60.977	8.6699	-0.2131	-0.36976	-38.038	47.255
-6.601	-0.85847	-0.1143	-1.4089	1.2876	4.3252	1.0377	-0.088963	0.69551	0.14407	0.89024	-2.1397	-1.2927	2.116	-18.702	-40.763	7.9031	-81.498	40.96	-29.499	-102.06	3.4055	45.352	0.28458	-19.43	-76.256	89.579	-18.289
-6.6775	-0.097159	0.11106	-3.2791	0.067966	2.8918	2.1202	1.2112	0.47141	0.35111	2.2987	-1.136	-1.4534	1.6686	-3.0637	30.453	9.0144	-74.811	-48.784	-57.336	43.3	52.008	-8.964	8.2816	56.338	40.145	-6.4254	-17.894
-6.3348	0.47449	0.15462	-3.0036	-1.1558	3.7023	3.6637	0.34785	0.64908	0.031862	2.4242	-0.23651	-1.3018	1.4859	13.708	22.866	1.7424	11.02	-48.95	32.418	61.74	-34.535	7.1068	-12.77	5.0213	35.981	6.064	-7.3102
-6.0758	4.2176	1.0764	-2.0996	1.4983	3.1587	3.0673	-0.43365	-0.15759	0.014769	1.4082	0.043891	-2.6922	1.192	10.362	149.73	36.871	36.16	106.16	-21.744	-23.856	-31.26	-32.267	-0.68374	-40.642	11.216	-55.619	-11.753
-5.7687	6.4535	0.9057	-2.2293	1.2718	3.2175	3.5237	-0.064379	0.85549	-0.83958	1.1945	1.8688	-1.3218	-0.58361	12.282	89.436	-6.8276	-5.1863	-9.0587	2.3523	18.253	14.771	40.523	-34.174	-8.5458	72.997	54.817	-71.026
-5.3729	7.9675	4.3981	-1.9015	-0.69785	3.4519	3.5188	-0.57915	-0.17986	0.66254	2.217	1.536	-0.80654	-1.1263	15.833	60.557	139.7	13.112	-78.788	9.3775	-0.19405	-20.591	-41.414	60.085	40.898	-13.314	20.61	-21.708
-5.103	8.3424	3.6774	1.6431	-2.6677	4.6078	3.6142	-1.9609	-2.2916	2.0918	1.4539	2.6309	-0.73589	-1.9557	10.797	14.998	-28.831	141.78	-78.793	46.234	3.8141	-55.272	-84.468	57.171	-30.523	43.796	2.8259	-33.175
-4.6977	3.4857	10.584	-0.36314	-3.8545	2.5713	4.1384	-2.4065	-0.82374	1.5073	1.2402	0.56475	0.23869	-1.8195	16.213	-194.27	276.28	-80.25	-47.472	-81.459	20.968	-17.822	58.713	-23.379	-8.5481	-82.645	38.983	5.4475
-4.3692	3.8176	15.759	0.24349	-7.0514	0.78209	3.7909	-3.747	-1.6883	2.2075	0.9711	-0.74826	0.45362	0.32567	13.14	13.275	206.98	24.265	-127.88	-71.569	-13.898	-53.62	-34.583	28.004	-10.764	-52.521	8.5972	85.806
-4.1973	-0.49586	17.505	0.59003	-7.9627	-0.30459	3.2703	-3.0208	-3.3308	1.1799	2.2167	-0.055916	0.12053	-1.1382	6.8745	-172.54	69.852	13.862	-36.452	-43.467	-20.823	29.048	-65.701	-41.1	49.826	27.694	-13.324	-58.555
-4.0895	-3.097	18.209	2.0112	-10.58	-0.29423	4.4622	-2.8517	-5.1248	1.0987	2.5347	-0.30567	0.34144	1.0202	4.3125	-104.05	28.17	56.846	-104.69	0.41454	47.675	6.7616	-71.76	-3.2497	12.718	-9.9903	8.8366	86.335
-4.0591	-3.6204	17.517	1.4795	-9.411	0.05148	4.2508	-3.157	-4.7206	0.62956	1.9511	0.60444	0.34314	0.5177	1.2169	-20.935	-27.703	-21.269	46.758	13.828	-8.4541	-12.208	16.17	-18.766	-23.343	36.405	0.068017	-20.1
-4.2046	-5.6749	16.079	3.0541	-8.8674	0.62394	4.32	-3.6516	-5.3375	0.53645	2.5922	0.80538	-0.11675	0.14381	-5.8233	-82.181	-57.504	62.985	21.745	22.898	2.767	-19.784	-24.676	-3.7247	25.643	8.0378	-18.396	-14.956
-4.3055	-7.6833	16.889	3.2581	-9.6369	0.5018	5.0283	-2.9803	-5.0369	-0.42323	2.4589	0.82118	0.54917	0.5944	-4.0339	-80.335	32.384	8.1604	-30.783	-4.8857	28.333	26.852	12.022	-38.387	-5.3316	0.63195	26.637	18.024
-4.3133	-5.8778	17.144	1.5889	-8.2986	0.87405	4.0307	-3.9889	-4.3629	0.55736	2.9125	0.36731	0.16528	0.13396	-0.31342	72.22	10.232	-66.77	53.533	14.89	-39.905	-40.345	26.962	39.224	18.142	-18.155	-15.355	-18.418
-4.0955	-0.36533	16.617	-0.37656	-8.084	1.0058	2.6533	-3.1949	-4.1026	1.6189	2.2446	0.68073	-0.26999	0.50741	8.7135	220.5	-21.113	-78.617	8.5865	5.2717	-55.097	31.759	10.412	42.463	-26.714	12.537	-17.411	14.938
-3.9281	4.0225	15.525	-1.6516	-6.7166	1.5208	0.35403	-4.482	-0.97864	3.1859	0.59839	0.36946	-0.067419	0.51363	6.696	175.51	-43.673	-51.002	54.693	20.598	-91.97	-51.485	124.96	62.679	-65.848	-12.451	8.1026	0.24854
-3.7216	7.7724	14.137	-3.3337	-4.5719	0.18702	-0.14336	-3.9758	0.5889	4.0685	-0.4479	-0.57673	0.089515	-0.29821	8.2588	150	-55.51	-67.285	85.79	-53.351	-19.896	20.25	62.702	35.305	-41.852	-37.848	6.2774	-32.473
-3.4637	16.84	11.965	-6.9601	-3.3814	-0.61659	-0.21745	-2.3858	1.9261	2.2131	0.23001	-0.75748	0.59833	-1.4102	10.318	362.71	-86.871	-145.05	47.619	-32.144	-2.9637	63.6	53.488	-74.217	27.116	-7.23	20.353	-44.478
-3.1988	21.36	9.2032	-5.4809	-3.3096	-2.5362	-0.32463	-1.3423	4.0589	1.2492	-0.87469	-1.5696	1.733	-1.8378	10.595	180.8	-110.48	59.166	2.8743	-76.784	-4.287	41.738	85.311	-38.559	-44.188	-32.487	45.388	-17.106
-2.9898	24.266	9.0242	-6.5956	-5.7947	-1.8854	0.86748	-0.9705	2.8553	0.85364	0.32911	-1.5826	0.52312	-1.3629	8.3594	116.25	-7.1591	-44.586	-99.405	26.032	47.684	14.873	-48.143	-15.82	48.152	-0.51752	-48.397	18.996
-2.898	30.474	6.3174	-8.5246	-5.0849	-1.9628	-0.22186	-0.52631	3.9583	-0.28925	1.3153	-1.3544	-0.22716	-1.0625	3.6721	248.3	-108.27	-77.161	28.393	-3.0968	-43.574	17.767	44.118	-45.716	39.448	9.1279	-30.011	12.016
-3.0185	32.426	4.9601	-10.332	-5.3021	-0.29094	-0.0038232	-1.2449	3.3296	0.69829	1.0022	-1.23	0.39365	-2.0966	-4.8194	78.093	-54.291	-72.294	-8.688	66.875	8.7214	-28.743	-25.147	39.502	-12.525	4.9769	24.832	-41.366
-3.5709	21.94	7.5821	-8.2574	-5.1243	-0.061771	-0.62781	-1.1599	1.5691	1.2737	1.1586	-0.78078	0.3929	-2.3459	-22.096	-419.45	104.88	82.984	7.1096	9.1668	-24.959	3.4012	-70.418	23.015	6.2562	17.967	-0.030014	-9.9698
-4.2546	13.02	8.9568	-6.0356	-2.7535	0.42941	-1.4379	-2.6909	-0.50219	0.054778	0.91377	-0.40496	0.47349	-2.8611	-27.349	-356.78	54.991	88.87	94.833	19.647	-32.402	-61.24	-82.853	-48.755	-9.7931	15.033	3.2238	-20.606
-5.6502	-6.5672	8.505	-2.3122	-3.6907	2.6709	1.2937	-2.9708	-2.8795	-0.9538	0.31588	0.10732	0.86087	-1.9482	-55.822	-783.51	-18.074	148.94	-37.486	89.66	109.26	-11.199	-95.091	-40.343	-23.916	20.491	15.495	36.516
-8.0829	-41.366	0.41597	4.5931	-0.96563	3.4767	3.7888	1.1575	-3.5257	-0.81174	-1.2043	-0.30366	0.013142	-1.8222	-97.309	-1392	-323.56	276.21	109	32.233	99.804	165.13	-25.848	5.6825	-60.806	-16.439	-33.909	5.0388
-11.483	-52.388	-14.037	-1.5404	3.048	0.40394	3.3692	0.66834	-3.904	-2.5279	-2.2209	-0.62339	-1.0555	-1.1567	-136	-440.86	-578.13	-245.34	160.54	-122.91	-16.783	-19.566	-15.135	-68.647	-40.666	-12.789	-42.748	26.618
-12.35	-47.331	-19.827	-3.5328	-0.13528	-1.1981	3.1012	1.9341	-0.85466	1.0306	-0.20557	0.55513	-0.4481	0.17037	-34.671	202.25	-231.61	-79.694	-127.33	-64.082	-10.721	50.63	121.98	142.34	80.614	47.141	24.298	53.085
-12.417	-53.137	-20.579	-1.5035	-0.62169	0.1574	3.4664	0.63847	-1.4512	-0.62115	-0.83495	0.30066	-0.0035472	-0.41687	-2.6745	-232.22	-30.062	81.171	-19.457	54.221	14.609	-51.824	-23.862	-66.072	-25.175	-10.179	17.782	-23.49
-12.803	-56.975	-19.834	-0.64965	-0.56686	0.96539	4.2027	1.8673	-0.41456	-0.0094583	-1.2431	0.10919	0.41601	-1.0171	-15.464	-153.52	29.785	34.155	2.1933	32.32	29.454	49.152	41.466	24.468	-16.325	-7.6589	16.782	-24.011
-13.454	-65.905	-19.856	-0.93181	-0.58037	0.26242	3.5088	2.3622	-0.49488	0.9725	-0.75256	-0.0018	1.4461	0.18379	-26.027	-357.21	-0.88697	-11.287	-0.54033	-28.119	-27.757	19.796	-3.2126	39.278	19.62	-4.4395	41.204	48.037
-8.0896	-7.3708	-10.135	-3.0764	0.49848	-0.69539	2.5284	2.9384	-3.9265	1.07	0.73516	0.85463	2.7617	-0.23867	214.57	2341.4	388.84	-85.782	43.154	-38.312	-39.217	23.05	-137.26	3.9	59.509	34.257	52.624	-16.898
-7.739	5.7837	-10.19	-3.5419	-0.31154	0.90023	3.139	0.70202	-5.0639	1.5689	1.0203	1.781	1.7566	1.114	14.027	526.18	-2.1953	-18.623	-32.401	63.825	24.423	-89.457	-45.498	19.957	11.406	37.054	-40.203	54.106
-7.3007	-5.2784	-4.7961	-7.8719	-1.819	1.77	4.682	1.7696	-2.0716	-0.25795	0.74181	3.0481	1.0523	0.46745	17.533	-442.48	215.77	-173.2	-60.298	34.789	61.722	42.703	119.69	-73.075	-11.14	50.684	-28.173	-25.861
-6.5434	-14.365	8.7579	0.099325	-2.1783	1.5201	5.6384	3.7419	-3.2728	-1.3215	-1.2778	3.9701	1.3587	-1.4539	30.29	-363.45	542.16	318.85	-14.374	-9.9932	38.257	78.89	-48.051	-42.542	-80.784	36.883	12.254	-76.856
-5.4717	-14.634	15.978	2.9343	-7.3653	1.133	4.8232	1.3265	-5.5761	-0.66771	1.0344	2.0145	0.51499	-0.89835	42.866	-10.78	288.79	113.4	-207.48	-15.484	-32.611	-96.614	-92.13	26.151	92.49	-78.224	-33.747	22.224
-4.6525	-9.5086	17.667	3.5605	-8.0393	0.52125	3.1906	-1.5911	-5.3586	1.4544	1.4904	0.52237	0.66131	0.65721	32.768	205.02	67.567	25.049	-26.961	-24.471	-65.304	-116.7	8.6982	84.884	18.239	-59.687	5.8529	62.222
-4.1476	0.81632	16.861	-1.6707	-5.5492	1.122	1.2964	-3.0344	-3.4359	4.6533	0.9328	-1.3331	1.5009	0.15274	20.198	413	-32.252	-209.25	99.604	24.029	-75.766	-57.733	76.909	127.96	-22.305	-74.219	33.582	-20.179
-3.9758	7.4173	13.696	-2.4002	-1.0618	0.47808	-2.546	-2.351	-0.074217	3.0853	0.099756	-1.8148	1.9501	-0.61765	6.8702	264.04	-126.6	-29.178	179.5	-25.756	-153.7	27.338	134.47	-62.718	-33.322	-19.269	17.969	-30.815
-4.0549	12.089	9.1462	-3.2143	3.1776	1.3618	-5.9372	-1.6776	3.002	0.4992	-0.09667	-2.2358	2.4524	-0.96078	-3.1617	186.86	-181.97	-32.566	169.58	35.35	-135.65	26.937	123.05	-103.45	-7.857	-16.84	20.094	-13.725
-4.2451	11.997	5.5287	-0.021567	6.4678	-1.9881	-6.4121	-0.15839	4.2325	-1.2733	-0.85095	-1.2115	1.7736	-1.0873	-7.6097	-3.6762	-144.7	127.71	131.61	-134	-18.996	60.767	49.217	-70.902	-30.171	40.974	-27.154	-5.0611
-4.4794	9.9341	2.086	4.5139	8.7085	-6.633	-5.1068	1.6994	3.9775	-2.5419	-0.65855	-1.1989	1.5996	-0.87456	-9.3733	-82.514	-137.71	181.42	89.629	-185.79	52.212	74.314	-10.197	-50.743	7.696	0.50346	-6.9613	8.5096
-4.888	1.8652	1.683	8.8591	7.627	-6.5245	-5.1369	4.3094	1.9809	-3.6345	0.33453	-1.2017	-0.1097	-0.46666	-16.342	-322.76	-16.12	173.81	-43.261	4.34	-1.2038	104.4	-79.864	-43.702	39.723	-0.11298	-68.37	16.316
-5.3938	-11.846	3.9839	10.717	4.5262	-3.005	-4.3116	3.7984	2.7346	-3.3925	-0.81522	-1.8163	-2.7112	2.3074	-20.234	-548.45	92.036	74.329	-124.03	140.78	33.013	-20.436	30.146	9.6801	-45.99	-24.581	-104.06	110.96
-5.6811	-14.812	6.8949	9.0317	1.5419	-0.049263	-3.2301	2.4048	3.403	-4.6136	-0.87549	-1.1797	-2.6198	2.6601	-11.49	-118.64	116.44	-67.425	-119.37	118.23	43.26	-55.747	26.738	-48.843	-2.4107	25.464	3.6563	14.107
-5.6679	-17.631	7.5769	9.0115	2.419	-1.1494	-1.8205	1.9271	2.1727	-3.4226	-0.77302	-0.8794	-2.8514	1.9641	0.52779	-112.74	27.281	-0.80809	35.082	-44.005	56.384	-19.105	-49.213	47.64	4.0986	12.01	-9.2645	-27.839
-5.565	-8.0417	0.099434	10.697	4.2847	-2.983	-0.5118	3.0159	-1.0455	-0.99261	-0.94247	-2.9082	-0.5682	1.0874	4.1142	383.56	-299.1	67.414	74.629	-73.346	52.347	43.552	-128.73	97.198	-6.778	-81.154	91.328	-35.069
-5.1862	7.3393	-4.6537	8.9689	6.494	-3.7856	-1.4418	2.326	-2.802	-0.95438	0.74547	-0.66443	-0.54006	0.30662	15.152	615.24	-190.13	-69.119	88.372	-32.101	-37.2	-27.596	-70.262	1.5293	67.518	89.752	1.1257	-31.23
-4.885	4.0806	-3.7738	13.247	8.9391	-7.8988	-3.8127	4.1984	-0.91445	-2.2426	0.73459	-0.7135	-0.26768	-1.023	12.049	-130.35	35.199	171.14	97.804	-164.53	-94.837	74.896	75.503	-51.53	-0.43538	-1.9628	10.895	-53.187
-4.8377	5.728	-3.7003	12.969	7.5331	-6.1202	-3.8366	3.1585	-0.21635	-2.9344	1.7537	-1.3375	-0.024144	-1.0952	1.8917	65.898	2.9372	-11.134	-56.24	71.144	-0.95444	-41.599	27.924	-27.671	40.765	-24.959	9.7413	-2.8864
-4.8822	5.8601	-3.2227	12.11	8.7608	-7.4396	-3.5212	2.6021	0.10484	-1.8955	0.66924	-1.3099	0.55963	-1.5425	-1.7827	5.2827	19.105	-34.347	49.111	-52.774	12.616	-22.254	12.847	41.558	-43.379	1.1033	23.351	-17.891
-4.8467	5.4874	-3.2176	12.126	8.129	-6.594	-3.6497	3.7769	-0.69654	-2.663	0.51444	0.013459	-0.56058	-2.0719	1.4207	-14.908	0.20264	0.61192	-25.274	33.821	-5.1422	46.994	-32.055	-30.702	-6.1918	52.934	-44.808	-21.175
-4.9354	2.2952	-3.9606	12.892	9.9528	-7.8796	-4.0706	5.1478	-1.0581	-3.0818	1.4568	-0.55338	-1.6297	-1.2553	-3.5478	-127.69	-29.721	30.657	72.954	-51.422	-16.834	54.832	-14.461	-16.75	37.695	-22.673	-42.764	32.661
-5.3171	-4.1401	-2.8166	14.114	8.7957	-6.981	-3.4869	5.13	-0.65474	-3.6733	1.133	-0.76623	-0.76697	-0.57398	-15.267	-257.41	45.763	48.871	-46.287	35.943	23.346	-0.70979	16.133	-23.66	-12.952	-8.5143	34.508	27.254
-5.7849	-8.3412	-2.5428	11.668	8.5047	-5.0487	-2.5957	6.6865	-1.8178	-3.115	0.36433	-1.3105	-2.1583	0.61543	-18.711	-168.05	10.953	-97.828	-11.638	77.294	35.65	62.262	-46.524	22.33	-30.747	-21.771	-55.652	47.576
-5.9594	-15.195	1.7499	8.4155	6.5654	-2.8342	-2.0928	6.5517	-0.75998	-2.9808	-0.48175	-2.0361	-2.7137	1.3239	-6.982	-274.15	171.71	-130.11	-77.573	88.578	20.116	-5.3938	42.314	5.3706	-33.843	-29.022	-22.219	28.34
-6.04	-14.776	1.7809	7.461	7.7336	-3.1634	-4.3737	8.5066	-0.39514	-3.7319	-0.80038	-1.6781	-4.255	0.74325	-3.2243	16.768	1.2397	-38.177	46.731	-13.169	-91.236	78.198	14.594	-30.045	-12.746	14.318	-61.651	-23.227
-6.1602	-11.312	-0.94425	11.893	8.3053	-5.1852	-4.1521	6.9898	0.41763	-1.6937	-1.4675	-1.6361	-3.5216	0.29191	-4.8048	138.56	-109	177.27	22.865	-80.872	8.8622	-60.673	32.511	81.528	-26.685	1.6809	29.337	-18.054
-5.976	-5.8288	-2.612	9.5862	9.085	-1.7286	-6.0575	3.8342	1.7306	-1.3429	0.12338	0.86232	-2.0147	0.5546	7.3653	219.32	-66.711	-92.268	31.19	138.26	-76.213	-126.23	52.521	14.031	63.635	99.937	60.274	10.508
-6.0973	6.4345	-2.4969	3.5731	7.6714	-2.0645	-3.9956	2.3178	1.3036	-0.67878	-1.2563	0.7558	-1.3213	0.0018084	-4.8524	490.53	4.6027	-240.52	-56.547	-13.433	82.475	-60.654	-17.081	26.565	-55.188	-4.2609	27.735	-22.112
-6.0594	3.2027	-1.1189	2.776	6.3454	-1.6126	-3.2169	2.0935	2.7575	0.83306	0.053051	1.3863	-0.18527	-0.50662	1.5167	-129.27	55.12	-31.884	-53.037	18.076	31.147	-8.9717	58.155	60.474	52.375	25.222	45.443	-20.337
-6.2094	-4.4619	2.4895	5.6248	2.5	0.46416	-2.1605	-0.85669	2.5337	1.643	0.5977	-2.2541	0.55939	0.5231	-6.0009	-306.59	144.34	113.95	-153.82	83.069	42.256	-118.01	-8.9525	32.397	21.786	-145.62	29.786	41.189
-6.5107	-18.218	2.9603	7.0853	4.0578	2.2486	-1.9423	-1.3634	4.2011	3.3647	-2.3361	-3.7965	-0.53589	2.4951	-12.051	-550.25	18.832	58.421	62.31	71.38	8.73	-20.269	66.696	68.87	-117.35	-61.695	-43.811	78.881
-6.8461	-25.512	5.2107	6.6024	3.7664	2.7362	-2.4259	1.7542	3.731	-0.36899	-2.8588	-3.1563	-0.78529	1.3036	-13.417	-291.75	90.019	-19.319	-11.654	19.501	-19.348	124.7	-18.803	-149.35	-20.907	25.608	-9.9762	-47.659
-6.8849	-24.757	4.5907	5.9979	4.216	2.997	-2.7804	2.3779	3.5797	-1.6444	-2.3631	-2.0933	-1.9141	0.79445	-1.5527	30.181	-24.803	-24.178	17.985	10.435	-14.179	24.95	-6.0506	-51.017	19.826	42.518	-45.153	-20.367
-6.9808	-25.562	2.9846	7.1558	4.991	1.7625	-2.052	3.4407	4.1888	-2.334	-3.0181	-2.501	-1.1354	1.0379	-3.8345	-32.202	-64.242	46.316	30.997	-49.382	29.136	42.511	24.364	-27.584	-26.197	-16.307	31.151	9.7377
-7.2104	-27.572	3.22	6.9178	4.9095	2.2822	-2.1102	2.9257	3.6392	-1.7775	-2.9247	-2.3864	-0.063964	0.2947	-9.1856	-80.397	9.4139	-9.5226	-3.2595	20.786	-2.3252	-20.597	-21.985	22.26	3.7337	4.585	42.856	-29.728
-7.5202	-31.837	3.1157	6.7956	4.4812	3.1233	-2.4946	2.9588	4.2207	-2.2324	-2.8794	-0.90949	-0.43792	0.67646	-12.389	-170.58	-4.1687	-4.8855	-17.13	33.644	-15.375	1.3211	23.262	-18.194	1.8127	59.077	-14.958	15.27
-7.8573	-32.636	1.9919	4.2598	4.0661	4.7735	1.2517	2.6105	-0.47043	-1.5764	-0.30046	1.1019	-1.6589	0.441	-13.487	-31.965	-44.955	-101.43	-16.606	66.011	149.85	-13.93	-187.65	26.237	103.16	80.457	-48.841	-9.4184
-8.5729	-26.165	-3.2906	1.2834	0.071832	7.2608	4.6284	2.4012	-0.97827	-0.21625	0.39951	1.4586	-1.1274	0.071052	-28.622	258.83	-211.3	-119.06	-159.77	99.49	135.07	-8.373	-20.314	54.408	27.999	14.267	21.261	-14.798
-9.7567	-40.327	-7.8217	6.4834	1.922	3.2579	2.9847	1.937	1.0575	0.063073	-2.0292	-1.7787	-1.8563	-1.5438	-47.353	-566.47	-181.25	208	74.006	-160.12	-65.749	-18.567	81.431	11.173	-97.148	-129.49	-29.154	-64.595
-10.954	-48.231	-14.397	2.9668	0.0037692	0.30584	1.537	3.6032	-0.47045	-2.1917	-4.7064	-1.7315	-3.8288	-2.3253	-47.877	-316.18	-263.03	-140.66	-76.728	-118.08	-57.906	66.648	-61.118	-90.192	-107.09	1.8876	-78.901	-31.262
-6.3922	18.657	-10.339	-0.29678	1.0355	1.7148	0.60602	0.72659	-2.5016	-2.1263	-1.5852	1.4894	1.3037	2.361	182.46	2675.5	162.33	-130.54	41.27	56.359	-37.24	-115.06	-81.244	2.6168	124.85	128.84	205.3	187.45
-6.146	19.98	-8.9018	-1.2544	1.9335	0.2668	-0.50797	1.0112	-0.9128	-1.082	-1.647	0.72826	0.6659	1.7296	9.8493	52.908	57.493	-38.306	35.92	-57.92	-44.56	11.384	63.55	41.774	-2.4752	-30.446	-25.514	-25.255
-6.4927	10.032	-10.213	-6.9903	0.72223	-3.9213	-3.4685	2.8658	-0.91353	1.6419	-0.95899	-0.13008	-1.1046	-0.50037	-13.87	-397.89	-52.443	-229.43	-48.452	-167.52	-118.42	74.186	-0.028983	108.96	27.522	-34.334	-70.819	-89.199
-5.9741	13.891	-10.015	-4.536	1.8909	-3.8612	-5.7346	4.4229	-0.22161	1.6166	-1.8449	1.2145	-2.2064	-1.6843	20.747	154.34	7.9091	98.171	46.748	2.404	-90.645	62.284	27.677	-1.0141	-35.438	53.782	-44.073	-47.355
-5.6273	15.671	-10.884	-5.1412	-1.2866	-5.9818	-6.4173	5.0979	0.87026	0.56806	-0.95257	1.3354	-1.8556	-0.42885	13.869	71.201	-34.752	-24.208	-127.1	-84.825	-27.307	26.999	43.675	-41.941	35.695	4.8361	14.032	50.216
-5.4431	16.347	-8.6251	-6.2566	-0.17919	-5.326	-6.3255	4.5213	1.9102	-1.072	-1.8213	-0.096722	-2.46	-1.955	7.3707	27.038	90.353	-44.616	44.296	26.231	3.6709	-23.066	41.598	-65.602	-34.748	-57.284	-24.175	-61.044
-5.4321	14.246	-7.5992	-2.6023	2.7448	-3.0413	-3.9848	4.9603	2.9417	0.39893	0.15177	-0.22562	-3.5135	-2.1869	0.4384	-84.034	41.038	146.17	116.96	91.388	93.628	17.561	41.261	58.837	78.922	-5.156	-42.139	-9.277
-4.7944	19.003	-3.61	0.0225	5.4024	-2.0118	-4.0803	5.1189	2.9578	1.3731	1.4679	1.2954	-0.86727	-1.3337	25.509	190.28	159.57	104.99	106.3	41.18	-3.82	6.3429	0.64459	38.969	52.646	60.843	105.85	34.127
-4.3191	24.284	-0.56186	0.49486	4.4745	-4.6761	-4.5556	3.9191	3.0515	0.75461	2.1773	0.23907	-1.0248	-0.60778	19.01	211.23	121.93	18.894	-37.117	-106.57	-19.012	-47.989	3.7465	-24.741	28.374	-42.255	-6.2996	29.037
-4.2434	20.58	0.72554	0.08925	2.9904	-2.5294	-4.3509	1.3879	3.63	0.82127	1.4845	0.36643	-1.2428	-0.71411	3.0292	-148.15	51.496	-16.224	-59.361	85.865	8.1897	-101.25	23.14	2.6665	-27.711	5.0941	-8.7202	-4.2529
-4.504	16.792	1.1811	1.7728	2.0928	-2.4977	-5.4928	3.088	3.1041	0.25806	1.8272	0.19662	-1.2936	-0.71406	-10.422	-151.53	18.223	67.343	-35.905	1.2686	-45.675	68.002	-21.038	-22.529	13.708	-6.7924	-2.0335	0.0017307
-4.8855	10.959	1.917	2.6605	3.9151	-3.5369	-4.6256	1.8598	3.5899	0.58397	-0.16944	1.5517	-1.2518	-0.24449	-15.262	-233.3	29.433	35.508	72.894	-41.566	34.687	-49.125	19.432	13.037	-79.865	54.204	1.6741	18.783
-5.7145	0.94348	1.9654	3.2343	5.9632	-4.1271	-2.1445	-0.88801	2.7953	1.4761	-1.2132	2.081	-0.86388	-0.24538	-33.16	-400.62	1.9357	22.951	81.92	-23.607	99.242	-109.91	-31.784	35.686	-41.752	21.173	15.515	-0.035873
-6.1269	-2.7153	-2.449	1.2839	6.8958	-0.51646	1.4378	-2.9923	1.5864	2.1477	-0.52157	2.1838	1.3256	-0.40095	-16.495	-146.35	-176.57	-78.018	37.305	144.42	143.29	-84.173	-48.356	26.863	27.667	4.1091	87.579	-6.2225
-5.4749	2.1155	2.3833	1.393	7.3615	-2.4896	-4.3244	-0.55633	2.8801	0.81731	-0.42212	3.2332	-0.62012	0.4231	26.08	193.23	193.29	4.3668	18.63	-78.926	-230.49	97.44	51.749	-53.216	3.978	41.977	-77.828	32.962
-5.0692	7.3855	0.78419	2.6818	7.4315	-5.3533	-3.8011	-0.016434	2.5649	-1.1753	2.1434	1.8713	-1.2915	0.24509	16.225	210.8	-63.964	51.55	2.7972	-114.55	20.934	21.596	-12.608	-79.705	102.62	-54.477	-26.855	-7.1204
-4.9999	8.1246	0.3103	3.3119	6.326	-5.7006	-3.6518	0.64074	1.6817	-1.5106	2.1074	1.8559	-0.66896	-0.47017	2.7737	29.565	-18.956	25.205	-44.218	-13.889	5.9694	26.287	-35.327	-13.411	-1.4422	-0.61246	24.902	-28.61
-4.9781	11.549	-1.3622	5.4355	4.0874	-5.6282	-4.5614	2.6337	0.98646	-2.0733	1.508	1.4851	0.52654	-0.85745	0.87189	136.97	-66.9	84.945	-89.542	2.8937	-36.384	79.717	-27.81	-22.511	-23.974	-14.836	47.82	-15.491
-5.1145	10.003	-2.1934	6.6985	4.2405	-4.2975	-4.7268	0.72538	1.9308	-3.3745	1.7921	1.9904	-0.047465	-0.49541	-5.4554	-61.826	-33.249	50.518	6.1219	53.23	-6.6166	-76.331	37.775	-52.046	11.362	20.216	-22.96	14.482
-5.6484	3.8797	-3.7355	6.9747	6.1076	-2.9464	-3.4664	-0.57286	1.3575	-3.5608	2.3222	1.2506	-0.83585	-0.1846	-21.355	-244.94	-61.683	11.048	74.686	54.042	50.417	-51.929	-22.935	-7.4527	21.205	-29.594	-31.536	12.433
-6.9433	-17.346	-9.7806	7.6431	9.2073	-2.501	-2.9961	0.63967	1.2522	-3.3963	1.6776	1.0059	-0.86692	-1.2149	-51.798	-849.01	-241.8	26.739	123.99	17.816	18.812	48.501	-4.2124	6.5803	-25.782	-9.7882	-1.2426	-41.214
-10.78	-56.796	-11.224	3.3654	4.4643	3.9696	0.59067	2.2721	-2.5994	-2.9998	-1.525	-1.0118	-2.3733	-1.1664	-153.45	-1578	-57.722	-171.11	-189.72	258.82	143.47	65.297	-154.06	15.861	-128.11	-80.709	-60.254	1.9434
-13.321	-67.131	-17.176	2.6822	-1.7042	2.4475	1.6901	1.6748	-2.8231	-0.22304	-2.6209	-0.81	-1.9111	-0.39594	-101.67	-413.41	-238.08	-27.329	-246.74	-60.882	43.978	-23.892	-8.9489	111.07	-43.835	8.0739	18.486	30.817
-13.475	-69.106	-17.541	1.4937	-0.59647	1.0482	-0.46683	0.033101	0.17059	1.5413	-2.3295	0.35629	0.36781	0.13393	-6.1336	-79.001	-14.608	-47.54	44.307	-55.972	-86.278	-65.668	119.75	70.573	11.658	46.651	91.156	21.195
-13.581	-66.44	-20.68	0.72097	-1.8787	-0.13808	0.40636	-0.019106	-0.44707	0.89745	1.095	0.93998	-1.0165	1.3028	-4.2485	106.65	-125.58	-30.908	-51.291	-47.451	34.928	-2.0883	-24.707	-25.754	136.98	23.348	-55.371	46.757
-6.3365	10.556	-16.151	-10.384	-0.86281	0.6752	-2.0477	0.94018	-1.6515	-2.6498	0.79526	0.087868	0.30252	2.2265	289.78	3079.8	181.18	-444.2	40.637	32.531	-98.164	38.372	-48.177	-141.89	-11.991	-34.085	52.76	36.946
-6.1506	23.329	-13.792	-7.3699	0.44852	0.36621	-1.7845	2.0136	-1.2384	-1.297	0.98757	0.32168	0.43786	1.9909	7.4373	510.89	94.335	120.56	52.453	-12.36	10.53	42.937	16.523	54.113	7.6925	9.3526	5.4135	-9.4221
-6.6209	7.3459	-11.743	-1.8181	1.0986	-3.0571	-5.1548	0.85299	2.5143	0.33041	-0.32123	2.5028	0.10403	-1.0344	-18.812	-639.31	81.971	222.07	26.002	-136.93	-134.81	-46.425	150.11	65.097	-52.352	87.246	-13.353	-121.01
-6.1311	5.9561	-8.9793	-7.9643	-4.5393	-3.6219	-6.0094	1.715	5.3725	0.58687	-0.57947	1.5065	-1.0212	-0.073017	19.59	-55.589	110.55	-245.85	-225.52	-22.591	-34.183	34.482	114.33	10.258	-10.33	-39.851	-45.008	38.455
-5.8755	11.744	-5.5434	-4.5892	-2.1806	0.4525	-4.8929	2.6534	6.0765	1.5367	0.07669	1.2629	0.32173	0.43342	10.223	231.53	137.44	135	94.351	162.98	44.662	37.533	28.162	37.993	26.247	-9.7464	53.716	20.258
-5.6519	15.751	-5.2987	-0.71124	3.2838	1.3645	-1.737	2.5541	5.0005	2.173	-1.2104	-0.22588	0.74292	-1.2206	8.9447	160.28	9.7854	155.12	218.58	36.48	126.24	-3.9716	-43.04	25.451	-51.483	-59.55	16.848	-66.162
-5.2145	16.238	-1.3038	-1.3765	1.1204	2.2771	-2.9923	0.66498	5.6929	1.8911	-1.2824	-0.45159	1.011	0.40415	17.499	19.479	159.8	-26.609	-86.536	36.502	-50.214	-75.564	27.696	-11.275	-2.8822	-9.0285	10.724	64.99
-4.9303	16.29	0.99234	-0.18673	0.93159	1.0545	-4.1054	-0.83218	5.1944	1.7544	-0.040435	0.10006	-0.47843	-0.16401	11.366	2.0559	91.847	47.589	-7.554	-48.902	-44.522	-59.886	-19.941	-5.4656	49.68	22.066	-59.578	-22.726
-4.7956	15.376	2.8439	-1.3504	-1.3385	0.68954	-3.4696	-1.1415	4.2652	0.68567	0.69821	-0.31252	-0.034222	-0.40712	5.3875	-36.542	74.064	-46.547	-90.805	-14.599	25.429	-12.373	-37.169	-42.751	29.546	-16.503	17.768	-9.7246
-4.8311	13.4	3.4291	-2.449	-1.3285	-0.75791	-1.7653	-0.65772	3.1284	0.99859	0.71599	-0.020002	0.075171	-0.57733	-1.4179	-79.032	23.405	-43.942	0.40172	-57.898	68.174	19.351	-45.47	12.517	0.71114	11.701	4.3757	-6.8081
-5.1807	8.7192	4.3064	-1.4788	-1.7987	-1.5469	-1.5024	0.07075	2.5231	0.21614	0.7427	0.80663	0.17545	-0.00083375	-13.986	-187.25	35.093	38.807	-18.807	-31.56	10.515	29.139	-24.213	-31.298	1.0683	33.065	4.0111	23.06
-5.5506	6.3582	2.788	-0.67407	-0.65043	-0.26442	-0.99645	-2.0301	2.0188	0.64968	2.5181	-0.059585	-0.17577	0.16528	-14.795	-94.44	-60.734	32.189	45.93	51.3	20.238	-84.036	-20.173	17.342	71.015	-34.648	-14.049	6.6444
-5.7233	2.2226	2.1783	-0.10104	0.58517	0.68517	-1.0735	-1.837	0.31737	1.1757	2.3539	-0.11274	-0.27706	1.1221	-6.9054	-165.42	-24.39	22.921	49.424	37.984	-3.0811	7.7269	-68.056	21.041	-6.5669	-2.126	-4.0518	38.275
-5.8876	3.1178	-0.084136	3.3639	-1.8823	1.5218	-0.71111	-2.1313	-0.31775	0.27767	1.8045	1.8798	-1.0434	1.1442	-6.5721	35.808	-90.496	138.6	-98.701	33.465	14.495	-11.772	-25.405	-35.922	-21.976	79.701	-30.653	0.88163
-6.0891	-0.15033	1.2741	1.5093	0.54896	1.8583	-1.8366	-3.3248	0.65693	-1.0332	4.0505	-0.63124	-0.57565	1.3233	-8.0618	-130.72	54.328	-74.183	97.252	13.462	-45.018	-47.743	38.987	-52.434	89.839	-100.44	18.709	7.1628
-6.3215	-1.8663	1.6092	1.4649	-0.86876	2.4893	-2.3511	-3.0401	0.29461	-0.43325	3.0535	0.59714	-1.7686	2.1259	-9.2967	-68.637	13.404	-1.7769	-56.709	25.24	-20.582	11.39	-14.493	23.997	-39.878	49.135	-47.717	32.107
-6.8292	-4.472	0.72649	0.39705	-1.1198	2.4174	-2.4033	-2.1386	0.86919	-1.6554	4.0879	-1.6765	-0.032469	1.9973	-20.306	-104.23	-35.307	-42.715	-10.043	-2.8788	-2.0869	36.06	22.983	-48.886	41.374	-90.945	69.444	-5.1446
-7.8101	-26.205	0.024006	3.3266	-2.2848	2.3226	0.53374	-0.1428	-3.0995	-0.35968	3.6237	0.82601	0.20277	0.050287	-39.236	-869.32	-28.099	117.18	-46.598	-3.7904	117.48	79.832	-158.75	51.829	-18.565	100.1	9.4096	-77.881
-10.926	-57.642	-9.4548	2.875	0.32139	4.0595	3.6989	1.8089	-2.8827	0.24676	0.98626	0.92197	-0.51052	-0.95261	-124.65	-1257.5	-379.15	-18.065	104.25	69.476	126.61	78.067	8.6716	24.258	-105.5	3.8383	-28.532	-40.116
-13.682	-67.717	-15.11	0.21557	-0.72546	0.77692	0.93054	1.5931	-1.3829	-0.23807	-0.9333	0.4497	0.61212	-0.31668	-110.23	-402.99	-226.22	-106.38	-41.874	-131.3	-110.73	-8.6301	59.993	-19.393	-76.782	-18.891	44.906	25.437
-13.858	-67.411	-16.407	-1.6729	-2.1506	2.8648	3.4238	3.099	-2.0021	0.035955	-1.0692	1.2044	0.43794	0.087361	-7.0149	12.242	-51.872	-75.538	-57.008	83.515	99.731	60.236	-24.767	10.961	-5.4353	30.187	-6.9673	16.162
-13.8	-65.284	-14.178	-1.0731	-1.9334	1.7195	3.3538	2.3518	-1.5507	-1.4895	-0.91717	0.9583	0.89035	-0.60202	2.3086	85.064	89.174	23.99	8.691	-45.812	-2.8007	-29.887	18.054	-61.018	6.0807	-9.8429	18.096	-27.575
-10.289	-48.295	-16.476	-4.1893	-3.3061	0.45876	1.3282	1.7963	-0.94707	0.91598	-0.12693	0.39648	0.22027	0.21722	140.44	679.58	-91.935	-124.65	-54.91	-50.43	-81.023	-22.222	24.146	96.219	31.61	-22.473	-26.803	32.77
-9.8034	-12.426	-17.216	-5.412	-4.8581	-0.39114	-0.00028777	0.89624	-2.1168	0.35721	-1.0821	-0.17925	-0.021952	0.23964	19.421	1434.8	-29.608	-48.907	-62.078	-33.996	-53.141	-36.002	-46.789	-22.351	-38.208	-23.029	-9.6888	0.89686
-8.7818	-30.482	-26.289	1.4641	-3.7284	0.9253	0.64503	1.6822	-2.5251	0.98741	-2.456	-0.94893	-0.92727	0.47326	40.862	-722.24	-362.91	275.04	45.188	52.657	25.813	31.439	-16.334	25.208	-54.955	-30.787	-36.213	9.3445
-8.4061	-24.968	-28.596	2.1244	-3.669	2.5115	2.0587	3.3542	-0.89506	1.9939	-1.7858	1.4909	-1.2138	0.7514	15.027	220.58	-92.279	26.412	2.3739	63.449	56.546	66.881	65.204	40.258	26.808	97.593	-11.461	11.126
-7.6639	-21.593	-24.381	2.8915	-5.5721	2.9931	1.8898	4.2008	-0.83341	1.4251	-1.2368	0.72591	-0.61885	0.061048	29.688	135.01	168.6	30.687	-76.122	19.264	-6.7565	33.863	2.4659	-22.753	21.961	-30.6	23.798	-27.614
-6.4846	-13.382	-29.491	1.423	-6.7868	4.7935	-0.36095	2.7066	-0.32962	1.6313	-0.55635	-0.27455	0.71658	0.33859	47.175	328.4	-204.38	-58.743	-48.589	72.015	-90.029	-59.767	20.151	8.2505	27.217	-40.019	53.417	11.102
-5.8437	-6.9834	-30.521	3.0401	-5.5366	5.0672	0.6522	0.49558	-2.3671	-0.30735	-1.2878	-0.74233	-0.26235	1.0045	25.633	255.96	-41.215	64.685	50.009	10.948	40.526	-88.443	-81.499	-77.547	-29.259	-18.711	-39.157	26.637
-5.6589	-6.211	-30.89	5.5702	-6.3152	4.064	1.1752	1.3793	-1.1923	1.1221	-0.069926	0.087981	0.7755	1.6921	7.3946	30.894	-14.77	101.2	-31.147	-40.128	20.918	35.351	46.993	57.178	48.716	33.213	41.514	27.504
-5.8241	-6.3118	-30.31	1.4081	-7.0212	4.2195	-0.46184	-0.28712	-1.8349	2.7674	-0.90769	0.058688	-0.59125	2.2969	-6.6112	-4.0311	23.213	-166.48	-28.239	6.2194	-65.48	-66.659	-25.704	65.812	-33.511	-1.1717	-54.67	24.191
-6.5607	-3.6706	-26.428	-0.22674	-8.2483	2.8298	0.22204	-0.80052	0.59644	3.2361	1.4358	-0.10173	-0.75527	2.0534	-29.461	105.65	155.29	-65.394	-49.082	-55.588	27.355	-20.536	97.253	18.748	93.741	-6.4169	-6.561	-9.7388
-7.2166	-6.3891	-25.277	-1.6734	-4.5593	4.9421	0.70862	-0.00020009	-0.796	0.77126	-0.30214	-0.74674	-1.3921	-0.85419	-26.239	-108.74	46.025	-57.867	147.56	84.494	19.463	32.013	-55.698	-98.594	-69.519	-25.8	-25.474	-116.3
-7.5844	-0.81337	-23.426	-3.6955	-5.2629	-0.89361	-1.706	-0.27346	-1.2777	3.0617	1.9914	0.96036	0.73106	-0.099663	-14.71	223.03	74.052	-80.885	-28.143	-233.43	-96.583	-10.93	-19.267	91.618	91.743	68.284	84.928	30.181
-7.7208	0.10906	-18.994	-4.9161	-5.5414	0.36351	-1.3179	-2.5438	-1.9642	1.1869	-0.32112	-2.1373	-0.57931	0.58175	-5.4574	36.897	177.29	-48.824	-11.138	50.285	15.521	-90.814	-27.459	-74.992	-92.502	-123.91	-52.415	27.257
-8.1117	-4.9724	-16.883	-3.9122	-5.3186	0.75525	-0.60844	-1.9616	-0.44803	2.1382	0.67913	-1.9594	-1.7544	-0.14379	-15.637	-203.26	84.403	40.156	8.9084	15.67	28.38	23.29	60.645	38.052	40.01	7.1171	-47.005	-29.022
