-2.1373	30.086	3.4471	-11.382	4.2869	-0.68206	-2.7173	-1.057	0.89311	5.0648	-0.62707	0.36428	-0.30301	-1.0766	0	0	0	0	0	0	0	0	0	0	0	0	0	0
-1.9826	29.333	4.1747	-11.403	5.7019	-0.79111	-2.6023	-1.8831	1.1556	5.1293	-0.72591	0.23719	0.010019	-1.048	6.1899	-30.118	29.103	-0.8435	56.601	-4.3618	4.5996	-33.041	10.499	2.5831	-3.9535	-5.0837	12.521	1.1447
-2.0575	27.882	3.8199	-8.8751	5.5043	0.4097	-3.5728	-1.6884	1.0105	5.4506	-1.1962	0.79706	0.14485	-0.79523	-2.9997	-58.014	-14.194	101.11	-7.9046	48.032	-38.82	7.7869	-5.8039	12.852	-18.812	22.395	5.3933	10.111
-2.4483	24.513	3.5749	-6.5191	6.5032	0.6223	-4.562	-1.6913	1.7593	5.5866	-1.1976	0.3761	0.44976	-1.1816	-15.632	-134.8	-9.7998	94.241	39.955	8.5041	-39.568	-0.11728	29.951	5.4365	-0.056496	-16.838	12.196	-15.454
-2.7852	21.824	1.5725	-4.1548	8.7274	0.052634	-4.8467	-1.109	2.5258	4.4772	-1.0116	0.13513	0.60555	-1.4371	-13.475	-107.54	-80.094	94.573	88.97	-22.787	-11.39	23.292	30.661	-44.375	7.4413	-9.6391	6.2317	-10.221
-3.184	17.966	1.4652	-2.5006	10.245	-1.8352	-4.151	0.53724	2.1622	3.7966	-2.6436	1.3393	0.12873	-0.95557	-15.95	-154.32	-4.2926	66.169	60.706	-75.513	27.831	65.851	-14.546	-27.224	-65.282	48.166	-19.073	19.262
-3.5969	11.053	1.2984	0.36997	10.496	-2.6622	-4.4745	2.0879	2.8455	2.6928	-3.6297	1.0177	0.72484	-0.27817	-16.516	-276.54	-6.6724	114.82	10.039	-33.08	-12.941	62.028	27.332	-44.151	-39.443	-12.863	23.844	27.096
-4.1128	-1.6953	1.5384	4.5126	7.7723	-0.88897	-4.8905	3.9923	3.7305	0.58005	-4.181	1.9866	1.1067	-0.75396	-20.639	-509.92	9.5988	165.7	-108.95	70.929	-16.638	76.176	35.403	-84.51	-22.049	38.758	15.274	-19.032
-4.6275	-19.837	8.7589	3.6793	5.1201	1.4755	-1.0464	2.9089	4.8207	-1.7732	-4.3574	1.8744	0.92561	-1.2604	-20.585	-725.68	288.82	-33.328	-106.09	94.58	153.76	-43.338	43.609	-94.132	-7.0571	-4.4908	-7.2428	-20.256
-4.7732	-23.013	10.638	2.5469	6.3117	2.5336	-2.6468	3.6015	5.405	-2.5191	-5.3342	2.1751	0.5036	-0.36152	-5.8293	-127.03	75.15	-45.299	47.665	42.321	-64.017	27.706	23.37	-29.832	-39.072	12.029	-16.88	35.953
-4.8334	-22.862	8.2993	4.6812	6.1177	3.327	-3.8916	3.929	5.7108	-2.5547	-5.3235	1.0904	1.8684	-1.7484	-2.4096	6.0626	-93.533	85.372	-7.7607	31.74	-49.793	13.099	12.234	-1.4276	0.42945	-43.387	54.593	-55.477
-4.9391	-27.202	9.0048	4.5662	7.5289	3.6456	-3.7023	3.0312	6.1521	-2.0009	-5.8231	-0.18568	1.6089	-0.5476	-4.2275	-173.62	28.222	-4.6009	56.448	12.741	7.573	-35.913	17.65	22.154	-19.984	-51.045	-10.383	48.034
-5.0905	-31.62	8.5308	5.2874	8.6328	3.3555	-2.1917	2.0866	6.3408	-1.2836	-5.6761	-1.034	1.0301	-0.33753	-6.0563	-176.71	-18.96	28.849	44.155	-11.601	60.425	-37.784	7.5477	28.693	5.8767	-33.931	-23.152	8.4028
-5.4408	-30.715	1.644	8.305	9.196	3.531	0.95695	1.295	3.4596	-0.39246	-2.4083	-2.7657	0.36813	-0.55455	-14.009	36.194	-275.48	120.7	22.531	7.017	125.95	-31.663	-115.25	35.644	130.71	-69.27	-26.477	-8.681
-6.1968	-32.766	-3.2173	9.2244	7.3153	5.6123	4.0419	1.0618	1.1643	-0.44723	-1.8232	-0.62697	-2.4423	-1.4667	-30.242	-82.045	-194.45	36.776	-75.23	83.255	123.4	-9.3284	-91.814	-2.1907	23.403	85.55	-112.42	-36.487
-6.7194	-38.235	-0.28552	4.4939	1.7446	5.7675	8.3215	1.856	-0.15071	-1.434	-2.7852	1.202	-2.171	-1.0523	-20.903	-218.76	117.27	-189.22	-222.83	6.2057	171.18	31.767	-52.599	-39.471	-38.481	73.16	10.852	16.579
-6.5706	-13.828	-4.4829	-3.933	-2.0676	-2.7656	7.1189	2.255	-0.3538	-1.4979	-1.1993	2.5402	-1.4888	-0.50141	5.9501	976.3	-167.9	-337.07	-152.49	-341.32	-48.104	15.961	-8.1236	-2.5573	63.439	53.527	27.286	22.034
-5.061	-7.8626	0.93568	2.6929	-2.09	-1.5367	4.6947	0.36874	-2.4539	-1.028	-2.8151	3.1838	-0.4087	-0.85378	60.387	238.6	216.74	265.03	-0.89529	49.156	-96.97	-75.451	-84.005	18.797	-64.632	25.745	43.205	-14.095
-3.545	-3.9708	10.199	2.966	2.2793	-2.6857	2.8266	0.17337	-2.4331	-1.3838	-5.1998	0.60523	1.3345	-0.42142	60.638	155.67	370.54	10.923	174.77	-45.958	-74.723	-7.8148	0.83315	-14.231	-95.39	-103.14	69.729	17.294
-2.473	2.3827	14.304	-0.1408	3.5193	-5.242	1.5562	1.6736	-3.5889	-0.76793	-5.8864	-0.53933	2.8466	0.53417	42.882	254.14	164.18	-124.27	49.6	-102.25	-50.817	60.008	-46.231	24.634	-27.464	-45.782	60.484	38.224
-1.9749	7.4855	14.708	-1.4253	4.1737	-6.9641	0.70863	1.5588	-2.8492	0.21559	-6.7389	-0.56048	3.2329	0.95187	19.922	204.11	16.146	-51.379	26.176	-68.882	-33.902	-4.5918	29.585	39.341	-34.1	-0.84608	15.451	16.708
-1.6217	8.6187	15.303	-1.4557	3.8177	-8.525	0.30007	0.7643	-1.6743	0.79092	-6.5224	-1.0903	2.3105	1.9574	14.13	45.328	23.834	-1.2183	-14.239	-62.436	-16.342	-31.779	46.997	23.013	8.6616	-21.192	-36.894	40.221
-1.2485	10.708	14.526	0.11764	2.1625	-7.8568	-1.5659	1.4148	-1.0415	1.0066	-5.4764	-2.4425	2.4803	2.6061	14.929	83.556	-31.1	62.935	-66.21	26.727	-74.638	26.019	25.31	8.6288	41.838	-54.088	6.7914	25.949
-1.1611	11.438	13.14	2.4327	-0.027803	-6.7027	-2.4942	1.1189	-0.92958	0.55946	-4.2359	-3.804	3.4905	1.8194	3.496	29.226	-55.433	92.602	-87.611	46.163	-37.134	-11.836	4.4785	-17.887	49.622	-54.462	40.408	-31.466
-1.1357	10.448	14.023	2.5238	-1.0457	-5.97	-2.7896	0.89191	-1.766	1.8043	-4.0484	-4.3915	3.6273	1.3416	1.0155	-39.62	35.333	3.6442	-40.714	29.31	-11.815	-9.079	-33.459	49.796	7.5013	-23.497	5.4734	-19.114
-1.0478	10.069	14.459	2.7351	-2.2532	-5.125	-2.6822	1.3462	-2.9873	2.7663	-3.9803	-4.9804	4.2507	1.6415	3.5129	-15.143	17.429	8.4498	-48.303	33.8	4.2977	18.172	-48.849	38.479	2.7219	-23.556	24.934	11.995
-1.0245	9.7841	14.841	2.9982	-3.257	-5.2138	-1.1495	0.71084	-3.7602	2.7077	-3.0282	-5.1147	4.3237	1.3664	0.93423	-11.404	15.281	10.524	-40.151	-3.5549	61.306	-25.415	-30.918	-2.346	38.084	-5.3718	2.922	-11.005
-1.0654	10.072	15.146	3.0287	-5.282	-4.3924	-0.2181	0.46254	-4.8183	2.8491	-2.6751	-5.0239	4.1741	1.3755	-1.6381	11.511	12.217	1.2202	-81	32.856	37.257	-9.9322	-42.325	5.6585	14.124	3.6292	-5.9844	0.36733
-0.88315	8.9375	16.622	2.8772	-7.0504	-3.8783	0.64491	0.85519	-6.4259	3.1202	-1.491	-4.9244	3.5478	1.7635	7.292	-45.376	59.021	-6.0566	-70.736	20.567	34.52	15.706	-64.303	10.844	47.363	3.9828	-25.053	15.52
-0.809	9.4945	17.689	2.2432	-7.9363	-4.2346	1.6609	0.98421	-6.669	2.4249	-1.1795	-3.5638	2.6381	1.7861	2.966	22.281	42.69	-25.362	-35.434	-14.255	40.641	5.1607	-9.7216	-27.813	12.462	54.423	-36.39	0.90314
-0.75155	10.667	17.83	2.22	-9.7051	-4.0604	1.8642	1.3272	-6.7832	2.0387	-1.0911	-3.1784	2.6474	1.585	2.298	46.905	5.6466	-0.92708	-70.754	6.969	8.1317	13.721	-4.5716	-15.447	3.535	15.414	0.37345	-8.0423
-0.5425	12.523	18.05	1.0032	-9.891	-4.4444	2.5654	1.0861	-6.7076	1.2616	-0.51244	-2.1465	2.2503	1.2682	8.362	74.224	8.7752	-48.671	-7.4354	-15.361	28.049	-9.6446	3.0253	-31.084	23.147	41.277	-15.883	-12.675
-0.51704	14.24	17.414	1.3006	-11.121	-4.3083	3.4166	0.42789	-7.1209	1.4448	0.058771	-1.4095	2.1222	0.60108	1.0183	68.694	-25.449	11.895	-49.184	5.4469	34.048	-26.329	-16.532	7.3276	22.848	29.48	-5.1265	-26.684
-0.58551	17.859	15.7	1.1392	-11.151	-3.6499	3.4632	0.065126	-7.5265	1.9826	0.35071	-0.64921	1.9966	0.33901	-2.7389	144.78	-68.535	-6.4558	-1.235	26.335	1.8631	-14.511	-16.222	21.51	11.677	30.412	-5.0222	-10.483
-0.43704	18.614	15.882	-0.73596	-9.8394	-3.578	3.6232	-0.72495	-7.0054	1.871	0.59148	-0.037491	1.7248	1.0228	5.9388	30.187	7.2683	-75.007	52.482	2.8749	6.3993	-31.603	20.844	-4.4633	9.6308	24.469	-10.873	27.352
-0.59347	19.219	15.993	-2.1865	-8.3847	-3.7363	4.2189	-0.9952	-7.3824	2.3165	1.2211	-0.35599	2.4107	0.72154	-6.2573	24.178	4.4424	-58.024	58.19	-6.3307	23.829	-10.81	-15.08	17.82	25.184	-12.74	27.435	-12.05
-0.72406	20.376	15.764	-4.3043	-6.3628	-3.3594	3.627	-1.2541	-7.4865	3.5614	0.048225	0.016788	2.7474	0.49684	-5.2234	46.285	-9.1507	-84.712	80.877	15.077	-23.675	-10.356	-4.1667	49.796	-46.914	14.911	13.468	-8.988
-0.61501	22.355	14.948	-6.4283	-4.4145	-2.8191	3.2152	-1.4586	-7.5739	4.3796	-0.83801	0.87097	2.509	0.4366	4.362	79.159	-32.655	-84.957	77.931	21.612	-16.474	-8.1802	-3.4944	32.727	-35.449	34.167	-9.5333	-2.4098
-0.80772	24.159	13.912	-7.6259	-2.4472	-3.4398	3.105	-2.2019	-6.3957	4.161	-1.0637	1.1466	2.556	-0.5221	-7.7083	72.173	-41.423	-47.903	78.693	-24.831	-4.4068	-29.73	47.129	-8.7417	-9.0266	11.025	1.8787	-38.348
-1.0138	24.53	13.044	-7.5849	-1.6178	-3.9701	3.5968	-3.1894	-4.9919	3.605	-0.43526	1.2874	1.5627	-0.7023	-8.2449	14.846	-34.736	1.6394	33.175	-21.21	19.672	-39.5	56.148	-22.243	25.137	5.632	-39.732	-7.2082
-1.275	24.506	10.262	-5.193	-1.2948	-2.7904	2.8462	-3.6699	-5.0321	3.5591	-0.078097	1.4552	-0.48223	0.7895	-10.446	-0.95692	-111.28	95.673	12.921	47.188	-30.026	-19.222	-1.6066	-1.8333	14.287	6.7111	-81.797	59.672
-1.8871	27.415	5.541	-4.4754	2.3118	-1.4654	2.2109	-4.6579	-4.281	3.4484	0.74377	-0.51818	-0.78938	1.1311	-24.483	116.33	-188.83	28.706	144.26	53.001	-25.413	-39.52	30.044	-4.4305	32.875	-78.934	-12.286	13.663
-3.0378	15.571	2.6036	-1.8784	2.9305	0.77034	1.6329	-4.3725	-4.1887	4.3811	-0.15242	0.24765	-1.8719	3.217	-46.028	-473.75	-117.49	103.88	24.745	89.428	-23.12	11.415	3.6917	37.311	-35.848	30.633	-43.3	83.436
-5.4414	-14.907	-3.1786	1.1925	1.5491	3.304	2.4493	-3.6653	-2.2388	3.0329	-0.18117	-0.1017	-3.289	2.0793	-96.144	-1219.1	-231.29	122.84	-55.253	101.35	32.656	28.29	77.997	-53.928	-1.1499	-13.974	-56.684	-45.506
-9.5608	-59.788	-16.175	1.7532	4.8363	6.2419	-0.50971	0.33074	4.307	1.1086	1.2032	-0.024822	-2.3436	0.78786	-164.78	-1795.2	-519.85	22.425	131.49	117.51	-118.36	159.84	261.83	-76.972	55.373	3.0751	37.813	-51.658
-11.958	-73.106	-20.057	2.0108	3.4459	7.0554	-1.7434	-1.5259	4.2785	-0.80181	-0.48695	-0.747	-1.5385	0.43415	-95.88	-532.71	-155.29	10.305	-55.614	32.543	-49.346	-74.267	-1.1398	-76.418	-67.604	-28.887	32.207	-14.148
-12.926	-87.844	-17.665	1.3894	1.1579	1.4899	2.1857	2.0717	2.4395	0.39639	0.84257	0.90726	0.49981	0.63869	-38.718	-589.51	95.676	-24.854	-91.521	-222.62	157.16	143.91	-73.558	47.928	53.181	66.17	81.531	8.1816
-13.651	-90.097	-17.574	2.0093	2.0593	3.5849	2.5758	1.4846	2.9019	-1.455	-1.1249	-0.5439	-1.4045	1.3114	-29.016	-90.119	3.6573	24.794	36.057	83.801	15.602	-23.485	18.496	-74.055	-78.699	-58.046	-76.171	26.909
-13.907	-89.797	-18.876	1.3501	3.6486	2.0704	0.8242	2.6056	0.96199	-2.2649	-0.041916	-0.1603	-1.4785	1.7135	-10.236	12.001	-52.107	-26.367	63.571	-60.581	-70.064	44.84	-77.598	-32.395	43.32	15.344	-2.9601	16.085
-12.313	-76.911	-21.119	-2.1275	3.9577	-1.2051	2.3314	2.3693	3.4377	-0.98372	1.1004	-0.044176	-1.8634	1.6593	63.744	515.42	-89.702	-139.11	12.362	-131.02	60.288	-9.4527	99.028	51.246	45.694	4.645	-15.399	-2.1686
-4.9587	4.792	-21.378	-6.7784	4.5808	-2.5498	2.9634	1.6532	2.1953	-3.0907	-0.25253	-1.0222	-1.6757	2.9518	294.19	3268.1	-10.365	-186.03	24.924	-53.787	25.28	-28.643	-49.696	-84.279	-54.118	-39.12	7.511	51.698
-4.5297	17.757	-18.593	-2.9884	2.8493	-3.1079	2.8677	0.81174	-0.25926	-3.3124	1.4872	-0.040699	-2.3163	2.0396	17.161	518.6	111.39	151.6	-69.26	-22.325	-3.8277	-33.657	-98.182	-8.8687	69.588	39.259	-25.624	-36.485
-4.6665	10.888	-20.528	3.0517	5.134	-2.5656	0.92673	1.1041	0.62705	-4.1934	1.0942	0.81085	-1.4728	2.8696	-5.4733	-274.76	-77.391	241.61	91.389	21.692	-77.639	11.694	35.452	-35.239	-15.721	34.062	33.737	33.198
-4.647	15.597	-17.893	4.9079	4.3687	-2.1438	0.42233	-0.30657	1.913	-1.8873	0.86081	-0.099805	-1.0341	1.2133	0.78289	188.38	105.41	74.246	-30.612	16.869	-20.176	-56.427	51.439	92.245	-9.3337	-36.426	17.55	-66.253
-4.7889	18.511	-14.085	4.5691	4.8839	-0.2719	1.4093	-0.33142	2.0169	-2.4213	1.2879	0.66131	-1.4201	0.8415	-5.6758	116.55	152.33	-13.552	20.61	74.878	39.478	-0.99405	4.1537	-21.362	17.082	30.445	-15.44	-14.872
-5.2144	11.586	-12.958	3.9267	3.9375	-1.5555	1.567	-0.59786	2.0587	-2.7877	-0.32386	-0.2002	-1.0965	1.7203	-17.023	-277.01	45.059	-25.695	-37.859	-51.346	6.3079	-10.658	1.6736	-14.655	-64.469	-34.46	12.942	35.153
-5.3155	4.0525	-14.14	-0.78525	4.8789	-1.1706	-0.28759	-0.39705	4.5315	-0.28067	0.31604	-1.4768	-2.9114	0.98899	-4.0429	-301.33	-47.269	-188.48	37.658	15.397	-74.183	8.0323	98.914	100.28	25.596	-51.064	-72.593	-29.253
-4.943	11.325	-12.826	-4.9687	4.0934	-4.6872	-2.9572	-1.5767	4.9715	0.94015	0.0050806	-1.3175	-0.94198	0.29453	14.899	290.88	52.572	-167.34	-31.423	-140.66	-106.78	-47.185	17.6	48.833	-12.438	6.3709	78.776	-27.779
-4.3304	14.73	-10.287	-3.5473	4.1699	-3.2336	-3.5271	-2.347	3.5433	0.58187	-1.1412	-0.34805	-1.6958	0.62124	24.507	136.23	101.53	56.858	3.0622	58.144	-22.8	-30.812	-57.128	-14.331	-45.853	38.78	-30.152	13.069
-2.8489	23.634	-1.7999	-2.4714	0.83718	0.075178	-2.8443	-0.10006	3.9451	1.5759	-0.47752	0.58548	-0.60095	0.137	59.257	356.15	339.5	43.036	-133.31	132.35	27.314	89.876	16.071	39.762	26.549	37.341	43.793	-19.37
-1.4666	36.467	3.8095	-5.2008	-0.062897	-0.53111	-3.8517	-0.79802	0.69816	2.9853	-0.73971	0.53392	-1.1424	-1.0691	55.294	513.32	224.38	-109.18	-36.003	-24.251	-40.298	-27.919	-129.88	56.377	-10.488	-2.0627	-21.657	-48.242
-0.84818	40.52	2.6618	-5.3252	-0.5211	-1.646	-3.5367	-1.2685	0.94015	3.145	0.66977	0.070527	-1.082	-1.9719	24.736	162.1	-45.908	-4.9771	-18.328	-44.594	12.603	-18.819	9.6794	6.3865	56.379	-18.536	2.4131	-36.113
-0.70314	37.463	3.6688	-4.994	-1.0101	-2.2305	-2.8105	-2.1885	1.9523	3.037	2.1165	-1.2968	-1.1208	-2.3951	5.8016	-122.25	40.279	13.248	-19.561	-23.383	29.048	-36.799	40.488	-4.321	57.87	-54.693	-1.5488	-16.93
-0.65545	36.414	3.9747	-5.1648	-2.3362	-1.2319	-2.4368	-2.4956	1.4144	3.1997	2.7182	-1.1482	-0.96781	-3.2211	1.9078	-41.966	12.237	-6.8323	-53.042	39.943	14.948	-12.285	-21.518	6.5101	24.066	5.9443	6.1182	-33.039
-0.47767	36.06	5.1789	-6.5111	-1.4545	-2.7016	-1.5007	-1.6189	1.4464	2.867	2.9312	-1.2608	-0.81973	-3.0206	7.111	-14.16	48.17	-53.853	35.269	-58.785	37.442	35.069	1.2781	-13.311	8.5205	-4.5031	5.9234	8.0183
-0.42165	39.036	4.0961	-6.6489	-2.4463	-1.978	-1.202	-1.5959	1.3875	2.1137	3.1683	-1.476	-0.67781	-3.0046	2.2409	119.02	-43.312	-5.5094	-39.672	28.943	11.947	0.91856	-2.3533	-30.13	9.4831	-8.6109	5.6765	0.64266
-0.48876	39.948	4.7192	-8.362	-1.3814	-3.8257	0.45297	-1.9778	1.512	1.9908	3.0228	-1.2452	-1.1655	-2.724	-2.6845	36.505	24.925	-68.525	42.596	-73.908	66.2	-15.276	4.9798	-4.9172	-5.8183	9.2321	-19.508	11.224
-0.59182	39.078	5.0816	-8.029	-2.9827	-3.2442	0.47745	-1.4201	1.689	2.0862	2.6618	-1.7788	-1.4459	-2.0702	-4.1223	-34.828	14.496	13.319	-64.055	23.259	0.9793	22.308	7.0806	3.8151	-14.44	-21.341	-11.215	26.15
-0.53108	39.686	4.2327	-7.5249	-3.0497	-3.4047	0.47315	-0.87674	2.0798	1.2833	2.8581	-1.9337	-1.7805	-1.8563	2.4297	24.329	-33.959	20.164	-2.6774	-6.4184	-0.17213	21.736	15.629	-32.112	7.8525	-6.1986	-13.386	8.5579
-0.40695	42.829	2.0174	-5.9593	-4.4742	-2.6841	0.02565	-0.85521	3.4295	0.67863	3.7406	-2.4711	-1.6206	-2.452	4.9652	125.75	-88.61	62.622	-56.983	28.824	-17.9	0.86108	53.989	-24.189	35.3	-21.493	6.3984	-23.828
-0.45662	39.228	3.9598	-7.3683	-3.5524	-1.8208	-1.5898	-0.28104	2.9074	1.4382	3.3386	-2.2127	-1.5231	-3.1727	-1.9867	-144.04	77.695	-56.358	36.874	34.533	-64.619	22.967	-20.881	30.384	-16.081	10.335	3.899	-28.829
-0.79422	39.778	1.5313	-7.5275	-2.1588	-2.235	-1.5107	0.31274	2.1498	1.4244	3.1355	-2.3381	-1.5753	-3.049	-13.504	21.981	-97.14	-6.368	55.743	-16.568	3.1664	23.751	-30.307	-0.55505	-8.125	-5.0165	-2.0882	4.9472
-1.2766	32.136	2.9915	-6.5658	-3.4469	-0.38347	-1.4048	-0.45501	2.9245	1.2199	2.7082	-2.1781	-2.1796	-2.9051	-19.294	-305.68	58.409	38.468	-51.524	74.06	4.2335	-30.71	30.988	-8.1793	-17.093	6.4008	-24.171	5.7556
-1.6194	29.86	3.0614	-5.6717	-4.7469	0.28605	-0.69992	-1.0751	3.1113	0.72273	2.9137	-2.095	-2.2426	-2.6426	-13.712	-91.054	2.795	35.764	-51.999	26.781	28.196	-24.805	7.4716	-19.885	8.2202	3.325	-2.5214	10.502
-1.7364	29.415	2.2834	-5.1935	-4.5319	0.21978	-1.2568	0.11948	2.3908	1.0513	2.7348	-1.7549	-2.3235	-2.8989	-4.68	-17.78	-31.118	19.128	8.5983	-2.651	-22.277	47.785	-28.817	13.144	-7.156	13.602	-3.2347	-10.251
-1.8298	25.881	4.415	-5.6077	-4.4241	0.11154	-0.5955	-0.88549	2.8392	1.4627	2.5351	-1.5965	-1.907	-3.4058	-3.7356	-141.38	85.261	-16.569	4.3147	-4.3295	26.454	-40.199	17.933	16.454	-7.9882	6.3379	16.659	-20.278
-2.0603	24.796	4.46	-5.8136	-4.3924	0.14838	-0.92252	-0.39824	2.4212	1.401	2.2635	-1.2599	-2.0832	-3.1249	-9.2207	-43.377	1.8002	-8.2337	1.2659	1.4734	-13.081	19.49	-16.718	-2.4694	-10.861	13.464	-7.0492	11.239
-2.3647	21.691	4.2973	-4.6786	-5.1088	0.60062	-1.062	-0.039246	2.0375	0.53898	2.6913	-0.58767	-2.2858	-3.0599	-12.178	-124.21	-6.5052	45.397	-28.656	18.09	-5.5807	14.36	-15.349	-34.479	17.112	26.889	-8.102	2.5965
-2.6181	20.59	4.8251	-5.0432	-4.0532	0.94296	-2.0231	0.02551	0.45219	0.68379	2.937	-0.18726	-1.8323	-2.6167	-10.134	-44.034	21.111	-14.583	42.224	13.693	-38.441	2.5903	-63.412	5.7923	9.8277	16.016	18.14	17.728
-2.7107	9.4588	5.4266	-4.7707	-3.4314	0.43722	-3.0468	0.12043	-0.62041	1.8981	3.0595	1.2837	-2.7427	-2.7899	-3.7062	-445.26	24.061	10.902	24.873	-20.229	-40.95	3.7969	-42.904	48.573	4.8981	58.838	-36.416	-6.9275
-2.8274	27.762	0.30418	-4.3069	-0.51722	-1.4784	-3.0004	-1.7655	-2.2577	2.7648	0.92557	3.0877	-3.0798	-2.2443	-4.6678	732.12	-204.9	18.55	116.57	-76.626	1.855	-75.438	-65.492	34.67	-85.356	72.159	-13.484	21.825
-2.9302	-2.5808	-0.42664	-5.85	-1.9448	-3.0568	-4.2818	-3.9437	-3.3179	3.5922	2.7214	4.8485	-3.7047	-3.0548	-4.1115	-1213.7	-29.233	-61.723	-57.102	-63.136	-51.255	-87.127	-42.407	33.094	71.835	70.433	-24.995	-32.418
-5.9515	-42.099	-1.9768	1.6638	0.38269	0.36881	-2.6206	-1.7373	-2.3561	-0.47947	3.7312	5.9295	-0.20592	-0.62229	-120.85	-1580.7	-62.005	300.55	93.099	137.03	66.45	88.257	38.471	-162.87	40.39	43.241	139.95	97.299
-10.073	-65.512	-12.789	0.10692	0.52086	2.7467	0.57305	1.4504	-1.7515	-2.7542	1.8577	6.3026	0.88135	0.49748	-164.86	-936.53	-432.48	-62.273	5.5268	95.117	127.75	127.51	24.182	-90.987	-74.94	14.923	43.491	44.791
-11.583	-72.065	-12.864	0.89251	0.17471	3.7108	4.7822	3.554	2.7532	-1.9883	0.40645	3.288	-0.41468	0.46845	-60.416	-262.1	-2.9953	31.423	-13.846	38.561	168.37	84.142	180.19	30.636	-58.049	-120.58	-51.841	-1.1613
-11.82	-78.731	-14.31	-2.4437	-4.2406	1.4112	3.5031	2.3939	0.6688	-2.2664	-0.30608	1.0622	-0.51756	0.74511	-9.47	-266.64	-57.834	-133.45	-176.61	-91.981	-51.164	-46.404	-83.377	-11.127	-28.501	-89.035	-4.1149	11.067
-11.774	-77.19	-12.93	-1.6189	-3.716	2.0748	3.7362	1.341	1.9349	-2.7562	0.75979	1.5365	0.072122	1.0067	1.8375	61.624	55.193	32.993	20.984	26.542	9.3252	-42.115	50.643	-19.592	42.635	18.973	23.587	10.462
-8.6935	-47.394	-20.211	5.9189	-1.6083	0.91905	4.4217	0.77812	0.88353	-0.19465	0.25711	-0.28998	-0.24349	-0.45144	123.23	1191.9	-291.23	301.51	84.309	-46.229	27.419	-22.516	-42.054	102.46	-20.107	-73.059	-12.625	-58.324
-5.9876	-23.199	-28.042	7.3535	1.4331	1.3372	1.5011	2.0123	2.932	-0.48613	-1.2593	-0.112	0.028195	1.6918	108.23	967.79	-313.27	57.383	121.65	16.726	-116.83	49.365	81.94	-11.659	-60.656	7.1191	10.867	85.728
-4.7095	-13.577	-29.797	10.488	0.21461	2.7677	-0.05709	1.7561	2.7838	-1.5833	0.77614	0.84714	-1.3936	1.9579	51.124	384.88	-70.202	125.4	-48.738	57.22	-62.326	-10.245	-5.9282	-43.887	81.418	38.366	-56.873	10.646
-3.2648	-11.712	-32.881	11.295	-0.94815	2.606	-0.042903	2.1223	1.2708	-1.8652	-0.63105	0.39811	-1.1647	1.3693	57.789	74.627	-123.33	32.276	-46.51	-6.4686	0.56746	14.647	-60.521	-11.277	-56.288	-17.961	9.155	-23.543
-2.9486	-7.4995	-33.134	10.647	-5.4002	2.143	-0.30343	0.45984	2.866	-0.58186	0.031802	-0.73124	-1.9596	1.8741	12.649	168.49	-10.152	-25.935	-178.08	-18.521	-10.421	-66.499	63.807	51.335	26.514	-45.174	-31.795	20.191
-3.1709	-2.7583	-29.953	9.216	-7.0728	2.3037	0.048582	1.1963	1.6994	-1.6558	1.2866	-0.33581	0.034854	1.494	-8.8932	189.65	127.27	-57.239	-66.904	6.4303	14.08	29.457	-46.665	-42.959	50.192	15.817	79.779	-15.203
-3.2534	-6.0973	-29.797	9.0389	-6.6185	0.57286	-0.60914	1.1919	0.27007	-1.6582	1.1366	-0.56686	0.02101	1.6638	-3.3019	-133.56	6.2311	-7.0825	18.174	-69.235	-26.309	-0.17519	-57.172	-0.094595	-5.9991	-9.2423	-0.55376	6.7925
-3.3361	-6.0466	-29.891	8.8135	-7.0189	1.0835	-0.81558	1.5	0.90162	-0.58186	0.70149	-0.41611	-1.8317	-0.15081	-3.3066	2.0317	-3.7548	-9.0173	-16.016	20.426	-8.2578	12.323	25.262	43.054	-17.405	6.0302	-74.109	-72.586
-3.3958	-6.2376	-30.009	9.0869	-5.6058	0.0044498	-0.55367	1.4614	2.6614	-0.2408	-0.43738	-0.58331	-1.7268	1.8574	-2.3892	-7.6427	-4.7289	10.936	56.525	-43.162	10.477	-1.5428	70.39	13.642	-45.555	-6.688	4.1971	80.329
-3.9863	0.082716	-26.587	7.2892	-5.8886	-0.84435	-3.1677	1.0813	2.7698	-0.36232	1.4067	-1.0466	-1.4909	0.073919	-23.619	252.81	136.89	-71.906	-11.311	-33.952	-104.56	-15.203	4.3374	-4.8606	73.762	-18.532	9.4358	-71.34
-5.4162	0.094071	-20.512	2.6699	-4.5571	-0.79472	-0.39573	0.47896	2.4271	-0.64759	2.0239	-0.12995	-1.5866	0.64127	-57.194	0.45419	242.99	-184.77	53.26	1.9853	110.88	-24.094	-13.709	-11.411	24.69	36.666	-3.8295	22.694
-7.0697	-18.405	-16.792	-0.16025	-3.8226	0.56159	-1.3429	0.63887	2.0634	-1.4923	-0.35678	-0.30437	-0.86478	0.85667	-66.141	-739.97	148.79	-113.2	29.377	54.252	-37.886	6.3964	-14.548	-33.79	-95.229	-6.977	28.874	8.616
-5.0528	-22.697	-0.90048	5.0489	-4.8868	-3.7466	-1.963	-2.9828	0.56972	-5.0945	0.38476	3.097	0.2577	0.12752	80.674	-171.68	635.67	208.37	-42.566	-172.33	-24.807	-144.87	-59.747	-144.09	29.662	136.05	44.899	-29.166
-4.7918	-14.064	-2.4392	7.7892	-8.1642	-7.616	0.017608	-4.3161	-1.1576	-4.8864	1.0051	4.7351	2.4591	-0.83277	10.44	345.35	-61.55	109.61	-131.1	-154.78	79.226	-53.332	-69.093	8.3259	24.813	65.524	88.055	-38.411
-5.0966	-44.248	-1.689	6.6055	-5.5956	-3.6263	-1.9865	-4.1652	-0.97145	-1.7246	4.7191	8.2829	3.3478	0.31758	-12.189	-1207.4	30.01	-47.346	102.74	159.59	-80.164	6.035	7.446	126.47	148.56	141.91	35.548	46.014
-7.3324	-56.953	-4.9842	3.7962	-4.6183	-3.9665	-0.69614	-1.8095	3.8913	-0.50124	3.6158	4.2519	0.82113	0.02129	-89.434	-508.22	-131.81	-112.37	39.092	-13.606	51.614	94.228	194.51	48.934	-44.132	-161.24	-101.07	-11.852
-8.3383	-37.927	-5.5029	-3.7558	-8.6267	-3.2399	-1.2128	2.0008	2.2334	-2.2373	0.30026	0.81882	0.21382	-0.62601	-40.236	761.03	-20.747	-302.08	-160.33	29.064	-20.666	152.41	-66.318	-69.444	-132.62	-137.32	-24.292	-25.892
-2.9747	-20.692	5.9156	0.39203	-7.1819	1.0803	0.30497	2.6093	3.5384	-2.08	0.92001	0.82292	1.235	-0.09811	214.54	689.41	456.74	165.91	57.793	172.81	60.71	24.338	52.203	6.2947	24.79	0.16396	40.847	21.116
-2.1855	20.343	8.738	-5.0612	-7.596	-2.5194	-1.4366	2.0247	3.9036	-2.8332	2.112	-0.41447	2.9261	-2.9248	31.568	1641.4	112.89	-218.13	-16.568	-143.99	-69.665	-23.385	14.605	-30.131	47.681	-49.496	67.643	-113.07
-1.5858	13.945	11.714	-7.0462	-5.5166	-2.6485	-1.7374	2.0687	3.1682	-1.5814	1.5022	-0.39931	2.2195	-2.0231	23.988	-255.95	119.06	-79.401	83.178	-5.1651	-12.031	1.7638	-29.414	50.075	-24.392	0.6066	-28.262	36.067
-1.4633	20.452	12.405	-8.2729	-4.6781	-3.2285	-2.6594	3.2341	1.4843	-0.37504	0.89007	-0.23486	2.5633	-2.4258	4.9017	260.32	27.609	-49.066	33.541	-23.199	-36.881	46.616	-67.357	48.253	-24.487	6.5778	13.751	-16.106
-1.4504	21.924	11.534	-7.9939	-5.0287	-1.1985	-3.7088	3.1325	1.32	0.91068	1.1677	-0.30571	1.7958	-1.205	0.51342	58.849	-34.809	11.158	-14.024	81.2	-41.972	-4.0644	-6.5731	51.429	11.104	-2.8339	-30.699	48.831
-1.176	27.001	8.3158	-8.5498	-5.2895	0.26508	-2.6911	3.6829	1.2934	-0.22059	1.4522	-1.384	1.9479	0.23989	10.979	203.09	-128.74	-22.235	-10.434	58.542	40.705	22.016	-1.0614	-45.251	11.383	-43.131	6.0819	57.796
-1.2816	25.53	11.472	-6.5966	-8.7566	-1.8613	-0.91738	4.9803	-1.3658	0.98855	1.4005	-0.2509	1.2786	0.16681	-4.2249	-58.82	126.25	78.13	-138.68	-85.054	70.95	51.896	-106.37	48.366	-2.0697	45.323	-26.77	-2.9232
-1.7196	19.913	12.093	-5.9396	-8.0817	-0.52059	-0.088635	3.6986	-2.4789	2.5354	-0.0030641	-0.31168	0.97723	0.43388	-17.52	-224.7	24.832	26.279	26.996	53.627	33.15	-51.269	-44.527	61.875	-56.143	-2.431	-12.056	10.683
-2.1969	11.128	14.826	-4.5004	-9.1967	1.2667	-0.14614	2.2261	-3.0124	4.315	0.3616	-0.56712	0.29647	0.59996	-19.093	-351.38	109.33	57.568	-44.599	71.49	-2.3001	-58.9	-21.338	71.185	14.587	-10.218	-27.23	6.6431
-2.7664	6.1721	13.623	-2.8891	-10.361	1.7729	0.021893	2.4191	-4.2427	4.1828	1.4708	-0.29544	-0.35992	0.58667	-22.779	-198.26	-48.105	64.452	-46.568	20.249	6.7213	7.7196	-49.212	-5.2892	44.369	10.867	-26.256	-0.53163
-3.7487	0.19797	7.8747	-1.003	-7.1557	-0.32402	2.3979	0.3066	-1.0035	1.2704	2.5996	0.58256	-1.356	0.86133	-39.292	-238.96	-229.95	75.445	128.21	-83.876	95.041	-84.5	129.57	-116.5	45.15	35.12	-39.842	10.987
-5.7781	-1.0691	-6.8416	1.1135	-0.064868	-1.0905	2.7969	-0.1827	1.713	-0.64322	1.7183	-0.8332	-2.7268	1.6757	-81.176	-50.684	-588.65	84.658	283.63	-30.661	15.959	-19.572	108.66	-76.545	-35.249	-56.63	-54.832	32.573
-6.2211	3.649	-15.283	-1.0902	0.69535	-1.2294	1.8213	-2.116	-0.087688	-0.38574	0.65936	0.86124	-0.063566	1.3727	-17.721	188.73	-337.66	-88.144	30.409	-5.5547	-39.025	-77.332	-72.026	10.299	-42.359	67.777	106.53	-12.117
-6.1143	1.8508	-18.227	-0.83803	0.09568	-1.238	2.0267	-0.83011	2.3906	-1.2971	0.012776	0.83907	-0.39608	0.66368	4.2739	-71.925	-117.74	10.085	-23.987	-0.3427	8.2185	51.436	99.13	-36.455	-25.863	-0.88644	-13.301	-28.363
-6.1133	1.7813	-17.298	-0.25993	0.51741	0.2512	2.1556	1.4361	3.2254	-1.0384	-0.5951	-0.48024	-0.29877	1.5208	0.038845	-2.7822	37.135	23.124	16.869	59.567	5.1562	90.649	33.392	10.347	-24.315	-52.773	3.8926	34.287
-5.8541	5.2859	-17.753	-2.2679	-2.397	1.3163	2.8454	1.3172	1.9241	-1.7021	0.040143	-1.1578	-0.7872	1.0099	10.367	140.18	-18.198	-80.317	-116.58	42.605	27.591	-4.7571	-52.051	-26.545	25.41	-27.1	-19.537	-20.438
-5.6733	7.8857	-18.562	0.21866	0.23253	-1.2938	2.3296	0.57313	1.0193	-3.1272	-2.0212	-1.4636	-0.85574	0.56841	7.2339	103.99	-32.361	99.461	105.18	-104.4	-20.631	-29.763	-36.19	-57.007	-82.454	-12.233	-2.7416	-17.66
-5.3741	9.3423	-19.617	-0.59779	-1.1983	-0.046824	0.92922	-1.2629	1.4304	-1.9975	-0.99802	0.52096	-0.40421	1.0277	11.967	58.268	-42.215	-32.658	-57.232	49.877	-56.015	-73.44	16.443	45.191	40.928	79.382	18.061	18.372
-5.1492	11.884	-20.288	-1.8927	-1.1746	-0.81123	1.6306	-0.30658	3.0554	0.78246	1.0752	0.99095	-0.8764	0.24206	8.9954	101.66	-26.826	-51.797	0.94709	-30.576	28.056	38.252	64.999	111.2	82.93	18.8	-18.887	-31.426
-5.1073	12.737	-20.808	-3.5258	-0.71077	-1.218	1.9236	0.95409	2.9887	0.64867	1.0919	1.0302	-2.6287	-0.19556	1.6752	34.139	-20.801	-65.325	18.552	-16.269	11.718	50.427	-2.6664	-5.3515	0.66826	1.5709	-70.093	-17.505
-5.3452	10.76	-16.262	-2.7887	0.89964	1.384	2.8517	1.2344	0.84032	-1.4547	-0.83833	1.0059	-1.6119	-0.082992	-9.5141	-79.107	181.83	29.484	64.416	104.08	37.125	11.212	-85.937	-84.136	-77.211	-0.97489	40.674	4.5028
-6.1385	2.0928	-13.178	-3.5153	0.32997	0.82981	2.2278	0.23363	-0.20993	-2.3126	-0.1966	0.66679	-2.5992	-0.44344	-31.734	-346.67	123.38	-29.061	-22.787	-22.166	-24.957	-40.03	-42.01	-34.314	25.669	-13.563	-39.494	-14.418
-6.3465	-18.458	-5.3026	-2.5653	-0.95768	0.9255	1.8301	-0.59737	1.3362	-0.39393	-0.34187	0.79968	-0.53416	1.3393	-8.3203	-822.05	315.02	37.999	-51.506	3.8279	-15.908	-33.24	61.847	76.746	-5.8112	5.3158	82.602	71.311
-2.5439	-5.4553	18.238	2.3605	-10.097	-3.8887	4.6463	2.3206	-5.4565	-0.98561	-0.42077	1.1876	0.31998	0.57858	152.11	520.12	941.64	197.03	-365.56	-192.57	112.65	116.72	-271.71	-23.667	-3.1557	15.517	34.166	-30.43
-1.8759	1.6245	19.6	2.7785	-11.222	-5.5101	4.589	1.5469	-5.4185	-2.2302	0.21224	0.62101	1.2392	0.43276	26.721	283.19	54.482	16.721	-45.007	-64.858	-2.291	-30.949	1.5204	-49.784	25.32	-22.664	36.769	-5.8325
-1.6241	-0.92111	20.84	3.1456	-12.382	-5.7082	5.9833	1.9126	-5.4303	-2.1081	-0.24771	0.66049	2.2732	-0.19895	10.072	-101.82	49.588	14.684	-46.399	-7.9225	55.769	14.627	-0.47379	4.8848	-18.398	1.5792	41.361	-25.269
-1.6077	-2.2126	22.161	2.7767	-12.259	-6.5196	6.788	2.4161	-6.3726	-1.8073	0.084658	0.25318	1.8854	0.43769	0.65245	-51.66	52.853	-14.758	4.9216	-32.456	32.189	20.142	-37.692	12.03	13.295	-16.292	-15.515	25.466
-1.5661	2.6484	20.256	1.0153	-10.517	-4.9873	5.0524	2.2194	-4.3572	-2.9779	-0.71138	1.6941	1.3935	0.0023788	1.6677	194.44	-76.23	-70.455	69.694	61.29	-69.423	-7.8676	80.617	-46.823	-31.842	57.638	-19.674	-17.413
-1.5136	1.1912	21.225	2.4316	-11.306	-6.1788	7.2608	1.6011	-5.5844	-2.5023	-0.91694	1.8535	1.0598	-0.25577	2.1001	-58.286	38.776	56.652	-31.56	-47.658	88.335	-24.733	-49.087	19.025	-8.2224	6.3764	-13.348	-10.326
-1.4766	1.0657	20.952	2.9494	-11.621	-5.742	6.7641	2.2728	-6.306	-2.6524	-0.76016	1.5847	1.402	-0.37412	1.4775	-5.0234	-10.907	20.713	-12.639	17.472	-19.866	26.866	-28.865	-6.0063	6.2712	-10.752	13.687	-4.734
-1.489	1.044	21.275	2.8889	-11.678	-5.5671	7.2316	1.9664	-6.7249	-2.3522	-0.86617	1.5106	1.401	-0.32533	-0.49366	-0.86703	12.899	-2.4187	-2.2637	6.997	18.7	-12.254	-16.754	12.011	-4.2405	-2.9647	-0.041271	1.9515
-1.4763	1.1569	20.903	2.6709	-11.053	-5.3001	7.5795	1.4607	-6.7806	-2.7044	-0.1523	1.009	1.4176	-0.22885	0.50714	4.5165	-14.872	-8.72	24.996	10.679	13.915	-20.23	-2.2301	-14.088	28.555	-20.065	0.6661	3.8591
-1.5011	2.7561	20.619	1.2055	-10.215	-3.8211	6.6852	1.4326	-7.1137	-1.9743	-0.48783	1.1486	1.8539	-0.48132	-0.99131	63.969	-11.352	-58.617	33.53	59.159	-35.773	-1.124	-13.323	29.204	-13.421	5.5843	17.452	-10.099
-1.5033	3.6993	20.429	0.21535	-9.0025	-3.9919	7.5009	0.84982	-8.0756	-1.7969	0.3552	0.94755	1.0585	-0.23521	-0.089825	37.729	-7.6327	-39.605	48.496	-6.8329	32.63	-23.309	-38.475	7.0964	33.721	-8.0421	-31.817	9.8445
-1.5917	6.8559	18.614	-0.33219	-7.8939	-3.1753	8.1152	-1.0545	-8.3189	-1.1565	0.98555	0.39141	0.38609	0.11419	-3.5376	126.26	-72.587	-21.902	44.347	32.666	24.572	-76.172	-9.7339	25.616	25.214	-22.246	-26.895	13.976
-1.7061	8.0197	16.894	-0.42548	-5.9902	-2.2312	8.0384	-2.5163	-7.9875	-0.82249	1.1431	-0.36239	-0.24607	0.67799	-4.5752	46.55	-68.796	-3.7317	76.147	37.765	-3.0748	-58.472	13.258	13.359	6.3036	-30.152	-25.286	22.552
-1.8679	7.6283	16.252	-2.7643	-2.8069	-0.30053	7.2583	-4.0011	-8.2747	0.60667	1.0242	-1.5301	-1.0186	1.16	-6.4714	-15.653	-25.686	-93.554	127.33	77.225	-31.201	-59.395	-11.49	57.167	-4.7561	-46.707	-30.902	19.279
-2.1151	7.9284	14.19	-4.1685	1.3027	1.1967	6.0874	-5.5322	-6.6335	0.45209	1.6	-2.7193	-1.4056	1.5451	-9.8889	12.001	-82.486	-56.167	164.38	59.889	-46.837	-61.242	65.648	-6.1833	23.033	-47.57	-15.479	15.406
-2.4911	5.6784	14.552	-6.3838	5.2464	1.8539	3.8833	-5.2191	-6.2692	2.5185	0.32233	-3.4494	-1.1338	1.6719	-15.04	-89.997	14.496	-88.611	157.75	26.29	-88.165	12.525	14.573	82.658	-51.109	-29.203	10.872	5.0732
-2.7658	4.4761	12.905	-5.8321	8.1621	1.4971	1.9532	-4.1301	-5.5881	3.242	-0.82195	-3.623	-0.94198	1.4248	-10.986	-48.092	-65.867	22.068	116.63	-14.272	-77.201	43.557	27.245	28.938	-45.771	-6.943	7.6721	-9.8848
-2.9056	4.9504	11.699	-6.142	10.699	0.15956	1.7326	-3.5375	-5.1834	3.2745	-1.864	-2.9386	-1.3294	1.5629	-5.5915	18.969	-48.241	-12.398	101.48	-53.503	-8.8267	23.704	16.187	1.3017	-41.681	27.376	-15.498	5.5243
-2.9821	5.2874	10.032	-4.6927	10.396	1.1548	0.407	-3.2778	-4.4243	2.592	-2.0018	-3.0705	-0.88619	1.3179	-3.0594	13.48	-66.683	57.974	-12.116	39.809	-53.023	10.389	30.365	-27.301	-5.5132	-5.279	17.73	-9.7993
-3.0719	2.2339	10.524	-4.7245	10.798	1.2792	0.43374	-3.4931	-4.3484	2.6197	-1.5516	-3.3091	-0.76341	1.3754	-3.5953	-122.14	19.665	-1.2727	16.064	4.9757	1.0699	-8.6111	3.0334	1.1082	18.006	-9.5416	4.9112	2.298
-3.2362	-0.23303	11.003	-4.3506	10.061	2.2865	0.15727	-3.8326	-4.3838	2.0303	-0.60403	-3.6986	-0.54898	1.4125	-6.5699	-98.678	19.17	14.958	-29.487	40.294	-11.059	-13.578	-1.4137	-23.575	37.904	-15.581	8.577	1.4853
-3.3553	-3.3462	12.098	-3.5248	8.5736	3.8319	-1.1201	-3.556	-3.9531	1.576	-0.76691	-3.1431	-0.68135	1.3134	-4.7649	-124.53	43.797	33.029	-59.482	61.813	-51.093	11.061	17.228	-18.172	-6.5151	22.221	-5.2947	-3.965
-3.2869	-5.8424	13.408	-3.2835	7.6113	4.1008	-1.1008	-4.1894	-3.3677	1.4726	-1.0143	-2.7158	-1.1853	1.9214	2.738	-99.848	52.402	9.6529	-38.49	10.756	0.76949	-25.333	23.414	-4.1368	-9.8935	17.093	-20.157	24.319
-3.1561	-7.0389	14.947	-3.2467	5.2161	5.411	-0.87887	-4.9515	-3.0963	1.3971	-1.1301	-2.3928	-1.2681	1.9327	5.2283	-47.862	61.559	1.4712	-95.809	52.41	8.8782	-30.484	10.856	-3.0215	-4.6334	12.92	-3.3113	0.45277
-2.9528	-6.4918	15.754	-3.4035	4.1832	5.2906	-0.04707	-6.3596	-2.4622	1.1939	-1.2657	-1.9318	-1.5149	2.037	8.1325	21.885	32.282	-6.2719	-41.314	-4.8171	33.272	-56.326	25.363	-8.1285	-5.4237	18.439	-9.8726	4.1735
-2.7639	-5.875	16.587	-3.4661	3.1364	5.5271	0.19895	-6.4694	-3.5934	0.70957	0.5951	-2.5824	-1.5681	2.5123	7.5555	24.672	33.304	-2.5035	-41.876	9.4614	9.8408	-4.3929	-45.245	-19.372	74.431	-26.025	-2.13	19.011
-2.5949	-1.4038	15.822	-3.4949	2.3432	4.5862	0.70281	-5.5874	-4.915	0.28363	1.7608	-2.8183	-1.5623	2.2134	6.7604	178.85	-30.589	-1.1535	-31.728	-37.636	20.154	35.284	-52.865	-17.037	46.63	-9.435	0.2324	-11.955
-2.4408	0.25106	15.372	-2.2039	0.074237	5.0127	1.1733	-6.2757	-4.7276	0.41902	1.2037	-1.7759	-1.7107	1.8528	6.1653	66.195	-18.02	51.642	-90.757	17.057	18.819	-27.535	7.4972	5.4156	-22.285	41.697	-5.937	-14.425
-2.3007	3.0809	15.32	-3.7305	1.2903	4.1549	0.51068	-4.8096	-6.4206	1.0263	1.6095	-1.9375	-1.2249	1.9584	5.603	113.19	-2.0688	-61.065	48.643	-34.312	-26.504	58.647	-67.72	24.291	16.23	-6.464	19.434	4.2237
-2.2298	5.1733	15.156	-5.0026	3.141	2.6455	0.45334	-4.1588	-7.1138	2.1463	0.79401	-1.3992	-0.54334	1.325	2.8388	83.699	-6.5487	-50.883	74.026	-60.373	-2.2938	26.029	-27.731	44.8	-32.619	21.531	27.262	-25.336
-2.3041	7.3064	14.279	-5.3485	3.7476	2.307	-0.53051	-3.0467	-6.3486	0.98977	1.2614	-1.0094	-0.20532	0.80982	-2.9753	85.321	-35.074	-13.834	24.264	-13.541	-39.354	44.485	30.609	-46.26	18.697	15.591	13.521	-20.606
-2.3827	9.2388	13.127	-5.7086	5.02	1.6754	-1.4533	-1.8678	-6.2534	1.1403	0.46041	0.089651	0.088246	-0.012476	-3.1429	77.298	-46.109	-14.405	50.897	-25.264	-36.913	47.155	3.8098	6.0223	-32.041	43.963	11.743	-32.892
-2.4981	11.536	10.515	-3.8261	5.027	1.2974	-1.4755	-2.4013	-4.9715	0.46924	0.57848	0.12677	0.16919	0.15642	-4.6171	91.869	-104.48	75.3	0.27804	-15.121	-0.88763	-21.337	51.276	-26.844	4.7231	1.4847	3.2377	6.7558
-2.5412	12.503	9.0581	-2.5421	4.3119	1.7955	-1.8765	-1.6975	-4.6741	-0.39736	0.78482	0.37055	-0.14562	-0.0926	-1.722	38.705	-58.256	51.361	-28.602	19.926	-16.037	28.152	11.898	-34.664	8.2535	9.7514	-12.592	-9.9607
-2.6231	12.24	8.2635	-1.0953	3.9894	1.9535	-2.2313	-1.5289	-3.9705	-1.3282	0.6862	0.79843	-0.077053	-1.1149	-3.2753	-10.531	-31.785	57.871	-12.902	6.3202	-14.194	6.7418	28.141	-37.235	-3.9448	17.115	2.7428	-40.894
-2.7744	8.9995	9.1983	-0.60656	3.2372	3.296	-1.9067	-1.4123	-3.7025	-2.0112	0.54723	0.31527	0.0037544	-1.8131	-6.0514	-129.61	37.393	19.549	-30.085	53.699	12.984	4.6632	10.719	-27.316	-5.5587	-19.326	3.2323	-27.928
-3.1432	-1.0985	11.443	0.96833	1.6425	5.8967	-2.318	-0.58315	-3.4786	-2.4847	0.16993	0.27485	0.87845	-2.9452	-14.754	-403.92	89.771	62.996	-63.789	104.03	-16.454	33.168	8.9585	-18.943	-15.092	-1.6168	34.988	-45.284
-3.7344	-8.6522	10.97	2.2687	0.66435	7.2345	-0.09518	-1.7093	-1.1699	-3.8861	-0.012445	-0.55651	0.40984	-1.8202	-23.649	-302.15	-18.895	52.013	-39.126	53.51	88.915	-45.046	92.346	-56.055	-7.2952	-33.254	-18.744	45.003
-4.2952	-11.639	8.3806	4.0897	-0.2	6.342	1.4006	-2.07	0.069384	-3.6815	-0.11272	-0.47375	0.018016	-1.4612	-22.432	-119.46	-103.58	72.84	-34.574	-35.699	59.83	-14.43	49.572	8.1853	-4.0112	3.3101	-15.673	14.357
-4.5587	-13.047	7.4471	4.9632	1.1734	4.0747	2.8417	-2.3507	-1.0815	-3.6625	0.65563	0.12665	-1.1482	-0.66083	-10.54	-56.335	-37.34	34.941	54.934	-90.691	57.647	-11.225	-46.036	0.75949	30.734	24.016	-46.648	32.017
-4.5356	-11.383	7.2877	4.3261	2.1071	3.583	1.1632	-1.5464	-0.96457	-2.7141	-0.7714	1.3063	-0.91209	-1.2513	0.92472	66.547	-6.3763	-25.482	37.348	-19.668	-67.143	32.172	4.6773	37.937	-57.081	47.185	9.4438	-23.618
-4.3748	-8.8359	7.6426	3.9336	-0.27743	4.3941	0.037459	-2.0137	-2.2563	-1.4741	0.75551	2.0199	-0.38394	-1.1766	6.4324	101.9	14.197	-15.7	-95.38	32.444	-45.029	-18.693	-51.669	49.6	61.076	28.543	21.126	2.9891
-4.0977	-6.5877	8.9722	3.0811	-0.6336	3.6775	-1.4132	-0.58776	-1.6482	-1.3491	0.67629	1.4938	0.72009	-1.2054	11.083	89.928	53.182	-34.1	-14.247	-28.667	-58.027	57.037	24.326	4.9966	-3.1684	-21.043	44.161	-1.1532
-3.9268	-3.6347	10.074	1.8093	-2.3299	4.9083	-2.9894	0.9291	-2.0111	-0.49923	0.97057	1.802	1.9082	-3.144	6.8365	118.12	44.083	-50.873	-67.852	49.234	-63.047	60.675	-14.518	33.996	11.771	12.331	47.523	-77.544
-3.9574	-3.3266	9.4963	1.6595	-2.4314	4.5835	-3.1078	1.4088	-2.3746	0.5004	1.2219	1.4016	2.2879	-3.143	-1.2217	12.326	-23.12	-5.9934	-4.0597	-12.991	-4.7375	19.186	-14.541	39.985	10.052	-16.019	15.191	0.040157
-4.3532	-5.3543	8.3682	2.161	-2.5475	4.9696	-3.5706	1.8149	-0.94035	-0.005866	1.1047	1.8121	2.4527	-3.87	-15.834	-81.11	-45.121	20.062	-4.6461	15.442	-18.513	16.246	57.371	-20.251	-4.6848	16.422	6.5907	-29.083
-4.7979	-9.0084	7.9742	2.1144	-2.3752	5.596	-3.5706	1.6168	1.0829	-1.1273	0.73097	2.2597	2.8167	-4.628	-17.787	-146.16	-15.76	-1.8639	6.8938	25.058	0.0026812	-7.9234	80.929	-44.858	-14.951	17.905	14.561	-30.316
-5.1972	-14.318	8.5343	1.4928	-0.96944	5.2169	-3.6216	2.2377	2.085	-1.0895	-0.22733	3.077	2.1382	-3.5192	-15.973	-212.38	22.401	-24.866	56.23	-15.164	-2.0396	24.833	40.084	1.5132	-38.332	32.69	-27.14	44.35
-5.441	-17.95	8.9633	0.54202	-0.82517	5.3735	-3.2196	2.1914	3.5515	-1.7204	-0.88353	3.8798	1.6421	-3.0048	-9.7523	-145.3	17.163	-38.031	5.7709	6.2656	16.078	-1.8498	58.663	-25.235	-26.248	32.111	-19.844	20.575
-5.5457	-19.305	8.8838	0.47293	-0.82965	6.1879	-4.4901	3.7507	3.3145	-2.477	-0.56202	4.2182	0.9605	-2.2287	-4.1874	-54.185	-3.18	-2.7635	-0.17936	32.572	-50.818	62.37	-9.4824	-30.265	12.861	13.537	-27.265	31.046
-5.5317	-17.619	6.8923	1.2986	-0.73921	5.2294	-3.8374	3.5554	3.6892	-2.3162	-0.48814	3.4275	1.2347	-1.5515	0.55842	67.456	-79.663	33.025	3.6175	-38.339	26.105	-7.8107	14.99	6.4299	2.9552	-31.629	10.969	27.089
-5.6069	-13.08	3.8364	2.8663	-0.83073	5.3454	-3.8811	2.0424	2.8348	-1.9233	-0.033522	3.5494	0.078689	-1.4642	-3.0051	181.55	-122.23	62.708	-3.6606	4.6389	-1.7473	-60.521	-34.176	15.716	18.185	4.8759	-46.241	3.4898
-5.9343	-14.553	0.24632	5.9263	-0.79216	3.7112	-1.2556	-0.14967	1.6179	-0.30938	1.0548	1.7608	-0.10419	-2.4003	-13.098	-58.932	-143.6	122.4	1.5429	-65.364	105.02	-87.682	-48.677	64.558	43.533	-71.544	-7.315	-37.442
-3.91	-15.052	-21.194	15.324	-3.3548	3.8542	-3.1926	-0.018554	1.8974	-2.1745	0.48685	-0.75306	0.65828	-1.0059	80.972	-19.948	-857.62	375.92	-102.51	5.7166	-77.481	5.2447	11.18	-74.603	-22.718	-100.55	30.499	55.773
-3.3144	-12.501	-31.486	14.017	-4.1362	3.9939	-0.86049	2.093	1.7459	0.22251	0.50341	-0.94096	-0.65806	0.69644	23.826	102.03	-411.67	-52.288	-31.254	5.5897	93.284	84.462	-6.0614	95.879	0.66256	-7.5159	-52.654	68.095
-2.8936	-6.4651	-28.961	14.937	-2.5695	1.9568	1.4431	0.53972	1.4444	0.33987	-0.15041	-0.15875	-2.4283	0.77506	16.831	241.44	101.02	36.79	62.666	-81.484	92.145	-62.131	-12.058	4.6943	-26.153	31.288	-70.811	3.1445
-2.8523	-5.8428	-31.867	12.482	-4.9768	2.545	2.1136	2.0816	3.1649	-0.20801	0.5605	-0.3125	-1.7396	0.49083	1.6515	24.892	-116.26	-98.212	-96.292	23.527	26.82	61.677	68.82	-21.915	28.436	-6.1499	27.548	-11.369
-2.6686	-4.0711	-28.715	12.708	-5.304	3.2622	3.6969	0.99127	3.8004	-0.057143	-0.89208	-1.6905	-0.11465	1.9384	7.3492	70.867	126.1	9.0707	-13.087	28.688	63.329	-43.615	25.42	6.0346	-58.103	-55.119	64.999	57.904
-2.9134	-3.4627	-29.491	14.623	-4.269	2.8791	2.058	0.97716	2.9888	-1.6254	0.24104	-0.43553	0.40787	0.081809	-9.7923	24.338	-31.042	76.575	41.401	-15.322	-65.554	-0.56425	-32.466	-62.731	45.325	50.198	20.901	-74.265
-2.7689	-2.3636	-29.446	13.712	-4.4743	2.8391	3.7079	-0.034704	1.3978	0.11932	-0.10557	0.11178	-1.0189	-0.45414	5.7781	43.962	1.776	-36.428	-8.2112	-1.6027	65.994	-40.475	-63.639	69.789	-13.864	21.892	-57.072	-21.438
-3.0855	-4.4146	-31.45	10.082	-7.0798	1.3137	0.73179	-1.4774	1.3208	-1.3719	1.7324	1.9991	-1.4536	1.1113	-12.662	-82.038	-80.137	-145.19	-104.22	-61.015	-119.04	-57.708	-3.0787	-59.648	73.519	75.495	-17.385	62.617
-3.3605	-5.101	-31.717	9.8282	-4.3309	1.2454	1.1956	-1.4383	2.8038	-0.97792	1.3541	1.0964	-2.4836	2.2081	-10.998	-27.458	-10.674	-10.162	109.96	-2.7341	18.552	1.5628	59.319	15.759	-15.132	-36.109	-41.202	43.873
-4.0432	0.39481	-29.533	9.2013	-2.5637	-0.86583	1.8106	-0.16636	2.7984	-0.66274	1.2743	0.79948	-1.0827	1.5559	-27.308	219.83	87.339	-25.074	70.686	-84.447	24.602	50.879	-0.21691	12.607	-3.1918	-11.878	56.035	-26.088
-4.8606	-8.6341	-23.342	4.9799	-1.43	-0.20165	1.8213	-0.45766	3.4025	0.10721	1.8997	0.65732	-2.2091	0.59873	-32.698	-361.16	247.64	-168.86	45.35	26.567	0.42549	-11.652	24.167	30.798	25.013	-5.6867	-45.055	-38.287
-1.9015	6.4418	7.1926	5.5423	-4.4083	-1.9488	-1.5128	0.15623	-0.31804	-4.2878	0.88709	1.9377	0.36891	-0.93627	118.37	603.04	1221.4	22.497	-119.13	-69.886	-133.36	24.556	-148.82	-175.8	-40.503	51.214	103.12	-61.4
-1.048	31.453	7.5256	-0.90199	-4.449	-2.6236	-3.6102	2.3031	-0.48172	-4.2544	3.6288	0.47033	2.8905	-2.924	34.14	1000.4	13.319	-257.77	-1.6257	-26.992	-83.897	85.875	-6.5473	1.3381	109.67	-58.694	100.86	-79.509
-0.56824	32.477	8.2139	-3.1957	-6.0668	-2.5271	-3.3084	2.981	1.4103	-4.4248	4.6581	0.065242	2.1119	-2.8627	19.189	40.959	27.532	-91.748	-64.714	3.8585	12.07	27.114	75.679	-6.8184	41.172	-16.204	-31.146	2.4522
-0.45361	34.785	7.1709	-5.6004	-5.432	-4.256	-1.3184	3.7773	1.6223	-3.125	5.1175	-0.6557	1.3955	-3.9152	4.5853	92.357	-41.719	-96.19	25.394	-69.154	79.6	31.852	8.4818	51.995	18.375	-28.838	-28.655	-42.102
-0.42854	35.875	6.5249	-8.0648	-5.2205	-4.516	0.79145	3.7012	2.5798	-3.6914	5.2568	-1.5908	1.8293	-3.5691	1.0029	43.582	-25.842	-98.574	8.4599	-10.4	84.395	-3.0412	38.299	-22.659	5.5724	-37.403	17.35	13.844
-0.58961	37.028	4.9146	-8.1683	-5.1157	-4.2702	1.595	4.3241	1.0515	-2.1577	4.9693	-1.5382	1.4104	-3.5852	-6.443	46.102	-64.411	-4.1397	4.1922	9.8325	32.142	24.914	-61.129	61.348	-11.499	2.1031	-16.755	-0.64368
-0.77848	35.591	5.2828	-9.245	-4.0615	-2.9371	0.11661	5.2215	-0.15493	-0.61055	3.6069	-0.41173	1.0767	-3.9809	-7.5548	-57.455	14.728	-43.068	42.167	53.325	-59.136	35.894	-48.259	61.887	-54.497	45.059	-13.349	-15.829
-0.93076	33.813	6.0636	-10.249	-2.501	-2.3268	-0.099534	4.6447	-1.2801	0.80432	3.4395	-0.037604	0.25211	-3.7601	-6.0908	-71.133	31.232	-40.165	62.418	24.411	-8.6456	-23.068	-45.005	56.595	-6.6939	14.965	-32.983	8.833
-1.1067	32.181	6.5619	-10.374	-2.0032	-1.2546	-0.32067	3.8261	-2.0268	2.3986	3.2603	-0.1364	0.55539	-4.2074	-7.0368	-65.288	19.933	-5.0083	19.915	42.889	-8.8456	-32.746	-29.868	63.769	-7.17	-3.9519	12.131	-17.893
-1.5347	31.354	5.8435	-9.64	0.18423	-1.5323	-0.54442	2.6095	-1.5728	2.874	3.1817	-0.33562	1.0192	-4.2687	-17.12	-33.061	-28.738	29.373	87.496	-11.111	-8.9499	-48.662	18.159	19.018	-3.1426	-7.9688	18.552	-2.451
-1.8636	27.85	5.6143	-8.1417	0.89129	-1.3644	-0.59318	1.065	-0.71459	2.5126	3.5415	0.27266	-0.13884	-3.083	-13.158	-140.16	-9.1651	59.931	28.282	6.7177	-1.9503	-61.78	34.328	-14.454	14.392	24.331	-46.321	47.43
-2.2369	29.14	2.7597	-6.2998	1.3987	-1.1604	-0.0096056	-1.5178	1.7003	1.81	3.0769	0.62444	-1.0283	-1.3755	-14.932	51.608	-114.18	73.679	20.296	8.1589	23.343	-103.32	96.595	-28.104	-18.586	14.071	-35.578	68.297
-2.4851	32.917	-2.6705	-1.2763	1.0826	-1.0814	0.49766	-3.3345	2.7416	1.432	1.9545	1.3756	-0.42104	-1.029	-9.9274	151.07	-217.21	200.94	-12.644	3.1625	20.291	-72.667	41.652	-15.123	-44.894	30.046	24.289	13.86
-2.5298	20.199	6.5381	-6.3178	3.5445	-0.29021	-1.4171	-1.4405	1.0279	2.1727	2.2436	0.11067	0.88559	-0.93993	-1.7896	-508.71	368.35	-201.66	98.478	31.646	-76.591	75.76	-68.547	29.629	11.565	-50.597	52.265	3.564
-2.7278	14.659	8.9385	-6.3426	4.3544	0.88822	-2.0913	-1.0989	0.3804	1.5422	2.3977	-0.056569	1.5102	-0.54235	-7.918	-221.62	96.015	-0.99218	32.396	47.137	-26.968	13.666	-25.9	-25.221	6.1605	-6.6896	24.983	15.903
-3.1959	10.243	11.526	-7.3171	4.7867	2.4516	-1.7564	-1.1687	-0.43962	1.1337	2.7905	-0.55479	0.82187	0.80376	-18.723	-176.64	103.51	-38.983	17.291	62.537	13.395	-2.7925	-32.801	-16.339	15.715	-19.929	-27.532	53.845
-3.9925	-7.8307	9.585	-4.4321	4.5367	3.2766	-1.5044	-0.76856	-0.18116	1.2777	1.7994	0.19644	0.93341	0.5749	-31.866	-722.95	-77.645	115.4	-9.9996	32.998	10.081	16.004	10.338	5.76	-39.646	30.049	4.4614	-9.1544
-5.1024	-19.728	7.3954	-0.64971	5.7929	6.5805	1.3393	1.6999	2.0444	-1.509	-0.97215	-0.0051698	1.637	0.34325	-44.395	-475.9	-87.582	151.29	50.245	132.16	113.75	98.738	89.02	-111.47	-110.86	-8.0644	28.143	-9.2661
-4.9529	-16.309	6.2901	-0.88996	5.9867	5.532	1.8572	1.7994	1.281	-1.1127	-0.42213	0.10874	1.3698	0.10521	5.9806	136.76	-44.213	-9.61	7.7548	-41.938	20.715	3.9806	-30.533	15.851	22.001	4.5563	-10.688	-9.5215
-4.9301	-18.046	8.0126	-1.356	6.1073	5.4134	1.5335	2.6629	0.36488	-0.66475	-0.80634	0.016974	1.2974	0.66423	0.9129	-69.47	68.901	-18.64	4.8249	-4.7465	-12.95	34.541	-36.646	17.918	-15.369	-3.6706	-2.897	22.361
-4.8925	-18.735	7.713	-0.24944	5.3118	5.8179	1.848	2.0374	1.1152	-1.344	-0.80481	0.22107	1.2034	1.0748	1.5034	-27.559	-11.987	44.261	-31.821	16.183	12.582	-25.023	30.011	-27.17	0.06121	8.1637	-3.758	16.421
-4.852	-19.438	8.3043	0.60201	4.783	5.3504	1.8801	2.0725	0.96779	-0.80748	-0.92513	-0.15951	1.8253	0.58837	1.6184	-28.118	23.656	34.058	-21.154	-18.702	1.2809	1.4078	-5.8947	21.461	-4.8128	-15.223	24.873	-19.455
-4.3634	0.82944	3.3645	-1.3057	5.4827	1.9972	1.8898	-0.099679	0.30166	-0.14502	1.8228	0.58949	-1.0507	2.8401	19.544	810.69	-197.59	-76.308	27.991	-134.13	0.38841	-86.889	-26.645	26.498	109.92	29.96	-115.04	90.071
-3.9799	8.0371	4.1999	-2.3451	9.1904	1.1399	-1.0187	-0.44975	0.50229	-0.23369	1.2484	0.89794	-0.83832	2.4816	15.339	288.3	33.413	-41.575	148.31	-34.29	-116.34	-14.003	8.0251	-3.5468	-22.974	12.338	8.4941	-14.341
-3.8912	2.3253	4.971	-1.1272	10.961	0.38591	-4.4195	0.29322	2.1251	0.83643	-0.79579	0.47441	1.3433	0.77977	3.5508	-228.47	30.847	48.715	70.82	-30.161	-136.03	29.718	64.911	42.805	-81.768	-16.941	87.265	-68.074
-3.9775	0.90924	3.8085	0.87209	11.158	0.035692	-5.19	1.0094	3.2852	0.30774	-1.631	0.20907	1.6684	1.183	-3.4527	-56.641	-46.501	79.972	7.8879	-14.009	-30.823	28.648	46.404	-21.148	-33.407	-10.614	13.002	16.128
-4.0319	0.055367	2.9588	1.9079	10.755	0.43609	-4.8249	0.99902	2.5221	0.85613	-2.4529	0.81859	1.7132	0.84359	-2.1763	-34.155	-33.989	41.432	-16.131	16.016	14.607	-0.41611	-30.523	21.935	-32.876	24.381	1.7935	-13.574
-4.0823	1.1886	1.9353	2.9936	11.071	-0.43198	-4.7428	1.0261	3.2916	0.276	-1.9465	-0.56817	1.9521	1.4704	-2.0162	45.328	-40.94	43.428	12.638	-34.723	3.2839	1.0824	30.779	-23.205	20.254	-55.47	9.5543	25.071
-4.0728	-0.30929	2.3116	2.3745	12.628	-1.1242	-4.7912	1.7472	1.8512	1.6688	-2.9933	-0.0073405	1.5093	1.4257	0.37964	-59.915	15.053	-24.765	62.27	-27.691	-1.935	28.846	-57.617	55.71	-41.873	22.433	-17.709	-1.7879
-4.0635	-1.981	2.4318	3.6233	11.65	0.02897	-6.1532	2.2927	1.8238	1.8622	-3.4172	-0.68121	2.4663	1.3029	0.37065	-66.867	4.8078	49.953	-39.092	46.129	-54.483	21.82	-1.0921	7.7395	-16.953	-26.955	38.277	-4.9105
-4.0907	-2.0991	2.1886	3.3134	12.352	0.14162	-5.736	1.1273	1.9683	1.8142	-3.7827	0.50685	1.6799	1.0293	-1.0871	-4.727	-9.7288	-12.395	28.059	4.5059	16.691	-46.616	5.7786	-1.9215	-14.622	47.523	-31.455	-10.945
-4.1209	-0.33473	1.4336	2.2659	13.332	-1.1958	-5.0329	2.0497	2.4023	0.771	-4.088	0.64577	1.2298	1.4809	-1.2065	70.577	-30.2	-41.902	39.224	-53.499	28.12	36.895	17.361	-41.729	-12.212	5.5566	-18.006	18.066
-4.2131	-1.2059	2.2201	2.0967	12.798	-0.75047	-6.1621	2.4339	2.6016	0.5275	-3.6608	0.24191	0.67749	2.4206	-3.6888	-34.845	31.459	-6.7684	-21.38	17.815	-45.167	15.367	7.9729	-9.7398	17.091	-16.154	-22.091	37.585
-4.3948	-1.7263	1.8186	2.054	12.855	-0.27283	-6.2236	2.1297	2.4174	0.71351	-3.6634	0.51822	0.31591	2.1036	-7.2694	-20.82	-16.061	-1.7049	2.2958	19.106	-2.4585	-12.167	-7.3715	7.4402	-0.10768	11.052	-14.463	-12.679
-4.4882	-3.578	2.3391	1.7182	13.004	0.022108	-6.3376	1.2824	2.796	0.69819	-3.1521	-0.31929	0.54566	2.1566	-3.733	-74.065	20.823	-13.433	5.954	11.797	-4.5603	-33.892	15.146	-0.61281	20.453	-33.5	9.1898	2.1219
-4.6764	-5.9897	2.1632	1.8404	11.504	1.331	-6.2122	0.75191	3.7031	0.34687	-3.3996	0.3245	-0.25257	2.8287	-7.5282	-96.469	-7.0372	4.887	-59.983	52.355	5.0169	-21.219	36.284	-14.053	-9.8984	25.752	-31.929	26.881
-4.8387	-7.7617	2.2593	1.4013	11.888	1.2445	-6.0643	0.20469	3.4671	0.30346	-3.2532	0.40843	-0.02707	1.9853	-6.4925	-70.878	3.8437	-17.565	15.334	-3.4587	5.9126	-21.889	-9.4396	-1.7364	5.8559	3.3572	9.0199	-33.734
-5.0774	-8.9063	1.3684	1.4568	11.599	1.717	-4.961	-0.45649	2.8711	0.85526	-3.7724	0.62814	0.024678	1.447	-9.5473	-45.785	-35.636	2.2201	-11.563	18.898	44.134	-26.447	-23.839	22.072	-20.768	8.7883	2.0699	-21.532
-5.2539	-10.776	1.3876	0.43863	11.033	2.9595	-4.6363	0.078363	2.4485	0.6511	-3.0989	0.249	-0.19498	1.8116	-7.0616	-74.784	0.76816	-40.726	-22.643	49.7	12.986	21.394	-16.907	-8.1663	26.938	-15.165	-8.7864	14.584
-5.4218	-11.382	0.9584	0.49352	11.144	3.6113	-4.1343	-1.3139	3.0168	0.43741	-3.5934	0.27335	-0.56453	1.9585	-6.7144	-24.247	-17.167	2.1954	4.4658	26.073	20.082	-55.692	22.735	-8.5477	-19.777	0.97401	-14.782	5.873
-5.8334	-12.709	-1.7945	0.32632	13.171	2.8175	-3.005	-1.176	3.1426	0.88756	-3.7977	0.26302	-0.95491	2.178	-16.467	-53.065	-110.12	-6.6879	81.082	-31.753	45.172	5.516	5.0293	18.006	-8.1756	-0.41353	-15.615	8.7799
-6.1312	-32.267	-0.75238	6.0176	11.627	5.9199	-3.2182	0.22004	3.1572	0.35208	-3.7985	0.76374	-0.44901	1.6024	-11.91	-782.34	41.685	227.65	-61.766	124.1	-8.5298	55.843	0.58539	-21.419	-0.031805	20.029	20.236	-23.024
-6.3683	-26.816	-0.9672	5.0348	10.754	4.4067	-0.32479	-0.31305	1.3638	0.40247	-4.1548	0.38712	0.19228	0.44466	-9.4842	218.05	-8.5931	-39.312	-34.924	-60.526	115.74	-21.324	-71.736	2.0155	-14.248	-15.065	25.652	-46.309
-6.5255	-36.588	-0.92571	8.0579	8.5679	5.658	-1.0631	-1.4548	2.7705	0.49009	-1.2884	-0.86582	-0.6191	0.34323	-6.2872	-390.87	1.6598	120.93	-87.451	50.05	-29.531	-45.669	56.268	3.505	114.65	-50.118	-32.455	-4.0571
-6.954	-24.394	-6.9106	9.8241	6.7546	4.1856	-0.81038	-1.4989	3.7832	-1.2755	-1.8021	-0.53964	-0.32344	1.6691	-17.139	487.76	-239.4	70.648	-72.53	-58.895	10.107	-1.7635	40.507	-70.625	-20.548	13.047	11.826	53.033
-7.1131	-19.121	-16.067	7.8674	4.06	4.4473	1.5604	-2.1075	4.0736	0.39301	-0.93506	0.25379	-1.6176	0.91143	-6.3656	210.91	-366.25	-78.267	-107.78	10.467	94.83	-24.347	11.616	66.742	34.683	31.737	-51.766	-30.305
-6.7364	-14.098	-21.13	6.9865	0.83537	1.5483	2.4914	-0.66734	3.6089	-0.78323	-0.18667	-0.64125	-1.2396	0.78602	15.069	200.9	-202.54	-35.236	-128.99	-115.96	37.242	57.608	-18.588	-47.05	29.936	-35.801	15.121	-5.0163
-6.3758	-14.127	-25.134	4.7248	-1.3144	0.98175	0.42242	-1.2058	5.0384	-2.1966	0.79842	0.64488	-0.47111	2.0568	14.423	-1.1322	-160.13	-90.47	-85.991	-22.663	-82.759	-21.537	57.182	-56.537	39.404	51.445	30.739	50.832
-6.1245	-14.346	-26.579	4.2444	-3.7177	-1.0062	0.63643	0.10105	4.3141	-1.5652	0.49109	0.094784	-0.65876	1.0083	10.053	-8.7655	-57.83	-19.216	-96.131	-79.518	8.5605	52.273	-28.974	25.257	-12.293	-22.004	-7.506	-41.943
-5.8778	-6.5128	-23.633	3.982	-4.6411	-2.7266	0.13341	-0.66831	3.2278	-2.5768	1.0539	0.53478	0.23595	1.6481	9.8675	313.32	117.85	-10.496	-36.936	-68.814	-20.121	-30.774	-43.449	-40.463	22.512	17.6	35.788	25.594
-5.7152	-5.6337	-26.048	2.7672	-4.6727	-1.54	0.309	0.73896	2.8182	-3.096	0.28334	0.41495	-0.039352	0.18476	6.503	35.163	-96.59	-48.591	-1.2645	47.463	7.0238	56.29	-16.387	-20.769	-30.822	-4.7931	-11.012	-58.534
-5.7775	-2.6604	-23.691	3.1447	-2.835	-1.5286	0.4049	-0.027406	4.0027	-1.8581	0.83963	-0.52019	-2.523	-0.79843	-2.4914	118.93	94.287	15.098	73.508	0.45572	3.8361	-30.654	47.38	49.515	22.252	-37.406	-99.347	-39.328
-5.7814	-3.6868	-22.447	3.9559	-2.2331	-1.3689	0.91275	0.18244	3.6696	-2.0279	1.8278	2.1035	-1.0522	1.1361	-0.15451	-41.058	49.757	32.451	24.076	6.3868	20.314	8.3939	-13.322	-6.7889	39.526	104.95	58.832	77.38
-5.8763	-1.4874	-22.771	2.446	-4.5612	-0.85439	1.6092	-0.80617	3.0447	-3.3761	-0.012426	-0.58985	-1.3116	1.5768	-3.7967	87.977	-12.974	-60.396	-93.124	20.581	27.859	-39.544	-24.996	-53.928	-73.608	-107.74	-10.375	17.63
-5.9289	-4.5153	-22.003	2.8156	-4.4987	-1.7505	-0.098829	-1.6488	3.5459	-2.7683	1.2307	0.80463	-2.1246	0.91321	-2.1047	-121.12	30.713	14.784	2.4991	-35.844	-68.323	-33.706	20.048	24.31	49.726	55.779	-32.52	-26.545
-6.1647	-6.2498	-24.129	0.89005	-3.4761	-2.0636	-0.21014	-2.6237	2.7258	0.04356	1.063	-0.27867	-2.5491	-0.01866	-9.4323	-69.381	-85.025	-77.023	40.906	-12.524	-4.4526	-38.996	-32.806	112.47	-6.7101	-43.332	-16.981	-37.275
-6.5045	-7.2248	-21.246	-0.19237	-6.4518	-2.6656	0.22494	-2.3384	3.0775	-0.99964	1.6077	2.1133	-1.5002	1.2878	-13.591	-39	115.33	-43.297	-119.03	-24.081	17.403	11.413	14.068	-41.728	21.787	95.68	41.955	52.26
-7.0514	-10.787	-16.454	2.2338	-3.5803	-2.4479	0.26283	-1.3494	3.2747	-0.19356	-0.54685	0.7359	-2.0709	0.82068	-21.878	-142.48	191.69	97.048	114.86	8.708	1.5158	39.559	7.8904	32.243	-86.18	-55.097	-22.826	-18.687
-7.4455	-17.141	-15.812	1.6775	-3.1707	-3.8492	1.1776	-3.299	1.5841	-1.7055	0.26189	-0.78429	-2.5496	0.96681	-15.762	-254.17	25.668	-22.254	16.386	-56.052	36.59	-77.982	-67.623	-60.478	32.35	-60.808	-19.15	5.8451
-7.9532	-21.577	-12.361	1.2932	-4.649	-4.993	1.9034	-0.81928	3.231	-0.35095	-0.55491	-0.43287	-1.1371	0.082995	-20.308	-177.45	138.02	-15.372	-59.135	-45.749	29.033	99.187	65.874	54.182	-32.672	14.057	56.5	-35.352
