-4.32982111111111 7.10850413888889 -4.69280027777778 1.58568166666667 0.624463333333333 -1.80614722222222 1.19799222222222 -0.570140277777778 0.613359444444444 0.319347138888889 -0.277701633333333 0.270653444444444 -0.250712855555556 -0.0349835 -0.191965277777777 104.675002777778 -157.252580555556 43.001925 -14.6423861111111 -50.8951944444444 52.0766016666667 -37.9552222222222 26.998665 3.625975 -7.90252222222222 8.00965 -6.24714944444445 9.55532222222222
-6.32352 -18.1382145 -0.361066 2.893435 0.6068565 0.520602 2.50431055 0.339056 -0.61969525 0.738612 -1.3749051 -0.39888685 0.2846597 -0.1835549 -46.6859 -645.704 -91.5354 169.47065 2.76479 23.264565 51.839985 -4.789105 17.731255 30.290315 -22.47075 8.973845 6.290959 -1.50520475
-4.392572 4.92769 0.838572999999999 -2.1597555 -1.077442 -1.858573 0.0529565 0.5105478 0.151012 -0.2800605 -0.32968345 0.383873 0.7271205 0.20130145 -12.52639 -275.888 186.9501 -56.28569 -12.28506 27.186885 -54.850515 64.50649 -27.66812 16.9171795 8.128595 -19.29907 20.627145 -11.4546455
-5.41947894736842 -9.61836815789473 0.497660342105263 2.79192815789474 -1.38437828947368 -0.0170523684210529 1.00483707894737 0.169784710526316 0.35179902631579 0.473733552631579 -0.899075842105263 -0.246620789473684 0.0318148631578947 -0.322448868421053 -22.0011368421053 -312.497105263158 -75.4054092105263 101.548313157895 1.20940368421053 9.63762631578948 43.1477315789474 0.51183447368421 15.8399421578947 12.8927905263158 -14.3083394736842 2.25298763157895 -21.5986578947368 -13.2144026315789
-6.4769 -7.04313 -12.9717625 2.266065 4.31705 -0.0897155000000001 2.50957625 -0.25611875 0.60965 0.02927505 0.11855725 0.6740775 -0.436755375 -0.351375575 -0.439287499999999 437.7825 -457.6725 -23.827 157.2525 -94.935875 49.868875 19.279125 -25.366875 -15.595875 28.81185 -10.774875 9.5903375 18.6923875
-6.56184285714286 -6.14697614285714 -7.06815714285714 -3.83126285714286 -3.16332857142857 -2.68223428571429 1.72748214285714 0.114806285714286 -0.675575714285714 1.00613428571429 0.235698571428571 0.406481428571429 -0.633794714285714 -0.297984285714286 173.679042857143 2197.58571428571 326.1004 -257.147142857143 -99.1446428571428 -152.856428571429 -62.5489285714286 -40.0050285714286 -41.2850571428571 2.62985714285714 7.70542857142857 -18.2935571428571 -14.2695857142857 0.904285714285715
-5.35948 -0.769432 -6.82098 5.839944 2.5056 -1.309035 5.646486 -2.855516 -0.91772 -0.470583 -1.632895 1.2901987 -0.1663451 -1.2937273 -32.26922 -178.0014 -443.423 284.868 39.3489 -109.2921 120.1606 -56.2773 25.12747 19.50049 -26.84172 26.50711 7.70203 -12.0295
-4.911075 -0.776022857142857 1.30799428571429 1.12185917857143 -0.511314642857143 -0.562877857142857 -0.51723225 0.537271428571429 0.22774725 0.446420678571429 -0.338166914285714 -0.274260317857143 -0.142925785714286 -0.06325575 36.9703214285714 475.589285714286 86.1392142857143 -144.649314285714 -19.2720928571429 -8.35178571428571 -59.8561642857143 20.8756214285714 2.01148535714286 -20.2705714285714 22.3569285714286 -18.3578507142857 -1.16697035714286 11.8737464285714
-4.61989130434783 2.54110130434783 3.058028 -0.359824086956522 -0.37438 0.578007391304348 0.140547060869565 -0.251714782608696 -0.511854782608696 0.0793134782608695 -0.193423086956522 0.0474687391304348 -0.176356243478261 -0.478535608695652 79.6350434782609 1000.62782608696 315.68642173913 -221.287434782609 -16.911052173913 -0.0885217391304336 -103.109826086957 -4.96419782608696 -44.5422695652174 -46.8706956521739 -0.682117391304347 -16.9652260869565 10.6199739130435 -5.45028695652174
-9.17916666666667 -41.995975 -15.7630833333333 6.6536675 0.5657575 0.6548625 4.67474333333333 -0.0929258333333333 1.57644158333333 1.00632425 -0.652018333333333 1.03133916666667 -0.22792325 -0.0531145000000001 -87.7488916666667 -477.644166666667 -415.655833333333 -75.0532333333333 36.474 25.7884166666667 23.6547416666667 1.6358 31.4544775 48.7969333333333 38.3866916666667 -2.09408416666667 -35.8363691666667 -3.77041666666667
-3.84300797619048 6.00037773809524 4.70959119047619 -1.91295822619048 -0.844892976190476 -0.302067940476191 -1.5739024952381 0.487386130952381 -0.0277554761904761 -0.505397428571429 0.340036411904762 -0.0744371428571429 0.0908226821428572 0.246086044047619 -9.01899333333333 -156.154083333333 4.69821666666666 41.2299547619048 -3.9871980952381 -5.52508594047619 7.54570833333333 2.69030285714286 7.28617380952381 2.18278941666667 -9.81701595238095 -1.0510558452381 -0.842507738095239 -2.36481107142857
-6.39827333333333 -17.74562 -6.4413 7.06216 -0.0667946666666667 0.129199333333333 3.126082 -1.04915413333333 -0.1140866 1.52077713333333 -0.802721666666667 0.679682 -0.0849822666666666 -0.733388533333333 55.2780573333333 124.232533333333 460.870666666667 102.0881 27.1628 82.9641333333333 -5.04538666666667 -32.977366 -10.786 -18.5166586666667 -6.16702666666667 5.01460126666667 -3.93873333333333 -2.40703333333333
-7.04495555555556 -26.1299666666667 -3.24740988888889 5.61921111111111 0.250378888888889 -0.261285555555556 2.22676777777778 -0.70304 0.71513 0.681764444444444 -0.927592222222222 1.27580333333333 0.216945555555556 -0.273241 -15.8682264444444 -870.432222222222 215.852444444444 34.6118333333333 -61.7289222222222 126.584111111111 -27.5742222222222 19.5473666666667 19.7227666666667 -11.0391 1.37856666666667 36.0683888888889 -18.3955888888889 4.635
-4.1008 5.28896895104895 1.88722948251748 -2.09488996503497 0.104241158041958 0.943026125874125 -1.02856420979021 -0.088161846153846 -0.090020013986014 -0.291912762237762 0.653546965034965 -0.22730538951049 -0.100210839160839 0.111671461538461 -1.54459147552447 -14.7453116783217 2.56086503496504 -6.62954384615385 2.47454594405594 4.10527076923077 -2.40614314685315 -5.26914412587413 -2.68425356643357 -1.0667493006993 -0.224384055944056 -0.211672307692308 2.19838244755245 1.3613486013986
-4.01052395833333 7.81475166666667 -0.0261360416666668 -1.27784234375 0.800930312499999 -0.224520729166666 -1.09674429166667 0.201675302083333 -0.202598020833333 -0.282634885416667 0.214636917708333 -0.234804635416667 0.0822808437499999 0.217578708333333 8.33890552083333 144.935583333333 28.8948954270833 -50.7942864583333 0.593308333333332 4.2249528125 -19.7372945833333 6.46810239583333 -10.26889 -2.60699354166667 8.7355025 -0.8915653125 8.8806215 -0.0651015625
-8.149 -43.1626923076923 -7.15257384615384 7.37552307692308 -0.296025 2.46987923076923 3.97774538461538 -0.529796538461538 -0.0491375384615384 1.13397007692308 -0.654656153846154 0.970794615384615 0.468684507692308 0.0260992307692308 -111.309076923077 -1138.42384615385 -431.488461538461 172.680538461538 21.7992307692308 2.96866153846153 97.3963692307692 40.3983307692308 20.0559692307692 5.69038461538461 16.9260769230769 43.3069076923077 -10.0296992307692 2.9384
