-3.7226	-10.534	11.064	9.2129	0.59184	-0.06587	-2.8262	-2.0963	2.1182	-1.7137	1.7351	-1.8474	-2.645	-0.52451	0	0	0	0	0	0	0	0	0	0	0	0	0	0
-3.2937	-9.0524	13.072	8.0805	1.8837	-1.1577	-4.3402	-2.2335	2.5201	0.086269	0.45556	-2.6096	-2.8143	-0.035441	17.156	59.281	80.285	-45.294	51.674	-43.675	-60.557	-5.4895	16.078	72	-51.182	-30.488	-6.7738	19.563
-2.9272	-3.9441	13.871	6.8311	2.2304	-2.2431	-5.0388	-0.76589	2.4496	-0.58646	0.5258	-2.495	-3.081	0.12936	14.66	204.33	31.976	-49.977	13.868	-43.416	-27.944	58.704	-2.8195	-26.909	2.8093	4.5821	-10.667	6.5922
-2.5153	2.1057	12.446	8.6938	1.7377	-5.8618	-5.4341	2.0804	2.4946	-2.497	1.0589	-2.4882	-2.2908	0.22566	16.473	241.99	-57.02	74.509	-19.708	-144.75	-15.815	113.85	1.7979	-76.421	21.326	0.27311	31.606	3.8519
-0.97441	22.89	9.9889	4.2145	-0.83714	-7.3355	-5.2903	2.5092	1.8309	-2.0351	-0.10171	-1.0084	-2.0989	2.4179	61.637	831.39	-98.264	-179.17	-102.99	-58.948	5.753	17.152	-26.548	18.474	-46.426	59.194	7.6791	87.689
-0.36445	30.555	12.205	-1.2484	-0.043043	-8.7521	-6.9926	5.0209	1.8888	-3.4453	1.4178	-1.3421	0.012809	1.8097	24.399	306.59	88.626	-218.51	31.764	-56.663	-68.09	100.47	2.3149	-56.407	60.781	-13.348	84.467	-24.327
-0.17888	31.958	13.413	-3.3888	-2.2306	-8.3899	-5.3556	4.9555	2.0824	-4.0498	1.7854	-1.3009	0.52331	1.7436	7.4227	56.127	48.337	-85.617	-87.502	14.489	65.478	-2.6146	7.7447	-24.18	14.703	1.6449	20.42	-2.6438
-0.029547	31.93	14.814	-4.4708	-4.2565	-6.6279	-5.1119	5.1976	1.6731	-2.9953	0.59985	-0.37542	1.4785	0.32936	5.9734	-1.1376	56.028	-43.28	-81.036	70.477	9.7475	9.6858	-16.37	42.181	-47.422	37.021	38.206	-56.57
0.014036	32.538	14.729	-5.5694	-5.2837	-6.0812	-3.9414	3.8704	1.6974	-2.3583	0.29894	-0.32424	2.6057	-0.87068	1.7433	24.317	-3.3965	-43.942	-41.087	21.868	46.823	-53.091	0.9696	25.481	-12.036	2.0474	45.088	-48.001
-0.34769	37.351	11.185	-7.4401	-4.6189	-5.4881	-4.4272	3.9366	1.3368	-1.5482	0.22017	-0.18687	2.9304	-1.0741	-14.469	192.52	-141.73	-74.83	26.59	23.723	-19.433	2.6499	-14.424	32.403	-3.1507	5.4946	12.989	-8.1363
-0.68376	32.839	10.936	-8.5863	-3.5346	-5.5611	-2.7219	3.3496	0.71442	-0.71481	0.29931	-0.41381	4.1155	-2.6396	-13.443	-180.47	-9.997	-45.846	43.374	-2.918	68.21	-23.482	-24.894	33.335	3.1656	-9.0774	47.404	-62.622
-1.4037	22.667	11.917	-6.3339	-3.8976	-4.4348	-2.079	3.312	0.14646	0.72811	-0.19006	1.4339	3.5866	-3.0353	-28.798	-406.88	39.267	90.095	-14.52	45.052	25.716	-1.5039	-22.718	57.717	-19.575	73.909	-21.157	-15.825
-1.8561	12.83	12.998	-5.683	-5.0847	-2.9908	-1.1613	1.7414	-0.21534	2.5622	-0.57131	0.81609	4.5957	-4.7003	-18.097	-393.49	43.238	26.038	-47.483	57.76	36.707	-62.821	-14.472	73.364	-15.25	-24.713	40.366	-66.6
-2.1726	18.726	14.819	-7.346	-6.8931	-4.964	-0.43294	3.453	-3.8236	3.9855	-1.4652	1.4076	3.9811	-4.5845	-12.657	235.84	72.827	-66.522	-72.338	-78.93	29.136	68.463	-144.33	56.932	-35.755	23.661	-24.583	4.6305
-2.3637	-19.186	7.0139	-6.0065	-6.6024	-6.943	0.83937	1.8222	-1.0372	3.1913	-0.080148	5.3766	3.4623	-4.6454	-7.6441	-1516.5	-312.2	53.579	11.63	-79.16	50.892	-65.233	111.46	-31.767	55.401	158.76	-20.751	-2.4361
-7.636	-29.492	-3.5504	-7.8322	-3.8326	-3.8447	-1.4295	0.14345	-2.2052	2.1702	-1.6205	3.3281	1.2354	-3.6762	-210.9	-412.24	-422.57	-73.027	110.79	123.93	-90.754	-67.149	-46.721	-40.844	-61.612	-81.94	-89.076	38.768
-8.9347	-54.053	-9.9156	-5.4152	-6.1371	-0.81047	-0.49948	-0.49222	-0.0068515	3.6247	1.1859	5.7269	1.797	-2.3026	-51.948	-982.43	-254.61	96.679	-92.18	121.37	37.2	-25.427	87.936	58.18	112.25	95.951	22.461	54.946
-11.211	-59.911	-11.971	-2.7483	-3.4475	1.4867	1.1514	-1.0398	-0.022402	0.97667	-1.8566	2.1417	-0.41687	-1.6482	-91.053	-234.33	-82.203	106.68	107.58	91.888	66.035	-21.905	-0.62201	-105.92	-121.7	-143.41	-88.553	26.174
-10.776	-50.922	-5.0222	2.4786	0.19852	3.9023	2.1782	0.18055	0.55791	1.2944	-0.59747	2.6595	-0.086547	-1.6613	17.399	359.56	277.94	209.07	145.84	96.622	41.071	48.816	23.213	12.708	50.366	20.714	13.213	-0.52252
-10.727	-62.58	-9.2051	7.0678	-1.0564	6.9987	4.715	1.6963	3.5352	1.2476	1.303	1.9434	0.34804	-0.111	1.9584	-466.31	-167.32	183.57	-50.197	123.86	101.47	60.629	119.09	-1.8692	76.02	-28.645	17.384	62.011
-9.5316	-44.76	-15.237	3.2255	0.75619	1.9733	3.2331	-1.3494	0.84736	0.099295	-0.57827	0.526	-0.6214	1.0355	47.819	712.79	-241.28	-153.69	72.504	-201.01	-59.276	-121.83	-107.51	-45.934	-75.252	-56.696	-38.778	45.86
-9.1089	-28.153	-21.29	-0.52479	-2.3192	-0.24664	2.3043	-1.0589	1.7268	0.66369	-0.52158	0.16135	-1.1466	0.70213	16.909	664.25	-242.13	-150.01	-123.02	-88.799	-37.154	11.62	35.177	22.576	2.2678	-14.586	-21.007	-13.335
-6.9998	-43.948	-28.216	6.535	-2.4997	4.3559	3.6211	-1.4631	2.5385	1.61	0.10955	1.8525	0.54145	1.1002	84.364	-631.79	-277.02	282.39	-7.2174	184.1	52.673	-16.167	32.469	37.854	25.245	67.647	67.521	15.924
-5.5057	-25.342	-31.757	8.6808	-0.71107	1.4476	4.2882	-2.5259	2.3106	0.61703	0.014987	0.18119	-0.56741	1.7098	59.766	744.24	-141.63	85.832	71.544	-116.33	26.682	-42.511	-9.1158	-39.72	-3.7824	-66.853	-44.354	24.385
-4.4493	-13.029	-33.858	9.9009	0.472	-0.055999	5.4392	-2.7504	2.2309	-0.25688	-0.64608	0.63867	-1.0699	0.55623	42.254	492.54	-84.058	48.804	47.323	-60.142	46.04	-8.9796	-3.1899	-34.956	-26.443	18.299	-20.099	-46.144
-4.1485	-5.25	-31.818	7.3735	-0.77558	-0.70777	6.9264	-1.9118	2.6663	1.4358	-0.92915	0.91031	-1.7086	0.98574	12.033	311.15	81.598	-101.1	-49.903	-26.071	59.488	33.542	17.418	67.708	-11.323	10.866	-25.549	17.18
-4.5056	9.6267	-21.703	5.6477	-2.712	-2.463	4.0992	-3.1303	0.84787	0.1757	-2.1676	0.9162	-2.0151	1.7521	-14.283	595.07	404.61	-69.034	-77.457	-70.208	-113.09	-48.741	-72.738	-50.405	-49.538	0.23568	-12.261	30.654
-5.5768	0.13981	-21.698	1.5999	-0.25087	-1.765	5.7254	-2.4436	-0.53622	1.2308	-1.3198	2.0006	-1.7054	-0.34385	-42.848	-379.48	0.18732	-161.91	98.445	27.918	65.045	27.47	-55.364	42.204	33.911	43.376	12.39	-83.838
-6.694	-11.987	-17.062	-3.4338	0.86698	-2.1647	7.209	-0.69625	0.59211	3.2453	-0.028154	1.5367	-2.1423	-0.39079	-44.69	-485.07	185.44	-201.35	44.714	-15.989	59.344	69.894	45.133	80.58	51.667	-18.556	-17.476	-1.8776
-5.6365	-17.3	-0.95468	3.8272	3.9085	1.6146	5.5733	1.5802	-2.4944	1.0328	0.84971	1.385	-0.96825	-1.6459	42.303	-212.54	644.3	290.44	121.66	151.17	-65.425	91.058	-123.46	-88.501	35.115	-6.07	46.962	-50.202
-2.4344	11.296	12.247	-0.67069	1.5705	1.4915	-0.18467	3.519	-5.132	-1.6109	1.2574	-0.18582	1.8712	-1.6023	128.08	1143.9	528.05	-179.91	-93.519	-4.9237	-230.32	77.551	-105.5	-105.75	16.306	-62.831	113.58	1.7434
-1.9101	32.275	8.9114	-5.5997	4.5236	0.58426	-2.9678	4.0634	-6.2742	-2.2286	0.84932	-1.1539	2.6161	-1.7728	20.973	839.14	-133.41	-197.16	118.12	-36.29	-111.33	21.777	-45.687	-24.709	-16.322	-38.724	29.796	-6.8202
-1.8957	31.308	7.0693	-4.3466	3.9064	0.62688	-2.4076	4.2781	-5.4902	-2.2143	0.016706	-0.85671	2.2188	-1.1907	0.57785	-38.659	-73.684	50.121	-24.69	1.705	22.407	8.5866	31.361	0.57142	-33.305	11.888	-15.893	23.284
-2.8236	17.895	7.7689	-3.123	3.376	-1.396	-0.0091166	2.9293	-3.5326	-1.9686	-1.4234	0.73319	1.6354	0.43427	-37.119	-536.53	27.986	48.948	-21.217	-80.914	95.94	-53.949	78.304	9.8277	-57.604	63.596	-23.336	64.997
-4.7444	-6.8533	2.5205	2.797	-0.096401	-2.1683	0.636	0.64809	-1.0646	-1.1703	-1.5907	1.2956	0.18827	1.2317	-76.829	-989.92	-209.94	236.8	-138.89	-30.892	25.805	-91.25	98.718	31.931	-6.692	22.496	-57.886	31.897
-7.9159	-28.909	-12.896	1.6969	-0.099455	1.3131	1.0782	0.56166	1.7572	1.9144	0.042399	1.1789	-0.57862	0.015627	-126.86	-882.25	-616.67	-44.004	-0.12218	139.25	17.688	-3.457	112.87	123.39	65.324	-4.6664	-30.676	-48.643
-9.1733	-30.16	-19.423	-2.1024	-1.016	1.5412	1.6709	0.28922	0.93967	2.4543	-1.0616	1.3898	-0.37824	1.5387	-50.294	-50.023	-261.06	-151.97	-36.662	9.1233	23.71	-10.898	-32.703	21.596	-44.161	8.4369	8.0152	60.923
-8.9836	-30.727	-20.174	-4.7922	-4.5746	1.2946	0.77598	0.46669	1.7159	1.3685	-1.743	0.14168	-0.36074	0.010844	7.586	-22.695	-30.059	-107.59	-142.34	-9.862	-35.798	7.0988	31.048	-43.43	-27.255	-49.927	0.70002	-61.114
-8.5288	-28.264	-21.5	-2.0118	-2.3939	0.12124	0.46451	-2.1188	0.40644	1.1402	-1.1093	1.2912	-0.03906	-0.1481	18.193	98.555	-53.042	111.22	87.227	-46.934	-12.459	-103.42	-52.377	-9.1311	25.349	45.981	12.867	-6.3579
-8.0957	-21.298	-22.026	-3.4328	-2.5767	0.041609	0.98587	-1.2797	1.3917	0.76711	-0.88171	0.92252	-0.06732	1.0108	17.326	278.63	-21.007	-56.838	-7.3131	-3.1853	20.854	33.562	39.411	-14.925	9.1025	-14.747	-1.1304	46.357
-7.8322	-18.614	-20.496	-1.9086	-4.1993	-1.1086	0.36532	-0.3756	1.1833	0.16854	-1.09	0.58702	-0.98112	1.8373	10.539	107.35	61.176	60.966	-64.903	-46.008	-24.822	36.166	-8.3385	-23.943	-8.3312	-13.42	-36.552	33.058
-7.6104	-16.687	-20.735	-2.7189	-4.8934	-0.84543	0.62177	-0.64189	0.28453	1.0436	-0.26267	1.5746	-0.62792	0.4588	8.8725	77.066	-9.5412	-32.412	-27.766	10.527	10.258	-10.652	-35.949	35.004	33.093	39.502	14.128	-55.139
-7.1304	-8.8242	-19	-2.1817	-2.9202	-0.38693	1.6821	-0.70194	-1.2189	0.24443	-0.67967	1.2191	-2.3115	1.7658	19.202	314.52	69.38	21.489	78.93	18.34	42.413	-2.4022	-60.138	-31.968	-16.68	-14.221	-67.344	52.279
-7.0283	-4.569	-19.343	-2.6542	-3.6102	-1.2858	0.84399	-1.4018	0.20886	0.38216	-1.398	0.93488	-0.85335	1.6946	4.0832	170.21	-13.695	-18.901	-27.6	-35.954	-33.525	-27.996	57.111	5.5092	-28.734	-11.368	58.326	-2.8463
-7.0555	-11.444	-20.609	-1.2698	-3.5479	0.21561	-0.42744	-0.6211	0.97058	0.099554	-1.8575	-0.76719	-0.4228	1.1965	-1.0891	-275	-50.648	55.377	2.4923	60.055	-50.857	31.23	30.469	-11.304	-18.38	-68.083	17.222	-19.926
-7.3166	-12.258	-21.349	-2.4391	-3.5006	0.97528	0.98748	-0.54451	0.51291	0.7536	-0.89109	-0.41191	-1.6587	0.68958	-10.443	-32.554	-29.608	-46.771	1.891	30.387	56.597	3.0636	-18.307	26.162	38.657	14.211	-49.435	-20.276
-7.5077	-14.886	-20.71	-2.3178	-2.6167	1.0215	1.7407	-1.2805	0.78922	0.75321	-0.42282	1.5213	-0.71088	0.23293	-7.646	-105.13	25.57	4.8532	35.355	1.8501	30.131	-29.438	11.052	-0.015617	18.731	77.327	37.912	-18.266
-7.7766	-16.88	-20.106	-2.8538	-3.0776	0.57337	1.0708	0.66597	0.97689	0.94714	-0.30198	0.78534	-0.11583	1.169	-10.755	-79.779	24.15	-21.441	-18.434	-17.926	-26.797	77.857	7.5069	7.757	4.8333	-29.437	23.802	37.444
-7.784	-11.272	-15.647	-3.7413	-2.487	-0.94579	0.53379	0.76061	0.61307	-0.11819	-1.0827	-0.20699	-1.182	0.2391	-0.29736	224.35	178.36	-35.501	23.624	-60.767	-21.481	3.7856	-14.553	-42.613	-31.23	-39.693	-42.647	-37.198
-7.1152	-11.651	-11.749	-2.5595	-1.8801	-0.85497	1.6668	0.61175	2.3328	1.3268	-0.16677	-0.20249	-0.62217	1.0973	26.753	-15.156	155.91	47.273	24.272	3.633	45.321	-5.9543	68.789	57.798	36.639	0.18013	22.393	34.329
-3.6839	-5.6142	4.9812	5.4822	2.0479	0.80323	-0.86228	-2.2431	0.48135	1.1889	0.14708	0.82068	-1.0006	0.30724	137.25	241.46	669.22	321.67	157.12	66.328	-101.16	-114.19	-74.058	-5.5158	12.554	40.927	-15.136	-31.603
-2.3122	4.6331	11.763	6.5768	5.3178	-2.2809	-8.3104	-1.0863	3.1979	-3.4819	1.7085	0.24959	-1.4338	-1.3719	54.87	409.89	271.26	43.785	130.8	-123.36	-297.92	46.269	108.66	-186.83	62.455	-22.844	-17.328	-67.165
-1.4575	9.7756	12.643	4.3643	7.8434	-3.6892	-10.568	-0.81001	4.1046	-4.5049	1.9015	-0.72666	-0.60926	-1.8	34.187	205.7	35.213	-88.5	101.02	-56.331	-90.313	11.053	36.266	-40.918	7.7211	-39.05	32.981	-17.126
-1.3689	10.909	12.645	4.0022	8.1407	-3.8998	-11.007	-1.3997	4.8018	-4.4706	1.6099	-0.16472	-0.4465	-1.7638	3.5433	45.353	0.069069	-14.485	11.894	-8.4275	-17.533	-23.587	27.89	1.3706	-11.661	22.478	6.5105	1.4495
-1.3225	10.889	12.816	4.3724	6.6322	-3.2005	-10.629	-2.0618	5.1589	-4.5515	1.5516	0.33425	-0.00097246	-2.1306	1.8562	-0.80883	6.8679	14.807	-60.342	27.975	15.102	-26.484	14.284	-3.2357	-2.3333	19.958	17.821	-14.673
-1.254	10.03	13.568	4.9445	4.8297	-2.2821	-10.681	-2.296	5.2877	-3.1196	0.64898	-0.026342	0.58667	-2.1006	2.7405	-34.362	30.059	22.884	-72.101	36.733	-2.0645	-9.3689	5.1517	57.275	-36.105	-14.423	23.506	1.2001
-1.5352	7.6555	14.986	5.3302	1.719	-0.76768	-9.1625	-3.5033	5.1577	-2.3408	1.4691	-2.6076	0.9826	-1.1192	-11.248	-94.986	56.716	15.431	-124.43	60.579	60.725	-48.291	-5.2013	31.152	32.807	-103.25	15.837	39.258
-1.5776	7.3053	16.828	4.7206	-1.0551	-0.42986	-7.451	-3.6654	4.449	-1.056	1.5716	-4.034	-0.37572	0.67514	-1.6966	-14.01	73.69	-24.388	-110.96	13.513	68.457	-6.4847	-28.349	51.391	4.0961	-57.054	-54.333	71.772
-1.5935	8.3415	17.555	5.1786	-5.4603	-0.39403	-4.8467	-4.2168	4.5895	-1.1811	1.9677	-5.1852	-1.1629	1.4899	-0.63808	41.451	29.088	18.323	-176.21	1.4335	104.17	-22.055	5.621	-5.0013	15.846	-46.049	-31.486	32.59
-1.3761	9.7298	18.364	4.0893	-6.8241	-0.95099	-2.2264	-3.5969	2.2541	-0.35245	2.2437	-5.6206	-1.4813	1.7135	8.6966	55.532	32.348	-43.575	-54.553	-22.278	104.81	24.797	-93.416	33.145	11.039	-17.416	-12.738	8.943
-1.2317	13.395	17.474	3.8141	-9.3472	-1.2295	-0.63245	-1.6642	-0.36309	-0.2423	1.9452	-5.4933	-0.13063	1.0695	5.775	146.6	-35.578	-11.007	-100.92	-11.141	63.757	77.305	-104.69	4.4061	-11.94	5.0929	54.029	-25.761
-1.0464	14.209	18.199	3.1893	-9.9978	-2.0813	0.7749	-1.3365	-2.0084	-0.3408	1.1895	-4.5766	0.84804	1.6049	7.4155	32.581	28.989	-24.992	-26.022	-34.071	56.294	13.111	-65.813	-3.9403	-30.226	36.668	39.147	21.416
-0.78584	17.48	17.938	2.6526	-12.204	-1.8889	2.4231	-1.2984	-3.0565	-0.8736	1.9213	-4.3188	0.98632	2.3768	10.421	130.8	-10.443	-21.466	-88.25	7.6972	65.928	1.5212	-41.925	-21.312	29.269	10.313	5.5315	30.877
-0.83069	17.935	18.618	1.4454	-12.074	-1.7936	3.4111	-1.9675	-2.4218	-1.8535	2.0857	-3.4603	1.5029	2.412	-1.794	18.217	27.209	-48.289	5.2022	3.8108	39.522	-26.763	25.388	-39.198	6.576	34.34	20.664	1.4085
-1.2171	18.5	18.005	-1.1057	-11.186	-1.0597	2.423	0.77274	-3.2827	-1.3255	3.0671	-3.3147	2.1836	2.3466	-15.455	22.61	-24.548	-102.04	35.537	29.357	-39.524	109.61	-34.436	21.122	39.259	5.8246	27.229	-2.615
-1.7253	12.903	18.471	-0.73112	-11.611	1.3569	2.8787	-0.21408	-1.7105	-1.0949	4.0273	-2.6174	0.83234	3.0471	-20.331	-223.88	18.657	14.982	-17.011	96.662	18.229	-39.473	62.891	9.2221	38.405	27.889	-54.052	28.02
-2.2928	9.0031	18.677	-0.43365	-10.848	1.875	3.3217	0.27135	-1.7944	-2.7544	5.7865	-2.5868	0.87355	2.7724	-22.697	-156.01	8.224	11.899	30.51	20.726	17.719	19.417	-3.3571	-66.378	70.371	1.2258	1.6483	-10.99
-2.7816	3.8058	18.127	1.088	-8.5003	2.1119	2.2549	0.56878	-1.9211	-2.8038	6.2922	-1.8317	-0.45578	2.1967	-19.554	-207.89	-21.974	60.867	93.911	9.4762	-42.671	11.897	-5.0668	-1.9777	20.228	30.202	-53.173	-23.025
-3.1457	2.6287	17.675	-0.40111	-6.5094	3.3222	1.7456	0.46378	-1.867	-3.0302	5.6617	-0.60902	-1.1574	1.2869	-14.563	-47.084	-18.071	-59.565	79.636	48.413	-20.372	-4.1999	2.1613	-9.0533	-25.221	48.909	-28.064	-36.394
-3.4481	0.86175	16.523	-1.6131	-3.0531	4.1024	-0.24446	1.3466	-2.4038	-2.1425	4.9865	-0.3261	-1.9316	0.94142	-12.095	-70.677	-46.099	-48.478	138.25	31.206	-79.604	35.314	-21.47	35.505	-27.01	11.317	-30.969	-13.819
-3.8368	-3.8115	16.523	-1.4712	-1.7735	4.3133	0.86575	0.53555	-2.2441	-1.7715	3.4714	0.48862	-1.7592	0.22985	-15.547	-186.93	-0.015244	5.6734	51.182	8.4337	44.408	-32.444	6.3869	14.843	-60.604	32.589	6.8982	-28.463
-4.3451	-10.025	14.828	0.52651	-2.2508	1.0806	3.7191	1.8793	-1.5698	-1.6291	1.7747	0.38463	-0.12165	0.10605	-20.335	-248.52	-67.799	79.91	-19.09	-129.31	114.14	53.75	26.975	5.6929	-67.867	-4.16	65.5	-4.952
-4.9236	-19.329	8.0541	5.5718	3.8204	2.3035	1.5809	2.986	0.34224	-0.42329	0.038255	0.12003	0.55149	-0.86912	-23.14	-372.16	-270.94	201.81	242.85	48.914	-85.531	44.268	76.48	48.234	-69.458	-10.584	26.925	-39.007
-5.3009	-21.297	6.1222	6.9183	5.3835	1.4829	1.9706	3.9145	1.1193	-0.85744	-0.80391	0.10264	1.3178	-0.66649	-15.093	-78.749	-77.276	53.863	62.524	-32.822	15.591	37.14	31.081	-17.366	-33.687	-0.69543	30.652	8.1054
-5.1638	-22.194	6.3967	5.7212	6.8832	1.9102	1.349	2.8918	2.652	-1.3302	-0.70501	-1.1506	1.5388	-0.52058	5.4875	-35.872	10.98	-47.887	59.985	17.093	-24.866	-40.908	61.309	-18.909	3.9561	-50.13	8.8416	5.8363
-5.2116	-24.139	6.9686	6.1891	6.7696	1.5139	1.8645	3.6939	1.9527	-0.89054	-1.5873	-1.0825	2.3004	-0.77618	-1.9123	-77.79	22.875	18.718	-4.541	-15.852	20.623	32.083	-27.971	17.584	-35.294	2.7242	30.462	-10.224
-5.2293	-23.323	5.6682	5.9217	7.7864	1.2825	3.2382	2.9713	1.4882	-1.5401	-0.26941	-1.1378	0.70849	0.59608	-0.7108	32.647	-52.016	-10.695	40.672	-9.2567	54.947	-28.9	-18.581	-25.982	52.717	-2.2129	-63.675	54.89
-5.2242	-26.053	6.8382	6.0251	6.3141	2.303	4.8694	1.9122	0.02265	0.011522	0.23927	-2.0465	0.58798	0.98215	0.206	-109.2	46.802	4.135	-58.893	40.819	65.246	-42.367	-58.622	62.065	20.347	-36.348	-4.8206	15.443
-5.2005	-25.643	7.5181	4.4908	5.8235	4.4635	4.2578	1.7729	1.5291	-0.70254	-1.7383	-1.6075	2.0723	-0.0047324	0.94669	16.383	27.193	-61.371	-19.623	86.42	-24.463	-5.5716	60.257	-28.562	-79.103	17.561	59.373	-39.475
-5.1218	-26.894	8.1492	4.9424	5.5255	4.4011	5.4038	1.0657	1.1664	0.57329	-1.9986	-2.8493	3.1787	-1.3945	3.1494	-50.046	25.247	18.061	-11.922	-2.4948	45.838	-28.287	-14.507	51.033	-10.411	-49.671	44.257	-55.589
-4.3097	-21.806	9.1937	4.4228	4.3664	5.1915	3.1278	-0.33592	2.6988	0.094739	-3.2041	-1.2242	2.9917	-0.5189	32.484	203.52	41.777	-20.784	-46.365	31.615	-91.038	-56.065	61.296	-19.142	-48.219	65.005	-7.481	35.023
-3.445	3.4753	10.613	1.536	2.6995	1.1042	0.70077	-0.63225	-1.6362	-1.8318	0.031559	-1.3595	0.88728	0.257	34.588	1011.3	56.786	-115.47	-66.676	-163.49	-97.081	-11.853	-173.4	-77.061	129.43	-5.4142	-84.177	31.036
-2.715	11.839	10.92	-0.25311	2.9013	1.5932	0.47887	-0.48931	-3.7501	-1.9634	2.0596	-1.0699	1.9581	-1.7265	29.198	334.55	12.262	-71.563	8.0712	19.556	-8.876	5.7179	-84.557	-5.2627	81.121	11.585	42.832	-79.34
-2.3985	15.768	9.7755	1.6015	1.0485	2.3019	0.62753	-0.48878	-5.1272	-2.2307	2.7537	-0.83906	0.26195	-1.3399	12.663	157.17	-45.777	74.183	-74.11	28.35	5.9464	0.020899	-55.083	-10.693	27.764	9.2336	-67.845	15.463
-2.0513	21.643	8.467	-0.84184	3.2415	3.3792	-0.53785	-0.74553	-4.9333	-1.3357	1.7634	-1.337	-0.026306	-1.227	13.887	234.97	-52.339	-97.733	87.719	43.093	-46.615	-10.27	7.7552	35.8	-39.614	-19.918	-11.53	4.5164
-1.7495	26.609	7.0358	-1.8617	4.2985	3.9942	-1.0847	-0.5083	-5.4692	-0.89535	1.1073	-2.333	-0.15788	-0.92485	12.073	198.64	-57.247	-40.794	42.281	24.598	-21.875	9.4893	-21.436	17.614	-26.243	-39.839	-5.2629	12.087
-1.4673	28.069	6.6115	-0.64458	3.9756	4.9783	-0.90568	-1.1933	-5.8318	-0.89161	1.4468	-3.9282	0.020366	-0.65185	11.285	58.419	-16.974	48.684	-12.917	39.364	7.1615	-27.398	-14.503	0.14949	13.582	-63.806	7.1297	10.92
-1.2916	23.884	8.3665	-1.978	7.3849	5.5351	-2.5167	0.79104	-7.5835	-0.16761	0.54781	-4.0638	-0.54982	0.45965	7.0301	-167.4	70.202	-53.338	136.37	22.271	-64.441	79.372	-70.068	28.96	-35.961	-5.425	-22.807	44.46
-1.6367	20.796	6.2408	-0.41887	9.3133	6.3343	-3.7701	1.3817	-6.4299	-0.78753	1.4966	-5.6942	0.60239	-0.13872	-13.804	-123.52	-85.028	62.367	77.136	31.969	-50.134	23.627	46.141	-24.797	37.951	-65.215	46.088	-23.935
-2.0811	17.033	6.751	-1.5288	10.758	6.6973	-4.7896	0.97425	-4.5918	0.41481	0.52939	-4.0186	0.71255	-0.26169	-17.778	-150.54	20.409	-44.396	57.801	14.522	-40.782	-16.299	73.526	48.094	-38.688	67.021	4.4067	-4.9188
-2.2497	15.551	7.2979	-2.2372	10.433	7.1733	-4.5519	1.1472	-3.9052	0.85249	0.81666	-4.3692	0.89286	-0.67846	-6.741	-59.258	21.874	-28.336	-13.022	19.04	9.5093	6.9196	27.465	17.507	11.491	-14.023	7.2122	-16.671
-2.4601	10.825	9.0251	-2.5245	10.407	6.9538	-3.319	1.4204	-4.5398	1.9948	0.35498	-3.9667	0.11841	-1.1591	-8.4169	-189.06	69.087	-11.494	-1.0441	-8.7804	49.314	10.925	-25.387	45.693	-18.467	16.1	-30.978	-19.226
-2.7361	3.4382	9.3732	0.32646	9.4719	6.1585	-2.4254	-0.26145	-2.1292	1.3352	-0.3974	-2.5915	-0.93727	-0.56112	-11.04	-295.46	13.928	114.04	-37.388	-31.813	35.744	-67.273	96.427	-26.383	-30.095	55.008	-42.227	23.919
-3.4603	-2.296	7.692	2.9992	7.4767	3.7133	0.25831	2.2208	-5.0554	1.7703	-0.80296	-1.3148	-0.53225	0.711	-28.969	-229.37	-67.25	106.91	-79.811	-97.809	107.35	99.288	-117.05	17.401	-16.222	51.068	16.2	50.885
-4.1259	-5.2032	7.0543	2.2494	5.3661	3.3311	1.69	0.80203	-3.4257	0.39204	-0.16685	-1.0802	-0.10063	1.101	-26.624	-116.29	-25.508	-29.991	-84.423	-15.288	57.269	-56.749	65.189	-55.129	25.445	9.3859	17.265	15.602
-4.8713	-8.3113	6.6336	1.912	4.0496	2.3278	2.26	-0.86161	-3.3219	1.1315	0.28638	-1.2105	0.22253	0.68443	-29.816	-124.32	-16.826	-13.493	-52.661	-40.132	22.798	-66.546	4.1524	29.577	18.129	-5.215	12.927	-16.664
-5.2484	-10.819	5.8416	0.60231	4.0314	3.4008	0.92441	-0.61945	-2.9085	1.0285	-0.2694	-0.84231	0.083244	0.35962	-15.084	-100.32	-31.68	-52.389	-0.72703	42.922	-53.424	9.6866	16.535	-4.1169	-22.232	14.729	-5.5715	-12.992
-5.4225	-10.655	2.8547	0.5156	5.2608	4.9235	1.035	-1.2076	-1.9336	-0.15274	-0.78478	-1.1457	0.11899	1.7353	-6.9644	6.5765	-119.48	-3.4684	49.175	60.906	4.4246	-23.527	38.994	-47.251	-20.615	-12.136	1.4299	55.025
-5.0912	-7.2755	2.7117	0.3532	5.8976	6.0895	1.5357	-1.6737	-1.5688	-0.4461	-1.7034	-0.67106	-0.51612	1.5486	13.253	135.17	-5.7209	-6.496	25.475	46.642	20.026	-18.643	14.593	-11.735	-36.746	18.986	-25.405	-7.4674
-3.918	-0.89898	4.2362	0.86743	8.2373	7.2825	-0.38454	-1.2277	-0.97196	0.90818	-2.2411	-1.8576	-0.1212	-0.10909	46.93	255.06	60.981	20.569	93.588	47.718	-76.809	17.839	23.873	54.171	-21.509	-47.462	15.797	-66.307
-3.2737	5.3328	6.1501	0.30801	9.9672	6.5381	-2.0251	1.7425	-3.6729	1.3085	-2.0178	-2.9634	1.0433	0.2108	25.772	249.27	76.557	-22.377	69.193	-29.775	-65.623	118.81	-108.04	16.011	8.9341	-44.233	46.58	12.796
-3.0529	9.7861	4.6643	-0.14466	11.159	5.9858	-2.1326	2.4248	-4.5617	1.6368	-1.4985	-3.5818	1.2087	0.050119	8.83	178.13	-59.435	-18.107	47.671	-22.094	-4.2972	27.292	-35.55	13.132	20.77	-24.734	6.6171	-6.4273
-3.0922	9.4941	4.2228	-0.33909	12.989	4.8593	-2.3337	2.617	-3.2813	0.73316	-0.83102	-4.2847	1.7896	-0.59301	-1.573	-11.681	-17.659	-7.777	73.188	-45.058	-8.0477	7.6913	51.215	-36.144	26.7	-28.116	23.233	-25.725
-3.1883	7.1276	3.05	1.0664	12.491	6.2423	-3.2198	2.7219	-2.6852	1.638	-1.4872	-4.3613	1.4585	-0.32618	-3.8445	-94.659	-46.911	56.218	-19.901	55.319	-35.441	4.1959	23.845	36.192	-26.249	-3.0632	-13.242	10.673
-3.4643	2.2163	1.5519	4.1809	12.069	5.5796	-1.3256	1.5894	-1.8345	2.4503	-2.2278	-4.7975	1.3466	-0.12998	-11.037	-196.45	-59.925	124.58	-16.864	-26.508	75.767	-45.303	34.026	32.494	-29.622	-17.448	-4.4758	7.8482
-3.7584	-3.9691	1.1711	5.3634	12.142	5.4961	1.3215	-0.89143	-0.41399	2.4457	-1.6866	-5.0257	0.14912	0.033666	-11.764	-247.42	-15.233	47.303	2.9191	-3.3413	105.88	-99.232	56.821	-0.18448	21.648	-9.1282	-47.9	6.5458
-4.0979	-2.2094	-2.8985	7.3122	10.489	5.3467	4.127	-4.1668	1.6958	2.8021	-3.7573	-2.6896	-2.4194	0.0075318	-13.581	70.387	-162.78	77.951	-66.121	-5.9755	112.22	-131.01	84.391	14.256	-82.829	93.442	-102.74	-1.0454
-4.4694	3.6155	-5.4557	6.9484	6.7026	4.5473	5.161	-4.075	2.1472	0.88137	-3.3075	0.00058894	-2.3914	-1.3963	-14.859	233	-102.29	-14.554	-151.47	-31.974	41.358	3.6689	18.057	-76.83	17.992	107.61	1.1201	-56.155
-4.6286	10.403	-11.361	6.968	5.9602	3.801	4.5321	-4.2805	2.5704	0.75579	-2.282	0.53856	-3.1128	0.55978	-6.3705	271.52	-236.19	0.7832	-29.696	-29.852	-25.156	-8.2183	16.926	-5.0233	41.02	21.519	-28.859	78.244
-4.1522	11.475	-19.802	6.4039	1.9857	2.1488	5.0404	-3.5178	3.3095	2.5709	-0.95709	1.1468	-2.8114	0.46574	19.059	42.846	-337.64	-22.562	-158.98	-66.088	20.334	30.507	29.564	72.605	52.996	24.33	12.056	-3.7617
-3.5243	20.918	-23.414	4.618	-2.7022	-0.39703	3.1373	-3.1654	2.1014	1.3907	-0.62326	2.3784	-1.4349	1.4303	25.113	377.75	-144.49	-71.435	-187.52	-101.84	-76.124	14.097	-48.324	-47.209	13.353	49.263	55.06	38.583
-2.8797	23.896	-24.836	4.7987	-1.2984	-0.048469	2.1573	-3.7002	1.8513	0.92295	-1.0185	0.40186	-2.2442	1.1302	25.785	119.1	-56.904	7.2281	56.154	13.943	-39.198	-21.391	-10.003	-18.71	-15.808	-79.061	-32.372	-12.006
-2.6943	24.295	-28.968	4.7541	-1.0059	-0.021241	0.75252	-4.6256	1.36	2.1528	1.0946	1.3043	-1.4586	0.63599	7.4153	15.952	-165.24	-1.7861	11.698	1.0891	-56.193	-37.018	-19.653	49.193	84.523	36.099	31.424	-19.767
-2.7262	23.963	-25.989	6.1904	-2.1006	-0.17763	3.1418	-2.8545	1.9625	1.738	0.80779	-0.46661	-2.5921	1.2614	-1.2733	-13.275	119.14	57.454	-43.789	-6.2558	95.573	70.847	24.1	-16.589	-11.472	-70.838	-45.338	25.018
-3.3082	22.111	-23.612	3.582	-2.7188	-0.87272	4.4913	-3.0947	0.91576	1.625	-0.15375	0.99032	-2.0254	0.72986	-23.281	-74.083	95.066	-104.34	-24.726	-27.803	53.979	-9.6108	-41.87	-4.5195	-38.462	58.277	22.667	-21.263
-4.1862	18.266	-20.876	-1.7382	0.954	-0.42956	3.076	-4.7992	0.22205	2.4209	-0.65157	1.6679	-1.9067	1.0153	-35.122	-153.77	109.44	-212.81	146.91	17.726	-56.611	-68.177	-27.748	31.836	-19.913	27.101	4.7476	11.417
-5.0887	8.9087	-16.041	-4.2762	-1.2014	-0.46536	4.4011	-3.7467	0.84826	3.7289	-1.3023	1.913	-1.6772	1.7071	-36.098	-374.3	193.4	-101.52	-86.215	-1.4318	53.003	42.099	25.048	52.319	-26.028	9.8052	9.1789	27.673
-6.1733	-2.1392	-10.577	-6.1177	1.138	0.87006	3.7432	-2.4363	-0.51688	2.9346	0.81708	2.0346	-0.6961	-0.2044	-43.387	-441.92	218.59	-73.66	93.575	53.417	-26.314	52.414	-54.606	-31.771	84.774	4.8625	39.245	-76.461
-6.5781	-6.0282	-8.2477	-5.9685	-0.15478	0.70519	-0.11989	-3.4016	-0.95352	3.737	1.0757	1.1724	-0.96032	0.0014361	-16.191	-155.56	93.155	5.9691	-51.711	-6.5948	-154.53	-38.611	-17.466	32.094	10.344	-34.486	-10.569	8.2336
-4.5882	-3.165	-4.7285	-4.3945	1.7417	3.0603	2.6028	-1.0232	-0.88516	4.211	2.4792	0.81694	-0.62547	-0.3422	79.598	114.53	140.76	62.96	75.86	94.205	108.91	95.138	2.7344	18.961	56.142	-14.218	13.394	-13.745
-3.0035	17.999	6.649	-4.5796	1.1204	1.1899	-0.62485	-1.0449	-2.2665	3.3764	1.2505	0.49881	0.64857	-1.1559	63.385	846.55	455.1	-7.4039	-24.852	-74.816	-129.11	-0.87111	-55.255	-33.386	-49.149	-12.725	50.961	-32.548
-2.3412	32.142	7.0608	-8.1607	2.02	1.6873	-2.3598	-0.96073	-3.95	2.3446	2.3571	-0.35413	0.454	-2.1022	26.494	565.71	16.47	-143.25	35.982	19.897	-69.399	3.3683	-67.34	-41.273	44.262	-34.118	-7.7828	-37.851
-2.0507	31.082	8.5051	-8.8547	0.90726	2.132	-3.0669	-0.52246	-3.8999	2.4134	2.6712	-0.61038	1.1365	-2.6923	11.619	-42.363	57.772	-27.76	-44.508	17.786	-28.282	17.531	2.0068	2.7524	12.566	-10.25	27.298	-23.606
-1.9828	30.61	9.1654	-7.9238	-0.51596	2.8146	-3.1191	-0.2339	-3.5122	1.9581	2.9356	-0.97538	0.94657	-1.7913	2.7151	-18.885	26.415	37.238	-56.929	27.304	-2.09	11.542	15.505	-18.212	10.576	-14.6	-7.5953	36.04
-1.9239	25.745	11.667	-8.0261	-0.71002	2.724	-3.3341	0.024242	-3.9232	2.0028	1.9472	0.53607	1.1245	-2.0584	2.3569	-194.6	100.05	-4.0913	-7.7625	-3.624	-8.5984	10.326	-16.44	1.7908	-39.536	60.458	7.1156	-10.684
-2.0333	21.657	13.575	-6.2583	-2.3663	1.8349	-2.1239	-0.38721	-3.0355	0.76738	1.9585	0.22648	2.1162	-2.5788	-4.3767	-163.53	76.315	70.711	-66.251	-35.564	48.406	-16.458	35.507	-49.418	0.45093	-12.384	39.67	-20.814
-2.2098	14.207	15.363	-3.9889	-1.4574	-0.33201	-1.4626	-0.14975	-3.1618	-0.15631	1.6839	1.3524	1.122	-2.2409	-7.0579	-298	71.535	90.777	36.357	-86.674	26.455	9.4983	-5.0502	-36.948	-10.986	45.036	-39.767	13.512
-2.5793	10.897	15.185	-2.9789	-0.82502	0.065218	-2.026	1.2039	-3.2517	-0.69638	0.15811	0.62635	2.0497	-0.90316	-14.782	-132.4	-7.1048	40.399	25.294	15.889	-22.539	54.148	-3.5982	-21.603	-61.031	-29.041	37.107	53.512
-3.1532	2.4658	13.222	0.2226	-0.13419	0.59244	-1.1333	0.63991	-2.0317	-1.7908	-1.8248	1.8881	0.87265	-0.074304	-22.955	-337.26	-78.531	128.06	27.633	21.089	35.71	-22.561	48.801	-43.776	-79.316	50.471	-47.082	33.154
-4.2692	-5.3871	9.2214	4.7057	-0.62927	2.4123	0.68753	0.12614	-2.1904	-2.8849	-2.3648	1.9573	0.87656	-0.41029	-44.641	-314.12	-160.03	179.32	-19.803	72.795	72.832	-20.551	-6.3447	-43.767	-21.602	2.7685	0.15645	-13.439
-5.3884	-11.619	3.0935	6.5311	2.3748	1.2381	2.957	0.75009	-3.6861	-1.7119	-1.5773	1.6878	1.2903	0.24931	-44.769	-249.26	-245.11	73.014	120.16	-46.966	90.778	24.958	-59.83	46.922	31.503	-10.78	16.55	26.384
-6.9222	-10.712	-7.6638	1.2182	3.4832	3.1734	3.3933	-1.8452	-0.33429	0.96361	0.50403	2.3415	-1.0344	-0.43233	-61.35	36.262	-430.29	-212.51	44.334	77.411	17.454	-103.81	134.07	107.02	83.251	26.146	-92.99	-27.266
-7.1657	-5.1168	-15.796	-3.7059	-0.57491	1.0413	3.2361	0.23882	1.0454	1.2427	0.030102	2.4658	-1.5099	0.48224	-9.7387	223.81	-325.3	-196.97	-162.32	-85.286	-6.2877	83.362	55.189	11.162	-18.957	4.9729	-19.02	36.583
-6.0322	0.36569	-13.046	0.40624	-0.30648	-0.8721	4.2655	-1.0605	0.48149	0.81589	-0.51702	0.80405	-2.7095	0.20048	45.338	219.3	110.04	164.49	10.737	-76.535	41.174	-51.974	-22.558	-17.071	-21.885	-66.47	-47.984	-11.27
-4.8702	9.9645	-21.486	-1.0732	0.97895	-0.47093	4.1629	-5.436	0.70905	1.9377	-1.1698	0.75322	-3.6217	-0.93038	46.48	383.95	-337.63	-59.177	51.417	16.047	-4.1031	-175.02	9.1024	44.871	-26.11	-2.0332	-36.485	-45.235
-3.7742	14.783	-24.476	1.8857	-2.6497	-2.3223	4.7182	-2.7792	0.73032	1.2034	-2.3634	0.50437	-1.8338	-0.028128	43.842	192.75	-119.59	118.36	-145.15	-74.054	22.211	106.27	0.85074	-29.371	-47.744	-9.954	71.516	36.09
-3.3675	20.322	-25.156	4.727	-3.0032	-0.88407	3.7368	-2.9522	2.4598	1.5885	-0.74963	0.93559	-2.1341	0.99571	16.266	221.56	-27.18	113.65	-14.142	57.529	-39.255	-6.922	69.179	15.404	64.55	17.249	-12.012	40.954
-3.2451	20.095	-22.882	6.2347	-1.9248	-1.6644	3.8448	-5.3108	-0.28305	-0.92138	-0.83393	1.7685	-2.5356	0.72086	4.8969	-9.1102	90.956	60.307	43.139	-31.214	4.3193	-94.344	-109.71	-100.4	-3.3721	33.318	-16.06	-10.994
-3.266	23.553	-23.612	3.838	-2.6167	-0.59008	3.8276	-4.2185	0.24204	0.74416	0.1772	0.84431	-1.7221	1.9428	-0.83441	138.34	-29.195	-95.869	-27.676	42.973	-0.68629	43.695	21.004	66.622	40.445	-36.969	32.539	48.878
-3.2309	22.031	-25.401	3.4738	-0.57926	-0.1728	3.6328	-4.5564	-0.42326	2.0563	-0.64132	1.1856	-2.5465	0.085493	1.404	-60.898	-71.56	-14.568	81.496	16.691	-7.7942	-13.519	-26.612	52.487	-32.741	13.652	-32.978	-74.292
-3.3292	23.476	-24.441	3.4474	0.22989	-1.614	3.9919	-2.5955	-0.39823	0.42082	-1.8682	0.51301	-2.2775	-0.25538	-3.9354	57.805	38.372	-1.0547	32.366	-57.649	14.363	78.437	1.001	-65.42	-49.075	-26.904	10.762	-13.635
-3.6798	23.664	-20.089	3.2354	1.1222	-1.6198	5.2761	-3.0536	-1.2032	0.35173	-1.2295	1.4279	-1.8301	0.44083	-14.023	7.5147	174.1	-8.48	35.693	-0.22969	51.37	-18.324	-32.199	-2.7636	25.547	36.597	17.897	27.848
-4.3876	19.856	-18.171	2.0094	0.38374	-1.0894	6.5265	-2.5686	-0.10219	1.7788	-0.69304	1.6653	-0.83618	0.88461	-28.311	-152.29	76.726	-49.038	-29.539	21.217	50.015	19.399	44.041	57.084	21.459	9.4933	39.756	17.751
-5.0406	8.9041	-16.879	-0.16394	-0.63254	0.51853	7.3706	-1.9179	-1.4209	2.4537	-0.59259	2.4962	-1.2305	1.5779	-26.122	-438.09	51.648	-86.936	-40.652	64.315	33.766	26.03	-52.747	26.996	4.0181	33.237	-15.774	27.73
-6.4468	-4.3401	-12.32	-1.7389	0.10382	-0.020847	6.9066	-1.0191	0.0022891	1.0277	-1.0551	1.5798	-1.5478	-0.90383	-56.246	-529.77	182.36	-62.997	29.455	-21.575	-18.562	35.95	56.927	-57.042	-18.5	-36.655	-12.692	-99.267
-2.0768	3.9286	4.6482	5.3186	-0.091332	0.30177	1.0894	2.7547	-0.64352	0.030012	0.16875	1.074	0.90195	-1.0139	174.8	330.75	678.74	282.3	-7.8062	12.905	-232.69	150.95	-25.832	-39.907	48.954	-20.235	97.991	-4.4017
-1.1822	36.646	10.576	-2.725	-0.92693	-2.1274	-2.3884	2.4975	-2.2707	-2.869	1.6709	0.1147	2.792	-1.2757	35.782	1308.7	237.09	-321.74	-33.424	-97.167	-139.11	-10.287	-65.089	-115.96	60.086	-38.37	75.603	-10.471
-0.45571	40.68	9.2184	-5.372	-0.96845	-3.2997	-2.8026	1.851	-2.021	-3.5308	1.7852	0.91209	2.7562	-1.9144	29.061	161.36	-54.284	-105.88	-1.6607	-46.892	-16.569	-25.86	9.9914	-26.476	4.5732	31.896	-1.4338	-25.549
-0.30331	41.327	9.9711	-6.5739	-1.1528	-2.9894	-4.2413	2.9687	-3.4717	-2.5855	1.7589	1.2967	2.3259	-1.7848	6.0959	25.874	30.11	-48.078	-7.3725	12.413	-57.547	44.706	-58.028	37.815	-1.0536	15.383	-17.212	5.1838
-0.5479	45.032	5.9743	-6.3727	-0.17237	-2.386	-4.524	3.2298	-3.4257	-3.0059	2.0476	1.1603	2.5669	-1.8014	-9.7836	148.22	-159.87	8.0509	39.216	24.133	-11.311	10.444	1.8377	-16.816	11.548	-5.4542	9.6389	-0.66624
-0.76381	39.054	7.5577	-6.7221	0.077904	-2.5201	-3.9904	2.8655	-3.4109	-3.4228	2.0832	1.4443	2.5675	-1.7164	-8.6365	-239.12	63.336	-13.977	10.011	-5.3611	21.345	-14.571	0.59419	-16.677	1.426	11.361	0.024285	3.4019
-1.4329	35.332	7.8435	-6.7223	1.2638	-2.3252	-3.6838	4.1727	-4.387	-2.4251	0.52124	1.4516	2.0336	-0.83943	-26.764	-148.87	11.432	-0.009651	47.435	7.793	12.266	52.291	-39.047	39.906	-62.48	0.29171	-21.353	35.079
-1.9514	25.587	10.398	-5.0297	1.6593	-1.0963	-2.866	4.5315	-4.8287	-2.3537	-0.82684	1.3327	2.1757	-1.1381	-20.74	-389.8	102.16	67.703	15.822	49.158	32.71	14.35	-17.667	2.8587	-53.923	-4.7583	5.6819	-11.947
-3.0546	7.6112	10.352	-3.9105	3.3629	-2.1058	-2.7424	3.8991	-3.6116	-3.7767	-0.58749	-0.091279	2.2567	-0.65597	-44.127	-719.04	-1.8349	44.77	68.142	-40.379	4.9469	-25.296	48.686	-56.92	9.5739	-56.958	3.241	19.285
-6.8277	-43.741	7.6751	4.6399	3.0322	2.3181	2.6173	3.2101	1.2351	-0.96609	-0.27802	-0.082822	-0.037414	1.4273	-150.93	-2054.1	-107.07	342.01	-13.226	176.96	214.38	-27.562	193.87	112.42	12.379	0.33831	-91.765	83.332
-7.6376	-51.334	6.3875	5.7434	1.7718	4.3249	4.4337	3.5308	0.14533	-0.75057	-1.7388	0.62385	-0.044288	1.2649	-32.394	-303.72	-51.502	44.141	-50.418	80.269	72.659	12.831	-43.593	8.6208	-58.43	28.267	-0.27497	-6.4985
-8.1106	-55.04	2.5873	7.0997	3.976	5.1229	5.0878	2.3763	0.42037	-1.7093	-1.2869	1.5442	0.84312	0.4743	-18.923	-148.24	-152.01	54.253	88.171	31.921	26.162	-46.181	11.002	-38.351	18.076	36.816	35.496	-31.622
-8.3714	-55.015	-1.0186	5.4054	6.2543	5.1995	5.2397	1.8757	1.2312	-0.23306	-2.0136	1.1771	0.71585	0.19443	-10.433	0.98973	-144.24	-67.774	91.13	3.0637	6.0747	-20.023	32.434	59.051	-29.07	-14.687	-5.091	-11.195
-9.1704	-49.99	-8.1015	2.4936	8.5269	6.1657	4.3278	0.48762	2.0997	2.252	-0.73022	0.38095	-0.61237	-0.28653	-31.957	201.02	-283.32	-116.47	90.905	38.649	-36.473	-55.525	34.739	99.401	51.335	-31.845	-53.129	-19.238
-10.287	-72.19	-5.714	5.6698	4.9203	4.9403	2.9179	1.121	2.2213	2.0471	0.75299	1.6339	0.5883	0.55951	-44.664	-888.02	95.502	127.05	-144.26	-49.017	-56.4	25.336	4.864	-8.1961	59.328	50.119	48.027	33.841
-11.797	-78.167	-10.5	4.333	1.6728	4.3904	3.9129	0.035899	1.8432	2.4424	1.5997	0.77103	-0.53909	1.3574	-60.386	-239.07	-191.43	-53.473	-129.9	-21.994	39.803	-43.405	-15.126	15.814	33.867	-34.516	-45.096	31.915
-12.437	-82.027	-13.981	0.10658	-0.22829	3.2241	2.9616	0.36884	3.2223	3.1592	1.1124	0.42246	-2.0659	-0.3629	-25.612	-154.41	-139.27	-169.06	-76.045	-46.652	-38.052	13.318	55.166	28.671	-19.491	-13.943	-61.073	-68.811
-12.203	-60.394	-13.476	-10.339	-4.9184	0.51386	2.3433	-1.0661	0.96375	0.89298	-0.71553	1.5038	1.4261	0.82284	9.3405	865.33	20.206	-417.81	-187.61	-108.41	-24.731	-57.4	-90.342	-90.647	-73.117	43.254	139.68	47.43
-11.863	-71.511	-14.697	-5.3058	-3.0876	2.8529	2.5245	0.92196	1.8516	0.63549	-1.3593	1.7814	0.28554	-0.57573	13.614	-444.69	-48.826	201.32	73.233	93.562	7.2467	79.524	35.514	-10.3	-25.752	11.103	-45.621	-55.943
-4.9046	-3.0764	-11.83	-5.8362	4.0526	-4.0216	0.046381	-0.73184	2.616	2.5741	-0.21884	1.7346	-0.051747	0.75988	278.34	2737.4	114.69	-21.216	285.61	-274.98	-99.125	-66.152	30.577	77.543	45.62	-1.8728	-13.492	53.425
-4.7355	31.078	-10.979	-3.4969	2.2682	-3.9051	0.1653	-0.71625	1.4856	2.2923	-0.66889	1.2119	0.081155	0.71303	6.7644	1366.2	34.026	93.57	-71.375	4.6609	4.7567	0.62355	-45.219	-11.272	-18.002	-20.906	5.3161	-1.8743
-4.6892	5.8578	-12.58	-1.559	0.65955	-0.17441	1.5752	-1.673	-0.64078	1.293	-0.19208	0.98685	-2.7302	-0.42695	1.8503	-1008.8	-64.028	77.515	-64.347	149.23	56.397	-38.27	-85.054	-39.971	19.072	-9.0032	-112.45	-45.599
-6.4789	-6.5677	-5.4467	-1.6363	1.6124	2.1898	-0.52028	1.4126	-1.1549	1.0102	3.6945	1.7984	0.16582	-2.1176	-71.588	-497.02	285.32	-3.0902	38.115	94.569	-83.82	123.42	-20.567	-11.309	155.46	32.461	115.84	-67.627
-3.0852	11.869	4.801	-2.1112	-3.0741	-0.15285	-0.81742	3.8322	0.46409	0.52213	1.2001	1.5315	1.645	-0.94032	135.75	737.45	409.91	-18.997	-187.46	-93.707	-11.886	96.784	64.761	-19.525	-99.776	-10.677	59.167	47.093
-1.7217	33.28	9.516	-7.0364	-3.9947	-0.14654	-4.6108	3.8434	1.7569	-2.0195	1.1584	0.62662	1.7074	-0.79414	54.538	856.44	188.6	-197.01	-36.825	0.25223	-151.73	0.44822	51.714	-101.67	-1.6661	-36.193	2.4962	5.8471
-0.70782	40.084	10.526	-9.5377	-4.8269	-1.6151	-4.7384	4.3558	2.6702	-2.5729	1.1132	0.23452	1.885	-1.3907	40.556	272.19	40.412	-100.05	-33.287	-58.743	-5.1056	20.495	36.529	-22.136	-1.8098	-15.684	7.106	-23.863
-0.37986	36.917	11.997	-9.6144	-5.1163	-3.3667	-4.462	4.5583	2.9622	-2.108	0.60276	0.68858	1.7495	-1.0817	13.118	-126.69	58.833	-3.07	-11.576	-70.063	11.058	8.1013	11.682	18.597	-20.417	18.163	-5.4235	12.361
-0.52967	31.154	12.713	-8.3141	-5.4151	-5.077	-3.5141	4.5029	2.9717	-1.6041	0.19372	0.62781	1.2862	-1.021	-5.9922	-230.5	28.647	52.014	-11.952	-68.414	37.914	-2.2172	0.3803	20.155	-16.361	-2.4309	-18.53	2.4253
-0.81232	22.197	14.817	-7.1725	-5.9093	-5.8637	-3.1993	4.4392	4.2444	-1.5191	0.11091	0.62452	0.379	-1.0456	-11.306	-358.3	84.166	45.664	-19.768	-31.465	12.594	-2.5469	50.907	3.4015	-3.3125	-0.13159	-36.288	-0.98198
-1.1153	16.712	16.96	-7.6505	-6.1672	-5.1171	-3.5153	3.3076	5.3529	-1.0435	-1.4277	1.8965	-0.13853	-1.0814	-12.119	-219.38	85.708	-19.122	-10.316	29.862	-12.641	-45.266	44.341	19.025	-61.544	50.879	-20.701	-1.4318
-1.3523	16.188	16.309	-7.0682	-6.8278	-4.5304	-3.0233	2.9985	4.8718	-1.3387	-0.38447	0.94929	0.56218	-0.9617	-9.48	-20.99	-26.048	23.294	-26.424	23.468	19.681	-12.361	-19.244	-11.811	41.729	-37.888	28.028	4.7876
-1.5575	14.018	15.299	-5.6669	-6.9319	-3.523	-3.3459	2.273	5.3896	-2.8861	0.74058	0.83772	0.99998	-1.1707	-8.2068	-86.788	-40.399	56.052	-4.1647	40.295	-12.905	-29.023	20.711	-61.895	45.002	-4.4629	17.512	-8.3594
-1.799	19.989	13.979	-8.736	-6.2465	-1.638	-4.7192	3.5752	3.3417	-1.9288	0.48626	1.4521	0.73691	-0.93426	-9.6635	238.84	-52.81	-122.76	27.416	75.399	-54.933	52.091	-81.915	38.295	-10.173	24.575	-10.523	9.4571
-1.9228	13.109	14.378	-5.2138	-7.3523	-1.5357	-4.24	3.6094	2.634	-2.2688	0.69097	2.4705	-0.14616	-0.43226	-4.9486	-275.19	15.983	140.89	-44.23	4.0933	19.168	1.3675	-28.309	-13.603	8.1886	40.738	-35.323	20.08
-2.2149	16.634	14.164	-8.5184	-4.9514	-1.5735	-3.0409	2.4713	0.55845	-1.5858	2.2349	0.54507	2.1583	-1.9354	-11.687	140.98	-8.58	-132.18	96.035	-1.5108	47.965	-45.526	-83.022	27.32	61.756	-77.019	92.178	-60.127
-2.3366	11.174	15.105	-7.4809	-4.582	-0.2302	-3.8673	1.4452	0.63383	-1.3491	2.8227	0.14659	1.8706	-2.0951	-4.8667	-218.4	37.656	41.502	14.775	53.732	-33.057	-41.044	3.0154	9.4707	23.513	-15.939	-11.507	-6.3868
-2.6314	13.356	10.995	-3.8672	-3.6447	-0.71981	-3.7398	1.02	-1.2449	0.7296	1.1525	2.0533	0.22818	-1.1359	-11.791	87.295	-164.42	144.55	37.494	-19.584	5.0986	-17.007	-75.147	83.147	-66.807	76.267	-65.697	38.37
-2.9049	20.603	5.6467	-3.9549	-2.3277	-0.21283	-3.0615	0.29116	-1.8025	0.79795	0.3846	2.6792	0.032258	-1.0834	-10.941	289.89	-213.92	-3.5117	52.679	20.279	27.134	-29.154	-22.307	2.7339	-30.716	25.039	-7.8369	2.1003
-3.5673	5.2985	10.76	-0.948	-4.1606	3.7871	-3.3973	-1.0783	-0.53389	-1.4853	0.21556	0.95423	1.2459	-0.66626	-26.495	-612.19	204.55	120.28	-73.315	160	-13.435	-54.78	50.746	-91.328	-6.7618	-69.001	48.547	16.684
-4.5462	-10.095	5.9993	0.85693	-4.4818	7.1786	-0.79423	-3.3519	-2.4011	-0.57967	-0.15305	-0.33688	1.6344	0.22403	-39.158	-615.75	-190.44	72.197	-12.847	135.66	104.12	-90.941	-74.689	36.224	-14.744	-51.644	15.538	35.612
-5.1578	-17.655	12.406	-0.9615	-2.7302	5.2358	3.4982	-2.5687	-4.3216	-1.3709	-0.26196	-0.53437	0.1327	0.62534	-24.464	-302.39	256.26	-72.737	70.064	-77.711	171.7	31.328	-76.821	-31.65	-4.3564	-7.8997	-60.067	16.052
-4.151	-8.7553	13.375	-1.3333	-4.9389	4.8094	2.8761	-3.6596	-2.0014	-1.9382	-1.9967	0.44591	1.2332	0.039888	40.274	355.98	38.755	-14.872	-88.35	-17.057	-24.886	-43.638	92.808	-22.693	-69.391	39.211	44.02	-23.418
-3.5304	-0.21111	16.789	-4.0026	-6.739	6.4059	-2.5665	-3.3753	1.9913	-3.5184	-1.6417	0.59674	2.0154	0.19061	24.825	341.77	136.56	-106.77	-72.005	63.861	-217.7	11.371	159.71	-63.205	14.2	6.0331	31.289	6.0288
-2.967	-0.39017	17.915	-2.4028	-7.0516	3.0348	-4.1004	-1.1021	3.1689	-3.5867	-1.944	0.27155	2.7826	0.67665	22.536	-7.1623	45.05	63.994	-12.503	-134.85	-61.358	90.929	47.106	-2.7348	-12.09	-13.008	30.686	19.442
-2.8852	3.8091	17.613	-4.5718	-2.7245	-0.90757	-6.9652	1.4443	4.6159	-3.964	-1.7328	0.33244	1.3038	1.8111	3.2721	167.97	-12.097	-86.76	173.09	-157.69	-114.59	101.86	57.877	-15.09	8.4493	2.4358	-59.15	45.377
-2.7484	-1.4089	17.628	-2.4426	-3.993	-1.2069	-6.4602	0.59727	5.6786	-3.3549	-2.8285	1.8664	-0.39796	0.63462	5.4701	-208.72	0.62367	85.168	-50.742	-11.972	20.201	-33.88	42.51	24.364	-43.828	61.358	-68.071	-47.058
-2.8252	-2.8337	19.347	-2.9586	-2.3536	-3.0419	-7.5558	0.023486	5.763	-2.7607	-2.907	1.7999	-1.3864	1.3133	-3.0718	-56.992	68.758	-20.64	65.576	-73.4	-43.825	-22.951	3.3767	23.767	-3.1419	-2.6579	-39.538	27.147
-2.8233	-8.3218	19.358	1.0268	-4.0026	-3.2349	-5.9896	-0.25862	4.5813	-1.0235	-3.4418	2.0742	-1.8588	1.2528	0.075889	-219.52	0.4337	159.41	-65.959	-7.7192	62.651	-11.284	-47.268	69.489	-21.391	10.971	-18.895	-2.4197
-3.1886	-5.4534	16.253	1.0086	-1.3198	-4.8475	-6.9575	0.49539	3.55	0.006095	-3.0251	1.1946	-1.8754	2.1781	-14.609	114.73	-124.2	-0.72836	107.31	-64.506	-38.716	30.16	-41.252	41.183	16.668	-35.185	-0.66635	37.012
-3.1193	-9.6839	11.036	8.0083	-1.9261	-6.7965	-5.5958	2.448	1.5293	0.51798	-2.8906	0.78976	-1.4678	1.1615	2.7715	-169.22	-208.66	279.99	-24.25	-77.959	54.467	78.105	-80.831	20.476	5.3797	-16.193	16.305	-40.664
-3.2883	-5.7625	15.093	2.3833	1.4284	-7.0221	-8.1192	0.038347	3.2783	-0.42514	-0.57235	0.080171	-2.4558	2.0236	-6.7625	156.86	162.25	-225	134.18	-9.023	-100.94	-96.387	69.961	-37.725	92.729	-28.384	-39.518	34.485
-3.1682	-16.65	15.487	7.6697	-0.52847	-7.2342	-5.6321	-0.33725	2.7947	-0.39645	-1.0912	0.47685	-1.97	1.1898	4.8058	-435.5	15.795	211.45	-78.274	-8.4849	99.484	-15.024	-19.342	1.1477	-20.753	15.867	19.433	-33.355
-3.5285	-11.786	15.356	3.1003	3.4105	-7.6443	-7.5058	0.28022	1.6908	0.6281	0.051959	-0.54567	-1.6239	0.94033	-14.414	194.54	-5.2731	-182.77	157.56	-16.405	-74.95	24.699	-44.156	40.982	45.725	-40.901	13.843	-9.9767
-3.648	-22.183	15.618	8.8951	1.4957	-7.043	-5.9386	-1.3968	1.7213	1.0628	-0.24562	0.21453	-2.0363	0.44849	-4.7775	-415.87	10.507	231.79	-76.592	24.053	62.688	-67.079	1.2202	17.386	-11.903	30.408	-16.497	-19.674
-4.1135	-25.21	15.188	9.9464	0.80203	-4.4113	-6.3198	-2.3848	1.2374	2.4431	0.42047	-0.31501	-2.795	0.8716	-18.621	-121.07	-17.217	42.05	-27.748	105.27	-15.247	-39.52	-19.358	55.215	26.643	-21.182	-30.348	16.924
-4.7168	-22.627	12.112	7.7664	2.4503	-3.7857	-5.1694	-1.301	0.40148	1.4272	0.41574	0.067586	-2.248	1.5513	-24.131	103.32	-123.03	-87.2	65.93	25.024	46.016	43.35	-33.437	-40.639	-0.18924	15.304	21.882	27.188
-5.657	-20.576	-1.9725	3.4718	0.68068	-2.844	2.8432	-2.0183	2.1659	-0.031537	-1.1062	1.6742	0.95651	2.8671	-37.611	82.052	-563.39	-171.79	-70.784	37.67	320.5	-28.69	70.575	-58.348	-60.877	64.265	128.18	52.633
-7.1295	-10.663	-12.664	-0.70828	-1.408	-1.782	5.1422	-1.1226	1.8093	2.7619	-1.8483	1.1085	1.0553	2.5895	-58.898	396.5	-427.64	-167.2	-83.547	42.48	91.959	35.827	-14.26	111.74	-29.683	-22.631	3.9535	-11.107
-6.2031	-3.4547	-18.307	0.054194	0.87401	-4.1944	4.1991	0.085295	0.90962	3.0501	-0.89395	0.65256	-0.75059	0.17332	37.056	288.34	-225.73	30.499	91.281	-96.496	-37.724	48.316	-35.989	11.529	38.172	-18.236	-72.238	-96.645
-5.9504	1.1764	-21.653	1.4017	-1.3954	-4.5699	2.6204	-2.1645	1.6029	0.88226	-1.5521	0.035965	-1.3413	0.73451	10.109	185.24	-133.84	53.9	-90.778	-15.02	-63.148	-89.991	27.73	-86.713	-26.325	-24.664	-23.626	22.447
-5.9427	0.19515	-18.982	3.2107	-1.2449	-2.6096	3.1246	-2.9085	1.9547	1.5215	-0.68649	-0.7797	-0.71715	0.14041	0.30548	-39.25	106.85	72.36	6.0196	78.412	20.171	-29.761	14.075	25.569	34.624	-32.626	24.964	-23.764
-5.8524	1.3953	-20.597	1.6054	-1.5078	-1.7841	3.0136	-1.7099	2.5183	1.7053	-1.3907	0.48608	-0.76676	0.87753	3.6131	48.006	-64.611	-64.21	-10.515	33.018	-4.4394	47.944	22.541	7.3511	-28.17	50.631	-1.9846	29.485
-5.7422	-2.0463	-23.58	1.9581	-3.309	-2.6289	4.7479	-2.4771	0.38246	1.2084	-0.44723	1.8432	-0.014178	0.082176	4.4063	-137.67	-119.34	14.106	-72.049	-33.792	69.372	-30.687	-85.431	-19.875	37.74	54.284	30.103	-31.814
-5.6514	-0.22565	-21.531	2.12	-1.9475	-2.6217	4.1977	-2.234	1.5938	0.17584	-0.62065	1.9523	-0.517	0.68367	3.6329	72.828	81.959	6.4767	54.462	0.2885	-22.009	9.7244	48.454	-41.301	-6.9367	4.3632	-20.113	24.06
-5.5507	0.28287	-24.099	0.54586	-0.97231	-4.0644	4.8319	-1.535	-0.77136	0.96738	-1.0085	0.24292	-1.322	0.18462	4.0281	20.341	-102.71	-62.966	39.007	-57.707	25.366	27.958	-94.607	31.661	-15.513	-68.374	-32.2	-19.962
-5.5861	1.9237	-21.4	0.50303	-0.40256	-3.4484	4.8904	-1.2855	-0.77701	2.0355	-1.2781	-0.031015	-0.16693	1.0492	-1.4158	65.634	107.96	-1.7131	22.79	24.64	2.3427	9.9821	-0.22592	42.725	-10.785	-10.957	46.203	34.584
-5.8394	-4.1175	-22.697	1.395	-0.89167	-4.9145	4.1731	-1.4952	0.59799	2.1621	0.25353	0.85179	-0.55176	0.85648	-10.132	-241.65	-51.869	35.678	-19.564	-58.646	-28.692	-8.3894	55	5.0639	61.265	35.312	-15.393	-7.7096
-5.8035	-4.4787	-22.85	0.69518	1.1669	-4.6874	3.6969	0.78865	0.59178	2.7917	-0.827	0.62724	-1.021	0.75945	1.4359	-14.448	-6.1267	-27.992	82.342	9.0872	-19.049	91.354	-0.24852	25.185	-43.221	-8.982	-18.771	-3.8809
-5.9999	-2.4412	-19.865	-1.8056	0.76141	-4.4794	5.2741	-0.080352	-1.3376	1.6144	-1.1782	-0.37631	-0.51703	0.35573	-7.8575	81.501	119.38	-100.03	-16.219	8.3175	63.087	-34.76	-77.175	-47.092	-14.05	-40.142	20.161	-16.149
-6.5632	-8.0834	-17.33	-4.6375	0.15048	-2.4066	5.2042	-0.17033	-1.2164	1.4994	-1.7284	-0.75455	-0.41218	0.80421	-22.53	-225.69	101.4	-113.27	-24.437	82.912	-2.7971	-3.5993	4.8465	-4.6007	-22.007	-15.13	4.1937	17.939
-7.4636	-14.425	-15.88	-4.5555	-0.36025	-3.1726	4.9007	-1.3223	-4.1316	0.38584	0.084635	-0.93254	-0.56114	0.96692	-36.015	-253.65	58.02	3.2796	-20.429	-30.641	-12.14	-46.08	-116.61	-44.543	72.522	-7.1198	-5.9583	6.5087
-8.2167	-25.375	-14.875	-5.5689	0.2975	-3.6722	6.9992	2.1041	-2.2189	-0.76521	0.31552	-0.44334	-1.2188	0.86578	-30.124	-438	40.202	-40.536	26.31	-19.981	83.943	137.06	76.508	-46.042	9.2355	19.568	-26.308	-4.0456
