-6.1688	-4.8447	-5.2557	1.9324	-3.5832	-0.12115	0.95352	-0.79204	1.2407	-2.4975	-0.30934	0.51731	1.4597	2.3558	0	0	0	0	0	0	0	0	0	0	0	0	0	0
-5.8879	-19.14	0.77031	5.9993	2.5882	7.0526	3.0509	-2.49	2.0276	-0.67744	-0.33817	-2.0066	0.79192	2.3989	11.235	-571.8	241.04	162.68	246.86	286.95	83.894	-67.919	31.475	72.804	-1.1529	-100.96	-26.712	1.7244
-5.5732	-13	0.80944	5.0799	3.1829	4.9946	3.6264	-0.49761	2.3479	-1.8164	-0.49785	-2.2068	0.50946	2.121	12.588	245.61	1.565	-36.775	23.79	-82.319	23.02	79.696	12.813	-45.557	-6.3872	-8.0081	-11.299	-11.117
-5.327	-7.0272	-9.0546	8.0192	0.97743	1.7277	4.3561	-0.30068	4.0249	-1.4795	2.1604	1.2711	-2.2407	1.4684	9.8481	238.9	-394.56	117.57	-88.221	-130.68	29.191	7.8772	67.077	13.476	106.33	139.12	-110.01	-26.104
-4.8606	-0.94695	-15.843	5.8201	-2.5102	1.6088	3.4193	-0.025533	3.8709	-1.8885	1.3171	0.76916	0.0030363	1.3736	18.656	243.21	-271.52	-87.962	-139.51	-4.7592	-37.471	11.006	-6.1595	-16.36	-33.731	-20.078	89.749	-3.7908
-4.6375	-0.5376	-21.192	4.1832	-6.5636	-0.83725	0.87516	-1.2871	2.9761	-1.9642	2.1248	0.59097	-0.24882	-0.014659	8.9249	16.374	-213.97	-65.477	-162.13	-97.84	-101.77	-50.462	-35.792	-3.0295	32.308	-7.1277	-10.074	-55.531
-4.3345	-0.14766	-21.058	4.221	-5.4995	-0.93807	1.1145	-1.6188	1.3743	-1.2769	1.0651	1.6207	-0.20024	0.52316	12.121	15.598	5.3328	1.5137	42.563	-4.033	9.5754	-13.267	-64.073	27.493	-42.387	41.188	1.9433	21.513
-4.3204	-5.4777	-23.881	6.5747	-5.949	0.68691	2.3277	-0.97538	1.86	-1.6273	0.24568	1.5495	0.28409	0.51047	0.56501	-213.2	-112.9	94.148	-17.981	64.999	48.525	25.735	19.431	-14.019	-32.777	-2.8485	19.373	-0.50757
-4.4143	-9.3005	-24.993	6.281	-4.2024	1.1538	2.5825	0.58376	3.2371	-1.878	0.002441	1.5118	-0.94773	0.47287	-3.7594	-152.91	-44.477	-11.75	69.866	18.674	10.193	62.366	55.084	-10.026	-9.7295	-1.508	-49.273	-1.5043
-4.219	-9.0717	-25.393	6.5003	-3.6328	1.3071	3.7609	0.076577	2.0227	-2.4388	0.30119	1.5566	-1.2386	-0.86824	7.8143	9.1535	-15.996	8.7707	22.782	6.132	47.134	-20.287	-48.576	-22.432	11.95	1.7947	-11.634	-53.644
-3.7959	-8.2394	-27.886	7.5467	-3.4788	0.22032	1.1446	-0.91086	2.7734	-1.7992	-0.35128	-0.45851	-1.4704	0.51564	16.923	33.29	-99.747	41.857	6.16	-43.47	-104.65	-39.498	30.029	25.585	-26.099	-80.606	-9.2724	55.355
-3.5504	-4.2292	-27.444	8.473	-3.2269	-0.79608	2.5358	-0.78467	2.677	-0.28862	-0.40274	1.0763	-1.167	0.24209	9.8178	160.41	17.704	37.054	10.075	-40.656	55.647	5.0476	-3.8597	60.422	-2.0581	61.391	12.136	-10.942
-3.5916	-1.2563	-26.047	7.3617	-1.7639	-2.3022	4.3109	-0.78945	2.4752	-1.7703	-0.13908	0.96013	-0.57035	0.7692	-1.6465	118.92	55.857	-44.452	58.522	-60.246	71.004	-0.19104	-8.0683	-59.267	10.546	-4.6454	23.866	21.084
-3.7986	4.739	-24.041	4.6343	-1.4513	-2.5155	4.6756	1.3682	1.5565	-1.7108	0.36127	-0.44472	-1.3725	-0.59417	-8.2815	239.81	80.276	-109.1	12.504	-8.5301	14.589	86.304	-36.75	2.3795	20.014	-56.194	-32.084	-54.535
-4.2907	1.9126	-22.07	3.8496	0.38814	-4.0839	2.9427	0.96833	2.5847	-0.6445	0.28305	-0.757	0.26692	0.73925	-19.681	-113.06	78.83	-31.388	73.576	-62.737	-69.316	-15.993	41.128	42.653	-3.1286	-12.492	65.575	53.337
-3.2007	14.375	-2.3575	4.9667	3.0761	-0.69301	0.24803	-1.8069	-2.5067	-1.3213	1.0529	-0.33181	-1.8099	-2.187	43.599	498.48	788.49	44.684	107.52	135.64	-107.79	-111.01	-203.65	-27.07	30.794	17.008	-83.071	-117.05
-2.0025	23.898	6.9093	-4.4377	3.5871	0.39879	-1.5744	-2.343	-2.034	-0.30273	0.19843	0.24086	-1.1042	0.41827	47.928	380.92	370.67	-376.18	20.442	43.672	-72.899	-21.446	18.905	40.741	-34.179	22.907	28.225	104.21
-1.3242	25.816	7.9063	-8.719	3.1981	1.4204	-2.043	-3.1487	-2.7169	2.413	-1.6351	1.6234	-0.31056	1.324	27.131	76.739	39.878	-171.25	-15.562	40.863	-18.744	-32.226	-27.314	108.63	-73.339	55.301	31.746	36.229
-1.0209	28.994	8.0816	-9.5435	3.3453	0.65239	0.40203	-4.5754	-3.1306	2.8997	-1.2617	1.4501	0.64073	1.338	12.133	127.12	7.013	-32.982	5.8889	-30.719	97.803	-57.067	-16.546	19.467	14.935	-6.9328	38.052	0.56001
-0.72128	28.304	8.4786	-10.032	2.1532	0.59645	1.7905	-5.9953	-3.521	2.9471	-1.1484	1.3085	1.2319	1.3565	11.985	-27.626	15.877	-19.554	-47.685	-2.2376	55.54	-56.797	-15.617	1.8959	4.5303	-5.661	23.646	0.74078
-0.50576	30.144	9.1727	-10.231	0.67295	-0.12373	2.8537	-6.7547	-3.7054	2.9782	-0.82969	1.5643	0.9184	0.97859	8.6207	73.603	27.764	-7.9615	-59.209	-28.807	42.525	-30.375	-7.3766	1.2445	12.749	10.23	-12.539	-15.116
-0.43502	31.267	10.75	-11.155	-2.2497	-0.589	3.425	-6.2171	-3.4348	3.3025	-0.80834	1.2013	0.32951	0.73896	2.8296	44.927	63.101	-36.933	-116.9	-18.611	22.852	21.504	10.824	12.971	0.85414	-14.518	-23.556	-9.5852
-0.49181	27.92	12.389	-10.341	-3.9822	0.56151	4.1572	-5.4428	-2.9028	3.0489	-0.4854	0.91182	0.29732	0.94938	-2.2718	-133.86	65.548	32.555	-69.302	46.02	29.291	30.971	21.281	-10.145	12.918	-11.58	-1.2875	8.4168
-0.54701	26.263	13.542	-9.8755	-5.2476	1.5116	3.6702	-4.4573	-3.2478	4.1694	-1.0355	1.1911	-0.031573	0.88316	-2.2078	-66.284	46.119	18.613	-50.614	38.006	-19.483	39.42	-13.802	44.821	-22.004	11.172	-13.156	-2.6486
-0.67706	25.178	13.632	-9.5893	-5.6898	1.1563	3.5642	-4.0403	-3.4469	4.1174	-0.92705	0.68498	-0.33471	-0.16972	-5.2022	-43.412	3.614	11.448	-17.687	-14.212	-4.2395	16.681	-7.9623	-2.0826	4.3377	-20.246	-12.125	-42.115
-0.93731	23.153	14.821	-9.2165	-5.4782	1.1022	3.7489	-2.8712	-3.7653	4.4964	-1.2816	0.88792	-0.32568	-0.55209	-10.41	-80.986	47.547	14.911	8.4637	-2.1674	7.3885	46.762	-12.735	15.164	-14.182	8.1177	0.36114	-15.295
-1.3372	19.088	15.859	-8.2836	-6.2772	1.2945	3.4998	-2.4975	-3.8753	3.4543	-2.0038	0.48332	0.38698	-0.82924	-15.996	-162.61	41.522	37.316	-31.962	7.6948	-9.963	14.951	-4.4004	-41.685	-28.887	-16.184	28.506	-11.086
-2.1933	5.712	17.084	-4.8335	-6.4119	2.3897	4.2117	-0.72882	-3.7762	1.6812	-2.0586	0.38551	1.9486	-1.442	-34.242	-535.04	48.992	138	-5.3878	43.806	28.474	70.746	3.9626	-70.926	-2.1943	-3.9124	62.464	-24.511
-3.4311	-18.616	15.651	3.1284	-3.0759	6.1589	8.1131	0.23461	-4.8263	1.2199	-3.5752	-0.83663	1.5809	-3.1791	-49.515	-973.14	-57.308	318.48	133.44	150.77	156.06	38.537	-42.005	-18.45	-60.664	-48.886	-14.708	-69.483
-3.2915	-23.938	15.746	3.737	-2.1156	7.971	7.4199	0.1455	-2.7827	-0.48314	-2.9557	-0.96323	2.7251	-4.9719	5.5866	-212.87	3.8032	24.345	38.411	72.486	-27.729	-3.5642	81.745	-68.122	24.781	-5.064	45.767	-71.712
-3.1569	-24.006	14.354	4.1186	-1.2627	7.8874	7.7582	0.19989	-2.3065	-0.74834	-2.9586	-0.77412	1.2941	-5.0957	5.3837	-2.7371	-55.681	15.263	34.117	-3.346	13.534	2.1755	19.049	-10.608	-0.11722	7.5646	-57.237	-4.9523
-3.0131	-22.193	14.024	1.5274	0.60952	9.4677	6.6011	-0.28878	-2.2656	-0.19801	-3.3886	-0.94013	0.30965	-6.3079	5.7501	72.546	-13.219	-103.65	74.888	63.215	-46.284	-19.547	1.6348	22.013	-17.199	-6.6404	-39.38	-48.487
-2.8812	-21.955	14.081	0.686	1.7531	10.268	4.9475	-0.038752	-2.1199	-0.97993	-3.418	-0.92166	-1.1697	-6.4764	5.2796	9.4971	2.2923	-33.656	45.741	32.007	-66.145	10.001	5.8284	-31.277	-1.1738	0.73861	-59.173	-6.7402
-2.3024	-3.805	10.21	1.3148	-0.18981	4.7401	3.8248	-0.65636	-0.32566	-1.655	-0.5599	-3.4904	-3.5667	-4.6706	23.15	726.02	-154.84	25.152	-77.715	-221.11	-44.907	-24.705	71.77	-27.004	114.32	-102.75	-95.88	72.231
-1.5161	19.298	11.451	-3.8208	-2.4313	0.31821	0.49532	-3.1616	-2.4437	-2.1483	-1.0548	-2.7193	-3.3981	-3.4339	31.454	924.12	49.661	-205.43	-89.659	-176.88	-133.18	-100.21	-84.723	-19.731	-19.794	30.846	6.7426	49.469
-0.9802	26.366	8.97	-7.6605	0.23167	-2.1377	-1.078	-1.2912	-3.2997	0.43378	-0.48776	-1.5314	-4.3992	-2.6431	21.434	282.72	-99.254	-153.59	106.52	-98.238	-62.934	74.816	-34.239	103.28	22.68	47.514	-40.043	31.63
-0.78784	25.462	9.0567	-7.1639	0.65687	-2.1851	-2.1821	-0.67264	-2.5786	0.36989	0.46595	-2.6819	-3.8935	-2.5049	7.6947	-36.165	3.4671	19.865	17.008	-1.8949	-44.163	24.741	28.844	-2.5554	38.148	-46.018	20.23	5.5299
-0.83391	23.926	9.0817	-5.955	0.98113	-3.2286	-1.5487	-0.66719	-1.7751	0.12861	0.65335	-3.055	-3.6651	-1.6843	-1.8428	-61.451	0.99778	48.352	12.97	-41.739	25.338	0.21811	32.141	-9.6512	7.496	-14.926	9.1352	32.823
-0.97292	23.466	8.6805	-4.9971	0.83531	-3.2343	-1.3087	-1.1237	-1.8738	1.3848	-0.30796	-3.3379	-3.7708	-1.3054	-5.5605	-18.365	-16.049	38.319	-5.8325	-0.22686	9.5965	-18.262	-3.9479	50.248	-38.452	-11.316	-4.2272	15.157
-1.1468	18.938	9.2236	-5.8896	2.1286	-4.0526	-1.9554	-1.5789	-2.2802	0.94336	-0.98938	-3.6501	-3.8501	-0.69447	-6.9536	-181.12	21.726	-35.701	51.731	-32.735	-25.864	-18.208	-16.258	-17.657	-27.257	-12.489	-3.1748	24.437
-1.5939	16.006	9.5052	-4.7869	3.2216	-4.3499	-1.4858	-1.2998	-2.8169	1.5337	-1.4558	-3.2702	-3.6862	-0.018713	-17.884	-117.3	11.263	44.11	43.719	-11.891	18.781	11.167	-21.465	23.615	-18.656	15.196	6.5558	27.03
-2.3519	3.1713	10.3	-2.3012	4.4598	-1.9336	-2.0715	1.3387	-4.0477	2.445	-1.3822	-2.9582	-2.4615	0.60766	-30.321	-513.38	31.78	99.425	49.53	96.653	-23.427	105.54	-49.234	36.451	2.9417	12.482	48.988	25.055
-3.4341	-19.642	8.036	5.0507	5.2729	3.6355	-1.3339	2.202	0.47046	-2.1578	-4.9461	-3.0698	-2.5793	-0.20317	-43.288	-912.51	-90.546	294.08	32.522	222.77	29.502	34.532	180.73	-184.11	-142.56	-4.4658	-4.7107	-32.433
-3.6425	-21.285	8.605	5.2478	4.5481	3.8302	-0.42537	2.3679	1.2885	-3.4219	-5.5379	-0.96293	-1.7607	0.83528	-8.3348	-65.745	22.758	7.8872	-28.991	7.7848	36.343	6.6323	32.722	-50.562	-23.671	84.276	32.745	41.538
-4.1648	-16.984	8.1876	3.5654	3.3428	3.9721	-0.0093342	0.56185	1.5723	-1.8473	-6.2078	0.21076	-0.040612	2.6367	-20.892	172.06	-16.695	-67.296	-48.213	5.6772	16.641	-72.24	11.353	62.984	-26.795	46.948	68.802	72.057
-5.0014	-24.169	7.7852	3.7526	3.8516	3.0134	-1.1419	-0.11586	2.4615	-1.507	-3.8454	0.44545	0.46331	2.1039	-33.465	-287.42	-16.095	7.485	20.354	-38.348	-45.304	-27.109	35.567	13.612	94.495	9.3878	20.157	-21.311
-6.0489	-37.509	8.1336	7.3974	3.9301	4.1392	-1.8552	-1.3811	0.9047	0.13528	-4.5248	-0.18016	0.05455	1.0925	-41.899	-533.61	13.935	145.79	3.1383	45.034	-28.529	-50.609	-62.273	65.69	-27.175	-25.024	-16.35	-40.457
-6.2414	-35.883	7.0584	5.8914	4.3391	1.2134	-2.2231	0.73019	-0.93505	-0.7189	-4.6659	-2.0843	0.67384	0.15265	-7.6995	65.045	-43.007	-60.241	16.359	-117.03	-14.717	84.451	-73.59	-34.167	-5.6461	-76.165	24.771	-37.594
-5.9039	-17.937	3.502	2.8374	2.993	-3.7319	-5.0927	-0.50138	-0.29205	1.5879	-0.91853	-0.24025	0.24408	-1.4831	13.497	717.85	-142.26	-122.16	-53.841	-197.81	-114.78	-49.263	25.72	92.272	149.9	73.762	-17.19	-65.43
-5.2683	-13.44	0.4584	-1.1281	3.3602	-4.1442	-7.765	-1.1368	-2.1996	-0.7989	-2.569	-0.90464	-1.0153	-3.3877	25.426	179.9	-121.74	-158.62	14.687	-16.494	-106.89	-25.415	-76.304	-95.473	-66.017	-26.576	-50.375	-76.183
-5.0191	-8.5539	-0.79726	-0.43263	1.7858	-4.3384	-7.3276	-0.0034743	-1.7662	0.35916	-2.3626	0.36929	-1.0413	-2.9455	9.9651	195.43	-50.226	27.82	-62.976	-7.768	17.496	45.331	17.337	46.322	8.2526	50.957	-1.0407	17.687
-5.133	-11.234	1.278	-4.5739	1.4993	-3.5353	-9.4966	0.40534	-1.6315	0.62177	-3.0742	-0.51378	-1.3959	-3.8334	-4.5564	-107.2	83.011	-165.65	-11.46	32.127	-86.761	16.352	5.3893	10.504	-28.461	-35.323	-14.185	-35.516
-4.7385	-9.4905	2.243	-1.3844	1.2503	-3.9699	-6.0437	1.867	-0.013018	0.77877	-3.4744	-0.48867	-0.84684	-3.0299	15.784	69.739	38.598	127.58	-9.9603	-17.385	138.12	58.468	64.739	6.2803	-16.008	1.0043	21.964	32.141
-3.581	5.1676	0.60845	-2.6484	3.6422	-3.9487	-5.1031	1.8473	0.26978	0.95428	-3.5686	-0.064562	-0.16451	-2.2253	46.299	586.33	-65.381	-50.561	95.675	0.84623	37.621	-0.79027	11.312	7.0203	-3.7674	16.964	27.293	32.186
-2.6139	27.347	-1.4594	-4.3686	3.3543	-5.6188	-3.8001	2.021	1.4041	1.3254	-2.4128	0.47563	-1.0778	-0.45962	38.685	887.17	-82.712	-68.808	-11.515	-66.802	52.122	6.9488	45.375	14.845	46.231	21.608	-36.532	70.626
-1.6505	37.119	-0.84049	-6.5185	1.6625	-4.2117	-3.0899	2.3797	1.7722	1.9923	-1.4334	0.82245	-0.58478	-0.2038	38.534	390.9	24.755	-85.997	-67.672	56.281	28.407	14.348	14.721	26.674	39.176	13.873	19.721	10.233
-1.1207	39.625	-1.8783	-7.3389	1.221	-3.9092	-2.7066	2.6045	2.4551	2.8704	-0.45436	0.39441	-0.72993	-0.58979	21.193	100.21	-41.514	-32.814	-17.661	12.1	15.335	8.9935	27.317	35.126	39.162	-17.121	-5.806	-15.44
-0.87236	39.357	-1.0997	-6.2762	0.44905	-2.8315	-1.8599	1.9103	3.0436	3.3508	-0.68483	0.14327	-0.72385	-0.37108	9.9328	-10.71	31.144	42.509	-30.876	43.109	33.866	-27.771	23.539	19.214	-9.2186	-10.046	0.24325	8.7484
-0.91919	39.646	-0.23561	-5.9213	-0.18588	-3.0247	-0.87227	1.173	2.984	3.6642	-1.0852	0.0040784	-0.86951	0.3694	-1.873	11.557	34.565	14.193	-25.397	-7.7279	39.505	-29.49	-2.381	12.537	-16.014	-5.5676	-5.8264	29.619
-0.97049	34.941	2.9693	-4.9266	-1.6809	-1.9118	-0.24769	0.96219	1.6088	4.2672	0.50693	-1.6134	-1.688	1.1678	-2.052	-188.18	128.2	39.79	-59.8	44.516	24.983	-8.4329	-55.008	24.122	63.685	-64.7	-32.741	31.937
-1.5092	28.097	6.6743	-4.6016	-2.0233	-2.0299	0.4832	0.54598	-0.052227	3.8603	1.7018	-1.8234	-2.2161	0.15974	-21.549	-273.79	148.2	12.998	-13.697	-4.7231	29.236	-16.648	-66.442	-16.278	47.793	-8.3976	-21.121	-40.324
-2.3741	4.6999	12.259	-1.1681	-3.726	-0.49998	1.8017	1.8156	-2.7326	2.9222	3.5172	-1.1171	-2.4131	-1.0315	-34.595	-935.87	223.39	137.34	-68.108	61.196	52.739	50.787	-107.22	-37.524	72.618	28.249	-7.8819	-47.648
-4.5878	-25.721	11.77	3.9115	1.8369	5.1298	3.1408	2.8996	-1.0771	-1.2611	-1.1525	1.4476	-1.0403	-3.8238	-88.55	-1216.8	-19.576	203.18	222.52	225.19	53.566	43.358	66.222	-167.33	-186.79	102.59	54.912	-111.69
-5.0982	-37.856	10.815	6.0961	2.8732	6.3769	2.4749	1.7592	-0.90613	-0.40592	0.56313	2.1421	-0.97127	-4.4347	-20.414	-485.41	-38.183	87.383	41.452	49.882	-26.635	-45.617	6.8377	34.208	68.627	27.782	2.7622	-24.436
-6.0018	-47.234	8.1335	6.9782	3.4049	7.0146	3.5161	2.1188	-1.3475	-0.97134	0.10381	1.3519	-1.0392	-2.3884	-36.142	-375.12	-107.26	35.284	21.27	25.511	41.647	14.386	-17.657	-22.617	-18.373	-31.607	-2.7181	81.854
-7.2262	-63.222	6.6687	9.3428	4.0828	6.3516	3.5877	1.4917	1.2462	-0.84918	-1.6878	-0.21381	-0.95858	-1.2339	-48.976	-639.52	-58.593	94.582	27.113	-26.522	2.8656	-25.083	103.75	4.8865	-71.663	-62.63	3.2255	46.18
-8.3035	-53.292	-2.0538	9.2809	2.3285	3.9965	1.6847	1.0379	0.17059	-3.0849	-2.5196	-2.3494	-1.3935	-0.89107	-43.094	397.23	-348.9	-2.4729	-70.17	-94.205	-76.12	-18.154	-43.026	-89.429	-33.271	-85.423	-17.395	13.712
-7.8852	-24.099	-6.4856	-0.78763	-1.5305	-0.61767	-0.36208	-0.28757	-0.44442	-1.5257	-0.41773	-0.98168	-1.0512	0.26677	16.734	1167.7	-177.27	-402.74	-154.36	-184.57	-81.873	-53.018	-24.6	62.367	84.073	54.709	13.69	46.313
-6.1965	-15.022	-2.6685	2.3293	-2.7728	0.14013	-0.58063	0.57548	0.67849	-2.0843	-0.28933	-0.38827	-0.7307	-0.068321	67.545	363.06	152.68	124.68	-49.692	30.312	-8.7424	34.522	44.916	-22.342	5.1359	23.736	12.82	-13.404
-4.547	-1.6952	-0.53751	4.0024	0.87445	0.91307	-0.67763	0.17197	2.283	0.97072	0.45917	-2.1262	-0.62727	0.66123	65.979	533.08	85.241	66.927	145.89	30.918	-3.88	-16.14	64.181	122.2	29.94	-69.516	4.137	29.182
-3.2269	6.7171	5.5649	3.0714	1.0016	0.37372	-0.7233	-0.5459	-1.6671	-1.7794	3.1249	0.40683	-1.6707	-1.4618	52.805	336.49	244.1	-37.24	5.0849	-21.574	-1.8265	-28.715	-158	-110.01	106.63	101.32	-41.739	-84.922
-2.1976	14.478	6.5968	1.2011	2.4068	-2.6195	-0.012359	-2.341	-1.8499	-0.61665	2.4495	0.33639	-1.6924	0.20825	41.172	310.44	41.279	-74.814	56.209	-119.73	28.438	-71.803	-7.3135	46.51	-27.015	-2.8177	-0.86486	66.803
-1.7681	15.675	7.5262	2.3453	1.0064	-1.354	-0.6414	-2.6791	-2.5276	0.48074	1.0904	-0.43607	-1.2102	1.9501	17.182	47.871	37.175	45.768	-56.015	50.617	-25.162	-13.524	-27.107	43.896	-54.364	-30.898	19.285	69.674
-1.921	12.045	8.5529	4.1431	1.0705	-0.89585	-0.46992	-1.8093	-2.368	-0.43304	1.1194	-0.81741	-0.45517	2.9706	-6.1177	-145.18	41.066	71.912	2.5619	18.328	6.8594	34.791	6.3847	-36.551	1.159	-15.253	30.202	40.82
-2.5067	14.49	0.68738	8.1611	1.1181	1.5069	0.31701	-3.4451	-0.05461	-2.3394	1.7743	-0.033453	0.075079	2.7996	-23.428	97.785	-314.62	160.72	1.9062	96.111	31.477	-65.433	92.534	-76.255	26.195	31.358	21.21	-6.841
-3.6387	7.3839	-11.505	12.541	0.36203	4.1432	0.41893	-4.1548	0.65703	-1.4539	1.5827	-0.75674	2.0156	-0.46921	-45.28	-284.24	-487.69	175.18	-30.244	105.45	4.0769	-28.386	28.465	35.419	-7.6616	-28.931	77.62	-130.75
-4.3071	-5.5788	-20.985	10.992	-2.7141	1.4445	1.0842	-1.4555	3.0695	-1.0885	1.7535	-1.0205	2.0546	-0.36394	-26.736	-518.51	-379.21	-61.945	-123.05	-107.95	26.609	107.97	96.498	14.62	6.8314	-10.552	1.5605	4.2106
-4.0683	-9.2938	-24.778	8.6988	-4.3949	2.4242	2.3849	-1.1316	1.9775	-1.8898	1.2445	-0.89669	2.0078	0.33401	9.5549	-148.6	-151.74	-91.722	-67.23	39.189	52.031	12.957	-43.68	-32.053	-20.362	4.9538	-1.8716	27.918
-4.3236	-17.114	-28.115	7.6672	-7.2012	1.4262	1.9072	0.12089	3.8046	-1.7879	1.0804	-1.4603	2.6688	0.15629	-10.216	-312.82	-133.46	-41.265	-112.25	-39.919	-19.11	50.099	73.085	4.0762	-6.5624	-22.545	26.44	-7.1088
-4.809	-15.644	-21.175	7.9577	-5.701	0.98682	1.8718	1.4026	2.0801	-1.27	1.1368	-1.6113	1.2706	0.9939	-19.413	58.819	277.59	11.621	60.01	-17.577	-1.4163	51.267	-68.979	20.716	2.2557	-6.0385	-55.929	33.504
-4.915	-15.332	-23.216	6.0796	-6.9512	1.8877	2.4912	1.0341	1.9335	-3.0425	1.5286	-0.97315	1.488	0.37051	-4.2431	12.473	-81.627	-75.125	-50.008	36.035	24.779	-14.739	-5.8656	-70.9	15.672	25.525	8.6953	-24.936
-4.6138	-10.202	-23.97	4.5025	-7.7112	2.0419	2.3893	1.1254	4.1352	-1.894	1.2399	-0.34678	1.5767	-1.0681	12.052	205.19	-30.179	-63.085	-30.401	6.1683	-4.0787	3.6526	88.069	45.938	-11.55	25.054	3.5469	-57.543
-4.5708	-3.9142	-21.015	6.5686	-5.0207	-0.60824	-0.35272	-1.7587	2.6632	-1.8963	-0.36748	-0.73974	0.88022	0.36522	1.7189	251.51	118.23	82.646	107.62	-106.01	-109.68	-115.36	-58.88	-0.092211	-64.293	-15.718	-27.857	57.332
-4.8578	5.4031	-15.67	5.3788	-5.1244	-0.43447	0.33707	-1.8598	0.91956	-1.5765	0.90508	-1.7377	-0.0028617	0.73973	-11.481	372.69	213.79	-47.592	-4.1494	6.9505	27.591	-4.0444	-69.746	12.793	50.902	-39.918	-35.323	14.98
-5.0788	-3.9187	-16.2	6.5784	-1.7211	0.77926	2.4768	-0.93845	1.7854	-1.417	1.6475	-1.3927	-0.81638	-0.17104	-8.8412	-372.87	-21.184	47.984	136.13	48.549	85.588	36.855	34.635	6.3789	29.695	13.801	-32.541	-36.431
-2.1517	14.149	7.3111	3.2089	-5.0145	-2.7805	0.80104	0.40232	-1.9168	-1.2514	2.2824	-1.7545	-1.9479	-0.29175	117.08	722.72	940.43	-134.78	-131.74	-142.39	-67.029	53.631	-148.09	6.6245	25.399	-14.475	-45.261	-4.8287
-0.91082	26.644	9.3692	1.1604	-6.6562	-4.0422	-0.62684	1.7518	-2.7088	1.009	3.1618	-2.1374	-1.6166	-0.28004	49.636	499.77	82.322	-81.94	-65.668	-50.47	-57.115	53.979	-31.677	90.415	35.175	-15.314	13.253	0.46874
-0.34086	31.216	7.7012	0.55103	-7.8397	-5.0056	0.5087	4.366	-3.2001	1.6619	3.7876	-0.81277	-1.8138	-0.19686	22.798	182.89	-66.717	-24.374	-47.34	-38.535	45.422	104.57	-19.655	26.118	25.034	52.984	-7.8864	3.3269
-0.11316	36.339	5.6756	-3.6564	-8.9729	-4.6025	0.89188	4.0732	-2.3787	1.2996	3.2406	-0.44594	-1.4344	-0.15298	9.1079	204.92	-81.025	-168.3	-45.328	16.122	15.327	-11.712	32.857	-14.491	-21.883	14.673	15.174	1.7555
0.049529	38.16	6.5321	-5.9131	-8.0507	-3.6114	1.0351	4.9878	-1.4786	0.7519	3.718	-0.11321	-0.8512	-0.35712	6.5076	72.841	34.259	-90.27	36.89	39.644	5.7302	36.582	36.002	-21.909	19.096	13.309	23.328	-8.1659
0.065253	37.743	6.1372	-7.0938	-8.4703	-3.4307	0.72229	4.5259	-0.65382	0.19355	3.8016	-0.32654	-0.52007	-0.25413	0.62894	-16.673	-15.796	-47.227	-16.786	7.227	-12.514	-18.473	32.993	-22.334	3.3459	-8.5331	13.245	4.1198
0.10252	39.284	5.9588	-8.5549	-8.1033	-3.1493	0.25436	4.279	0.071455	-0.42796	3.9096	-0.52343	-0.6516	0.31001	1.4906	61.649	-7.1361	-58.444	14.682	11.256	-18.717	-9.8758	29.011	-24.86	4.319	-7.8757	-5.2612	22.565
0.14961	40.257	6.4043	-8.9637	-8.0548	-2.0241	-0.46553	3.8421	0.5252	0.03164	3.2688	-0.38839	-0.87505	0.80653	1.8837	38.901	17.82	-16.354	1.9382	45.008	-28.796	-17.479	18.15	18.384	-25.631	5.4014	-8.9379	19.861
0.13619	41.466	5.7928	-9.2398	-7.6305	-1.4897	-0.92234	3.4028	1.0298	0.40736	3.1351	-0.45502	-1.5406	1.2826	-0.5369	48.362	-24.459	-11.041	16.972	21.379	-18.272	-17.573	20.182	15.029	-5.3506	-2.6649	-26.624	19.043
0.076107	40.816	6.9841	-9.7113	-5.8917	-0.75032	-2.2361	3.5409	1.116	1.9895	1.8112	0.2649	-1.1309	1.2679	-2.4032	-25.985	47.65	-18.86	69.552	29.574	-52.551	5.5257	3.4503	63.285	-52.952	28.797	16.391	-0.58783
0.0052649	39.05	6.6831	-9.7557	-5.2769	-1.0805	-2.4639	1.8606	1.7925	2.0657	1.7837	0.11896	-0.42314	1.0568	-2.8337	-70.649	-12.038	-1.7786	24.591	-13.206	-9.1108	-67.211	27.06	3.0465	-1.1009	-5.8376	28.309	-8.4453
-0.021243	39.554	5.72	-8.795	-3.562	-1.4511	-2.9734	0.85742	2.1398	2.2689	1.9805	0.29623	0.0098992	0.96014	-1.0603	20.146	-38.525	38.428	68.597	-14.825	-20.381	-40.128	13.892	8.1294	7.8722	7.0907	17.322	-3.8649
-0.184	38.136	5.2023	-7.6842	-1.2921	-2.1442	-4.8594	0.73822	1.5113	2.7592	1.2654	0.97635	0.081859	0.32021	-6.5103	-56.707	-20.708	44.431	90.797	-27.724	-75.44	-4.7679	-25.141	19.612	-28.607	27.205	2.8784	-25.597
-0.44559	36.165	4.2814	-5.0443	0.41498	-2.1998	-5.478	0.20882	1.532	3.0255	1.3341	1.4753	0.24504	0.19004	-10.463	-78.859	-36.836	105.6	68.283	-2.2245	-24.744	-21.176	0.82753	10.653	2.7498	19.959	6.5271	-5.2071
-0.86122	32.998	4.0454	-4.1888	1.7285	-3.5877	-5.208	-0.51162	1.0993	2.4708	0.47277	1.8357	-0.19884	0.70855	-16.625	-126.67	-9.4398	34.219	52.541	-55.517	10.801	-28.817	-17.308	-22.187	-34.453	14.416	-17.755	20.741
-1.0513	27.828	5.4137	-2.7013	2.6035	-3.4422	-4.775	-0.22623	0.68478	2.247	0.33147	1.7885	0.30686	0.85342	-7.6052	-206.78	54.732	59.502	35	5.8208	17.317	11.416	-16.58	-8.9541	-5.6522	-1.891	20.228	5.7947
-1.2811	22.055	6.8251	0.44144	2.342	-3.1501	-5.6127	0.2564	0.26046	0.73258	0.51834	1.3323	0.9122	1.4456	-9.1909	-230.94	56.455	125.71	-10.459	11.682	-33.508	19.305	-16.973	-60.576	7.475	-18.248	24.214	23.687
-1.4047	15.055	8.4165	2.9679	2.04	-2.6375	-5.0901	-0.35461	0.29956	-0.031134	0.76527	0.44929	1.1585	2.6106	-4.9439	-279.97	63.658	101.06	-12.082	20.507	20.906	-24.44	1.564	-30.549	9.8769	-35.319	9.8524	46.599
-1.9395	6.4149	7.2776	6.8976	3.861	-2.4926	-3.1042	-2.8223	1.7102	-0.5789	0.065528	0.55418	1.2042	3.3224	-21.392	-345.62	-45.557	157.19	72.839	5.7946	79.437	-98.708	56.425	-21.91	-27.989	4.1956	1.8267	28.474
-2.7809	4.7322	-2.0996	13.454	2.1899	-0.64415	0.572	-4.8336	1.8558	-1.3527	0.029256	-0.34561	1.7552	3.0443	-33.658	-67.31	-375.09	262.27	-66.841	73.939	147.05	-80.451	5.8255	-30.954	-1.4509	-35.991	22.041	-11.125
-4.1772	2.7874	-11.731	14.266	3.086	0.57257	2.5433	-3.9832	1.2234	-1.5615	0.9449	-0.41755	1.8078	1.8944	-55.85	-77.791	-385.24	32.47	35.841	48.669	78.853	34.016	-25.298	-8.3494	36.626	-2.8777	2.1024	-45.994
-4.9514	-9.1185	-17.491	14.498	2.3961	2.1484	1.7544	-3.3892	2.2824	-0.47117	0.65963	0.85625	1.3791	0.46029	-30.969	-476.24	-230.4	9.2635	-27.596	63.033	-31.557	23.758	42.361	43.612	-11.411	50.952	-17.147	-57.366
-5.5461	-19.727	-22.626	9.6753	-1.9585	3.1743	4.0167	-0.96024	3.3977	-1.1861	0.57766	-1.7398	0.99599	-0.76675	-23.787	-424.36	-205.41	-192.9	-174.18	41.035	90.49	97.159	44.61	-28.599	-3.2789	-103.84	-15.324	-49.082
-6.1502	-26.043	-24.29	3.8192	-2.4344	1.5933	1.3412	0.81415	3.02	-1.4723	0.9487	-1.9944	0.53621	0.60195	-24.163	-252.63	-66.581	-234.25	-19.033	-63.237	-107.02	70.976	-15.107	-11.448	14.842	-10.186	-18.391	54.748
-7.5448	-35.287	-23.109	0.75662	-1.7155	1.4247	-0.95537	0.77561	0.97334	-1.3811	-0.49651	-0.28082	1.1942	-0.27992	-55.785	-369.75	47.268	-122.5	28.753	-6.7477	-91.861	-1.5413	-81.867	3.6482	-57.808	68.545	26.319	-35.275
-8.6654	-46.715	-20.571	3.633	-2.8511	0.64273	2.6971	0.65679	1.3778	-0.8083	0.63134	1.0407	1.7573	1.8743	-44.825	-457.12	101.5	115.06	-45.422	-31.277	146.1	-4.7529	16.178	22.913	45.114	52.862	22.525	86.168
-9.6223	-52.003	-16.944	0.84272	-3.6036	2.6912	1.5188	0.78134	0.40465	-2.4239	0.45729	0.65655	0.27902	-0.56197	-38.274	-211.52	145.08	-111.61	-30.099	81.941	-47.133	4.9821	-38.926	-64.624	-6.962	-15.367	-59.132	-97.45
-9.6694	-45.922	-14.943	0.45643	-3.951	0.28138	-0.052549	0.041443	0.74543	-1.9533	0.64637	-0.22151	1.9396	0.46668	-1.8833	243.26	80.066	-15.452	-13.896	-96.394	-62.855	-29.596	13.631	18.824	7.5632	-35.122	66.425	41.146
-7.2875	-11.454	-11.178	-1.874	-3.5327	0.47948	-1.123	-0.65976	1.3718	-2.0661	0.47346	-0.0079635	0.61963	0.26212	95.274	1378.7	150.58	-93.218	16.73	7.9238	-42.82	-28.048	25.056	-4.5123	-6.9165	8.5418	-52.801	-8.1826
-4.169	-3.224	-1.035	6.52	1.5735	3.1959	-0.95639	-1.3987	0.36074	-3.2552	-0.096654	-0.3552	1.1639	0.90682	124.74	329.21	405.72	335.76	204.25	108.66	6.6658	-29.559	-40.444	-47.564	-22.804	-13.889	21.772	25.788
-3.0327	4.0677	5.706	7.8872	2.3601	1.7045	-5.3537	-3.0558	0.99949	-1.8168	0.58615	-3.5936	1.7771	0.86699	45.452	291.67	269.64	54.686	31.463	-59.657	-175.89	-66.283	25.55	57.536	27.312	-129.53	24.527	-1.5934
-2.455	13.14	2.5762	6.1921	1.4093	0.79788	-4.0935	-2.7647	-0.13929	-2.5834	0.51033	-1.4775	1.3233	0.66756	23.11	362.87	-125.19	-67.804	-38.031	-36.265	50.409	11.643	-45.551	-30.664	-3.033	84.641	-18.151	-7.9771
-2.364	19.484	1.7197	4.0029	2.5526	-0.29152	-4.0414	-3.0131	-0.4322	-2.4319	0.30298	-1.9418	1.2387	0.44673	3.639	253.79	-34.26	-87.566	45.732	-43.576	2.0818	-9.9331	-11.716	6.0604	-8.294	-18.57	-3.3841	-8.833
-2.5175	23.77	0.34715	3.3324	2.2723	-0.69246	-4.2219	-3.9909	0.32831	-1.3603	0.30186	-1.3415	1.7488	-0.6009	-6.1408	171.43	-54.901	-26.823	-11.21	-16.038	-7.217	-39.114	30.42	42.865	-0.044689	24.01	20.403	-41.905
-2.7476	20.673	-0.71275	0.9603	4.1468	-1.6513	-4.4537	-2.0735	1.7541	-0.41529	-0.21173	-0.30277	1.6312	0.30614	-9.2013	-123.89	-42.396	-94.883	74.977	-38.355	-9.274	76.699	57.032	37.799	-20.544	41.55	-4.7053	36.282
-3.078	19.115	-0.099979	0.83789	4.4522	-1.4669	-4.3382	-1.842	2.0501	-0.44239	-0.66746	-0.15559	1.7671	0.26108	-13.216	-62.302	24.511	-4.8964	12.217	7.379	4.6211	9.2574	11.842	-1.084	-18.229	5.8876	5.4365	-1.8026
-3.583	10.924	0.48486	2.0327	5.5851	-1.7876	-3.0384	-1.9348	2.1366	0.18822	-2.103	0.50092	0.92012	1.3199	-20.202	-327.67	23.394	47.791	45.317	-12.828	51.989	-3.7112	3.4582	25.224	-57.422	26.26	-33.878	42.352
-4.3873	-9.9574	2.9794	6.7253	3.736	0.84067	-1.2911	-1.3035	1.1442	-1.4266	-3.0412	0.081207	1.7341	0.88823	-32.17	-835.24	99.783	187.71	-73.964	105.13	69.895	25.25	-39.697	-64.592	-37.528	-16.788	32.559	-17.266
-4.9031	-22.878	8.6602	10.178	-1.9246	3.1768	-0.37475	0.5034	0.92745	-4.7506	-2.1104	0.4655	1.5568	-0.61317	-20.632	-516.82	227.23	138.13	-226.42	93.446	36.653	72.278	-8.6693	-132.96	37.231	15.372	-7.0919	-60.056
-4.9207	-25.076	8.9848	10.8	-1.3376	3.0332	0.20614	0.89927	0.07406	-4.3296	-2.0844	0.43471	1.5675	-0.15672	-0.70553	-87.939	12.981	24.877	23.478	-5.7467	23.236	15.835	-34.136	16.84	1.0421	-1.2315	0.42916	18.258
-4.9535	-30.187	11.225	11.165	-0.79569	1.7039	1.4537	1.4023	-0.53894	-4.5103	-1.8849	0.31118	1.6116	-0.22388	-1.3128	-204.41	89.604	14.584	21.677	-53.17	49.904	20.119	-24.52	-7.228	7.9774	-4.9411	1.7652	-2.6864
-4.9311	-33.552	12.491	11.641	-0.49449	0.33878	2.4995	2.031	-1.4493	-4.6949	-1.3881	1.007	0.32082	0.74614	0.89705	-134.63	50.657	19.044	12.048	-54.605	41.829	25.151	-36.416	-7.3837	19.874	27.832	-51.633	38.801
-4.9276	-35.941	12.354	13.071	-0.96462	1.2545	1.4477	2.6568	-1.9418	-3.6102	-2.0797	0.66566	0.65503	1.0021	0.14108	-95.547	-5.482	57.185	-18.805	36.629	-42.069	25.032	-19.699	43.389	-27.664	-13.653	13.368	10.24
-4.6591	-28.794	8.3138	11.055	3.9948	-1.5306	2.0381	1.8856	-1.3426	-3.4836	-2.131	0.64898	0.54778	2.6684	10.74	285.87	-161.62	-80.646	198.38	-111.41	23.614	-30.848	23.967	5.0651	-2.0513	-0.66694	-4.2902	66.65
-4.2111	0.071733	0.19943	7.4018	8.1601	-5.5993	0.71246	1.5675	-0.13698	-2.8256	-0.73295	2.3976	0.35166	1.864	17.918	1154.6	-324.58	-146.11	166.61	-162.75	-53.026	-12.725	48.226	26.319	55.921	69.944	-7.8448	-32.175
-3.9051	5.781	-0.887	5.932	9.4097	-6.0434	-0.68659	2.4832	0.45041	-0.13434	-1.6696	2.8468	-0.88136	1.5751	12.243	228.37	-43.457	-58.795	49.984	-17.761	-55.962	36.629	23.496	107.65	-37.466	17.969	-49.321	-11.556
-3.8161	4.6428	-0.86461	7.0875	8.1281	-4.689	-1.643	3.2427	-0.68004	0.41001	-1.8493	3.1236	-0.46218	0.9873	3.5582	-45.53	0.89573	46.219	-51.265	54.173	-38.257	30.378	-45.218	21.774	-7.1897	11.071	16.767	-23.513
-3.6335	6.8308	-2.1493	7.5855	9.1204	-4.4932	-2.0437	2.655	-0.98162	-0.35198	-1.23	2.664	-0.30654	0.7976	7.306	87.522	-51.386	19.922	39.692	7.8335	-16.027	-23.509	-12.063	-30.48	24.773	-18.383	6.2257	-7.5881
-3.3424	7.6823	-2.6575	7.9006	9.7113	-3.8848	-2.0887	2.0623	-1.9829	-0.41591	-1.6307	2.944	-0.47232	0.35477	11.642	34.059	-20.329	12.604	23.635	24.337	-1.7987	-23.705	-40.051	-2.5572	-16.029	11.202	-6.6314	-17.713
-3.1072	8.3032	-2.4538	7.9485	10.392	-3.4846	-1.9274	1.0161	-1.7032	-1.1216	-1.5178	3.3013	-0.50491	0.47429	9.4102	24.837	8.1469	1.9174	27.225	16.008	6.4517	-41.851	11.189	-28.229	4.516	14.292	-1.3034	4.7806
-2.9894	10.671	-1.9982	6.8454	10.35	-3.2748	-2.7301	1.9035	-1.603	-1.5489	-0.84284	2.9156	-0.35855	0.5279	4.709	94.719	18.223	-44.125	-1.6751	8.3914	-32.108	35.496	4.0051	-17.09	27	-15.43	5.8542	2.1446
-2.8609	13.219	-2.4511	5.8402	11	-3.5506	-3.1491	2.3618	-1.7394	-1.3231	-0.40463	2.8053	-0.31209	0.51781	5.1425	101.93	-18.115	-40.206	25.996	-11.031	-16.761	18.332	-5.4548	9.0305	17.529	-4.4111	1.8585	-0.40354
-2.6906	13.101	-1.8424	4.6604	12.045	-4.2648	-3.0415	2.6093	-1.7048	-1.1349	-0.60116	3.1631	-0.32044	0.51975	6.8091	-4.7427	24.346	-47.193	41.784	-28.571	4.3054	9.9029	1.3838	7.5292	-7.8612	14.312	-0.33403	0.077573
-2.6121	13.924	-1.9066	3.9969	12.371	-4.7039	-2.5836	2.7352	-1.6578	-1.3704	-0.37741	3.3374	-0.41656	0.75541	3.1428	32.923	-2.5654	-26.542	13.05	-17.562	18.314	5.0335	1.88	-9.4211	8.9498	6.9722	-3.8451	9.4262
-2.61	15.953	-2.7311	3.5655	12.517	-4.7766	-2.0684	2.2846	-1.403	-1.3865	0.040752	3.52	-0.41648	0.60795	0.083598	81.162	-32.981	-17.255	5.847	-2.9092	20.609	-18.023	10.192	-0.64107	16.726	7.3014	0.0032608	-5.8982
-2.5966	19.242	-2.4503	3.1452	12.579	-5.3823	-2.1557	2.57	-1.3836	-1.9838	-0.75611	2.4677	-1.1092	0.41957	0.53385	131.57	11.232	-16.81	2.4659	-24.226	-3.4937	11.414	0.77513	-23.892	-31.875	-42.09	-27.708	-7.5354
-2.5826	18.765	-1.0953	3.0135	12.479	-4.7212	-3.1202	3.0266	-1.8446	-2.0765	-0.90243	2.3325	-1.6598	0.28857	0.56299	-19.072	54.198	-5.2699	-3.9684	26.444	-38.579	18.267	-18.44	-3.7116	-5.8525	-5.4098	-22.025	-5.2399
-2.6042	17.263	-0.79489	2.5214	12.914	-5.2781	-2.7637	2.8637	-1.7009	-1.4732	-1.0327	2.9811	-1.6887	0.32809	-0.8638	-60.101	12.018	-19.684	17.366	-22.279	14.258	-6.5181	5.7471	24.132	-5.2116	25.945	-1.1535	1.5806
-2.6091	18.455	-1.406	2.876	12.883	-5.3336	-2.6599	2.9513	-1.507	-1.6052	-0.74883	2.6981	-1.7205	0.1008	-0.19604	47.679	-24.446	14.184	-1.2031	-2.2195	4.1529	3.5064	7.7578	-5.2797	11.355	-11.319	-1.2726	-9.0912
-2.5901	17.834	-0.87972	1.8747	13.644	-5.5389	-2.6471	2.5663	-0.86805	-1.7155	-1.1385	2.9627	-2.1123	0.327	0.75767	-24.854	21.053	-40.053	30.411	-8.212	0.51178	-15.403	25.557	-4.4122	-15.587	10.581	-15.672	9.0478
-2.7474	13.908	0.86828	1.6598	13.762	-4.9654	-2.7684	2.5263	-0.74751	-1.5718	-0.98095	2.9992	-2.5088	0.21087	-6.2905	-157.02	69.92	-8.5961	4.7316	22.942	-4.8534	-1.5981	4.8218	5.7497	6.3025	1.4633	-15.861	-4.6451
-3.3586	4.7899	4.3962	1.4503	13.23	-4.4866	-2.1827	1.7833	0.049846	-1.7095	-0.76277	2.2737	-2.0835	-0.73938	-24.448	-364.73	141.12	-8.3772	-21.264	19.151	23.428	-29.719	31.894	-5.509	8.7269	-29.021	17.01	-38.01
-4.5382	-18.682	3.7816	4.82	11.328	-2.9256	-2.8862	1.3145	0.79572	-1.9328	0.96411	0.06868	-0.28976	-1.3119	-47.185	-938.89	-24.584	134.79	-76.096	62.442	-28.137	-18.755	29.835	-8.9309	69.075	-88.201	71.752	-22.9
-7.7867	-42.037	-6.9956	4.9677	4.5477	5.2929	0.35369	2.7128	1.9152	-1.6115	-0.19823	-2.7144	1.0344	-0.97567	-129.94	-934.17	-431.09	5.9087	-271.21	328.74	129.6	55.932	44.781	12.853	-46.494	-111.32	52.966	13.448
-7.513	-21.079	-19.73	-2.3776	-2.1301	-0.43247	-0.47192	0.95336	2.771	-0.75008	0.093671	-0.71647	0.45024	0.19379	10.951	838.32	-509.36	-293.81	-267.11	-229.02	-33.025	-70.377	34.23	34.455	11.676	79.916	-23.366	46.778
-7.1139	-18.359	-19.212	-3.0202	-0.75987	0.88448	0.33078	1.062	0.89261	-0.6219	1.3315	0.11638	-0.5015	-1.4614	15.962	108.79	20.698	-25.708	54.809	52.678	32.108	4.3468	-75.135	5.1272	49.512	33.314	-38.069	-66.206
-7.4219	-18.676	-17.564	-0.21813	-0.11584	2.4239	1.0378	0.4127	0.19728	0.14671	0.53992	-0.38241	-0.57351	-2.3603	-12.321	-12.665	65.92	112.08	25.761	61.576	28.281	-25.973	-27.813	30.745	-31.662	-19.952	-2.8806	-35.958
-7.8928	-26.241	-14.747	0.88358	-1.617	1.4116	0.62168	-0.34933	1.7705	-0.38508	0.8596	-0.5758	0.31451	0.60692	-18.834	-302.63	112.7	44.069	-60.045	-40.489	-16.645	-30.481	62.928	-21.272	12.787	-7.7355	35.521	118.69
-8.0641	-29.586	-15.467	0.40232	-3.5143	0.31775	1.5629	-0.62404	0.96272	-0.024093	1.6476	-0.18693	0.62487	0.31855	-6.8537	-133.78	-28.815	-19.25	-75.892	-43.756	37.65	-10.988	-32.311	14.439	31.519	15.555	12.415	-11.535
-7.2736	-23.022	-17.33	-0.022642	-3.1515	2.2036	4.732	0.60141	1.7995	-0.39136	2.0776	0.28284	0.23959	0.82039	31.623	262.56	-74.529	-16.999	14.509	75.434	126.76	49.018	33.47	-14.691	17.2	18.791	-15.412	20.074
-6.7898	-15.196	-19.693	-0.17279	-3.604	2.2447	2.4389	0.59451	3.0064	-0.46689	0.90371	-0.025852	-0.0046021	0.43984	19.349	313.04	-94.523	-6.0061	-18.098	1.6453	-91.721	-0.27605	48.275	-3.0214	-46.955	-12.348	-9.7675	-15.222
-6.7004	-15.536	-19.009	1.0031	-3.7089	1.5445	0.85994	-1.1199	0.10557	-1.4734	0.37284	0.48314	0.81415	-1.2229	3.578	-13.615	27.366	47.034	-4.195	-28.01	-63.16	-68.578	-116.03	-40.262	-21.234	20.36	32.75	-66.509
-6.7738	-13.039	-15.955	1.9627	-1.566	0.55571	0.67227	-1.8262	2.0229	0.40204	1.1025	0.9421	-1.3006	-2.3139	-2.9358	99.896	122.18	38.386	85.716	-39.551	-7.5068	-28.252	76.695	75.019	29.186	18.358	-84.591	-43.641
-6.6802	-9.2716	-13.185	-0.44592	-1.8429	1.8024	0.99846	-2.4837	0.063272	-1.6225	1.8828	0.32285	-1.3055	-0.76245	3.7425	150.69	110.78	-96.345	-11.078	49.869	13.048	-26.297	-78.387	-80.98	31.213	-24.77	-0.19271	62.059
-6.8192	-7.0908	-9.4164	-1.3235	-2.2029	0.65385	1.4683	-1.7501	-0.51951	-0.55085	2.7081	-0.078492	-0.42482	-0.074545	-5.5589	87.23	150.74	-35.102	-14.4	-45.944	18.792	29.343	-23.311	42.864	33.012	-16.054	35.225	27.516
-6.726	-15.368	-9.3732	-2.4112	0.079728	2.238	1.6468	-1.3671	-0.38114	-1.5739	1.43	1.676	0.50378	0.30542	3.7282	-331.1	1.7287	-43.509	91.306	63.366	7.1398	15.319	5.5348	-40.92	-51.123	70.18	37.144	15.199
-3.8541	-7.2714	10.419	3.1518	0.48751	-0.76473	1.0511	-1.8718	-0.066969	-3.3038	0.3054	2.4545	-0.19212	-0.43808	114.87	323.88	791.7	222.52	16.311	-120.11	-23.826	-20.187	12.567	-69.198	-44.986	31.142	-27.836	-29.74
-2.8429	-3.5571	20.556	-1.6769	-4.2328	-0.5715	1.545	-3.8303	-0.79628	0.28824	-1.5326	2.1046	1.472	-0.42703	40.451	148.57	405.45	-193.15	-188.81	7.7292	19.754	-78.343	-29.173	143.68	-73.522	-13.997	66.563	0.44178
-2.3069	6.1816	18.777	-6.323	-5.6091	-1.3497	2.861	-4.8947	-1.276	0.91465	-2.1062	2.3558	1.3251	-1.1516	21.438	389.55	-71.145	-185.85	-55.054	-31.128	52.642	-42.573	-19.187	25.056	-22.943	10.047	-5.8754	-28.983
-2.1046	9.4771	16.461	-7.0433	-6.064	-1.3513	3.1673	-5.5098	-2.3072	1.6265	-2.7197	2.5644	1.8255	-0.92043	8.0938	131.82	-92.626	-28.813	-18.193	-0.065259	12.251	-24.606	-41.249	28.473	-24.54	8.3451	20.016	9.2469
-2.044	12.278	15.822	-8.4897	-6.5373	-1.4063	4.1174	-6.1705	-2.4682	1.4989	-2.7108	2.7512	0.93818	-0.20369	2.4218	112.02	-25.593	-57.853	-18.933	-2.1987	38.006	-26.427	-6.4414	-5.1032	0.35828	7.4692	-35.492	28.67
-2.0472	8.5337	16.466	-8.1981	-6.1207	-1.9473	4.2335	-5.875	-3.1593	2.3617	-2.029	2.8242	1.2402	0.23529	-0.12803	-149.75	25.785	11.664	16.662	-21.638	4.6402	11.819	-27.642	34.514	27.272	2.9214	12.079	17.559
-2.1319	9.1355	17.268	-8.3483	-6.4968	-2.0953	5.237	-5.2016	-3.3758	1.9378	-1.7298	3.3952	0.2537	0.41543	-3.3854	24.069	32.08	-6.01	-15.043	-5.9204	40.144	26.935	-8.6598	-16.956	11.968	22.842	-39.458	7.2054
-2.2934	3.3099	19.653	-5.6815	-7.0741	-0.41945	4.5785	-5.5526	-2.7448	2.0095	-1.1156	2.551	1.2271	0.10602	-6.4605	-233.02	95.403	106.67	-23.093	67.033	-26.341	-14.038	25.239	2.8643	24.568	-33.77	38.938	-12.376
-2.8768	-2.8316	19.447	-3.1307	-5.6197	0.58973	2.1297	-3.8439	-1.8085	2.0586	-0.9547	2.5107	0.57607	-0.27423	-23.338	-245.66	-8.2639	102.03	58.179	40.367	-97.953	68.348	37.452	1.9653	6.435	-1.6095	-26.043	-15.21
-4.0426	-11.698	12.228	0.20012	-0.32856	1.0744	0.83967	-2.5795	0.52063	-0.13446	0.74085	0.19628	-0.48368	0.24426	-46.632	-354.64	-288.73	133.23	211.64	19.385	-51.601	50.576	93.166	-87.722	67.822	-92.579	-42.39	20.74
-6.0294	-9.7432	-0.64305	-1.55	0.5172	2.382	2.9876	1.5205	1.1841	-0.78099	2.4367	-0.41549	-0.39185	0.81502	-79.47	78.175	-514.86	-70.003	33.831	52.305	85.916	164	26.54	-25.861	67.832	-24.471	3.6732	22.83
-6.6561	-9.8123	-10.375	-4.3735	-2.1322	0.6507	3.5085	2.0406	2.2596	1.3545	2.4828	1.0057	-0.47825	-0.80061	-25.069	-2.7622	-389.26	-112.94	-105.97	-69.251	20.837	20.804	43.019	85.418	1.8468	56.847	-3.4558	-64.625
-6.4457	-9.2954	-15.098	-3.8679	-4.8402	-0.35268	0.30728	1.3778	2.3593	0.16786	0.85431	-0.20248	-0.49391	0.28459	8.4147	20.674	-188.93	20.223	-108.32	-40.135	-128.05	-26.514	3.9894	-47.464	-65.141	-48.327	-0.62637	43.408
-6.1678	-4.8323	-16.792	-1.7881	-4.4336	1.0221	0.25641	-0.87646	1.1004	0.46809	0.78353	-0.58635	-1.2841	-0.44005	11.116	178.52	-67.75	83.191	16.265	54.991	-2.0349	-90.169	-50.36	12.009	-2.8311	-15.355	-31.607	-28.986
-6.1303	-9.7852	-20.11	-0.58961	-4.3755	0.48118	0.67521	-0.29875	0.4453	-1.7709	0.54366	-0.31275	-1.1242	0.72084	1.503	-198.12	-132.75	47.941	2.3231	-21.636	16.752	23.108	-26.202	-89.562	-9.5951	10.944	6.3936	46.436
-6.4043	-16.213	-22.064	-2.1022	-3.2456	-0.27523	0.65457	1.1705	2.2181	-0.7766	0.45458	-0.44054	-1.1051	-0.082462	-10.962	-257.12	-78.15	-60.504	45.197	-30.256	-0.82584	58.77	70.912	39.774	-3.5632	-5.1118	0.767	-32.132
-6.6325	-16.858	-21.74	-2.2863	-3.715	0.36521	1.6767	1.0137	1.2345	-0.15087	1.8502	0.080887	-0.036912	-0.5417	-9.1291	-25.801	12.986	-7.3639	-18.775	25.618	40.887	-6.271	-39.342	25.029	55.823	20.857	42.726	-18.37
-6.3334	-11.929	-19.357	-1.4138	-3.1538	1.0239	1.2118	1.4975	2.4102	-0.10934	-0.29168	-0.13453	-0.022377	1.231	11.965	197.17	95.321	34.902	22.447	26.348	-18.597	19.352	47.027	1.6613	-85.674	-8.6167	0.5814	70.908
-6.0596	-8.123	-20.044	-0.50274	-3.2052	-1.1058	2.3848	-0.54646	2.3213	-1.6303	0.88602	1.3623	1.0358	0.87815	10.955	152.23	-27.485	36.441	-2.0556	-85.186	46.921	-81.759	-3.5567	-60.837	47.108	59.873	42.326	-14.114
-6.1438	-7.15	-18.414	-0.29807	-3.3704	1.1412	3.6087	0.35308	0.19445	-1.4284	-0.64778	-0.38223	-0.88025	-0.22709	-3.3703	38.92	65.17	8.1869	-6.6092	89.88	48.954	35.982	-85.074	8.0764	-61.352	-69.782	-76.641	-44.21
-6.6154	-11.386	-15.299	-1.0593	-3.1414	2.797	2.7928	1.1891	1.4521	-0.40283	1.6992	0.37892	-0.071149	-0.67089	-18.864	-169.45	124.61	-30.448	9.1601	66.231	-32.637	33.441	50.305	41.021	93.879	30.446	32.364	-17.752
-7.1728	-14.555	-12.473	-2.1221	-2.0184	1.9087	1.2032	-0.6469	-0.090151	0.22305	0.73937	0.35137	0.76389	-0.44308	-22.294	-126.76	113.05	-42.514	44.923	-35.532	-63.581	-73.441	-61.689	25.035	-38.393	-1.102	33.402	9.1122
-4.2889	-13.683	-0.20894	-0.48167	0.17848	3.6699	1.4462	-0.83503	-0.94241	-1.7667	1.1456	0.42923	-0.041034	-0.15454	115.35	34.872	490.57	65.618	87.873	70.449	9.719	-7.525	-34.091	-79.59	16.248	3.1144	-32.197	11.542
-2.7616	-3.552	20.53	0.31366	-5.8506	-2.0558	3.3499	-1.6957	-2.2283	-0.082186	-0.30583	1.9759	0.83705	0.25134	61.093	405.26	829.57	31.813	-241.16	-229.03	76.145	-34.426	-51.437	67.38	-58.056	61.865	35.123	16.235
-1.9927	-0.77861	22.289	-1.0365	-9.2175	-1.6404	4.2438	-2.3703	-4.2138	2.4232	-1.4731	2.5352	1.387	0.16308	30.754	110.93	70.335	-54.008	-134.68	16.616	35.757	-26.986	-79.417	100.21	-46.691	22.374	21.999	-3.5303
-1.5172	5.5562	20.885	-3.5054	-8.418	-2.1483	5.172	-2.5576	-4.8955	2.6242	-1.3248	3.2374	1.1981	-0.18695	19.021	253.39	-56.149	-98.755	31.98	-20.313	37.13	-7.4918	-27.27	8.0421	5.9305	28.089	-7.5577	-14.001
-1.4033	13.816	18.148	-5.1603	-8.773	-1.6744	5.1634	-4.2481	-3.5002	3.6206	-1.8294	2.617	0.70902	-0.56057	4.5556	330.4	-109.49	-66.194	-14.198	18.956	-0.34616	-67.62	55.813	39.855	-20.184	-24.818	-19.562	-14.945
-1.3886	12.038	17.276	-6.3768	-9.3817	-0.41935	5.1659	-1.7068	-2.9287	5.2255	-1.8645	2.6196	1.6476	-0.90722	0.58744	-71.141	-34.886	-48.659	-24.348	50.201	0.1016	101.65	22.86	64.196	-1.401	0.10237	37.542	-13.866
-1.5541	11.643	16.068	-7.1419	-9.1256	-0.15076	4.9723	-2.037	-1.2634	5.183	-1.2699	2.8569	2.1774	-0.76157	-6.6194	-15.785	-48.307	-30.604	10.244	10.743	-7.7458	-13.208	66.612	-1.6991	23.782	9.4922	21.193	5.826
-1.6584	10.27	16.017	-6.5064	-8.9848	0.38606	4.3037	-0.74044	-1.4604	5.4042	-1.01	2.605	2.8182	-1.0405	-4.1712	-54.916	-2.061	25.418	5.6308	21.473	-26.742	51.863	-7.8798	8.8459	10.397	-10.074	25.632	-11.158
-1.9768	6.9659	15.616	-4.2312	-9.6941	0.88237	3.9021	0.29171	-1.785	4.6737	-0.3013	2.0629	3.4839	-2.0615	-12.736	-132.17	-16.032	91.008	-28.37	19.852	-16.064	41.286	-12.985	-29.22	28.348	-21.685	26.63	-40.838
-2.5655	-0.13982	16.471	-2.3257	-8.84	1.3062	3.6987	1.1432	-2.2321	3.8955	-0.46877	2.0732	3.5176	-1.9756	-23.547	-284.23	34.198	76.222	34.162	16.952	-8.1377	34.059	-17.882	-31.126	-6.6991	0.41166	1.3448	3.4348
-3.6969	-10.771	16.018	0.46899	-8.3846	2.568	4.1933	1.1186	-2.0637	3.3426	-0.98981	1.5961	3.6245	-2.0786	-45.259	-425.25	-18.091	111.79	18.215	50.475	19.785	-0.98246	6.7351	-22.118	-20.842	-19.083	4.277	-4.1191
-4.5222	-15.055	14.823	0.075787	-5.655	3.8527	2.6551	1.397	-0.70484	0.89785	-0.52082	1.8937	1.827	-1.5051	-33.009	-171.37	-47.823	-15.728	109.19	51.388	-61.527	11.137	54.354	-97.788	18.76	11.905	-71.899	22.939
-4.7705	-20.073	13.035	1.3489	-2.3438	4.8433	1.9057	3.1328	-0.79277	-1.626	-0.73696	0.62083	2.9379	-0.29207	-9.9336	-200.71	-71.511	50.923	132.45	39.624	-29.976	69.432	-3.517	-100.95	-8.6456	-50.916	44.436	48.521
-4.7682	-19.802	13.357	1.68	-4.0073	5.8399	1.2043	2.6377	0.091082	-1.3758	-0.18789	0.64854	3.2887	-0.73533	0.091871	10.864	12.875	13.247	-66.538	39.861	-28.058	-19.806	35.354	10.006	21.963	1.1085	14.032	-17.73
-4.602	-17.171	15.122	0.047773	-5.6671	5.2839	1.5422	2.0645	-0.51617	0.20198	0.81583	1.1644	3.8159	-2.4654	6.6497	105.23	70.598	-65.29	-66.394	-22.238	13.518	-22.928	-24.29	63.111	40.149	20.632	21.09	-69.205
-4.2888	-18.143	16.3	1.1495	-7.0788	4.2672	3.1745	1.9312	-2.4125	2.5476	1.677	1.3226	3.3245	-2.6715	12.528	-38.894	47.113	44.068	-56.469	-40.67	65.29	-5.3317	-75.851	93.824	34.447	6.3309	-19.659	-8.2438
-4.0013	-11.295	15.324	-1.9007	-4.8889	4.4181	2.1771	1.5167	-1.8182	2.3934	2.394	-0.018089	2.394	-2.1394	11.498	273.91	-39.025	-122.01	87.598	6.0373	-39.896	-16.581	23.772	-6.1655	28.68	-53.629	-37.22	21.287
-3.7017	-3.9711	15.182	-4.7392	-2.7552	4.3471	0.70599	-0.59925	-0.5306	2.4151	2.2258	0.39416	0.34715	-0.49968	11.986	292.97	-5.699	-113.54	85.347	-2.8406	-58.844	-84.637	51.503	0.86816	-6.7294	16.49	-81.872	65.588
-3.63	-0.72829	14.746	-5.9371	-0.99074	5.2273	-1.6346	-0.60809	-0.51999	2.7485	2.4152	-0.36609	-0.18211	0.74053	2.8667	129.71	-17.416	-47.915	70.579	35.209	-93.625	-0.35332	0.42432	13.334	7.5782	-30.41	-21.17	49.608
-3.8368	-5.5087	13.802	-5.1483	0.78282	5.8387	-3.0989	0.35308	0.077929	1.6646	2.3026	-0.31025	-1.3373	2.0267	-8.2728	-191.22	-37.766	31.55	70.942	24.457	-58.57	38.447	23.917	-43.355	-4.504	2.2334	-46.207	51.448
-3.9426	-8.2996	12.081	-4.2306	4.8739	4.4837	-4.2444	1.4228	-0.5266	1.0262	2.8245	-0.46944	-1.2427	2.5804	-4.232	-111.64	-68.833	36.71	163.64	-54.203	-45.823	42.789	-24.181	-25.535	20.876	-6.3675	3.7827	22.147
-3.2856	0.9926	12.218	-4.0006	4.5624	1.4193	-4.0939	0.94731	-2.1925	1.4947	2.2224	-0.82817	-0.13115	2.5878	26.282	371.69	5.4775	9.1996	-12.462	-122.57	6.0227	-19.02	-66.637	18.739	-24.086	-14.349	44.462	0.29712
-2.582	10.098	10.727	-4.872	5.7077	-1.2733	-2.7005	-0.58344	-2.0864	1.6043	1.2613	0.25123	-0.023757	2.2503	28.144	364.2	-59.629	-34.855	45.815	-107.71	55.737	-61.23	4.2472	4.384	-38.442	43.176	4.2958	-13.501
-2.2146	11.111	11.092	-3.609	4.5302	-1.2209	-2.6233	-1.9209	-1.8315	1.2071	0.51346	0.57228	0.39254	1.7451	14.693	40.538	14.597	50.519	-47.103	2.0959	3.0863	-53.497	10.193	-15.888	-29.914	12.842	16.652	-20.208
-2.09	9.8862	11.388	-1.3584	3.2929	-1.1056	-3.0098	-2.1999	-1.7312	0.62002	0.69588	0.059107	1.0326	1.2	4.9853	-48.993	11.84	90.026	-49.49	4.6118	-15.459	-11.161	4.014	-23.484	7.2965	-20.527	25.601	-21.806
-2.0666	8.9597	11.562	-0.97968	2.7803	-0.83047	-3.0288	-1.7584	-1.8289	0.016588	1.0457	-0.28229	1.1423	0.75815	0.93585	-37.061	6.9488	15.147	-20.504	11.007	-0.76167	17.659	-3.9069	-24.137	13.992	-13.656	4.3884	-17.673
-2.3347	4.4087	12.445	-0.13607	2.5185	-0.26273	-2.7947	-1.6157	-2.0712	0.14406	0.40634	0.15111	0.69372	0.59978	-10.725	-182.04	35.299	33.744	-10.472	22.709	9.3671	5.7088	-9.6936	5.0989	-25.573	17.336	-17.942	-6.3348
-2.9322	-4.9289	14.359	0.48811	1.9325	2.139	-3.0472	-1.0276	-1.5622	-1.4437	0.95941	0.010865	0.10268	0.45123	-23.897	-373.5	76.577	24.967	-23.441	96.071	-10.102	23.523	20.361	-63.512	22.123	-5.6097	-23.641	-5.942
-4.169	-12.762	8.9117	2.277	3.6116	2.3644	0.6842	-1.5537	-1.2757	-1.1705	0.13204	-0.13706	-0.38403	0.33747	-49.476	-313.33	-217.89	71.556	67.165	9.0128	149.26	-21.045	11.461	10.93	-33.095	-5.9168	-19.469	-4.5501
-5.5908	-19.184	5.5132	1.4969	2.9295	2.4121	1.8489	-1.9296	0.22288	-1.975	2.0751	0.28563	-0.93473	0.020748	-56.868	-256.88	-135.94	-31.206	-27.286	1.9082	46.588	-15.034	59.941	-32.18	77.723	16.908	-22.028	-12.669
-6.8766	-38.651	1.3781	7.3627	2.5404	4.3048	3.3311	0.052317	0.52523	-2.0801	0.74223	-0.057653	0.40143	0.48641	-51.436	-778.67	-165.4	234.64	-15.561	75.708	59.287	79.275	12.094	-4.2048	-53.316	-13.731	53.447	18.627
-7.7367	-38.703	-10.745	12.891	4.9848	3.6808	4.1828	-1.8098	2.5528	-1.2255	2.101	-0.63377	0.13706	0.24317	-34.403	-2.0757	-484.93	221.13	97.772	-24.958	34.068	-74.484	81.101	34.183	54.35	-23.045	-10.575	-9.7298
-8.0072	-37.929	-14.223	8.267	2.4361	4.146	5.1291	0.37414	3.9333	0.22111	1.4727	-1.1316	-0.69342	0.46864	-10.819	30.939	-139.12	-184.96	-101.95	18.609	37.851	87.357	55.224	57.866	-25.133	-19.912	-33.219	9.0189
-5.3376	-32.348	1.468	9.6257	3.6667	0.85294	0.90112	-3.0417	1.8534	-1.0535	1.7311	-0.16441	-0.69447	1.2042	106.78	223.24	627.65	54.348	49.225	-131.72	-169.12	-136.63	-83.197	-50.985	10.339	38.686	-0.041827	29.421
-2.5685	-0.78745	14.305	-3.6948	2.8439	0.32051	-4.9078	-2.6249	0.42125	1.0367	0.45742	-1.1456	0.86159	-0.67821	110.76	1262.4	513.47	-532.82	-32.914	-21.297	-232.36	16.673	-57.286	83.607	-50.949	-39.249	62.242	-75.296
-1.4392	22.394	9.324	-5.9894	0.54463	-2.0152	-5.2947	-3.1661	-0.16197	1.6639	0.82945	0.17695	0.81512	-0.45368	45.175	927.27	-199.24	-91.783	-91.971	-93.429	-15.473	-21.65	-23.329	25.088	14.881	52.904	-1.8588	8.9813
-1.1201	31.22	6.8704	-5.9479	-1.0263	-3.7464	-5.4035	-2.4219	1.2686	1.2268	1.4753	-0.43928	0.89385	-0.046298	12.762	353.01	-98.141	1.6589	-62.835	-69.247	-4.3546	29.768	57.221	-17.481	25.836	-24.649	3.1492	16.295
-1.0723	32.008	3.4505	-5.109	-1.2957	-3.5263	-3.9482	-1.9694	3.4084	1.1632	1.6646	-0.47206	0.32138	-0.019671	1.9114	31.518	-136.8	33.556	-10.776	8.8022	58.212	18.102	85.594	-2.547	7.5718	-1.3115	-22.899	1.0651
-0.97244	35.162	3.3024	-6.3007	-2.5379	-3.5632	-4.3595	-0.25113	2.5635	1.9397	1.007	-0.64544	0.54699	-0.46264	3.9961	126.17	-5.9237	-47.669	-49.692	-1.4729	-16.449	68.73	-33.797	31.063	-26.305	-6.9349	9.0248	-17.719
-0.80856	40.088	2.4683	-5.2154	-4.0286	-3.3802	-4.6803	0.065271	3.641	0.50199	1.2765	-1.98	-0.29301	-0.29078	6.5552	197.05	-33.365	43.413	-59.625	7.3203	-12.834	12.656	43.1	-57.51	10.779	-53.383	-33.6	6.8746
-0.67907	37.582	2.4956	-7.3447	-4.5816	-2.6193	-3.7805	1.0312	3.7028	0.91201	0.7765	-2.1152	0.17553	0.20905	5.1796	-100.25	1.0937	-85.172	-22.121	30.434	35.992	38.638	2.4739	16.401	-19.999	-5.4077	18.741	19.993
-0.87971	41.342	1.5777	-7.7377	-5.0642	-2.4135	-3.259	1.1367	3.7107	0.2447	0.043682	-2.4551	0.18014	0.063341	-8.0257	150.38	-36.719	-15.72	-19.302	8.2335	20.86	4.2185	0.31406	-26.692	-29.313	-13.598	0.18447	-5.8285
-0.94603	39.795	2.579	-7.702	-5.9138	-1.9312	-2.5105	1.052	3.3914	0.89752	-0.37182	-1.9985	-0.22528	0.17844	-2.6528	-61.872	40.052	1.4272	-33.986	19.291	29.939	-3.3863	-12.77	26.113	-16.62	18.266	-16.217	4.6041
-0.97338	37.796	2.9752	-9.4087	-6.588	-0.89388	-2.3582	1.8318	3.0876	0.73254	0.10043	-2.307	0.03873	0.084339	-1.094	-79.957	15.848	-68.268	-26.969	41.493	6.0928	31.193	-12.154	-6.5994	18.89	-12.341	10.561	-3.7642
-0.93812	39.535	2.9569	-9.0016	-7.2278	-0.63278	-2.6317	2.2784	2.6396	-0.45046	-0.016801	-2.3418	0.0019972	0.2142	1.4101	69.562	-0.73007	16.287	-25.592	10.444	-10.94	17.861	-17.921	-47.32	-4.6891	-1.3908	-1.4693	5.1943
-1.1016	36.449	3.2768	-9.4426	-6.351	0.33676	-2.2085	1.6873	3.2808	-0.65188	-0.21045	-2.2292	0.55327	1.1374	-6.5395	-123.45	12.795	-17.642	35.071	38.782	16.93	-23.641	25.65	-8.0566	-7.7458	4.5049	22.051	36.929
-1.4148	32.014	5.708	-9.7157	-4.8608	-0.49017	-2.0683	1.8753	2.9804	-1.2122	-0.020874	-1.109	0.51445	0.32244	-12.529	-177.36	97.247	-10.923	59.61	-33.077	5.607	7.5181	-12.015	-22.411	7.5829	44.807	-1.5528	-32.6
-1.6995	30.897	7.0941	-9.6501	-4.4697	-0.5685	-2.7905	1.1279	3.6468	-0.46766	0.35673	-2.0071	-0.16598	0.24926	-11.385	-44.714	55.443	2.6221	15.644	-3.1329	-28.887	-29.897	26.652	29.78	15.104	-35.924	-27.217	-2.9274
-2.2075	19.123	9.9112	-7.4044	-3.3003	0.95937	-4.0782	1.2768	3.8562	-0.28269	-0.093667	-1.4134	-0.0064783	0.41077	-20.322	-470.93	112.68	89.831	46.776	61.115	-51.508	5.956	8.3797	7.3986	-18.016	23.749	6.3801	6.4605
-3.3029	12.018	9.4154	-10.444	-0.025143	3.3057	-4.0214	1.3482	4.1298	-0.43595	-1.425	1.5388	-1.3092	-0.50834	-43.817	-284.21	-19.829	-121.6	131.01	93.853	2.271	2.8558	10.944	-6.1303	-53.255	118.09	-52.11	-36.764
-4.6858	-11.949	8.2639	-4.9843	4.2688	1.8434	-1.1246	0.86327	3.3693	1.0264	-1.4725	2.039	-0.033802	-0.3139	-55.315	-958.7	-46.059	218.4	171.76	-58.491	115.87	-19.395	-30.422	58.496	-1.8982	20.01	51.017	7.7775
-6.95	-30.054	1.8405	-3.2477	3.3269	-1.2716	1.6038	0.87772	4.4646	0.55169	-0.6898	1.4994	1.0924	0.41506	-90.57	-724.18	-256.94	69.467	-37.675	-124.6	109.14	0.57788	43.81	-18.99	31.308	-21.587	45.047	29.159
-9.2504	-51.815	-8.0639	-2.3371	6.9687	0.076647	0.65692	-1.0327	1.9636	-1.2853	-2.1512	-0.60713	1.3981	-0.14667	-92.015	-870.46	-396.18	36.421	145.67	53.93	-37.875	-76.416	-100.04	-73.478	-58.458	-84.26	12.228	-22.469
-8.5914	-53.629	-13.4	-4.2209	9.5436	0.5254	-0.38176	0.74531	-0.079545	0.3555	-1.8512	-1.0437	0.93939	-1.1192	26.363	-72.543	-213.46	-75.351	103	17.95	-41.547	71.12	-81.725	65.63	12.003	-17.462	-18.347	-38.902
-7.122	-31.723	-13.557	-8.698	6.3967	0.090185	-1.5954	1.4697	1.7053	1.0514	0.53963	0.60542	2.376	-0.68231	58.773	876.22	-6.2826	-179.08	-125.88	-17.409	-48.544	28.976	71.393	27.834	95.632	65.964	57.465	17.477
-5.4936	-8.5506	-18.439	-7.1201	4.3984	1.843	-0.64702	0.87221	1.5133	-0.32213	2.3528	-0.94072	-0.2114	0.20469	65.138	926.91	-195.28	63.116	-79.932	70.111	37.934	-23.9	-7.6803	-54.94	72.525	-61.845	-103.5	35.48
-4.4607	-4.3551	-23.784	-6.9213	5.2942	1.4377	1.2392	1.5509	-0.11794	-0.42065	0.8235	-0.85592	-0.18233	0.7547	41.317	167.82	-213.79	7.9519	35.832	-16.212	75.448	27.147	-65.249	-3.9405	-61.171	3.3919	1.1626	22
-3.8839	-3.8767	-27.871	-2.327	6.0294	-2.3066	1.4594	3.0054	-0.42389	-0.27442	2.9882	-0.89834	1.4481	1.4939	23.07	19.137	-163.46	183.77	29.411	-149.77	8.8104	58.18	-12.238	5.8492	86.589	-1.6968	65.219	29.569
-3.8169	-8.8829	-29.552	-1.4441	6.3898	-2.0367	0.16867	2.8145	-0.75642	-0.36339	3.6663	-2.1484	-0.36789	0.58376	2.6797	-200.25	-67.266	35.316	14.413	10.798	-51.631	-7.6354	-13.301	-3.5589	27.122	-50.003	-72.641	-36.407
-4.2529	-6.9954	-29.584	-0.56908	6.0054	-0.16349	2.3152	1.8904	0.11878	0.35964	2.2612	-1.6678	-0.2657	0.92942	-17.439	75.498	-1.2728	35.002	-15.375	74.928	85.86	-36.966	35.008	28.921	-56.203	19.222	4.0878	13.826
-3.9833	-7.3157	-30.345	-0.51168	3.6875	-2.9836	1.449	2.6787	0.98889	-0.98056	1.3026	-3.3435	-0.57607	1.1658	10.786	-12.81	-30.422	2.2958	-92.715	-112.81	-34.647	31.533	34.804	-53.608	-38.345	-67.027	-12.415	9.4563
-4.006	-3.5125	-28.973	0.48524	5.9942	-1.9573	1.4734	3.3539	0.10486	0.91491	2.951	-1.3717	-0.80022	0.33493	-0.90922	152.13	54.869	39.877	92.267	41.052	0.97492	27.01	-35.361	75.819	65.938	78.871	-8.9657	-33.236
-4.1528	-3.0765	-27.066	-1.7309	5.3102	-1.4139	-0.72483	1.2507	0.36266	0.77344	1.0826	-1.2082	0.53659	1.3896	-5.8726	17.441	76.299	-88.647	-27.36	21.737	-87.928	-84.129	10.312	-5.6587	-74.737	6.5423	53.472	42.188
-4.8993	-4.0136	-21.991	-0.70258	4.611	-2.4562	-1.6376	0.34588	1.1083	0.7972	2.413	-1.2632	0.49581	1.1636	-29.859	-37.485	202.98	41.135	-27.968	-41.691	-36.51	-36.194	29.825	0.95028	53.217	-2.201	-1.6311	-9.0391
-5.6693	-11.751	-15.325	0.29891	5.0988	-1.5623	-2.0572	-2.4146	0.075204	0.46881	0.31182	-2.6541	-0.21666	1.8555	-30.801	-309.48	266.63	40.059	19.511	35.758	-16.783	-110.42	-41.323	-13.136	-84.048	-55.637	-28.499	27.676
-5.6562	-6.7716	2.8913	-0.45411	4.0844	-1.2702	-1.4356	1.0473	0.2002	0.3964	1.1195	-1.9315	-0.32361	1.5077	0.52477	199.16	728.67	-30.121	-40.577	11.681	24.863	138.48	4.9998	-2.8966	32.307	28.904	-4.2777	-13.912
-5.5183	-7.4809	6.5297	-4.6892	3.9331	-1.5108	-4.6684	3.9751	-2.0572	2.3949	0.27869	-2.1058	-1.4498	1.567	5.5159	-28.372	145.54	-169.41	-6.0502	-9.6217	-129.31	117.11	-90.296	79.938	-33.632	-6.9711	-45.047	2.3682
-5.2176	-9.2629	10.019	-2.6257	1.8726	-1.8945	-2.5375	5.7335	-4.0741	3.1034	-0.42314	-2.5402	-1.5299	0.75989	12.028	-71.281	139.56	82.542	-82.42	-15.35	85.233	70.336	-80.678	28.342	-28.073	-17.377	-3.2038	-32.282
-5.1798	-10.187	9.1098	-2.5563	1.5881	-3.1058	-3.4099	4.8192	-4.4513	2.6231	-0.44306	-3.5196	-1.7898	0.68496	1.5118	-36.977	-36.351	2.7741	-11.379	-48.451	-34.896	-36.571	-15.087	-19.213	-0.79659	-39.175	-10.397	-2.9973
-6.0799	-15.465	6.0597	-1.1296	4.1488	2.0724	-4.1804	4.6282	-3.4158	1.7609	-1.5203	-4.1846	-0.52267	0.73165	-36.003	-211.1	-122	57.068	102.43	207.13	-30.818	-7.6417	41.42	-34.487	-43.092	-26.599	50.685	1.8674
-6.1086	-18.987	4.3683	-1.1002	3.7393	2.8606	-4.4791	3.0995	-2.5755	2.1225	-1.092	-3.9653	-0.32901	1.7014	-1.149	-140.9	-67.655	1.1786	-16.382	31.528	-11.949	-61.146	33.611	14.466	17.132	8.7719	7.7465	38.79
-6.6321	-23.892	8.4249	1.746	1.6858	1.227	-2.4882	4.7778	-2.5644	0.98712	-0.9011	-3.68	-0.039919	0.80204	-20.941	-196.19	162.26	113.85	-82.14	-65.344	79.635	67.132	0.44715	-45.417	7.6376	11.413	11.564	-35.974
-6.9969	-43.378	4.6745	5.8472	0.42344	2.9299	-2.6524	3.3261	-1.8721	-0.91465	-1.9109	-3.1013	-0.56199	-0.22697	-14.593	-779.44	-150.02	164.05	-50.493	68.115	-6.5677	-58.069	27.692	-76.071	-40.392	23.148	-20.883	-41.16
-7.9053	-41.837	5.1985	6.9564	1.536	5.6442	-1.1743	1.9013	0.60322	-0.38805	-2.7989	-0.96528	0.59325	-0.19508	-36.336	61.633	20.96	44.371	44.504	108.57	59.125	-56.99	99.012	21.064	-35.52	85.439	46.21	1.2754
