-2.4034	26.019	15.557	-0.88908	1.9244	-3.7165	0.91075	2.531	-4.5407	1.8358	-5.8861	-2.2341	1.5225	0.94876	0	0	0	0	0	0	0	0	0	0	0	0	0	0
-1.8744	41.364	10.642	-3.827	3.3318	-2.3622	2.3848	1.2559	-7.2678	2.3853	-5.7485	0.47667	1.787	0.70002	21.159	613.82	-196.6	-117.52	56.295	54.174	58.964	-51.004	-109.09	21.98	5.5027	108.43	10.579	-9.9496
-1.4919	47.241	10.244	-7.0875	5.1281	-0.97089	3.4155	-2.2361	-7.8206	2.2834	-2.9571	0.25971	1.5086	-0.43141	15.3	235.05	-15.918	-130.42	71.854	55.651	41.225	-139.68	-22.112	-4.0748	111.66	-8.6786	-11.136	-45.257
-1.2213	48.795	7.9601	-7.5985	7.8027	-0.39717	2.9748	-4.7456	-7.4754	3.5256	-1.5004	-1.4085	0.93986	-0.091021	10.824	62.183	-91.372	-20.44	106.98	22.949	-17.626	-100.38	13.808	49.686	58.269	-66.728	-22.749	13.616
-1.1466	50.562	4.7865	-7.8035	9.7194	0.99533	1.4807	-5.0464	-6.6183	4.106	-1.0507	-3.2296	1.3936	0.20247	2.9882	70.683	-126.94	-8.1992	76.667	55.7	-59.763	-12.033	34.283	23.216	17.986	-72.846	18.148	11.74
-1.4346	47.896	4.8228	-8.0443	11.828	2.7195	-1.5699	-3.8464	-4.8923	3.0771	-1.4475	-3.606	1.717	0.075379	-11.519	-106.66	1.4502	-9.6351	84.353	68.966	-122.02	47.999	69.04	-41.154	-15.872	-15.053	12.937	-5.0836
-2.2055	32.844	0.55574	-4.6768	10.816	5.1206	-2.9277	-3.4387	-3.669	0.79298	-0.8268	-1.6038	0.22908	1.1542	-30.839	-602.05	-170.68	134.7	-40.482	96.047	-54.312	16.309	48.934	-91.367	24.83	80.086	-59.516	43.155
-4.9579	1.3131	-2.236	0.1183	5.6819	8.1564	-3.9698	-2.3217	0.8559	-0.33456	1.1489	-0.32357	-1.1627	1.1928	-110.09	-1261.3	-111.67	191.8	-205.37	121.43	-41.684	44.681	181	-45.102	79.026	51.21	-55.671	1.5412
-7.9008	-20.812	-14.706	11.358	6.2857	7.9755	7.1861	3.3613	0.83541	-3.3308	1.1773	-0.78505	-1.8506	2.1282	-117.72	-885	-498.78	449.58	24.152	-7.2374	446.23	227.32	-0.81952	-119.85	1.1371	-18.459	-27.515	37.417
-8.4866	-49.656	-1.8226	10.455	1.938	7.6571	6.5683	2.938	2.7018	-2.5655	-0.27237	-1.3042	-1.0091	1.5977	-23.43	-1153.8	515.31	-36.099	-173.91	-12.737	-24.71	-16.93	74.655	30.612	-57.986	-20.767	33.657	-21.221
-10.119	-62.102	-2.6721	9.3207	-1.6145	5.8142	4.536	4.3075	2.4879	-2.2529	-0.11187	-1.5349	-1.1984	-1.4628	-65.279	-497.84	-33.979	-45.386	-142.1	-73.713	-81.292	54.78	-8.5574	12.5	6.42	-9.2271	-7.57	-122.42
-12.099	-68.468	-7.1693	6.3978	-2.0616	4.3354	3.1905	3.7532	3.2238	-1.8524	-1.9314	-2.3227	-0.27488	-0.1384	-79.231	-254.65	-179.89	-116.92	-17.882	-59.152	-53.819	-22.174	29.439	16.022	-72.782	-31.511	36.941	52.977
-7.4404	-15	-7.5359	-3.1677	-0.91052	-0.86743	-0.87187	1.3601	0.30232	-1.5875	2.3159	-0.74562	-0.61825	0.93553	186.36	2138.7	-14.662	-382.62	46.042	-208.11	-162.5	-95.725	-116.86	10.596	169.89	63.082	-13.735	42.957
-4.6205	21.603	-16.727	0.1983	-2.5169	-0.83848	-1.1494	1.1271	-0.40217	-1.323	2.3213	-2.658	0.81748	-0.014216	112.79	1464.1	-367.65	134.64	-64.255	1.1582	-11.1	-9.319	-28.18	10.578	0.21656	-76.497	57.429	-37.99
-2.7912	28.016	-27.282	2.2159	-0.4662	-2.772	-1.0345	1.3011	-0.14109	-1.8435	1.9508	-2.2426	0.55244	0.086118	73.175	256.5	-422.18	80.705	82.028	-77.343	4.595	6.9594	10.443	-20.819	-14.817	16.618	-10.602	4.0133
-2.2734	26.999	-34.227	5.1227	5.3559	1.0648	0.78667	3.8467	0.93442	-2.1993	3.082	-0.34927	0.13566	-0.096846	20.71	-40.663	-277.83	116.27	232.88	153.47	72.847	101.82	43.021	-14.229	45.246	75.733	-16.671	-7.3186
-1.6575	28.947	-36.759	1.3295	4.2803	0.28027	-0.48486	1.1649	-0.088259	-2.5569	1.705	-2.1887	-0.079762	1.625	24.639	77.923	-101.28	-151.73	-43.025	-31.382	-50.861	-107.27	-40.907	-14.306	-55.079	-73.578	-8.6168	68.875
-1.4973	35.097	-35.138	2.6816	5.8569	2.0442	-0.79124	1.1574	1.3204	-0.61938	2.9798	-1.7325	0.20283	-0.056142	6.408	245.98	64.859	54.086	63.065	70.556	-12.255	-0.29903	56.348	77.501	50.99	18.25	11.304	-67.247
-1.0372	38.014	-34.647	0.011001	4.8835	3.4068	-2.4541	0.070656	1.3917	-2.741	2.5427	-0.19582	0.53152	-0.81495	18.401	116.69	19.649	-106.83	-38.935	54.505	-66.516	-43.47	2.8496	-84.865	-17.484	61.466	13.148	-30.352
-1.0218	44.559	-31.327	-1.7285	5.9961	4.1174	-1.2999	1.6535	2.9925	-1.7066	2.2905	0.39809	0.046892	-0.5305	0.61751	261.8	132.79	-69.582	44.504	28.426	46.17	63.315	64.031	41.377	-10.086	23.757	-19.385	11.378
-1.0429	45.472	-29.116	0.86868	4.6003	2.9374	-0.75244	1.4618	2.2973	-0.94629	3.0548	-1.128	0.55771	-0.7107	-0.84372	36.524	88.449	103.89	-55.834	-47.201	21.898	-7.6688	-27.806	30.411	30.573	-61.046	20.433	-7.2079
-1.3643	40.827	-31.088	-1.0356	3.196	2.3501	-2.3589	2.0509	2.0037	-1.3091	2.6361	-1.9022	-0.25861	-1.1683	-12.858	-185.82	-78.89	-76.17	-56.17	-23.494	-64.257	23.562	-11.742	-14.514	-16.748	-30.967	-32.653	-18.304
-1.523	42.792	-30.446	-0.23761	3.3407	1.3231	-2.7414	0.80235	1.435	0.86458	3.1992	-2.1745	0.065793	1.283	-6.347	78.614	25.688	31.919	5.7857	-41.077	-15.3	-49.94	-22.75	86.949	22.524	-10.89	12.976	98.054
-1.7558	41.83	-29.525	-1.8404	1.4493	2.8312	-3.1589	0.76608	1.5041	-1.188	2.539	-1.8436	-1.113	1.072	-9.3105	-38.467	36.844	-64.112	-75.655	60.322	-16.702	-1.4511	2.7644	-82.104	-26.41	13.236	-47.15	-8.4403
-2.0391	41.937	-26.322	0.42811	3.9604	3.8603	-2.6247	-0.32017	2.0114	-1.4152	2.4145	-1.193	0.097081	1.3513	-11.331	4.2542	128.09	90.741	100.44	41.166	21.37	-43.45	20.292	-9.0871	-4.9799	26.021	48.401	11.17
-2.6926	33.766	-27.718	-0.62692	1.9648	3.3911	-2.356	1.0817	2.4506	-0.8458	3.8897	-0.34835	-1.228	0.55854	-26.143	-326.82	-55.81	-42.201	-79.825	-18.767	10.746	56.074	17.567	22.776	59.009	33.787	-53.002	-31.71
-3.4211	28.159	-26.494	0.97353	2.3945	7.2349	-2.646	-2.2503	1.3571	0.76967	1.7166	-2.6785	-1.6914	-0.28613	-29.139	-224.29	48.958	64.018	17.191	153.75	-11.599	-133.28	-43.739	64.619	-86.923	-93.204	-18.537	-33.786
-4.2327	22.999	-21.558	3.9207	3.7489	5.2992	-1.4896	-2.4522	1.7633	-0.53764	0.14989	-0.98293	0.5374	-0.44112	-32.466	-206.4	197.41	117.89	54.173	-77.428	46.258	-8.0797	16.249	-52.292	-62.67	67.821	89.151	-6.1998
-5.1001	27.815	-9.2738	-1.0457	-2.8425	5.9444	-0.13839	-0.8431	1.2359	-2.721	-0.34376	-1.8318	-1.1253	-1.339	-34.695	192.62	491.38	-198.66	-263.66	25.811	54.047	64.366	-21.099	-87.336	-19.746	-33.956	-66.509	-35.916
-5.1709	3.1731	-6.0823	-1.1611	-0.10156	5.4263	-1.74	0.42884	-0.76509	-0.26662	0.18776	-0.047112	0.53413	0.43026	-2.8335	-985.66	127.66	-4.6163	109.64	-20.726	-64.063	50.878	-80.038	98.177	21.261	71.389	66.378	70.772
-4.2843	13.826	7.8112	2.1622	1.3219	5.8072	1.2535	2.8466	-4.6245	-1.2082	0.95247	-1.1315	0.61281	-3.1991	35.464	426.12	555.74	132.93	56.937	15.235	119.74	96.709	-154.37	-37.662	30.588	-43.374	3.1473	-145.18
-3.9005	20.286	12.852	-0.93333	1.1397	3.0387	1.5924	4.7834	-5.025	-1.9571	0.41365	-0.47148	2.5679	-6.0253	15.353	258.4	201.65	-123.82	-7.2886	-110.74	13.558	77.473	-16.021	-29.956	-21.553	26.4	78.205	-113.05
-3.7408	16.594	10.158	1.7646	0.74605	2.288	1.83	5.739	-3.9183	-3.0855	-0.54011	0.64431	2.2528	-5.662	6.3879	-147.67	-107.77	107.92	-15.744	-30.027	9.5045	38.225	44.267	-45.136	-38.151	44.631	-12.607	14.532
-4.0379	15.345	8.3178	2.8859	1.5728	0.68218	1.3203	7.0177	-3.986	-3.4724	-1.0339	0.9722	1.9857	-5.566	-11.885	-49.955	-73.613	44.853	33.068	-64.234	-20.39	51.147	-2.7075	-15.478	-19.753	13.116	-10.682	3.8393
-4.1651	15.996	8.7288	2.6344	1.4958	0.041124	1.2235	6.9182	-2.0172	-4.9537	-0.69332	1.8235	0.18816	-3.1051	-5.0869	26.042	16.44	-10.063	-3.0763	-25.642	-3.8701	-3.9782	78.752	-59.251	13.625	34.051	-71.903	98.438
-4.211	21.753	7.0167	1.5431	4.5842	-3.7309	3.3368	6.5455	-2.4983	-4.2911	-1.6377	1.3389	-0.28626	-1.4103	-1.8343	230.27	-68.487	-43.651	123.54	-150.88	84.53	-14.911	-19.244	26.506	-37.774	-19.383	-18.977	67.792
-4.039	10.854	12.126	2.9393	1.7128	-1.8969	1.5187	5.3534	0.86461	-5.5567	-0.077251	0.29086	-0.4681	-0.4699	6.8785	-435.96	204.36	55.847	-114.86	73.358	-72.724	-47.682	134.52	-50.625	62.417	-41.921	-7.2738	37.615
-4.284	18.651	7.9379	4.7474	0.12018	-1.9777	0.83343	4.6254	1.3088	-4.2954	0.39078	-2.0695	0.93103	0.18753	-9.8	311.89	-167.51	72.326	-63.706	-3.2321	-27.41	-29.123	17.766	50.451	18.721	-94.413	55.965	26.297
-2.2703	38.722	10.619	-2.6723	-1.6196	-6.8478	-0.98049	4.5257	0.35646	-1.4151	1.6125	-0.26818	1.1647	0.023961	80.548	802.82	107.23	-296.79	-69.591	-194.8	-72.557	-3.9845	-38.092	115.21	48.87	72.051	9.345	-6.5426
-1.3034	37.648	12.322	-3.8507	-2.7453	-8.2183	-1.8477	5.6338	0.26713	0.08525	1.0383	1.066	1.1556	0.10579	38.675	-42.938	68.153	-47.137	-45.028	-54.82	-34.689	44.324	-3.5731	60.014	-22.968	53.367	-0.36313	3.273
-1.0039	37.907	13.223	-3.7886	-4.6167	-8.2733	-2.3796	5.7939	1.5587	0.57562	0.48057	1.5756	0.45024	0.20854	11.983	10.342	36.016	2.4818	-74.859	-2.2001	-21.274	6.4007	51.665	19.615	-22.311	20.385	-28.213	4.11
-0.89425	40.068	12.381	-4.0108	-4.1298	-9.0354	-2.1357	5.5901	2.9442	0.71413	0.14545	1.5905	-0.68027	0.24948	4.3851	86.459	-33.676	-8.8851	19.479	-30.484	9.7557	-8.1491	55.416	5.5404	-13.405	0.59653	-45.22	1.6379
-0.76687	39.926	13.342	-5.8209	-1.5109	-10.788	-1.1605	4.5795	4.2853	1.0397	0.35535	1.0079	-1.5962	-0.069915	5.095	-5.6759	38.441	-72.407	104.75	-70.093	39.009	-40.427	53.647	13.023	8.396	-23.305	-36.636	-12.776
-0.75913	37.295	14.261	-5.5978	-1.9291	-10.066	-1.6821	5.7401	3.7588	1.2383	-0.050423	1.3257	-2.135	0.32202	0.30961	-105.25	36.759	8.9271	-16.725	28.871	-20.867	46.425	-21.06	7.9443	-16.231	12.711	-21.552	15.677
-1.0025	35.36	15.13	-6.183	-0.72515	-10.222	-1.2887	5.4751	3.2256	1.8128	0.05121	1.482	-3.4751	0.53381	-9.7346	-77.407	34.75	-23.41	48.158	-6.2295	15.737	-10.598	-21.327	22.98	4.0653	6.2539	-53.606	8.4715
-1.1209	33.896	14.797	-5.6211	-0.16453	-10.916	-1.1376	5.4396	3.7454	2.0885	0.16004	0.70619	-3.5734	0.62119	-4.7371	-58.561	-13.311	22.476	22.425	-27.786	6.0435	-1.4203	20.79	11.028	4.3534	-31.034	-3.9322	3.4954
-1.2006	33.93	12.833	-4.7259	0.022035	-11.394	0.32938	5.38	3.2613	2.5989	0.14224	0.45811	-3.805	0.84388	-3.1852	1.3758	-78.571	35.81	7.4625	-19.118	58.68	-2.3834	-19.362	20.417	-0.71237	-9.9231	-9.2644	8.9076
-1.3674	32.696	11.697	-3.8439	-0.19344	-10.961	0.23457	5.7346	2.868	3.6117	-0.42407	0.36687	-3.8607	1.35	-6.6731	-49.392	-45.44	35.279	-8.6191	17.343	-3.7925	14.182	-15.734	40.511	-22.652	-3.6494	-2.2249	20.245
-1.483	31.735	10.826	-3.4112	-0.39678	-10.737	0.13105	5.6463	3.3606	3.7504	0.0029171	-0.031278	-3.9821	1.3891	-4.6241	-38.407	-34.836	17.308	-8.1334	8.9673	-4.1407	-3.5297	19.702	5.551	17.079	-15.926	-4.8572	1.5636
-1.7335	31.759	10.494	-3.1935	-0.36615	-10.378	-0.11304	5.6625	3.6535	3.893	0.24224	-0.45015	-4.0127	1.3133	-10.019	0.94712	-13.257	8.7059	1.2251	14.342	-9.7636	0.64842	11.718	5.7035	9.573	-16.755	-1.2251	-3.032
-1.8958	32.73	9.4214	-2.4539	0.022022	-9.676	0.34937	5.2015	3.3193	4.2124	-0.1889	0.069449	-4.5208	1.4723	-6.492	38.841	-42.915	29.585	15.527	28.079	18.497	-18.442	-13.369	12.773	-17.246	20.784	-20.324	6.3607
-2.0769	32.771	8.3705	-2.0497	-0.16078	-9.4458	0.90354	4.1088	3.554	4.2553	0.42509	-0.68502	-4.3035	0.81294	-7.244	1.6477	-42.038	16.17	-7.3119	9.208	22.167	-43.707	9.3883	1.7193	24.56	-30.179	8.6938	-26.375
-2.3395	27.472	8.6754	-1.7364	0.32521	-8.0494	1.5912	3.3899	2.3668	4.9598	0.19613	-0.57674	-4.0293	0.93516	-10.505	-211.98	12.199	12.529	19.439	55.855	27.508	-28.757	-47.489	28.18	-9.1584	4.3311	10.968	4.8886
-3.0838	24.477	8.4119	-1.7943	1.9101	-6.5986	1.9833	1.4743	2.6026	4.7094	0.36775	-0.57894	-4.2883	0.40892	-29.773	-119.79	-10.541	-2.3146	63.395	58.031	15.684	-76.625	9.4332	-10.019	6.865	-0.087961	-10.361	-21.05
-3.7387	21.385	7.7176	-1.7864	2.9115	-5.7999	2.9255	1.1184	2.8082	3.3407	-0.90746	0.511	-3.8037	0.43071	-26.195	-123.67	-27.773	0.317	40.057	31.948	37.686	-14.236	8.2235	-54.746	-51.008	43.598	19.384	0.8718
-4.4027	16.385	8.5917	-2.367	4.1037	-3.865	2.7247	-0.12327	2.3619	3.0325	-0.61941	0.037319	-3.7077	0.69589	-26.561	-200	34.966	-23.227	47.686	77.399	-8.0316	-49.666	-17.853	-12.327	11.522	-18.947	3.8398	10.607
-4.6504	14.255	7.9956	-1.7249	4.6902	-3.2585	2.487	-0.38618	2.6034	2.848	-1.3541	0.62677	-3.5858	0.85122	-9.9063	-85.195	-23.845	25.684	23.462	24.259	-9.5066	-10.516	9.661	-7.3821	-29.386	23.578	4.8755	6.2133
-4.734	12.846	7.6871	-1.2744	5.2541	-2.8617	2.0254	-0.33009	2.7059	3.0307	-2.1887	1.3173	-3.2074	0.53332	-3.346	-56.362	-12.338	18.02	22.556	15.872	-18.465	2.2435	4.0995	7.31	-33.387	27.623	15.135	-12.716
-4.8075	12.489	7.4173	-0.91875	4.9923	-2.217	2.0905	-0.41104	2.4705	2.9665	-2.1101	1.4826	-2.8114	-0.0071502	-2.9416	-14.297	-10.795	14.228	-10.472	25.786	2.6033	-3.2378	-9.4129	-2.571	3.1469	6.6095	15.843	-21.619
-4.9292	12.451	7.427	-1.2781	5.0345	-1.8234	2.2812	-0.36353	2.0782	2.9007	-2.2792	1.8331	-2.7491	-0.060581	-4.8673	-1.4914	0.39026	-14.376	1.6857	15.745	7.6292	1.9004	-15.695	-2.6298	-6.7668	14.019	2.4888	-2.1372
-5.0089	14.887	6.2727	-2.2297	5.4754	-2.403	2.6487	-0.61944	2.2665	2.7034	-2.6181	2.1295	-2.7461	0.10576	-3.1882	97.427	-46.173	-38.063	17.639	-23.184	14.699	-10.237	7.5321	-7.8912	-13.553	11.859	0.12311	6.6536
-4.9621	15.1	6.516	-2.6695	4.9386	-2.1908	2.2349	-0.46445	2.183	3.0601	-2.8594	1.9469	-2.4001	-0.041381	1.8719	8.4946	9.7325	-17.591	-21.472	8.4906	-16.553	6.1997	-3.3376	14.267	-9.6523	-7.3053	13.836	-5.8856
-5.1604	12.888	7.3529	-2.5194	3.6621	-1.5955	1.8034	-0.79749	2.9752	2.3459	-2.1796	1.4388	-2.2153	-0.093168	-7.9309	-88.462	33.474	6.0049	-51.06	23.808	-17.26	-13.322	31.687	-28.57	27.192	-20.322	7.3925	-2.0715
-5.3931	18.628	0.23803	1.7168	0.44182	-0.40444	0.92571	1.1147	2.5361	1.9665	-0.59831	-0.36091	-0.4507	-0.18568	-9.3081	229.6	-284.59	169.45	-128.81	47.644	-35.107	76.486	-17.563	-15.175	63.25	-71.99	70.585	-3.7005
-4.8434	13.55	4.7888	0.2077	0.63157	-4.5663	1.5311	1.5156	3.0422	2.8791	-1.3619	0.23257	-1.3233	-0.27905	21.99	-203.1	182.03	-60.363	7.59	-166.47	24.215	16.037	20.244	36.503	-30.544	23.739	-34.905	-3.7348
-4.5748	9.5164	7.5734	-2.1105	1.9483	-8.9476	1.3976	0.8463	3.7984	3.2498	-1.7617	1.1905	-2.2971	0.77793	10.742	-161.36	111.38	-92.728	52.668	-175.25	-5.3402	-26.772	30.247	14.828	-15.99	38.318	-38.952	42.279
-4.4237	6.0559	12.737	-5.1216	-3.5611	-8.0663	-1.1625	3.0107	3.0907	1.802	-0.016672	1.0383	-1.0771	1.1632	6.0456	-138.42	206.55	-120.44	-220.37	35.25	-102.4	86.576	-28.309	-57.912	69.799	-6.0894	48.801	15.41
-4.5821	-11.371	11.143	-0.15468	-5.4963	-8.0251	-3.7845	3.2876	4.5583	0.30117	-0.0086017	-0.60893	-0.54248	0.19265	-6.3385	-697.07	-63.785	198.68	-77.408	1.6472	-104.88	11.077	58.707	-60.032	0.32281	-65.889	21.384	-38.821
-6.4062	-42.949	8.3304	6.6809	-8.2464	-4.8403	-2.2348	2.166	3.2577	0.22475	1.1616	0.12551	0.12085	-0.25311	-72.963	-1263.1	-112.49	273.42	-110.01	127.39	61.988	-44.864	-52.025	-3.0566	46.808	29.378	26.533	-17.83
-9.2863	-55.046	0.76712	6.5814	-7.955	-1.4975	-0.64679	1.8772	1.9937	0.41575	2.0214	1.0782	-0.068777	-1.0624	-115.2	-483.86	-302.53	-3.9795	11.656	133.71	63.521	-11.555	-50.562	7.6398	34.393	38.108	-7.585	-32.372
-11.422	-65.307	-5.0276	4.188	-7.4595	0.40425	0.061822	1.28	0.69187	-1.1429	2.0842	2.0597	-0.082734	-1.0383	-85.432	-410.46	-231.79	-95.735	19.819	76.068	28.345	-23.885	-52.072	-62.344	2.5101	39.261	-0.55828	0.96549
-13.144	-70.179	-10.263	1.6339	-7.5029	0.74876	1.7721	1.4312	1.4299	-2.4983	0.016805	0.4583	1.3844	1.9073	-68.86	-194.85	-209.43	-102.16	-1.7334	13.78	68.41	6.0477	29.523	-54.217	-82.694	-64.058	58.686	117.82
-13.48	-73.183	-11.883	3.2225	-5.9504	1.7877	0.67814	-0.25225	0.68818	-1.4705	1.6292	0.65725	0.66305	0.84037	-13.465	-120.19	-64.796	63.544	62.101	41.556	-43.757	-67.339	-29.67	41.113	64.495	7.9582	-28.854	-42.678
-13.278	-71.971	-12.004	3.074	-8.3196	0.60219	0.27451	0.22496	0.62824	0.41333	2.4926	-0.41292	0.53533	0.16601	8.0959	48.504	-4.8407	-5.9416	-94.771	-47.419	-16.145	19.088	-2.3976	75.351	34.535	-42.807	-5.1086	-26.974
-11.569	-63.098	-3.6922	4.6493	-7.3746	-0.89168	-1.9144	0.85398	0.61597	1.4086	2.106	0.18743	1.0511	0.95591	68.365	354.92	332.49	63.013	37.801	-59.755	-87.555	25.161	-0.49073	39.812	-15.462	24.014	20.629	31.596
-6.2083	-25.875	8.0477	5.5234	-12.928	-1.3645	-3.1127	-0.86774	5.0887	2.3216	3.088	-2.653	1.1247	0.43904	214.42	1488.9	469.6	34.965	-222.12	-18.912	-47.931	-68.868	178.91	36.517	39.282	-113.62	2.9441	-20.675
-3.1317	9.7525	13.403	5.2076	-11.328	-5.6641	-3.5361	-3.3283	4.5958	1.4045	0.59296	-2.5735	0.64724	1.7031	123.06	1425.1	214.23	-12.634	63.995	-171.98	-16.939	-98.424	-19.719	-36.682	-99.803	3.1786	-19.097	50.561
-2.0216	15.782	16.352	1.5069	-8.8493	-6.9363	-2.2778	-1.9668	2.5225	3.1901	-0.38623	-1.3354	-0.2865	2.8699	44.404	241.16	117.94	-148.03	99.134	-50.889	50.333	54.46	-82.93	71.425	-39.167	49.527	-37.35	46.675
-1.3468	24.704	16.968	-2.5546	-8.8148	-7.5347	-0.79443	-2.1883	1.1927	3.6263	0.37214	-0.94726	-1.6233	3.0288	26.99	356.89	24.633	-162.46	1.3818	-23.938	59.336	-8.8582	-53.191	17.448	30.334	15.524	-53.471	6.3556
-0.72868	27.882	19.055	-3.8296	-9.6994	-8.5496	0.30293	-1.8402	0.50769	3.3663	-0.13944	-0.79789	-1.6308	3.7738	24.725	127.11	83.504	-51.002	-35.386	-40.596	43.894	13.924	-27.402	-10.402	-20.463	5.9749	-0.29953	29.799
-0.4533	26.798	22.529	-4.5905	-11.636	-8.9546	1.3619	-2.2231	0.72725	3.2198	0.21743	-0.54111	-1.7105	3.9118	11.015	-43.371	138.94	-30.435	-77.469	-16.2	42.36	-15.316	8.7824	-5.861	14.275	10.271	-3.1902	5.519
-0.35534	30.573	22.643	-6.2707	-10.857	-9.1216	2.2422	-0.94772	-1.8603	3.5769	-0.078304	0.99416	-0.95973	2.9738	3.9183	151.01	4.5834	-67.208	31.157	-6.6787	35.212	51.013	-103.5	14.286	-11.829	61.411	30.032	-37.519
-0.33994	38.225	20.92	-8.8472	-8.6552	-8.9664	5.1703	-1.5899	-3.2776	3.7126	-0.29572	1.6281	-1.98	3.8011	0.61583	306.1	-68.928	-103.06	88.081	6.2083	117.12	-25.687	-56.692	5.4266	-8.6968	25.357	-40.809	33.091
-0.28553	40.468	21.346	-9.4014	-8.7885	-7.1929	5.9734	-1.6126	-4.8864	3.4057	0.51945	2.3252	-2.0354	3.6497	2.1766	89.709	17.027	-22.168	-5.3315	70.94	32.126	-0.90744	-64.349	-12.275	32.607	27.884	-2.2179	-6.0553
-0.14933	41.435	20.554	-9.7182	-9.338	-5.2318	4.9924	-0.88072	-7.5407	3.467	0.88936	2.7844	-0.97171	2.4845	5.4481	38.691	-31.649	-12.673	-21.981	78.445	-39.24	29.274	-106.17	2.4525	14.796	18.37	42.548	-46.606
-0.21028	44.825	18.642	-10.825	-5.6066	-5.1589	5.9722	-2.0195	-8.7158	3.1896	0.99814	3.6354	-1.0432	1.7306	-2.438	135.57	-76.506	-44.263	149.26	2.9142	39.193	-45.55	-47.006	-11.097	4.3511	34.038	-2.8579	-30.158
-0.39723	46.327	16.993	-11.42	-3.5055	-2.9066	6.0706	-3.2625	-8.2869	1.1485	2.4038	2.5153	-1.0188	0.47805	-7.478	60.097	-65.967	-23.818	84.046	90.092	3.9333	-49.723	17.156	-81.645	56.227	-44.801	0.97615	-50.102
-0.78259	38.211	19.173	-11.569	-2.5518	2.4583	3.5646	-3.0188	-7.6898	-0.088575	2.1468	1.2998	-1.409	-0.8677	-15.414	-324.65	87.217	-5.944	38.147	214.6	-100.24	9.7512	23.883	-49.481	-10.28	-48.623	-15.611	-53.83
-1.49	29.777	17.581	-10.45	-1.4084	6.3438	2.865	-4.8081	-5.9264	0.84071	0.99588	0.74266	-0.92786	-3.0524	-28.295	-337.36	-63.693	44.758	45.735	155.42	-27.985	-71.573	70.538	37.172	-46.037	-22.284	19.247	-87.386
-2.1893	24.302	16.912	-9.8334	-1.0832	8.5962	1.5604	-5.8596	-3.9767	1.1217	-0.41726	-0.31287	-0.38354	-2.3725	-27.974	-218.99	-26.749	24.658	13.008	90.096	-52.184	-42.058	77.989	11.239	-56.525	-42.221	21.773	27.193
-2.0968	28.955	16.138	-12.726	2.4299	8.8093	-3.4732	-3.3844	-4.5958	0.045894	1.1711	-1.4712	0.48751	-1.443	3.702	186.13	-30.965	-115.69	140.53	8.5248	-201.34	99.008	-24.766	-43.031	63.533	-46.333	34.842	37.181
-1.5867	37.456	11.623	-12.295	5.7429	5.6598	-2.8762	-3.2221	-6.431	1.6839	1.0273	-1.8188	-0.40314	0.63811	20.4	340.01	-180.61	17.224	132.52	-125.98	23.881	6.4887	-73.407	65.522	-5.7512	-13.904	-35.626	83.244
-1.5184	42.189	9.2693	-11.474	6.8913	4.2903	-2.7009	-3.921	-6.8488	2.5465	0.84207	-3.1019	0.20392	1.4499	2.7337	189.35	-94.129	32.861	45.939	-54.78	7.0138	-27.955	-16.712	34.501	-7.4089	-51.324	24.282	32.472
-2.0383	41.138	7.2591	-10.606	7.727	2.6189	0.31184	-4.713	-7.2772	4.4843	-0.57594	-4.0334	0.29882	1.5404	-20.796	-42.065	-80.409	34.706	33.427	-66.857	120.51	-31.681	-17.136	77.512	-56.72	-37.259	3.7959	3.6197
-2.4059	20.577	7.4221	-4.7544	4.2278	4.1929	1.2988	-3.5372	-7.4288	4.2362	0.19715	-4.3259	0.65851	0.92155	-14.706	-822.44	6.5183	234.06	-139.97	62.962	39.478	47.035	-6.0635	-9.9246	30.924	-11.7	14.388	-24.754
-4.9381	-12.624	5.2681	-1.0099	3.8002	6.3308	1.3894	-4.4542	-8.442	4.4399	0.94244	-5.9233	1.2531	1.1077	-101.29	-1328	-86.157	149.78	-17.104	85.515	3.6225	-36.682	-40.53	8.1503	29.811	-63.896	23.784	7.4442
-9.9311	-51.102	0.066693	6.8708	0.55919	8.7173	6.3774	1.858	-2.8487	0.95667	2.3721	-2.82	0.55313	-0.48872	-199.72	-1539.1	-208.06	315.23	-129.64	95.457	199.52	252.49	223.73	-139.33	57.186	124.13	-28	-63.855
-10.784	-64.479	-4.835	7.6745	-1.1811	8.3917	5.3928	3.5462	0.41317	-3.334	-0.56173	-1.1676	-0.3271	-1.6186	-34.114	-535.07	-196.07	32.15	-69.611	-13.025	-39.381	67.527	130.47	-171.63	-117.35	66.096	-35.209	-45.196
-12.253	-64.565	-6.8465	4.8243	-4.958	5.8391	4.4287	4.2771	1.3426	-3.2077	-1.3403	-0.18506	-0.57012	-0.25227	-58.775	-3.4779	-80.461	-114.01	-151.07	-102.1	-38.565	29.233	37.178	5.0505	-31.142	39.303	-9.7208	54.654
-12.59	-64.831	-9.2759	1.2374	-6.6829	2.9036	3.6185	3.4575	2.6454	-3.1338	-0.84409	-0.10866	1.0212	0.2074	-13.485	-10.623	-97.175	-143.48	-68.999	-117.42	-32.408	-32.783	52.113	2.9546	19.848	3.0559	63.651	18.387
-12.518	-68.454	-10.608	0.52015	-9.1412	1.0805	1.4967	1.4026	1.3788	-3.5671	-0.49393	1.4493	0.4841	1.0163	2.9052	-144.92	-53.292	-28.688	-98.331	-72.924	-84.874	-82.197	-50.665	-17.329	14.007	62.318	-21.482	32.354
-12.527	-64.494	-9.196	0.84332	-9.5705	2.7141	3.5424	2.4248	0.48382	-3.8112	-0.14933	0.89956	1.5444	1.6369	-0.36037	158.38	56.487	12.927	-17.171	65.342	81.831	40.888	-35.8	-9.767	13.784	-21.989	42.41	24.824
-12.505	-65.396	-8.4098	0.39371	-7.675	2.9681	3.1668	2.8774	0.15314	-3.4952	-1.2725	-0.40312	-0.16244	1.2001	0.88453	-36.067	31.45	-17.984	75.817	10.16	-15.026	18.105	-13.227	12.642	-44.926	-52.107	-68.272	-17.471
-4.659	-21.244	5.6113	1.0974	-8.1216	-0.95544	2.8963	4.873	0.20224	-0.24094	-0.118	-0.38127	0.7998	0.94553	313.83	1766.1	560.84	28.148	-17.864	-156.94	-10.817	79.824	1.9641	130.17	46.18	0.87393	38.49	-10.182
-3.565	18.105	0.51078	-2.9055	-14.599	-5.4693	0.70285	4.6987	-0.72214	0.38014	-0.42357	-0.32006	0.77936	0.82274	43.759	1574	-204.02	-160.12	-259.1	-180.55	-87.74	-6.9695	-36.975	24.843	-12.223	2.4485	-0.81761	-4.9114
-2.994	28.913	0.19117	-2.9724	-12.938	-4.0294	2.0096	3.0249	-1.0415	-0.46249	-0.89764	0.28406	2.3055	-0.81372	22.842	432.31	-12.784	-2.6775	66.459	57.594	52.269	-66.954	-12.773	-33.705	-18.963	24.165	61.045	-65.459
-3.3873	15.512	6.7442	-1.0577	-13.736	-4.9859	1.5628	3.3058	-1.5329	-1.2659	-1.8555	1.3945	2.5278	-0.31306	-15.735	-536.05	262.12	76.589	-31.937	-38.26	-17.871	11.236	-19.657	-32.135	-38.315	44.417	8.8916	20.027
-4.0091	-7.252	9.2709	6.7851	-7.4754	-1.0716	2.8641	2.9818	1.2404	-2.2238	-3.6745	0.10888	1.7396	2.5526	-24.871	-910.55	101.07	313.71	250.43	156.57	52.052	-12.959	110.93	-38.317	-72.758	-51.424	-31.528	114.63
-3.2667	13.502	18.571	-0.028874	-2.4455	-0.59382	-3.5826	1.1196	-0.72201	-1.3478	-2.7876	-1.4593	0.39246	0.99841	29.694	830.16	372.02	-272.56	201.19	19.11	-257.87	-74.487	-78.497	35.038	35.475	-62.727	-53.885	-62.168
-2.898	17.452	19.674	-0.74318	-1.0817	-3.9828	-2.4649	-0.30733	1.0669	-0.57698	-3.093	-1.1232	-0.029727	0.76453	14.75	158	44.119	-28.572	54.553	-135.56	44.71	-57.079	71.555	30.834	-12.219	13.444	-16.888	-9.3551
-2.5992	16.396	19.887	0.26438	-0.51085	-4.7612	-3.0208	-0.16946	1.238	0.58534	-3.5053	-0.3735	-1.0267	0.50453	11.952	-42.239	8.4961	40.302	22.834	-31.136	-22.237	5.515	6.8465	46.493	-16.489	29.988	-39.879	-10.4
-2.4554	16.2	18.984	1.2245	0.07546	-5.3395	-3.7675	0.16442	1.3842	0.78886	-3.3479	-1.0113	-0.88044	-0.094415	5.752	-7.8525	-36.121	38.407	23.452	-23.133	-29.868	13.355	5.8461	8.1406	6.2963	-25.51	5.851	-23.958
-2.3956	16.843	17.912	1.6901	1.3866	-6.4653	-4.0872	-0.069569	1.0741	1.2443	-3.2801	-1.4119	-0.80132	-0.75831	2.3929	25.723	-42.886	18.622	52.445	-45.031	-12.791	-9.3594	-12.405	18.216	2.7115	-16.025	3.1646	-26.556
-2.4777	16.718	18.017	0.93179	3.4658	-7.709	-4.0857	-0.74127	0.84538	1.7463	-3.341	-0.76426	-1.3369	-0.77746	-3.2851	-4.9798	4.198	-30.332	83.167	-49.747	0.06314	-26.868	-9.1477	20.082	-2.4352	25.905	-21.421	-0.76611
-2.5849	15.796	17.641	1.0661	5.2087	-8.3276	-3.8732	-1.4547	0.49567	2.0685	-2.9778	-0.48205	-1.2558	-1.5635	-4.2892	-36.883	-15.006	5.3717	69.718	-24.745	8.4997	-28.536	-13.988	12.889	14.527	11.288	3.2421	-31.44
-2.8343	14.696	16.078	2.9737	5.2565	-7.6301	-4.3915	-1.5342	0.19961	2.1868	-2.325	-0.39594	-0.98372	-1.9564	-9.9745	-43.993	-62.557	76.304	1.9129	27.9	-20.733	-3.1813	-11.842	4.7325	26.111	3.4443	10.883	-15.72
-3.0341	7.2475	17.123	4.6501	5.677	-6.5624	-4.3685	-2.0849	-0.092873	2.3879	-1.8063	0.33929	-1.0893	-1.7836	-7.9936	-297.95	41.83	67.057	16.817	42.706	0.92101	-22.026	-11.699	8.0412	20.748	29.409	-4.2244	6.9145
-3.6338	-3.668	18.529	7.9629	3.4698	-5.4491	-4.0496	-1.9514	-0.58071	2.8489	-1.7089	0.52611	-0.84796	-2.114	-23.988	-436.62	56.229	132.51	-88.284	44.535	12.754	5.3387	-19.514	18.441	3.8948	7.4727	9.6549	-13.215
-4.2112	-13.692	16.83	11.663	2.866	-5.0645	-4.3476	-1.0878	-0.18519	0.42955	-0.66053	0.79029	0.52255	-1.5956	-23.093	-400.96	-67.942	147.99	-24.152	15.384	-11.918	34.544	15.821	-96.774	41.936	10.567	54.82	20.733
-4.7877	-14.775	17.678	9.4844	-1.0022	-4.1639	-1.8113	-0.61951	-0.87391	0.22233	0.075393	1.3618	0.15243	-1.5465	-23.062	-43.302	33.892	-87.13	-154.73	36.022	101.45	18.731	-27.549	-8.2889	29.437	22.862	-14.805	1.9665
-5.1486	-14.113	19.114	7.0714	-3.0465	-4.1948	-0.43674	0.12782	-1.292	0.54625	-0.13732	1.3442	-0.3927	-1.5923	-14.436	26.467	57.45	-96.52	-81.772	-1.2356	54.983	29.894	-16.723	12.957	-8.5086	-0.70511	-21.805	-1.8346
-5.3991	-13.347	19.047	6.2055	-3.495	-3.7591	-0.47036	0.47776	-1.2502	-0.243	0.56012	1.123	-0.51379	-1.4847	-10.021	30.625	-2.6776	-34.638	-17.941	17.429	-1.3447	13.998	1.6734	-31.57	27.898	-8.8494	-4.8437	4.3049
-5.4458	-11.924	17.851	6.2295	-1.4985	-4.9288	-0.78285	0.56684	-0.83922	-0.14695	-0.35389	1.4734	-0.34752	-1.632	-1.8643	56.946	-47.831	0.96271	79.863	-46.789	-12.5	3.5632	16.437	3.842	-36.561	14.018	6.6509	-5.8898
-5.2478	-14.107	17.614	7.4198	-1.8689	-3.734	-1.9439	-0.12485	-0.53825	0.13033	-0.36442	1.2009	-0.41068	-1.6562	7.9164	-87.339	-9.4896	47.61	-14.816	47.794	-46.444	-27.668	12.039	11.091	-0.42099	-10.899	-2.5265	-0.96948
-4.6572	-13.359	16.938	8.0133	-0.814	-4.1511	-2.015	-0.86527	-0.10359	0.23512	-0.21189	1.112	-0.39213	-1.4771	23.627	29.909	-27.035	23.74	42.195	-16.684	-2.842	-29.617	17.387	4.1914	6.1012	-3.5572	0.7422	7.1636
-4.2198	-10.413	16.411	10.879	0.77021	-5.8743	-4.6463	-1.1798	0.60338	0.93752	-1.0896	1.2725	0.078743	-2.0332	17.496	117.84	-21.08	114.62	63.368	-68.93	-105.25	-12.581	28.279	28.096	-35.109	6.4186	18.835	-22.244
-3.7931	-7.3407	16.96	10.159	3.9934	-5.8731	-5.4836	-1.1588	-1.4453	1.6848	-1.5327	0.92999	-0.43933	-2.3003	17.067	122.91	21.953	-28.796	128.93	0.04708	-33.49	0.83894	-81.948	29.893	-17.723	-13.699	-20.723	-10.683
-3.5852	4.2076	16.308	6.8751	2.7591	-6.9038	-6.4109	0.89527	-0.65117	2.3869	-2.5689	-0.35829	-0.86195	-2.4014	8.3165	461.93	-26.068	-131.35	-49.37	-41.224	-37.092	82.163	31.766	28.08	-41.449	-51.531	-16.905	-4.043
-3.1348	9.9981	15.617	2.5436	1.9599	-8.0287	-4.0786	1.0957	0.0070315	2.2468	-3.6846	-0.81975	-0.55159	-1.5462	18.016	231.62	-27.667	-173.26	-31.967	-44.999	93.291	8.0185	26.328	-5.6023	-44.626	-18.458	12.414	34.205
-2.6163	18.911	13.914	-0.052662	0.43829	-7.7857	-2.1653	1.4655	-0.16347	0.82357	-5.135	-0.8968	0.4895	-0.31375	20.742	356.52	-68.123	-103.85	-60.866	9.7203	76.534	14.792	-6.8199	-56.929	-58.018	-3.0823	41.644	49.299
-2.2729	30.041	12.499	-2.4229	0.66089	-8.6027	-1.3016	1.0955	-0.75368	-0.26229	-5.9667	-0.54449	2.5305	0.073083	13.735	445.19	-56.581	-94.811	8.904	-32.68	34.547	-14.8	-23.608	-43.434	-33.268	14.092	81.639	15.473
-2.2617	39.945	9.6861	-5.4025	0.11914	-6.8329	0.87865	-0.20794	-2.5496	-1.4042	-4.0144	0.5676	3.431	0.38148	0.44586	396.17	-112.52	-119.18	-21.67	70.792	87.21	-52.139	-71.839	-45.678	78.093	44.484	36.02	12.336
-2.0114	37.832	11.497	-8.444	0.66704	-5.4962	1.5704	-0.96671	-4.1316	-0.3929	-2.6252	1.1401	2.1953	0.92179	10.012	-84.525	72.454	-121.66	21.916	53.468	27.67	-30.351	-63.277	40.454	55.568	22.901	-49.428	21.612
-2.1652	33.877	10.943	-7.4535	0.24153	-3.2578	1.4757	-1.84	-5.468	-0.90514	-1.0207	1.1964	2.8896	0.9967	-6.1511	-158.2	-22.191	39.62	-17.021	89.536	-3.7896	-34.931	-53.459	-20.489	64.178	2.2523	27.771	2.9966
-2.4345	35.798	11.626	-8.938	0.85461	-2.8667	0.79499	-1.7972	-6.4984	-0.88798	0.941	-0.31866	2.4335	0.12637	-10.772	76.848	27.326	-59.381	24.523	15.642	-27.227	1.7122	-41.216	0.68631	78.47	-60.603	-18.242	-34.813
-2.7272	37.833	10.026	-8.2588	2.7745	-2.8667	1.6569	-1.3789	-5.965	-2.3847	2.6519	-0.1094	-0.48591	-0.88431	-11.709	81.387	-63.992	27.167	76.796	0.0010273	34.478	16.731	21.336	-59.867	68.435	8.3702	-116.78	-40.427
-2.9662	24.6	9.8012	-4.003	2.1003	-0.64386	1.5532	-1.5839	-5.0015	-2.7956	2.7418	0.53768	-1.2041	-2.0427	-9.5591	-529.3	-8.9898	170.23	-26.97	88.914	-4.1494	-8.2004	38.542	-16.437	3.5978	25.883	-28.728	-46.335
-3.6038	24.251	4.9846	0.48877	-0.1733	1.4239	1.0895	-1.986	-5.4137	-3.9901	2.6224	0.55441	-1.3566	-2.6329	-25.502	-13.962	-192.67	179.67	-90.942	82.712	-18.549	-16.084	-16.488	-47.782	-4.7772	0.66928	-6.1012	-23.607
-4.1172	34.477	-0.67332	2.1433	-0.6415	1.6541	2.5052	-1.1108	-4.0141	-4.8346	2.0618	-0.049742	-1.9397	-2.749	-20.537	409.02	-226.32	66.18	-18.728	9.2087	56.629	35.011	55.982	-33.777	-22.423	-24.166	-23.322	-4.6455
-3.8625	32.175	-8.9426	5.9806	1.1196	0.86294	1.7182	-1.7237	-2.7807	-3.2298	1.6623	-1.027	-1.3137	-0.47044	10.188	-92.088	-330.77	153.49	70.443	-31.648	-31.479	-24.519	49.338	64.188	-15.98	-39.092	25.041	91.142
-4.1538	29.693	-16.842	9.9469	2.6317	-1.4704	2.3124	-0.91191	-3.023	-4.0556	2.7209	-0.70434	-1.1576	-1.1768	-11.652	-99.261	-315.97	158.65	60.486	-93.336	23.768	32.473	-9.6904	-33.029	42.343	12.908	6.2422	-28.253
-3.5918	29.709	-17.689	10.712	0.37902	-0.76607	2.2887	0.55033	-1.3873	-3.7259	2.6203	0.81037	-1.2804	-1.7259	22.481	0.6491	-33.886	30.61	-90.109	28.175	-0.94888	58.489	65.425	13.186	-4.0239	60.589	-4.913	-21.963
-3.3492	21.248	-26.816	12.456	2.9788	0.11687	1.5176	0.2103	0.1098	-1.3624	1.6904	-1.3848	-0.55981	-0.97003	9.703	-338.46	-365.09	69.75	103.99	35.317	-30.845	-13.601	59.885	94.542	-37.195	-87.808	28.825	30.233
-3.107	21.956	-28.423	11.881	0.47529	1.1007	1.1342	2.7707	0.55463	-0.76674	1.8768	-0.60278	-0.053387	-0.23594	9.6886	28.334	-64.263	-23.003	-100.14	39.355	-15.336	102.42	17.793	23.825	7.453	31.281	20.257	29.364
-2.9878	17.749	-29.609	14.048	0.54669	-0.98122	2.1215	2.4081	-0.40315	-0.38392	2.998	-0.5772	0.57915	-0.9884	4.7694	-168.3	-47.438	86.676	2.8558	-83.279	39.493	-14.506	-38.311	15.313	44.849	1.0232	25.301	-30.099
-3.2661	10.504	-32.259	12.209	0.14806	-0.27476	-0.37694	4.0722	1.2939	-1.0528	1.0232	-0.63145	0.73468	-1.3235	-11.135	-289.8	-106.01	-73.551	-15.945	28.258	-99.938	66.562	67.883	-26.756	-78.99	-2.1697	6.2212	-13.405
-3.4737	11.639	-27.47	14.724	-0.90067	1.685	0.1756	1.984	-1.2063	-2.0432	-0.4679	0.48518	1.083	-1.6555	-8.3005	45.398	191.57	100.61	-41.949	78.39	22.102	-83.526	-100.01	-39.615	-59.645	44.665	13.932	-13.28
-3.9773	6.7419	-27.28	14.065	-0.70376	1.2618	-0.21096	2.653	-1.3163	-1.2092	-0.46309	0.24895	0.39613	-1.5134	-20.146	-195.87	7.6004	-26.351	7.8763	-16.926	-15.462	26.758	-4.3984	33.36	0.19243	-9.4493	-27.474	5.6838
-5.0077	-8.9163	-29.232	6.9571	-1.0739	0.55685	0.87416	3.4712	0.9524	-1.1595	0.96637	1.268	-0.025449	-2.8877	-41.217	-626.33	-78.072	-284.33	-14.806	-28.2	43.405	32.73	90.747	1.9888	57.178	40.761	-16.863	-54.971
-7.4904	-27.418	-19.646	3.6125	1.3091	0.97956	0.78851	2.4628	-1.0897	-5.9535	0.63765	2.9135	-0.23922	-2.1945	-99.308	-740.06	383.42	-133.78	95.322	16.909	-3.4261	-40.336	-81.683	-191.76	-13.149	65.821	-8.5508	27.728
-10.394	-56.089	-9.1685	1.3968	-5.1649	2.654	-0.91562	2.9849	-0.074778	-4.9319	0.95339	2.9674	0.57254	-1.1205	-116.14	-1146.9	419.1	-88.629	-258.96	66.978	-68.165	20.885	40.596	40.868	12.63	2.1571	32.47	42.959
-12.918	-69.709	-10.572	1.8019	-7.0651	2.1457	1.21	2.4369	0.74425	-2.1536	0.9668	0.31135	0.77074	1.3205	-100.97	-544.81	-56.129	16.203	-76.006	-20.334	85.026	-21.92	32.761	111.13	0.53636	-106.24	7.9279	97.643
-13.238	-70.223	-11.521	2.4664	-6.5316	2.8094	1.6263	1.3118	0.90796	-2.4306	1.5414	1.7721	1.0599	0.77388	-12.777	-20.531	-37.987	26.583	21.34	26.547	16.651	-45.006	6.5487	-11.081	22.984	58.432	11.565	-21.867
-13.213	-67.463	-12.535	-0.36531	-6.4234	3.7766	3.0374	1.6468	0.55383	-2.7381	0.77548	1.5322	0.85954	0.76328	0.99872	110.38	-40.529	-113.27	4.328	38.688	56.444	13.401	-14.165	-12.299	-30.636	-9.5962	-8.0132	-0.42421
-13.252	-68.816	-9.405	2.7477	-6.4813	1.8392	1.6806	1.0107	0.7833	-2.4173	0.25763	0.15177	1.1083	1.2107	-1.5803	-54.127	125.19	124.52	-2.3166	-77.496	-54.272	-25.443	9.1789	12.832	-20.714	-55.219	9.9506	17.897
-6.2921	-21.835	9.2011	-3.8329	-6.3414	0.55354	-1.8924	1.2317	1.0356	-1.1005	0.9758	-0.17467	1.1234	0.82482	278.41	1879.2	744.24	-263.22	5.5946	-51.425	-142.92	8.8379	10.093	52.671	28.727	-13.058	0.6042	-15.435
-4.9083	7.3469	13.186	-5.0985	-3.3449	-2.99	-2.2063	0.013961	-0.42873	-1.9799	1.2438	0.43054	2.1694	0.495	55.349	1167.3	159.4	-50.622	119.86	-141.74	-12.557	-48.709	-58.574	-35.177	10.72	24.209	41.841	-13.193
-3.168	19.848	12.369	-4.0264	-2.3019	-4.277	-0.75225	-2.2651	-0.49189	-1.6796	-0.31604	2.2918	1.2864	1.1899	69.614	500.03	-32.669	42.882	41.724	-51.479	58.162	-91.162	-2.5264	12.011	-62.394	74.449	-35.32	27.796
-2.4579	23.969	12.492	-4.1742	-2.8689	-6.8664	0.01585	-2.0667	-0.72497	-0.81595	-1.7165	2.7902	2.6176	0.87826	28.402	164.85	4.8899	-5.9111	-22.681	-103.58	30.724	7.9338	-9.3233	34.548	-56.02	19.938	53.245	-12.466
-2.2453	29.895	12.812	-4.0109	-2.3132	-7.9215	1.1313	-1.4151	-1.3706	-0.765	-3.5034	2.383	2.8965	1.4692	8.5033	237.02	12.829	6.5309	22.225	-42.202	44.619	26.066	-25.824	2.0381	-71.473	-16.288	11.158	23.637
-2.198	29.089	14.969	-4.3451	-2.0566	-6.8678	-0.71194	-0.8296	-0.41472	-1.188	-3.7968	0.87538	2.1362	1.5232	1.894	-32.242	86.281	-13.366	10.265	42.147	-73.73	23.42	38.234	-16.919	-11.736	-60.306	-30.414	2.1603
-2.3063	29.127	13.504	-1.095	-1.1729	-7.5322	-0.63112	1.0619	-1.1568	-0.72914	-3.5979	-1.3305	1.7729	1.2736	-4.3332	1.5428	-58.606	130	35.347	-26.576	3.2328	75.659	-29.682	18.354	7.9545	-88.236	-14.529	-9.9824
-2.6638	22.316	14.814	-0.99122	-0.3847	-7.2324	-1.2839	1.3391	-1.5794	1.1613	-4.7102	-0.38728	-0.059133	0.90386	-14.298	-272.44	52.41	4.1505	31.529	11.994	-26.109	11.087	-16.906	75.618	-44.492	37.73	-73.282	-14.791
-2.905	14.829	15.373	1.1218	-0.59731	-6.1904	-2.9827	1.7002	-0.69688	1.2987	-4.083	-1.4154	0.19205	-0.058305	-9.6503	-299.48	22.343	84.52	-8.5044	41.676	-67.956	14.447	35.302	5.4949	25.086	-41.126	10.047	-38.487
-3.1863	12.416	16.216	2.5805	-0.47449	-6.1204	-3.852	1.7733	-0.05369	1.1511	-4.3479	-2.4816	-0.39545	-0.38407	-11.25	-96.526	33.729	58.348	4.9128	2.8014	-34.77	2.923	25.728	-5.9026	-10.595	-42.647	-23.5	-13.031
-3.5485	13.037	14.641	3.0498	1.5212	-6.423	-3.9772	1.2279	-1.5703	1.9649	-3.356	-1.2884	-0.84922	-1.477	-14.489	24.86	-63.027	18.774	79.829	-12.103	-5.0095	-21.817	-60.665	32.552	39.678	47.729	-18.151	-43.719
-3.7147	1.1106	17.296	5.2445	2.2349	-4.4028	-4.8051	0.25999	-1.6594	2.2355	-0.72635	-1.3586	-0.56579	-1.9512	-6.6481	-477.06	106.2	87.788	28.548	80.808	-33.113	-38.716	-3.5642	10.822	105.19	-2.8084	11.337	-18.966
-4.6142	-10.775	13.939	9.2202	-1.2579	-2.7614	-4.1373	-1.2661	0.18077	0.26455	0.61948	-1.6815	-2.0127	-0.53817	-35.98	-475.42	-134.25	159.03	-139.72	65.656	26.71	-61.042	73.608	-78.836	53.833	-12.918	-57.875	56.521
-6.5693	-33.559	12.51	9.5251	-3.6887	-0.43362	-1.0964	0.17224	1.5201	-0.14452	2.2042	0.98052	-0.16137	-0.27082	-78.206	-911.36	-57.16	12.198	-97.229	93.111	121.64	57.532	53.573	-16.363	63.387	106.48	74.052	10.694
-9.6504	-59.843	-0.77842	10.507	0.094172	6.6002	2.1803	3.698	1.8758	-0.80782	1.145	-0.15096	-0.15916	-2.2029	-123.24	-1051.4	-531.55	39.289	151.31	281.35	131.07	141.03	14.228	-26.532	-42.367	-45.259	0.088734	-77.282
-11.51	-65.616	-4.2672	8.1298	-1.3381	4.9808	3.5582	2.8592	1.6992	1.0487	0.63307	-0.40648	-0.098988	-0.89757	-74.401	-230.93	-139.55	-95.101	-57.29	-64.774	55.115	-33.555	-7.0624	74.262	-20.476	-10.221	2.4067	52.212
-12.919	-68.772	-7.1008	3.6608	-4.3741	4.8536	3.6526	2.6016	1.675	-1.0107	0.80158	-0.43324	-0.079199	0.03094	-56.354	-126.24	-113.34	-178.76	-121.44	-5.0902	3.7738	-10.303	-0.96719	-82.376	6.7402	-1.0704	0.79156	37.14
-12.785	-70.184	-9.9377	1.881	-7.0064	2.8368	3.0354	3.0637	2.0489	-1.6881	-0.40543	0.36079	0.86468	0.31471	5.3816	-56.484	-113.48	-71.191	-105.29	-80.67	-24.686	18.484	14.952	-27.096	-48.28	31.761	37.755	11.351
-12.498	-66.31	-10.404	0.0023501	-10.174	1.644	3.1364	4.6731	1.2287	-3.7319	-0.011903	2.0563	1.6099	0.24639	11.484	154.99	-18.64	-75.145	-126.7	-47.712	4.0405	64.375	-32.808	-81.754	15.741	67.819	29.807	-2.7328
-12.432	-68.348	-9.1465	1.1735	-6.1522	2.6469	3.1287	2.7775	0.45721	-3.7556	0.44724	1.15	1.9923	1.1055	2.6212	-81.508	50.288	46.847	160.86	40.115	-0.31028	-75.824	-30.858	-0.94532	18.366	-36.25	15.299	34.364
-13.009	-70.011	-8.6097	2.9909	-8.4158	2.5271	3.3013	1.5064	1.1521	-2.8064	0.77563	1.9347	1.447	1.7957	-23.078	-66.554	21.472	72.697	-90.543	-4.7908	6.9043	-50.844	27.794	37.968	13.136	31.389	-21.814	27.61
-13.114	-71.449	-11.352	1.8352	-8.5562	0.67654	2.5187	2.4029	2.0007	-2.3552	0.25925	1.6688	1.9678	0.22091	-4.1769	-57.497	-109.7	-46.228	-5.6159	-74.023	-31.301	35.86	33.945	18.047	-20.655	-10.637	20.832	-62.993
-13.18	-72.479	-11.626	1.7723	-7.5775	3.236	3.76	2.6839	3.3398	-2.3182	1.8626	0.94217	1.3397	1.8499	-2.6466	-41.215	-10.93	-2.5178	39.148	102.38	49.651	11.239	53.565	1.4788	64.133	-29.065	-25.123	65.158
-12.953	-70.685	-9.2379	0.049456	-8.1371	1.6194	2.4694	2.1762	0.97092	-2.7941	-0.31414	0.71598	1.3299	0.56628	9.0661	71.783	95.502	-68.914	-22.386	-64.666	-51.627	-20.308	-94.756	-19.034	-87.069	-9.0473	-0.3915	-51.344
-12.661	-66.071	-9.5934	-0.19417	-7.9707	2.9939	3.5188	3.0621	0.90083	-3.1959	-0.48962	1.2356	2.3007	0.53727	11.686	184.53	-14.219	-9.7449	6.6557	54.979	41.977	35.439	-2.8034	-16.072	-7.0192	20.784	38.832	-1.1605
-7.3887	-35.979	-10.328	-0.2676	-2.6075	2.4336	2.3302	2.271	0.26904	-0.87521	0.75274	-0.80961	0.49949	0.49716	210.89	1203.7	-29.397	-2.9372	214.53	-22.41	-47.545	-31.646	-25.272	92.827	49.694	-81.808	-72.048	-1.6045
-6.3856	17.769	-9.7773	-1.0676	-3.666	1.6271	1.2846	1.0396	-0.41277	-0.56241	1.0207	-1.8928	-1.6574	-1.1034	40.124	2149.9	22.043	-31.998	-42.339	-32.259	-41.824	-49.253	-27.272	12.512	10.717	-43.329	-86.277	-64.022
-6.2306	12.993	-4.7846	2.3202	-5.1437	0.24413	0.75818	-0.79113	1.1693	0.7559	3.031	0.55446	-1.178	0.42707	6.2022	-191.01	199.71	135.51	-59.111	-55.32	-21.055	-73.231	63.285	52.732	80.412	97.892	19.179	61.218
-7.0041	-12.288	3.3287	0.40064	-3.5357	2.4906	0.91362	-3.3327	-0.69328	1.8369	1.2295	0.12974	0.99214	1.0534	-30.94	-1011.3	324.53	-76.783	64.32	89.86	6.2177	-101.66	-74.505	43.239	-72.061	-16.989	86.804	25.054
-8.0562	-19.044	0.9799	-0.40303	-1.5134	1.9436	0.58904	-3.0427	0.028796	2.4478	0.76422	1.0508	2.1116	0.69183	-42.086	-270.21	-93.954	-32.147	80.893	-21.883	-12.983	11.6	28.883	24.437	-18.609	36.843	44.78	-14.463
-8.688	-24.852	-3.0275	-3.4749	-2.6725	-1.1268	-0.34886	-1.8346	1.3371	1.8177	-0.0081451	2.8323	1.9245	0.86203	-25.273	-232.35	-160.3	-122.87	-46.362	-122.81	-37.516	48.325	52.332	-25.203	-30.895	71.261	-7.4851	6.8077
-8.1666	-19.037	-2.1182	-4.9217	-3.771	-2.0203	-2.8768	-1.8112	2.5335	1.5001	0.94331	0.58472	0.19546	-1.3024	20.857	232.59	36.373	-57.874	-43.943	-35.741	-101.12	0.93528	47.857	-12.705	38.058	-89.905	-69.162	-86.576
-7.5015	-11.419	-6.1561	-5.283	-2.7733	-0.49668	-2.2084	-1.7942	4.7942	2.5601	1.6064	0.49234	-0.34874	-1.4849	26.606	304.72	-161.52	-14.453	39.912	60.946	26.732	0.67853	90.426	42.4	26.524	-3.6954	-21.768	-7.3013
-7.2307	-6.1453	-5.5287	-4.022	-4.733	-0.20352	-4.0337	-0.69183	5.5322	1.9526	1.2165	-0.56929	0.16859	-1.2106	10.831	210.97	25.094	50.442	-78.388	11.726	-73.008	44.095	29.52	-24.3	-15.595	-42.465	20.693	10.971
-2.9501	27.67	6.4853	-0.46798	-2.1751	0.61663	-2.2748	-4.1462	1.6365	0.70019	1.0121	0.57687	-1.033	-0.18978	171.22	1352.6	480.56	142.16	102.32	32.806	70.354	-138.17	-155.83	-50.097	-8.1784	45.847	-48.062	40.834
-1.7831	46.525	7.0862	-2.6395	-2.0379	1.2916	-3.9424	-5.6284	2.5895	0.96845	1.7541	0.94198	-0.38268	-0.26737	46.678	754.16	24.039	-86.862	5.488	26.999	-66.705	-59.288	38.122	10.731	29.682	14.604	26.012	-3.1039
-1.2901	54.479	3.2094	-5.2847	1.3275	-1.497	-3.8009	-5.2684	0.85607	1.9963	1.3397	0.84826	0.9432	-0.15032	19.721	318.17	-155.07	-105.81	134.61	-111.55	5.6623	14.401	-69.338	41.112	-16.576	-3.7486	53.035	4.682
-1.2801	54.332	2.4308	-6.4603	2.1071	-2.1404	-3.6191	-5.2771	0.81468	2.7895	0.66421	1.7253	0.68707	0.42768	0.40054	-5.8542	-31.144	-47.026	31.183	-25.736	7.2703	-0.3475	-1.6554	31.729	-27.021	35.083	-10.245	23.12
-1.4243	50.686	3.6692	-6.3886	2.1637	-2.6465	-3.0997	-6.2402	0.92243	2.6823	0.39579	1.931	0.35715	0.9666	-5.7691	-145.85	49.536	2.8668	2.2661	-20.244	20.777	-38.525	4.3098	-4.286	-10.737	8.2277	-13.197	21.557
-1.6791	47.79	3.4826	-4.7006	1.6101	-2.6501	-3.1744	-6.5727	0.40756	3.2159	-0.41963	2.1416	-0.14151	1.0059	-10.191	-115.84	-7.4655	67.521	-22.144	-0.14307	-2.9888	-13.3	-20.595	21.342	-32.617	8.4218	-19.946	1.5712
-1.9486	45.704	4.1847	-4.8809	1.0569	-2.055	-4.2274	-5.6635	0.354	3.1466	-1.1246	2.2232	-0.25659	0.43658	-10.779	-83.455	28.086	-7.2095	-22.129	23.806	-42.121	36.368	-2.1425	-2.7715	-28.198	3.2655	-4.6031	-22.772
-2.4721	44.272	5.0453	-6.3086	1.5544	-1.0341	-2.6127	-6.3715	0.86268	2.9111	-1.0929	1.3771	-0.11571	-0.077511	-20.943	-57.274	34.422	-57.111	19.9	40.836	64.59	-28.322	20.347	-9.4188	1.2679	-33.846	5.6351	-20.564
-2.9158	27.383	6.057	-1.2025	-1.9494	2.0072	-3.6213	-5.1797	2.8669	0.18375	0.58798	-0.47306	1.6191	-1.735	-17.745	-675.57	40.47	204.24	-140.15	121.65	-40.345	47.672	80.169	-109.1	67.235	-74.005	69.394	-66.299
-4.5389	11.802	3.1106	0.64061	-1.5794	1.8989	-5.072	-4.7857	2.0748	1.2377	0.31571	0.56506	1.2851	-1.0181	-64.926	-623.21	-117.85	73.725	14.803	-4.3299	-58.03	15.763	-31.686	42.157	-10.891	41.525	-13.362	28.674
-7.8864	-11.943	-9.4506	2.2456	0.5216	3.5934	-2.0226	-0.72989	3.6839	1.1516	-0.47336	0.79493	1.6681	-1.1319	-133.9	-949.82	-502.45	64.198	84.039	67.78	121.98	162.23	64.367	-3.4438	-31.563	9.1949	15.319	-4.5508
-9.1991	-45.854	-9.8008	1.7531	-1.6311	3.3145	-0.92113	-0.49061	3.1862	0.20639	0.48299	2.263	0.38511	-0.6967	-52.507	-1356.5	-14.007	-19.697	-86.108	-11.156	44.06	9.5709	-19.909	-37.807	38.254	58.721	-51.318	17.408
-11.224	-75.884	-11.267	4.8077	-4.0126	1.9978	0.87372	1.0863	0.82931	-1.5026	2.0911	1.8798	0.59683	0.94544	-81.001	-1201.2	-58.647	122.18	-95.259	-52.669	71.794	63.078	-94.276	-68.361	64.325	-15.327	8.4685	65.686
-12.78	-75.883	-9.9068	3.45	-4.7522	1.2873	0.6257	2.3997	1.3734	-0.42543	1.667	0.0465	-0.37098	0.18506	-62.255	0.063471	54.407	-54.307	-29.585	-28.421	-9.9208	52.535	21.764	43.088	-16.965	-73.332	-38.712	-30.415
-13.504	-75.587	-11.863	2.0626	-5.3578	1.2012	1.4745	1.7119	1.0281	0.0011662	0.099156	-0.7055	-1.161	0.76235	-28.949	11.803	-78.24	-55.496	-24.223	-3.4449	33.951	-27.513	-13.812	17.064	-62.713	-30.08	-31.599	23.092
-13.763	-75.334	-12.263	1.1861	-5.183	2.5186	2.0029	1.9741	-0.23351	-1.7864	0.55808	0.74936	1.0463	1.2509	-10.337	10.133	-16.012	-35.059	6.9904	52.697	21.135	10.49	-50.465	-71.502	18.357	58.194	88.291	19.542
-13.723	-72.905	-10.235	3.589	-5.0165	3.6301	3.6441	2.4197	-0.50588	-1.2029	1.707	-0.002183	0.65632	0.52334	1.5958	97.171	81.124	96.113	6.662	44.461	65.649	17.823	-10.895	23.338	45.955	-30.062	-15.6	-29.102
-13.656	-74.528	-11.925	1.2756	-5.6906	3.2754	3.4011	2.3661	0.23377	-2.1532	0.70666	1.1817	0.46565	-0.039703	2.6863	-64.932	-67.596	-92.533	-26.966	-14.19	-9.7197	-2.1453	29.586	-38.013	-40.012	47.356	-7.6267	-22.522
-13.578	-73.74	-10.855	2.0696	-5.7042	1.9865	3.3902	3.0997	1.3626	-0.92502	2.0304	2.491	0.00964	-0.21328	3.095	31.536	42.794	31.757	-0.54317	-51.553	-0.43536	29.344	45.154	49.129	52.948	52.371	-18.24	-6.9431
-13.398	-77.308	-12.849	2.1743	-7.4742	2.6309	1.1603	1.175	1.8926	-0.079944	1.6306	0.52847	0.38887	1.082	7.214	-142.74	-79.751	4.1916	-70.8	25.776	-89.195	-76.986	21.199	33.803	-15.99	-78.501	15.169	51.812
-13.044	-75.7	-13.636	1.7309	-5.492	2.7433	1.5907	1.7175	1.5698	-0.89628	0.50063	-0.99174	-0.3583	0.46181	14.165	64.328	-31.471	-17.739	79.29	4.4923	17.215	21.7	-12.91	-32.654	-45.2	-60.809	-29.887	-24.808
-5.8453	13.037	-10.585	-3.4807	-2.9783	1.115	-2.1307	-0.81662	1.2773	-0.28602	2.1069	2.0501	0.35725	-1.063	287.94	3549.5	122.04	-208.46	100.55	-65.13	-148.86	-101.37	-11.702	24.411	64.251	121.67	28.622	-60.993
-5.7061	20.843	-10.147	-2.6354	-4.2665	-1.2055	-3.4291	-0.075353	2.4166	-0.075324	2.3595	1.8616	-0.15374	-2.2244	5.5695	312.25	17.519	33.812	-51.53	-92.821	-51.939	29.651	45.574	8.4279	10.103	-7.5393	-20.439	-46.456
-6.3401	0.60733	-8.5737	2.3531	-1.9277	-1.7809	-3.6725	0.06405	1.1361	-1.0675	2.0983	1.6712	-0.37829	-1.7547	-25.363	-809.44	62.921	199.54	93.552	-23.015	-9.7339	5.5761	-51.223	-39.686	-10.445	-7.6145	-8.9822	18.788
-8.2889	-17.298	-10.183	0.9007	-1.6605	-1.1939	-2.6559	0.025536	0.84213	-2.6673	-1.1852	0.18592	2.0417	0.74729	-77.951	-716.21	-64.363	-58.096	10.69	23.479	40.664	-1.5405	-11.757	-63.994	-131.34	-59.413	96.799	100.08
-10.02	-44.244	-7.1287	0.58997	-0.35844	3.2195	-2.4248	-0.8605	0.60445	-2.7631	-1.3907	-0.88401	1.4082	2.8404	-69.251	-1077.8	122.16	-12.429	52.081	176.54	9.2422	-35.441	-9.5069	-3.8319	-8.2212	-42.797	-25.338	83.724
-11.649	-62.125	-6.4333	1.7048	-5.5559	3.3031	1.1322	0.97189	-1.7577	-4.7539	-1.7179	1.1217	2.7892	2.2808	-65.154	-715.24	27.815	44.593	-207.9	3.343	142.28	73.296	-94.487	-79.634	-13.087	80.228	55.237	-22.383
-12.034	-66.993	-7.0889	1.9566	-8.6768	4.4667	4.1627	1.9564	-0.77683	-4.2119	-1.5889	2.1775	2.9593	2.1979	-15.384	-194.75	-26.224	10.072	-124.84	46.545	121.22	39.379	39.236	21.682	5.1589	42.234	6.8069	-3.3152
-12.668	-75.056	-10.146	4.3409	-5.7677	1.8513	1.5895	0.58553	1.8598	-0.63432	1.9146	0.59042	-0.96479	1.4512	-25.392	-322.51	-122.27	95.373	116.37	-104.62	-102.93	-54.833	105.46	143.1	140.14	-63.484	-156.97	-29.869
-13.256	-75.257	-11.514	5.9347	-3.1402	2.1619	0.52732	-0.34485	1.5809	0.20703	2.093	0.89498	0.59703	0.90517	-23.509	-8.0505	-54.743	63.754	105.1	12.424	-42.486	-37.216	-11.157	33.654	7.1339	12.183	62.473	-21.841
-13.643	-74.646	-9.8796	5.3006	-3.8485	3.4363	0.88872	-0.38831	1.1109	0.16584	2.2978	-0.76235	0.37615	1.3087	-15.466	24.439	65.385	-25.366	-28.333	50.973	14.456	-1.7384	-18.797	-1.6475	8.1927	-66.293	-8.8352	16.141
-13.623	-75.958	-11.154	3.7442	-3.2494	3.5642	0.48231	0.59193	1.4117	-0.21933	1.8646	-0.56595	-2.4865	0.92606	0.79709	-52.482	-50.986	-62.255	23.966	5.1194	-16.256	39.21	12.029	-15.407	-17.328	7.8562	-114.51	-15.306
-13.582	-72.515	-8.3104	4.2543	-4.106	4.5873	-0.42278	-1.3769	1.1134	-0.12411	2.696	0.5284	0.5968	-0.46446	1.6206	137.73	113.75	20.404	-34.265	40.921	-36.204	-78.754	-11.931	3.8086	33.256	43.774	123.33	-55.621
-13.689	-73.509	-10.031	4.6967	-4.0607	3.0929	1.7408	1.8242	2.215	-1.2764	0.93688	1.152	0.70022	0.27709	-4.2825	-39.772	-68.811	17.695	1.8114	-59.773	86.541	128.04	44.066	-46.09	-70.364	24.943	4.1369	29.662
-13.667	-73.782	-11.514	1.9231	-6.1918	3.3961	3.9718	3.0556	0.64413	-1.1324	0.6394	0.017824	0.45299	1.2778	0.90773	-10.911	-59.335	-110.95	-85.245	12.126	89.243	49.258	-62.836	5.7573	-11.899	-45.366	-9.889	40.028
-12.8	-72.793	-11.57	2.2696	-5.1287	2.8209	1.3781	0.4092	1.2145	-2.2484	0.27461	-1.9935	-0.26748	1.545	34.669	39.572	-2.2381	13.862	42.526	-23.008	-103.75	-105.86	22.815	-44.64	-14.592	-80.453	-28.819	10.688
-12.479	-59.287	-13.145	3.2101	-3.3139	1.052	-1.4459	-4.7534	5.3749	-2.6766	1.4386	0.2213	-0.60783	-1.0393	12.859	540.22	-63.005	37.619	72.592	-70.757	-112.96	-206.5	166.41	-17.129	46.56	88.592	-13.614	-103.37
-7.5254	-32.247	-4.9429	1.7539	0.89415	3.3865	-1.6236	1.0738	1.5288	2.4641	1.7652	0.042815	0.77948	0.23451	198.13	1081.6	328.09	-58.247	168.32	93.381	-7.1085	233.09	-153.84	205.63	13.062	-7.1395	55.492	50.953
-5.7229	5.9295	-0.17954	-0.82383	1.4742	3.155	-4.5573	2.2616	1.2412	4.9679	1.2336	-0.24626	-0.88089	-0.93505	72.101	1527.1	190.53	-103.11	23.2	-9.2609	-117.34	47.51	-11.505	100.15	-21.262	-11.563	-66.415	-46.782
-3.7304	17.187	3.9955	-3.3417	2.7226	1.5245	-6.5423	0.94633	0.35429	3.8132	1.037	-1.392	-0.30753	-0.86691	79.7	450.29	167	-100.71	49.937	-65.218	-79.404	-52.61	-35.477	-46.191	-7.8658	-45.83	22.935	2.7254
-3.6439	35.041	3.5766	-12.293	4.2369	-1.5867	-5.8714	3.3266	-0.8326	4.8871	1.3341	-1.7587	-0.35793	-0.83584	3.4585	714.16	-16.756	-358.05	60.575	-124.45	26.837	95.213	-47.475	42.955	11.885	-14.666	-2.0163	1.2428
-3.0361	35.841	2.2958	-11.229	2.5055	-1.5192	-4.1766	2.2325	0.57503	4.5584	0.63768	-0.4676	-0.90769	-0.71059	24.313	31.995	-51.234	42.567	-69.257	2.6973	67.791	-43.767	56.305	-13.148	-27.858	51.642	-21.99	5.01
-3.1521	33.496	1.7808	-9.2149	1.0419	-0.72373	-3.7124	2.5879	1.2699	4.547	0.50586	-0.64818	-0.94926	0.057517	-4.6435	-93.787	-20.597	80.555	-58.547	31.82	18.57	14.217	27.795	-0.45481	-5.2726	-7.223	-1.6627	30.724
-3.329	31.312	3.0642	-10.034	1.7518	-1.3753	-2.5018	2.3202	1.6649	4.8637	0.38919	-1.02	-1.3598	0.30717	-7.0742	-87.363	51.334	-32.753	28.396	-26.064	48.423	-10.707	15.799	12.67	-4.6669	-14.872	-16.422	9.986
-3.2698	34.913	2.9029	-10.781	1.7997	-2.3833	-1.5317	1.9974	0.79307	5.4528	0.59049	-1.1792	-1.4191	0.12308	2.3693	144.03	-6.4494	-29.907	1.9179	-40.316	38.802	-12.913	-34.873	23.563	8.0519	-6.3671	-2.3697	-7.3634
-3.3014	37.845	2.3392	-10.545	2.873	-3.1738	-1.7802	2.3314	-0.31255	5.0513	1.5388	-1.5673	-1.5171	0.42126	-1.2647	117.28	-22.551	9.4728	42.933	-31.624	-9.9366	13.36	-44.224	-16.06	37.932	-15.526	-3.9198	11.927
-2.9977	35.774	1.3283	-11.705	3.0905	-2.2362	-1.8276	2.2078	-0.57475	4.8279	1.4981	-1.687	-1.4224	-0.062997	12.147	-82.832	-40.437	-46.435	8.6964	37.507	-1.8991	-4.9447	-10.488	-8.9361	-1.6285	-4.7876	3.786	-19.37
-3.3545	28.52	3.0096	-11.026	4.682	-2.512	-1.7635	0.97959	-0.37782	5.5689	2.2989	-1.5432	-1.5814	0.41128	-14.271	-290.13	67.252	27.198	63.663	-11.035	2.5657	-49.127	7.877	29.64	32.032	5.754	-6.3618	18.971
-4.8641	20.862	6.1925	-8.3067	3.4842	-1.1427	-0.001344	-0.71601	-1.7293	3.8932	3.0564	-1.2011	-1.9622	0.45452	-60.386	-306.33	127.32	108.75	-47.913	54.773	70.486	-67.824	-54.058	-67.028	30.3	13.68	-15.23	1.7296
-5.5573	0.24552	5.1081	-2.4049	5.8341	5.9527	-1.1044	-4.4811	2.1693	1.1575	-1.2214	1.6737	-2.5211	0.76533	-27.728	-824.67	-43.375	236.07	93.994	283.81	-44.121	-150.6	155.94	-109.43	-171.11	114.99	-22.355	12.432
-6.1216	-8.7966	6.2243	0.37307	5.6009	6.5495	-0.23354	-4.4952	2.6762	0.59201	-1.2993	1.859	-2.6983	0.8128	-22.569	-361.68	44.644	111.12	-9.3273	23.873	34.833	-0.56424	20.277	-22.621	-3.1145	7.4133	-7.0883	1.8988
-6.4289	-7.4999	5.942	0.59588	6.8087	5.7145	-0.9926	-4.1879	2.2642	0.55874	-2.1274	2.0096	-2.0921	0.54796	-12.293	51.866	-11.292	8.912	48.312	-33.399	-30.362	12.295	-16.48	-1.3308	-33.125	6.0248	24.247	-10.594
-6.7845	-12.969	5.0104	4.1634	6.047	4.8762	-2.7409	-3.9954	3.1375	0.087428	-2.8068	1.2923	-2.4561	0.26427	-14.223	-218.78	-37.262	142.7	-30.468	-33.531	-69.934	7.7	34.932	-18.852	-27.177	-28.693	-14.561	-11.347
-6.5961	-22.062	6.212	5.8793	5.8011	6.079	-2.8449	-3.9396	3.1191	-0.25745	-3.002	1.7651	-2.3048	-0.040003	7.5359	-363.71	48.062	68.636	-9.8336	48.11	-4.1565	2.2311	-0.7364	-13.795	-7.8064	18.912	6.0521	-12.171
-6.5163	-22.057	6.93	5.8966	6.1667	7.08	-2.9872	-4.3132	3.1105	-1.5085	-2.4882	1.1533	-1.8406	0.1499	3.191	0.22039	28.723	0.69378	14.623	40.04	-5.6917	-14.944	-0.34392	-50.043	20.551	-24.472	18.57	7.596
-6.7865	-14.324	7.0424	4.6623	5.1544	6.5205	-1.9095	-4.1764	3.1446	-0.99161	-4.4809	2.3203	-1.7512	0.20887	-10.808	309.32	4.4927	-49.374	-40.492	-22.379	43.106	5.4718	1.3617	20.676	-79.708	46.681	3.5726	2.3589
-6.406	-24.637	5.6369	7.8858	5.853	7.3751	-2.4855	-4.0992	2.6908	-1.4793	-2.5086	2.1787	-2.4746	-0.32107	15.22	-412.52	-56.219	128.94	27.942	34.182	-23.038	3.0869	-18.149	-19.508	78.892	-5.6617	-28.933	-21.197
-6.6104	-27.977	6.8194	8.8175	6.5691	8.0394	-1.8112	-3.7185	2.5188	-2.1196	-2.6965	2.2229	-1.3276	-0.2624	-8.1772	-133.62	47.302	37.267	28.645	26.575	26.971	15.227	-6.8804	-25.612	-7.5137	1.7681	45.881	2.3467
-6.5469	-28.924	8.3076	12.086	4.0531	5.9136	-1.0822	-4.1094	3.1291	-2.6429	-2.7389	2.0267	-0.59215	-0.83886	2.5413	-37.867	59.528	130.76	-100.64	-85.036	29.158	-15.635	24.409	-20.933	-1.6998	-7.8492	29.416	-23.059
-6.3095	-16.979	8.1445	6.6907	4.2095	6.1571	-0.93723	-3.4204	4.2876	-2.0659	-4.6683	2.8365	-1.0404	-0.36815	9.4967	477.78	-6.5245	-215.83	6.2557	9.7403	5.7996	27.561	46.341	23.079	-77.175	32.391	-17.931	18.828
-6.1433	-21.912	9.305	6.7123	4.202	7.1746	-0.95484	-3.2411	4.0217	-1.5356	-3.8408	2.7658	-0.30208	-0.72409	6.6448	-197.33	46.42	0.86375	-0.30136	40.703	-0.70462	7.1708	-10.635	21.212	33.102	-2.8276	29.534	-14.238
-6.1552	-20.978	8.9906	6.9178	5.2234	7.4739	-0.78585	-3.4686	3.7858	-1.4542	-4.3681	2.3652	0.0081435	-0.41005	-0.47503	37.36	-12.578	8.2212	40.857	11.972	6.7599	-9.0971	-9.4362	3.2572	-21.094	-16.024	12.409	12.562
-6.3442	-16.042	7.8609	5.5029	6.3586	7.4104	-0.88283	-3.4649	4.1626	-2.0581	-4.787	2.2231	0.063488	-0.4547	-7.5609	197.44	-45.185	-56.598	45.408	-2.5399	-3.8792	0.1454	15.072	-24.156	-16.754	-5.686	2.2138	-1.7861
-6.2105	-20.569	8.9867	5.5949	5.9574	7.824	-1.2616	-3.8912	4.4979	-1.7278	-4.3526	2.1328	-0.33286	-0.22094	5.3497	-181.06	45.032	3.6822	-16.048	16.541	-15.152	-17.051	13.412	13.212	17.374	-3.6086	-15.854	9.3505
-6.2622	-25.532	8.3486	6.7455	5.56	7.6481	0.35039	-3.9607	4.2637	-0.87644	-4.5576	1.5531	0.22185	-0.82726	-2.0671	-198.53	-25.525	46.026	-15.895	-7.0332	64.48	-2.7819	-9.368	34.055	-8.2008	-23.191	22.188	-24.253
-6.3547	-25.403	8.5998	6.2527	7.2001	7.8684	0.99051	-3.3005	4.1576	-0.61275	-5.5139	1.283	0.15708	-1.2821	-3.7024	5.1733	10.047	-19.713	65.603	8.8094	25.605	26.411	-4.2459	10.548	-38.252	-10.802	-2.5908	-18.193
-6.4404	-23.034	8.1909	5.9031	6.7715	8.5251	0.99831	-2.8225	3.492	0.028423	-5.625	0.75452	-0.17831	-0.79458	-3.4266	94.752	-16.356	-13.984	-17.143	26.27	0.31189	19.12	-26.623	25.647	-4.4431	-21.14	-13.416	19.5
-5.8005	-0.53449	1.6413	3.1479	8.459	3.3742	-0.56496	-2.3183	2.7256	0.73443	-0.26088	-2.8528	0.67294	-0.98603	25.598	899.98	-261.99	-110.21	67.498	-206.04	-62.531	20.167	-30.658	28.24	214.56	-144.29	34.05	-7.6582
-4.8252	16.146	3.4312	-1.6485	10.38	1.2088	-3.5873	0.68443	-0.6291	-0.11353	-0.84385	-1.0234	2.0434	-1.5197	39.011	667.21	71.598	-191.86	76.831	-86.618	-120.89	120.11	-134.19	-33.918	-23.319	73.177	54.818	-21.348
-4.395	15.095	3.6486	-1.6571	11.2	1.1755	-3.5995	0.52571	-1.4088	1.2286	-2.8645	-0.041988	1.6423	-0.95124	17.209	-42.024	8.6946	-0.34283	32.825	-1.333	-0.48778	-6.3488	-31.186	53.684	-80.828	39.257	-16.043	22.74
-3.6588	19.194	2.3188	-2.6812	13.285	0.48952	-3.9095	1.5398	-2.4414	1.7337	-3.0838	-0.19406	0.75345	-0.34993	29.448	163.96	-53.19	-40.962	83.366	-27.438	-12.399	40.562	-41.304	20.204	-8.7685	-6.0829	-35.554	24.052
-3.6763	26.025	0.14917	-4.6598	16.304	-0.21277	-4.3243	2.2352	-3.005	2.3938	-3.6678	-0.082056	0.15997	-0.8506	-0.70033	273.25	-86.786	-79.145	120.76	-28.091	-16.595	27.818	-22.548	26.404	-23.363	4.4802	-23.74	-20.027
-3.8305	16.794	1.074	2.0919	10.79	2.2421	-2.4608	0.22556	-0.3227	1.6208	-3.3012	-0.40173	0.45728	-1.7992	-6.1678	-369.24	36.993	270.07	-220.56	98.193	74.542	-80.385	107.29	-30.919	14.664	-12.787	11.893	-37.942
-4.3858	2.951	3.7222	4.7279	14.41	0.63411	-5.5779	5.9198	-1.9849	0.58669	-2.5182	-0.95871	0.70509	-1.8285	-22.214	-553.74	105.93	105.44	144.82	-64.318	-124.69	227.77	-66.488	-41.364	31.32	-22.279	9.9123	-1.173
-4.4766	12.421	3.5422	-2.0789	15.571	1.9385	-4.3605	3.8411	-2.2899	1.594	-2.3928	-1.5798	0.85333	-1.256	-3.6304	378.79	-7.2	-272.27	46.432	52.177	48.696	-83.151	-12.199	40.294	5.0175	-24.845	5.9295	22.901
-4.3914	11.215	3.5113	-1.5239	14.98	2.3169	-4.274	2.6856	-1.6157	1.488	-2.3182	-1.7992	1.4278	-1.2006	3.4051	-48.246	-1.2361	22.199	-23.62	15.137	3.4601	-46.218	26.965	-4.2418	2.983	-8.7745	22.98	2.2154
-4.0246	17.832	1.0758	-2.7909	14.916	2.1112	-4.2791	3.8808	-2.6171	1.7341	-3.2431	-0.52326	0.7802	-1.1137	14.671	264.72	-97.422	-50.678	-2.5798	-8.2308	-0.20226	47.807	-40.055	9.845	-36.996	51.038	-25.906	3.4761
-3.5823	21.569	-1.1452	-1.9586	14.54	2.5746	-4.0916	2.9977	-2.0172	1.594	-3.6956	-0.26531	0.72274	-0.98502	17.692	149.47	-88.84	33.292	-15.039	18.538	7.499	-35.322	23.998	-5.6032	-18.101	10.318	-2.2984	5.1458
-3.6786	17.738	1.0556	-2.7957	16.164	3.2741	-4.8254	2.9092	-2.6741	2.3639	-4.4815	-0.91073	1.6737	-2.0315	-3.8521	-153.26	88.03	-33.484	64.978	27.979	-29.351	-3.5403	-26.278	30.794	-31.433	-25.817	38.04	-41.859
-4.4807	12.22	2.5785	-1.0083	13.293	5.8466	-4.2589	-0.23426	0.47285	0.2308	-2.9638	-3.0324	2.3582	-1.7584	-32.082	-220.73	60.917	71.496	-114.87	102.9	22.66	-125.74	125.88	-85.323	60.705	-84.866	27.379	10.926
-5.8529	-24.358	0.12401	6.3838	7.4987	7.8969	1.9143	-3.4015	0.82308	-0.7537	-2.62	-1.2147	4.138	-0.13863	-54.886	-1463.1	-98.179	295.68	-231.76	82.011	246.93	-126.69	14.009	-39.38	13.755	72.707	71.192	64.789
-8.5096	-52.459	3.5927	9.2764	2.7356	9.0183	5.6498	2.3473	0.80045	-2.3023	-0.79873	0.32922	1.6754	0.46229	-106.27	-1124	138.75	115.71	-190.52	44.857	149.42	229.96	-0.9052	-61.946	72.85	61.757	-98.505	24.037
-9.1209	-55.744	2.0888	9.1058	-1.1848	7.9062	7.3888	5.4211	2.5167	-3.7261	-2.0057	0.10261	0.87651	0.98705	-24.452	-131.39	-60.155	-6.826	-156.82	-44.486	69.559	122.95	68.65	-56.95	-48.279	-9.0646	-31.954	20.99
-6.1375	3.2756	0.98711	-2.716	-1.4314	-0.18851	-1.1214	1.2099	1.1159	-0.70948	1.002	-1.5004	1.6733	0.034436	119.34	2360.8	-44.068	-472.87	-9.8638	-323.79	-340.41	-168.45	-56.032	120.66	120.31	-64.122	31.87	-38.104
-4.8012	23.395	-2.9449	0.21234	-1.9746	-0.30397	-0.67026	-0.41496	1.9157	-1.2015	-0.0021248	-1.6782	1.7842	-0.53411	53.45	804.79	-157.28	117.13	-21.728	-4.6183	18.047	-64.994	31.993	-19.682	-40.165	-7.1095	4.4376	-22.742
-4.3964	18.818	-1.3034	3.9245	12.502	3.2141	-2.7972	-3.5793	-0.67577	1.084	-1.7153	-4.1593	1.8866	-1.1644	16.194	-183.07	65.66	148.49	579.06	140.72	-85.076	-126.57	-103.66	91.421	-68.526	-99.246	4.0961	-25.213
-3.9904	14.74	6.3964	1.2902	9.2592	0.97266	-3.363	-0.23774	-2.2291	0.60653	-2.4529	-1.7518	0.71133	-0.3373	16.241	-163.14	307.99	-105.37	-129.71	-89.656	-22.636	133.66	-62.135	-19.099	-29.505	96.302	-47.011	33.085
-3.1938	27.313	4.0549	-7.16	12.892	2.5822	-5.6311	1.0718	-4.8437	2.1139	-3.2477	-1.628	0.72368	-0.5923	31.864	502.91	-93.659	-338.01	145.31	64.383	-90.721	52.382	-104.58	60.295	-31.792	4.95	0.49395	-10.2
-2.8454	25.981	2.8819	-6.2874	13.334	3.5261	-6.6456	0.48779	-5.0342	2.4361	-3.8635	-1.8317	0.6634	-0.3845	13.936	-53.262	-46.921	34.905	17.69	37.756	-40.581	-23.361	-7.6219	12.889	-24.633	-8.1458	-2.4113	8.312
-3.0307	28.846	2.2646	-6.1918	12.616	3.5373	-6.333	0.32077	-5.0335	2.1715	-3.6623	-2.1639	0.36356	-0.26368	-7.4146	114.61	-24.691	3.8227	-28.741	0.44747	12.504	-6.6808	0.028322	-10.584	8.0487	-13.288	-11.994	4.8326
-3.3663	29.633	2.5814	-6.3771	11.897	2.7752	-4.6316	0.42967	-4.2224	1.9103	-3.6902	-2.1381	0.48953	-0.033845	-13.424	31.463	12.673	-7.4103	-28.736	-30.484	68.056	4.3561	32.445	-10.449	-1.1143	1.0308	5.0389	9.1934
-3.5354	20.51	1.8595	-5.1393	11.446	3.4269	-4.3037	0.028084	-3.6246	2.2793	-2.523	-3.3191	0.91207	-0.79849	-6.7645	-364.94	-28.875	49.511	-18.056	26.068	13.115	-16.064	23.914	14.762	46.687	-47.242	16.902	-30.586
-4.6731	11.829	-3.8772	-0.56291	10.293	5.6935	-4.7315	-0.40539	-2.7171	1.8117	-1.9325	-4.6506	1.7691	-1.4733	-45.508	-347.22	-229.47	183.06	-46.093	90.665	-17.11	-17.339	36.299	-18.706	23.621	-53.258	34.28	-26.991
-7.3535	-17.531	-4.1899	5.2905	4.4605	7.036	-0.22846	-1.2269	-1.914	2.1874	0.12911	-2.4394	2.368	-0.97285	-107.21	-1174.4	-12.508	234.14	-233.32	53.697	180.12	-32.861	32.123	15.027	82.463	88.449	23.955	20.017
-7.7965	-29.078	-19.493	12.146	3.2611	3.0407	3.6043	1.4199	0.46034	1.5985	1.1693	-2.855	2.7234	-1.2235	-17.721	-461.88	-612.14	274.23	-47.975	-159.81	153.31	105.87	94.974	-23.555	41.606	-16.626	14.218	-10.028
-7.6661	-20.738	-22.787	12.277	-1.0139	0.34547	1.5545	2.3584	-1.4264	-0.35679	2.1351	-2.7339	3.6074	-0.14356	5.2154	333.6	-131.74	5.2403	-171	-107.81	-81.994	37.541	-75.471	-78.212	38.634	4.8434	35.36	43.2
-8.0638	-33.077	-17.795	9.4522	-5.4561	-0.75164	1.6959	4.8656	-1.8567	-3.1035	4.8235	-2.4706	2.7404	-1.5815	-15.909	-493.55	199.67	-113	-177.69	-43.885	5.6576	100.29	-17.21	-109.87	107.53	10.532	-34.681	-57.518
-11.932	-67.61	-10.481	4.1009	-7.5034	3.0374	2.8058	2.1277	-0.18567	-3.4789	1.5826	-1.292	1.0461	0.32987	-154.74	-1381.3	292.57	-214.05	-81.893	151.56	44.396	-109.52	66.841	-15.016	-129.63	47.145	-67.772	76.456
-13.402	-69.906	-10.232	1.5193	-6.8563	2.1924	3.7423	3.0183	1.1227	-2.5641	-0.10313	0.88873	1.1957	1.0865	-58.804	-91.847	9.9575	-103.26	25.884	-33.798	37.46	35.625	52.337	36.59	-67.43	87.23	5.9838	30.264
-13.417	-71.805	-9.9248	3.8585	-5.3465	0.49683	1.2394	3.2452	2.4316	-1.4534	0.57951	-0.13799	0.87089	0.57736	-0.57487	-75.981	12.288	93.569	60.393	-67.824	-100.11	9.0749	52.355	44.431	27.306	-41.069	-12.992	-20.365
-13.377	-70.015	-10.12	0.78714	-7.7167	2.4993	2.5313	1.4021	0.69505	-1.9045	1.2732	0.079102	1.271	1.2874	1.5879	71.613	-7.8157	-122.86	-94.81	80.097	51.674	-73.72	-69.463	-18.043	27.749	8.6838	16.002	28.401
-11.688	-67.25	-15.783	1.9381	-5.3812	2.1423	3.2238	0.14788	2.1053	-1.0293	-0.47215	0.81406	0.29756	2.0095	67.585	110.61	-226.5	46.039	93.424	-14.28	27.701	-50.171	56.41	35.008	-69.815	29.398	-38.936	28.883
-11.483	-46.977	-19.997	1.3257	-3.59	3.7883	3.2645	-2.3648	1.4651	-0.20279	-0.93197	0.33568	-0.43673	2.0157	8.1952	810.89	-168.56	-24.495	71.648	65.842	1.6278	-100.51	-25.607	33.059	-18.393	-19.135	-29.371	0.25106
-11.356	-56.222	-13.914	2.2061	-7.2748	5.6914	2.8628	-1.0131	1.2853	-1.1364	1.5377	-0.62139	0.057104	1.1532	5.0826	-369.8	243.31	35.215	-147.39	76.124	-16.067	54.068	-7.1944	-37.345	98.785	-38.283	19.753	-34.503
-12.58	-60.794	-10.628	0.3988	-6.65	5.0764	2.6768	-2.5932	-0.73402	-1.0237	2.7316	-0.40643	-1.6011	1.6526	-48.992	-182.87	131.42	-72.293	24.994	-24.599	-7.4422	-63.203	-80.771	4.5074	47.759	8.5985	-66.33	19.978
-13.113	-72.756	-12.395	2.2057	-5.1645	4.9947	2.6235	1.0751	-0.10338	-1.6705	0.67483	-0.84138	-1.7083	-1.1156	-21.294	-478.46	-70.681	72.275	59.42	-3.2683	-2.1328	146.73	25.226	-25.869	-82.273	-17.398	-4.2875	-110.73
-2.3541	15.405	-13.227	2.7209	-3.713	2.8328	2.1214	1.7846	1.7255	-0.4934	1.3235	-0.50493	-0.71376	0.39771	430.35	3526.4	-33.262	20.61	58.06	-86.477	-20.083	28.38	73.154	47.083	25.946	13.458	39.782	60.532
-1.1722	73.989	-15.668	2.3417	-9.795	2.9661	3.4118	-2.0615	0.59556	-1.3972	-1.079	2.2482	0.19663	-0.88078	47.277	2343.4	-97.642	-15.167	-243.28	5.3333	51.617	-153.84	-45.196	-36.153	-96.1	110.12	36.416	-51.14
-1.1563	57.654	-15.887	1.8075	-10.446	1.9939	2.847	-3.0734	0.24732	-0.88604	-0.99856	2.3163	0.65326	-0.87755	0.63294	-653.41	-8.7748	-21.372	-26.04	-38.89	-22.594	-40.478	-13.93	20.448	3.218	2.726	18.265	0.12927
-4.4688	29.125	-14.247	1.8322	-5.7629	-0.42505	3.5969	-0.80341	1.6536	-1.8729	1.1001	0.41716	0.47304	-0.19001	-132.5	-1141.2	65.637	0.99063	187.32	-96.758	29.998	90.8	56.25	-39.473	83.946	-75.966	-7.2091	27.501
-5.5608	15.635	-15.225	1.9161	-4.082	-2.4379	2.389	0.9061	2.652	-1.3319	3.0328	1.8753	1.1591	0.19318	-43.68	-539.61	-39.126	3.3569	67.237	-80.512	-48.317	68.38	39.936	21.641	77.307	58.327	27.442	15.328
-5.8776	10.391	-12.021	0.72565	-3.3424	-3.8484	2.433	1.1585	2.8584	-0.70953	1.9302	2.0828	-0.38542	2.2075	-12.672	-209.73	128.16	-47.62	29.584	-56.421	1.7578	10.095	8.2559	24.893	-44.103	8.2988	-61.78	80.573
-5.9026	7.2553	-14.47	0.25504	-0.0018861	-7.543	2.1917	-0.96118	4.6554	-1.9265	1.0605	2.2046	-0.98636	0.15014	-0.99671	-125.45	-97.966	-18.824	133.62	-147.78	-9.6515	-84.786	71.882	-48.681	-34.789	4.8703	-24.037	-82.295
-6.1268	2.0456	-14.407	-0.88271	1.9791	-4.5775	1.8277	0.28492	7.1327	-1.3223	0.85493	0.72945	-1.2509	0.30063	-8.971	-208.39	2.5165	-45.51	79.241	118.62	-14.559	49.844	99.089	24.169	-8.2214	-59.004	-10.581	6.0194
-5.6856	2.7917	-5.8017	3.9335	4.0266	-5.9973	-1.2979	-1.0428	6.6569	-3.5677	0.57299	0.21375	0.49862	-0.11125	17.649	29.841	344.21	192.65	81.899	-56.792	-125.02	-53.11	-19.031	-89.817	-11.277	-20.628	69.98	-16.475
-3.2717	17.125	8.282	3.2493	2.8662	-10.306	-0.16086	1.8306	2.5763	-3.4101	-0.21664	0.65701	0.86029	0.2992	96.556	573.34	563.35	-27.367	-46.415	-172.35	45.482	114.94	-163.23	6.3035	-31.586	17.73	14.467	16.418
-2.1395	30.293	13.219	-4.189	3.4538	-11.727	0.83238	1.5021	-1.5301	-1.5221	-2.1176	2.4227	0.32171	0.71144	45.287	526.72	197.48	-297.53	23.501	-56.829	39.729	-13.142	-164.25	75.524	-76.037	70.628	-21.543	16.49
-1.5435	36.982	13.476	-6.0549	-1.3003	-9.2687	0.98489	1.2399	-2.6537	0.35789	-0.14108	3.3496	2.7085	-0.745	23.841	267.56	10.265	-74.638	-190.16	98.326	6.1008	-10.487	-44.943	75.198	79.06	37.077	95.471	-58.258
-1.2966	42.917	13.248	-10.084	-0.39366	-7.3593	0.9082	-0.38365	-2.8923	1.6207	0.64314	3.7054	2.6182	-1.517	9.8764	237.39	-9.1248	-161.17	36.268	76.376	-3.0678	-64.942	-9.5442	50.514	31.369	14.231	-3.6094	-30.882
-1.271	42.462	12.905	-10.603	-1.4992	-4.7518	0.81762	-1.8828	-3.5018	2.5079	0.38938	3.7923	1.236	-0.73127	1.0248	-18.175	-13.718	-20.761	-44.222	104.3	-3.6233	-59.966	-24.383	35.488	-10.15	3.4767	-55.291	31.431
-1.4975	39.831	14.392	-12.753	1.3887	-6.2707	2.673	-2.4749	-4.9428	3.6095	0.95409	2.6174	1.1135	-0.37409	-9.0624	-105.24	59.501	-86.003	115.52	-60.754	74.214	-23.683	-57.64	44.064	22.588	-46.998	-4.8992	14.287
-1.726	39.359	13.972	-11.72	0.9429	-7.0972	4.9147	-4.1001	-4.6758	2.5317	2.1948	1.3168	1.8199	-0.20648	-9.1377	-18.895	-16.788	41.325	-17.832	-33.061	89.668	-65.01	10.682	-43.111	49.628	-52.024	28.258	6.7043
-1.741	33.093	17.574	-10.638	-1.5044	-5.4415	5.0416	-4.1211	-6.211	4.0586	1.5605	0.95009	1.8213	0.17596	-0.60002	-250.66	144.06	43.273	-97.893	66.228	5.0784	-0.83983	-61.411	61.073	-25.37	-14.667	0.054047	15.298
-1.7651	30.592	18.403	-9.5417	-3.2774	-4.9241	5.6755	-4.2336	-6.4748	3.6215	2.2214	0.77028	1.0543	0.90728	-0.96566	-100.03	33.165	43.862	-70.918	20.696	25.355	-4.5005	-10.549	-17.482	26.436	-7.1924	-30.681	29.253
-1.7348	27.917	18.885	-8.965	-4.6433	-4.7506	6.2703	-3.6637	-7.8945	3.6184	2.2848	1.047	0.85006	0.73411	1.2123	-107	19.279	23.067	-54.636	6.937	23.793	22.795	-56.789	-0.12346	2.5359	11.07	-8.1683	-6.9268
-1.6412	28.193	18.599	-8.4248	-5.0161	-4.9623	7.3915	-3.4242	-9.2752	3.2499	2.2355	1.3318	0.97665	0.50211	3.7426	11.034	-11.427	21.606	-14.912	-8.4662	44.846	9.5833	-55.227	-14.742	-1.9736	11.389	5.0636	-9.2802
-1.5836	30.622	18.111	-8.8196	-4.702	-5.9118	8.4604	-2.4403	-10.852	2.7602	2.0796	1.3995	1.0303	-0.44698	2.3059	97.184	-19.513	-15.79	12.561	-37.981	42.757	39.356	-63.091	-19.586	-6.2375	2.7087	2.1456	-37.963
-1.5281	30.845	18.38	-8.4666	-5.5845	-5.8178	8.6492	-1.6007	-10.312	1.312	2.2497	0.99685	1.3884	-0.85656	2.2178	8.9037	10.753	14.12	-35.297	3.7622	7.5507	33.582	21.611	-57.931	6.8056	-16.105	14.326	-16.383
-1.702	28.436	19.588	-7.7889	-6.0327	-6.4319	8.2003	0.032936	-10.339	1.0264	1.7434	0.82472	1.2901	-0.58391	-6.9545	-96.371	48.312	27.107	-17.93	-24.565	-17.957	65.346	-1.0734	-11.423	-20.252	-6.885	-3.9326	10.906
-1.8835	22.603	20.864	-6.7598	-6.6605	-5.9523	6.7109	0.33653	-9.4505	0.88219	2.033	0.151	1.251	-0.2591	-7.2613	-233.32	51.044	41.164	-25.11	19.185	-59.576	12.144	35.538	-5.7682	11.584	-26.949	-1.5638	12.992
-2.1232	19.556	19.848	-5.8264	-7.5442	-4.5762	5.8745	0.33443	-9.6054	0.49694	2.6471	-0.23436	1.9016	-0.22837	-9.5844	-121.86	-40.625	37.334	-35.349	55.044	-33.453	-0.0839	-6.1932	-15.41	24.563	-15.414	26.022	1.2293
-2.6062	22.698	20.679	-7.5954	-7.0547	-5.3241	5.6407	0.040309	-9.2664	0.67933	2.4827	-0.50542	1.0613	0.26311	-19.322	125.67	33.205	-70.759	19.579	-29.915	-9.3532	-11.765	13.559	7.2956	-6.5766	-10.842	-33.613	19.659
-3.3108	13.169	22.074	-5.0573	-8.7092	-1.9852	4.4939	-0.55136	-6.5927	0.84041	3.0993	-1.774	0.14118	1.2502	-28.185	-381.16	55.833	101.53	-66.18	133.55	-45.872	-23.667	106.95	6.4432	24.666	-50.744	-36.803	39.485
-4.0758	3.2209	8.5362	1.7857	-8.4717	0.6692	3.0507	-1.1058	-3.7786	-1.7411	4.1037	0.61364	-0.3549	1.5364	-30.598	-397.92	-541.53	273.72	9.4997	106.18	-57.729	-22.176	112.56	-103.26	40.173	95.506	-19.843	11.446
-7.0627	1.0566	1.5868	4.1253	-7.4367	1.0647	0.2564	-0.25922	0.62332	-1.4554	3.491	0.11961	-0.97564	0.034836	-119.48	-86.573	-277.98	93.584	41.401	15.819	-111.77	33.862	176.08	11.429	-24.505	-19.761	-24.83	-60.062
-8.6388	-16.292	-15.805	-0.9165	-3.24	4.165	1.0474	1.2807	1.6043	-2.1494	2.8159	0.34157	-0.86272	1.1366	-63.043	-693.95	-695.66	-201.67	167.87	124.01	31.64	61.597	39.241	-27.761	-27.007	8.8784	4.5168	44.069
-9.1389	-24.552	-16.275	3.7873	-2.0823	3.9542	2.3547	0.64809	-1.2564	-2.5473	1.0054	0.43502	0.45868	1.3173	-20.004	-330.4	-18.801	188.15	46.308	-8.4321	52.291	-25.305	-114.43	-15.914	-72.42	3.7379	52.856	7.231
-9.5204	-28.05	-13.543	7.5472	-3.474	1.5529	0.35487	0.68831	0.11443	-1.9198	1.4545	-0.76003	-0.99189	1.061	-15.262	-139.93	109.29	150.4	-55.669	-96.051	-79.992	1.6091	54.835	25.098	17.964	-47.802	-58.023	-10.252
-9.5657	-27.941	-10.828	7.9043	-3.1138	3.2787	0.22435	-0.30754	0.028792	-1.198	0.29052	-1.0987	-1.2499	1.4702	-1.8118	4.3557	108.58	14.286	14.411	69.033	-5.221	-39.834	-3.4257	28.873	-46.558	-13.549	-10.321	16.369
-8.6401	-22.019	-14.759	7.2472	-4.1187	3.8462	1.2164	1.4951	2.5731	-0.94474	2.2298	0.38078	-1.5349	-0.36104	37.025	236.91	-157.25	-26.286	-40.196	22.701	39.683	72.104	101.77	10.13	77.573	59.181	-11.4	-73.252
-6.5965	-1.7993	-14.445	5.9809	-2.6977	4.3146	-0.43175	0.042438	1.1645	-0.73717	0.51398	-0.67855	-1.6116	0.18361	81.746	808.77	12.559	-50.649	56.84	18.735	-65.927	-58.105	-56.345	8.3031	-68.635	-42.373	-3.0688	21.786
-5.9886	20.993	-12.877	3.5457	-2.6185	2.9579	-0.4695	0.68316	3.6177	0.29818	1.2109	-0.44117	-0.97224	-0.73267	24.316	911.71	62.734	-97.409	3.1656	-54.269	-1.5102	25.629	98.129	41.414	27.875	9.4952	25.576	-36.651
-5.9637	14.873	-11.269	2.41	-3.6108	1.2656	-1.108	-0.82669	2.5554	-0.53434	1.6076	-0.22538	-1.8178	-1.6429	0.9944	-244.83	64.339	-45.426	-39.691	-67.691	-25.538	-60.394	-42.493	-33.301	15.868	8.6316	-33.823	-36.407
-4.3681	20.701	8.2861	0.095713	-5.7376	0.21214	0.83085	-2.6101	-1.6173	0.81611	2.6403	-0.044086	-0.37475	-0.31074	63.823	233.14	782.19	-92.573	-85.073	-42.138	77.553	-71.336	-166.91	54.018	41.309	7.2519	57.722	53.284
-3.5209	18.605	11.988	-3.8989	-2.7825	-0.45665	-1.0241	-2.5827	-2.1563	0.84134	2.9342	-0.034403	0.087413	-0.3509	33.888	-83.863	148.07	-159.78	118.21	-26.752	-74.199	1.0953	-21.562	1.0094	11.756	0.38735	18.487	-1.6062
-3.3203	26.018	11.905	-5.7567	-1.5483	-0.60615	-1.6692	-3.6758	-2.1481	0.87357	2.2353	-0.13839	0.010392	-0.52004	8.025	296.54	-3.3117	-74.312	49.367	-5.9801	-25.805	-43.724	0.33012	1.289	-27.957	-4.1593	-3.0808	-6.7658
-3.5728	27.757	13.246	-10.131	-0.4893	3.3952	-3.6892	-4.4675	-1.1903	0.01821	1.868	-1.2961	-0.076374	0.2593	-10.1	69.557	53.638	-174.96	42.359	160.06	-80.797	-31.666	38.308	-34.214	-14.69	-46.309	-3.4706	31.174
-3.4787	21.128	8.0842	-8.8542	2.9904	3.6412	-1.8077	-5.1876	-1.4069	0.89922	0.90942	-2.4768	0.083078	2.04	3.7632	-265.15	-206.47	51.054	139.19	9.8405	75.259	-28.804	-8.6633	35.24	-38.344	-47.228	6.3781	71.228
-4.4526	11.798	7.4625	-8.1228	3.579	4.1333	-2.3175	-6.2346	-2.3685	0.96845	0.46047	-3.4864	-0.15132	2.3484	-38.956	-373.2	-24.87	29.256	23.546	19.683	-20.39	-41.884	-38.464	2.7691	-17.958	-40.384	-9.3761	12.336
-8.3313	-45.337	3.5621	5.6964	1.8624	8.9354	0.49552	-2.2039	0.24456	1.1893	-0.058622	-2.6782	0.46516	1.6002	-155.15	-2285.4	-156.01	552.77	-68.663	192.08	112.52	161.23	104.52	8.8327	-20.763	32.327	24.659	-29.929
-10.226	-61.547	-0.41342	9.4048	-2.3357	8.0594	4.0681	2.9859	0.21001	-2.9596	-0.39699	-1.2951	-0.71868	0.65803	-75.807	-648.38	-159.02	148.34	-167.92	-35.039	142.9	207.59	-1.382	-165.95	-13.535	55.325	-47.354	-37.685
-11.1	-58.295	-2.8182	4.509	-5.8778	5.651	5.1238	4.8722	1.9364	-3.1557	-3.0569	-0.84115	0.11379	-0.46401	-34.927	130.08	-96.189	-195.83	-141.68	-96.337	42.228	75.455	69.057	-7.8442	-106.39	18.158	33.299	-44.882
-11.614	-63.168	-7.7318	2.2907	-8.0704	2.7781	5.5279	5.8379	3.1022	-4.8784	-2.5095	0.65956	2.361	-0.48059	-20.596	-194.93	-196.55	-88.732	-87.707	-114.92	16.163	38.627	46.633	-68.908	21.896	60.028	89.89	-0.66339
-12.428	-70.41	-8.0606	1.5812	-8.248	3.3861	4.024	3.3817	1.6186	-4.4613	-1.2418	-0.054939	0.17152	0.16567	-32.533	-289.69	-13.149	-28.382	-7.103	24.32	-60.157	-98.25	-59.347	16.682	50.708	-28.58	-87.581	25.85
-13.079	-71.05	-9.4533	2.3837	-6.0199	3.249	3.7421	4.2013	1.9839	-2.0461	-0.23168	0.06054	-0.38992	-0.082824	-26.046	-25.59	-55.711	32.098	89.125	-5.4817	-11.273	32.784	14.615	96.607	40.403	4.6192	-22.458	-9.9396
-13.32	-72.954	-8.8	3.1769	-5.1853	3.6649	2.0624	1.3547	0.55421	-2.6414	0.097873	0.35613	0.83191	1.4041	-9.6587	-76.155	26.134	31.731	33.386	16.633	-67.19	-113.86	-57.189	-23.811	13.182	11.823	48.874	59.478
-13.563	-70.968	-9.7847	3.2905	-6.0088	2.5829	3.6333	1.7434	2.4264	-1.4748	0.09231	0.43728	0.9318	0.72848	-9.7106	79.437	-39.387	4.5424	-32.943	-43.278	62.838	15.551	74.887	46.665	-0.22252	3.2462	3.9954	-27.026
-13.461	-74.085	-11.803	3.4	-2.3329	4.0933	3.2808	1.8706	2.4996	-0.89996	-0.63025	-0.84753	-0.46154	0.34729	4.1002	-124.66	-80.723	4.3802	147.04	60.417	-14.101	5.0854	2.9301	22.993	-28.903	-51.393	-55.733	-15.247
-4.6019	21.965	-11.504	-3.5799	1.0919	1.4932	-2.5788	-1.7737	1.7972	-1.5613	-0.57851	1.3995	0.1953	-0.22772	354.35	3842	11.964	-279.2	136.99	-104.01	-234.38	-145.77	-28.097	-26.453	2.0697	89.883	26.273	-23
-4.3508	35.386	-13.394	-3.4549	-2.233	-0.7676	-2.0295	-0.94913	1.9594	-2.9064	-0.40112	0.80119	-2.212	0.85092	10.042	536.87	-75.595	5.001	-133	-90.432	21.972	32.985	6.4893	-53.805	7.0958	-23.934	-96.291	43.146
-4.6091	23.522	-11.276	-0.2294	-2.0092	-0.74889	-2.9771	-3.3522	1.9202	-2.8088	0.86065	2.1308	-1.0909	0.25271	-10.33	-474.56	84.693	129.02	8.9539	0.74851	-37.906	-96.124	-1.5672	3.9044	50.471	53.184	44.845	-23.928
-5.6191	16.398	-7.4725	2.4774	-0.47345	-3.022	-4.6374	-2.9916	1.2374	-1.9343	0.36625	1.2843	0.30787	1.1577	-40.399	-284.97	152.15	108.27	61.429	-90.925	-66.413	14.425	-27.314	34.98	-19.776	-33.858	55.949	36.2
-6.1626	5.7171	-6.3906	2.1932	3.6052	-0.74409	-3.738	-3.4958	3.3493	0.033161	2.6563	0.53855	0.23636	0.563	-21.742	-427.23	43.278	-11.366	163.14	91.117	35.979	-20.168	84.477	78.698	91.604	-29.832	-2.8604	-23.789
-5.0913	5.3637	-2.7344	1.529	7.7249	0.79018	-1.1229	-4.4974	4.7859	-0.21542	1.9132	-1.315	-1.369	1.0741	42.851	-14.139	146.25	-26.569	164.79	61.371	104.6	-40.065	57.464	-9.9432	-29.728	-74.142	-64.213	20.445
-4.6225	20.002	8.8297	-1.3614	1.6834	0.39045	-0.26514	-5.5858	1.5958	-1.0124	2.2416	-2.4908	-0.21548	0.88325	18.753	585.53	462.56	-115.62	-241.66	-15.989	34.31	-43.536	-127.6	-31.881	13.136	-47.033	46.139	-7.6349
-3.6294	28.556	8.3665	-1.8094	3.494	-3.2701	-1.1011	-4.4526	-0.68731	-0.95609	1.6009	-0.77268	-0.23063	0.61136	39.725	342.18	-18.527	-17.921	72.423	-146.42	-33.439	45.33	-91.324	2.2539	-25.626	68.726	-0.606	-10.876
-2.9114	33.002	7.983	-5.9786	3.8278	-1.5733	-0.6525	-6.6171	-0.48415	-0.024035	0.67346	-0.53073	-0.53335	1.3318	28.721	177.82	-15.338	-166.77	13.353	67.873	17.945	-86.58	8.1265	37.282	-37.098	9.6781	-12.109	28.817
-2.6192	32.305	7.9853	-7.0771	4.9341	-0.53979	-1.947	-7.0249	-0.46101	0.13496	0.10892	-0.22248	0.40618	1.4813	11.685	-27.871	0.092728	-43.94	44.252	41.339	-51.779	-16.314	0.92547	6.3596	-22.582	12.33	37.581	5.9824
-2.464	35.313	6.4942	-7.9311	7.1944	-1.6783	-1.853	-7.1969	-1.2816	0.36658	-0.74889	-0.45921	0.75677	1.3134	6.211	120.33	-59.646	-34.16	90.412	-45.539	3.7609	-6.8791	-32.825	9.265	-34.312	-9.4691	14.023	-6.7181
-2.5631	40.885	3.8423	-8.4701	9.8138	-3.1188	-0.56482	-7.3466	-1.6724	0.66997	-1.4354	-0.79112	0.49326	0.85248	-3.9666	222.88	-106.07	-21.56	104.78	-57.62	51.526	-5.9879	-15.631	12.136	-27.459	-13.276	-10.54	-18.436
-2.6907	34.773	6.1476	-7.5977	8.682	0.24287	-2.8007	-4.7123	-1.5408	0.72436	-1.4784	-1.8072	0.7924	0.062855	-5.1023	-244.49	92.21	34.894	-45.272	134.47	-89.436	105.37	5.2638	2.1754	-1.7209	-40.644	11.966	-31.585
-2.982	31.92	3.7913	-7.5573	11.313	-0.017154	-1.6907	-4.1744	-2.0414	1.3086	-2.2291	-1.9523	0.76168	-0.79701	-11.655	-114.11	-94.252	1.6166	105.25	-10.401	44.402	21.514	-20.025	23.368	-30.03	-5.8027	-1.2288	-34.395
-3.4214	20.558	4.0708	-5.5489	11.099	1.6942	-2.0584	-3.9317	-2.4278	0.90772	-2.7018	-2.8245	1.5023	-0.824	-17.574	-454.49	11.181	80.336	-8.5715	68.453	-14.711	9.7074	-15.454	-16.034	-18.907	-34.89	29.627	-1.0794
-4.577	17.32	5.5039	-5.6746	10.191	3.7128	-2.8893	-2.4098	-1.7104	0.66332	-1.7897	-2.7098	1.2977	-1.121	-46.223	-129.53	57.325	-5.027	-36.315	80.745	-33.234	60.879	28.694	-9.7757	36.485	4.5895	-8.1861	-11.879
-5.338	9.001	0.57987	1.1253	6.7105	3.4286	-2.4651	-0.96473	0.84634	-0.77199	-1.4881	-1.3525	0.61151	-1.0467	-30.442	-332.76	-196.96	272	-139.22	-11.368	16.968	57.801	102.27	-57.412	12.061	54.291	-27.447	2.9716
-5.0301	17.96	-14.415	0.82987	4.3235	1.8764	-0.36667	-0.090313	1.3199	-1.1619	-1.3074	-3.0012	0.68398	-0.68997	12.318	358.34	-599.79	-11.818	-95.479	-62.09	83.937	34.977	18.944	-15.598	7.2283	-65.949	2.8991	14.268
-3.8616	22.718	-23.083	-2.0635	2.3636	2.8919	-0.19426	1.8319	1.816	-1.5924	1.8197	-0.63044	2.0649	0.78871	46.738	190.33	-346.73	-115.74	-78.396	40.622	6.8964	76.889	19.841	-17.219	125.09	94.832	55.235	59.147
-3.3575	23.226	-31.668	-1.7944	3.7448	2.8075	-0.84787	1.8369	1.4601	-1.4808	1.2301	-1.8231	0.65127	0.40774	20.166	20.316	-343.4	10.767	55.247	-3.3768	-26.144	0.20074	-14.235	4.4652	-23.585	-47.708	-56.544	-15.239
-3.0759	23.807	-30.651	3.264	5.6995	2.2291	-1.7059	0.61368	2.9169	-0.18782	1.7364	-0.79672	-0.92195	1.1925	11.261	23.248	40.697	202.34	78.19	-23.137	-34.321	-48.93	58.273	51.718	20.254	41.057	-62.929	31.391
-2.8528	30.729	-28.32	3.6048	4.4111	3.1922	-1.1347	1.8832	2.3399	-0.39055	1.5578	0.113	-0.17383	0.50462	8.9273	276.87	93.221	13.63	-51.537	38.522	22.85	50.781	-23.081	-8.1092	-7.1438	36.389	29.925	-27.517
-2.7188	27.932	-32.728	2.2715	3.5928	2.0019	-1.4589	0.76579	1.2036	-0.46811	2.6875	-0.44136	0.40519	0.26652	5.3567	-111.85	-176.3	-53.332	-32.732	-47.609	-12.969	-44.697	-45.45	-3.1023	45.186	-22.175	23.161	-9.524
-2.5621	31.183	-29.989	4.5673	4.3802	2.0135	0.20625	1.5103	1.9408	-0.55058	2.9891	1.0027	-0.646	0.62734	6.2688	130.03	109.54	91.834	31.499	0.46202	66.606	29.779	29.486	-3.2986	12.064	57.763	-42.048	14.433
-2.4348	32.752	-31.888	2.671	4.3595	3.572	0.26721	0.05651	1.3738	-0.45304	1.7438	0.89038	-1.178	0.095816	5.0932	62.771	-75.951	-75.854	-0.82811	62.341	2.4383	-58.15	-22.678	3.9015	-49.812	-4.4931	-21.282	-21.261
-2.2622	35.487	-30.297	-0.98414	3.6103	4.9422	0.76583	-0.53622	1.4242	-1.1743	1.6194	-0.2017	0.12688	-0.21437	6.904	109.37	63.627	-146.2	-29.969	54.808	19.945	-23.709	2.0127	-28.849	-4.9751	-43.683	52.197	-12.407
-2.5814	34.607	-26.585	-2.3836	5.6594	4.3052	-1.556	-0.4984	2.1751	-0.29428	2.6611	-0.7809	0.7557	0.6815	-12.769	-35.174	148.47	-55.98	81.965	-25.48	-92.874	1.5127	30.038	35.199	41.667	-23.168	25.153	35.835
-3.168	27.688	-22.16	-1.4936	4.8903	3.065	-0.28358	-1.4034	1.1764	-0.84496	3.1337	-0.64044	0.13375	1.0239	-23.465	-276.79	177	35.603	-30.764	-49.608	50.898	-36.201	-39.948	-22.027	18.906	5.6185	-24.878	13.697
-4.3932	15.488	-18.825	-3.3295	3.4189	-0.73671	-4.4662	-1.7124	1.9302	-0.60031	2.3092	0.046933	-1.0992	-0.23229	-49.006	-487.99	133.41	-73.438	-58.858	-152.07	-167.3	-12.361	30.153	9.7862	-32.98	27.495	-49.318	-50.248
-4.889	18.908	-2.4719	1.1629	5.1232	2.0346	-4.3319	-2.6074	1.0054	-1.9398	2.0088	-0.72098	-1.3996	-0.33091	-19.831	136.81	654.13	179.7	68.174	110.85	5.3729	-35.797	-36.994	-53.578	-12.015	-30.717	-12.015	-3.9448
-4.8463	9.3899	7.0704	-2.094	2.0492	3.6301	-3.3798	-3.2426	-0.91851	-2.415	1.9031	0.24007	-0.95463	-0.00039814	1.7073	-380.73	381.69	-130.28	-122.96	63.822	38.082	-25.411	-76.956	-19.011	-4.2299	38.442	17.798	13.22
-5.1153	14.075	8.7555	-4.3011	0.29393	5.3096	-2.5285	-3.0929	-0.85443	-2.7522	1.7863	-0.22624	-1.6194	-0.36068	-10.762	187.4	67.403	-88.286	-70.212	67.179	34.051	5.9902	2.563	-13.486	-4.67	-18.653	-26.591	-14.411
-5.6317	11.198	3.8448	-3.404	2.024	1.6887	-1.4256	-0.18759	0.10843	-2.5668	3.5155	0.74983	-1.488	0.080192	-20.654	-115.08	-196.43	35.885	69.201	-144.84	44.117	116.21	38.515	7.4147	69.165	39.043	5.2566	17.635
-6.4153	-15.123	6.4573	-0.88773	2.5889	4.3199	-1.0137	-1.2599	0.8044	-1.2776	1.8317	3.1765	-1.6497	-1.4083	-31.343	-1052.9	104.5	100.65	22.6	105.25	16.477	-42.892	27.839	51.57	-67.352	97.067	-6.4694	-59.541
-7.2402	-17.107	0.059983	11.546	-0.24503	8.0681	2.1945	-4.9973	4.4662	-2.4528	-1.3181	0.28017	-0.021195	-1.7902	-32.997	-79.335	-255.89	497.35	-113.36	149.93	128.33	-149.5	146.47	-47.01	-125.99	-115.85	65.141	-15.275
-7.4518	-8.6104	-0.35895	7.9141	-1.5785	7.8671	2.3761	-5.9757	3.1773	-1.6496	-0.9889	0.50426	0.44557	-3.0439	-8.4653	339.85	-16.757	-145.27	-53.338	-8.0366	7.2628	-39.136	-51.556	32.128	13.168	8.9633	18.671	-50.15
