-4.8415	2.9019	-14.596	-1.2768	-2.7041	-4.9399	-1.8648	2.4672	-1.0001	-0.091889	3.4779	0.4126	2.4829	0.11657	0	0	0	0	0	0	0	0	0	0	0	0	0	0
-5.787	-9.9065	-12.504	2.6003	8.6115	1.7067	2.5907	2.7605	0.39646	-0.61313	1.9802	-0.99709	-0.012227	-0.074609	-37.821	-512.33	83.703	155.08	452.62	265.86	178.22	11.731	55.861	-20.85	-59.908	-56.388	-99.803	-7.6471
-4.9422	-8.8337	-7.2231	5.9858	11.529	0.16831	-0.65821	3.1537	-2.1382	0.4726	-1.5187	-0.68382	0.11752	-0.19932	33.793	42.913	211.23	135.42	116.71	-61.534	-129.96	15.728	-101.39	43.429	-139.96	12.531	5.1901	-4.9886
-4.5367	-5.9147	-3.4368	4.2412	8.96	0.40682	-1.1221	4.7127	-1.7667	0.53498	-1.3268	-0.00029695	-1.128	-1.1487	16.219	116.76	151.46	-69.783	-102.77	9.5405	-18.556	62.361	14.857	2.4952	7.6771	27.341	-49.82	-37.975
-4.3178	-7.9601	-4.2716	4.0068	8.8754	0.76367	0.71632	5.8793	-1.7578	0.94926	-1.9452	-1.7429	-1.1587	-2.0577	8.7585	-81.814	-33.392	-9.3782	-3.3826	14.274	73.538	46.664	0.35914	16.571	-24.737	-69.703	-1.2292	-36.36
-4.5723	-12.491	-4.1528	4.8101	8.004	2.1054	0.026965	6.838	-0.9834	0.61485	-1.5584	-1.8968	-1.1921	-3.0775	-10.182	-181.22	4.7498	32.131	-34.857	53.667	-27.574	38.348	30.975	-13.376	15.473	-6.1578	-1.3339	-40.792
-4.7389	-18.039	-4.822	6.8397	8.3404	2.042	-0.35033	8.0965	-1.6892	0.46928	-1.6382	-1.1406	-1.4585	-2.7859	-6.6638	-221.94	-26.766	81.186	13.457	-2.5351	-15.092	50.338	-28.231	-5.8229	-3.1923	30.251	-10.657	11.665
-5.2069	-23.691	-7.9839	8.7453	7.9858	4.0958	2.0112	5.892	-0.69027	1.3211	-2.3308	-2.1808	-1.5819	-2.7453	-18.72	-226.08	-126.48	76.225	-14.185	82.154	94.459	-88.177	39.956	34.073	-27.706	-41.61	-4.9351	1.6244
-5.5626	-22.531	-9.7772	8.4091	8.2671	3.0053	2.6941	4.7894	-1.2402	2.8477	-2.0971	-1.8098	-0.14585	-2.5524	-14.229	46.397	-71.733	-13.447	11.251	-43.622	27.316	-44.105	-21.997	61.064	9.3512	14.842	57.441	7.715
-5.8702	-23.882	-10.462	8.7219	7.058	2.3892	3.5961	4.21	-2.355	3.0433	-0.082204	-1.6547	0.41875	-2.4787	-12.3	-54.012	-27.372	12.51	-48.361	-24.643	36.08	-23.177	-44.591	7.8261	80.594	6.2034	22.584	2.9458
-6.296	-27.514	-9.1962	10.059	7.6517	0.39784	3.2218	3.6616	-3.2485	1.6039	0.65377	-1.1384	0.064429	-1.1128	-17.035	-145.32	50.611	53.489	23.745	-79.654	-14.971	-21.934	-35.739	-57.579	29.439	20.65	-14.173	54.639
-6.3993	-28.729	-9.4675	9.7606	7.9718	0.75721	1.9892	3.1876	-3.3344	3.0575	0.17299	-1.3397	1.1683	-1.2776	-4.1316	-48.564	-10.852	-11.94	12.806	14.375	-49.305	-18.96	-3.4382	58.145	-19.231	-8.0518	44.157	-6.5948
-6.3064	-22.011	-9.5749	7.0329	6.5964	2.4194	1.7532	3.2386	-4.5339	1.9993	0.42281	-0.27594	1.9974	-1.131	3.7182	268.71	-4.2943	-109.11	-55.017	66.486	-9.4389	2.037	-47.979	-42.329	9.9928	42.551	33.163	5.8651
-6.1343	-17.751	-10.58	7.3508	6.8435	1.7783	1.6913	3.6854	-4.1528	2.0968	-0.10125	-1.4022	1.7945	-1.0689	6.8837	170.4	-40.225	12.717	9.8826	-25.641	-2.4738	17.873	15.242	3.8995	-20.962	-45.052	-8.1168	2.485
-5.2891	-10.258	-7.1039	4.9908	6.5592	1.2927	-1.0761	4.0477	-1.5255	0.58771	1.0344	-1.4146	-0.30605	-0.15817	33.807	299.72	139.06	-94.402	-11.371	-19.423	-110.7	14.492	105.09	-60.362	45.428	-0.49271	-84.022	36.428
-4.5484	-0.1346	-6.1866	2.2293	6.411	1.6957	-0.35887	5.9817	-1.8237	0.40306	-1.6465	-0.46612	-0.10738	-2.5868	29.626	404.93	36.694	-110.46	-5.926	16.119	28.688	77.359	-11.928	-7.386	-107.24	37.938	7.9468	-97.146
-3.5717	1.3663	-3.3586	1.1125	9.6082	1.3009	-1.4776	6.8906	-1.5124	-0.8855	-2.8999	-0.79647	-1.268	-2.8139	39.072	60.035	113.12	-44.672	127.89	-15.794	-44.749	36.358	12.449	-51.542	-50.137	-13.214	-46.426	-9.0828
-3.0073	3.9144	-0.7503	-0.37271	10.482	2.7518	-3.4702	5.493	-0.13428	-1.117	-5.1178	-0.18499	-0.94161	-3.0416	22.575	101.92	104.33	-59.41	34.937	58.039	-79.706	-55.904	55.126	-9.2619	-88.718	24.459	13.056	-9.11
-2.6601	8.8717	1.3885	-0.77981	7.8754	3.6012	-4.3922	3.9077	0.080875	-0.86179	-4.3967	0.35722	-1.5863	-3.4623	13.887	198.29	85.552	-16.284	-104.25	33.974	-36.877	-63.413	8.6061	10.21	28.846	21.688	-25.789	-16.825
-2.6038	7.04	3.9382	-2.3014	7.4044	3.8262	-2.588	1.7461	-0.53153	0.051273	-3.6716	-0.15841	-2.2697	-2.6618	2.2531	-73.268	101.99	-60.865	-18.839	9.0003	72.167	-86.466	-24.496	36.522	29.004	-20.625	-27.333	32.018
-2.6736	5.4151	5.3737	-2.4666	6.4422	4.6052	-2.496	1.3012	-2.5383	1.8067	-3.2024	-0.26958	-2.4208	-2.6502	-2.7911	-64.997	57.422	-6.6051	-38.491	31.16	3.6793	-17.793	-80.271	70.216	18.769	-4.4467	-6.0432	0.4649
-2.7908	6.3528	5.1702	-3.0489	4.147	5.6559	-0.52512	0.92432	-3.8621	2.1443	-3.2451	0.79437	-3.7188	-2.0395	-4.6902	37.508	-8.142	-23.295	-91.807	42.027	78.836	-15.077	-52.953	13.504	-1.7099	42.558	-51.924	24.43
-2.936	4.7602	6.1898	-4.0841	3.1149	6.2609	1.8401	-0.39266	-3.0768	1.4352	-2.8665	0.99581	-4.3751	-2.5067	-5.8073	-63.703	40.783	-41.405	-41.283	24.202	94.607	-52.679	31.412	-28.365	15.143	8.0577	-26.25	-18.69
-3.1777	-5.5888	8.0228	0.73502	1.5494	1.7926	2.6697	5.0969	-2.7488	-1.8152	-3.8498	2.1444	-4.1692	-2.4106	-9.6696	-413.96	73.321	192.76	-62.621	-178.73	33.186	219.58	13.121	-130.02	-39.33	45.942	8.2364	3.8435
-3.5312	-9.5172	9.5896	0.1852	-0.76967	3.4943	3.6792	5.5178	-3.7399	-0.88494	-3.8506	0.77433	-3.2824	-1.5293	-14.137	-157.14	62.675	-21.993	-92.763	68.068	40.379	16.836	-39.646	37.212	-0.031176	-54.801	35.471	35.252
-3.9233	-16.384	10.321	3.7997	-0.91393	0.52679	3.0708	6.2918	-3.2059	-1.377	-3.9312	0.68316	-1.9945	-0.68097	-15.687	-274.68	29.252	144.58	-5.7703	-118.7	-24.334	30.963	21.36	-19.683	-3.2235	-3.6468	51.518	33.934
-4.0639	-15.179	11.422	3.7893	-3.9267	0.23284	3.3672	6.1831	-3.801	-0.45736	-4.5517	0.52826	-0.12204	-0.24018	-5.6232	48.224	44.025	-0.4133	-120.51	-11.758	11.855	-4.3482	-23.802	36.787	-24.821	-6.1963	74.897	17.632
-3.887	-12.936	10.348	4.0472	-3.7402	1.1402	5.1866	3.8224	-3.6425	-1	-4.2166	0.27661	-0.69882	0.14332	7.0777	89.714	-42.954	10.315	7.4633	36.293	72.777	-94.431	6.3414	-21.706	13.404	-10.066	-23.071	15.34
-3.5393	-8.6723	10.319	3.772	-1.4987	0.13927	5.1459	3.6145	-5.2984	-0.73961	-4.3847	2.0104	-0.94763	-0.4043	13.906	170.54	-1.1293	-11.01	89.657	-40.035	-1.6293	-8.3145	-66.238	10.416	-6.7232	69.352	-9.9523	-21.905
-3.632	-3.7568	10.279	1.7969	-1.3042	2.3577	3.1113	1.8647	-6.1398	0.89688	-1.6026	2.2269	-2.1615	-0.65813	-3.7061	196.62	-1.6274	-79.004	7.782	88.738	-81.381	-69.992	-33.655	65.46	111.28	8.6598	-48.554	-10.153
-4.0618	-4.8878	6.9581	0.65883	-0.0188	4.2246	3.0768	-0.43712	-3.6583	3.7435	0.20985	1.6813	-2.0095	0.53335	-17.195	-45.237	-132.83	-45.521	51.416	74.676	-1.3794	-92.073	99.257	113.86	72.499	-21.824	6.0802	47.659
-4.7926	-3.9746	4.2081	-1.984	1.1063	3.3037	0.55326	-0.079328	0.96361	2.6248	1.0688	0.38882	-0.90502	1.9905	-29.23	36.526	-110	-105.71	45.004	-36.837	-100.94	14.312	184.88	-44.748	34.357	-51.699	44.178	58.284
-5.2352	-5.9223	0.8849	-1.6923	3.2141	1.9868	1.4406	-0.6446	1.8874	0.9855	1.7449	1.0077	-0.42359	0.35498	-17.706	-77.909	-132.93	11.668	84.31	-52.676	35.493	-22.611	36.953	-65.57	27.044	24.756	19.257	-65.419
-6.0339	-8.9815	-5.2155	-4.9568	3.316	2.8058	1.7772	1.0629	3.7758	1.0783	1.1348	0.94095	0.33941	-1.2058	-31.948	-122.37	-244.01	-130.58	4.0767	32.759	13.465	68.299	75.533	3.7105	-24.401	-2.6713	30.52	-62.433
-6.5332	-10.179	-7.5149	-3.155	5.2905	-0.77946	0.48675	2.0471	1.2705	-1.64	1.4865	0.89342	-0.37261	-0.51894	-19.971	-47.911	-91.977	72.073	78.979	-143.41	-51.619	39.368	-100.21	-108.73	14.065	-1.9012	-28.481	27.476
-6.5553	-8.6983	-7.2129	-2.1039	2.9031	-2.294	0.52127	1.2029	1.8197	-1.2712	2.3516	0.60357	-0.076452	-0.55026	-0.88484	59.242	12.08	42.044	-95.495	-60.582	1.3808	-33.767	21.967	14.75	34.603	-11.594	11.846	-1.2529
-6.5006	-6.948	-8.6906	-3.3881	3.6654	-2.2226	-0.5044	1.3426	1.3148	-1.1873	1.7541	-0.25877	0.71807	-1.4209	2.1895	70.012	-59.107	-51.37	30.492	2.8578	-41.027	5.5876	-20.195	3.3577	-23.9	-34.494	31.781	-34.824
-6.5627	-7.7877	-8.9027	-1.288	4.136	-0.94317	0.82069	1.3228	1.9542	-0.60743	3.0219	-1.526	-0.055447	-0.77606	-2.4863	-33.591	-8.4832	84.004	18.823	51.175	53.004	-0.79331	25.573	23.193	50.712	-50.691	-30.941	25.792
-6.5446	-8.196	-8.5693	-1.6377	4.5536	-1.1058	-1.5443	1.5708	0.89046	-1.2073	2.8983	-0.031336	1.1357	-1.0601	0.72582	-16.33	13.334	-13.987	16.705	-6.5061	-94.598	9.9227	-42.548	-23.994	-4.9417	59.788	47.647	-11.36
-5.8921	-8.7408	-8.1449	-0.93882	4.9034	-2.6001	-1.8844	2.3893	1.1267	-1.3921	2.4259	-0.81553	1.252	0.90517	26.101	-21.795	16.975	27.954	13.995	-59.771	-13.605	32.74	9.4487	-7.3945	-18.897	-31.368	4.6513	78.61
-4.5925	-3.6833	-5.7414	1.582	9.5989	-1.8448	-0.83682	3.2842	1.3857	0.67083	2.3201	0.98831	1.7152	-0.18537	51.984	202.3	96.143	100.83	187.82	30.213	41.903	35.794	10.359	82.519	-4.2341	72.153	18.529	-43.621
-3.0229	8.5753	-1.7452	4.6766	9.6358	-3.1411	-2.4902	3.0999	0.44691	-0.63388	0.32238	0.51233	-1.2884	-0.13825	62.781	490.34	159.84	123.79	1.4781	-51.852	-66.137	-7.3717	-37.55	-52.188	-79.907	-19.039	-120.15	1.8845
-2.2617	20.187	0.51373	4.5638	7.7619	-3.5869	-1.7435	-0.44815	-0.12469	-2.1817	-0.15603	-0.68612	-0.22187	-0.43252	30.448	464.46	90.359	-4.5151	-74.957	-17.833	29.87	-141.92	-22.864	-61.913	-19.136	-47.938	42.662	-11.771
-1.8669	26.395	1.8913	-0.39738	8.4751	-2.5533	-2.753	-2.6495	0.62038	-2.5858	-0.48348	0.50767	-0.17994	-0.15113	15.795	248.35	55.103	-198.45	28.529	41.342	-40.379	-88.054	29.803	-16.166	-13.098	47.751	1.6773	11.255
-1.7048	27.09	3.9141	-3.8335	9.6206	-2.6366	-3.5717	-3.2564	0.52211	-2.616	-0.54342	0.83794	1.4209	-1.362	6.4812	27.772	80.913	-137.44	45.817	-3.3304	-32.75	-24.276	-3.9309	-1.2073	-2.3978	13.211	64.033	-48.435
-1.6474	29.764	3.9637	-5.1012	10.484	-3.822	-2.4769	-5.2452	0.97141	-2.2897	-1.0348	1.2072	1.6346	-0.82586	2.2962	106.95	1.982	-50.709	34.538	-47.416	43.793	-79.55	17.972	13.055	-19.654	14.772	8.5463	21.446
-1.5269	30.621	3.9458	-4.8117	9.3131	-3.5967	-2.0762	-6.1069	0.80932	-2.2168	-0.87013	0.92445	1.8693	-0.31013	4.8217	34.285	-0.7144	11.581	-46.835	9.0142	16.029	-34.472	-6.4837	2.9147	6.5855	-11.311	9.3918	20.629
-1.4902	29.294	5.5644	-5.3578	7.4758	-1.4197	-2.733	-6.1403	0.32787	-1.0611	-2.654	1.9223	1.7048	0.01971	1.4678	-53.071	64.742	-21.845	-73.492	87.077	-26.274	-1.3355	-19.258	46.228	-71.355	39.915	-6.5829	13.194
-1.4785	30.652	5.1297	-5.1409	6.4528	-1.4735	-1.8103	-6.3805	-0.41071	-0.28569	-2.8256	1.5993	1.794	0.84264	0.46838	54.324	-17.388	8.6762	-40.922	-2.1493	36.908	-9.6063	-29.543	31.016	-6.8622	-12.923	3.5675	32.917
-1.4386	29.521	6.0806	-4.6508	4.728	-0.5772	-2.5202	-6.5727	0.088354	-0.063192	-2.8589	1.8151	1.8382	0.8969	1.5954	-45.254	38.036	19.603	-68.992	35.85	-28.395	-7.6881	19.962	8.9	-1.3333	8.6329	1.7685	2.1702
-1.3394	31.411	5.4744	-4.95	4.2215	-0.77908	-1.5582	-7.628	-0.15197	0.54163	-2.6272	1.862	1.599	1.3732	3.9687	75.632	-24.247	-11.967	-20.261	-8.0753	38.482	-42.214	-9.613	24.193	9.2689	1.8752	-9.5677	19.05
-1.3305	34.387	4.4759	-4.8071	3.949	-2.4647	-0.38545	-7.1993	-0.76123	0.69134	-1.9304	1.4775	0.82787	3.1045	0.35495	119.02	-39.94	5.7169	-10.897	-67.425	46.909	17.151	-24.37	5.9884	27.869	-15.377	-30.845	69.253
-1.3319	32.883	4.8743	-3.98	2.748	-1.7856	-1.9813	-5.4996	-1.5387	-0.23535	-0.49653	1.7129	-0.5179	3.9923	-0.056207	-60.161	15.936	33.084	-48.044	27.163	-63.834	67.988	-31.098	-37.068	57.357	9.415	-53.831	35.514
-1.6944	29.055	5.0818	-1.9642	1.5115	-0.6457	-1.2719	-6.3093	-1.7617	0.29058	-0.29788	1.3372	-0.48136	3.3297	-14.498	-153.1	8.2995	80.629	-49.456	45.597	28.378	-32.39	-8.9224	21.037	7.9459	-15.03	1.4618	-26.505
-2.6829	11.57	7.1731	-2.1582	-0.35075	-0.45009	-0.44579	-6.0433	-0.73163	0.31458	-0.43314	1.3716	-1.3404	2.216	-39.541	-699.43	83.654	-7.7567	-74.492	7.8243	33.043	10.641	41.204	0.96016	-5.4102	1.3768	-34.362	-44.546
-5.7268	-39.173	8.0003	2.4511	0.09142	3.2767	1.7539	-1.9409	-0.00076035	2.1422	0.42294	0.5029	-2.8273	-1.1946	-121.76	-2029.7	33.089	184.37	17.687	149.07	87.989	164.09	29.235	73.106	34.243	-34.747	-59.477	-136.42
-7.3262	-60.932	6.8359	5.4908	1.9698	8.0955	1.5966	0.79641	-0.45468	1.5847	0.43451	-3.1355	-2.3291	-1.5174	-63.974	-870.35	-46.578	121.59	75.135	192.75	-6.2913	109.49	-18.157	-22.299	0.46292	-145.54	19.928	-12.912
-8.0626	-65.945	4.5626	6.8379	2.2006	7.2949	2.9579	1.5958	-1.8966	0.77149	0.87302	-2.1229	-1.2154	-0.58843	-29.459	-200.52	-90.931	53.885	9.2313	-32.024	54.45	31.974	-57.676	-32.53	17.54	40.505	44.551	37.157
-8.7261	-72.4	1.7217	5.1637	1.1983	9.4947	4.1124	2.6803	0.020952	0.72236	0.5489	-1.5092	-0.13961	-1.486	-26.537	-258.19	-113.64	-66.97	-40.091	87.992	46.181	43.382	76.702	-1.9652	-12.965	24.546	43.03	-35.904
-10.156	-75.695	-2.4374	4.2352	-0.49202	6.7662	2.7044	1.702	1.8889	3.8365	0.58791	-1.0917	0.045263	-0.50986	-57.184	-131.81	-166.36	-37.138	-67.612	-109.14	-56.32	-39.132	74.72	124.57	1.5605	16.7	7.3948	39.046
-6.9787	-28.996	-9.2861	-4.568	-7.8819	0.76456	-0.69633	0.91714	0.15463	0.97006	1.8415	-0.86849	2.3872	0.40763	127.08	1868	-273.95	-352.13	-295.6	-240.07	-136.03	-31.395	-69.373	-114.66	50.144	8.928	93.676	36.7
-5.916	12.381	-9.4766	-5.6608	-8.2834	0.13538	-2.0408	0.52524	-0.29592	0.30532	1.4066	-1.4277	1.9138	0.37766	42.508	1655.1	-7.6213	-43.711	-16.061	-25.167	-53.778	-15.676	-18.022	-26.59	-17.398	-22.37	-18.933	-1.199
-4.7563	14.546	-4.7184	-2.7419	-5.3251	2.846	-1.0751	1.242	-0.26997	-0.14763	0.605	-2.0223	0.77891	1.2383	46.389	86.574	190.33	116.75	118.33	108.43	38.628	28.669	1.0378	-18.118	-32.062	-23.781	-45.396	34.427
-3.2512	12.776	4.0605	0.79248	-2.1666	0.61946	0.28327	-5.7454	-3.0008	-1.061	3.2516	-0.53463	-1.9092	2.4778	60.205	-70.794	351.16	141.38	126.34	-89.064	54.334	-279.49	-109.23	-36.536	105.86	59.506	-107.52	49.579
-2.7038	20.492	4.3317	-0.92977	-0.017089	-1.7126	1.9583	-7.1643	-2.0649	-2.2364	2.9055	-0.065092	-1.938	3.3828	21.893	308.63	10.846	-68.89	85.98	-93.283	67	-56.755	37.436	-47.015	-13.846	18.781	-1.1526	36.2
-2.6795	19.374	4.072	0.28459	-0.39496	-1.9359	0.80527	-6.0422	-2.149	-1.6011	2.3462	-0.9412	-1.9258	3.9471	0.97223	-44.721	-10.388	48.574	-15.115	-8.9324	-46.12	44.883	-3.3674	25.414	-22.37	-35.044	0.48762	22.572
-3.405	9.8666	5.0416	1.5413	0.97927	-1.1458	1.991	-6.1457	-0.40371	-1.5911	1.6735	-1.4451	-2.6092	4.5562	-29.019	-380.29	38.784	50.269	54.969	31.606	47.431	-4.1423	69.813	0.39805	-26.91	-20.156	-27.335	24.364
-4.1566	5.0865	-3.2172	0.90818	-0.68766	0.68931	0.57454	-2.0617	-0.68823	1.6485	2.4699	-0.84464	-1.0642	1.9617	-30.065	-191.2	-330.35	-25.326	-66.677	73.404	-56.66	163.36	-11.381	129.58	31.858	24.018	61.798	-103.78
-3.5923	8.7197	-19.128	-0.65973	-2.7614	-2.0971	2.2682	-2.5606	1.2733	1.6872	1.0914	1.3126	-0.064498	0.81282	22.572	145.33	-636.44	-62.717	-82.95	-111.46	67.747	-19.956	78.462	1.5507	-55.14	86.291	39.989	-45.955
-2.9778	12.701	-24.903	-1.3928	-4.2167	-3.3356	3.2889	-1.1948	0.53053	1.3274	-0.52914	1.4636	0.70073	1.1515	24.58	159.24	-231	-29.321	-58.212	-49.537	40.828	54.631	-29.711	-14.394	-64.823	6.0372	30.609	13.549
-2.5977	12.896	-24.655	0.97003	-3.5057	-3.796	1.3388	-1.9986	-1.7995	2.5622	-0.22805	1.0239	-0.038739	-0.56503	15.203	7.8298	9.9268	94.511	28.441	-18.418	-78.005	-32.153	-93.202	49.394	12.044	-17.587	-29.579	-68.663
-2.6803	13.285	-24.951	0.14003	-5.1303	-3.6653	2.6395	-1.9315	-0.06257	3.7041	-0.39553	1.3537	1.9713	1.0623	-3.3022	15.556	-11.838	-33.2	-64.982	5.2275	52.027	2.6846	69.478	45.676	-6.6995	13.192	80.4	65.094
-2.6999	16.654	-22.037	3.4877	-4.9983	-1.8357	0.73316	0.50343	-0.29366	3.2438	-1.1056	0.25129	1.9277	-0.54615	-0.78576	134.74	116.56	133.91	5.2787	73.184	-76.253	97.399	-9.2437	-18.415	-28.404	-44.096	-1.7406	-64.338
-2.9804	18.59	-23.005	1.7978	-5.5962	-1.9196	-1.4024	-0.2281	-0.83226	2.0075	-0.71491	0.089083	2.926	-1.3309	-11.219	77.423	-38.714	-67.597	-23.918	-3.3534	-85.421	-29.261	-21.544	-49.453	15.629	-6.4883	39.93	-31.39
-2.9221	17.923	-24.439	-0.10384	-6.2339	0.35606	2.5978	-0.13326	0.56623	3.0668	-0.29158	0.25984	2.2533	-0.86639	2.3336	-26.647	-57.342	-76.065	-25.507	91.026	160.01	3.7934	55.94	42.373	16.933	6.8301	-26.908	18.581
-2.9052	19.719	-23.944	2.8862	-7.6096	-1.8255	-0.69144	-1.5624	-0.71663	1.3648	0.3272	0.096775	2.345	-0.56404	0.67379	71.809	19.776	119.6	-55.028	-87.261	-131.57	-57.164	-51.314	-68.078	24.751	-6.5224	3.669	12.094
-2.8684	19.038	-23.408	0.40215	-8.5012	-0.14612	1.3671	0.97378	-0.37355	1.3215	0.21084	-0.6787	0.79545	1.1842	1.4718	-27.206	21.469	-99.363	-35.664	67.174	82.342	101.45	13.723	-1.7322	-4.6543	-31.019	-61.983	69.931
-2.5289	16.175	-25.308	1.3689	-8.9011	-0.57526	-0.98304	0.45048	-0.47922	0.17121	0.22255	-0.2509	0.98783	-0.90517	13.581	-114.52	-76.029	38.668	-15.994	-17.166	-94.006	-20.932	-4.2267	-46.012	0.46826	17.112	7.6954	-83.577
-2.5188	11.062	-28.14	2.0546	-11.938	1.2962	-0.47739	2.2051	0.36977	2.8212	1.2991	-0.80264	2.1286	-0.57017	0.40498	-204.52	-113.26	27.43	-121.48	74.858	20.226	70.186	33.96	106	43.061	-22.069	45.63	13.4
-2.2004	18.468	-24.662	0.37645	-2.8383	-0.075799	-1.538	4.566	-2.5173	2.8157	1.8998	-0.82939	1.6324	-0.29461	12.736	296.23	139.1	-67.127	363.99	-54.88	-42.426	94.437	-115.48	-0.22208	24.028	-1.0703	-19.845	11.023
-2.7092	31.294	-23.686	-5.4199	0.88687	-5.2817	-0.11616	1.5176	-1.299	-0.083553	2.165	0.1631	1.9237	-0.47399	-20.351	513.04	39.035	-231.85	149.01	-208.23	56.875	-121.94	48.733	-115.97	10.61	39.7	11.651	-7.1756
-2.9001	21.311	-13.833	-3.9462	0.38672	1.5507	-3.0312	2.481	3.5771	-1.8315	2.1137	1.4004	0.18783	-0.73009	-7.6386	-399.31	394.13	58.946	-20.006	273.29	-116.6	38.533	195.04	-69.918	-2.0541	49.493	-69.436	-10.244
-4.5456	8.6353	-16.061	-6.5575	-3.9484	-1.3958	-5.2233	1.4414	2.4068	-2.1841	2.5548	0.52531	-0.83329	1.2186	-65.817	-507.04	-89.094	-104.45	-173.4	-117.86	-87.684	-41.583	-46.81	-14.103	17.644	-35.005	-40.845	77.946
-4.3034	4.3617	-5.1818	3.7314	0.057865	0.42897	-0.77192	1.4804	0.18307	-0.34066	0.39047	-0.043982	1.5903	1.9128	9.6855	-170.94	435.15	411.56	160.25	72.992	178.06	1.5607	-88.95	73.737	-86.572	-22.772	96.946	27.769
-3.557	3.7234	9.9806	7.7805	-5.4592	-5.2701	-0.14109	2.4582	-0.93398	-3.0235	-0.58383	1.082	0.067681	1.2813	29.857	-25.534	606.49	161.96	-220.68	-227.96	25.233	39.109	-44.682	-107.31	-38.972	45.038	-60.907	-25.259
-2.714	4.9724	11.788	5.336	-6.2744	-8.1331	3.8663	-2.8772	1.2786	-3.3215	-0.82048	0.21101	1.465	-0.40593	33.721	49.962	72.299	-97.778	-32.607	-114.52	160.29	-213.42	88.502	-11.923	-9.4658	-34.838	55.894	-67.49
-2.708	8.2103	14.205	4.5718	-7.2313	-8.5521	5.5454	-4.3675	1.0941	-2.8063	-1.9016	0.84108	1.5438	-0.043397	0.23997	129.52	96.69	-30.57	-38.278	-16.762	67.167	-59.61	-7.3791	20.609	-43.247	25.203	3.1507	14.501
-2.1599	14.901	11.612	3.55	-6.8671	-7.1459	5.0267	-2.8768	-0.13845	-2.6436	-1.2466	1.3355	0.84258	0.40593	21.923	267.62	-103.74	-40.871	14.569	56.252	-20.75	59.627	-49.301	6.5073	26.201	19.777	-28.049	17.973
-1.8178	29.983	8.4317	-1.1675	-8.891	-4.8447	1.774	-1.8455	-0.76472	-1.5278	1.2889	2.9227	-0.24974	-0.25289	13.685	603.3	-127.2	-188.7	-80.956	92.048	-130.11	41.252	-25.051	44.633	101.42	63.486	-43.693	-26.353
-1.4973	33.361	10.029	-5.0704	-9.3566	-5.4977	4.6391	-6.3694	2.3276	-2.7379	4.2331	2.6071	-1.0247	-1.3323	12.818	135.11	63.912	-156.12	-18.624	-26.121	114.6	-180.96	123.69	-48.403	117.77	-12.62	-31	-43.176
-1.337	37.298	8.2145	-6.9131	-6.8265	-4.0765	3.9706	-7.901	2.8375	-1.7327	4.3663	1.2865	-1.3193	-0.58809	6.4148	157.47	-72.602	-73.708	101.2	56.848	-26.737	-61.265	20.395	40.209	5.3248	-52.825	-11.783	29.768
-1.598	37.621	7.5477	-6.515	-6.3216	-1.137	0.5082	-6.6782	1.008	0.9173	2.8791	0.70271	-1.8712	1.8028	-10.444	12.941	-26.67	15.924	20.199	117.58	-138.5	48.913	-73.179	106	-59.488	-23.352	-22.077	95.636
-1.5063	36.947	5.4934	-5.7166	-2.1316	-1.7326	-1.4305	-7.2022	1.9606	0.38325	1.2619	0.54984	-0.64994	2.7376	3.671	-26.975	-82.172	31.937	167.6	-23.823	-77.547	-20.96	38.105	-21.362	-64.685	-6.1147	48.852	37.392
-1.9046	34.007	4.835	-5.6845	1.2958	-1.9368	-2.0052	-7.4389	2.2593	-0.061749	-0.069452	-0.34559	1.4969	1.7675	-15.934	-117.6	-26.335	1.2853	137.1	-8.1706	-22.987	-9.4673	11.948	-17.8	-53.256	-35.817	85.875	-38.804
-2.1388	30.051	4.0621	-5.7297	4.5622	-2.0934	-2.9309	-4.8221	1.9019	-1.4293	-0.69808	-0.22899	1.221	0.31639	-9.368	-158.23	-30.916	-1.8118	130.66	-6.2631	-37.029	104.67	-14.299	-54.703	-25.145	4.6643	-11.04	-58.046
-2.3426	25.86	3.3673	-5.1545	6.8603	-0.81432	-4.1031	-3.3531	2.3049	-3.5388	-0.68237	-1.4345	1.2994	0.076616	-8.1529	-167.63	-27.792	23.01	91.923	51.164	-46.888	58.76	16.121	-84.378	0.62876	-48.222	3.1384	-9.591
-2.5963	20.47	2.1742	-3.0992	8.09	-0.8131	-3.4968	-2.5063	1.5792	-3.9779	-1.2338	-0.94524	1.1447	0.36255	-10.147	-215.63	-47.725	82.214	49.189	0.04888	24.253	33.871	-29.029	-17.565	-22.059	19.572	-6.187	11.437
-2.8178	15.109	2.7592	-3.0618	9.6108	-1.686	-2.8437	-1.3084	0.52593	-2.2172	-1.9015	-0.12916	-0.41893	0.90045	-8.8573	-214.41	23.403	1.4955	60.829	-34.915	26.121	47.915	-42.13	70.427	-26.707	32.643	-62.547	21.516
-3.0064	13.831	2.1074	-2.253	9.9895	-2.3066	-2.5372	-0.54085	0.1609	-1.1972	-2.4407	0.20839	-0.6771	0.25774	-7.5451	-51.117	-26.075	32.353	15.148	-24.826	12.261	30.702	-14.601	40.8	-21.569	13.502	-10.326	-25.709
-3.0652	11.303	5.2442	-4.4612	9.3426	-0.48747	-2.1858	-1.6571	0.71311	-1.0342	-3.0395	0.97662	-1.0832	-0.60937	-2.3521	-101.15	125.47	-88.328	-25.876	72.766	14.055	-44.651	22.088	6.5211	-23.948	30.729	-16.243	-34.684
-3.6749	2.5578	10.507	-5.1146	6.4279	0.66603	-0.3136	-2.5804	0.33421	0.39416	-1.9996	1.324	-0.90822	-1.9282	-24.39	-349.8	210.51	-26.136	-116.59	46.14	74.89	-36.929	-15.156	57.135	41.592	13.896	6.9976	-52.755
-4.9205	-36.554	11.187	1.2909	-0.26411	2.8724	0.37559	0.6472	-0.48511	0.83807	-0.91491	1.5119	1.7546	-1.4595	-49.824	-1564.5	27.187	256.22	-267.68	88.256	27.568	129.1	-32.773	17.756	43.389	7.5145	106.51	18.751
-7.3157	-56.295	9.4846	3.4661	-0.68465	6.8978	2.8433	3.4975	0.27947	-0.43108	-0.47893	-0.84842	0.1147	-0.89897	-95.808	-789.65	-68.077	87.007	-16.822	161.02	98.709	114.01	30.583	-50.766	17.439	-94.412	-65.597	22.42
-7.4243	-59.93	7.2345	4.999	-0.33792	7.1552	2.4994	3.1212	-0.071202	0.31335	0.060572	-1.4614	0.70947	-0.71826	-4.3449	-145.41	-90.004	61.317	13.869	10.296	-13.756	-15.049	-14.027	29.777	21.58	-24.52	23.791	7.2283
-7.8703	-66.122	6.7008	6.588	1.0721	6.3394	1.6122	3.3306	0.66884	-0.10001	0.71772	-0.87457	0.9248	-0.21869	-17.837	-247.65	-21.349	63.557	56.399	-32.634	-35.49	8.3744	29.602	-16.534	26.286	23.474	8.6134	19.983
-7.8903	-68.275	3.284	6	3.2981	7.0763	2.4519	3.0125	0.73632	1.5399	0.8074	-0.16445	0.71367	-1.1987	-0.79991	-86.114	-136.67	-23.518	89.041	29.478	33.59	-12.725	2.6993	65.597	3.5871	28.405	-8.4453	-39.2
-7.9176	-69.569	1.9594	5.4723	3.2152	7.9906	3.1588	3.933	0.84376	1.8503	0.96871	-0.023959	0.19298	-1.4029	-1.0933	-51.798	-52.981	-21.107	-3.3141	36.57	28.275	36.82	4.2977	12.415	6.4523	5.6196	-20.828	-8.1686
-8.0998	-69.606	2.712	5.5722	2.5734	8.4266	3.9351	4.6877	0.6318	0.79105	-0.79563	-1.6061	1.5295	-0.69279	-7.2874	-1.4752	30.104	3.9961	-25.673	17.439	31.051	30.187	-8.4786	-42.37	-70.573	-63.286	53.46	28.404
-5.8402	-17.904	-1.7915	0.25115	-4.8949	4.3916	0.75835	0.47962	-1.839	3.0979	2.7021	-0.76736	-0.67518	0.10474	90.383	2068.1	-180.14	-212.84	-298.73	-161.4	-127.07	-168.32	-98.833	92.275	139.91	33.55	-88.187	31.901
-2.7381	20.405	4.5588	-3.556	3.4284	2.5289	-3.2673	-1.8262	-2.0128	2.2194	-0.116	-0.46312	0.66066	1.2954	124.08	1532.4	254.01	-152.29	332.93	-74.508	-161.02	-92.231	-6.951	-35.142	-112.72	12.17	53.433	47.626
-1.6612	27.262	8.4343	-6.4743	5.3938	-3.8494	-1.5069	-6.4551	1.1205	-0.26684	-0.29898	-0.35177	0.78331	3.5215	43.075	274.28	155.02	-116.73	78.618	-255.13	70.415	-185.16	125.33	-99.448	-7.3191	4.4537	4.9062	89.046
-1.5222	26.427	9.6082	-6.8609	4.0825	-4.3076	-0.9874	-7.4026	0.54706	0.55026	-0.29541	0.12604	1.391	3.2391	5.5602	-33.411	46.954	-15.466	-52.455	-18.328	20.781	-37.902	-22.937	32.684	0.14265	19.113	24.306	-11.299
-1.8681	26.987	7.7956	-6.487	2.2212	-3.3983	-0.18938	-7.1862	1.5148	1.7594	-1.3797	0.98976	0.24687	2.971	-13.836	22.392	-72.505	14.958	-74.452	36.37	31.921	8.6583	38.711	48.365	-43.373	34.549	-45.764	-10.722
-2.3774	28.196	5.5907	-4.6228	-0.79119	-1.6875	-0.73141	-6.1461	1.5771	1.8855	-0.34674	0.98526	-1.2701	3.3845	-20.37	48.375	-88.193	74.567	-120.49	68.434	-21.681	41.603	2.4896	5.0451	41.319	-0.18011	-60.678	16.539
-2.246	29.67	5.8899	-4.0688	-4.3234	-1.1182	-0.85177	-6.0388	2.8989	0.35062	1.9871	0.53977	-1.7863	2.9455	5.2554	58.952	11.965	22.162	-141.29	22.773	-4.8145	4.2939	52.874	-61.396	93.355	-17.82	-20.65	-17.559
-2.2509	31.965	5.9847	-5.9935	-6.2074	0.87945	-2.4627	-4.504	2.3038	0.8078	3.618	0.067852	-2.426	2.4497	-0.19542	91.818	3.7953	-76.989	-75.361	79.904	-64.436	61.392	-23.806	18.287	65.233	-18.877	-25.585	-19.832
-2.0587	30.673	8.2527	-8.3437	-6.6814	-1.3586	-0.51691	-4.013	1.8481	0.15258	4.9022	-0.26654	-2.3404	1.4325	7.6872	-51.693	90.718	-94.008	-18.959	-89.524	77.83	19.641	-18.226	-26.209	51.369	-13.376	3.4242	-40.69
-2.3006	31.268	8.5034	-9.3019	-8.3941	-2.217	1.4504	-4.3274	3.3665	-1.8377	4.3303	0.32879	-1.1218	-0.92916	-9.6761	23.802	10.029	-38.328	-68.507	-34.336	78.693	-12.576	60.737	-79.613	-22.878	23.813	48.744	-94.465
-2.2545	27.656	8.8629	-7.9272	-9.3299	-4.1887	2.9708	-2.7305	2.9997	-2.7525	3.8657	0.71505	-0.39273	-2.0305	1.8458	-144.49	14.38	54.986	-37.433	-78.865	60.817	63.876	-14.673	-36.591	-18.581	15.45	29.161	-44.052
-2.6068	21.815	10.253	-5.0635	-11.259	-4.8555	3.5818	-2.6548	3.6842	-3.4076	3.6444	1.6789	-1.2878	-1.2949	-14.093	-233.61	55.601	114.55	-77.168	-26.674	24.438	3.0262	27.379	-26.205	-8.8531	38.554	-35.802	29.422
-2.7682	15.472	12.26	-3.6755	-11.223	-4.5552	3.4596	-2.0637	3.6908	-3.661	2.1627	2.7371	-0.8074	-1.2977	-6.4562	-253.74	80.297	55.52	1.453	12.01	-4.8864	23.645	0.26606	-10.135	-59.267	42.326	19.216	-0.11287
-2.9043	13.953	12.315	-2.0671	-9.7774	-5.2743	2.8757	-1.8288	3.3073	-3.8584	2.5795	2.1286	0.26453	-0.47213	-5.4431	-60.758	2.1885	64.336	57.818	-28.762	-23.356	9.3951	-15.342	-7.8957	16.671	-24.337	42.877	33.024
-2.7693	14.236	11.504	-0.036931	-9.6797	-5.9042	2.9519	-1.6603	3.7495	-5.0711	3.1163	2.0531	0.092064	0.656	5.3984	11.344	-32.454	81.208	3.9059	-25.195	3.0477	6.7398	17.688	-48.509	21.471	-3.0214	-6.8986	45.125
-2.7941	13.523	12.428	0.18477	-10.263	-4.8899	2.7928	-1.5001	3.4065	-5.3298	3.0083	1.7321	0.15208	0.90361	-0.98966	-28.555	36.985	8.868	-23.344	40.573	-6.3654	6.4104	-13.72	-10.345	-4.3178	-12.838	2.4005	9.9044
-2.8354	11.434	13.204	2.2667	-9.2019	-4.9567	2.0399	-2.2022	3.3811	-4.524	2.3338	1.9941	-0.53019	1.1563	-1.6524	-83.534	31.038	83.278	42.455	-2.6737	-30.114	-28.086	-1.0137	32.232	-26.981	10.477	-27.291	10.108
-2.828	10.817	11.915	3.2683	-9.0964	-6.1893	3.9358	-3.0052	3.3155	-4.1563	1.9393	2.3148	-0.54996	1.445	0.29661	-24.702	-51.554	40.065	4.22	-49.305	75.834	-32.119	-2.6265	14.708	-15.782	12.829	-0.79056	11.548
-2.8578	7.8723	12.352	3.2529	-9.2465	-5.2679	3.4466	-2.4794	2.8869	-4.6962	2.0101	1.7291	-0.07236	1.8096	-1.1949	-117.78	17.479	-0.61837	-6.0042	36.857	-19.567	21.033	-17.145	-21.599	2.8312	-23.425	19.104	14.582
-3.0859	3.6977	13.098	2.4703	-7.2706	-5.392	2.6558	-2.1254	3.1352	-5.5626	1.6358	2.7765	-0.96663	2.0437	-9.1229	-166.98	29.822	-31.301	79.037	-4.9632	-31.632	14.16	9.9352	-34.653	-14.969	41.896	-35.771	9.3665
-3.6485	-2.659	12.38	4.3186	-5.9295	-3.986	2.1112	-0.91241	2.3017	-5.0998	0.50439	2.7793	-2.0301	2.397	-22.506	-254.27	-28.73	73.931	53.645	56.239	-21.786	48.519	-33.341	18.511	-45.258	0.10847	-42.54	14.131
-4.2489	-6.0279	6.9213	6.0613	-6.1423	0.53909	0.29734	0.20331	-0.46136	-0.83799	-2.4076	1.072	0.07461	2.2806	-24.012	-134.76	-218.34	69.706	-8.5147	181	-72.553	44.629	-110.52	170.47	-116.48	-68.291	84.19	-4.6552
-5.5423	-6.3805	-0.3322	3.2538	-4.9694	3.471	-0.031832	2.6188	-1.631	2.0799	-2.2884	-0.15417	1.655	1.3217	-51.736	-14.104	-290.14	-112.3	46.917	117.28	-13.167	96.622	-46.786	116.72	4.7671	-49.046	63.217	-38.357
-6.4407	-9.3477	-9.9185	-1.0813	-5.2758	4.4782	0.025873	7.2344	-1.5314	3.1329	-0.35618	-1.3108	0.62143	-0.69289	-35.937	-118.69	-383.45	-173.4	-12.255	40.286	2.3082	184.62	3.982	42.12	77.289	-46.267	-41.344	-80.584
-6.3085	-0.60255	-16.717	-5.4875	-6.8503	1.4595	-2.3747	1.6796	-0.54174	2.3004	-0.24871	0.5844	1.6452	-0.14804	5.2871	349.81	-271.94	-176.25	-62.98	-120.75	-96.023	-222.19	39.588	-33.299	4.2987	75.809	40.95	21.794
-5.6604	-13.76	-25.214	-1.5833	-5.4463	4.0615	-0.24467	-0.0025615	0.43703	2.983	-1.0814	-0.6894	1.7864	-1.3512	25.924	-526.31	-339.9	156.17	56.159	104.08	85.201	-67.286	39.151	27.303	-33.309	-50.952	5.6471	-48.126
-4.5441	-19.185	-29.734	3.9328	-8.2187	-0.29973	1.5156	1.4158	-4.0261	3.22	0.36265	0.50981	2.3619	-0.67135	44.651	-217	-180.8	220.65	-110.9	-174.45	70.411	56.735	-178.53	9.4823	57.764	47.969	23.022	27.194
-3.7849	-7.7772	-28.124	6.5027	-6.363	-1.8256	0.61829	3.9766	-1.7497	3.6549	1.53	-0.55022	2.5572	-0.21786	30.369	456.32	64.424	102.79	74.229	-61.035	-35.893	102.43	91.058	17.395	46.695	-42.401	7.8103	18.139
-3.461	-2.3156	-29.485	5.0397	-7.1949	0.21555	3.4987	2.0253	-2.9766	2.9917	0.16625	0.87638	3.1065	0.0065711	12.956	218.47	-54.434	-58.519	-33.276	81.646	115.22	-78.055	-49.076	-26.53	-54.551	57.064	21.973	8.9772
-3.5085	2.3027	-27.744	2.3305	-7.8243	-0.74066	2.1677	2.9295	-2.509	3.8587	0.079823	-1.807	1.3651	-0.046868	-1.9008	184.73	69.613	-108.37	-25.176	-38.248	-53.24	36.168	18.704	34.681	-3.457	-107.34	-69.657	-2.1376
-3.3934	1.3227	-25.918	0.89535	-5.5309	-1.6991	1.7334	2.8398	-3.4187	4.13	1.3474	-1.245	2.3493	-0.47057	4.6052	-39.203	73.057	-57.406	91.736	-38.34	-17.372	-3.5854	-36.388	10.85	50.703	22.479	39.368	-16.948
-3.0013	1.7287	-28.488	-1.7578	-2.7732	-3.4758	1.8428	3.5384	-5.2519	3.1263	1.6254	-1.5972	1.3447	-0.59908	15.684	16.243	-102.78	-106.13	110.31	-71.068	4.3793	27.942	-73.33	-40.146	11.122	-14.088	-40.184	-5.1403
-3.1725	3.4152	-24.051	-0.24973	-0.83839	-2.5953	0.88911	3.8005	-5.0048	2.8939	2.6164	-0.88578	1.8025	-0.83085	-6.8485	67.458	177.45	60.324	77.393	35.222	-38.149	10.486	9.8835	-9.2955	39.64	28.457	18.312	-9.2707
-4.7292	-0.74879	-19.571	-3.1809	-2.6784	2.095	0.70865	2.8267	-4.1993	2.3542	3.2981	-1.1127	0.33721	0.98283	-62.267	-166.56	179.23	-117.25	-73.601	187.61	-7.2183	-38.955	32.222	-21.591	27.268	-9.0783	-58.61	72.547
-6.1829	-7.3432	-21.056	-6.8537	-6.7938	3.0571	-2.0581	-0.062569	-5.977	2.1392	4.4546	1.4593	0.3995	0.17925	-58.148	-263.78	-59.399	-146.91	-164.62	38.484	-110.67	-115.57	-71.109	-8.5996	46.257	102.88	2.4917	-32.143
-6.6446	-6.7496	-16.768	-11.797	-7.4532	3.1562	1.0859	1.1643	-5.1655	1.2972	2.1232	1.6435	2.1002	-1.3049	-18.468	23.744	171.5	-197.74	-26.375	3.9643	125.76	49.074	32.461	-33.678	-93.256	7.3663	68.027	-59.368
-7.3321	-17.322	-12.461	-6.3979	-5.7468	7.1671	4.5255	3.3291	-2.4119	-0.085366	2.1883	0.15852	2.7326	1.1975	-27.502	-422.88	172.28	215.97	68.256	160.43	137.58	86.593	110.15	-55.303	2.6063	-59.398	25.296	100.1
-7.0482	-14.766	0.089692	-2.4638	-2.8681	6.8919	1.6428	2.259	-3.1426	-0.61566	-0.17538	-0.99551	0.91253	0.27935	11.355	102.22	502.03	157.36	115.15	-11.006	-115.31	-42.803	-29.228	-21.212	-94.548	-46.161	-72.801	-36.726
-5.8373	-17.169	10.574	-2.0359	-5.4149	2.5588	0.94144	2.9623	-2.246	0.19208	-1.8822	-2.6505	1.8289	1.1093	48.438	-96.117	419.37	17.116	-101.87	-173.33	-28.056	28.129	35.863	32.31	-68.272	-66.198	36.655	33.197
-5.0059	-19.461	16.928	-0.65172	-7.5114	2.1206	0.92202	1.5947	-3.346	0.71994	-2.3797	-2.4925	2.4695	1.7346	33.255	-91.656	254.15	55.368	-83.862	-17.526	-0.77658	-54.704	-44.001	21.114	-19.899	6.3167	25.625	25.014
-4.1571	-11.595	18	-2.151	-9.2958	2.4395	2.8141	-0.93324	-3.8394	0.94064	-2.0798	-1.8558	2.9966	0.58946	33.95	314.62	42.889	-59.973	-71.378	12.757	75.685	-101.12	-19.736	8.8281	11.995	25.47	21.082	-45.807
-3.7924	-1.3745	17.454	-3.6739	-10.696	3.3614	3.8225	-2.343	-5.4303	2.7363	-2.2815	-1.0137	2.6299	0.45719	14.591	408.83	-21.842	-60.916	-55.996	36.876	40.334	-56.391	-63.637	71.826	-8.0696	33.683	-14.666	-5.2907
-3.2294	6.1149	15.887	-5.9245	-10.018	4.2657	5.0033	-4.7367	-4.7334	3.0146	-0.87757	-1.4568	1.9483	-0.72907	22.52	299.57	-62.674	-90.022	27.126	36.17	47.234	-95.748	27.878	11.133	56.158	-17.723	-27.267	-47.45
-2.9735	12.028	15.342	-6.8265	-10.872	6.3562	2.8423	-6.261	-3.2359	4.8273	-0.44377	-2.0492	0.78361	0.22757	10.235	236.52	-21.788	-36.079	-34.183	83.62	-86.443	-60.972	59.9	72.507	17.352	-23.695	-46.586	38.266
-2.613	17.339	13.378	-7.5905	-9.0545	6.7426	1.1641	-7.898	-0.81278	5.2771	-0.21558	-2.7152	0.20221	1.8643	14.421	212.43	-78.58	-30.563	72.706	15.454	-67.128	-65.479	96.925	17.994	9.1279	-26.64	-23.256	65.471
-2.6117	21.379	11.732	-8.5098	-4.815	4.1484	-0.31258	-8.2325	1.8318	5.001	-1.7145	-1.8083	0.77107	1.1882	0.050265	161.63	-65.846	-36.771	169.58	-103.77	-59.066	-13.382	105.78	-11.044	-59.955	36.275	22.754	-27.045
-2.6305	20.293	10.76	-7.7408	-1.8051	2.5776	-1.8556	-6.6891	1.8636	4.0432	-1.1888	-1.266	0.90261	0.51595	-0.75211	-43.461	-38.863	30.762	120.4	-62.83	-61.72	61.739	1.2719	-38.315	21.025	21.69	5.2616	-26.89
-2.8614	20.16	8.7809	-6.8965	1.0573	1.6662	-3.357	-5.5968	2.8802	2.8523	-1.3874	-0.83736	0.42938	0.15681	-9.2348	-5.2933	-79.165	33.771	114.5	-36.454	-60.057	43.692	40.662	-47.635	-7.9422	17.147	-18.929	-14.366
-2.9966	16.458	7.3401	-5.0732	4.44	-1.5291	-2.2929	-5.3439	3.9523	0.96308	-1.3846	-0.31896	-0.10867	-0.16553	-5.4071	-148.08	-57.631	72.932	135.31	-127.81	42.564	10.114	42.883	-75.568	0.11062	20.736	-21.522	-12.893
-3.2966	11.231	6.8133	-3.6695	6.874	-3.4509	-1.3151	-4.3554	2.964	1.441	-1.7147	-0.68611	0.46405	-2.2801	-12	-209.08	-21.071	56.146	97.359	-76.874	39.111	39.542	-39.529	19.115	-13.202	-14.686	22.909	-84.584
-3.6662	-2.3463	6.3838	2.0752	7.5938	-3.7725	-3.5888	-1.8506	2.9663	-0.05923	-1.2587	0.35405	-0.99303	-2.5262	-14.784	-543.11	-17.183	229.79	28.79	-12.866	-90.948	100.19	0.092606	-60.007	18.237	41.606	-58.283	-9.8444
-3.8412	-13.945	11.011	2.4526	4.2385	-0.97447	-4.0936	0.3202	2.631	-1.8182	-2.2619	-0.44386	0.10416	-1.9649	-6.9994	-463.96	185.1	15.096	-134.21	111.92	-20.189	86.833	-13.412	-70.357	-40.127	-31.916	43.887	22.456
-3.79	-17.453	14.089	3.7174	-0.54442	3.5748	-6.4328	0.44285	5.3381	-3.771	-1.9807	-0.25713	-1.5851	-0.86975	2.0455	-140.32	123.12	50.595	-191.32	181.97	-93.57	4.906	108.28	-78.112	11.25	7.4688	-67.569	43.804
-3.7209	-17.901	15.505	2.3129	-1.0547	4.1209	-6.3755	0.44172	5.8439	-4.7989	-1.2551	-0.38162	-1.9241	-0.54245	2.7656	-17.925	56.648	-56.18	-20.412	21.842	2.2937	-0.045164	20.234	-41.118	29.023	-4.9795	-13.561	13.092
-3.6984	-16.762	15.633	2.6691	-1.9913	3.5343	-5.9105	0.62376	5.8175	-4.7756	-1.1162	-0.69079	-1.4265	-0.65637	0.89852	45.581	5.111	14.244	-37.464	-23.462	18.599	7.2815	-1.0554	0.93268	5.5557	-12.367	19.903	-4.5569
-3.7359	-16.742	15.112	3.0509	-2.1932	3.2251	-4.7171	-0.012671	5.4261	-4.2556	-1.4016	-0.51064	-2.1902	-0.038106	-1.4973	0.78281	-20.832	15.272	-8.0759	-12.369	47.735	-25.457	-15.655	20.802	-11.418	7.206	-30.547	24.731
-3.7946	-16.44	14.527	2.5337	-1.635	3.5487	-5.0825	0.78526	4.5109	-3.9744	-1.252	-0.65986	-1.8884	-0.099491	-2.3487	12.085	-23.4	-20.686	22.328	12.943	-14.615	31.917	-36.607	11.245	5.9842	-5.9689	12.072	-2.4554
-3.8393	-11.866	10.528	3.4542	1.4184	-1.0022	-3.7113	2.6906	2.2277	-2.1172	-2.2857	-1.149	-0.78119	-0.73898	-1.788	182.98	-159.99	36.819	122.14	-182.03	54.847	76.215	-91.33	74.291	-41.346	-19.567	44.287	-25.58
-3.7403	0.95496	4.5857	2.1949	5.181	-3.5541	-3.5498	1.5923	2.7856	-2.7724	0.27106	-2.1969	-0.37606	-1.308	3.9579	512.83	-237.68	-50.373	150.51	-102.08	6.4608	-43.933	22.315	-26.209	102.27	-41.915	16.205	-22.759
-3.6548	4.9618	4.0974	2.372	5.4825	-4.4834	-4.2105	0.6693	3.258	-3.0017	0.82833	-0.6413	-1.2809	-1.2789	3.4197	160.27	-19.535	7.088	12.059	-37.169	-26.431	-36.92	18.898	-9.1712	22.291	62.225	-36.192	1.1631
-3.7981	6.3347	1.927	3.8164	6.2001	-6.29	-2.6299	0.45843	1.9856	-2.2348	1.2465	-0.99377	-0.23117	-2.173	-5.7308	54.917	-86.813	57.775	28.702	-72.264	63.226	-8.4348	-50.897	30.675	16.727	-14.099	41.988	-35.764
-3.7958	6.4073	-0.24579	4.821	7.6773	-6.7642	-3.2578	1.0476	1.717	-1.78	1.5246	-0.73804	-1.4789	-1.3278	0.09287	2.9021	-86.913	40.182	59.089	-18.97	-25.116	23.565	-10.744	18.191	11.122	10.229	-49.911	33.806
-3.9612	4.1335	0.064984	4.8733	6.8332	-6.0759	-2.253	1.1089	2.3781	-1.6048	1.319	-1.0188	-2.1223	-1.7013	-6.6169	-90.95	12.431	2.0939	-33.762	27.534	40.192	2.4552	26.445	7.0089	-8.2233	-11.23	-25.736	-14.939
-4.1188	0.60615	-0.057232	5.3439	7.2107	-6.4497	-2.2959	3.7539	1.1633	-1.5081	0.43222	-0.4375	-1.8537	-1.712	-6.3039	-141.09	-4.8886	18.823	15.099	-14.955	-1.7162	105.8	-48.595	3.8694	-35.47	23.252	10.745	-0.42726
-4.3731	-5.0046	0.58837	5.3009	8.8554	-6.4711	-3.2333	5.7797	1.2466	-1.6573	-0.24369	-0.86309	-2.5769	-0.052869	-10.172	-224.43	25.824	-1.7192	65.787	-0.85592	-37.496	81.033	3.3324	-5.9693	-27.036	-17.024	-28.929	66.365
-4.6308	-8.3469	-0.42525	6.2844	9.0323	-6.8166	-2.5677	5.2323	1.1019	-1.7536	-0.04211	-0.20801	-1.7244	0.53928	-10.307	-133.69	-40.545	39.339	7.0779	-13.818	26.624	-21.897	-5.7883	-3.8531	8.0631	26.203	34.101	23.686
-5.1363	-13.495	-0.312	5.3857	8.3942	-5.8998	-2.5046	4.9025	1.5609	-0.78484	-0.50353	0.64514	-1.2545	0.99914	-20.219	-205.94	4.53	-35.949	-25.524	36.672	2.5226	-13.194	18.36	38.752	-18.457	34.126	18.795	18.394
-5.5831	-22.901	6.2114	3.7436	4.0665	-1.4036	-3.5336	4.4663	0.27927	1.352	-1.1737	0.86289	-1.0676	1.5089	-17.875	-376.21	260.94	-65.685	-173.11	179.85	-41.158	-17.447	-51.264	85.474	-26.805	8.7099	7.4761	20.39
-5.6694	-27.924	9.5637	3.0453	0.57502	3.484	-6.5401	4.7679	1.6382	0.76245	0.5993	0.6092	-1.5881	2.4063	-3.4526	-200.94	134.09	-27.93	-139.66	195.5	-120.26	12.064	54.359	-23.582	70.918	-10.148	-20.82	35.896
-5.6209	-29.468	10.773	3.3096	-0.87125	3.6606	-6.2906	5.0745	1.4279	1.0211	1.131	-0.2	-1.3432	2.6948	1.9423	-61.769	48.362	10.57	-57.851	7.0657	9.9805	12.264	-8.4146	10.345	21.268	-32.368	9.7959	11.54
-5.6004	-31.625	11.536	3.356	-0.95787	1.5929	-3.6535	6.4734	2.3841	0.81242	0.51845	-0.56518	-2.0927	1.9808	0.82057	-86.25	30.54	1.8592	-3.4648	-82.708	105.48	55.957	38.25	-8.3469	-24.502	-14.607	-29.978	-28.557
-5.8406	-37.609	11.317	3.305	0.046777	3.3558	-2.1601	5.8712	2.724	-0.2651	-0.31569	-0.38047	0.50301	1.8451	-9.609	-239.36	-8.7688	-2.0399	40.186	70.514	59.736	-24.09	13.595	-43.101	-33.365	7.3886	103.83	-5.4289
-6.565	-36.597	7.3914	1.1283	-1.1954	5.1069	0.64253	3.7228	0.65022	-0.44938	-1.7583	-0.018211	1.9763	1.6678	-28.976	40.485	-157.03	-87.069	-49.685	70.047	112.11	-85.936	-82.952	-7.3711	-57.703	14.49	58.933	-7.0921
