-6.37880416666667 -15.245305125 -1.63074166666667 0.63388875 1.66421541666667 1.1231835 0.714388333333334 0.151762916666667 1.05750129166667 -0.540212125 -0.39480875 0.902152958333333 -0.527733166666667 0.3355763625 -41.650375 -780.994583333333 132.773156916667 59.0462708333333 33.866125 53.42775 9.92000416666667 7.84922083333333 7.00735833333333 28.8937083333333 -12.8133875 12.5739695833333 -23.7863666666667 0.987058333333334
-5.25002576086956 -3.3055014673913 3.27337411413043 -0.296753434782609 -0.126482046739131 0.126588361413043 -0.113423586956522 -0.116556343478261 -0.250401877173913 0.234292106521739 -0.00730779945652174 -0.0946827717391305 -0.0474557028804347 0.0960856483695653 -8.86330395706522 -109.709949456522 -23.1466403804348 13.5549720108696 22.3316806679348 11.6668528804348 -10.6035983152174 -0.898414347826087 9.79681625 -9.10402543478262 -2.31056298913043 -1.36879081521739 -0.758056358695653 1.8797335326087
-6.25399402985075 -9.88107895522388 -3.75425955223881 0.18926576119403 0.0222740597014926 0.83488128358209 0.12071786119403 -0.217191388059702 0.194175014925373 -0.268629611940299 0.0248853373134329 0.210647602985075 -0.187299432835821 0.0370716895522388 -20.4948998507463 -392.555373134328 -38.5946358208955 48.9864469701493 12.8234582089552 16.9294089552239 0.158231343283581 -1.84387313432836 -7.55284925373134 -6.45611492537313 -1.78025656716418 12.4536358208955 0.37403119402985 3.93659208955224
-5.48212222222222 7.81042222222222 -9.98628888888889 0.830993333333333 -0.936802222222222 -0.705962222222222 -0.328583777777778 0.995922222222222 -1.19816604444444 -0.894459888888889 0.970222222222222 0.676178555555556 0.602989777777778 0.130958333333333 -31.78522 -230.195333333333 -453.716666666667 153.112 174.637111111111 22.2756333333333 -10.475 4.24883333333334 -11.2306111111111 18.633 -21.1150555555555 22.347 -4.66823333333333 2.31806666666667
-4.36696118110236 6.80443259842519 2.67621716141732 0.389859688976378 -0.655385649606299 -0.848686938976377 -0.203330562992126 -0.0250329362204724 0.234599151181102 0.0157424433070866 0.076856440944882 -0.168299353543307 -0.0634149433070866 -0.181832578740157 2.22928084251969 71.5961278346457 -20.6599572677165 -13.3910244488189 5.7766840984252 -0.0524284251968499 -4.12015789370079 -3.41253577992126 5.92324354330709 -1.17498515748032 -2.04069437007874 -0.754702598425197 -1.23715216574803 1.39890681102362
-4.85672916666667 10.7669975 -5.37689833333333 -0.764429958333333 2.6278125 1.60281 -0.480311875 0.0287525416666666 0.225221666666667 -0.404184458333333 0.0118283333333333 -0.733126791666666 0.30717125 -0.0950265374999998 -1.40030416666667 235.291666666667 -301.177083333333 45.3962416666667 5.01102083333333 -23.42369 5.8176 20.4902708333333 25.3011791666667 -41.1835083333333 4.92718625 -4.09790666666667 14.2728333333333 -13.5479595833333
-4.38792266666667 6.45690826666667 -4.31085506666667 2.22821266666667 0.165653386666667 -0.6966886 0.14537276 -0.2205856 0.18459948 -0.20059792 -0.112906914666667 0.07183804 0.0500639333333334 0.168970298666667 19.3133502666667 321.982666666667 70.27044 -14.7581005333333 0.204088000000004 -26.5149901333333 -7.99996866666667 -16.9927990666667 2.08092333333334 -3.80527906666667 1.86846106666667 -0.7616736 -2.86120626666667 2.02406533333333
-7.50648285714286 -22.2898265714286 -17.4164325714286 0.708654571428571 1.3488116 1.91698108571429 1.33597774285714 1.49863371428571 0.442690657142857 -0.648026971428571 0.342500885714286 0.138756428571429 0.126211742857143 -0.131969542857143 -17.80716 -157.772845714286 -240.967257142857 -77.7586914285714 -31.1894817142857 -25.1136 2.42096114285714 27.5168971428571 9.80829 -2.2131 5.9781 -4.00706285714286 -5.76067714285714 -0.82405342857143
-4.7177 14.9553875 -6.00149275 -5.62405 -1.22673875 -2.0812 -0.533322375 0.59314 -0.73676 -1.37046825 0.97750625 -0.00827125000000003 0.3893455 0.68202625 319.345 3291 234.035875 -102.404375 30.292375 -187.9955 -52.29045 -110.3611625 -10.425375 14.18475 56.2199875 -46.4609875 1.4615 53.82125
-8.74265806451613 -38.4813425806452 -7.16859193548387 -0.737728064516129 1.36464451612903 3.06628580645161 1.3276435483871 0.608528387096774 0.0879277419354839 0.389557351612903 0.17321935483871 0.484310967741936 -0.0235913225806452 0.325803193548387 -80.2165454838709 -859.536451612903 -299.877548387097 -17.3303258064516 5.5198064516129 45.9236870967742 58.9802709677419 47.4589903225806 -4.00577419354839 24.862635483871 28.924564516129 17.821035483871 21.1159 -19.756335483871
-3.88406324786325 10.8835054017094 3.72315564102564 0.0605131623931623 -0.489378803418803 -0.713402333333333 0.0935611905982906 -0.530681632478632 -0.127715076923077 0.416355700854701 0.0374274111111111 -0.0986970555555556 0.135157299145299 0.056159358974359 -0.42114182051282 -74.8056853846154 69.3504128205128 12.9755399145299 -46.8943072905983 0.307772965811966 27.4753621367521 1.45015307692308 -12.3682992307692 14.0413682051282 3.3286647008547 -5.05062393162393 1.17138170940171 2.73272794871795
-5.83834285714286 -9.39508095238095 7.17745619047619 0.18766380952381 -0.0332947619047618 0.646698952380952 -0.220091428571428 0.020181619047619 -0.774971857142857 0.315216619047619 -0.582862904761905 0.325760857142857 -0.221745714285714 -0.0854795238095238 72.1303285714286 567.041428571428 541.255238095238 92.5189047619048 -44.8963285714286 -58.8894857142857 -38.1783714285714 -43.8837952380952 -58.8284952380952 7.65721904761905 -14.1581285714286 -27.4345761904762 -13.8288413333333 -7.23722380952381
-8.48942222222222 -43.5462666666667 -4.19641666666667 2.63608922222222 2.54869805555556 3.1271 0.998802222222222 1.54411861111111 0.0297890555555556 -0.398368888888889 -0.875270055555556 0.65143 -0.0870796111111111 -0.317964944444445 -132.696166666667 -1566.70555555556 -120.949222222222 42.6434 -19.3887611111111 111.426388888889 71.2806944444444 107.289944444444 -17.0972722222222 5.96376666666666 -17.3819888888889 27.0764694444444 16.6280222222222 -25.8916111111111
-4.41735142857143 12.9450885714286 -2.519998 -1.47494542857143 2.08468285714286 -0.281836857142857 -0.913295142857143 -0.437062971428571 -0.130221522857143 -0.0447962285714286 -0.402700857142857 -0.0865390285714285 0.406424422857143 -0.348633428571429 -2.62399142857143 -189.678971428571 273.738571428571 -21.2619125714286 0.000348571428572646 9.98991885714285 -1.28264857142857 -16.9652365714286 -6.7811 -3.59464457142857 -3.13480251428571 8.32635514285714 -1.83353428571429 -10.5886742857143
-5.10408461538462 9.63339423076923 1.25819961538462 -3.49953611538462 -0.718439230769231 0.0333196153846153 -0.781741923076923 0.491092307692308 -1.05419076923077 0.0526728846153846 -0.0858298846153846 0.468500769230769 0.0223784230769231 0.180873123076923 33.1112115384615 929.739230769231 -15.3955615384615 -76.9997692307692 -4.49016538461539 -44.54985 -44.2865692307692 9.15034230769231 -22.1576769230769 24.0908876923077 3.46543576923077 -11.0371730769231 14.2092538461538 -3.74670384615385
-5.66663846153846 -3.65611461538462 -1.89576153846154 -7.79725384615385 -3.12729461538462 0.508989230769231 -0.369038307692308 0.457119230769231 -0.773080769230769 -0.749622307692308 0.295933846153846 -0.419230384615385 0.177143615384615 0.300537846153846 184.568592307692 2015.43846153846 352.475384615385 -223.805230769231 -127.791769230769 -71.9192230769231 -45.7999453846154 -48.6378461538462 -1.54895384615385 -26.0362461538462 5.81383846153846 -10.4145692307692 4.65184615384615 17.8608769230769
