-1.0294	44.292	12.787	-8.1117	-0.16333	-6.0673	-3.2447	2.9772	-3.1995	-1.5991	-1.2483	2.3651	2.263	0.4032	0	0	0	0	0	0	0	0	0	0	0	0	0	0
-0.96575	46.557	11.545	-6.9207	0.53619	-6.1435	-4.471	4.3912	-3.5094	-0.99035	-2.8655	2.2113	2.4496	0.82336	2.5456	90.578	-49.667	47.64	27.981	-3.0458	-49.052	56.559	-12.398	24.349	-64.685	-6.151	7.4613	16.806
-1.332	40.345	12.396	-5.2752	1.2765	-6.1914	-3.9135	3.9588	-2.1985	-2.289	-2.6596	0.68101	1.8659	1.4384	-14.65	-248.47	34.02	65.82	29.614	-1.9191	22.3	-17.293	52.439	-51.948	8.2344	-61.213	-23.346	24.602
-2.1982	27.603	11.248	-2.4329	0.66102	-5.2249	-2.3906	2.6555	0.71532	-3.4379	-1.9641	-0.88742	1.5001	1.7649	-34.649	-509.67	-45.92	113.69	-24.621	38.661	60.916	-52.135	116.55	-45.956	27.818	-62.737	-14.634	13.058
-3.7636	11.366	5.0628	3.7217	-1.8689	-4.0376	-0.90459	0.79186	3.7683	-2.4963	-1.6337	-1.2208	0.75128	2.0295	-62.618	-649.48	-247.39	246.19	-101.2	47.493	59.44	-74.545	122.12	37.665	13.217	-13.336	-29.952	10.585
-5.9366	-2.6469	-6.1573	3.3642	-0.78744	-1.628	2.1533	1.3973	3.3557	-0.92189	0.19317	-0.54189	-0.82412	1.2182	-86.92	-560.52	-448.81	-14.3	43.259	96.382	122.32	24.218	-16.504	62.977	73.076	27.157	-63.016	-32.45
-7.3824	-3.9372	-15.636	0.86813	-1.0304	-1.3308	0.87192	-0.91668	3.4332	-1.8466	0.078865	-0.32483	-0.82069	0.66868	-57.831	-51.612	-379.15	-99.844	-9.7195	11.889	-51.256	-92.559	3.1002	-36.99	-4.5722	8.6824	0.13747	-21.983
-7.0364	7.6387	-14.125	-1.4869	-4.5361	-2.2428	-0.79306	-3.0957	3.0408	-2.4508	-0.42029	0.14514	-1.3613	0.78782	13.839	463.04	60.429	-94.201	-140.23	-36.478	-66.599	-87.16	-15.694	-24.167	-19.966	18.799	-21.624	4.7657
-6.7614	5.1047	-18.077	-2.1005	-6.0985	1.0842	3.6807	-1.0153	3.5952	-2.3355	0.42675	-0.47306	-0.95572	0.88275	11.003	-101.36	-158.08	-24.543	-62.497	133.08	178.95	83.215	22.175	4.6119	33.882	-24.728	16.223	3.7972
-7.0258	4.1192	-18.049	-2.5997	-3.595	1.4686	3.837	-0.64739	3.3525	-1.725	2.4948	1.7886	-0.43905	1.551	-10.576	-39.42	1.1332	-19.969	100.14	15.376	6.2514	14.716	-9.7087	24.422	82.722	90.466	20.667	26.731
-7.888	-10.975	-14.77	-2.2015	-7.1953	-2.7972	1.3427	-2.0391	1.4295	-1.6433	2.3075	0.67279	-1.537	1.3591	-34.491	-603.76	131.18	15.929	-144.01	-170.63	-99.773	-55.67	-76.918	3.2661	-7.4912	-44.632	-43.92	-7.6773
-9.7012	-35.368	-8.2566	-2.8566	-6.416	-4.0851	0.16123	-2.3308	2.2124	-0.83798	-0.56459	-1.0231	-1.6651	2.6028	-72.527	-975.74	260.52	-26.206	31.171	-51.517	-47.259	-11.668	31.315	32.214	-114.88	-67.834	-5.1229	49.75
-11.62	-61.894	-9.4784	-2.8292	-7.0496	-2.5978	0.59961	2.3557	4.1122	-0.40438	0.55072	0.01884	-1.3748	0.099472	-76.764	-1061	-48.873	1.0969	-25.341	59.492	17.535	187.46	75.989	17.344	44.613	41.676	11.611	-100.13
-12.939	-66.448	-12.215	-0.75422	-5.0023	-1.2394	2.0652	0.58375	2.7983	-2.7917	0.34017	1.0716	-1.5074	0.085751	-52.733	-182.15	-109.45	82.999	81.89	54.335	58.623	-70.877	-52.553	-95.492	-8.4221	42.109	-5.3038	-0.54883
-12.815	-70.724	-13.699	1.8068	-2.796	1.0939	4.0805	0.72306	1.4505	-2.1375	0.82177	0.1972	-1.4233	0.11151	4.9539	-171.04	-59.368	102.44	88.252	93.332	80.612	5.5725	-53.912	26.168	19.264	-34.975	3.3644	1.0303
-12.644	-66.179	-10.808	0.28067	-6.6351	0.33824	5.0897	2.2678	2.8006	-2.474	1.242	1.3653	-0.58534	0.068893	6.8382	181.79	115.65	-61.047	-153.56	-30.224	40.369	61.79	54.003	-13.46	16.811	46.723	33.519	-1.7046
-6.4568	-16.423	-1.9937	-1.2685	-10.477	-6.848	0.98877	-0.21955	2.7267	0.42013	-1.7844	1.2266	-2.8756	0.69054	247.48	1990.2	352.56	-61.969	-153.66	-287.45	-164.04	-99.495	-2.956	115.77	-121.06	-5.5478	-91.611	24.866
-5.2009	-6.1667	-0.99172	-0.89207	-11.363	-8.1585	0.73333	-0.15089	3.1928	1.0076	-2.4515	0.83491	-3.5199	0.47462	50.24	410.25	40.078	15.059	-35.435	-52.422	-10.218	2.7465	18.644	23.497	-26.686	-15.667	-25.771	-8.6367
-4.7359	12.405	3.8891	3.5138	-10.09	-8.1334	2.4477	-0.98114	1.616	-1.1072	-2.2383	1.7188	0.56678	3.3518	18.598	742.88	195.23	176.24	50.904	1.0053	68.576	-33.21	-63.071	-84.591	8.5281	35.357	163.47	115.09
-4.5953	14.573	0.87132	-1.2434	-7.2662	-2.8158	2.1115	-0.3008	1.2321	-3.1805	-0.50842	1.0874	-0.7253	2.602	5.624	86.697	-120.71	-190.29	112.95	212.7	-13.449	27.214	-15.358	-82.933	69.197	-25.258	-51.683	-29.992
-5.6612	12.517	-3.7748	-5.6415	-7.6349	-3.3428	2.4051	0.26235	2.4838	-1.1954	0.23201	0.22911	-0.9905	2.4322	-42.635	-82.221	-185.84	-175.93	-14.749	-21.08	11.744	22.526	50.067	79.406	29.617	-34.331	-10.608	-6.7918
-4.3023	4.9135	7.2196	2.631	-3.6979	-2.185	2.0647	-0.064165	3.149	-1.4511	-0.43268	0.44752	-0.50344	2.5847	54.353	-304.15	439.77	330.9	157.48	46.313	-13.616	-13.061	26.61	-10.227	-26.588	8.7365	19.482	6.1011
-2.6303	23.512	13.564	4.2744	-0.59506	-5.8188	-2.5955	0.6481	1.9825	0.65702	-2.0179	-2.1859	0.44267	0.83726	66.88	743.95	253.78	65.737	124.11	-145.35	-186.41	28.491	-46.662	84.323	-63.41	-105.34	37.844	-69.899
-1.6895	25.698	15.11	3.2853	0.44657	-6.9743	-5.3879	2.0272	0.48221	1.1433	-1.8301	-3.0644	1.8111	-1.2577	37.632	87.425	61.82	-39.563	41.665	-46.219	-111.69	55.163	-60.01	19.453	7.5127	-35.142	54.736	-83.798
-1.5463	21.297	15.362	6.1258	-0.90465	-6.1295	-7.3113	1.9282	0.65862	-0.15016	-0.19783	-3.374	2.5147	-2.3113	5.7317	-176.03	10.078	113.62	-54.049	33.792	-76.935	-3.9603	7.0562	-51.74	65.291	-12.382	28.146	-42.145
-1.4687	18.934	15.14	7.8548	-1.2922	-6.1227	-8.0317	1.5274	0.59913	-0.30071	0.18582	-2.8441	1.6537	-1.908	3.1015	-94.512	-8.879	69.162	-15.503	0.27032	-28.818	-16.03	-2.3796	-6.0218	15.346	21.195	-34.44	16.133
-1.3787	20.272	14.561	8.8169	-1.8656	-7.4753	-7.4332	1.007	0.73375	1.0392	-0.33877	-3.665	1.7442	-1.7711	3.6025	53.498	-23.158	38.481	-22.935	-54.104	23.938	-20.818	5.3848	53.598	-20.984	-32.836	3.618	5.4754
-1.2127	22.146	14.675	8.5535	-3.8053	-8.068	-5.1247	0.023317	0.79932	2.3081	-1.6999	-3.4699	1.6758	-0.57333	6.6381	74.967	4.5586	-10.534	-77.587	-23.708	92.34	-39.346	2.6227	50.752	-54.445	7.8048	-2.7338	47.911
-1.1704	22.925	15.513	8.1689	-5.4539	-7.394	-3.9063	-0.88389	0.74311	2.9416	-2.1645	-4.5891	2.3176	0.062072	1.6923	31.159	33.538	-15.383	-65.944	26.96	48.739	-36.288	-2.2483	25.341	-18.584	-44.769	25.669	25.416
-1.1922	25.217	15.759	6.6719	-7.8787	-5.7833	-3.0906	-0.42048	-0.58247	2.9019	-1.9607	-4.6003	1.8864	1.143	-0.87399	91.693	9.8413	-59.883	-96.991	64.43	32.626	18.537	-53.023	-1.5888	8.1526	-0.44705	-17.247	43.236
-0.98415	27.615	15.352	6.0251	-9.2173	-5.4025	-1.3054	1.2314	-2.9968	2.7311	-1.5515	-5.0731	2.5618	1.8268	8.3238	95.922	-16.293	-25.871	-53.545	15.23	71.407	66.075	-96.574	-6.8318	16.366	-18.912	27.017	27.353
-1.0354	29.062	15.437	6.052	-10.81	-5.3156	0.78884	1.9882	-6.0058	3.8221	-1.8266	-4.7875	1.9941	2.097	-2.0518	57.883	3.4213	1.0772	-63.704	3.4746	83.771	30.274	-120.36	43.64	-11.004	11.425	-22.708	10.807
-1.0894	29.056	15.681	6.1984	-12.397	-4.0998	1.884	2.4193	-7.6807	3.5373	-1.1589	-4.733	1.8259	2.0475	-2.1584	-0.25689	9.7586	5.854	-63.467	48.632	43.805	17.243	-66.996	-11.391	26.707	2.1776	-6.7289	-1.9789
-1.2276	28.513	15.429	5.7455	-11.929	-4.2626	2.8897	3.5449	-9.298	2.7239	-1.1323	-2.8182	1.3697	1.9135	-5.5275	-21.696	-10.104	-18.115	18.71	-6.512	40.227	45.023	-64.695	-32.535	1.0657	76.591	-18.246	-5.3604
-1.3637	29.311	15.271	3.8061	-10.671	-2.8584	2.9329	3.076	-8.7191	1.5111	-1.339	-1.0975	0.46702	2.1421	-5.4438	31.888	-6.3016	-77.576	50.306	56.171	1.7308	-18.754	23.158	-48.512	-8.2673	68.831	-36.109	9.1443
-1.8563	27.444	15.553	2.451	-9.6438	-0.85356	2.6761	2.5968	-8.6555	1.1213	-0.60375	0.12881	-0.67635	1.8821	-19.704	-74.649	11.265	-54.206	41.094	80.192	-10.273	-19.168	2.5433	-15.593	29.409	49.051	-45.735	-10.401
-2.4637	23.442	15.979	0.43298	-8.0343	0.35315	3.8357	0.3985	-6.7525	0.36643	0.39891	0.87866	-2.1063	1.9053	-24.298	-160.1	17.057	-80.719	64.381	48.268	46.383	-87.933	76.121	-30.194	40.106	29.994	-57.199	0.9277
-3.418	25.241	6.9901	-0.78169	-4.5084	2.1822	3.4296	-1.4948	-1.1459	-2.843	2.1055	0.41106	-1.3298	-0.79546	-38.173	71.952	-359.57	-48.587	141.03	73.164	-16.244	-75.732	224.26	-128.38	68.263	-18.704	31.061	-108.03
-4.5683	22.45	-6.3333	-1.0192	-1.0292	3.8296	1.8799	-1.3054	0.41876	-1.8949	2.2499	0.53111	-1.6402	0.10305	-46.01	-111.63	-532.94	-9.4993	139.17	65.893	-61.987	7.576	62.586	37.922	5.7764	4.802	-12.418	35.941
-4.8695	21.888	-17.14	-3.7166	-0.49722	7.0682	1.5434	-2.7354	-0.9823	-0.92024	2.1941	0.66255	-1.5229	-0.43571	-12.046	-22.469	-432.26	-107.9	21.279	129.54	-13.459	-57.2	-56.042	38.988	-2.2317	5.2578	4.6954	-21.551
-4.4731	25.33	-21.818	-3.2435	-0.050648	5.1383	-0.86616	-3.1156	0.66376	-0.92416	1.7012	0.90842	-0.94934	-0.72718	15.856	137.67	-187.12	18.924	17.863	-77.193	-96.384	-15.207	65.842	-0.15677	-19.717	9.8345	22.94	-11.659
-4.2556	26.418	-24.382	-4.295	0.080056	3.1206	-1.4312	0.0074721	3.4647	-0.59029	0.57254	0.74305	-0.80066	0.76992	8.697	43.522	-102.55	-42.061	5.2281	-80.708	-22.6	124.92	112.04	13.355	-45.146	-6.6145	5.9473	59.884
-4.1096	26.074	-22.741	-1.5551	2.7081	1.9778	-3.0127	-0.87822	2.8567	-0.31941	-0.39973	-0.28933	-0.64107	-0.40687	5.8432	-13.774	65.622	109.6	105.12	-45.714	-63.263	-35.428	-24.32	10.835	-38.891	-41.295	6.3838	-47.072
-3.9912	25.892	-22.665	-0.32839	5.7659	2.3806	-3.2003	-0.75224	1.8731	-0.85877	-0.90317	-0.52782	-1.0391	-0.37805	4.7363	-7.2726	3.0671	49.07	122.31	16.112	-7.5028	5.0392	-39.341	-21.574	-20.138	-9.5393	-15.922	1.1531
-3.7487	27.963	-23.386	-1.9019	4.5771	1.3631	-3.3441	0.48506	3.1455	0.23244	-0.32882	-0.40053	-1.4517	-0.45209	9.6999	82.83	-28.863	-62.939	-47.552	-40.698	-5.752	49.492	50.895	43.648	22.974	5.0915	-16.504	-2.9617
-3.7681	25.852	-24.959	-3.1884	5.0828	1.4418	-4.7138	-0.99531	1.3213	-1.3692	0.89306	0.51425	0.41797	1.4822	-0.7769	-84.416	-62.925	-51.46	20.229	3.1479	-54.788	-59.215	-72.969	-64.066	48.875	36.591	74.788	77.372
-3.5155	27.495	-22.585	-0.37045	6.5858	2.7022	-2.8858	-1.6537	0.79614	-3.3349	1.6142	0.7099	-1.8154	0.32087	10.105	65.728	94.986	112.72	60.117	50.415	73.12	-26.335	-21.007	-78.628	28.845	7.826	-89.335	-46.454
-3.4884	27.331	-22.649	-3.1327	4.8802	2.5754	-3.956	-0.17164	2.0762	-1.3368	0.66775	0.80905	-1.3187	-0.81946	1.0806	-6.5646	-2.5698	-110.49	-68.223	-5.0692	-42.805	59.282	51.202	79.924	-37.857	3.9658	19.869	-45.613
-3.8269	21.255	-23.321	-5.6945	2.1183	3.2771	-3.1473	-0.45701	3.0702	-1.4702	0.058573	-0.026942	-1.6911	0.33082	-13.539	-243.04	-26.89	-102.47	-110.48	28.067	32.348	-11.415	39.762	-5.3352	-24.367	-33.44	-14.896	46.011
-5.3474	8.8899	-17.831	-2.4158	3.8623	3.4324	-2.9068	-2.092	3.2509	-1.9397	-0.88788	0.73765	-0.1542	2.2705	-60.82	-494.62	219.58	131.15	69.762	6.2135	9.6182	-65.4	7.2271	-18.782	-37.858	30.583	61.475	77.586
-4.4917	10.847	-2.5882	0.76876	9.635	4.2295	-2.0785	-1.7643	0.98425	0.50651	-1.2492	-1.948	-0.19237	0.45357	34.226	78.273	609.73	127.38	230.91	31.883	33.133	13.108	-90.666	97.851	-14.452	-107.42	-1.5267	-72.676
-4.2819	18.687	3.3046	-5.0305	13.039	4.3648	-2.8717	0.99709	-2.3949	4.1419	-2.5153	-3.4725	1.3819	-0.22636	8.3955	313.62	235.71	-231.97	136.18	5.4113	-31.728	110.46	-135.17	145.41	-50.644	-60.983	62.971	-27.197
-3.7795	12.25	4.3811	-3.8538	12.114	4.9436	-2.6587	1.0892	-2.6182	3.9984	-1.636	-3.6924	1.9697	-0.38586	20.094	-257.47	43.06	47.067	-37.003	23.154	8.5204	3.6863	-8.9311	-5.7378	35.173	-8.7933	23.514	-6.38
-3.5538	21.426	1.5596	-4.5217	12.423	5.8737	-3.4836	1.3008	-3.6458	4.7298	-2.3478	-4.6924	2.8653	-1.1494	9.027	367.03	-112.86	-26.715	12.336	37.202	-32.999	8.4637	-41.101	29.256	-28.475	-40	35.823	-30.542
-3.5907	22.016	0.19896	-4.7492	12.464	6.0456	-3.3273	1.1404	-3.8662	4.9847	-2.3755	-5.083	3.4262	-1.5476	-1.4762	23.596	-54.425	-9.0981	1.6411	6.8772	6.2547	-6.4179	-8.8169	10.195	-1.1066	-15.627	22.434	-15.929
-3.9049	17.06	1.4348	-4.5452	11.84	5.8738	-2.6856	1.3675	-4.541	5.1314	-2.538	-5.2529	3.0852	-0.75023	-12.566	-198.25	49.432	8.1596	-24.955	-6.8747	25.666	9.0825	-26.991	5.8677	-6.501	-6.7928	-13.639	31.896
-4.5858	11.242	2.366	-4.4697	10.896	6.0819	-2.0836	0.71738	-4.0749	5.2454	-2.5464	-4.8991	2.6136	0.14245	-27.235	-232.73	37.249	3.0181	-37.737	8.3243	24.082	-26.003	18.644	4.5588	-0.33437	14.152	-18.864	35.707
-5.8383	-4.5778	5.0377	-1.3284	8.6422	4.4353	-0.19074	-0.47207	-2.2395	2.5569	-0.60472	-3.9857	0.2318	1.4168	-50.101	-632.78	106.87	125.65	-90.169	-65.865	75.713	-47.578	73.416	-107.54	77.667	36.537	-95.272	50.973
-7.6547	-30.297	-4.8999	-1.3249	3.4788	4.512	-0.023222	0.10509	-1.2668	2.6952	1.3526	-2.7211	-1.1815	3.6359	-72.656	-1028.8	-397.5	0.13938	-206.54	3.0695	6.7008	23.086	38.905	5.5313	78.292	50.583	-56.531	88.764
-11.32	-57.393	-8.0299	2.5752	-0.74113	3.5813	2.6603	0.89312	0.24308	-0.44655	1.6213	-1.404	-2.2103	1.5817	-146.62	-1083.8	-125.2	156.01	-168.8	-37.226	107.34	31.521	60.397	-125.67	10.749	52.683	-41.154	-82.167
-13.162	-75.034	-13.035	2.7295	-3.1489	2.3724	4.3673	1.5264	1.6934	-0.014327	1.7016	-0.59351	-1.146	0.75045	-73.658	-705.63	-200.21	6.1718	-96.31	-48.358	68.283	25.333	58.012	17.289	3.2126	32.42	42.574	-33.251
-13.601	-74.93	-14.029	2.028	-1.9417	0.86194	3.293	1.3568	2.9245	-1.4538	1.7741	0.35177	-1.4933	1.2987	-17.584	4.122	-39.733	-28.06	48.286	-60.418	-42.974	-6.7874	49.245	-57.58	2.8982	37.811	-13.893	21.931
-12.383	-68.821	-14.548	-1.4382	-2.9847	2.312	2.5864	0.54404	0.52286	-0.64363	1.627	-0.40896	-2.7103	1.1412	48.728	244.38	-20.766	-138.65	-41.718	58.004	-28.265	-32.508	-96.065	32.408	-5.8844	-30.429	-48.68	-6.3001
-9.5067	-42.062	-10.133	-3.7722	-3.0999	4.6141	1.5784	-1.1231	-2.1236	1.4219	0.87133	-0.78568	-1.4608	3.0219	115.05	1070.3	176.57	-93.36	-4.6097	92.081	-40.318	-66.684	-105.86	82.623	-30.226	-15.069	49.982	75.226
-7.917	-10.505	-6.5585	-1.9327	-2.429	2.3972	0.63026	-1.25	-2.3053	0.99882	0.69813	-0.46287	-1.8631	1.8346	63.585	1262.3	143	73.577	26.838	-88.675	-37.926	-5.0758	-7.2653	-16.925	-6.9277	12.912	-16.093	-47.494
-7.2038	2.997	-9.8089	-2.687	-1.4669	0.68634	-0.35493	-1.9413	-0.11259	1.3505	-0.23355	-0.46836	-1.2696	-0.32771	28.531	540.09	-130.02	-30.171	38.482	-68.433	-39.407	-27.655	87.707	14.066	-37.268	-0.21961	23.74	-86.49
-7.0261	3.2943	-7.09	-1.6586	-0.41965	1.6594	-0.96099	-3.4967	0.92345	1.6665	0.029967	-0.33234	0.31644	1.4182	7.1062	11.891	108.75	41.137	41.891	38.921	-24.243	-62.215	41.442	12.64	10.541	5.4411	63.442	69.835
-5.3479	2.5917	0.53611	1.9117	1.4439	4.1451	-1.2268	-1.7305	-1.1699	1.9996	-0.73255	-2.7191	-0.20925	1.1257	67.13	-28.102	305.05	142.81	74.542	99.43	-10.632	70.648	-83.735	13.325	-30.501	-95.47	-21.028	-11.7
-3.699	22.554	9.9876	-4.9712	4.6332	2.3965	-1.3507	-0.78357	-3.9077	2.968	-2.263	-1.0716	0.016488	-1.1386	65.956	798.49	378.06	-275.31	127.57	-69.946	-4.9562	37.877	-109.51	38.738	-61.218	65.899	9.0297	-90.573
-3.4847	24.329	10.9	-7.0278	5.5771	1.0109	-0.96212	-2.0411	-4.3684	2.8622	-2.071	-0.93517	0.38609	-0.85398	8.5712	70.979	36.488	-82.265	37.757	-55.421	15.543	-50.3	-18.428	-4.232	7.6794	5.4572	14.784	11.386
-4.4662	16.487	10.45	-8.9232	4.9604	-0.0053846	-0.55495	-0.81247	-3.8326	3.3386	-0.47271	0.15959	0.94355	-0.68187	-39.261	-313.65	-18.004	-75.816	-24.669	-40.653	16.287	49.143	21.434	19.055	63.933	43.79	22.298	6.8844
-5.9359	-15.325	11.236	0.0074164	2.2687	5.8005	-1.2179	-1.6516	3.4771	-0.38242	-1.3468	1.8607	1.2357	-2.5969	-58.788	-1272.5	31.458	357.22	-107.67	232.24	-26.517	-33.567	292.39	-148.84	-34.965	68.044	11.685	-76.599
-6.1479	-11.979	11.994	-1.9937	0.71398	6.3953	-2.4298	-2.4973	4.7807	-1.0812	-2.4419	3.8755	0.9569	-2.4375	-8.4782	133.81	30.309	-80.046	-62.188	23.789	-48.475	-33.826	52.142	-27.95	-43.803	80.592	-11.151	6.3729
-6.2042	-11.416	10.987	-0.54483	0.73001	5.2496	-0.89014	-2.0456	4.3272	-0.014818	-2.2089	3.2392	-0.11256	-3.4888	-2.2548	22.534	-40.293	57.956	0.6411	-45.828	61.585	18.067	-18.139	42.654	9.3226	-25.451	-42.778	-42.051
-6.3899	-16.382	9.7443	1.7879	-0.062659	7.2598	-1.0041	-2.0775	4.5182	-1.3185	0.29875	2.5071	-1.5899	-2.7857	-7.4253	-198.62	-49.69	93.31	-31.707	80.41	-4.5592	-1.2746	7.6426	-52.149	100.3	-29.284	-59.095	28.124
-6.1006	-10.44	5.0558	2.3221	-0.24263	1.8007	3.922	-1.0293	1.9724	0.75513	0.87216	0.084955	-1.936	-1.1435	11.569	237.66	-187.54	21.366	-7.1989	-218.36	197.05	41.927	-101.83	82.947	22.936	-96.886	-13.845	65.689
-5.7921	6.1819	6.2289	-0.54365	0.17628	0.51471	2.4449	-2.1081	0.54493	2.1288	2.0311	-1.0297	-2.8215	1.3111	12.342	664.88	46.923	-114.63	16.756	-51.441	-59.084	-43.15	-57.099	54.947	46.356	-44.588	-35.417	98.181
-5.4895	7.0746	3.503	-4.7919	0.94611	1.3141	0.26507	-0.078596	1.3994	1.9646	1.7826	0.55523	-2.9259	1.3883	12.102	35.709	-109.03	-169.93	30.793	31.974	-87.194	81.179	34.177	-6.568	-9.9372	63.399	-4.1781	3.0892
-5.453	8.9856	3.0599	-4.223	-0.8093	1.6784	0.25288	1.3059	3.4217	2.4099	0.07118	-0.88361	-4.1726	1.2427	1.4613	76.439	-17.725	22.756	-70.216	14.574	-0.4876	55.378	80.892	17.81	-68.458	-57.554	-49.867	-5.8221
-5.3706	9.113	1.9703	-3.0206	-0.46931	2.9774	1.6333	2.7054	2.9037	2.4437	-0.48265	-2.355	-3.5638	0.67487	3.296	5.0968	-43.585	48.097	13.6	51.961	55.217	55.98	-20.719	1.352	-22.153	-58.854	24.352	-22.715
-5.0309	14.531	1.2947	-2.6885	1.3202	2.5088	0.1966	0.92732	2.2935	1.8343	-0.17448	-1.7561	-2.3276	1.2967	13.586	216.72	-27.026	13.284	71.581	-18.746	-57.468	-71.121	-24.408	-24.374	12.327	23.954	49.447	24.872
-3.9527	20.321	3.1244	-2.1572	3.5885	0.22003	-1.3964	0.53114	-0.66623	1.5264	1.8752	-0.96321	-1.9799	1.5161	43.13	231.6	73.188	21.25	90.732	-91.55	-63.721	-15.847	-118.39	-12.316	81.987	31.716	13.908	8.7786
-2.7383	32.404	8.1901	-6.4803	-1.2461	1.4929	-2.1994	-0.27917	1.3705	3.6227	0.15479	-0.63392	-0.96317	1.0536	48.577	483.34	202.63	-172.92	-193.39	50.914	-32.118	-32.412	81.468	83.853	-68.816	13.171	40.669	-18.501
-2.007	43.422	10.02	-10.511	0.6278	0.79524	-3.2048	0.52755	-1.8895	4.3094	0.38444	-0.69501	-0.8865	0.47428	29.253	440.73	73.207	-161.22	74.957	-27.906	-40.217	32.269	-130.4	27.468	9.1861	-2.4433	3.0666	-23.172
-1.7675	49.641	9.2219	-11.515	3.1778	-1.97	-1.9778	-0.94082	-1.6875	3.7651	0.53654	-0.17724	-0.88832	-0.017921	9.5799	248.74	-31.933	-40.176	102	-110.61	49.08	-58.735	8.0767	-21.773	6.0841	20.711	-0.07274	-19.688
-1.8244	40.427	12.624	-8.9862	0.80857	-0.58016	-3.5257	-0.92835	-1.6001	4.5297	0.2761	-0.34167	-0.43766	-0.21601	-2.2795	-368.56	136.1	101.16	-94.77	55.594	-61.915	0.49907	3.4958	30.581	-10.418	-6.5771	18.027	-7.9235
-2.2475	28.81	13.298	-7.161	0.50657	-0.29197	-3.2647	-1.0693	-2.4606	4.5996	0.97014	0.68103	-0.47355	-0.43398	-16.92	-464.7	26.935	73.008	-12.08	11.528	10.437	-5.6361	-34.417	2.796	27.761	40.908	-1.4356	-8.7189
-2.664	27.841	13.49	-6.2731	-0.99661	-0.84103	-1.575	-2.144	-1.5991	3.8244	0.6824	0.45954	0.18479	-0.54715	-16.662	-38.737	7.7004	35.517	-60.127	-21.962	67.59	-42.99	34.458	-31.005	-11.51	-8.8597	26.334	-4.5268
-2.5221	27.736	13.658	-6.0426	-2.8435	-0.72536	-0.75679	-2.0145	-1.9437	2.8725	1.8969	0.69412	0.5666	-0.90032	5.676	-4.228	6.7292	9.2209	-73.877	4.627	32.728	5.1791	-13.783	-38.076	48.582	9.3833	15.272	-14.127
-2.6573	26.222	13.819	-5.234	-2.8211	-1.9479	0.083828	-1.4043	-2.2868	1.7349	2.902	0.94546	0.32826	-1.4832	-5.4084	-60.546	6.4188	32.343	0.8977	-48.902	33.625	24.409	-13.723	-45.507	40.204	10.053	-9.5336	-23.316
-2.6814	25.421	13.937	-4.4196	-3.2647	-2.949	0.4234	-0.63128	-1.8329	1.1114	1.7377	0.50206	0.76885	-0.80369	-0.9639	-32.045	4.74	32.575	-17.742	-40.042	13.583	30.92	18.156	-24.937	-46.573	-17.736	17.624	27.181
-3.0192	22.331	16.383	-5.1384	-3.0767	-3.4509	0.051353	-0.20384	-2.5057	0.10791	1.1806	1.9791	1.1013	-0.31655	-13.512	-123.59	97.82	-28.753	7.5176	-20.08	-14.882	17.097	-26.915	-40.141	-22.285	59.081	13.298	19.486
-3.4658	10.832	15.603	-1.1456	-3.4708	-1.8795	-0.9618	0.67275	0.68199	-1.8295	-2.3214	0.98918	2.344	0.15639	-17.864	-459.94	-31.199	159.71	-15.764	62.856	-40.526	35.064	127.51	-77.498	-140.08	-39.596	49.708	18.918
-4.1353	2.8814	16.846	0.71729	-1.7011	-5.6498	-0.61757	1.1185	1.654	-1.6718	-2.7632	-0.35762	3.1254	1.9393	-26.778	-318.04	49.722	74.514	70.789	-150.81	13.769	17.829	38.882	6.3077	-17.674	-53.872	31.258	71.315
-4.844	-7.6144	13.735	1.6042	-4.6624	-1.9144	0.94565	0.48496	2.3652	-0.67205	-0.46312	0.32882	1.338	1.7084	-28.349	-419.83	-124.45	35.476	-118.45	149.42	62.529	-25.34	28.445	39.992	92.004	27.458	-71.499	-9.2334
-6.4654	-15.632	10.001	3.8835	-1.2409	-2.0083	0.89073	0.8132	2.7396	-1.9693	-0.53618	0.39327	-0.16505	0.76527	-64.855	-320.72	-149.35	91.174	136.86	-3.7545	-2.1969	13.13	14.977	-51.89	-2.9222	2.5781	-60.121	-37.727
-6.7255	-12.059	8.2192	2.4278	-1.1164	0.42445	0.79661	0.95626	2.6667	-4.7526	-0.21575	1.7707	0.46617	-0.11601	-10.404	142.95	-71.275	-58.228	4.9819	97.309	-3.7647	5.7225	-2.9145	-111.33	12.817	55.099	25.249	-35.251
-6.5744	-12.247	10.225	2.3183	-2.0123	0.26502	2.2935	-0.10177	1.3506	-2.4708	0.060477	1.8471	0.21449	0.59136	6.044	-7.536	80.228	-4.3802	-35.837	-6.3772	59.876	-42.321	-52.644	91.274	11.049	3.0538	-10.067	28.295
-5.9508	-13.501	11.327	2.1436	-2.3841	-0.67973	1.5445	1.2997	2.5965	-0.42995	-0.94104	-0.017423	-0.17268	-0.36649	24.941	-50.172	44.065	-6.9907	-14.872	-37.79	-29.96	56.06	49.835	81.633	-40.061	-74.581	-15.487	-38.314
-5.1672	-3.2432	13.051	1.9746	-3.969	-2.7535	1.3673	2.2068	-0.21457	-0.060032	-0.79644	0.55357	1.5006	0.38758	31.346	410.33	68.978	-6.7583	-63.396	-82.953	-7.0866	36.284	-112.44	14.797	5.784	22.84	66.931	30.163
-4.7891	5.9053	12.443	1.8057	-5.3282	-2.7752	0.34559	2.7926	-0.26867	-0.89671	-0.51912	1.8163	1.6837	-0.58051	15.124	365.94	-24.326	-6.7567	-54.369	-0.86742	-40.87	23.432	-2.164	-33.467	11.093	50.509	7.3242	-38.724
-4.7683	5.799	10.711	2.8499	-3.7404	-2.8764	1.4646	4.1279	-2.9004	0.37266	0.83435	-0.55922	1.4699	-1.0265	0.8332	-4.2488	-69.262	41.77	63.513	-4.0484	44.76	53.411	-105.27	50.775	54.139	-95.021	-8.5508	-17.84
-5.2742	1.1597	9.5665	2.4737	-1.0248	-3.0997	2.0826	3.7701	-2.5275	-0.19474	1.176	0.84818	0.46493	-1.5684	-20.238	-185.57	-45.789	-15.051	108.62	-8.9303	24.72	-14.312	14.917	-22.696	13.665	56.296	-40.2	-21.677
-5.9168	-7.2988	8.8581	2.2532	0.46492	-0.72274	0.06193	3.4884	0.73158	-1.7997	0.63698	1.8555	-0.73941	-0.32468	-25.706	-338.34	-28.337	-8.8188	59.591	95.079	-80.827	-11.267	130.36	-64.2	-21.56	40.291	-48.173	49.751
-6.6439	-14.986	-3.1491	9.3277	0.66652	5.9911	-0.073218	-1.193	6.102	-4.231	-0.086808	1.8612	-1.8963	-0.12176	-29.08	-307.47	-480.29	282.98	8.064	268.55	-5.4059	-187.26	214.82	-97.251	-28.951	0.23093	-46.276	8.117
-7.0316	-22.823	1.276	11.04	2.2674	4.3406	0.51716	-1.3416	4.009	-3.0532	-0.68491	2.5609	-1.831	-2.0221	-15.51	-313.48	177.01	68.488	64.035	-66.022	23.615	-5.9449	-83.72	47.113	-23.924	27.988	2.6112	-76.015
-6.9951	-27.342	6.9769	9.7342	1.4217	2.5067	0.71738	-1.6396	3.7664	-1.2212	-1.8922	3.2466	-1.17	-1.4933	1.4576	-180.77	228.04	-52.227	-33.829	-73.353	8.0088	-11.919	-9.7034	73.278	-48.29	27.425	26.44	21.154
-7.0218	-31.834	6.4158	11.002	2.1101	2.2693	0.93514	-2.0623	4.1686	-1.2473	-2.0497	2.9797	-1.2695	-0.78373	-1.0676	-179.67	-22.444	50.706	27.539	-9.4957	8.7102	-16.91	16.087	-1.0436	-6.3026	-10.673	-3.9792	28.382
-6.4063	-17.429	7.1486	3.5763	0.47899	1.0864	1.1996	1.8893	1.5588	-2.4395	-0.1803	2.3868	-0.60103	0.69346	24.621	576.16	29.315	-297.02	-65.246	-47.317	10.577	158.07	-104.39	-47.687	74.777	-23.717	26.74	59.087
-5.278	6.9878	7.7017	-0.1764	-0.092284	-2.8786	1.595	2.8995	-0.96677	-1.2548	1.343	2.4261	-0.23179	0.28643	45.132	976.69	22.123	-150.11	-22.851	-158.6	15.818	40.406	-101.02	47.39	60.931	1.5729	14.77	-16.281
-4.7955	6.3175	9.8741	-0.20764	-1.5917	-3.1532	0.15871	3.4156	-1.1322	-0.043817	1.4967	1.173	1.0652	-1.3263	19.302	-26.812	86.895	-1.2494	-59.978	-10.985	-57.453	20.645	-6.6159	48.438	6.1493	-50.126	51.88	-64.509
-4.3543	12.487	10.481	-1.7955	-1.1064	-3.2182	-0.20328	3.5927	-2.2996	-0.1216	1.5325	1.1099	1.0109	-2.2974	17.646	246.77	24.263	-63.515	19.414	-2.6002	-14.48	7.0851	-46.697	-3.1115	1.4299	-2.5224	-2.1708	-38.844
-4.1567	13.331	10.543	-1.277	-1.1063	-4.7622	0.1625	3.3395	-1.7191	-0.049585	1.4418	1.7455	0.64916	-1.0181	7.9029	33.789	2.4789	20.74	0.0038004	-61.76	14.631	-10.129	23.22	2.8808	-3.6283	25.424	-14.472	51.171
-4.2431	11.294	10.487	-1.291	-1.0665	-4.2292	-0.057385	4.1869	-1.6278	0.29612	-0.32984	2.4372	2.2857	-1.6049	-3.4539	-81.501	-2.2107	-0.55825	1.5906	21.319	-8.7953	33.897	3.6517	13.828	-70.864	27.666	65.462	-23.471
-4.2311	13.503	10.026	-0.55511	-0.8547	-4.5711	0.1482	3.1954	-1.5761	-0.52927	-0.1858	2.159	1.2026	-0.90616	0.47745	88.367	-18.449	29.434	8.4729	-13.674	8.2236	-39.662	2.0692	-33.016	5.7618	-11.124	-43.325	27.949
-4.2983	10.951	10.021	1.2565	-1.3505	-3.838	-1.1424	3.4867	-1.3648	-1.2624	0.020647	1.4432	0.73675	-0.34106	-2.6887	-102.06	-0.21907	72.466	-19.832	29.325	-51.623	11.653	8.4509	-29.327	8.2577	-28.635	-18.634	22.604
-4.4392	8.7183	11.029	4.1778	-2.3822	-5.4594	1.1322	3.0405	-1.7911	-2.4019	0.040383	1.8892	0.97658	-0.82342	-5.6335	-89.324	40.341	116.85	-41.267	-64.859	90.983	-17.848	-17.053	-45.578	0.78943	17.843	9.5935	-19.294
-4.3462	4.4643	9.7281	5.7204	0.7486	-6.1479	0.56812	3.821	-2.2793	-3.0092	-0.93725	1.3376	0.81768	-0.75497	3.7189	-170.16	-52.044	61.702	125.23	-27.539	-22.564	31.222	-19.526	-24.292	-39.105	-22.067	-6.3563	2.738
-4.5319	5.8128	9.7549	6.7627	0.13558	-6.2363	2.3922	2.6072	-1.9106	-3.6168	-1.4172	2.0914	0.70857	-1.6488	-7.4285	53.94	1.0725	41.694	-24.521	-3.5339	72.965	-48.555	14.746	-24.305	-19.196	30.153	-4.3641	-35.752
-4.8441	-5.1095	9.3635	7.9591	2.2902	-5.9711	3.347	1.8512	-1.8931	-2.6702	-2.1807	2.259	0.91675	-0.61178	-12.489	-436.89	-15.657	47.853	86.187	10.607	38.189	-30.239	0.701	37.863	-30.542	6.7056	8.3269	41.479
-5.5121	-9.9056	9.6264	6.6983	3.5496	-3.5038	1.6369	1.8634	-0.7992	-2.6261	-2.2055	0.91266	2.0656	-1.0975	-26.717	-191.85	10.514	-50.429	50.372	98.691	-68.402	0.48881	43.757	1.764	-0.99277	-53.855	45.956	-19.431
-5.5135	-10.369	9.4653	5.2769	2.7517	-2.0323	2.1714	1.1971	-0.30791	-3.4166	-1.3691	2.8611	-0.023886	-1.3837	-0.058318	-18.518	-6.4429	-56.856	-31.913	58.863	21.38	-26.655	19.651	-31.62	33.456	77.94	-83.581	-11.445
-5.4357	-5.7092	9.7904	4.6644	2.6111	-0.13545	0.76297	2.1945	-1.9592	-2.0848	-1.4835	1.8636	-0.52296	-1.2379	3.1147	186.37	13.004	-24.501	-5.6252	75.872	-56.338	39.898	-66.051	53.272	-4.574	-39.901	-19.963	5.832
-5.2227	-2.7554	11.331	2.238	2.5	0.48717	0.29554	0.82339	-1.7581	-2.1319	-0.58717	1.7124	-0.17235	-0.47227	8.5195	118.15	61.641	-97.056	-4.444	24.905	-18.697	-54.844	8.0426	-1.8811	35.852	-6.0484	14.024	30.624
-5.2443	-2.2756	11.437	1.6569	2.0441	-0.23527	2.4227	0.16219	-1.3154	-1.1883	-0.71183	1.3899	-0.013042	-0.86945	-0.86567	19.193	4.2399	-23.243	-18.235	-28.897	85.088	-26.448	17.707	37.742	-4.9865	-12.901	6.3722	-15.887
-5.423	-5.9648	12.111	0.65977	1.8379	0.40163	3.1703	-0.50407	-1.1317	-0.0030424	-0.094658	1.3429	-1.2111	-1.1764	-7.1497	-147.57	26.929	-39.886	-8.2485	25.476	29.905	-26.651	7.3501	47.41	24.687	-1.8796	-47.922	-12.279
-5.925	-11.636	11.4	-0.24714	2.3415	4.2163	3.3068	-2.4544	-0.4238	0.62733	1.4546	0.82623	-3.1294	-0.86974	-20.078	-226.87	-28.441	-36.276	20.143	152.59	5.4587	-78.015	28.316	25.215	61.97	-20.666	-76.734	12.268
-6.6462	-11.298	3.3104	3.3211	4.6452	4.1698	1.8099	-2.6553	-0.30833	-0.88043	0.9142	-0.74053	-0.11982	2.021	-28.849	13.551	-323.57	142.73	92.151	-1.8635	-59.878	-8.0331	4.6188	-60.311	-21.616	-62.67	120.38	115.63
-8.0611	-32.553	-4.4522	0.41318	2.9339	3.2785	0.91864	-1.6228	1.1575	-0.49187	0.35443	-1.3958	-0.29286	2.5339	-56.594	-850.22	-310.5	-116.32	-68.452	-35.652	-35.649	41.297	58.633	15.542	-22.391	-26.213	-6.9214	20.514
-11.04	-41.141	-7.5997	-4.8728	-1.0185	4.7109	3.3595	-2.0218	0.36626	0.93294	0.66652	-2.3664	0.22607	1.0831	-119.15	-343.5	-125.9	-211.44	-158.1	57.297	97.636	-15.959	-31.649	56.992	12.484	-38.824	20.757	-58.03
-11.586	-67.778	-10.655	0.23575	-3.136	3.0823	5.5558	1.5044	1.0953	-1.7976	0.43954	0.59078	0.43792	2.1012	-21.843	-1065.5	-122.21	204.34	-84.701	-65.141	87.851	141.05	29.161	-109.22	-9.0793	118.29	8.4743	40.724
-13.479	-72.017	-14.651	-0.30177	-4.6526	1.2577	2.3421	0.90338	0.50114	-2.8027	0.41017	-0.595	-1.0518	-0.23405	-75.742	-169.54	-159.85	-21.501	-60.662	-72.986	-128.55	-24.04	-23.765	-40.202	-1.1748	-47.431	-59.587	-93.412
-13.75	-73.216	-14.077	2.0112	-2.7419	1.627	0.50619	-0.70981	-0.3127	-2.7824	0.43302	-0.54393	-2.614	0.86461	-10.837	-47.977	22.986	92.519	76.427	14.77	-73.436	-64.527	-32.554	0.81089	0.9142	2.0425	-62.488	43.947
-13.881	-76.474	-14.9	0.29543	-1.9952	0.4814	0.79109	-2.5177	0.85369	-1.4689	1.4385	1.2321	-0.71337	2.7771	-5.2448	-130.3	-32.957	-68.632	29.868	-45.823	11.396	-72.315	46.656	52.538	40.217	71.043	76.024	76.498
-13.745	-72.654	-13.366	2.2052	-2.0977	1.0023	4.4537	0.32669	2.2473	-1.2549	1.6009	0.25507	-1.5366	0.85126	5.4424	152.8	61.385	76.391	-4.0993	20.835	146.5	113.77	55.746	8.5634	6.4979	-39.082	-32.928	-77.032
-13.555	-77.334	-15.152	1.7063	-2.932	0.56872	1.3344	0.32857	2.879	-1.1112	2.252	0.39451	-1.2825	0.93257	7.5951	-187.21	-71.454	-19.954	-33.372	-17.342	-124.77	0.074978	25.268	5.7449	26.042	5.5776	10.163	3.2525
-5.6474	4.5592	-6.3407	-10.976	-2.5214	-3.7463	-1.4288	1.0709	2.7333	1.0923	2.4808	-0.31264	-1.253	3.3243	316.32	3275.7	352.46	-507.29	16.421	-172.6	-110.53	29.692	-5.8306	88.142	9.1547	-28.286	1.1792	95.669
-4.9156	29.639	-13.62	-4.57	-2.0582	-4.0085	-0.54379	-0.46794	3.2323	0.65888	2.0255	-0.85093	-1.0226	3.4739	29.271	1003.2	-291.17	256.23	18.53	-10.487	35.399	-61.552	19.959	-17.338	-18.214	-21.532	9.2165	5.9862
-5.1537	19.91	-17.387	-0.71036	2.3656	-5.0596	1.0031	-1.4398	1.724	1.1559	2.3996	0.48591	-1.0878	0.90646	-9.5242	-389.15	-150.7	154.39	176.95	-42.045	61.876	-38.875	-60.329	19.882	14.967	53.474	-2.6061	-102.7
-5.6716	12.876	-10.718	-0.89446	1.1564	-3.7401	2.7631	-2.0929	-0.63242	0.10266	2.052	0.36999	-1.2352	-0.56989	-20.713	-281.38	266.76	-7.3641	-48.368	52.782	70.398	-26.123	-94.258	-42.131	-13.904	-4.637	-5.8972	-59.054
-5.4582	3.7575	-2.401	-0.30307	3.5606	-1.482	0.44799	-1.3335	-0.12098	0.021572	1.0173	0.0083684	-0.34002	-0.53976	8.5332	-364.74	332.69	23.656	96.167	90.323	-92.603	30.374	20.458	-3.2435	-41.39	-14.465	35.807	1.2049
-4.167	24.611	8.0234	-3.7671	3.7041	1.9434	0.49066	-0.95997	-3.0405	0.91832	-0.14304	-0.29203	1.3904	-2.1089	51.649	834.16	416.97	-138.56	5.7412	137.01	1.7066	14.942	-116.78	35.87	-46.413	-12.016	69.216	-62.765
-3.7315	24.197	7.2403	-3.9084	3.3261	1.4367	-0.87073	0.0024807	-4.5279	1.8845	0.38266	-0.7376	2.8529	-2.9882	17.421	-16.576	-31.322	-5.6519	-15.123	-20.265	-54.455	38.498	-59.497	38.648	21.028	-17.823	58.5	-35.171
-4.0686	19.881	6.463	-1.8786	2.0013	0.97739	-1.022	0.65244	-4.6993	2.3553	0.74688	-0.78749	3.1012	-2.5079	-13.485	-172.65	-31.094	81.192	-52.992	-18.374	-6.0517	25.998	-6.8544	18.833	14.569	-1.9954	9.9311	19.211
-4.4613	14.556	6.6227	0.60416	0.54525	0.19344	0.027181	0.57645	-3.8792	1.293	2.0736	-0.86408	3.6604	-2.986	-15.709	-212.98	6.3867	99.311	-58.24	-31.358	41.968	-3.0396	32.805	-42.492	53.071	-3.0635	22.369	-19.127
-4.7504	9.1031	7.4568	0.71297	0.27857	0.29721	-0.47759	0.53496	-2.839	1.7419	2.5735	-1.453	3.4112	-2.5859	-11.563	-218.13	33.367	4.3527	-10.667	4.1509	-20.191	-1.6595	41.607	17.957	19.993	-23.559	-9.9676	16.007
-5.2879	1.9911	7.6838	0.65517	1.9172	1.4311	-0.5238	-0.12695	-1.5629	0.84753	2.0264	-0.090229	1.9822	-1.3094	-21.497	-284.48	9.0797	-2.3123	65.545	45.357	-1.8481	-26.476	51.044	-35.777	-21.884	54.513	-57.159	51.057
-6.167	-16.145	7.0969	2.6928	1.2641	4.6356	-1.0957	-1.3097	2.0241	-1.2921	1.4541	1.6131	1.1179	-1.6878	-35.167	-725.46	-23.476	81.507	-26.126	128.18	-22.875	-47.312	143.48	-85.587	-22.89	68.134	-34.571	-15.135
-6.9679	-31.694	4.9844	9.3434	3.284	5.7049	0.20085	0.53919	3.4398	-3.2732	-0.91132	2.7096	1.2875	-2.8806	-32.034	-621.92	-84.5	266.02	80.799	42.775	51.861	73.957	56.629	-79.243	-94.618	43.86	6.7808	-47.71
-6.9783	-36.696	4.0625	10.742	3.4443	6.925	0.61313	1.2853	2.6657	-3.2413	-1.1842	3.3343	-0.017583	-2.3762	-0.41639	-200.1	-36.878	55.927	6.4089	48.801	16.491	29.843	-30.965	1.2781	-10.914	24.986	-52.201	20.176
-7.0417	-29.806	4.4746	7.7774	0.32761	5.5326	2.1428	1.445	3.2089	-2.0009	-1.1289	2.0714	0.12257	-1.9348	-2.535	275.6	16.484	-118.57	-124.67	-55.696	61.186	6.3878	21.728	49.615	2.2105	-50.516	5.6062	17.655
-6.7834	-20.714	7.0212	4.6527	-0.25299	3.1132	1.7272	0.78031	1.531	-1.6415	0.14336	2.4787	0.69102	-0.58923	10.329	363.69	101.87	-124.99	-23.224	-96.775	-16.625	-26.586	-67.117	14.378	50.891	16.292	22.738	53.823
-6.0075	-2.236	7.2556	2.0734	0.11777	-1.5495	3.5801	-0.52166	-0.221	-0.92912	0.56338	1.5993	0.93458	-0.16388	31.038	739.11	9.3737	-103.17	14.83	-186.51	74.118	-52.079	-70.078	28.493	16.801	-35.174	9.7424	17.014
-5.9234	-7.1467	8.3108	4.1079	-0.91154	-1.5146	3.4877	0.14472	-0.84403	0.6537	-0.30263	2.103	2.5573	-1.6594	3.364	-196.43	42.208	81.38	-41.172	1.3955	-3.6954	26.655	-24.921	63.313	-34.64	20.147	64.909	-59.822
-6.3061	-13.05	6.9727	7.0946	-0.084582	-0.19294	3.1675	1.9825	-0.31423	-1.2059	-0.94494	1.2932	0.79173	0.096327	-15.307	-236.15	-53.522	119.47	33.078	52.867	-12.809	73.512	21.192	-74.383	-25.692	-32.39	-70.623	70.23
-6.4107	-2.0849	1.3828	4.9123	-1.0309	-1.9244	3.9115	-0.18445	-0.0040568	-3.0019	-0.74889	1.4365	-0.090225	1.1233	-4.1856	438.62	-223.6	-87.292	-37.852	-69.26	29.758	-86.679	12.407	-71.84	7.842	5.7296	-35.278	41.079
-7.1444	-0.31264	-7.4462	2.3271	-0.3801	2.0027	4.4804	-0.26216	2.1926	-1.4479	0.71241	0.024644	-1.8804	-0.36996	-29.349	70.891	-353.16	-103.41	26.031	157.08	22.757	-3.1084	87.868	62.159	58.452	-56.474	-71.605	-59.731
-7.1219	-0.12989	-15.912	-1.0362	-3.4369	0.69508	2.412	-1.1757	1.4909	0.30354	1.3624	1.0853	-0.94862	1.0105	0.90222	7.3103	-338.64	-134.53	-122.27	-52.304	-82.736	-36.541	-28.069	70.057	26.001	42.426	37.27	55.218
-6.9121	4.6535	-18.697	-3.2873	-3.924	0.83893	0.61824	-2.2684	0.3101	0.63528	1.448	1.4048	-0.74309	0.63082	8.3886	191.33	-111.38	-90.044	-19.488	5.7542	-71.749	-43.709	-47.233	13.27	3.422	12.779	8.2211	-15.186
-6.634	5.2684	-18.236	-2.8932	-5.1623	-0.88782	1.4784	-1.7677	0.31839	-0.58989	2.0041	0.21926	-1.1768	0.89764	11.125	24.598	18.435	15.766	-49.532	-69.07	34.407	20.028	0.33169	-49.007	22.246	-47.421	-17.347	10.673
-6.6248	8.2565	-17.969	-3.247	-5.5772	0.085507	2.2927	-1.8803	1.6483	0.29476	0.74156	-1.0168	-2.7599	-0.22548	0.36935	119.52	10.664	-14.154	-16.596	38.933	32.57	-4.5027	53.195	35.386	-50.503	-49.444	-63.326	-44.925
-6.5968	6.1679	-18.259	-4.1525	-5.1701	2.0071	2.1403	-1.7929	0.1021	-0.8464	1.1789	-0.94605	-1.2998	0.67691	1.12	-83.544	-11.57	-36.218	16.286	76.864	-6.0951	3.4963	-61.847	-45.646	17.494	2.8316	58.406	36.096
-6.595	6.9164	-17.613	-3.3116	-6.3588	0.66213	1.7616	-2.3259	1.1975	-1.1962	0.81386	-0.14846	-1.5494	0.7396	0.07269	29.94	25.839	33.636	-47.55	-53.799	-15.146	-21.324	43.818	-13.99	-14.602	31.904	-9.9868	2.5074
-6.2944	14.655	-12.348	-1.3428	-4.769	-0.72077	0.96662	-1.6904	2.2019	-0.69509	2.3023	1.2072	-2.3189	1.0207	12.024	309.55	210.57	78.75	63.594	-55.316	-31.801	25.422	40.172	20.043	59.536	54.227	-30.777	11.244
-6.3733	14.297	-9.6155	0.49109	-1.979	-1.6751	-0.23601	-2.5404	0.59995	-2.265	1.0875	2.4325	-1.604	0.6369	-3.1582	-14.332	109.31	73.357	111.6	-38.172	-48.105	-33.998	-64.076	-62.795	-48.592	49.011	28.596	-15.352
-6.7293	-0.33471	-8.5137	-2.1689	-1.5229	-1.6664	1.2784	-0.48658	0.61893	-1.5958	1.209	1.6431	-1.2455	0.58707	-14.239	-585.26	44.072	-106.4	18.243	0.34802	60.576	82.151	0.75937	26.768	4.8604	-31.575	14.338	-1.9932
-3.8463	11.814	10.9	-1.0068	1.2834	0.8874	1.3681	-1.1105	-1.3337	-2.0808	-0.089902	1.1546	0.37823	-1.139	115.32	485.93	776.56	46.485	112.25	102.15	3.5879	-24.958	-78.105	-19.403	-51.955	-19.54	64.951	-69.043
-3.009	24.567	12.548	-5.6279	3.137	0.43967	-0.75944	0.52891	-5.5754	-0.62307	-1.468	0.76126	1.1032	-2.4038	33.492	510.15	65.923	-184.84	74.142	-17.909	-85.101	65.578	-169.67	58.31	-55.122	-15.734	28.997	-50.592
-2.5343	31.088	10.991	-8.205	3.4238	-0.036489	-0.94027	0.57591	-6.7283	-0.028172	-0.96074	0.60399	1.6556	-3.4742	18.989	260.83	-62.306	-103.09	11.474	-19.047	-7.2334	1.8803	-46.117	23.796	20.289	-6.2909	22.099	-42.815
-2.3102	34.919	9.6125	-8.7663	5.3948	-1.1756	-0.43683	-1.0122	-7.1466	0.26105	-0.99671	0.13429	1.617	-3.7006	8.9611	153.23	-55.123	-22.451	78.84	-45.564	20.138	-63.523	-16.732	11.569	-1.4388	-18.788	-1.5441	-9.0583
-2.3071	35.11	9.461	-7.9119	5.1856	0.30481	-1.6211	-1.5642	-6.8566	0.64372	-1.0561	-0.73554	1.1729	-2.1857	0.12353	7.6424	-6.0589	34.178	-8.3696	59.216	-47.369	-22.08	11.6	15.307	-2.3765	-34.793	-17.765	60.598
-2.4582	30.69	10.764	-7.7577	5.4952	1.0653	-2.1681	-1.2923	-7.0068	2.372	-1.5659	-0.67185	0.58845	-2.0096	-6.0434	-176.8	52.108	6.169	12.384	30.421	-21.881	10.874	-6.0072	69.131	-20.391	2.5472	-23.378	7.0419
-2.8839	25.704	7.5849	-3.3559	6.0785	1.8879	-2.339	-2.4995	-4.7833	2.3245	-1.2371	-1.7658	0.67742	-1.611	-17.027	-199.41	-127.15	176.07	23.332	32.903	-6.8351	-48.287	88.941	-1.8983	13.151	-43.759	3.5586	15.944
-3.4547	18.545	8.3424	-1.0167	6.2484	1.183	-0.13234	-2.3594	-3.716	3.3688	-3.8832	-2.0703	0.46668	-1.1295	-22.83	-286.39	30.301	93.567	6.7975	-28.198	88.265	5.604	42.692	41.771	-105.84	-12.178	-8.4297	19.26
-4.0682	10.226	4.4803	2.3318	8.1217	2.1726	-2.3004	-0.81852	-2.5624	3.6716	-2.8068	-1.5429	-0.11944	-0.8107	-24.541	-332.75	-154.49	133.94	74.933	39.585	-86.722	61.635	46.144	12.112	43.053	21.095	-23.445	12.753
-4.7118	5.4357	2.8784	3.6784	8.9613	2.8159	-2.8957	0.34458	-2.8016	3.487	-2.9723	-0.31248	0.88291	-0.9978	-25.746	-191.61	-64.074	53.864	33.582	25.732	-23.811	46.524	-9.5717	-7.3845	-6.6187	49.218	40.094	-7.4841
-4.6679	2.0724	4.9447	3.4999	9.3266	3.7008	-3.7703	-0.73055	-1.5219	2.6812	-3.3248	-1.0831	0.15328	-0.17501	1.7584	-134.53	82.65	-7.1386	14.613	35.397	-34.985	-43.006	51.191	-32.233	-14.098	-30.824	-29.185	32.911
-4.8414	6.7036	5.1359	0.84383	8.9658	3.2141	-2.7704	-0.45162	-3.261	4.4263	-3.0314	-1.8303	0.58399	-1.3098	-6.9386	185.25	7.6489	-106.24	-14.43	-19.469	39.994	11.157	-69.564	69.806	11.735	-29.888	17.228	-45.393
-5.3689	-7.9402	2.8102	2.7193	8.6267	5.0002	0.22515	-2.0208	-1.5396	0.34129	-2.8085	-1.3101	1.3007	-0.68745	-21.102	-585.75	-93.027	75.018	-13.565	71.443	119.82	-62.766	68.854	-163.4	8.9155	20.807	28.668	24.895
-6.2899	-1.8564	-5.8829	3.5555	6.6359	5.0713	1.6851	-2.8906	1.2938	-1.3979	-1.0744	1.7229	-0.44693	-0.83542	-36.841	243.35	-347.72	33.447	-79.632	2.8439	58.397	-34.794	113.34	-69.567	69.362	121.32	-69.904	-5.9189
-5.2303	10.951	-19.259	-3.6189	4.1236	4.2753	2.4127	0.089363	4.0769	-1.7995	0.37732	0.38232	-0.74501	1.0498	42.385	512.3	-535.06	-286.97	-100.49	-31.837	29.104	119.2	111.33	-16.063	58.07	-53.624	-11.923	75.409
-4.442	19.169	-25.046	-5.5906	2.1119	2.9009	0.10601	0.45825	2.1725	-2.5882	-0.094523	-0.19888	-0.6677	-0.30396	31.532	328.72	-231.45	-78.869	-80.464	-54.978	-92.266	14.755	-76.176	-31.551	-18.874	-23.248	3.0921	-54.15
-4.0388	23.402	-26.68	-4.9005	3.1901	1.5577	-0.87904	-1.8094	0.67158	-2.0717	1.8181	0.31063	-1.0598	0.64778	16.127	169.31	-65.381	27.601	43.128	-53.729	-39.402	-90.705	-60.039	20.661	76.506	20.38	-15.686	38.07
-4.0022	23.468	-27.18	-5.3842	2.9748	1.0065	-0.080003	0.72825	3.0339	0.095766	0.86529	-1.6656	-1.7653	1.0463	1.4643	2.673	-20.002	-19.346	-8.6125	-22.045	31.961	101.5	94.493	86.7	-38.114	-79.048	-28.22	15.94
-3.9663	19.702	-27.4	-1.0939	4.4529	0.11452	0.71957	1.709	2.3132	-0.27957	0.8452	-2.4365	-1.2218	0.98583	1.4372	-150.64	-8.8053	171.61	59.121	-35.68	31.983	39.229	-28.828	-15.014	-0.8034	-30.836	21.742	-2.4176
-3.8358	16.146	-31.443	-4.391	3.0291	-1.4114	-0.88447	0.90105	0.71077	-3.5006	1.6402	-0.87729	-1.634	1.475	5.2179	-142.26	-161.71	-131.88	-56.949	-61.037	-64.161	-32.317	-64.097	-128.84	31.8	62.367	-16.487	19.567
-3.7338	15.447	-31.222	-2.7136	3.4161	-2.0552	-0.72928	1.3481	1.3998	0.12797	2.9416	-0.43051	-0.32213	2.2111	4.0825	-27.948	8.8435	67.096	15.479	-25.751	6.2077	17.883	27.562	145.14	52.054	17.871	52.474	29.445
-3.8942	13.325	-32.124	-0.4784	5.1198	-1.7876	0.30187	-0.55718	1.6024	-0.91948	0.46534	-0.86509	0.2224	2.4201	-6.4189	-84.879	-36.088	89.407	68.149	10.704	41.246	-76.212	8.1023	-41.898	-99.049	-17.383	21.781	8.3581
-3.8327	16.303	-30.21	1.8196	5.1255	-2.2682	2.0034	-0.9405	1.5013	0.5295	1.3965	-1.0825	-0.090791	1.4263	2.4624	119.11	76.576	91.918	0.22613	-19.226	68.06	-15.333	-4.045	57.959	37.246	-8.6975	-12.528	-39.752
-3.6006	19.624	-29.295	0.75594	2.9943	-5.5599	-0.15225	-3.5157	-0.55479	0.65403	1.6709	-0.23414	-0.78354	1.4194	9.2832	132.86	36.591	-42.544	-85.247	-131.67	-86.225	-103.01	-82.242	4.9812	10.977	33.935	-27.71	-0.27683
-3.6479	26.802	-24.046	3.9373	3.5591	-5.5259	-0.44985	-3.2348	0.7167	0.13657	0.51888	-0.28237	-1.3384	0.24323	-1.8933	287.12	209.97	127.26	22.591	1.3607	-11.904	11.238	50.86	-20.698	-46.082	-1.9289	-22.196	-47.046
-4.0066	29.21	-22.473	1.3446	1.3077	-3.8818	-0.9194	-0.94632	3.5557	1.6982	0.2494	-0.53006	-1.6024	-0.29006	-14.346	96.308	62.921	-103.71	-90.056	65.765	-18.782	91.538	113.56	62.464	-10.779	-9.9078	-10.557	-21.331
-4.7605	22.73	-17.276	-0.44931	1.5845	-2.4306	0.6899	-0.14245	2.9191	-0.41934	-0.55047	0.49257	-2.0477	-1.0144	-30.157	-259.23	207.87	-71.756	11.071	58.047	64.372	32.155	-25.461	-84.701	-31.995	40.905	-17.814	-28.972
-4.4567	12.165	-6.2434	2.3963	3.0161	-0.41584	0.90716	-1.4872	0.6676	-1.8396	0.53703	1.0897	-0.76795	-0.95177	12.152	-422.59	441.3	113.83	57.267	80.59	8.6904	-53.791	-90.062	-56.809	43.5	23.885	51.19	2.5037
-2.479	27.348	10.312	-2.3642	1.8922	-1.9099	0.74693	-0.47452	-3.5342	0.80784	-1.6602	2.1927	-0.74152	-1.5964	79.107	607.32	662.23	-190.42	-44.957	-59.761	-6.4091	40.508	-168.07	105.9	-87.89	44.122	1.0569	-25.783
-2.0335	41.314	10.239	-4.3072	1.2079	-2.6023	-0.7717	-1.2871	-3.9182	-0.10816	-0.7037	2.5001	0.25234	-2.0109	17.823	558.65	-2.939	-77.721	-27.373	-27.697	-60.745	-32.504	-15.361	-36.64	38.261	12.295	39.755	-16.582
-2.0311	35.188	13.243	-9.0561	2.5639	-3.7053	-0.46175	0.14561	-3.6275	1.164	-0.4309	3.2644	0.57297	-2.3681	0.093618	-245.04	120.15	-189.95	54.239	-44.121	12.398	57.31	11.628	50.887	10.912	30.573	12.825	-14.287
-2.2835	33.378	14.081	-8.8069	1.2018	-3.4136	-0.15026	-1.0228	-2.4265	0.80619	0.80247	2.5775	0.02114	-1.5242	-10.096	-72.42	33.532	9.9696	-54.483	11.669	12.46	-46.736	48.039	-14.313	49.335	-27.478	-22.073	33.756
-2.5447	28.478	11.742	-6.5482	2.1461	-3.4129	-0.25553	-1.1504	-2.113	2.7798	1.2043	1.7788	0.33551	-2.7373	-10.448	-196	-93.539	90.346	37.77	0.027049	-4.211	-5.1031	12.541	78.944	16.073	-31.946	12.575	-48.525
-3.1708	25.062	10.719	-5.4616	1.1091	-1.7537	0.53163	-1.3612	-1.8646	3.5247	0.86806	1.4514	-0.32034	-1.1674	-25.043	-136.64	-40.952	43.462	-41.479	66.371	31.486	-8.4344	9.9369	29.796	-13.449	-13.098	-26.234	62.794
-3.7105	18.787	9.9842	-4.3346	2.1498	-2.1044	0.48227	-0.71585	-2.8068	4.7852	0.36743	1.5085	-0.75859	-1.3111	-21.59	-250.99	-29.379	45.081	41.63	-14.03	-1.9743	25.815	-37.688	50.42	-20.025	2.2823	-17.53	-5.748
-4.1429	18.659	9.141	-4.7045	1.9399	-1.0035	-0.80243	0.49788	-1.4928	3.7758	0.21478	0.53085	-0.22937	-0.75734	-17.296	-5.1182	-33.727	-14.794	-8.3987	44.034	-51.388	48.549	52.557	-40.377	-6.1058	-39.104	21.169	22.152
-4.4236	16.247	7.6771	-3.4034	2.0766	-0.3901	-0.52051	0.14499	-1.4023	3.143	0.71737	-0.57371	0.2472	-0.62972	-11.226	-96.5	-58.556	52.043	5.469	24.537	11.277	-14.116	3.6222	-25.311	20.104	-44.183	19.063	5.1051
-4.7495	11.31	8.4197	-2.8617	1.0974	0.0090383	1.1339	0.2242	-0.4234	3.1239	2.1966	-0.94102	-0.54232	-0.52247	-13.037	-197.48	29.703	21.665	-39.167	15.965	66.178	3.1682	39.155	-0.76454	59.169	-14.692	-31.581	4.2897
-5.2289	5.1947	8.488	-1.0551	1.6379	-0.90541	1.0676	0.54879	-2.1097	2.3758	1.1778	-0.53906	0.35441	-1.242	-19.175	-244.59	2.7314	72.266	21.619	-36.578	-2.6518	12.984	-67.45	-29.921	-40.751	16.079	35.869	-28.782
-5.3805	8.3492	8.1894	-2.2729	1.4268	-1.1822	2.5779	1.9267	-2.1402	2.3417	1.4029	-0.75346	1.7251	-1.6731	-6.0622	126.18	-11.942	-48.714	-8.4445	-11.072	60.409	55.115	-1.2218	-1.3637	9.0013	-8.5761	54.827	-17.242
-5.6904	-5.3007	8.6855	-1.6607	2.0192	-0.57388	2.4245	1.4549	-2.9593	2.4145	1.0479	-1.0325	1.788	-2.4672	-12.398	-546	19.841	24.488	23.697	24.333	-6.1351	-18.87	-32.765	2.9115	-14.201	-11.161	2.518	-31.765
-6.8414	-21.771	8.6202	3.209	0.52865	6.6404	-0.90825	-0.38504	2.9885	-1.2683	-0.69656	2.5226	0.29833	-2.6127	-46.039	-658.81	-2.6111	194.79	-59.622	288.57	-133.31	-73.599	237.91	-147.31	-69.777	142.2	-59.589	-5.8184
-6.7853	-20.073	8.6515	3.1283	-0.51088	8.0712	-1.8139	-0.16911	3.8529	-2.8141	0.19428	2.8487	0.015394	-3.1284	2.2409	67.907	1.2532	-3.2314	-41.581	57.232	-36.226	8.6373	34.578	-61.833	35.634	13.046	-11.317	-20.628
-6.7225	-22.165	6.6881	5.1369	-0.16568	6.3029	-1.5825	1.9553	4.3786	-3.3402	-0.75581	3.1733	-0.46323	-2.8885	2.5135	-83.681	-78.537	80.345	13.808	-70.73	9.2553	84.975	21.028	-21.042	-38.004	12.982	-19.145	9.5966
-6.8884	-19.24	7.2275	5.7172	-0.92437	4.2354	0.046391	2.2916	4.3434	-1.6451	-2.0544	0.91944	1.1245	-2.2152	-6.6337	117.02	21.574	23.211	-30.347	-82.701	65.156	13.453	-1.4084	67.801	-51.942	-90.154	63.51	26.931
-6.189	-12.208	5.6599	3.1118	-3.5926	4.5525	-1.452	1.179	5.9219	-1.2543	-0.0013031	0.97601	0.035259	-0.61721	27.976	281.29	-62.703	-104.22	-106.73	12.682	-59.936	-44.502	63.139	15.634	82.122	2.2626	-43.571	63.918
-5.9825	-2.1776	7.9789	4.4867	-2.8396	2.3904	-1.457	-1.3788	5.0638	0.28826	0.14058	0.30007	0.87214	-1.2664	8.2571	401.2	92.762	54.996	30.123	-86.482	-0.20094	-102.31	-34.325	61.702	5.6754	-27.037	33.475	-25.966
-5.6246	-14.983	8.8581	8.3501	-1.9606	2.6042	-5.2653	0.60765	4.232	-1.9051	0.97341	0.11144	0.69309	-1.4206	14.317	-512.2	35.168	154.54	35.16	8.5505	-152.33	79.458	-33.273	-87.736	33.313	-7.5453	-7.162	-6.1706
-5.9296	-7.9205	9.5488	7.0599	-2.1717	1.7422	-5.1981	1.4895	5.4244	-0.94465	0.76572	-0.069448	0.76849	-2.5236	-12.202	282.48	27.624	-51.608	-8.4475	-34.477	2.6892	35.274	47.696	38.419	-8.3075	-7.2355	3.0159	-44.12
-5.6774	-10.291	8.7951	10.511	-2.3163	-0.2257	-5.1896	2.4189	3.7108	-1.0659	1.2799	-0.37044	1.4106	-2.8873	10.091	-94.818	-30.145	138.04	-5.7823	-78.718	0.33614	37.177	-68.541	-4.8512	20.567	-12.04	25.683	-14.545
-5.725	-14.846	8.286	11.401	-2.7768	-1.2515	-5.3355	2.1153	4.0786	0.43029	-0.094344	-0.7289	0.64236	-1.9858	-1.9041	-182.21	-20.365	35.583	-18.42	-41.033	-5.8345	-12.144	14.709	59.849	-54.97	-14.338	-30.728	36.058
-5.4142	-8.1718	10.398	9.158	-4.0927	-2.3885	-2.8058	3.1714	2.3822	1.4035	-1.3908	-0.76886	1.8073	-1.1677	12.432	266.98	84.487	-89.704	-52.636	-45.481	101.19	42.241	-67.854	38.927	-51.858	-1.5982	46.598	32.725
-5.1013	-4.0666	11.184	7.1589	-3.2792	-3.5087	-1.3575	4.6442	1.2035	1.954	-3.0247	-0.97171	2.7383	-0.028169	12.514	164.21	31.451	-79.964	32.538	-44.808	57.931	58.911	-47.15	22.021	-65.356	-8.1144	37.241	45.581
-4.9162	-2.1431	10.658	4.9125	-2.2585	-3.2718	-1.5113	4.4208	-1.6968	0.21979	-2.7163	-0.42824	3.3431	2.1419	7.404	76.943	-21.041	-89.857	40.831	9.479	-6.1506	-8.9321	-116.01	-69.368	12.337	21.739	24.192	86.804
-4.8219	5.6061	10.708	3.5377	-1.8342	-2.6574	0.74162	3.7692	-3.0329	-0.81247	-2.4763	1.4129	2.4948	0.032628	3.7733	309.97	1.9716	-54.99	16.972	24.575	90.116	-26.065	-53.442	-41.29	9.601	73.644	-33.931	-84.372
-4.8304	5.2942	9.0965	2.0532	0.13859	0.19312	-0.10407	1.1287	-2.6265	-0.99237	-1.7326	2.4102	2.1272	-1.103	-0.33899	-12.477	-64.45	-59.38	78.91	114.02	-33.828	-105.62	16.253	-7.196	29.746	39.895	-14.707	-45.423
-5.0257	4.4387	9.5126	1.1061	0.75752	0.14381	0.28618	1.4634	-3.7316	1.6964	-1.2627	0.88274	1.4489	0.46964	-7.8121	-34.22	16.645	-37.884	24.757	-1.9723	15.61	13.391	-44.203	107.55	18.796	-61.1	-27.129	62.903
-5.4356	-6.223	7.6167	1.6115	-0.35289	1.719	0.37445	-0.011667	-2.9809	1.488	1.202	0.8199	0.97377	0.99654	-16.396	-426.47	-75.837	20.216	-44.416	63.009	3.5308	-59.004	30.028	-8.3347	98.59	-2.5136	-19.007	21.076
-5.3973	-2.1749	10.872	-1.0315	-0.56081	5.0804	-1.762	-1.7617	-0.80425	1.1692	0.45219	0.15501	-0.63705	0.40021	1.5326	161.93	130.21	-105.72	-8.3168	134.45	-85.458	-70.003	87.067	-12.755	-29.994	-26.595	-64.433	-23.853
-5.414	2.8399	11.555	-2.8426	-0.3758	4.8571	-2.7643	-2.9482	-1.61	0.90636	0.72187	-0.29632	0.042788	-0.012367	-0.67054	200.59	27.318	-72.446	7.4004	-8.9296	-40.094	-47.458	-32.231	-10.512	10.787	-18.054	27.193	-16.503
-6.7135	-15.847	6.3155	-2.0465	-2.2085	3.6638	-0.50265	-0.60445	1.2092	1.3962	-0.49097	-1.8193	1.7869	1.2048	-51.978	-747.47	-209.58	31.843	-73.31	-47.734	90.468	93.75	112.77	19.594	-48.513	-60.919	69.765	48.688
-6.4788	-23.789	5.3468	1.8801	0.36099	4.3522	-0.32802	-1.2326	-0.87448	1.9764	1.2997	-1.8428	-0.26377	1.5909	9.3889	-317.69	-38.747	157.07	102.78	27.538	6.9853	-25.124	-83.346	23.208	71.628	-0.93864	-82.027	15.444
-6.2929	-10.873	12.293	3.1969	-1.1078	0.75447	2.0446	-4.3525	-3.2471	3.6487	-1.1048	-0.37376	0.20738	0.32474	7.4344	516.65	277.85	52.671	-58.753	-143.91	94.906	-124.8	-94.905	66.889	-96.184	58.76	18.846	-50.648
-6.4186	-31.434	6.4853	5.5772	-0.65113	0.084804	0.592	-7.0633	-4.0301	1.1038	-0.35698	-1.3639	-0.37895	0.85343	-5.0287	-822.44	-232.31	95.21	18.268	-26.787	-58.106	-108.43	-31.319	-101.79	29.915	-39.604	-23.453	21.147
-9.8644	-58.392	-6.4152	5.3922	1.1364	0.75252	-0.11123	-3.7049	-2.5529	-2.1346	0.47111	-1.117	-0.66517	1.1989	-137.83	-1078.3	-516.02	-7.4	71.502	26.708	-28.129	134.34	59.088	-129.54	33.124	9.8759	-11.449	13.818
-13.008	-69.062	-11.992	3.463	-1.4708	2.6279	2.4459	-0.4886	1.3802	-0.89004	0.9475	-0.028659	-0.76216	1.9358	-125.74	-426.79	-223.07	-77.167	-104.29	75.016	102.29	128.65	157.32	49.781	19.055	43.532	-3.8797	29.476
-13.423	-72.343	-13.624	1.5984	-1.7777	1.8913	1.3107	0.22014	2.3259	-0.37906	0.90155	-0.08952	-2.0704	-0.51147	-16.6	-131.24	-65.284	-74.582	-12.274	-29.463	-45.406	28.349	37.827	20.439	-1.8378	-2.4345	-52.329	-97.89
-13.776	-73.836	-15.064	0.41019	-3.1717	0.0050312	2.0829	0.53979	1.0915	-1.2181	1.3302	0.74442	-0.05436	2.662	-14.113	-59.724	-57.587	-47.53	-55.762	-75.453	30.886	12.786	-49.377	-33.56	17.145	33.358	80.641	126.94
-13.724	-74.93	-14.506	1.6413	-4.4917	0.25087	1.8456	0.11729	2.1149	-0.16434	2.2465	0.88691	-1.1891	0.72356	2.0638	-43.742	22.307	49.243	-52.798	9.8334	-9.4932	-16.9	40.936	42.148	36.651	5.6997	-45.389	-77.536
-13.509	-70.904	-14.265	0.64724	-3.2264	1.0567	3.4016	1.4213	1.888	-2.0272	1.0748	2.1539	0.40063	1.6676	8.6142	161.01	9.6223	-39.761	50.612	32.233	62.24	52.161	-9.0767	-74.516	-46.869	50.679	63.588	37.763
-13.434	-71.251	-13.095	1.5247	-4.5849	0.16723	2.7531	-0.30715	0.97747	-3.6637	-1.6484	0.60594	0.16976	2.3647	2.98	-13.88	46.831	35.097	-54.339	-35.578	-25.94	-69.139	-36.42	-65.457	-108.93	-61.918	-9.2349	27.881
-13.476	-75.562	-15.763	2.9095	-2.9259	2.1932	1.4867	-1.1726	2.8402	-2.1805	-0.9457	-0.082136	-0.51897	1.5206	-1.6665	-172.44	-106.75	55.394	66.359	81.037	-50.654	-34.618	74.51	59.326	28.108	-27.523	-27.549	-33.763
-11.842	-65.263	-20.801	5.0933	-1.7725	4.7433	1.5286	0.98873	1.8101	-2.3695	1.4863	-0.23739	0.59995	1.7211	65.356	412	-201.51	87.352	46.137	102.01	1.6743	86.453	-41.205	-7.5596	97.278	-6.2103	44.757	8.0227
-11.772	-55.719	-19.223	6.141	-0.40638	4.6043	0.24909	-0.042252	1.4026	-3.572	1.5093	0.11248	-0.43159	1.3365	2.8103	381.75	63.11	41.907	54.643	-5.5626	-51.179	-41.239	-16.3	-48.1	0.92144	13.995	-41.261	-15.384
-7.4112	-4.4404	-0.32453	-4.2094	0.21715	-1.9196	-3.7713	1.2638	2.3058	-2.7088	1.547	-0.45554	-0.94688	1.8612	174.43	2051.1	755.95	-414.01	24.941	-260.95	-160.81	52.242	36.127	34.529	1.5066	-22.721	-20.612	20.987
-5.9297	7.4963	-12.321	1.196	-0.13044	-3.1137	-3.1056	1.0867	1.0251	-1.1264	2.0085	-1.3874	-0.090039	2.5194	59.26	477.47	-479.85	216.21	-13.903	-47.765	26.627	-7.0843	-51.228	63.296	18.46	-37.275	34.274	26.329
-5.6047	-0.98651	-23.63	-1.2463	5.3954	-0.22088	0.32183	2.8294	0.30242	0.61985	2.8572	-1.3146	0.11815	1.2031	12.999	-339.31	-452.39	-97.693	221.03	115.71	137.1	69.708	-28.905	69.849	33.948	2.9124	8.3274	-52.654
-5.5397	3.5355	-21.202	-3.0527	4.2946	-0.27404	0.31418	0.18979	-0.50167	-0.34386	-0.80257	-2.068	-0.87032	1.0363	2.5999	180.88	97.144	-72.253	-44.034	-2.1264	-0.30633	-105.58	-32.164	-38.548	-146.39	-30.137	-39.539	-6.6732
-6.2151	5.8921	-19.331	-4.317	1.1121	-1.0061	0.68905	-2.0261	0.5526	-0.22877	0.81018	-1.9483	-0.091263	2.6944	-27.016	94.262	74.833	-50.572	-127.3	-29.281	14.995	-88.634	42.171	4.6035	64.51	4.791	31.162	66.324
-6.3897	4.6841	-14.961	-3.8065	0.55136	-2.2355	-2.4302	-3.6444	0.13688	-1.6281	-1.029	-2.3241	-0.076857	0.75027	-6.9829	-48.319	174.79	20.418	-22.431	-49.178	-124.77	-64.734	-16.629	-55.972	-73.568	-15.034	0.57625	-77.764
-6.7816	1.78	-12.501	-4.5345	-0.5011	-2.0413	-2.1424	-3.5709	0.99151	-0.77112	0.41043	0.79704	0.93852	0.2672	-15.676	-116.16	98.409	-29.12	-42.099	7.7709	11.511	2.9408	34.185	34.279	57.577	124.85	40.615	-19.323
-6.9835	2.2569	-10.928	-3.7176	-0.012935	-0.88335	-0.12822	-2.4083	2.4586	-0.26978	0.44492	-0.044578	-0.34568	0.83069	-8.0788	19.075	62.931	32.679	19.527	46.316	80.568	46.505	58.683	20.053	1.3798	-33.665	-51.368	22.54
-7.1556	1.8768	-10.822	-2.8972	1.2718	0.1833	-0.18345	-3.349	0.6009	-0.3181	0.23643	-1.4349	0.60801	1.1116	-6.8839	-15.202	4.2111	32.814	51.389	42.666	-2.2094	-37.63	-74.308	-1.9329	-8.3395	-55.611	38.147	11.235
-7.3955	-0.93964	-7.5298	-0.60991	1.4061	-0.30246	0.84842	-2.6824	0.70959	-0.6915	1.0331	-1.6027	-0.46278	-0.48727	-9.5939	-112.66	131.71	91.491	5.3724	-19.43	41.275	26.668	4.3474	-14.936	31.868	-6.7125	-42.832	-63.954
-7.891	-6.6782	-6.3341	-2.6081	-1.4976	-1.2571	1.154	-3.2343	-0.73711	-0.48286	1.2962	-2.9006	0.08705	1.4165	-19.822	-229.54	47.827	-79.928	-116.15	-38.184	12.223	-22.077	-57.868	8.3455	10.524	-51.919	21.993	76.151
