WSS
515626.042992676
542015.417348313
752525.908674937
692870.277042504
549901.46815792
962420.299440249
628123.499611164
478443.277544621
590938.181932137
633606.867458008
418133.614367898
265993.933799158
1217177.01090443
765229.473295097
1084058.63117833
231610.927944737
0
682928.7465862
663563.748551627
473078.550474601
386473.213722843
535571.456492694
963308.633810397
283375.455334503
1142814.39806013
746341.449323543
891643.359017342
867423.165782343
1172896.0163581
743796.032448512
349061.601285136
706024.136176041
20936974.7951162
119018736.494924
