-6.8391	-19.894	-33.054	-4.218	1.1534	-3.1835	-2.1107	2.659	-0.66865	1.8338	-1.1493	0.25787	0.6155	-0.95449	0	0	0	0	0	0	0	0	0	0	0	0	0	0
-6.0691	-8.2966	-32.253	-2.5709	-0.15909	-1.2908	1.133	4.7995	1.0236	1.6781	-1.5014	-0.16715	-0.69046	-0.17606	30.801	463.91	32.036	65.885	-52.498	75.706	129.75	85.619	67.69	-6.2252	-14.082	-17.001	-52.238	31.137
-5.2961	0.13327	-31.271	-1.438	-0.22802	-3.7444	0.15993	5.866	0.84412	1.3489	-2.0602	0.021012	-0.14728	0.015179	30.919	337.2	39.286	45.317	-2.7573	-98.143	-38.922	42.659	-7.1793	-13.17	-22.354	7.5266	21.727	7.6497
-4.5764	8.2791	-32.189	-3.1289	-1.9165	-3.7651	0.061367	4.071	-0.44557	1.8785	-0.1568	1.012	-0.69926	-1.3677	28.788	325.83	-36.71	-67.638	-67.539	-0.82593	-3.9427	-71.8	-51.587	21.186	76.137	39.638	-22.079	-55.313
-3.7012	16.339	-30.882	-3.5531	-2.8351	-4.7594	-1.0074	3.1876	-0.77033	2.2201	-0.27289	1.4721	0.71017	0.55274	35.009	322.4	52.27	-16.969	-36.743	-39.775	-42.751	-35.335	-12.99	13.664	-4.6438	18.406	56.377	76.816
-3.1933	21.08	-33.563	-3.924	0.022608	-3.2028	0.38928	5.472	-1.3655	1.5689	-0.50788	2.241	0.36331	0.066751	20.315	189.62	-107.23	-14.833	114.31	62.265	55.867	91.376	-23.809	-26.047	-9.3995	30.756	-13.874	-19.439
-3.0767	18.633	-34.033	-2.3749	0.88779	-3.1797	0.45798	4.6762	-0.27129	3.0362	0.12553	1.7663	0.49703	-0.50063	4.6639	-97.865	-18.831	61.963	34.607	0.92512	2.7483	-31.831	43.77	58.689	25.337	-18.988	5.3489	-22.695
-3.7313	12.355	-33.251	-3.0476	2.9152	-1.0286	-0.87291	4.1072	0.66972	0.91168	-0.022068	0.54428	0.61957	-0.77212	-26.183	-251.12	31.294	-26.908	81.098	86.046	-53.236	-22.762	37.64	-84.979	-5.9041	-48.881	4.9013	-10.859
-4.4327	4.8151	-29.377	-2.279	3.9326	-2.0472	-1.5353	2.6949	0.41886	-0.43329	-0.57177	-0.67467	-0.79281	-1.2781	-28.058	-301.6	154.95	30.744	40.696	-40.746	-26.495	-56.489	-10.035	-53.799	-21.988	-48.758	-56.495	-20.24
-5.6646	-3.833	-23.774	-5.3633	1.8555	-1.4024	-1.8187	4.6485	0.83429	0.87244	0.44788	1.0269	0.68169	-0.69584	-49.276	-345.93	224.12	-123.37	-83.085	25.792	-11.337	78.143	16.618	52.229	40.786	68.062	58.98	23.291
-6.3245	-6.4216	-14.633	2.7511	5.588	1.9155	1.0913	3.5449	1.3108	0.61443	-0.72619	1.7051	0.59506	-0.81875	-26.397	-103.54	365.64	324.58	149.3	132.72	116.4	-44.145	19.061	-10.32	-46.963	27.13	-3.4653	-4.9164
-5.4456	-2.2806	-7.2683	5.0139	6.3369	2.061	0.55059	2.8958	0.4149	-0.064984	-1.1865	2.248	-0.043133	-0.55696	35.159	165.64	294.6	90.514	29.959	5.818	-21.628	-25.961	-35.837	-27.176	-18.412	21.713	-25.528	10.471
-5.1683	-0.50611	-6.6238	3.0796	8.7863	2.6935	-1.3499	-0.26248	2.3747	0.81433	-0.63086	0.97086	-0.7406	-1.0436	11.089	70.978	25.78	-77.375	97.976	25.3	-76.021	-126.33	78.39	35.173	22.225	-51.085	-27.899	-19.466
-5.1698	-0.10265	-6.6381	0.026454	7.4504	1.5908	-0.96566	-0.78415	3.0588	1.1083	-2.0193	0.094915	0.85452	0.281	-0.058154	16.138	-0.57223	-122.12	-53.439	-44.108	15.371	-20.867	27.366	11.761	-55.536	-35.038	63.805	52.984
-5.0953	0.66425	-4.1236	-1.6525	5.6235	3.1856	-1.2268	-0.95578	3.0287	-1.6546	-1.5957	0.65552	0.46128	0.12992	2.9793	30.676	100.58	-67.157	-73.074	63.793	-10.444	-6.8651	-1.2026	-110.52	16.942	22.424	-15.73	-6.0432
-4.8815	0.65214	-2.8528	-0.13539	5.7561	2.918	-2.5363	-0.98949	1.7975	-0.99434	0.42167	0.94449	0.79691	1.8164	8.5519	-0.48465	50.832	60.683	5.3049	-10.705	-52.383	-1.3484	-49.25	26.409	80.695	11.559	13.425	67.46
-4.5649	4.2887	-0.80981	-0.27017	5.3164	3.5259	-4.013	-1.5419	3.169	0.70001	0.71011	-0.8375	0.50213	0.63065	12.666	145.46	81.721	-5.3909	-17.59	24.316	-59.068	-22.096	54.86	67.774	11.538	-71.28	-11.791	-47.431
-4.3859	10.028	-2.0789	-1.2649	4.6401	3.8259	-1.9932	0.062457	2.5054	1.2382	1.9008	-1.3577	0.7972	0.24983	7.1598	229.57	-50.764	-39.79	-27.052	12	80.795	64.174	-26.545	21.526	47.628	-20.808	11.803	-15.233
-3.5143	15.033	0.39756	-1.7366	2.7684	3.6923	-1.7548	0.045554	2.997	-0.2724	1.8875	-2.948	0.75117	2.1198	34.861	200.21	99.059	-18.867	-74.867	-5.3438	9.5358	-0.67609	19.668	-60.422	-0.53047	-63.61	-1.8412	74.8
-2.5767	25.572	2.7101	-3.9754	2.9572	3.1113	-4.6818	-1.9717	2.136	-1.9966	3.686	-1.2825	0.54373	1.8495	37.507	421.55	92.503	-89.552	7.5511	-23.239	-117.08	-80.691	-34.443	-68.969	71.938	66.617	-8.2976	-10.814
-1.4537	32.426	5.6815	-5.5861	2.1799	1.2643	-4.2515	-3.555	1.1609	-1.3609	2.9419	-0.84473	1.0509	1.7185	44.92	274.17	118.86	-64.428	-31.093	-73.881	17.212	-63.333	-39.002	25.428	-29.765	17.512	20.287	-5.2402
-1.1925	37.928	8.0244	-8.9958	1.2728	1.527	-5.374	-2.7855	-0.41522	0.53642	2.5244	-0.88124	0.93847	1.2243	10.447	220.09	93.714	-136.39	-36.283	10.509	-44.899	30.782	-63.046	75.893	-16.701	-1.4603	-4.4973	-19.767
-1.0782	33.189	9.1196	-9.5531	1.4254	1.7516	-5.0381	-3.7004	-0.54623	1.265	1.8403	0.60639	-0.34065	1.0605	4.5739	-189.59	43.81	-22.292	6.104	8.9856	13.434	-36.599	-5.2402	29.145	-27.364	59.505	-51.165	-6.5513
-1.1042	30.952	10.802	-9.039	0.2852	2.127	-4.4939	-4.7154	-0.35828	1.4988	1.0852	1.5039	-1.1549	1.1996	-1.0419	-89.473	67.302	20.563	-45.609	15.016	21.769	-40.6	7.5177	9.3522	-30.203	35.899	-32.57	5.5627
-1.0055	25.183	11.422	-6.3243	2.4112	-0.79166	-5.2671	-3.0544	-1.838	1.2305	1.4001	0.23634	-0.41782	1.5155	3.9486	-230.75	24.804	108.59	85.041	-116.75	-30.929	66.44	-59.189	-10.732	12.598	-50.701	29.483	12.636
-1.0186	25.207	10.596	-5.3164	3.3148	-0.26867	-6.702	-2.0786	-1.6799	-0.99461	1.1041	0.19953	-0.57661	1.1374	-0.52531	0.95465	-33.049	40.317	36.144	20.92	-57.396	39.034	6.324	-89.006	-11.843	-1.4725	-6.3515	-15.123
-1.3961	20.171	11.755	-4.8374	4.6264	0.779	-4.4938	-2.2758	-2.3894	-1.0203	-1.7757	1.6224	-1.1846	0.93127	-15.098	-201.42	46.363	19.159	52.465	41.907	88.327	-7.8894	-28.378	-1.0293	-115.19	56.917	-24.322	-8.2455
-2.4687	12.916	4.7991	-0.24922	3.4959	1.7847	-2.3699	-2.4065	-1.7023	-0.18714	-2.1336	0.81752	-0.74366	-0.5145	-42.908	-290.23	-278.24	183.53	-45.221	40.23	84.955	-5.2282	27.482	33.328	-14.314	-32.197	17.639	-57.831
-5.1741	-21.5	-1.2481	2.7424	1.2756	2.0016	0.90139	0.92334	-1.3682	2.4403	-0.042879	1.0342	-0.86729	-1.0187	-108.21	-1376.6	-241.88	119.66	-88.814	8.6756	130.85	133.19	13.365	105.1	83.627	8.6657	-4.9452	-20.17
-8.3067	-37.061	-12.137	5.2644	6.2756	2.8625	3.5318	-0.87131	1.6502	1.8188	-0.80408	0.43723	0.68376	0.27394	-125.3	-622.43	-435.58	100.88	200	34.435	105.22	-71.786	120.73	-24.858	-30.448	-23.877	62.042	51.707
-8.4435	-33.209	-24.426	5.1529	9.08	-1.4863	3.964	-0.3854	3.3894	3.0368	1.1347	0.80277	-0.12423	-0.60966	-5.4716	154.07	-491.54	-4.4601	112.18	-173.95	17.29	19.436	69.568	48.72	77.549	14.621	-32.319	-35.344
-8.2201	-29.884	-23.69	0.83948	-0.072651	-5.009	4.9102	2.2421	1.6272	1.9843	0.51742	0.89162	1.3703	0.47163	8.9355	133.01	29.423	-172.54	-366.11	-140.91	37.848	105.1	-70.488	-42.1	-24.689	3.5541	59.779	43.252
-6.1357	-14.881	-27.95	-0.083789	-5.0364	-5.2124	1.1682	1.495	-1.0355	2.1091	-2.1355	0.23983	1.0636	-1.0973	83.376	600.12	-170.4	-36.931	-198.55	-8.1325	-149.68	-29.887	-106.51	4.9898	-106.12	-26.071	-12.265	-62.758
-4.1201	-5.705	-37.184	6.0267	0.7926	-3.3638	2.648	3.0875	-0.52885	2.1094	-1.1869	1.816	1.8987	-1.3885	80.623	367.04	-369.34	244.42	233.16	73.943	59.194	63.701	20.264	0.014914	37.945	63.047	33.401	-11.645
-3.4234	5.6684	-39.576	3.4959	0.24978	-6.2807	2.2622	2.6715	-0.38718	1.9072	-1.1294	-0.71643	1.426	-1.1006	27.87	454.94	-95.683	-101.23	-21.713	-116.68	-15.432	-16.64	5.6669	-8.0908	2.2979	-101.3	-18.905	11.516
-3.4332	15.413	-32.015	1.776	0.50041	-5.2329	1.0823	4.3627	-1.6622	0.5306	0.36913	-0.11118	1.7875	-0.59435	-0.3933	389.77	302.43	-68.797	10.025	41.914	-47.197	67.648	-51.001	-55.063	59.942	24.21	14.459	20.248
-4.1296	9.1555	-28.375	-1.1986	0.66718	-4.5566	-1.2822	3.1619	-0.072329	1.7354	-0.06983	0.99229	0.95329	-0.64535	-27.857	-250.28	145.62	-118.99	6.671	27.051	-94.582	-48.031	63.595	48.193	-17.558	44.139	-33.368	-2.0402
-4.5736	12.905	-15.741	4.7899	6.8016	1.1923	0.53621	1.7753	-1.8612	-0.067757	1.2892	0.094237	-0.34819	-0.11508	-17.758	149.98	505.35	239.54	245.38	229.95	72.737	-55.463	-71.554	-72.127	54.361	-35.922	-52.059	21.211
-3.9458	13.061	-4.4967	2.5745	6.9399	5.4512	0.66886	-1.1926	-5.5058	-0.30385	-0.079027	-0.9755	-1.0929	0.60104	25.111	6.2352	449.77	-88.615	5.5307	170.36	5.3061	-118.72	-145.79	-9.4435	-54.729	-42.79	-29.79	28.645
-3.6963	8.9296	0.32276	-1.4523	10.581	4.5937	-0.59917	-1.6753	-4.024	-0.61994	0.52296	-1.2334	-2.0096	-0.06805	9.9806	-165.25	192.78	-161.07	145.66	-34.298	-50.721	-19.309	59.273	-12.644	24.08	-10.317	-36.666	-26.763
-4.4568	8.0348	-2.3607	1.2046	4.5673	3.8029	-1.3765	0.89278	-2.4952	1.5843	-0.29576	-1.24	-1.526	-2.4636	-30.42	-35.792	-107.34	106.28	-240.57	-31.634	-31.092	102.72	61.154	88.169	-32.749	-0.26297	19.344	-95.821
-6.3049	-29.536	-1.1937	0.66488	3.7316	5.484	-0.68308	1.4999	-1.4446	2.3178	-0.20629	-0.29151	-0.99378	-1.6336	-73.924	-1502.8	46.679	-21.59	-33.431	67.246	27.736	24.287	42.022	29.341	3.579	37.94	21.288	33.2
-8.4788	-54.473	-2.0046	7.5523	1.8517	5.6552	1.3186	1.7358	2.2558	4.0154	0.36374	0.68508	-1.6746	-2.818	-86.956	-997.48	-32.436	275.5	-75.193	6.8459	80.068	9.4322	148.02	67.906	22.801	39.064	-27.232	-47.376
-8.5787	-54.909	-1.4431	7.2378	1.2968	5.1667	1.4071	2.5205	2.8862	3.2098	0.063388	0.30755	-1.0696	-2.5872	-3.9984	-17.427	22.462	-12.579	-22.199	-19.539	3.5394	31.392	25.213	-32.227	-12.014	-15.101	24.201	9.2335
-7.4628	-43.845	-2.3434	1.1686	1.3108	4.3919	1.812	5.3753	2.7654	0.49658	0.042491	0.89107	-0.70573	-0.97046	44.635	442.55	-36.012	-242.77	0.56165	-30.992	16.196	114.19	-4.8304	-108.53	-0.8359	23.341	14.553	64.667
-4.32	6.7711	-2.2432	-6.6632	1.3417	-2.1255	0.22426	2.7814	-0.52378	-0.60687	0.22208	-0.54889	-0.89786	-2.0702	125.71	2024.6	4.0066	-313.27	1.236	-260.7	-63.51	-103.76	-131.57	-44.138	7.1836	-57.599	-7.6853	-43.99
-2.8641	22.471	1.9002	-2.7512	3.4184	0.48294	0.67363	-2.4635	-4.6717	-0.32821	0.9229	-0.29684	0.44083	-2.5524	58.236	628.01	165.73	156.48	83.066	104.34	17.975	-209.79	-165.92	11.146	28.033	10.082	53.548	-19.288
-1.9906	22.696	7.6188	-3.4164	-0.35099	3.9092	-4.8965	-0.52711	-6.1575	-1.0791	2.3006	1.8908	-0.35385	-0.62995	34.942	8.9902	228.75	-26.607	-150.77	137.05	-222.81	77.454	-59.434	-30.034	55.108	87.506	-31.787	76.898
-1.404	21.193	12.407	-4.39	-2.4728	0.71797	-3.8974	-1.86	-1.1575	-2.6935	2.5338	1.9199	-0.4365	2.1668	23.465	-60.111	191.54	-38.944	-84.872	-127.65	39.967	-53.316	200	-64.577	9.3266	1.1637	-3.3062	111.87
-1.3064	21.239	12.908	-3.8522	-3.019	-2.4157	-2.6846	-2.3805	1.294	-3.6293	3.816	1.6394	-0.080267	2.2771	3.9023	1.8359	20.049	21.512	-21.85	-125.35	48.508	-20.821	98.061	-37.434	51.289	-11.219	14.249	4.4119
-1.4286	20.871	12.182	-1.8984	-3.1659	-6.6915	-0.41787	-2.0311	2.2489	-3.1246	1.9971	2.3409	-1.2216	3.0219	-4.8892	-14.716	-29.052	78.152	-5.874	-171.03	90.671	13.976	38.194	20.19	-72.757	28.058	-45.655	29.789
-1.2202	21.483	11.997	-0.79292	-4.0303	-8.8942	0.57172	-2.1736	3.2114	-2.7944	1.6346	1.2387	0.15359	2.8211	8.3386	24.47	-7.3945	44.22	-34.579	-88.106	39.583	-5.7002	38.498	13.208	-14.499	-44.086	55.009	-8.0322
-1.0972	22.081	12.011	-0.20198	-5.1255	-9.052	0.46271	-2.3864	3.1958	-1.2789	0.40016	1.0557	0.04558	2.7051	4.9196	23.922	0.55747	23.638	-43.808	-6.315	-4.3604	-8.511	-0.62206	60.62	-49.378	-7.3222	-4.3205	-4.6376
-1.1487	20.112	12.72	1.0701	-6.4124	-9.9359	0.97639	-2.0317	2.4409	-0.11909	-0.21957	0.1026	0.49501	3.2002	-2.0608	-78.765	28.345	50.885	-51.475	-35.356	20.547	14.188	-30.196	46.391	-24.789	-38.123	17.977	19.802
-0.96287	19.293	13.594	1.1086	-8.1403	-9.2463	1.8137	-2.7453	2.2613	0.20161	0.17629	-0.92392	0.97864	3.444	7.4331	-32.745	34.952	1.5364	-69.115	27.587	33.493	-28.545	-7.1836	12.828	15.834	-41.061	19.345	9.7534
-0.96585	19.572	14.666	-0.0161	-9.8657	-8.447	2.0545	-2.4872	1.231	0.94282	-0.61737	-1.1787	2.0376	2.8265	-0.11919	11.141	42.874	-44.986	-69.016	31.971	9.6301	10.326	-41.213	29.648	-31.746	-10.19	42.357	-24.699
-0.94115	19.443	15.585	-0.62937	-12.024	-7.9973	3.472	-2.6931	0.91976	-0.14386	-0.66796	0.10294	2.0396	1.7656	0.9877	-5.1627	36.773	-24.531	-86.347	17.986	56.703	-8.2353	-12.45	-43.467	-2.0236	51.264	0.079332	-42.436
-1.04	19.793	15.01	-1.8628	-14.575	-6.9043	6.1315	-4.522	0.40066	-1.6394	0.72888	0.76056	0.18451	2.7258	-3.9526	14.017	-22.995	-49.339	-102.03	43.722	106.38	-73.155	-20.764	-59.82	55.874	26.305	-74.202	38.407
-1.7321	13.989	14.218	-4.0041	-12.063	-4.8804	5.967	-4.3356	-0.72358	-1.3825	1.0098	0.31782	0.62871	3.2195	-27.687	-232.16	-31.669	-85.651	100.47	80.954	-6.578	7.4535	-44.969	10.273	11.236	-17.709	17.768	19.746
-2.6468	5.7065	13.833	-4.342	-11.439	-2.8738	6.3741	-3.6078	-4.2315	-1.0022	1.1517	0.78103	1.3928	2.0317	-36.586	-331.31	-15.397	-13.515	24.959	80.265	16.285	29.112	-140.32	15.211	5.6773	18.528	30.564	-47.509
-3.625	8.084	10.049	-4.855	-9.3548	-2.4627	7.3953	-5.2274	-4.1627	-2.13	1.3334	0.8916	-0.28373	1.9563	-39.127	95.099	-151.36	-20.522	83.387	16.444	40.848	-64.781	2.7514	-45.111	7.269	4.4227	-67.061	-3.0185
-4.2648	-13.101	6.7906	-3.2561	-9.1776	2.3601	7.2611	-4.324	-5.0098	-1.5958	0.7979	2.2102	0.13707	3.0521	-25.592	-847.41	-130.35	63.958	7.0872	192.91	-5.3681	36.135	-33.883	21.371	-21.422	52.745	16.832	43.835
-7.1591	-31.399	6.4044	-1.1025	-7.7205	7.0885	6.9536	-2.6755	-7.3178	1.4139	3.1542	0.66094	-2.9015	0.22902	-115.77	-731.89	-15.446	86.145	58.283	189.14	-12.299	65.94	-92.319	120.38	94.251	-61.972	-121.54	-112.93
-7.95	-45.567	-0.17662	-0.36022	-6.225	8.4224	6.5425	-1.4636	-5.1888	3.4819	4.566	0.58696	-1.9636	-0.59386	-31.637	-566.75	-263.24	29.69	59.821	53.355	-16.444	48.474	85.158	82.723	56.472	-2.9591	37.515	-32.915
-9.6974	-59.454	-8.1163	-2.4513	-5.0768	8.3446	6.7035	-0.33386	-2.756	5.6528	3.187	0.23002	-2.0194	0.11429	-69.895	-555.47	-317.59	-83.645	45.928	-3.1128	6.4394	45.191	97.313	86.834	-55.159	-14.278	-2.2342	28.326
-11.464	-67.212	-11.367	-1.4011	-2.502	6.8775	4.3441	1.2786	-1.8336	3.5365	2.6647	0.64382	-0.66177	0.0041994	-70.661	-310.3	-130.03	42.011	102.99	-58.682	-94.378	64.497	36.895	-84.651	-20.892	16.552	54.307	-4.4035
-8.9569	-55.868	-17.932	-8.1766	2.9672	2.9973	-2.6759	2.045	-0.23767	1.9374	-0.14038	-0.57868	-0.0030946	-0.77193	100.28	453.72	-262.58	-271.02	218.77	-155.21	-280.8	30.656	63.838	-63.963	-112.2	-48.9	26.347	-31.045
-5.7319	-12.956	-20.261	-6.6555	3.8328	1.0441	-0.22671	1.097	1.1301	2.273	0.14393	0.25271	1.1647	-0.79232	129	1716.5	-93.169	60.843	34.623	-78.127	97.967	-37.92	54.709	13.424	11.373	33.255	46.711	-0.81581
-4.4267	11.49	-30.899	-5.0698	0.7072	-2.3852	1.0292	2.3857	0.22476	2.222	0.28434	-0.10734	1.6662	-0.57416	52.206	977.86	-425.55	63.429	-125.02	-137.17	50.236	51.549	-36.212	-2.0429	5.6163	-14.402	20.062	8.7265
-3.5732	16.675	-32.65	-0.68126	1.1873	-2.1245	1.1421	2.3772	1.4625	3.0343	-0.18513	-0.11236	1.5168	-0.40225	34.141	207.4	-70.006	175.54	19.202	10.426	4.5157	-0.34029	49.511	32.494	-18.779	-0.20073	-5.9755	6.8765
-2.2679	20.781	-31.394	4.3904	1.2327	-4.0853	3.1383	2.2555	0.20923	4.2729	-1.5407	0.82295	0.82118	-1.6876	52.21	164.23	50.21	202.87	1.8172	-78.433	79.847	-4.8665	-50.132	49.544	-54.225	37.413	-27.826	-51.413
-1.7889	17.422	-36.618	3.4477	1.6839	-6.4421	4.0379	1.7078	-0.63482	4.2052	-0.80901	2.2306	-0.4491	-1.566	19.161	-134.34	-208.93	-37.708	18.05	-94.269	35.984	-21.909	-33.762	-2.7098	29.27	56.305	-50.811	4.8627
-1.8619	19.566	-33.042	6.0132	1.6685	-4.3944	5.4274	1.4537	-0.69669	4.3077	-0.54267	1.2383	-1.3257	-0.56649	-2.921	85.766	143.02	102.62	-0.61877	81.905	55.582	-10.164	-2.4749	4.1013	10.654	-39.691	-35.064	39.98
-2.6744	16.325	-32.473	7.2601	1.0929	-1.8376	5.2872	1.4512	-0.47161	2.8146	-0.30862	0.88851	-0.45904	-0.23178	-32.499	-129.66	22.781	49.876	-23.025	102.27	-5.6098	-0.1014	9.0031	-59.724	9.362	-13.991	34.667	13.389
-2.9369	13.168	-36.566	0.78855	-1.9615	-4.1544	3.9391	1.145	-0.76315	2.9212	-1.0203	2.981	-0.30656	-1.8406	-10.499	-126.28	-163.73	-258.86	-122.17	-92.673	-53.924	-12.246	-11.662	4.2644	-28.468	83.701	6.099	-64.353
-3.1547	14.379	-35.083	0.73612	-3.0838	-4.4924	3.7775	0.54021	-0.64263	2.4199	-1.1298	4.1737	0.053622	-1.6657	-8.714	48.445	59.319	-2.0973	-44.893	-13.517	-6.4626	-24.193	4.8208	-20.052	-4.3778	47.704	14.407	6.9947
-3.8832	7.2609	-31.621	0.14693	-2.0382	-4.4275	3.8705	0.22888	-1.7748	1.7174	-2.9078	1.9024	-0.80149	-1.6006	-29.14	-284.72	138.48	-23.568	41.822	2.5948	3.7179	-12.453	-45.287	-28.103	-71.121	-90.85	-34.204	2.6054
-4.9745	-1.161	-17.736	4.0304	2.241	0.64961	6.6209	3.1057	-0.21637	3.0575	-1.3298	0.18554	-0.64943	-1.3243	-43.649	-336.88	555.41	155.34	171.17	203.08	110.02	115.07	62.338	53.604	63.121	-68.674	6.0821	11.051
-3.5333	11.46	5.0804	-2.0017	4.0532	3.0723	1.2805	-0.38794	-5.0155	1.4795	1.8523	-1.8433	-0.78379	-1.721	57.647	504.84	912.64	-241.28	72.486	96.907	-213.62	-139.75	-191.96	-63.117	127.28	-81.155	-5.3743	-15.865
-2.9182	12.871	6.1908	-3.2686	6.0049	4.4021	-2.5199	-1.4737	-4.2071	-0.080329	2.0156	-3.4729	0.13257	-2.4236	24.603	56.422	44.416	-50.676	78.07	53.193	-152.02	-43.43	32.335	-62.395	6.5305	-65.182	36.655	-28.106
-2.6154	15.578	5.796	-3.9894	6.4074	4.8382	-3.3566	-2.1055	-3.3207	0.66803	1.5986	-4.055	-0.56446	-1.4222	12.114	108.3	-15.793	-28.833	16.099	17.444	-33.468	-25.271	35.454	29.934	-16.678	-23.285	-27.882	40.055
-2.5442	16.427	6.2236	-4.3108	5.362	5.7845	-4.3992	-1.5723	-2.845	0.84154	1.329	-4.3028	-1.1147	-0.85887	2.846	33.961	17.102	-12.856	-41.819	37.853	-41.704	21.326	19.031	6.9403	-10.784	-9.9116	-22.011	22.534
-2.5349	17.516	6.9176	-5.4197	4.2509	6.5147	-4.2723	-2.0028	-1.8775	-0.0024272	2.1314	-4.2943	-1.9059	-0.18926	0.37409	43.539	27.762	-44.355	-44.443	29.205	5.0767	-17.221	38.699	-33.759	32.096	0.34108	-31.645	26.785
-2.5346	15.9	7.8989	-5.7615	3.8047	7.2295	-5.2065	-1.3868	-2.1481	0.84654	1.6495	-4.5458	-1.1325	-1.0121	0.012297	-64.636	39.253	-13.672	-17.848	28.593	-37.367	24.64	-10.825	33.959	-19.274	-10.06	30.933	-32.915
-2.7987	14.054	7.9601	-5.0521	2.6729	8.48	-5.5145	-0.91712	-2.3209	0.38787	2.3471	-5.0601	-0.27614	-1.3756	-10.566	-73.825	2.4457	28.376	-45.272	50.019	-12.321	18.788	-6.9129	-18.347	27.902	-20.571	34.256	-14.54
-2.8711	13.834	6.9002	-4.7628	3.5801	8.1756	-5.4442	-1.9347	-0.72387	-0.9568	3.4574	-6.2271	1.0197	-1.793	-2.8946	-8.7837	-42.395	11.571	36.289	-12.174	2.8117	-40.703	63.883	-53.787	44.412	-46.682	51.834	-16.695
-3.1993	12.992	5.9246	-5.2971	5.096	8.0192	-6.3402	-0.28696	-2.4401	0.13792	3.8211	-6.6671	0.97895	-2.211	-13.128	-33.678	-39.023	-21.372	60.635	-6.2581	-35.839	65.91	-68.65	43.789	14.547	-17.599	-1.6296	-16.717
-3.8107	11.977	2.7288	-4.413	5.9362	5.456	-2.1719	-2.4832	-0.89604	0.36562	1.6066	-3.5405	-1.7257	-1.1328	-24.457	-40.601	-127.83	35.367	33.611	-102.53	166.73	-87.848	61.763	9.1079	-88.581	125.06	-108.19	43.125
-4.4848	-0.14836	0.57697	-2.2405	4.2049	5.6833	0.4101	-2.5067	-0.72842	0.28434	0.30991	-1.2693	-1.721	-1.0635	-26.965	-485.03	-86.071	86.9	-69.253	9.0903	103.28	-0.94088	6.7048	-3.251	-51.867	90.849	0.1875	2.773
-4.8292	-5.3085	3.8481	-2.7439	5.1575	5.8963	-0.94317	-0.38583	-1.4362	0.2489	0.48602	-2.4865	-1.5889	0.24751	-13.773	-206.4	130.84	-20.139	38.105	8.5234	-54.131	84.834	-28.312	-1.4176	7.0445	-48.688	5.2837	52.44
-4.4538	3.932	4.5511	-4.6549	5.3927	4.2898	-1.4578	-0.40662	-1.095	1.7269	-0.52746	-3.228	-0.49512	-0.20781	15.014	369.62	28.122	-76.438	9.4074	-64.262	-20.583	-0.83177	13.649	59.12	-40.539	-29.659	43.753	-18.213
-4.2776	4.102	7.8138	-6.2867	4.9325	5.7995	-4.3363	1.3013	-1.9213	2.0905	0.3646	-5.315	1.3038	0.22071	7.0477	6.7983	130.51	-65.273	-18.41	60.388	-115.14	68.317	-33.051	14.542	35.682	-83.479	71.957	17.141
-4.2511	1.1502	7.4781	-4.6217	3.7809	7.0838	-3.8163	0.16178	-1.4611	3.0185	-1.3081	-5.2557	2.3155	0.26581	1.0625	-118.07	-13.429	66.601	-46.063	51.372	20.801	-45.581	18.407	37.122	-66.909	2.3696	40.467	1.8043
-4.6458	-4.3464	8.5504	-3.1729	1.396	9.0937	-4.0545	0.1999	0.16026	2.0295	-1.9784	-4.195	1.5889	1.7848	-15.789	-219.86	42.892	57.952	-95.396	80.397	-9.5281	1.525	64.854	-39.559	-26.812	42.431	-29.063	60.76
-5.2161	-10.866	7.4206	-1.9172	0.037898	7.7965	-1.7964	1.9775	0.63293	0.95215	-2.0277	-4.5397	2.3665	2.3899	-22.812	-260.8	-45.191	50.228	-54.323	-51.889	90.325	71.104	18.907	-43.095	-1.9694	-13.79	31.104	24.202
-5.7687	-19.932	7.7363	0.89687	-4.8722	6.7596	4.0306	2.5016	0.51439	0.34535	-1.9918	-3.9286	1.1406	1.9405	-22.106	-362.63	12.626	112.56	-196.4	-41.477	233.08	20.965	-4.7418	-24.272	1.4341	24.443	-49.038	-17.974
-5.9639	-25.306	8.4779	4.1167	-7.0097	5.8715	5.4985	3.1376	0.63407	-1.1793	-2.6747	-1.7028	0.77925	0.17483	-7.8073	-214.97	29.664	128.79	-85.501	-35.524	58.715	25.44	4.7874	-60.984	-27.316	89.032	-14.453	-70.629
-6.0186	-25.764	9.3427	3.8395	-7.543	6.0398	6.4448	1.5795	-0.1228	0.88363	-3.3091	-1.7644	1.445	-0.76007	-2.1854	-18.326	34.592	-11.088	-21.329	6.7337	37.853	-62.325	-30.275	82.515	-25.377	-2.4622	26.629	-37.396
-6.1665	-28.93	9.9429	4.4586	-7.0998	5.39	5.5427	2.7794	0.044746	0.16993	-2.8117	-1.2427	0.58199	-0.40392	-5.9182	-126.63	24.006	24.761	17.725	-25.993	-36.085	47.996	6.7018	-28.548	19.899	20.865	-34.519	14.246
-6.237	-30.684	10.124	4.7178	-6.3472	5.128	4.5323	3.4795	0.3241	0.010442	-3.3491	-0.90369	0.78312	-1.0366	-2.8209	-70.165	7.2362	10.369	30.105	-10.481	-40.419	28.002	11.174	-6.3795	-21.496	13.562	8.0455	-25.309
-6.4209	-33.6	10.475	5.5187	-6.9302	4.7846	5.002	3.2007	0.48773	0.82355	-2.9782	-1.4231	-0.37221	-0.5275	-7.3524	-116.64	14.046	32.038	-23.32	-13.738	18.789	-11.151	6.5451	32.524	14.836	-20.775	-46.213	20.366
-6.9498	-35.625	6.8119	5.8803	-4.5371	3.2676	4.9209	3.6093	0.0068132	-0.31186	-1.3352	-1.1622	-0.80556	0.13293	-21.157	-80.994	-146.52	14.463	95.725	-60.677	-3.2427	16.343	-19.237	-45.417	65.717	10.434	-17.334	26.417
-7.2718	-38.68	2.5517	2.8844	-6.9492	2.8836	3.3259	2.8558	0.11609	0.6186	-0.24205	0.98469	-0.5266	-1.8018	-12.879	-122.19	-170.41	-119.83	-96.486	-15.363	-63.8	-30.14	4.3712	37.219	43.727	85.876	11.158	-77.389
-6.9979	-11.187	-3.7434	-7.2687	-12.865	0.99985	4.7903	1.0731	-0.42966	-0.55179	1.1711	0.20774	1.2247	-1.2759	10.954	1099.7	-251.8	-406.13	-236.63	-75.349	58.575	-71.308	-21.83	-46.816	56.524	-31.078	70.053	21.034
-6.6723	-13.155	-2.4202	-4.0751	-8.7588	2.3825	3.418	2.3051	-1.5013	0.85872	2.2436	2.0818	1.433	-1.4464	13.026	-78.726	52.927	127.74	164.25	55.308	-54.89	49.281	-42.865	56.421	42.903	74.961	8.3317	-6.8166
-5.278	-9.6857	1.9462	-1.5293	-1.4784	6.3876	7.5581	0.55025	-3.5614	-0.73064	0.06775	0.79607	-0.86745	-2.1278	55.773	138.76	174.66	101.83	291.21	160.2	165.6	-70.193	-82.403	-63.574	-87.035	-51.427	-92.019	-27.259
-4.1719	-7.55	9.2286	-0.89742	-3.3849	10.481	6.4233	-2.62	-4.8452	-2.4727	4.0473	-1.6282	-2.4237	-0.20799	44.244	85.427	291.3	25.277	-76.261	163.75	-45.392	-126.81	-51.354	-69.683	159.18	-96.973	-62.248	76.794
-3.6025	-3.977	11.538	-2.4571	-1.2965	11.958	3.278	-5.2969	-3.202	-2.8296	5.5268	-2.4786	-2.315	-1.0403	22.774	142.92	92.392	-62.389	83.536	59.068	-125.81	-107.08	65.729	-14.275	59.181	-34.012	4.347	-33.291
-3.2839	0.84319	10.252	-2.9679	1.0282	12.076	0.52406	-5.4522	-3.8229	-1.3977	5.5276	-2.7151	-2.9577	-1.209	12.745	192.81	-51.464	-20.432	92.989	4.7294	-110.16	-6.2118	-24.836	57.277	0.033976	-9.4617	-25.709	-6.7483
-3.0051	3.0527	10.408	-3.5467	1.29	12.292	-1.125	-4.5842	-3.2536	-0.86452	4.3566	-3.2826	-2.897	-0.18727	11.15	88.382	6.2607	-23.15	10.475	8.6137	-65.964	34.721	22.77	21.325	-46.842	-22.701	2.4279	40.868
-2.9614	4.396	10.316	-5.1307	4.1354	11.149	-2.0535	-4.4176	-3.0461	0.2235	2.7249	-3.1033	-2.4305	-0.53399	1.7512	53.729	-3.6772	-63.358	113.81	-45.689	-37.137	6.6627	8.3027	43.521	-65.268	7.1714	18.661	-13.869
-2.9587	7.1034	9.6185	-6.2106	5.7679	10.259	-2.0878	-4.5927	-2.4127	0.31544	2.0967	-3.0169	-2.6503	0.099081	0.10773	108.3	-27.917	-43.196	65.3	-35.607	-1.3742	-7.0057	25.336	3.6777	-25.129	3.4551	-8.7934	25.323
-2.8451	8.0622	8.5614	-6.2461	7.0409	9.9973	-3.1457	-4.0717	-2.1197	0.66396	1.2154	-2.7792	-2.1862	0.26587	4.541	38.351	-42.282	-1.4202	50.919	-10.475	-42.315	20.844	11.717	13.941	-35.25	9.5097	18.565	6.6716
-3.0088	8.7306	7.6205	-6.5375	8.7374	9.4987	-4.4635	-2.6142	-2.0632	0.34287	1.0781	-2.9142	-0.99953	-0.94351	-6.5449	26.738	-37.636	-11.656	67.862	-19.946	-52.713	58.298	2.2624	-12.844	-5.4932	-5.3994	47.466	-48.375
-3.2524	7.6481	5.2552	-5.6317	11.196	8.733	-5.5118	-1.1318	-2.5236	0.048832	1.502	-3.1273	-0.59844	-1.2272	-9.7445	-43.302	-94.611	36.232	98.331	-30.625	-41.932	59.297	-18.416	-11.762	16.955	-8.5234	16.044	-11.346
-3.5999	4.2439	3.3812	-3.6007	10.407	7.8429	-4.2082	1.0949	-3.3364	-0.64799	1.6797	-3.6801	0.094844	-0.87719	-13.902	-136.17	-74.961	81.241	-31.542	-35.606	52.144	89.068	-32.511	-27.873	7.1111	-22.113	27.731	13.999
-4.333	9.8781	-6.5425	1.3594	7.3654	4.7454	0.99335	0.46936	-1.5944	-0.67651	-1.8794	-2.2192	0.25366	-0.038584	-29.323	225.37	-396.95	198.4	-121.67	-123.9	208.06	-25.023	69.678	-1.1409	-142.37	58.437	6.3526	33.544
-5.0632	12.849	-15.908	5.7535	5.0706	2.6866	0.35479	-3.2539	-1.6575	1.7891	-0.74686	0.55286	-0.32764	-0.49078	-29.21	118.84	-374.62	175.76	-91.792	-82.353	-25.542	-148.93	-2.5214	98.624	45.303	110.88	-23.252	-18.088
-5.2817	8.0803	-20.997	5.8825	3.1119	0.70721	2.7779	-1.8342	-2.0004	2.4808	-0.7142	0.44975	-0.81534	-0.24331	-8.737	-190.75	-203.55	5.1611	-78.351	-79.175	96.923	56.789	-13.719	27.667	1.3064	-4.1245	-19.508	9.8986
-5.1565	6.7097	-25.809	3.7176	3.6862	-0.34256	3.3918	-0.63843	0.85165	1.5784	-1.3017	1.3621	-0.40466	0.26531	5.005	-54.825	-192.48	-86.598	22.972	-41.991	24.557	47.829	114.08	-36.093	-23.5	36.493	16.427	20.345
-4.9738	5.7541	-26.26	4.0326	1.7947	-1.1233	5.477	-0.54532	1.7444	3.2941	-1.4157	1.6294	-0.073521	0.25712	7.3118	-38.225	-18.037	12.603	-75.66	-31.229	83.408	3.7246	35.71	68.627	-4.5608	10.693	13.245	-0.32764
-5.1755	4.3887	-22.37	6.4574	4.0511	3.0477	4.5842	-3.4417	-0.51323	3.7107	-2.5513	0.83716	-0.63724	0.084239	-8.0711	-54.615	155.57	96.993	90.259	166.84	-35.711	-115.86	-90.305	16.664	-45.424	-31.69	-22.549	-6.9154
-5.1629	4.3773	-15.436	3.613	7.3376	5.844	4.9225	-3.1901	0.58457	1.358	-3.8256	-1.0569	-1.2533	-0.056938	0.50666	-0.45581	277.37	-113.78	131.46	111.85	13.531	10.064	43.912	-94.11	-50.971	-75.761	-24.641	-5.6471
-4.7057	4.655	-5.756	0.48105	7.9548	6.3249	2.6029	-0.62353	-2.4508	2.6928	-3.1092	-2.4475	-0.15288	-0.0074831	18.287	11.105	387.2	-125.28	24.688	19.236	-92.781	102.66	-121.41	53.395	28.654	-55.625	44.015	1.9782
-4.1788	-3.5104	5.6038	-4.5529	8.0095	10.36	0.48992	-3.6391	-3.826	2.7643	0.26774	-2.0033	-1.0108	-0.22528	21.074	-326.61	454.39	-201.36	2.1897	161.39	-84.521	-120.62	-55.008	2.8606	135.08	17.769	-34.318	-8.712
-3.9074	-2.4238	10.429	-5.2839	2.4127	11.296	1.012	-2.7186	-5.0876	1.0474	0.70814	-0.52228	-1.0311	-0.99843	10.858	43.463	192.99	-29.241	-223.87	37.453	20.884	36.82	-50.467	-68.676	17.616	59.24	-0.81007	-30.926
-4.0993	-6.6711	13.254	-2.5494	-2.4113	8.5323	2.6385	-0.65381	-4.011	-2.2676	-1.0707	0.41836	1.5415	0.43784	-7.6756	-169.89	113.01	109.38	-192.96	-110.54	65.058	82.591	43.065	-132.6	-71.152	37.626	102.91	57.451
-4.5504	-12.25	11.467	2.2713	-2.6774	3.0014	3.8339	1.1304	-1.7719	-2.2965	-2.5994	-0.29678	1.1265	2.4029	-18.046	-223.17	-71.459	192.83	-10.646	-221.23	47.818	71.369	89.563	-1.1551	-61.149	-28.606	-16.602	78.603
-4.9756	-23.884	11.733	6.4637	-2.1056	1.7531	1.8139	3.5284	-0.49396	-1.9634	-2.24	-1.2073	-0.28185	0.91175	-17.01	-465.35	10.64	167.7	22.873	-49.933	-80.803	95.921	51.119	13.322	14.374	-36.421	-56.334	-59.647
-5.0495	-25.242	10.466	8.5462	-1.6569	1.9583	-0.23759	1.6621	-0.51763	0.38702	-1.9253	0.086494	-1.1949	0.63965	-2.9524	-54.327	-50.701	83.297	17.949	8.2056	-82.058	-74.654	-0.94643	94.017	12.59	51.752	-36.522	-10.884
-4.7179	-26.299	11.539	9.6386	1.0042	0.19349	-1.2963	-0.43794	0.26857	-1.2118	0.10437	-0.30797	-0.4541	-0.17102	13.261	-42.257	42.916	43.695	106.44	-70.59	-42.35	-84	31.448	-63.952	81.186	-15.779	29.632	-32.427
-4.1358	-20.828	12.284	10.788	0.0094672	-1.5494	-3.2586	-1.4968	1.7886	-0.94428	-0.35616	-0.759	-0.27517	0.065329	23.284	218.83	29.803	45.961	-39.789	-69.714	-78.489	-42.352	60.801	10.7	-18.421	-18.041	7.157	9.4539
-3.5381	-12.253	11.516	9.8012	0.040107	-3.066	-3.6821	-3.1979	3.4402	-0.7897	-1.5264	0.28033	-0.63021	0.040681	23.908	343.02	-30.703	-39.456	1.2256	-60.664	-16.939	-68.044	66.064	6.183	-46.808	41.573	-14.202	-0.98592
-2.5913	-5.3411	12.897	7.7436	-0.17338	-5.1887	-4.7707	-3.0215	3.7707	-1.3076	-0.696	0.94385	-1.0016	0.013655	37.874	276.46	55.221	-82.305	-8.5393	-84.911	-43.547	7.0542	13.22	-20.717	33.214	26.541	-14.854	-1.081
-1.8898	0.63727	13.808	7.3266	-0.39219	-8.8173	-7.8071	-1.1006	5.0864	-0.39931	-0.079158	-0.18766	-0.9535	0.46535	28.059	239.13	36.446	-16.68	-8.7524	-145.14	-121.45	76.837	52.63	36.332	24.674	-45.26	1.9223	18.068
-1.6344	6.5345	13.055	5.0453	-0.64846	-11.116	-6.7273	0.30107	5.6803	-0.94655	0.753	-0.5672	-0.11972	0.36391	10.214	235.89	-30.105	-91.249	-10.251	-91.935	43.193	56.066	23.755	-21.889	33.286	-15.181	33.351	-4.0579
-1.4551	11.377	11.012	4.8579	-0.56375	-12.014	-5.918	0.62886	5.4065	0.074322	-0.79969	-0.4869	1.161	0.62856	7.1755	193.7	-81.703	-7.4953	3.3882	-35.931	32.371	13.111	-10.953	40.835	-62.108	3.2117	51.229	10.586
-1.1783	14.035	11.774	4.0833	-2.6181	-13.545	-3.7868	1.8584	5.2932	-0.3649	-2.2191	0.42164	1.7085	0.086822	11.068	106.33	30.474	-30.986	-82.173	-61.235	85.25	49.18	-4.5289	-17.569	-56.776	36.342	21.9	-21.669
-0.75926	18.767	12.327	1.4196	-4.6583	-13.235	-1.4283	3.0041	3.5703	-0.071419	-1.9693	0.58861	1.9177	0.10774	16.764	189.26	22.126	-106.55	-81.609	12.382	94.34	45.829	-68.919	11.739	9.9898	6.6786	8.3688	0.83666
-0.56722	21.421	12.932	1.1646	-6.7579	-15.619	2.0019	3.5837	3.1843	-1.8561	-1.1308	1.2036	1.3662	0.1303	7.6813	106.17	24.193	-10.2	-83.982	-95.35	137.21	23.184	-15.439	-71.389	33.541	24.599	-22.06	0.90231
-0.45325	22.328	13.211	1.1059	-8.5331	-14.169	1.3541	3.1468	3.7267	-1.8562	-0.91029	1.043	1.5126	0.53985	4.559	36.282	11.143	-2.3485	-71.009	57.979	-25.912	-17.474	21.697	-0.0045009	8.8208	-6.4248	5.8535	16.382
-0.45215	21.905	13.974	0.28706	-9.425	-13.547	1.9217	2.9832	3.713	-2.8621	0.51934	0.29834	2.1853	0.25112	0.044139	-16.905	30.537	-32.753	-35.677	24.887	22.703	-6.5461	-0.54709	-40.235	57.185	-29.785	26.911	-11.549
-0.40105	24.282	13.473	-1.1652	-8.611	-12.236	1.2317	3.4345	2.6452	-1.7478	-0.7747	0.70683	3.9488	-0.19562	2.0439	95.053	-20.04	-58.089	32.559	52.454	-27.599	18.053	-42.714	44.573	-51.762	16.34	70.537	-17.869
-0.63301	28.67	10.514	-1.9907	-7.4418	-11.071	1.3165	1.4297	2.7434	-1.4569	-0.9206	0.47555	4.6411	-1.0751	-9.2784	175.55	-118.39	-33.022	46.767	46.614	3.3921	-80.193	3.9273	11.637	-5.836	-9.2515	27.692	-35.179
-1.145	30.214	7.9596	-2.9466	-3.9593	-9.6534	0.17939	-0.5589	4.3867	-2.3762	0.55702	0.78651	3.6359	-0.93096	-20.478	61.73	-102.16	-38.233	139.3	56.688	-45.485	-79.542	65.733	-36.774	59.105	12.439	-40.206	5.7655
-1.955	23.647	7.422	-2.9109	-4.3693	-7.0036	1.5436	-1.8973	3.5189	-2.9517	2.6915	2.2502	0.65007	-1.0834	-32.401	-262.66	-21.505	1.4252	-16.399	105.99	54.569	-53.538	-34.711	-23.017	85.378	58.548	-119.43	-6.0984
-3.4641	12.874	4.5739	-5.922	-4.5456	-1.9129	1.706	0.59319	3.6978	-2.5002	1.9429	3.1162	-0.50207	0.22203	-60.364	-430.93	-113.92	-120.44	-7.0502	203.63	6.497	99.622	7.1541	18.059	-29.944	34.638	-46.086	52.218
-5.4725	0.26197	1.3684	-5.9093	-2.8642	-0.82268	1.2109	0.41874	1.9278	-1.3642	2.6207	3.6422	0.13699	-0.21009	-80.335	-504.48	-128.22	0.51004	67.255	43.608	-19.804	-6.9779	-70.798	45.441	27.111	21.04	25.562	-17.284
-5.8294	4.068	-8.9721	-4.1417	0.15132	1.2223	-1.4664	3.3483	-0.16769	0.6736	0.76023	2.7471	0.33283	-2.2195	-14.278	152.24	-413.62	70.702	120.62	81.798	-107.09	117.18	-83.82	81.51	-74.417	-35.804	7.8335	-80.377
-4.0814	18.419	-22.33	-4.5072	0.85041	-0.35749	-2.7876	2.7452	-0.049597	0.17301	0.17477	2.3009	-0.1758	-1.9229	69.922	574.05	-534.33	-14.621	27.963	-63.19	-52.849	-24.126	4.7236	-20.023	-23.418	-17.848	-20.345	11.863
-3.6622	24.792	-27.029	-3.8729	2.4538	-0.93007	-3.6907	2.3797	-0.20368	-1.4013	-1.9861	1.7095	-1.1853	-1.2189	16.766	254.91	-187.96	25.374	64.137	-22.903	-36.124	-14.618	-6.1634	-62.972	-86.434	-23.653	-40.381	28.162
-3.5303	20.524	-28.985	-4.4197	0.97309	1.3127	-2.5052	3.3577	0.81692	0.63663	0.35682	0.83874	-1.0051	-1.1682	5.2784	-170.71	-78.238	-21.873	-59.23	89.712	47.418	39.12	40.824	81.516	93.716	-34.832	7.2092	2.027
-3.6453	21.335	-29.63	-7.5696	0.84443	2.3645	-3.7379	0.3055	1.8564	0.87866	-1.0522	0.91286	-0.24904	-1.48	-4.6009	32.42	-25.785	-125.99	-5.1462	42.07	-49.306	-122.09	41.581	9.6813	-56.359	2.9648	30.242	-12.47
-3.8369	23.074	-25.693	-7.9421	-2.8478	3.9138	-0.85749	0.3426	1.8233	1.5326	-0.93722	2.5953	-0.053663	-3.2448	-7.6646	69.561	157.45	-14.901	-147.69	61.973	115.21	1.484	-1.3266	26.159	4.5975	67.296	7.8152	-70.595
-4.7901	16.88	-21.223	-7.0527	-4.2807	4.1162	0.72802	-0.99297	-1.0944	0.43383	-1.6066	2.8032	-0.72408	-1.2111	-38.128	-247.73	178.82	35.574	-57.316	8.0942	63.421	-53.423	-116.71	-43.952	-26.774	8.3178	-26.817	81.348
-5.6912	9.3692	-15.672	-6.7878	-7.036	2.8455	1.018	0.90739	-1.9493	1.5172	-1.4151	2.0309	0.41822	-0.31377	-36.045	-300.45	222.04	10.596	-110.21	-50.827	11.601	76.014	-34.193	43.336	7.6573	-30.893	45.692	35.894
-6.3376	5.4754	-13.337	-9.1874	-8.3034	0.33151	2.1927	2.3699	-1.2489	0.56897	-1.8773	3.2252	1.0112	-0.60177	-25.853	-155.75	93.405	-95.981	-50.698	-100.56	46.988	58.501	28.015	-37.93	-18.487	47.771	23.72	-11.52
-6.9109	-7.6606	-15.117	-6.6381	-6.9583	2.1652	2.0678	2.6693	-1.5777	-0.80487	-2.0667	1.8507	0.74046	-1.253	-22.933	-525.44	-71.21	101.97	53.804	73.348	-4.9972	11.974	-13.151	-54.954	-7.5736	-54.978	-10.83	-26.05
-8.5703	-22.387	-11.866	-4.8572	-4.8494	0.97465	2.8706	3.8589	-1.6925	-0.7706	-2.0147	1.5419	-0.0021128	-0.94232	-66.376	-589.04	130.04	71.24	84.354	-47.622	32.111	47.586	-4.5929	1.3708	2.0801	-12.352	-29.703	12.427
-9.8901	-43.938	-6.6283	-3.901	-6.7363	-0.054671	0.90856	2.3339	-0.85057	-0.65175	-1.5129	1.8407	-0.53865	-0.30412	-52.793	-862.05	209.5	38.245	-75.476	-41.173	-78.481	-61	33.677	4.7541	20.069	11.95	-21.462	25.528
-6.3109	-46.044	0.36203	8.842	-2.5624	0.29545	0.68812	0.99652	3.8049	1.8443	0.1442	1.5306	0.3643	0.24813	143.17	-84.264	279.61	509.72	166.96	14.005	-8.8177	-53.496	186.22	99.841	66.285	-12.403	36.118	22.09
-4.6351	-23.873	10.032	11.341	0.11025	-2.9053	-1.2756	0.04609	0.73654	-1.4611	-0.048163	0.88506	-0.10661	-0.37391	67.034	886.87	386.79	99.97	106.91	-128.03	-78.549	-38.017	-122.73	-132.22	-7.6944	-25.82	-18.836	-24.882
-3.8889	-14.29	12.129	9.8	0.015542	-3.6593	-4.521	-1.3509	2.443	-1.3055	-0.58785	0.17686	-0.62478	-0.14702	29.848	383.3	83.894	-61.65	-3.7884	-30.161	-129.82	-55.88	68.258	6.2262	-21.588	-28.328	-20.727	9.0755
-3.483	-12.196	11.559	9.6285	1.8002	-3.9833	-4.2574	-2.6196	0.48316	-0.47302	1.5091	0.15777	-1.9067	0.34076	16.238	83.77	-22.79	-6.8609	71.386	-12.96	10.546	-50.746	-78.394	33.297	83.879	-0.76339	-51.275	19.511
-3.3303	-10.856	11.164	9.9711	3.8562	-6.7634	-3.9281	-2.3912	0.78053	-0.66654	0.67003	1.1635	-1.3453	-0.13006	6.1073	53.577	-15.807	13.702	82.238	-111.2	13.17	9.1344	11.895	-7.7409	-33.563	40.23	22.454	-18.833
-2.8859	-8.0488	10.862	10.437	3.9539	-7.809	-5.079	-2.8278	2.2359	-0.41738	0.96654	-0.0073117	-1.1717	0.56409	17.773	112.3	-12.106	18.62	3.9103	-41.826	-46.035	-17.465	58.216	9.9666	11.861	-46.834	6.9432	27.766
-2.5696	-4.2565	9.6508	10.728	4.6199	-9.2701	-5.2248	-2.7014	1.913	0.0098743	-0.030701	-0.14826	-0.35068	0.70612	12.654	151.69	-48.436	11.673	26.64	-58.441	-5.8336	5.0578	-12.919	17.09	-39.89	-5.638	32.842	5.6812
-2.411	-3.2433	10.356	10.688	3.4762	-9.8217	-4.731	-2.3112	1.2404	-0.11969	0.52156	-0.12102	-0.64845	0.55339	6.3446	40.529	28.195	-1.6019	-45.749	-22.067	19.752	15.609	-26.904	-5.1825	22.09	1.0894	-11.911	-6.1094
-2.2679	-2.1389	11.429	9.3962	2.7361	-10.286	-4.825	-2.0634	2.1695	0.21336	0.0059473	-0.051056	-0.65771	0.31588	5.724	44.177	42.952	-51.687	-29.603	-18.567	-3.7604	9.9119	37.167	13.322	-20.624	2.7988	-0.37054	-9.5003
-2.2219	0.16281	12.181	8.1307	1.0469	-10.634	-4.709	-0.37027	2.683	0.15303	-0.10324	-0.55069	-0.54973	0.40454	1.839	92.069	30.058	-50.621	-67.568	-13.925	4.64	67.724	20.538	-2.4136	-4.3675	-19.985	4.3192	3.5463
-2.1855	3.1058	12.563	6.7794	0.51247	-10.903	-4.3629	0.39556	3.4068	0.18284	-0.35556	-1.1815	-0.70552	1.3763	1.4558	117.72	15.302	-54.05	-21.379	-10.762	13.848	30.633	28.952	1.1926	-10.093	-25.232	-6.2315	38.869
-2.1441	5.2852	12.741	5.6289	-0.0044958	-10.335	-3.4995	-0.54713	4.8706	-0.26831	-1.3988	-0.3397	-2.1557	2.9402	1.6564	87.175	7.0878	-46.02	-20.678	22.72	34.533	-37.708	58.552	-18.046	-41.732	33.671	-58.007	62.559
-2.1939	8.36	13.166	2.3019	-0.71145	-7.9116	-2.9843	-0.96796	4.6025	-1.526	-1.1314	-0.16396	-1.5923	3.6196	-1.9919	122.99	17.033	-133.08	-28.278	96.939	20.61	-16.833	-10.723	-50.306	10.7	7.0294	22.537	27.176
-2.6621	5.0803	16.621	-1.6678	-2.4368	-1.9114	-4.1879	-0.55792	1.8277	-0.96758	-2.3185	-0.21547	2.0375	0.96378	-18.729	-131.18	138.18	-158.79	-69.013	240.01	-48.145	16.402	-110.99	22.335	-47.488	-2.0601	145.19	-106.23
-3.4441	-1.3799	12.888	-1.1967	-6.0936	2.0214	1.4102	-1.6341	-0.86118	-0.59182	-1.0075	1.4076	1.2186	0.17307	-31.279	-258.41	-149.32	18.846	-146.27	157.31	223.93	-43.049	-107.56	15.03	52.441	64.922	-32.755	-31.628
-4.7524	-2.1759	-0.12026	-0.091734	-5.9007	2.9722	3.5955	-0.43137	-2.2238	0.93029	-1.8809	0.26226	0.62358	-0.39513	-52.33	-31.838	-520.33	44.198	7.716	38.035	87.41	48.111	-54.504	60.884	-34.936	-45.813	-23.801	-22.728
-3.4823	12.448	5.2005	-0.73463	-3.4956	2.6975	-0.84057	-0.81493	-2.6728	-1.1152	-1.6097	2.6365	0.95848	-0.2118	50.803	584.96	212.83	-25.716	96.205	-10.988	-177.44	-15.342	-17.961	-81.818	10.848	94.97	13.396	7.3333
-2.9045	8.765	13.707	-4.6214	-1.1872	-0.39898	-0.54191	-1.33	-4.7048	0.034907	0.063096	1.5698	2.1789	0.2266	23.111	-147.32	340.27	-155.47	92.336	-123.86	11.946	-20.602	-81.28	46.003	66.913	-42.669	48.816	17.536
-2.8455	6.7307	14.227	-3.9069	-1.9662	-0.95891	1.4917	-3.0658	-4.3247	0.53351	0.17095	1.3393	1.2492	0.7885	2.3621	-81.372	20.784	28.581	-31.162	-22.397	81.345	-69.433	15.203	19.944	4.314	-9.2208	-37.185	22.476
-3.0621	4.5469	14.632	-3.5032	-3.302	-0.9067	3.6166	-4.5869	-3.8115	0.99111	-0.52524	1.2075	-0.12939	1.6571	-8.664	-87.353	16.185	16.149	-53.432	2.0884	84.994	-60.844	20.529	18.304	-27.847	-5.2694	-55.145	34.745
-3.201	2.2439	14.486	-1.5291	-5.634	-0.21949	3.5237	-5.0944	-2.108	-0.31721	-1.2736	2.2005	-0.8857	1.5003	-5.5574	-92.121	-5.8333	78.965	-93.278	27.488	-3.7165	-20.299	68.139	-52.333	-29.936	39.721	-30.252	-6.2743
-3.4602	1.1579	15	-0.88736	-8.3346	-0.46098	5.2771	-4.8266	-2.3351	-1.6061	-0.61333	2.781	-1.0812	1.4115	-10.368	-43.437	20.566	25.668	-108.03	-9.6595	70.139	10.712	-9.0861	-51.554	26.412	23.218	-7.8216	-3.5503
-3.9601	-2.5119	12.738	-2.5456	-9.2775	2.0225	6.9146	-3.1861	-5.4083	-1.148	1.2996	1.7857	-1.766	2.5483	-19.998	-146.79	-90.49	-66.331	-37.716	99.34	65.499	65.62	-122.92	18.324	76.516	-39.81	-27.392	45.474
-5.0511	-9.0561	11.389	-3.6929	-11.382	2.0947	7.4674	-1.9686	-2.1662	-0.76269	1.3831	1.5485	-2.0996	1.761	-43.639	-261.77	-53.951	-45.888	-84.172	2.8864	22.113	48.699	129.68	15.411	3.3395	-9.4894	-13.343	-31.495
-5.6204	-17.976	10.249	0.34392	-9.3357	0.82124	4.1783	-1.9467	0.16172	0.28892	0.84953	1.1433	-0.2744	1.6615	-22.771	-356.8	-45.607	161.47	81.847	-50.938	-131.57	0.87765	93.119	42.064	-21.341	-16.21	73.008	-3.9772
-6.1021	-16.714	9.9307	0.65298	-9.3485	-0.84334	2.7696	-2.6352	1.5194	-1.0094	-1.031	1.4242	-0.38549	2.0196	-19.267	50.488	-12.718	12.363	-0.51198	-66.583	-56.346	-27.541	54.307	-51.932	-75.22	11.236	-4.4435	14.324
-5.8781	-17.536	8.7288	-1.658	-11.277	-0.5597	5.0325	-1.2203	2.8139	-1.8687	-1.0551	2.2773	-0.0073425	0.92658	8.9583	-32.872	-48.075	-92.44	-77.124	11.345	90.515	56.595	51.782	-34.373	-0.96651	34.125	15.126	-43.722
-5.8995	-13.892	9.7483	1.1272	-11.667	-4.0142	1.1378	-0.69781	3.7605	-3.0417	-1.2739	2.557	0.50158	0.29635	-0.8554	145.74	40.778	111.41	-15.63	-138.18	-155.79	20.901	37.862	-46.92	-8.7499	11.191	20.357	-25.209
-5.598	-7.8671	2.934	-1.7708	-8.7799	-2.4261	2.5012	-2.5696	8.4459	-2.2543	-1.1421	3.4604	0.036834	1.6967	12.061	241.01	-272.57	-115.92	115.5	63.525	54.537	-74.872	187.42	31.498	5.2715	36.134	-18.59	56.014
-3.9109	-1.8864	6.0787	-0.43472	-9.7533	-4.4992	0.97676	-1.176	6.4394	-1.4627	-1.2288	1.9313	1.8862	0.41462	67.484	239.23	125.79	53.443	-38.935	-82.925	-60.978	55.746	-80.259	31.663	-3.4696	-61.163	73.976	-51.283
-3.7796	-1.9578	8.6972	0.74552	-10.736	-8.0435	-0.85559	-0.034811	5.8366	-1.346	-1.3891	2.7547	2.7345	0.35916	5.2499	-2.8585	104.74	47.21	-39.29	-141.77	-73.294	45.647	-24.114	4.6678	-6.4112	32.935	33.93	-2.2183
-3.4131	-0.21349	10.605	1.2425	-9.14	-7.0987	1.051	-0.66271	6.0519	-0.61123	-2.9797	1.8842	1.3597	0.16223	14.663	69.774	76.294	19.878	63.822	37.793	76.263	-25.116	8.6108	29.391	-63.622	-34.818	-54.993	-7.8772
-2.6693	4.8093	10.365	3.3343	-8.3444	-11.119	0.98891	-0.52141	5.9188	0.040887	-2.987	1.5155	3.081	-0.63001	29.748	200.91	-9.5723	83.672	31.823	-160.82	-2.4833	5.6521	-5.323	26.085	-0.29467	-14.752	68.852	-31.69
-2.0446	6.9875	12.184	3.6827	-8.0441	-11.588	-1.0149	0.48119	6.5459	-0.71243	-2.5461	2.0465	2.1994	-0.84623	24.989	87.13	72.74	13.937	12.013	-18.732	-80.154	40.104	25.085	-30.133	17.637	21.242	-35.264	-8.6487
-1.9334	4.5956	13.291	5.4623	-9.0018	-9.852	-2.7089	-0.53899	8.606	-1.1512	-1.9931	0.90371	2.2937	-0.88133	4.4475	-95.675	44.291	71.183	-38.309	69.422	-67.758	-40.807	82.403	-17.552	22.121	-45.712	3.7721	-1.404
-1.9229	3.9144	13.048	5.8811	-7.7811	-10.734	-1.8708	-1.2965	7.0686	0.80374	-2.0931	1.4483	0.46292	-0.49014	0.42198	-27.249	-9.724	16.753	48.828	-35.272	33.522	-30.302	-61.497	78.199	-4.0002	21.783	-73.23	15.648
-1.9664	4.5812	12.776	5.4894	-6.7792	-11.121	-2.8777	0.3455	6.3367	0.22848	-1.0381	1.0449	0.4901	-1.5647	-1.7397	26.674	-10.888	-15.667	40.075	-15.475	-40.275	65.681	-29.274	-23.01	42.2	-16.134	1.087	-42.984
-2.0393	6.4676	11.411	5.9849	-7.1694	-10.568	-1.5188	-0.072772	5.2835	0.38032	0.076436	0.51999	0.75121	-1.6254	-2.916	75.456	-54.574	19.817	-15.608	22.116	54.357	-16.731	-42.129	6.0735	44.581	-20.998	10.444	-2.4243
-2.2388	5.1123	11.286	5.7541	-5.4313	-9.8415	-2.7846	0.082727	4.8763	0.41494	-0.023145	1.2755	-0.012612	-2.0399	-7.9805	-54.215	-5.0015	-9.2304	69.526	29.053	-50.633	6.22	-16.288	1.3849	-3.9832	30.219	-30.553	-16.584
-2.3366	6.117	11.326	4.5405	-5.2976	-10.182	-1.9032	0.21672	4.9237	-0.75304	-0.25088	1.4257	0.37101	-1.6464	-3.9129	40.19	1.574	-48.543	5.3465	-13.607	35.255	5.3597	1.8955	-46.719	-9.1095	6.0116	15.345	15.74
-2.4375	6.3603	10.258	5.2541	-6.0468	-9.2711	-2.0403	0.31019	4.583	-2.1141	0.79458	1.0145	0.55955	-1.4757	-4.0348	9.7294	-42.719	28.543	-29.969	36.423	-5.4846	3.7387	-13.628	-54.443	41.818	-16.452	7.5419	6.8288
-2.4044	6.8094	9.2312	5.5979	-4.7935	-8.956	-2.0594	-0.42707	4.8968	-2.9393	1.1186	1.6905	-0.26905	-0.68131	1.3251	17.964	-41.062	13.751	50.132	12.603	-0.76303	-29.49	12.553	-33.007	12.959	27.044	-33.144	31.776
-2.5915	5.613	9.297	5.06	-2.5113	-9.1904	-2.7197	0.017076	4.0153	-3.0694	0.77903	2.2394	-0.64116	-0.2253	-7.4857	-47.855	2.631	-21.513	91.29	-9.3749	-26.411	17.766	-35.262	-5.2036	-13.581	21.955	-14.884	18.241
-2.7775	4.5917	8.5932	5.3814	-1.7057	-9.5269	-2.9629	0.78644	3.3611	-3.1173	1.3187	1.3832	-0.26805	-0.28233	-7.4383	-40.852	-28.152	12.852	32.224	-13.46	-9.7295	30.775	-26.169	-1.9175	21.585	-34.248	14.925	-2.2816
-2.9428	3.9795	7.1195	6.4067	-0.97934	-9.9844	-1.9666	0.64872	2.9378	-3.5075	1.6358	1.2399	-0.15849	0.14766	-6.6123	-24.487	-58.946	41.014	29.053	-18.3	39.853	-5.5089	-16.932	-15.605	12.684	-5.7321	4.3822	17.2
-2.9361	2.7669	7.6117	6.1803	0.64849	-10.553	-1.7148	0.93605	2.099	-3.3315	1.3712	0.85868	0.26675	0.37773	0.26578	-48.503	19.686	-9.0582	65.113	-22.754	10.073	11.493	-33.551	7.038	-10.583	-15.25	17.01	9.2025
-3.0211	4.2035	6.7332	6.4579	0.51773	-9.4553	-2.3236	1.1368	2.0118	-3.9744	1.2677	0.62567	0.37928	0.27206	-3.3986	57.464	-35.139	11.107	-5.2305	43.918	-24.355	8.0299	-3.4898	-25.717	-4.1409	-9.3202	4.501	-4.2266
-3.185	4.9596	6.2794	5.2625	1.8362	-9.1196	-1.6854	1.2134	2.0674	-4.866	0.96902	0.25467	0.92771	1.0461	-6.5546	30.244	-18.15	-47.817	52.737	13.426	25.529	3.0642	2.2248	-35.661	-11.947	-14.84	21.937	30.961
-3.3711	2.5729	7.1732	4.6331	1.3542	-7.7057	-1.1891	2.4019	0.86303	-4.9852	-0.31035	0.44051	1.5745	1.4499	-7.4442	-95.467	35.75	-25.178	-19.277	56.555	19.853	47.539	-48.174	-4.7711	-51.175	7.4334	25.873	16.154
-3.7046	1.474	7.2548	3.1566	0.75486	-5.2159	1.1179	2.1323	1.4886	-6.6582	-1.3046	0.67742	1.8794	1.9595	-13.341	-43.957	3.266	-59.061	-23.975	99.592	92.28	-10.784	25.025	-66.917	-39.769	9.4764	12.196	20.384
-4.175	-1.9248	8.636	0.50435	0.29849	-2.2145	1.5887	4.1575	0.31625	-7.1016	-2.2755	1.1911	2.5025	0.48005	-18.817	-135.95	55.248	-106.09	-18.255	120.06	18.832	81.01	-46.896	-17.738	-38.838	20.546	24.925	-59.18
-4.5784	-5.9627	7.8444	-1.05	1.0353	2.723	2.5526	3.661	-0.88769	-6.9313	-1.5614	1.6114	1.5927	-2.6745	-16.136	-161.52	-31.664	-62.176	29.473	197.5	38.555	-19.861	-48.158	6.8128	28.566	16.812	-36.393	-126.18
-5.1203	-7.7353	0.15418	-0.22772	5.3703	4.1506	4.7834	1.8737	-0.8794	-3.8424	-1.5541	1.0059	-0.45829	-3.3499	-21.676	-70.903	-307.61	32.893	173.4	57.105	89.233	-71.491	0.33148	123.56	0.29143	-24.22	-82.04	-27.017
-6.0503	-8.3966	-7.3313	3.0754	5.272	3.6684	-0.085839	2.8859	-1.9484	0.31609	0.37266	1.7951	-1.5307	-2.0602	-37.198	-26.45	-299.42	132.13	-3.9316	-19.286	-194.77	40.488	-42.76	166.34	77.07	31.569	-42.896	51.588
-6.7057	-11.916	-8.0476	2.964	5.9596	3.2657	0.43035	1.3893	-1.3401	1.8283	0.58405	-0.41376	-1.391	-0.6564	-26.216	-140.79	-28.649	-4.4558	27.505	-16.11	20.648	-59.863	24.333	60.487	8.4555	-88.355	5.5887	56.153
-6.6582	-18.007	-7.2603	2.8432	9.1196	3.1231	-1.1208	2.8344	-0.035843	2.0375	1.0268	-2.2137	-1.3995	-0.082789	1.8967	-243.63	31.491	-4.8331	126.4	-5.7038	-62.046	57.801	52.169	8.3684	17.708	-71.997	-0.3415	22.945
-6.4161	-20.227	-5.0574	1.8452	10.849	2.0733	-1.2939	5.6414	-0.80775	1.1424	0.43358	-1.2998	-0.11048	-0.64715	9.6853	-88.803	88.116	-39.92	69.182	-41.993	-6.9227	112.28	-30.876	-35.803	-23.727	36.557	51.561	-22.575
-6.0449	-21.282	-3.6698	0.92006	12.059	2.4924	-0.57698	6.9217	-1.1033	2.4041	-1.798	-2.3505	-0.19725	0.69214	14.846	-42.192	55.505	-37.006	48.377	16.764	28.675	51.211	-11.824	50.469	-89.265	-42.028	-3.4709	53.572
-5.5683	-19.998	-2.4503	0.96152	13.831	2.5969	-1.729	7.9256	-2.2384	1.6254	-1.5096	-1.4297	-0.27546	0.30063	19.066	51.36	48.779	1.6584	70.913	4.1794	-46.081	40.159	-45.401	-31.148	11.538	36.833	-3.1283	-15.66
-5.2082	-12.918	-3.6808	1.1791	13.856	3.9883	-1.5577	6.1921	-2.513	-0.25046	-0.30528	-1.046	-0.87356	0.67469	14.405	283.21	-49.219	8.7045	1.0021	55.656	6.8545	-69.343	-10.985	-75.036	48.173	15.345	-23.924	14.962
-4.9015	-10.938	-1.3723	0.46949	13.475	4.972	-1.4254	4.1125	-3.3614	0.46906	-0.59897	-0.40112	-1.2974	1.2085	12.266	79.186	92.34	-28.386	-15.254	39.349	5.289	-83.183	-33.938	28.781	-11.748	25.796	-16.955	21.351
-4.6964	-8.097	-0.31541	-0.64344	13.398	5.9082	-1.9594	3.2923	-2.931	0.0393	-0.20719	-1.1015	-0.77887	0.94971	8.2046	113.65	42.274	-44.517	-3.0676	37.449	-21.361	-32.806	17.219	-17.19	15.671	-28.016	20.743	-10.35
-4.5265	-6.1337	-0.67185	0.25257	12.826	6.4619	-2.7667	2.6291	-2.3456	-0.0088919	-0.26917	-0.94356	-1.1777	0.56692	6.796	78.531	-14.258	35.84	-22.884	22.148	-32.289	-26.531	23.413	-1.9277	-2.4795	6.3183	-15.952	-15.311
-4.4069	-6.001	0.18975	-0.28335	12.535	6.5844	-2.5803	3.2054	-2.4997	-0.61656	-0.60665	-1.5933	-0.69854	0.65505	4.7855	5.3095	34.464	-21.437	-11.642	4.9016	7.4544	23.055	-6.163	-24.307	-13.499	-25.991	19.165	3.5249
-4.2689	-5.7572	0.8671	-0.87115	12.702	7.3338	-3.4778	2.958	-2.3591	-0.47833	-0.86544	-2.194	-0.27398	0.5825	5.5203	9.7488	27.094	-23.512	6.6538	29.973	-35.898	-9.8981	5.6252	5.5291	-10.352	-24.025	16.982	-2.9019
-4.1469	-3.9831	1.5981	-1.727	12.302	8.3307	-4.3095	2.0403	-2.1521	0.18007	-1.1796	-2.411	-0.53974	0.28395	4.8786	70.964	29.239	-34.234	-15.997	39.878	-33.27	-36.707	8.2776	26.336	-12.568	-8.6826	-10.63	-11.942
-4.0044	-1.8933	1.8012	-1.6192	11.531	6.7671	-2.9382	1.4296	-2.2668	-0.070877	-1.2679	-1.6672	-1.4661	0.1156	5.6994	83.593	8.1231	4.313	-30.813	-62.546	54.851	-24.429	-4.5863	-10.038	-3.5307	29.754	-37.053	-6.7342
-3.8644	-1.8699	3.9535	-2.1065	9.9914	7.4613	-3.2161	0.029804	-2.1805	0.57769	-1.367	-2.1135	-0.79336	-0.32518	5.601	0.9347	86.093	-19.494	-61.599	27.768	-11.113	-55.991	3.4502	25.943	-3.9621	-17.853	26.908	-17.631
-3.8978	1.3238	4.3463	-2.5628	9.6288	6.6843	-3.5875	-1.0715	-2.2401	-0.16887	-1.6886	-1.2232	-0.11316	-0.35925	-1.3377	127.75	15.712	-18.251	-14.505	-31.077	-14.859	-44.053	-2.3828	-29.862	-12.866	35.613	27.208	-1.363
-4.0524	0.87448	4.0374	-2.215	8.813	5.9466	-1.8206	-2.7008	-2.2342	-0.033304	-1.562	-0.49995	-0.48429	0.33533	-6.1831	-17.974	-12.355	13.911	-32.63	-29.509	70.677	-65.172	0.23436	5.4227	5.0661	28.929	-14.845	27.783
-4.1108	-1.3671	6.4491	-3.7419	7.2629	7.0336	-2.3369	-1.5328	-3.6511	0.16915	-0.57964	-1.1976	-0.054929	0.6012	-2.336	-89.663	96.466	-61.074	-62.004	43.479	-20.652	46.719	-56.675	8.0981	39.292	-27.907	17.175	10.635
-3.9592	4.9335	6.125	-5.9311	5.9871	6.9878	-1.6255	-4.0235	-1.4851	-0.30539	0.37929	-1.6851	-0.25977	0.32216	6.0632	252.02	-12.962	-87.57	-51.034	-1.832	28.457	-99.627	86.642	-18.981	38.357	-19.498	-8.1937	-11.162
-3.9904	4.7766	7.494	-4.422	1.7737	6.2524	-0.84389	-3.5674	-2.6466	0.1259	1.0172	-1.5003	-0.20684	0.62992	-1.2476	-6.2751	54.76	60.364	-168.54	-29.415	31.265	18.243	-46.463	17.251	25.518	7.3893	2.1173	12.31
-4.2486	-2.9295	10.068	-2.9583	0.28543	5.6882	-0.78504	-2.1483	-3.9928	-0.98903	2.6582	-1.3873	1.057	0.30497	-10.328	-308.25	102.96	58.551	-59.531	-22.57	2.3539	56.767	-53.848	-44.597	65.638	4.5212	50.555	-12.998
-4.5235	-0.5542	8.3346	-3.3662	-1.4346	5.9436	1.3418	-4.5023	-2.0917	-1.4809	3.3005	-1.0442	0.18931	1.0201	-10.996	95.014	-69.335	-16.316	-68.8	10.217	85.072	-94.161	76.044	-19.673	25.695	13.723	-34.709	28.604
-4.8631	-10.582	8.0176	0.13908	-0.7853	5.3277	2.8768	-3.3245	-2.5158	-2.9781	1.8831	-1.2973	1.0899	2.1099	-13.585	-401.11	-12.681	140.21	25.97	-24.635	61.403	47.11	-16.961	-59.889	-56.698	-10.122	36.025	43.592
-5.3296	-13.267	7.2123	-0.15628	-1.6491	6.5754	3.541	-2.8886	-3.1397	-1.255	1.3048	-1.5397	0.13238	1.5627	-18.658	-107.41	-32.211	-11.814	-34.553	49.906	26.566	17.435	-24.955	68.922	-23.131	-9.6982	-38.302	-21.887
-5.6181	-14.013	7.9094	-1.604	-2.8447	7.1895	4.3264	-3.8993	-3.5852	1.0107	1.5555	-1.0449	-1.0429	1.2599	-11.54	-29.824	27.885	-57.908	-47.823	24.565	31.418	-40.427	-17.821	90.629	10.029	19.796	-47.01	-12.113
-5.9327	-17.515	8.8277	-4.092	-4.7217	7.7177	4.5392	-1.446	-4.6859	1.7924	2.7852	0.48713	-0.24471	0.42027	-12.586	-140.09	36.729	-99.522	-75.079	21.13	8.5081	98.133	-44.029	31.267	49.188	61.279	31.926	-33.585
-6.3679	-18.173	6.0144	-0.62531	-6.2799	7.3545	3.8919	-2.3544	-5.2435	0.60777	2.8869	2.3702	0.46712	0.27822	-17.408	-26.32	-112.53	138.67	-62.328	-14.531	-25.889	-36.337	-22.306	-47.384	4.0644	75.324	28.473	-5.6818
