2474567.66761755
2074515.45046607
893799.49960808
931213.061386664
2550193.83069213
1834480.50102899
1882731.89369374
1698600.52380505
1120963.42452631
872392.846895136
1002381.79224098
1358593.20815254
206622.961565182
1192451.61984081
1296358.51784556
1364865.9210769
1310267.07574487
2477040.00073995
1428070.68961713
1331758.22387871
698135.856466435
1332662.47057589
2455882.37045373
2995585.51024888
1191593.77897914
1398052.8282183
1592337.62485996
1329236.76036497
1443265.729139
1136904.64181305
4684468.7353386
1320128.9361663
50880123.9530466
333223051.554189
