-5.4975	-32.627	17.237	9.6216	-6.7167	-0.97278	3.2265	4.6859	1.8271	-3.4597	-1.7959	0.28138	-2.3474	-1.184	0	0	0	0	0	0	0	0	0	0	0	0	0	0
-5.3164	-21.385	20.243	7.6965	-9.1153	-0.92391	2.8569	6.0691	2.5158	-5.3891	-1.7594	0.071254	-2.7923	-2.0042	7.2427	449.68	120.22	-77.004	-95.947	1.9545	-14.784	55.327	27.549	-77.178	1.4609	-8.405	-17.796	-32.805
-4.698	-18.92	18.92	7.674	-9.177	-0.95752	4.7944	4.96	0.19508	-4.8986	-1.7999	0.027082	-1.8126	-1.7207	24.734	98.603	-52.889	-0.9007	-2.4668	-1.344	77.501	-44.36	-92.83	19.62	-1.6217	-1.7669	39.188	11.337
-3.5782	-12.459	23.288	8.2752	-10.564	-2.1338	4.6175	3.3699	-0.95921	-5.4042	-1.2693	-0.35975	-2.4998	-0.049435	44.795	258.46	174.71	24.049	-55.46	-47.052	-7.0761	-63.607	-46.171	-20.225	21.225	-15.473	-27.485	66.853
-2.8806	-5.1712	22.68	6.8245	-11.827	-0.9213	5.0449	-0.88424	-1.5613	-2.7478	-0.84033	-1.5807	-2.9827	0.52188	27.901	291.5	-24.338	-58.027	-50.548	48.501	17.097	-170.16	-24.083	106.26	17.159	-48.838	-19.317	22.853
-2.4056	-0.62566	22.99	5.461	-11.706	-0.87524	2.5699	-0.87417	-1.3122	-2.5994	-0.41012	-2.1474	-2.8357	1.0513	19.003	181.82	12.429	-54.54	4.8506	1.8426	-99.002	0.40272	9.9625	5.9354	17.208	-22.666	5.8807	21.178
-2.0144	2.9755	23.034	3.2311	-9.5999	-1.0776	-1.0989	-1.7401	0.89896	-2.1727	-0.95048	-3.8918	-0.41255	1.6186	15.647	144.05	1.7527	-89.196	84.24	-8.0945	-146.75	-34.636	88.447	17.07	-21.614	-69.777	96.925	22.692
-1.7433	6.5072	21.288	2.818	-7.5692	-1.5271	-4.5743	-1.3322	2.589	-1.9581	-0.87256	-3.9807	0.25489	2.1146	10.844	141.27	-69.837	-16.524	81.228	-17.98	-139.02	16.316	67.603	8.584	3.1166	-3.5574	26.697	19.84
-1.459	8.3302	19.669	3.7104	-7.2381	-2.9489	-6.1246	-0.31975	3.5387	-2.8623	-0.41321	-3.2143	0.49863	1.6206	11.37	72.922	-64.786	35.698	13.247	-56.873	-62.009	40.497	37.988	-36.168	18.374	30.655	9.7498	-19.759
-1.3497	9.8068	19.906	3.3088	-5.8239	-3.9953	-7.6849	-0.25596	4.1089	-3.378	0.42435	-3.0655	0.16182	1.3208	4.3743	59.063	9.5101	-16.064	56.568	-41.853	-62.415	2.5514	22.807	-20.628	33.503	5.9556	-13.473	-11.994
-1.3609	9.9074	20.843	1.9862	-5.2325	-3.7715	-7.895	0.39933	3.954	-2.8641	0.037063	-2.8679	0.16168	1.12	-0.44841	4.0222	37.443	-52.906	23.653	8.9518	-8.4042	26.212	-6.1942	20.556	-15.492	7.902	-0.0055709	-8.0308
-1.3723	7.8221	22.76	1.2465	-5.2915	-3.0227	-8.3904	0.67222	3.7642	-2.9843	0.52152	-2.508	0.076376	1.2495	-0.45545	-83.41	76.697	-29.586	-2.3584	29.95	-19.816	10.915	-7.5946	-4.8084	19.378	14.394	-3.4122	5.1787
-1.2862	9.0766	22.105	1.4412	-5.693	-2.7289	-8.535	0.57187	3.8801	-3.0773	0.64642	-2.5483	0.59995	0.90511	3.4441	50.181	-26.204	7.788	-16.06	11.751	-5.7851	-4.0138	4.6352	-3.7202	4.9958	-1.6082	20.943	-13.775
-1.1762	9.2646	22.751	0.78387	-5.7989	-2.5181	-9.2656	0.27756	4.4343	-2.7913	0.44199	-2.4508	0.61159	1.1603	4.4	7.5198	25.858	-26.295	-4.2371	8.432	-29.224	-11.773	22.171	11.441	-8.1771	3.8997	0.46547	10.209
-1.0372	10.862	22.13	0.027517	-5.6165	-2.2825	-10.784	1.0383	5.0311	-2.9774	1.8419	-3.0797	0.81411	1.1554	5.5587	63.889	-24.862	-30.254	7.2965	9.4256	-60.745	30.428	23.872	-7.4453	55.994	-25.156	8.1009	-0.19954
-1.0799	12.095	20.26	-0.30225	-4.638	-4.3603	-10.474	1.4535	3.8224	-2.5354	1.991	-2.1998	0.99123	0.55936	-1.7084	49.338	-74.805	-13.191	39.139	-83.112	12.426	16.608	-48.348	17.679	5.9661	35.196	7.0846	-23.84
-1.2801	11.194	19.364	-0.9099	-3.2159	-4.8224	-10.7	1.7681	3.6848	-2.402	0.99495	-2.6745	0.62479	1.5866	-8.0075	-36.045	-35.838	-24.306	56.886	-18.483	-9.0491	12.585	-5.5039	5.3373	-39.842	-18.989	-14.658	41.089
-1.3634	11.806	17.922	-1.0457	-3.543	-4.2458	-10.81	2.2123	4.414	-2.5994	1.2623	-3.337	1.2805	1.4102	-3.3341	24.492	-57.662	-5.4308	-13.085	23.063	-4.4029	17.769	29.168	-7.8967	10.694	-26.5	26.227	-7.0573
-1.4101	11.999	17.917	-2.0286	-3.3807	-5.4376	-10.749	1.9922	3.8845	-2.216	1.2537	-2.8723	1.2341	2.0092	-1.8661	7.6944	-0.22286	-39.316	6.4935	-47.673	2.4183	-8.8053	-21.182	15.336	-0.34485	18.59	-1.8543	23.961
-1.6302	16.447	16.671	-3.0302	-2.7982	-4.73	-10.374	2.4495	3.5789	-2.0655	1.5938	-3.6586	2.0829	0.84712	-8.8061	177.92	-49.831	-40.065	23.302	28.303	15.02	18.294	-12.224	6.0215	13.604	-31.453	33.951	-46.483
-1.6058	18.911	14.051	-3.1917	-2.7753	-4.65	-9.4469	2.7507	3.1482	-2.1155	1.7105	-3.6565	1.8229	0.32727	0.97938	98.553	-104.8	-6.463	0.91341	3.2005	37.081	12.047	-17.226	-2.0018	4.6694	0.081811	-10.397	-20.794
-1.6445	14.373	13.528	-3.4427	-3.8584	-4.8569	-8.9407	2.8007	3.0449	-1.8766	1.384	-3.1037	2.1108	0.8169	-1.5482	-181.52	-20.9	-10.037	-43.324	-8.2748	20.248	2.0012	-4.1338	9.5587	-13.06	22.115	11.513	19.585
-1.7823	19.555	12.688	-4.5262	-4.3079	-5.6178	-9.2245	2.8597	2.7308	-1.3374	0.34298	-2.7933	2.5515	1.0651	-5.5143	207.27	-33.594	-43.342	-17.981	-30.435	-11.351	2.3567	-12.563	21.566	-41.641	12.415	17.631	9.9272
-1.7848	24.116	13.572	-6.7075	-3.938	-3.9535	-7.1269	2.9661	1.3911	-1.0044	-0.25343	-1.8818	3.0773	-0.10767	-0.10045	182.45	35.346	-87.25	14.796	66.571	83.904	4.2558	-53.59	13.322	-23.857	36.459	21.03	-46.91
-1.6566	14.093	13.18	-7.3424	-4.9058	-3.4083	-6.5137	2.5033	1.3519	-1.6155	-0.27363	-0.59787	3.492	1.0027	5.1304	-400.91	-15.667	-25.398	-38.712	21.806	24.528	-18.511	-1.5659	-24.446	-0.80788	51.358	16.589	44.416
-2.093	26.568	13.126	-9.3106	-4.6178	-2.698	-7.2623	2.9927	0.21483	-1.5065	0.12137	-1.2945	4.6023	-0.51348	-17.458	499	-2.1729	-78.729	11.521	28.412	-29.943	19.578	-45.484	4.3621	15.8	-27.863	44.411	-60.649
-1.6794	25.121	12	-9.8914	-2.6638	-1.4784	-5.1763	2.4553	-0.95928	-0.83327	-0.27843	0.28889	3.6864	-1.7313	16.546	-57.858	-45.039	-23.23	78.16	48.784	83.44	-21.497	-46.964	26.928	-15.992	63.333	-36.635	-48.711
-1.9708	22.277	10.504	-9.9712	-3.1808	-2.1133	-5.5626	1.3412	-0.94112	-1.3002	-0.45982	1.7046	5.3853	-1.4828	-11.66	-113.78	-59.842	-3.1916	-20.678	-25.396	-15.453	-44.564	0.7264	-18.678	-7.2555	56.63	67.956	9.9381
-2.3417	31.501	10.117	-10.96	-1.6462	-0.28003	-4.2502	0.18323	-0.74721	-2.1766	0.46302	1.52	4.443	-2.8398	-14.834	368.98	-15.482	-39.549	61.381	73.331	52.497	-46.319	7.7564	-35.053	36.914	-7.3834	-37.693	-54.279
-2.0788	28.861	9.7769	-11.163	0.74347	0.14322	-2.4467	-1.827	-0.82531	-1.6235	0.067485	2.9996	2.0476	-3.0302	10.514	-105.63	-13.606	-8.1119	95.588	16.93	72.138	-80.41	-3.124	22.123	-15.821	59.181	-95.815	-7.6171
-2.2962	25.427	7.6411	-10.508	2.049	0.035676	-1.9764	-3.102	-2.2365	-1.3753	0.42459	4.1042	1.6522	-2.3164	-8.6945	-137.35	-85.433	26.178	52.22	-4.3017	18.813	-51.001	-56.446	9.9262	14.284	44.185	-15.816	28.555
-2.6457	30.955	5.6978	-9.8557	3.069	-7.5188e-05	-2.2863	-3.4723	-3.1061	-0.52303	0.14908	3.229	0.49851	-2.2393	-13.982	221.12	-77.729	26.101	40.801	-1.43	-12.399	-14.808	-34.788	34.092	-11.02	-35.007	-46.148	3.0806
-3.011	27.345	4.3141	-9.077	7.1684	0.029534	-1.2337	-4.0954	-2.1222	0.18073	-0.20467	2.3693	-1.6161	-0.93029	-14.611	-144.41	-55.351	31.148	163.98	1.1844	42.105	-24.926	39.36	28.15	-14.15	-34.388	-84.585	52.362
-3.1472	27.359	2.6353	-8.1962	9.0029	-0.30227	-1.5305	-2.846	-3.2034	2.2007	-0.20375	-0.4789	-0.11273	-1.2664	-5.4459	0.56219	-67.151	35.235	73.38	-13.272	-11.87	49.977	-43.248	80.8	0.036833	-113.93	60.135	-13.446
-3.1946	22.574	2.6463	-6.7733	8.9061	0.81912	-2.0275	-3.4225	-3.4341	2.5118	-0.94298	-0.67176	0.20662	-0.86259	-1.8967	-191.4	0.44193	56.917	-3.8712	44.856	-19.883	-23.061	-9.2284	12.443	-29.569	-7.7144	12.774	16.154
-3.4286	20.536	3.1642	-6.4756	9.307	1.188	-1.658	-4.3387	-2.5288	1.849	-1.2175	-1.2997	0.25821	-1.0078	-9.3607	-81.518	20.715	11.906	16.035	14.755	14.782	-36.647	36.212	-26.513	-10.982	-25.118	2.0636	-5.8074
-3.6497	19.903	3.6679	-5.9353	9.0662	1.5707	-1.7686	-4.3778	-2.8395	1.7482	-1.6506	-1.6435	-0.092297	-1.0821	-8.8453	-25.308	20.147	21.612	-9.6333	15.308	-4.4263	-1.566	-12.43	-4.0335	-17.324	-13.753	-14.02	-2.972
-3.982	16.732	3.7894	-5.3382	8.3978	2.5838	-1.7187	-3.2151	-2.7789	3.022	-2.5942	-0.87621	-0.72004	-0.99251	-13.29	-126.84	4.8604	23.883	-26.737	40.523	1.9995	46.508	2.4262	50.953	-37.742	30.693	-25.11	3.5825
-4.3286	4.9278	4.5992	-1.4402	7.3697	3.0374	-2.0227	-3.6874	-1.6048	2.5623	-2.3114	-0.55044	-1.3227	-0.11522	-13.866	-472.17	32.392	155.92	-41.124	18.145	-12.161	-18.892	46.964	-18.387	11.314	13.031	-24.106	35.092
-4.5165	-1.7702	1.4803	-0.7117	9.1331	1.3434	-2.1386	-4.8622	-2.9084	1.7273	-2.6448	-1.3699	-1.8632	0.55176	-7.5158	-267.92	-124.76	29.14	70.537	-67.761	-4.6364	-46.991	-52.147	-33.399	-13.34	-32.777	-21.62	26.679
-4.6751	13.995	3.2465	-3.8659	10.451	-0.68665	-1.8893	-3.5823	-2.5586	3.1859	-4.5464	-0.26504	-2.1724	-0.32113	-6.3408	630.61	70.65	-126.17	52.72	-81.201	9.9734	51.194	13.991	58.342	-76.064	44.193	-12.367	-34.916
-3.9745	1.6259	-3.1892	-2.1949	8.6519	1.8348	-2.3234	-4.4827	-3.3109	1.9735	-4.1151	-1.1397	-1.364	-0.49662	28.022	-494.77	-257.43	66.838	-71.968	100.86	-17.364	-36.013	-30.091	-48.495	17.252	-34.986	32.335	-7.0195
-4.2244	21.463	0.57483	-3.6635	8.3115	0.28304	-1.8461	-4.0317	-3.4733	2.6025	-3.7546	-0.79647	-0.97276	-1.244	-9.9952	793.48	150.56	-58.744	-13.616	-62.069	19.089	18.038	-6.4939	25.162	14.42	13.729	15.649	-29.894
-3.5478	15.353	-2.7177	-1.5824	8.732	1.3724	-1.6653	-2.6159	-2.7687	1.7957	-3.5276	-0.85954	-0.89787	-0.098906	27.064	-244.39	-131.7	83.243	16.819	43.575	7.2317	56.635	28.182	-32.275	9.0806	-2.5231	2.9955	45.802
-3.5894	20.715	0.34788	-3.2457	9.3928	1.4463	-2.3534	-3.6901	-3.7082	2.2065	-4.1317	-1.9055	-0.66984	-0.66889	-1.6653	214.46	122.62	-66.532	26.436	2.9543	-27.522	-42.969	-37.58	16.434	-24.163	-41.837	9.1215	-22.799
-3.7686	23.111	1.2743	-4.607	9.9322	2.2938	-1.9645	-2.5761	-2.8257	3.3959	-3.3391	-2.0794	-0.45393	-0.98028	-7.1649	95.842	37.056	-54.449	21.575	33.9	15.556	44.561	35.301	47.576	31.704	-6.9574	8.6362	-12.456
-3.6384	16.874	0.87269	-4.2406	11.363	3.168	-1.8443	-1.4468	-2.7637	3.8172	-3.1825	-2.4988	0.48793	-0.59249	5.2064	-249.48	-16.064	14.655	57.222	34.97	4.8073	45.171	2.4796	16.85	6.2639	-16.774	37.674	15.511
-3.934	11.048	-0.75645	-3.211	13.153	3.5973	-0.63548	-2.3682	-2.0284	4.1376	-3.653	-2.9609	0.19608	-0.23123	-11.824	-233.01	-65.165	41.182	71.592	17.171	48.353	-36.855	29.41	12.819	-18.819	-18.487	-11.674	14.45
-4.6829	6.258	-2.4429	-3.7254	13.667	4.5088	-0.89531	-0.84733	-2.1857	5.7461	-3.8673	-3.3169	0.58488	-0.53769	-29.956	-191.61	-67.46	-20.572	20.596	36.459	-10.393	60.833	-6.2895	64.336	-8.5743	-14.238	15.552	-12.258
-5.7245	-9.6017	-1.5549	-2.8222	12.886	5.0732	-0.23953	-0.52704	-1.1381	5.6237	-3.1917	-3.3252	0.69014	0.39572	-41.664	-634.39	35.521	36.127	-31.243	22.578	26.231	12.811	41.904	-4.8923	27.023	-0.33143	4.2104	37.336
-6.627	-34.677	-0.6074	1.343	9.2955	5.3876	0.81006	0.54636	1.7428	3.8117	-2.0201	-3.8706	1.863	1.0534	-36.102	-1003	37.9	166.61	-143.63	12.574	41.984	42.936	115.24	-72.482	46.866	-21.817	46.914	26.308
-8.6358	-51.495	-0.24374	5.2938	7.8641	6.8507	2.7323	-0.50127	2.4601	1.7783	-2.0127	-2.4277	1.3734	1.2868	-80.352	-672.73	14.546	158.03	-57.257	58.524	76.889	-41.905	28.691	-81.334	0.29528	57.718	-19.581	9.3341
-9.094	-57.305	-0.79611	8.079	6.5628	7.4113	2.7762	0.16	4.2236	1.035	-2.259	-1.2259	1.795	1.3067	-18.327	-232.39	-22.095	111.41	-52.052	22.424	1.7554	26.451	70.54	-29.733	-9.8511	48.071	16.863	0.79772
-9.3021	-58.177	0.14577	7.7409	5.1766	8.678	2.7303	-0.4244	4.3325	0.49045	-2.6081	-0.4858	2.175	1.6294	-8.3232	-34.896	37.675	-13.524	-55.449	50.669	-1.8364	-23.376	4.3545	-21.782	-13.963	29.603	15.199	12.906
-8.5104	-58.416	1.8255	10.271	2.8914	6.5455	3.0894	-0.24554	4.2765	0.056919	-2.2546	0.65158	1.0276	1.125	31.67	-9.5424	67.189	101.2	-91.406	-85.301	14.367	7.1544	-2.2403	-17.341	14.14	45.495	-45.895	-20.174
-8.0396	-29.155	0.52886	8.9332	1.656	3.4484	3.2052	-1.3121	5.3136	-1.2785	-2.9105	0.30692	0.64639	1.112	18.829	1170.4	-51.865	-53.504	-49.417	-123.89	4.6288	-42.663	41.484	-53.417	-26.236	-13.786	-15.249	-0.52017
-7.1967	-21.38	-1.4288	9.0649	2.7868	3.3665	3.5212	-1.0512	5.6954	0.89101	-4.5539	0.54952	0.92424	0.89044	33.717	311.02	-78.308	5.2655	45.232	-3.2744	12.64	10.436	15.273	86.781	-65.736	9.7039	11.114	-8.8633
-6.5508	-14.679	1.624	5.6686	2.8604	5.1898	2.4363	-0.28301	3.7492	0.20207	-5.1111	1.1076	-0.69679	1.3658	25.836	268	122.11	-135.85	2.9445	72.932	-43.395	30.728	-77.846	-27.558	-22.289	22.322	-64.841	19.013
-6.0387	-10.258	1.9687	5.5534	1.8613	6.7828	0.92479	-1.5755	3.869	0.52271	-5.6379	2.9762	-0.25935	1.6956	20.483	176.86	13.788	-4.6069	-39.964	63.722	-60.46	-51.701	4.7898	12.826	-21.074	74.744	17.498	13.195
-5.7369	-9.2749	2.5241	5.6976	1.1814	7.9088	-0.20092	-1.2104	3.9497	1.3407	-6.3245	3.1524	0.50151	0.55764	12.075	39.326	22.216	5.766	-27.199	45.038	-45.029	14.606	3.2296	32.72	-27.464	7.0476	30.434	-45.52
-5.5946	-6.5747	2.6697	5.9736	0.94071	7.7673	-0.2428	-1.0461	3.6469	1.6352	-6.5743	3.0846	0.66777	0.062943	5.6892	108.01	5.8229	11.043	-9.6262	-5.6608	-1.6752	6.571	-12.114	11.78	-9.9898	-2.7103	6.6505	-19.788
-5.5091	-5.0162	3.2317	5.1832	2.2804	7.2007	-0.63369	-0.94739	3.6469	1.1788	-6.1853	3.1785	0.38502	-0.13082	3.4197	62.34	22.479	-31.617	53.587	-22.662	-15.636	3.9494	0.0033439	-18.258	15.561	3.7547	-11.31	-7.7505
-4.1584	1.1551	4.3951	-0.030898	4.2508	6.4103	-0.38242	0.42471	0.49025	1.7391	-2.9327	1.1975	0.060709	-0.62627	54.029	246.86	46.537	-208.57	78.815	-31.616	10.051	54.884	-126.27	22.412	130.1	-79.24	-12.973	-19.818
-3.2089	23.094	6.2466	-6.5382	6.4637	1.8532	-1.4742	-1.84	-4.3822	1.6703	-0.92353	0.66724	0.33819	-0.97892	37.982	877.55	74.062	-260.29	88.52	-182.29	-43.672	-90.589	-194.9	-2.7498	80.367	-21.209	11.099	-14.106
-2.6974	25.976	9.4406	-6.4109	4.314	-2.2423	0.21442	-0.62227	-5.4508	1.6662	-1.1034	2.5328	0.72889	-0.089973	20.458	115.28	127.76	5.0946	-85.99	-163.82	67.546	48.71	-42.744	-0.16655	-7.1936	74.623	15.628	35.558
-2.6295	24.925	10.869	-5.9326	2.4821	-3.5798	0.59446	0.74157	-5.2469	2.2829	-2.3607	2.1868	2.3651	-0.08274	2.7185	-42.048	57.13	19.13	-73.274	-53.499	15.202	54.553	8.157	24.669	-50.294	-13.841	65.448	0.28933
-2.5515	22.327	13.388	-5.9907	1.5579	-5.0678	-0.18754	2.0639	-3.498	1.6986	-2.9135	1.732	2.9081	0.7213	3.1203	-103.91	100.77	-2.323	-36.969	-59.522	-31.28	52.893	69.956	-23.372	-22.112	-18.191	21.719	32.162
-2.4223	22.514	12.247	-3.6926	0.18718	-5.4835	-1.5507	2.1594	-1.2824	1.1398	-2.6986	0.66531	2.7509	1.5063	5.1685	7.4741	-45.632	91.922	-54.829	-16.629	-54.526	3.8206	88.622	-22.353	8.5954	-42.668	-6.2872	31.4
-2.322	23.112	10.554	-1.2044	-0.80478	-5.0731	-3.957	2.7295	0.13171	1.5379	-2.9037	0.26515	2.3554	0.80578	4.0094	23.911	-67.726	99.528	-39.678	16.416	-96.251	22.803	56.565	15.926	-8.2026	-16.006	-15.817	-28.021
-2.2145	19.329	12.927	-1.7296	0.45599	-5.8154	-5.433	2.5173	1.195	1.7052	-2.042	-0.17179	1.4448	0.59936	4.3009	-151.32	94.922	-21.007	50.431	-29.692	-59.041	-8.4857	42.531	6.6895	34.467	-17.477	-36.425	-8.2566
-2.0999	19.501	12.515	-1.3783	1.1554	-6.6041	-6.009	2.5306	1.0862	2.5534	-2.8091	0.59881	0.29484	1.2709	4.5845	6.8911	-16.498	14.052	27.977	-31.546	-23.04	0.53044	-4.3524	33.931	-30.682	30.824	-45.999	26.861
-2.0126	17.792	14.212	-1.9212	0.72852	-6.1724	-6.7632	2.7564	1.2222	1.9275	-1.2743	-1.0461	1.7151	0.53026	3.4907	-68.374	67.87	-21.715	-17.076	17.268	-30.167	9.0335	5.442	-25.038	61.391	-65.796	56.809	-29.625
-1.9105	15.075	16.37	-2.8472	0.31269	-6.1125	-7.0005	2.5547	1.7869	1.3641	-1.0754	-1.2139	1.4261	1.3427	4.0864	-108.67	86.332	-37.04	-16.633	2.393	-9.4925	-8.0694	22.586	-22.534	7.9549	-6.7136	-11.559	32.499
-1.9047	14.573	16.748	-2.7112	-0.86045	-4.9831	-7.7405	2.6858	1.8543	1.6572	-1.5012	-1.3976	1.8286	1.187	0.23229	-20.085	15.143	5.4391	-46.925	45.176	-29.601	5.2434	2.696	11.721	-17.031	-7.3491	16.099	-6.2307
-1.8621	14.002	17.147	-2.6577	-2.0315	-4.579	-6.9463	2.0477	1.7886	1.5389	-1.5597	-1.7028	1.7669	1.3332	1.703	-22.821	15.927	2.1382	-46.843	16.166	31.768	-25.524	-2.6268	-4.7293	-2.3389	-12.205	-2.4654	5.8482
-1.8174	12.864	17.941	-1.9935	-4.914	-3.8119	-6.0828	0.42998	3.142	0.59829	-1.5228	-1.6829	1.2418	1.5748	1.7867	-45.549	31.786	26.571	-115.3	30.684	34.54	-64.708	54.136	-37.625	1.4738	0.79363	-21.005	9.6634
-1.8195	12.848	18.188	-1.0899	-7.1435	-2.7827	-4.9716	0.037375	2.8827	-0.42743	-0.7009	-2.6473	1.8644	1.3206	-0.0819	-0.61255	9.8748	36.145	-89.177	41.165	44.447	-15.704	-10.373	-41.029	32.877	-38.576	24.904	-10.167
-1.8093	14.023	18.501	-1.7718	-7.8068	-2.2095	-3.4238	-0.87279	2.5614	-0.61329	-1.2101	-1.7237	1.7254	1.1422	0.40763	46.994	12.525	-27.277	-26.534	22.931	61.914	-36.407	-12.849	-7.4347	-20.367	36.947	-5.5619	-7.1361
-1.948	13.892	19.6	-2.9762	-8.5008	-1.0034	-2.0839	-0.82979	0.54915	-0.14971	-1.8459	0.0094217	1.8097	0.32469	-5.5513	-5.2644	43.953	-48.175	-27.758	48.241	53.593	1.7202	-80.491	18.543	-25.432	69.323	3.3727	-32.7
-2.1789	13.715	18.14	-4.5573	-6.8547	-0.61403	-1.2529	0.28907	-2.0024	-0.73055	-0.82168	0.1714	2.0915	0.075933	-9.2336	-7.0737	-58.422	-63.244	65.842	15.576	33.242	44.754	-102.06	-23.234	40.968	6.4792	11.275	-9.9503
-2.403	14.351	14.344	-4.1184	-6.465	0.27778	0.059456	0.21038	-4.3003	-1.0806	0.64544	0.83889	1.6774	0.71615	-8.966	25.446	-151.83	17.555	15.591	35.673	52.494	-3.1474	-91.918	-14.001	58.685	26.7	-16.565	25.609
-2.5119	14.251	14.125	-5.4868	-6.1056	0.049089	0.23344	-0.91447	-5.38	-1.4475	1.7698	1.2586	1.324	0.49867	-4.3537	-4.0074	-8.7465	-54.734	14.375	-9.1477	6.9593	-44.994	-43.184	-14.678	44.975	16.787	-14.135	-8.6989
-2.6839	21.123	13.356	-6.8827	-3.3247	0.89981	0.99114	-1.6958	-5.6248	-0.62903	1.6094	1.2562	0.47238	-0.70446	-6.8821	274.91	-30.757	-55.839	111.23	34.029	30.308	-31.253	-9.7925	32.74	-6.4176	-0.0969	-34.066	-48.125
-2.6621	19.32	13.294	-9.2935	0.83534	1.3599	1.4407	-1.9545	-6.3045	2.0162	-0.93201	1.5403	0.24754	-1.8427	0.87478	-72.151	-2.4689	-96.432	166.4	18.403	17.983	-10.35	-27.187	105.81	-101.66	11.367	-8.9935	-45.531
-3.079	22.347	4.8031	-5.2875	3.7475	1.1813	1.4662	-1.733	-7.7629	2.2657	-0.66779	1.3758	0.17761	-2.4632	-16.679	121.11	-339.66	160.24	116.49	-7.1434	1.02	8.8612	-58.338	9.9794	10.569	-6.5799	-2.7973	-24.819
-3.9118	22.8	1.3358	-2.374	4.5884	-0.54237	2.2352	-1.7686	-5.9941	0.079074	-0.63427	0.35758	-0.56593	-3.236	-33.312	18.105	-138.69	116.54	33.635	-68.946	30.759	-1.4253	70.754	-87.464	1.3408	-40.731	-29.742	-30.91
-5.4483	0.57155	-5.7606	4.4264	4.827	-0.41747	7.422	-1.7798	-0.28919	-0.89597	1.1806	1.1682	-1.2122	-2.3726	-61.46	-889.13	-283.86	272.02	9.5443	4.996	207.47	-0.44615	228.2	-39.002	72.594	32.424	-25.851	34.534
-7.1559	-20.439	-12.227	8.4298	5.0391	1.8525	8.3481	-1.7147	2.6451	-1.8012	1.0016	1.4167	-0.97826	1.2027	-68.302	-840.43	-258.66	160.13	8.4844	90.8	37.045	2.6056	117.37	-36.211	-7.1583	9.9422	9.3583	143.01
-8.3054	-38.978	-7.6419	7.324	6.6262	3.1689	7.0488	-0.048236	2.7943	-0.46599	1.3019	2.1295	-1.8701	0.21735	-45.981	-741.55	183.41	-44.228	63.482	52.656	-51.969	66.657	5.9648	53.41	12.01	28.511	-35.674	-39.415
-9.1163	-55.279	-1.7514	11.8	5.6295	3.6406	6.1726	3.113	1.0606	-2.0368	0.45068	2.7402	-0.39839	0.39586	-32.435	-652.04	235.62	179.06	-39.867	18.868	-35.048	126.45	-69.346	-62.833	-34.047	24.429	58.868	7.1405
-9.4749	-59.799	-9.1099	9.829	6.8916	-0.071342	7.4481	2.5025	0.46539	0.84174	1.6018	2.1132	-1.0741	0.83732	-14.344	-180.82	-294.34	-78.86	50.486	-148.48	51.02	-24.421	-23.809	115.14	46.044	-25.081	-27.028	17.659
-9.8665	-47.05	-9.2905	8.2198	5.9626	0.051883	7.6838	3.1743	1.1239	0.62065	1.0581	2.4987	-2.0432	0.99521	-15.665	509.97	-7.2249	-64.366	-37.16	4.929	9.4249	26.871	26.339	-8.8438	-21.75	15.418	-38.763	6.3154
-9.8636	-31.708	-8.2406	5.1494	-0.29288	0.44523	3.6901	1.1649	1.1726	-1.677	0.77083	2.0854	-2.3888	1.8787	0.11646	613.7	41.995	-122.82	-250.22	15.734	-159.74	-80.375	1.9488	-91.908	-11.489	-16.532	-13.823	35.339
-8.129	-15.719	-5.5658	-1.062	0.1185	-1.2443	5.0596	-0.26775	3.4216	-0.28843	1.8126	0.43763	-2.0996	-0.037773	69.381	639.52	106.99	-248.45	16.455	-67.58	54.777	-57.307	89.959	55.545	41.671	-65.909	11.566	-76.658
-8.1621	-13.054	-5.9852	-0.33681	1.4389	0.17305	5.9538	1.1814	1.6337	0.67978	2.083	1.8805	-1.3676	-2.6725	-1.3226	106.62	-16.776	29.006	52.818	56.692	35.77	57.968	-71.516	38.728	10.815	57.715	29.28	-105.39
-4.8319	-4.7442	-3.1715	2.848	5.4165	-1.5095	4.5921	0.11274	-2.3632	-0.65757	-1.0118	2.1658	-1.745	-2.7657	133.21	332.39	112.55	127.39	159.1	-67.301	-54.469	-42.748	-159.88	-53.494	-123.79	11.411	-15.097	-3.7267
-3.9863	21.706	-2.8107	2.3215	6.181	-1.4342	4.1166	-0.62058	-4.0274	-2.1921	-0.93154	1.6001	-1.821	-4.4951	33.824	1058	14.431	-21.06	30.58	3.0106	-19.019	-29.333	-66.565	-61.381	3.2103	-22.626	-3.0392	-69.178
-3.5502	27.422	-3.3606	1.7466	7.2941	-3.0219	3.8139	-0.14212	-4.3535	-1.266	-1.275	2.5466	-1.4479	-4.3334	17.446	228.61	-21.996	-22.995	44.527	-63.508	-12.106	19.139	-13.045	37.043	-13.738	37.858	14.925	6.4687
-3.7	16.398	-0.034513	0.78634	7.6425	-2.8314	4.2585	0.14871	-4.4364	-0.98064	-1.5262	2.8115	-1.741	-3.9652	-5.9933	-440.93	133.04	-38.411	13.935	7.6208	17.78	11.633	-3.3173	11.415	-10.047	10.597	-11.723	14.726
-4.8284	9.9242	0.41244	1.6975	6.357	-3.158	4.109	-0.018776	-4.6246	-1.6587	-1.0127	2.8605	-2.3802	-2.638	-45.136	-258.97	17.878	36.446	-51.419	-13.066	-5.9774	-6.6995	-7.5259	-27.124	20.54	1.9601	-25.567	53.091
-4.6919	6.9663	-10.751	7.4453	6.8962	-3.2731	4.4627	-1.4204	-2.4614	-1.3738	2.1454	1.2902	-2.5916	-1.2653	5.4599	-118.32	-446.54	229.91	21.566	-4.6039	14.147	-56.065	86.528	11.397	126.32	-62.813	-8.4589	54.908
-3.2508	13.751	-25.339	6.2096	3.3613	-4.4529	4.2781	1.6062	-1.0549	0.30345	1.9672	-0.49879	-2.8859	0.33587	57.645	271.38	-583.53	-49.429	-141.4	-47.191	-7.3846	121.06	56.26	67.09	-7.1271	-71.559	-11.769	64.045
-2.2645	23.833	-28.135	5.724	2.1228	-5.9164	1.3204	2.8279	0.24672	0.61068	1.5564	0.18111	-0.52058	-0.03088	39.453	403.3	-111.84	-19.423	-49.541	-58.541	-118.31	48.87	52.064	12.289	-16.433	27.196	94.611	-14.67
-1.7215	23.192	-29.626	7.894	3.6042	-3.7556	3.5104	2.5982	-0.1551	1.5701	2.6038	0.38938	-0.87826	-0.12135	21.721	-25.646	-59.615	86.801	59.258	86.434	87.6	-9.1888	-16.073	38.376	41.897	8.3305	-14.307	-3.6187
-1.5484	22.676	-32.608	8.5952	2.5129	-4.7882	3.0048	3.7384	1.3717	0.253	0.9355	0.20364	-0.49369	0.072923	6.9234	-20.662	-119.31	28.046	-43.653	-41.305	-20.223	45.607	61.073	-52.683	-66.732	-7.4295	15.383	7.7708
-1.795	18.971	-33.654	9.9829	3.7686	-6.0495	2.603	3.7049	1.0342	0.45842	1.2415	-0.19747	1.0911	0.83738	-9.8639	-148.19	-41.817	55.508	50.226	-50.45	-16.074	-1.3378	-13.5	8.2166	12.24	-16.044	63.39	30.578
-2.2215	14.721	-34.463	8.4722	3.541	-4.2489	2.294	1.6466	-0.14034	-0.32825	2.8248	-0.033568	-0.56123	1.1449	-17.063	-169.99	-32.362	-60.428	-9.1024	72.02	-12.359	-82.335	-46.982	-31.467	63.331	6.5559	-66.092	12.301
-2.5931	11.863	-35.732	10.26	4.6613	-3.7914	3.9145	2.378	1.1473	-1.6828	3.1036	0.37814	-0.91447	0.47558	-14.864	-114.34	-50.749	71.524	44.812	18.301	64.82	29.257	51.504	-54.181	11.151	16.468	-14.13	-26.774
-2.7222	13.563	-35.812	9.6577	5.7002	-1.9401	2.7039	0.96327	0.87855	-1.8754	4.1447	0.16801	-1.3075	-0.16233	-5.162	68.021	-3.2287	-24.104	41.553	74.053	-48.424	-56.589	-10.748	-7.7047	41.644	-8.405	-15.722	-25.516
-3.2457	18.594	-30.083	4.3545	5.7031	1.0249	-1.2185	2.3261	2.4275	-0.81077	0.75562	0.30518	-0.80142	-0.7637	-20.941	201.22	229.18	-212.13	0.11734	118.6	-156.9	54.514	61.959	42.585	-135.56	5.4864	20.244	-24.055
-4.9777	4.6918	-16.952	3.439	3.4826	4.1533	-1.8334	-0.55249	2.6771	-0.81284	-1.6314	-0.053404	-1.4403	-0.22771	-69.277	-556.07	525.22	-36.62	-88.82	125.14	-24.595	-115.14	9.9848	-0.08274	-95.479	-14.343	-25.557	21.439
-9.2217	-56.252	-16.878	7.9466	1.0373	6.6446	2.3634	3.1039	0.89404	-2.9465	0.47585	0.65069	-2.8995	-0.057501	-169.76	-2437.8	2.9712	180.31	-97.811	99.651	167.87	146.25	-71.324	-85.346	84.288	28.164	-58.366	6.8085
-12.248	-73.498	-15.507	6.6871	-3.5773	4.1261	2.2618	2.1639	1.1605	-2.0538	0.54301	1.6056	-1.2141	0.83978	-121.03	-689.83	54.845	-50.381	-184.59	-100.74	-4.0635	-37.6	10.659	35.707	2.6862	38.195	67.417	35.891
-13.333	-72.861	-10.861	0.26287	-4.4356	4.0723	2.1522	0.46403	3.0506	0.0014339	1.034	1.614	-1.857	0.10162	-43.405	25.467	185.84	-256.97	-34.329	-2.1526	-4.3815	-67.994	75.604	82.21	19.641	0.33593	-25.717	-29.526
-13.489	-78.204	-13.469	2.9454	-2.2566	2.5522	3.1281	1.6132	2.0073	-1.1679	0.38925	0.54556	-0.25411	2.1868	-6.2667	-213.71	-104.34	107.3	87.159	-60.804	39.036	45.968	-41.733	-46.772	-25.792	-42.736	64.115	83.407
-13.597	-76.034	-11.353	4.2756	-3.1839	2.1106	2.9572	0.1137	0.3211	-1.6461	1.0506	1.1674	-1.6097	0.71106	-4.3049	86.814	84.664	53.207	-37.091	-17.665	-6.8358	-59.981	-67.447	-19.13	26.455	24.873	-54.224	-59.03
-13.355	-80.546	-15.787	2.0999	-3.2926	2.019	2.9601	0.59904	1.7628	-0.60241	1.4209	2.0018	-0.59848	-0.58865	9.695	-180.5	-177.38	-87.028	-4.3516	-3.6612	0.11581	19.413	57.666	41.748	14.811	33.377	40.449	-51.988
-7.2895	-13.947	-12.863	-1.517	-2.9028	0.89622	1.1148	-1.0248	-1.3976	-0.51206	3.2869	0.33148	2.0131	1.8903	242.6	2664	116.95	-144.68	15.596	-44.913	-73.815	-64.955	-126.42	3.6142	74.64	-66.813	104.47	99.159
-4.0152	14.212	-1.695	1.0948	-4.0084	0.18098	2.447	0.76778	-0.22392	-2.1968	1.0014	-2.7931	0.78233	0.74607	130.97	1126.4	446.73	104.47	-44.226	-28.61	53.289	71.704	46.948	-67.39	-91.419	-124.98	-49.233	-45.771
-2.5164	6.6628	17.861	2.3576	-9.0449	-3.6805	3.5518	5.0237	-4.3428	-4.4428	1.0539	-1.952	0.83553	-0.73708	59.954	-301.99	782.26	50.511	-201.46	-154.46	44.192	170.24	-164.76	-89.841	2.1001	33.647	2.1277	-59.326
-1.9367	9.3921	20.692	3.1366	-11.19	-5.4313	2.8545	6.2543	-5.4513	-4.8872	1.2317	-2.1832	0.81728	0.65726	23.185	109.17	113.21	31.159	-85.812	-70.032	-27.893	49.224	-44.341	-17.774	7.11	-9.2484	-0.72977	55.773
-1.7382	12.596	18.396	3.1809	-11.062	-5.0531	2.0695	6.9134	-5.2052	-5.1523	1.3966	-2.4159	2.3165	-0.0019275	7.9415	128.15	-91.823	1.7726	5.1388	15.126	-31.399	26.363	9.8454	-10.606	6.5987	-9.3092	59.969	-26.367
-1.6725	12.804	18.947	3.4542	-12.507	-4.2907	2.7741	6.8092	-5.8704	-5.106	2.0001	-2.5513	2.467	-0.024052	2.6289	8.33	22.03	10.934	-57.824	30.498	28.185	-4.1652	-26.609	1.8526	24.139	-5.4162	6.0181	-0.88498
-1.5079	13.166	18.949	3.5306	-12.947	-3.9469	2.3983	6.5329	-5.9275	-5.2371	1.6938	-2.1697	2.538	-0.55802	6.5842	14.484	0.066649	3.0524	-17.582	13.751	-15.032	-11.053	-2.2815	-5.2451	-12.254	15.263	2.8435	-21.359
-1.4937	13.01	19.516	3.1145	-12.54	-4.5973	3.3618	6.549	-6.9488	-4.6991	1.5236	-1.638	1.9283	-0.038719	0.56718	-6.2572	22.703	-16.642	16.275	-26.015	38.542	0.64192	-40.855	21.523	-6.8058	21.269	-24.392	20.772
-1.5393	14.031	19.324	2.3083	-12.072	-4.1456	3.2338	6.1736	-6.7957	-5.1333	1.8924	-1.9645	2.2123	-0.54818	-1.8227	40.859	-7.6843	-32.248	18.706	18.067	-5.1234	-15.015	6.1248	-17.368	14.75	-13.062	11.364	-20.378
-1.6244	12.706	19.975	2.1621	-11.925	-3.1775	2.9478	6.4808	-7.6817	-4.2653	1.2783	-1.1022	1.2269	-0.2187	-3.4064	-52.994	26.026	-5.8462	5.8846	38.724	-11.437	12.287	-35.441	34.72	-24.561	34.492	-39.418	13.179
-1.7395	12.04	20.454	1.0886	-11.494	-2.2565	3.1653	5.9403	-7.7443	-4.0723	1.2044	-0.61145	0.55816	-0.42319	-4.6035	-26.646	19.16	-42.943	17.247	36.843	8.6996	-21.619	-2.5014	7.7182	-2.9574	19.632	-26.749	-8.1798
-1.9532	12.789	19.377	1.2387	-11.56	-0.90808	3.5769	4.5229	-7.2051	-3.8881	1.1757	-0.75899	-0.013215	-0.19462	-8.5488	29.972	-43.067	6.0057	-2.6429	53.935	16.464	-56.696	21.567	7.3687	-1.1499	-5.9018	-22.855	9.1427
-2.2566	10.544	19.909	-0.19572	-9.5024	0.045384	3.9616	2.5985	-6.9131	-2.9474	1.2827	-1.1042	-0.56512	0.3085	-12.135	-89.818	21.294	-57.377	82.309	38.139	15.388	-76.975	11.682	37.629	4.2819	-13.81	-22.076	20.125
-2.5267	8.7657	19.974	-2.1002	-6.9775	1.0907	3.5188	1.2424	-6.8974	-2.5229	1.3408	-1.1031	-0.79066	0.34069	-10.805	-71.133	2.5997	-76.178	101	41.812	-17.714	-54.243	0.62654	16.98	2.3242	0.045569	-9.0219	1.2874
-2.6723	9.4423	18.888	-4.2085	-4.5038	1.8041	4.0949	-0.46342	-6.4935	-2.3553	0.70099	-0.45651	-0.99761	0.2	-5.8231	27.063	-43.463	-84.335	98.945	28.539	23.046	-68.234	16.155	6.7044	-25.593	25.863	-8.2779	-5.6275
-2.8309	8.1898	17.632	-5.268	-2.3779	4.1553	2.4136	-1.1502	-6.7304	-1.4643	0.020893	-0.65247	-0.42809	-0.42556	-6.3451	-50.1	-50.239	-42.378	85.038	94.046	-67.255	-27.469	-9.4765	35.64	-27.204	-7.8383	22.781	-25.023
-3.0458	10.794	14.597	-6.2118	0.47042	4.0908	2.1584	-2.0726	-7.0538	-0.78742	-0.24909	-0.9792	-0.082568	-1.6139	-8.5945	104.17	-121.41	-37.752	113.93	-2.5811	-10.205	-36.899	-12.934	27.074	-10.799	-13.069	13.821	-47.535
-3.216	11.1	13.228	-7.2904	3.9403	4.1872	0.48887	-2.3262	-7.0105	0.94084	-0.58169	-2.0711	-0.69138	-1.4139	-6.8089	12.225	-54.735	-43.143	138.8	3.858	-66.782	-10.144	1.7319	69.13	-13.304	-43.677	-24.352	8.0035
-3.3673	13.787	10.423	-8.2046	7.6281	3.9165	0.19349	-2.5234	-6.6909	1.8928	-0.35495	-3.6994	-0.3152	-0.77936	-6.0537	107.47	-112.23	-36.568	147.51	-10.829	-11.815	-7.8856	12.783	38.079	9.0697	-65.131	15.047	25.38
-3.525	12.581	8.7415	-9.1636	10.615	4.4173	-1.779	-1.8072	-4.836	1.9648	-0.83334	-4.3908	0.071171	-0.76229	-6.3045	-48.224	-67.24	-38.361	119.48	20.032	-78.9	28.645	74.197	2.8786	-19.136	-27.655	15.455	0.68265
-3.7578	12.753	4.2492	-6.7517	11.618	3.5409	-1.3141	-1.6317	-4.4601	2.2393	-1.7119	-3.8115	0.44386	-1.4669	-9.3148	6.8729	-179.69	96.477	40.103	-35.054	18.595	7.0228	15.036	10.981	-35.142	23.172	14.908	-28.185
-3.8643	8.872	4.2889	-6.1593	11.889	4.0197	-2.0682	-1.6121	-4.3152	2.3619	-1.7792	-3.7875	-0.16371	-1.1127	-4.2592	-155.23	1.5869	23.693	10.861	19.15	-30.163	0.78142	5.7946	4.9037	-2.6932	0.95947	-24.303	14.169
-3.7855	11.234	3.8685	-6.2546	11.384	5.1891	-3.3789	-1.4218	-4.299	2.0157	-1.3543	-4.7631	0.3098	-1.0707	3.1518	94.496	-16.817	-3.8128	-20.188	46.778	-52.429	7.6135	0.64839	-13.848	16.996	-39.023	18.94	1.6799
-3.6003	14.98	4.8161	-7.3057	11.523	3.9999	-2.5254	-1.9866	-4.6121	1.7306	-1.3181	-4.1903	0.39822	-1.106	7.4093	149.84	37.906	-42.044	5.5519	-47.569	34.143	-22.592	-12.523	-11.404	1.4485	22.911	3.537	-1.4111
-3.2552	20.632	4.8947	-8.3051	10.897	2.9816	-1.6712	-2.5564	-4.516	1.7233	-1.3917	-3.1489	-0.14095	-0.91717	13.803	226.06	3.143	-39.973	-25.064	-40.731	34.166	-22.793	3.8442	-0.29092	-2.9456	41.657	-21.567	7.5528
-3.19	25.021	4.2046	-8.1983	10.111	1.8582	-0.97582	-3.0278	-4.049	1.5366	-1.3046	-1.702	-0.50691	-0.97275	2.6093	175.55	-27.604	4.2709	-31.435	-44.938	27.816	-18.857	18.681	-7.468	3.4832	57.872	-14.638	-2.2231
-2.9907	29.195	2.8474	-7.0228	7.8215	1.9562	-0.67689	-2.8523	-4.2747	1.3719	-1.0034	-0.28768	-0.70395	-1.5099	7.9729	166.96	-54.289	47.018	-91.571	3.9221	11.957	7.0227	-9.0308	-6.5911	12.048	56.575	-7.8814	-21.485
-2.9784	24.828	4.8483	-6.3002	6.3264	1.5136	0.3691	-3.009	-4.1816	1.2368	-1.055	0.67266	-0.99447	-1.8257	0.49086	-174.66	80.036	28.907	-59.806	-17.705	41.84	-6.2682	3.7248	-5.4046	-2.064	38.414	-11.621	-12.634
-3.5752	16.094	7.5657	-6.47	5.4404	1.7786	-0.39311	-2.99	-4.4504	1.1895	-1.3277	1.5473	-1.1591	-2.3772	-23.874	-349.37	108.7	-6.7949	-35.44	10.6	-30.488	0.75704	-10.749	-1.8919	-10.907	34.985	-6.5862	-22.058
-4.8928	7.4658	4.3705	-0.69533	3.1542	-1.4576	2.5668	-2.5841	-1.7879	-0.44842	0.75878	1.4217	-2.2844	-1.6006	-52.703	-345.12	-127.81	230.99	-91.447	-129.45	118.39	16.237	106.5	-65.515	83.459	-5.0221	-45.013	31.062
-5.9309	4.9646	-10.53	4.1461	3.1143	0.2769	2.1402	-0.74397	-0.34618	-0.14816	1.7177	1.1515	-2.7754	-0.3346	-41.522	-100.05	-596.03	193.66	-1.5944	69.379	-17.062	73.605	57.669	12.011	38.358	-10.81	-19.639	50.642
-4.9186	8.0632	-23.363	2.6758	1.4479	-0.61937	0.77376	-0.16821	-0.94089	-1.0172	2.4362	2.9549	0.15608	2.161	40.491	123.94	-513.31	-58.813	-66.657	-35.851	-54.658	23.03	-23.789	-34.76	28.739	72.139	117.26	99.823
-3.5794	12.028	-28.408	6.2863	1.1095	-4.1754	-0.96341	-1.8132	0.24282	0.23647	-0.015616	-1.2751	-1.1399	0.60769	53.568	158.6	-201.8	144.42	-13.535	-142.24	-69.487	-65.799	47.348	50.145	-98.073	-169.2	-51.838	-62.131
-2.8157	19.403	-29.526	10.156	3.5044	-2.5283	2.1258	1.1452	0.50104	2.2407	1.3916	0.14294	-0.16594	0.4054	30.547	294.98	-44.704	154.78	95.796	65.886	123.57	118.34	10.329	80.171	56.288	56.723	38.957	-8.0916
-2.3116	15.064	-35.463	10.729	1.1802	-2.2511	1.8317	2.4502	0.29458	1.3772	3.0425	0.52227	-1.0062	-1.2617	20.164	-173.54	-237.49	22.949	-92.97	11.084	-11.765	52.199	-8.258	-34.542	66.036	15.173	-33.61	-66.686
-2.1366	10.43	-37.858	12.233	2.3161	-3.2173	2.3541	0.85078	0.045812	1.8726	3.2276	0.39711	0.0065449	-0.28261	6.999	-185.37	-95.792	60.161	45.437	-38.648	20.897	-63.975	-9.9509	19.817	7.4039	-5.0062	40.51	39.165
-2.2136	10.909	-38.226	12.728	2.0814	-1.9651	4.1685	1.9729	1.3803	0.93255	2.0254	-0.67229	0.16031	-0.28497	-3.0785	19.177	-14.736	19.768	-9.3889	50.091	72.576	44.885	53.38	-37.603	-48.086	-42.776	6.1507	-0.094288
-2.4781	7.6834	-36.543	13.583	1.5227	-2.3485	4.9773	2.1963	0.97231	1.0376	0.82341	-0.19337	0.60502	-1.3312	-10.58	-129.04	67.315	34.205	-22.346	-15.336	32.351	8.9376	-16.32	4.2037	-48.081	19.157	17.789	-41.849
-3.1189	-5.1063	-39.544	12.157	1.1357	-1.8989	4.4561	3.2793	1.4974	0.2071	2.2174	-0.93424	-0.98369	-0.64136	-25.631	-511.59	-120.03	-57.044	-15.479	17.985	-20.845	43.32	21.004	-33.222	55.76	-29.635	-63.549	27.593
-4.5504	-11.857	-29.709	15.457	1.7902	-1.5329	4.0188	2.3223	1.4663	-0.70253	2.2822	-1.1878	0.84986	-0.50491	-57.263	-270.03	393.41	132.02	26.18	14.638	-17.493	-38.28	-1.2448	-36.385	2.5902	-10.144	73.342	5.458
-7.2737	-44.678	-30.896	11.618	2.0961	-1.1985	3.8625	2.7299	1.7177	-0.60156	1.2646	-0.6247	-0.3492	-0.03899	-108.93	-1312.8	-47.471	-153.55	12.233	13.377	-6.2526	16.303	10.054	4.0387	-40.703	22.526	-47.963	18.637
-9.7835	-68.677	-16.539	9.4519	-0.018229	4.3075	4.1557	2.2442	1.539	0.29368	0.88868	-0.05807	0.45874	1.2899	-100.39	-959.97	574.26	-86.662	-84.572	220.24	11.727	-19.43	-7.1477	35.81	-15.037	22.665	32.318	53.156
-8.8947	-49.959	-2.6296	7.2612	7.5781	4.5419	3.4063	4.069	-1.2076	0.1692	1.6642	0.29609	-0.82811	0.087352	35.553	748.74	556.39	-87.629	303.85	9.3737	-29.974	72.994	-109.86	-4.9792	31.02	14.166	-51.474	-48.102
-8.3846	-48.18	-0.76097	6.9313	8.1002	5.4027	3.06	4.3499	-0.33834	0.29722	2.6754	-0.013969	-0.46645	0.089209	20.405	71.153	74.743	-13.196	20.885	34.432	-13.854	11.235	34.769	5.1208	40.447	-12.402	14.466	0.074306
-8.3135	-52.923	0.88529	8.0184	6.8038	5.4754	3.1976	3.066	0.33853	-0.98204	2.9386	0.26915	-0.75204	-0.10185	2.8431	-189.74	65.851	43.484	-51.854	2.9101	5.5039	-51.355	27.075	-51.171	10.529	11.325	-11.424	-7.6422
-6.6795	-5.5315	-7.9641	0.78926	6.67	-3.7708	0.49742	4.6453	1.6283	-1.0034	2.7014	0.21852	-2.129	-0.040984	65.359	1895.7	-353.98	-289.17	-5.3524	-369.85	-108.01	63.174	51.589	-0.85494	-9.4875	-2.0254	-55.079	2.4344
-4.0795	10.945	-6.9245	5.1564	6.9373	0.12896	0.65009	0.19935	-1.3003	-0.87071	1.766	-0.8217	-2.2513	-0.4338	104	659.07	41.583	174.69	10.69	155.99	6.1067	-177.84	-117.14	5.3081	-37.415	-41.609	-4.892	-15.713
-2.7778	20.761	3.8131	-0.85478	9.7472	0.75165	-0.95082	-1.5592	-4.7344	-1.3696	1.7724	-2.3429	-1.1711	-1.7778	52.068	392.65	429.5	-240.45	112.4	24.908	-64.037	-70.341	-137.36	-19.956	0.25594	-60.849	43.208	-53.761
-1.8318	36.071	4.3672	-4.7361	8.36	0.19218	-2.872	-1.1756	-5.61	0.62804	1.142	-1.5084	0.0565	-2.283	37.839	612.38	22.165	-155.25	-55.488	-22.379	-76.845	15.343	-35.023	79.906	-25.219	33.383	49.104	-20.206
-1.4551	43.861	3.8244	-5.9582	7.7955	-0.74523	-3.6922	-1.5683	-5.3919	0.88485	1.6283	-1.2331	0.2344	-1.4647	15.068	311.59	-21.713	-48.884	-22.58	-37.497	-32.811	-15.708	8.7237	10.272	19.455	11.008	7.1161	32.731
-1.456	45.165	2.6546	-6.0107	7.3201	-0.55035	-3.2062	-2.1177	-4.2613	0.96227	1.4963	-1.0902	0.34811	-1.1684	-0.034591	52.165	-46.789	-2.1006	-19.015	7.795	19.441	-21.976	45.224	3.097	-5.2804	5.719	4.5483	11.854
-1.5705	44.012	2.4539	-6.1099	7.2122	0.95694	-4.194	-1.5653	-4.5391	1.9435	0.63244	-0.89301	0.13427	-0.94042	-4.5807	-46.106	-8.0292	-3.967	-4.319	60.292	-39.513	22.097	-11.113	39.248	-34.555	7.8863	-8.5537	9.1175
-1.4477	41.424	3.874	-6.534	8.3625	0.88645	-4.1953	-2.5917	-4.0598	1.5569	0.5381	-1.716	0.72846	-1.1051	4.9119	-103.55	56.804	-16.964	46.013	-2.8194	-0.04936	-41.057	19.174	-15.465	-3.7733	-32.921	23.768	-6.5862
-1.399	38.444	4.3866	-6.1274	9.2856	1.9184	-4.9652	-2.3217	-5.062	1.5597	0.18512	-2.6552	1.4535	-1.1443	1.9491	-119.2	20.504	16.265	36.923	41.278	-30.796	10.8	-40.087	0.11402	-14.119	-37.567	29.002	-1.5699
-1.5641	38.529	3.1401	-5.6421	9.5879	2.1326	-4.8988	-2.4557	-4.583	1.0637	-0.54797	-3.1103	1.7242	-1.0605	-6.6051	3.3969	-49.86	19.41	12.093	8.5692	2.6559	-5.3588	19.157	-19.842	-29.324	-18.203	10.826	3.3544
-1.8735	37.534	2.4281	-5.9837	9.6693	3.2092	-4.988	-1.2738	-4.9748	1.5114	-0.25696	-3.6837	2.1915	-1.9543	-12.375	-39.782	-28.48	-13.663	3.2559	43.062	-3.5706	47.273	-15.672	17.909	11.64	-22.935	18.692	-35.752
-2.4132	33.449	4.167	-6.9711	10.035	3.7126	-4.6257	-0.34629	-5.5679	2.0801	-0.34956	-3.5863	1.9253	-2.8001	-21.591	-163.41	69.556	-39.494	14.639	20.135	14.493	37.102	-23.724	22.748	-3.704	3.895	-10.646	-33.832
-3.2148	22.224	6.8182	-8.5772	10.688	2.8234	-1.4394	-0.11522	-4.3421	0.82946	0.56489	-2.7621	0.34728	-2.862	-32.061	-449.01	106.05	-64.243	26.104	-35.568	127.45	9.2429	49.034	-50.025	36.578	32.967	-63.122	-2.4783
-4.8946	-23.474	3.9863	-1.5349	8.9858	5.9299	2.9209	1.1741	-1.8092	0.018401	0.77026	-0.34821	-1.4369	-1.3989	-67.193	-1827.9	-113.27	281.69	-68.084	124.26	174.41	51.574	101.31	-32.443	8.2147	96.556	-71.368	58.525
-7.1336	-15.594	-1.1358	-4.3497	2.5974	5.8862	5.176	3.0243	2.2937	0.50799	-0.22084	-0.6029	-1.6755	-1.2885	-89.563	315.2	-204.89	-112.59	-255.53	-1.7505	90.207	74.006	164.12	19.583	-39.644	-10.187	-9.5412	4.4142
-4.2571	10.21	6.8192	-5.034	5.6417	3.7476	-0.20102	-1.8779	-3.3229	-0.62491	0.20076	0.0048464	-0.15369	-2.3289	115.06	1032.2	318.2	-27.374	121.77	-85.543	-215.08	-196.09	-224.66	-45.316	16.864	24.31	60.871	-41.614
-2.7421	21.065	10.072	-6.7523	4.5357	2.7499	-2.1995	-0.48985	-5.4337	1.0205	-0.57438	1.0023	0.44969	-2.971	60.598	434.22	130.13	-68.73	-44.239	-39.907	-79.938	55.522	-84.432	65.817	-31.006	39.897	24.135	-25.686
-2.3658	27.469	8.9979	-5.6448	3.1668	1.8492	-2.0516	-1.3161	-6.1422	0.58112	-1.1539	2.1315	0.52025	-3.1252	15.053	256.14	-42.98	44.3	-54.758	-36.031	5.9137	-33.049	-28.341	-17.576	-23.179	45.169	2.8222	-6.1673
-2.4195	30.092	8.0301	-5.1995	1.4964	0.40619	-1.2577	-0.53677	-5.6604	0.050733	-1.2385	2.4647	1.2009	-2.7487	-2.1452	104.96	-38.714	17.813	-66.815	-57.719	31.756	31.173	19.273	-21.215	-3.3838	13.33	27.228	15.061
-2.8871	30.407	5.6806	-0.96747	0.25573	-1.1488	-0.24337	1.1731	-4.2418	-0.28389	-2.8636	2.1057	1.3938	-1.8331	-18.706	12.599	-93.979	169.28	-49.627	-62.198	40.574	68.394	56.745	-13.385	-65.008	-14.361	7.716	36.621
-3.5934	0.25488	8.3204	3.7699	-1.4599	-2.1759	0.86989	2.0399	-1.8357	-0.89998	-3.8674	2.3305	0.78182	-0.79938	-28.253	-1206.1	105.59	189.5	-68.627	-41.084	44.53	34.674	96.241	-24.644	-40.152	8.9899	-24.481	41.351
-6.6719	-35.759	6.8037	5.1915	-2.8424	-0.26098	2.7485	3.3405	2.8045	-1.2305	-3.3379	0.66889	-0.81198	0.39201	-123.14	-1440.6	-60.67	56.863	-55.296	76.595	75.145	52.021	185.61	-13.221	21.182	-66.463	-63.752	47.655
-10.853	-66.079	-1.5626	9.918	0.59664	4.8175	4.8114	3.3651	3.7322	-1.201	-1.4565	-0.75071	-0.28168	0.34903	-167.27	-1212.8	-334.65	189.06	137.56	203.14	82.515	0.98747	37.109	1.1788	75.257	-56.784	21.212	-1.7191
-11.274	-74.855	-11.323	6.5842	-0.14803	2.6947	5.0745	4.2943	2.8906	-0.22715	0.93601	0.26912	-1.2822	-1.0841	-16.835	-351.03	-390.43	-133.35	-29.787	-84.91	10.524	37.167	-33.664	38.955	95.699	40.793	-40.022	-57.324
-13.114	-80.772	-13.037	3.2382	-3.81	1.4932	3.4185	2.4899	2.0472	-2.0692	1.0377	1.0771	-1.3591	1.0135	-73.577	-236.69	-68.544	-133.84	-146.48	-48.062	-66.24	-72.176	-33.735	-73.68	4.0686	32.318	-3.0738	83.901
-13.316	-80.966	-15.26	2.6539	-4.314	2.1532	1.1337	0.33738	2.109	-1.3089	-0.83239	0.008275	-1.3151	1.2021	-8.0776	-7.7429	-88.904	-23.376	-20.161	26.4	-91.393	-86.102	2.471	30.409	-74.805	-42.751	1.7599	7.5459
-13.466	-79.123	-13.782	3.5432	-2.331	2.0735	3.2464	2.5549	0.74853	-0.8533	-0.55388	-0.037035	-2.1498	-0.86046	-6.0026	73.717	59.119	35.574	79.318	-3.1892	84.508	88.699	-54.418	18.225	11.141	-1.8124	-33.388	-82.503
-13.51	-82.22	-15.613	1.9843	-3.0459	1.886	3.3475	2.0796	0.33027	-1.0765	0.56854	-0.61531	-1.2742	1.8636	-1.7516	-123.88	-73.252	-62.354	-28.593	-7.4986	4.0459	-19.01	-16.731	-8.9274	44.897	-23.131	35.024	108.96
-10.422	-64.575	-10.508	3.195	-3.5161	3.1556	-0.35947	0.31958	1.213	-1.9496	3.016	-0.15626	-1.4498	0.97868	123.5	705.79	204.18	48.426	-18.808	50.785	-148.28	-70.401	35.309	-34.924	97.898	18.362	-7.0244	-35.398
-7.5041	-7.4797	-9.3542	2.1846	-2.883	-1.0605	1.1142	-2.04	0.078325	-0.77237	2.2188	1.4064	-2.2358	1.3791	116.72	2283.8	46.169	-40.416	25.321	-168.64	58.948	-94.382	-45.386	47.089	-31.888	62.506	-31.441	16.017
-7.0927	-1.8666	-6.0319	1.7302	-3.1968	-1.9501	1.2369	-1.2071	1.2578	-0.34993	1.5139	0.99215	-2.2401	1.77	16.456	224.52	132.89	-18.176	-12.549	-35.583	4.9067	33.312	47.179	16.897	-28.197	-16.569	-0.17076	15.636
-7.2266	-12.099	-6.2594	1.4088	-4.3518	-6.1248	-1.3005	-0.11439	3.5764	-1.3069	2.9671	-0.43931	-0.81991	3.4462	-5.3522	-409.29	-9.0982	-12.858	-46.201	-166.99	-101.5	43.71	92.742	-38.279	58.13	-57.258	56.807	67.045
-7.284	-10.072	-11.907	6.2781	-3.4206	-4.7514	0.35844	0.40873	3.8492	-1.6245	1.7809	3.6347	-0.68935	1.6333	-2.2994	81.094	-225.9	194.77	37.246	54.937	66.357	20.925	10.914	-12.704	-47.448	162.96	5.2223	-72.516
-7.5638	-19.947	-10.843	3.6587	-3.2433	-8.3445	-2.0035	1.788	1.3349	-1.4378	0.88085	1.4361	-0.98117	1.5789	-11.191	-395.03	42.561	-104.78	7.0923	-143.72	-94.476	55.173	-100.57	7.4692	-36.002	-87.944	-11.673	-2.1722
-5.5304	-22.396	-5.2568	8.6699	-3.606	-6.4071	-1.1035	2.5023	1.4533	-0.4541	0.93958	1.6397	-1.2125	2.4577	81.335	-97.925	223.45	200.45	-14.507	77.496	36	28.569	4.7344	39.347	2.3489	8.1451	-9.2535	35.15
-5.1847	-3.6697	6.7608	7.1819	-3.1532	-5.2465	-5.1705	-0.082275	1.5253	0.86579	1.5135	-0.21906	0.78022	0.89586	13.831	749.03	480.7	-59.52	18.112	46.424	-162.68	-103.38	2.8821	52.796	22.956	-74.351	79.709	-62.473
-4.1141	-6.8431	9.6867	6.4508	-2.8346	-5.0379	-5.1915	0.050533	0.28754	1.368	2.3865	-0.91242	2.2731	-0.18311	42.824	-126.94	117.04	-29.243	12.743	8.3451	-0.83984	5.3123	-49.511	20.087	34.921	-27.734	59.715	-43.159
-3.4402	-5.1902	9.2187	4.8624	-1.6799	-5.9587	-6.0396	0.59386	0.14859	2.5793	2.2911	-1.2053	3.2777	-1.0406	26.953	66.116	-18.723	-63.539	46.188	-36.832	-33.923	21.733	-5.5581	48.453	-3.8146	-11.717	40.185	-34.299
-3.1591	4.6772	8.2457	4.1218	-1.4033	-7.2272	-7.1893	0.74584	0.50845	3.0022	2.7966	-1.5892	3.863	-2.126	11.246	394.69	-38.918	-29.621	11.065	-50.739	-45.989	6.0793	14.394	16.917	20.219	-15.353	23.41	-43.416
-3.0855	12.859	8.7448	1.7559	-0.23624	-7.4967	-5.2688	1.5585	1.0819	3.3237	1.6616	-1.6001	3.3756	-2.2306	2.9425	327.27	19.964	-94.636	46.683	-10.783	76.819	32.508	22.938	12.859	-45.402	-0.43897	-19.495	-4.1849
-3.0735	5.6425	7.8531	1.6406	-2.3225	-6.5338	-4.119	2.5515	2.3876	3.7333	0.58996	-0.60336	1.5228	-0.64017	0.48018	-288.65	-35.669	-4.6128	-83.452	38.516	45.993	39.719	52.227	16.386	-42.865	39.871	-74.112	63.617
-3.5648	5.8644	9.3327	-1.0879	-2.3085	-8.0975	-4.8828	3.7548	2.505	3.0843	-0.36094	-1.9464	3.29	-1.0759	-19.651	8.8741	59.186	-109.14	0.56328	-62.547	-30.552	48.133	4.6995	-25.959	-38.036	-53.721	70.686	-17.429
-4.0673	6.4974	10.587	-3.5977	-2.5162	-5.4489	-1.3859	4.2349	2.3007	2.5935	-1.6013	-2.2594	4.0105	-0.5004	-20.1	25.321	50.171	-100.39	-8.3082	105.95	139.87	19.203	-8.1749	-19.633	-49.614	-12.52	28.821	23.02
-4.3276	-2.9156	8.6002	-3.9291	-3.4773	-4.4432	0.55451	4.9944	2.4715	1.394	-1.6527	-0.70123	4.2273	0.85214	-10.411	-376.52	-79.471	-13.256	-38.444	40.227	77.618	30.379	6.8331	-47.98	-2.0552	62.326	8.6724	54.102
-5.1502	5.422	3.4662	-1.9559	-3.6529	-3.4101	1.0105	2.3364	1.1743	0.38878	-1.1672	1.041	4.2433	0.17935	-32.906	333.5	-205.36	78.927	-7.0244	41.322	18.24	-106.32	-51.89	-40.21	19.42	69.69	0.63838	-26.911
-5.7033	9.9169	1.1437	-4.2898	-0.095526	0.12095	1.6866	1.2447	-1.2361	0.75377	1.3755	1.4602	1.9951	-0.46571	-22.123	179.79	-92.899	-93.357	142.29	141.24	27.044	-43.668	-96.416	14.599	101.71	16.768	-89.927	-25.802
-5.6799	-3.6642	0.6289	-4.7577	1.2854	1.8699	0.1679	0.72455	-1.284	1.2319	2.4935	1.8067	1.4986	0.32999	0.93718	-543.24	-20.592	-18.715	55.237	69.96	-60.748	-20.808	-1.9141	19.126	44.721	13.859	-19.858	31.828
-5.9923	1.9495	0.51441	-4.6477	4.0306	-0.8212	-0.7136	-2.1916	-0.39965	2.8816	-0.18752	1.0984	0.041149	1.6462	-12.496	224.55	-4.5796	4.4012	109.81	-107.65	-35.26	-116.65	35.374	65.985	-107.24	-28.333	-58.3	52.648
-5.7562	4.0171	-1.4307	-2.7874	7.8664	-2.7282	-1.7127	-2.2723	1.3254	2.117	-1.8504	0.27337	0.43434	1.5903	9.4438	82.704	-77.804	74.409	153.43	-76.281	-39.965	-3.2277	69.003	-30.584	-66.516	-33	15.728	-2.2338
-5.5163	-0.98605	-1.2387	-4.5332	9.1075	-1.0113	-4.5966	-0.35242	2.0383	1.4702	-2.1158	0.46182	1.6957	2.3142	9.5948	-200.13	7.6815	-69.829	49.642	68.678	-115.36	76.795	28.513	-25.871	-10.616	7.5378	50.454	28.952
-5.7068	0.51531	1.2807	-2.8269	7.4788	0.45237	-5.3551	-0.35207	2.1384	-0.020432	-2.3363	-0.91256	2.3414	2.7504	-7.6187	60.054	100.77	68.249	-65.149	58.546	-30.34	0.013897	4.0056	-59.625	-8.8204	-54.975	25.829	17.45
-6.0046	-3.322	0.4283	-0.57796	7.4244	1.5999	-5.4629	0.22016	3.1366	-0.50445	-3.0675	-0.77851	2.0787	2.0985	-11.911	-153.49	-34.094	89.959	-2.1744	45.902	-4.3121	22.889	39.929	-19.361	-29.244	5.3619	-10.508	-26.075
-6.3309	-13.586	-1.3467	1.2615	7.0659	0.14852	-1.6721	-3.3983	3.0849	-0.60564	-4.4071	0.024668	1.5764	3.7628	-13.054	-410.55	-70.998	73.58	-14.34	-58.056	151.64	-144.74	-2.0692	-4.0478	-53.587	32.127	-20.093	66.572
-7.3379	-14.245	1.1563	3.9365	4.5017	2.4006	0.80526	-2.7103	3.5221	1.4522	-4.816	0.90664	-0.48035	2.9304	-40.278	-26.387	100.12	107	-102.57	90.082	99.093	27.521	17.486	82.315	-16.355	35.279	-82.27	-33.295
-7.5029	-37.141	-0.28832	6.5046	1.9849	5.369	1.1509	-3.7624	6.0193	-0.15092	-6.5141	3.2716	-0.62142	1.4085	-6.5995	-915.82	-57.785	102.72	-100.67	118.74	13.824	-42.084	99.89	-64.125	-67.925	94.597	-5.6427	-60.878
-8.8368	-33.611	1.7046	7.9104	-0.25797	5.0319	1.2903	-3.8398	6.9905	-0.5249	-6.2601	3.5644	-0.96425	1.2782	-53.359	141.21	79.718	56.229	-89.714	-13.483	5.5756	-3.0967	38.848	-14.959	10.162	11.712	-13.713	-5.2103
-8.5225	-46.635	-4.2899	10.424	0.90457	4.3078	2.273	-2.3	6.0232	-0.97805	-4.8987	3.722	-1.1668	1.0616	12.573	-520.97	-239.78	100.56	46.501	-28.966	39.309	61.593	-38.691	-18.126	54.454	6.3049	-8.1027	-8.6642
-9.098	-32.786	-0.96989	7.8452	2.3569	2.0287	2.2591	-1.1588	6.3465	-0.63382	-5.897	2.7902	-0.71796	1.176	-23.02	553.96	132.8	-103.17	58.092	-91.163	-0.55744	45.646	12.93	13.769	-39.933	-37.272	17.954	4.5741
-8.4573	-44.869	-6.148	5.2919	3.0447	1.9491	3.3993	0.0050923	4.3558	-0.65454	-4.1325	1.8881	-1.0196	1.0626	25.63	-483.33	-207.13	-102.13	27.511	-3.1836	45.609	46.557	-79.627	-0.82881	70.58	-36.084	-12.064	-4.5329
-8.2741	-8.8557	-9.4179	0.12953	-3.4912	-1.9278	-1.0635	-0.32076	0.86024	-1.2686	1.5257	-0.33007	-0.95424	0.89031	7.3247	1440.6	-130.8	-206.5	-261.43	-155.08	-178.51	-13.034	-139.82	-24.561	226.33	-88.726	2.613	-6.8937
-7.1863	-14.816	-15.543	7.3964	-3.3453	-0.24403	1.0036	0.68608	0.89574	0.2774	1.7226	0.31899	-0.65551	0.20303	43.515	-238.42	-244.99	290.68	5.8354	67.352	82.686	40.274	1.4197	61.839	7.8775	25.962	11.949	-27.491
-5.6899	-13.439	-23.731	11.776	-0.056421	0.0099958	3.1706	1.6262	2.7331	1.3233	-1.0201	0.64922	-0.97925	0.97086	59.853	55.067	-327.52	175.17	131.55	10.161	86.679	37.604	73.495	41.834	-109.71	13.209	-12.95	30.713
-4.6914	-2.5135	-27.754	12.503	0.3604	-0.61485	3.724	1.1312	1.6068	0.20422	0.029103	0.9407	-0.61197	-0.044091	39.939	437.04	-160.92	29.11	16.673	-24.994	22.137	-19.8	-45.053	-44.762	41.969	11.659	14.691	-40.598
-3.9107	-4.3565	-35.705	9.4565	-0.53805	0.017032	3.7511	2.3988	0.51933	1.4204	0.86559	-0.42639	-0.58466	0.24794	31.228	-73.72	-318.05	-121.87	-35.938	25.275	1.0838	50.707	-43.498	48.648	33.459	-54.684	1.0922	11.681
-3.284	5.8677	-33.245	11.457	-0.37305	-0.75173	5.2905	2.0891	0.28544	1.7092	0.79457	-1.1075	-0.40115	0.51427	25.071	408.97	98.39	80.037	6.5997	-30.75	61.574	-12.389	-9.3556	11.55	-2.8406	-27.245	7.3404	10.653
-2.7974	6.7635	-33.609	14.157	0.20733	-0.58824	3.8611	1.2048	0.76051	2.9013	0.9067	-1.1922	-0.13007	-0.50649	19.461	35.833	-14.54	107.98	23.215	6.5394	-57.176	-35.371	19.003	47.688	4.4853	-3.3857	10.843	-40.83
-2.5319	15.388	-31.035	14.504	0.39932	-0.64031	5.3835	0.77259	0.054921	1.609	1.7588	-1.3194	0.085943	0.22401	10.623	344.99	102.94	13.874	7.6796	-2.0827	60.895	-17.289	-28.223	-51.694	34.086	-5.0888	8.6406	29.22
-2.4388	12.366	-32.813	13.575	0.30523	-0.32362	4.8933	1.3773	0.26344	0.89055	1.8336	-0.86601	0.56689	-0.17882	3.7208	-120.9	-71.1	-37.165	-3.7636	12.668	-19.606	24.187	8.3407	-28.737	2.9911	18.135	19.238	-16.113
-2.5547	11.652	-33.309	14.385	-0.58268	-0.70026	5.7517	1.2259	-0.057214	1.5982	0.54491	-0.40445	0.51008	0.18006	-4.633	-28.567	-19.852	32.418	-35.516	-15.066	34.335	-6.0532	-12.826	28.305	-51.549	18.462	-2.2723	14.356
-2.7089	6.307	-35.216	12.397	-0.37476	-1.1077	4.8397	2.1553	-0.79939	1.1947	0.26591	-0.53756	0.78502	0.37808	-6.1706	-213.79	-76.274	-79.518	8.3167	-16.298	-36.481	37.173	-29.687	-16.14	-11.16	-5.3243	10.997	7.9205
-2.923	8.8899	-35.071	7.9429	-1.7193	-1.4824	2.6695	1.9597	0.96745	2.9959	0.84176	-0.31849	-1.2006	-0.6289	-8.5638	103.32	5.7945	-178.17	-53.783	-14.987	-86.808	-7.8241	70.674	72.048	23.034	8.7626	-79.425	-40.279
-3.2877	5.7409	-34.999	7.6325	-1.0095	-2.2461	2.2458	1.7289	0.037359	2.2887	1.4594	-1.2327	-1.3559	-1.7675	-14.587	-125.96	2.8823	-12.414	28.392	-30.548	-16.947	-9.2305	-37.204	-28.285	24.707	-36.568	-6.2105	-45.545
-4.0553	4.991	-29.506	8.8045	-0.4005	-1.3188	2.2755	1.788	0.69757	1.7682	3.4139	-1.0723	-0.94611	-0.28802	-30.702	-29.998	219.7	46.879	24.361	37.091	1.186	2.3625	26.408	-20.822	78.177	6.416	16.39	59.18
-5.4058	-3.2936	-21.329	7.3413	1.9715	-3.7691	2.2223	0.7091	0.14787	0.2742	1.1759	-0.87311	0.38982	1.5907	-54.022	-331.38	327.11	-58.526	94.881	-98.01	-2.126	-43.154	-21.988	-59.759	-89.52	7.9672	53.437	75.151
-5.4004	10.888	-1.338	1.4503	3.414	0.14156	0.56486	-1.5201	-2.458	1.3758	0.74467	-1.218	-0.86291	-1.3278	0.21753	567.28	799.63	-235.64	57.699	156.42	-66.298	-89.168	-104.24	44.065	-17.248	-13.796	-50.109	-116.74
-4.4165	20.846	0.48103	-0.95981	6.0791	-1.1748	0.26156	-1.2765	-3.3498	2.7405	0.78068	-0.66209	0.61999	-2.3825	39.356	398.29	72.761	-96.403	106.6	-52.656	-12.132	9.7431	-35.672	54.585	1.4404	22.237	59.316	-42.186
-3.9688	17.829	-0.51967	-1.104	6.4128	-1.3247	-0.044804	-1.3924	-3.1976	2.602	0.82043	-0.32541	0.15365	-1.3874	17.909	-120.68	-40.028	-5.767	13.347	-5.9923	-12.255	-4.6355	6.09	-5.5399	1.5899	13.467	-18.653	39.803
-3.9774	20.204	-0.73994	-1.3968	6.7657	-2.2574	0.19443	-2.0383	-3.6177	2.4852	0.89727	-0.50735	0.29273	-1.1884	-0.34619	95.031	-8.8108	-11.715	14.117	-37.311	9.5695	-25.837	-16.805	-4.6699	3.0735	-7.2778	5.5633	7.9577
-4.3776	22.251	0.26182	-1.6291	7.6754	-2.6509	0.43418	-0.95882	-3.7109	2.7983	0.47239	-0.82376	-0.06915	-0.6329	-16.005	81.861	40.07	-9.2891	36.389	-15.738	9.59	43.18	-3.7274	12.524	-16.995	-12.656	-14.475	22.222
-4.2464	16.92	-0.72338	0.60739	6.5789	-1.5244	1.6373	-0.67911	-3.0695	3.0598	-0.093922	-0.90001	-0.030967	-0.17097	5.2469	-213.25	-39.408	89.459	-43.859	45.059	48.123	11.188	25.657	10.459	-22.652	-3.05	1.5273	18.477
-4.8958	8.4225	-2.5027	2.2042	6.382	-0.52706	2.5212	-1.3545	-1.6258	1.7066	-1.2211	-0.26405	0.36205	0.17619	-25.977	-339.88	-71.171	63.873	-7.8789	39.893	35.359	-27.016	57.748	-54.128	-45.089	25.438	15.721	13.886
-5.5364	3.651	-3.1715	3.441	5.7716	1.6643	2.399	-0.66861	1.9656	0.41145	-3.8929	1.6855	0.70487	-0.065838	-25.623	-190.86	-26.754	49.472	-24.416	87.655	-4.8888	27.436	143.65	-51.805	-106.87	77.983	13.713	-9.6811
-5.658	3.8877	-1.5118	6.2022	4.3139	3.5542	0.63809	-1.8317	4.8203	-1.477	-4.8037	4.1933	-0.059284	-0.34578	-4.8644	9.4703	66.388	110.45	-58.307	75.594	-70.437	-46.524	114.19	-75.539	-36.431	100.31	-30.566	-11.198
-5.5512	-2.1259	-0.17649	6.8388	4.6904	4.3217	-0.64049	-0.61316	4.9824	-1.4485	-4.2052	2.9789	0.35399	0.036233	4.2701	-240.54	53.413	25.463	15.058	30.699	-51.143	48.742	6.483	1.1398	23.94	-48.576	16.531	15.28
-5.7213	-10.949	-0.55153	8.2235	4.7339	4.136	0.81848	-1.7496	5.7906	-1.9641	-3.8914	4.0603	-0.54611	0.59461	-6.804	-352.93	-15.002	55.386	1.7427	-7.4281	58.359	-45.458	32.328	-20.621	12.553	43.259	-36.004	22.335
-6.0318	-13.969	1.1017	7.8528	4.775	5.1277	-0.1819	-0.50424	5.6052	-1.7667	-4.0234	3.3308	0.18328	-0.36215	-12.419	-120.79	66.128	-14.825	1.642	39.671	-40.015	49.815	-7.4145	7.8964	-5.2805	-29.18	29.175	-38.27
-6.6551	-18.484	1.1309	8.7082	4.7634	6.8495	-0.56174	0.38054	4.1362	-1.0819	-3.4376	2.8629	-0.62155	0.45364	-24.931	-180.6	1.1709	34.215	-0.46393	68.87	-15.194	35.391	-58.761	27.391	23.43	-18.717	-32.193	32.632
-6.8788	-30.56	-0.78731	8.9349	5.0598	4.6287	0.96038	1.4216	4.33	-0.15873	-1.404	2.7602	-1.7237	0.22003	-8.9494	-483.05	-76.73	9.0695	11.855	-88.831	60.885	41.64	7.75	36.926	81.345	-4.109	-44.087	-9.3445
-7.7659	-41.98	0.94659	8.2396	4.7809	5.7054	0.89711	1.1054	3.9253	-0.92475	-0.74356	3.0808	-1.4518	-1.1677	-35.484	-456.78	69.356	-27.816	-11.155	43.068	-2.5306	-12.644	-16.188	-30.641	26.418	12.826	10.877	-55.51
-8.1358	-19.461	0.52638	-4.207	0.82479	7.4052	0.16682	-0.1799	3.4976	1.1143	-0.15989	0.66669	-0.84329	-0.30626	-14.794	900.75	-16.808	-497.86	-158.24	67.992	-29.212	-51.414	-17.105	81.564	23.347	-96.565	24.34	34.459
-7.5833	-20.165	-14.714	-3.6224	1.5543	6.1112	0.53368	-0.57209	3.9345	0.88335	2.847	-0.546	0.027759	0.31067	22.101	-28.176	-609.62	23.385	29.181	-51.761	14.674	-15.688	17.476	-9.2398	120.28	-48.507	34.842	24.677
-6.6401	-13.19	-26.611	0.89952	1.1595	5.6538	1.7549	-2.2886	2.819	-2.4213	1.1498	-0.47344	0.020999	0.76096	37.728	279	-475.89	180.88	-15.791	-18.296	48.848	-68.662	-44.622	-132.19	-67.89	2.9023	-0.27037	18.012
-5.987	-10.224	-30.989	0.90635	0.37825	6.0396	1.8431	-1.9004	3.275	-0.68397	1.3438	0.34281	1.062	0.80013	26.123	118.63	-175.1	0.27325	-31.252	15.431	3.5281	15.531	18.24	69.493	7.7608	32.65	41.64	1.5666
-5.7139	-6.6176	-32.271	-2.1204	-1.9011	3.5408	1.9566	-2.0513	3.7146	-0.98294	2.249	-0.41321	0.099401	1.1437	10.923	144.27	-51.28	-121.07	-91.176	-99.952	4.5409	-6.0356	17.585	-11.959	36.208	-30.241	-38.504	13.742
-5.7249	-4.0981	-31.031	-3.0321	-3.4583	2.8141	1.6916	-4.5785	1.4503	-0.18933	2.7318	0.1412	-1.7519	-0.79475	-0.43889	100.78	49.594	-36.467	-62.284	-29.067	-10.602	-101.09	-90.571	31.744	19.312	22.176	-74.053	-77.537
-6.068	-5.0104	-27.1	-0.58864	-0.47521	5.3535	3.5307	-2.2058	1.8566	-0.46709	1.9925	-0.38923	-0.6613	0.049832	-13.724	-36.492	157.22	97.739	119.32	101.58	73.567	94.908	16.252	-11.11	-29.573	-21.217	43.625	33.783
-6.2421	7.7682	-11.473	2.0968	-1.95	2.6963	2.9373	-1.0328	0.3298	-2.0847	1.2388	-1.0261	0.23055	-0.0032179	-6.9626	511.15	625.09	107.42	-58.993	-106.29	-23.736	46.922	-61.074	-64.704	-30.148	-25.473	35.674	-2.122
-5.1216	3.9237	-1.0081	2.3833	-1.9826	2.0794	4.6378	-0.97226	-0.96666	-3.9724	1.2652	-0.18136	0.0066164	-0.45089	44.82	-153.78	418.6	11.459	-1.3005	-24.675	68.019	2.4196	-51.858	-75.509	1.0563	33.788	-8.9575	-17.907
-3.8284	-0.68904	11.898	2.2762	-4.238	0.64821	3.3927	-0.93277	-1.532	-6.0611	0.49111	1.0771	-1.1314	0.051067	51.726	-184.51	516.23	-4.2837	-90.217	-57.249	-49.803	1.58	-22.614	-83.546	-30.963	50.337	-45.519	20.078
-3.0888	0.25722	21.479	0.73822	-9.0738	2.8355	-0.7516	0.3276	-1.573	-5.6932	0.44916	0.99209	-0.95235	0.50717	29.584	37.85	383.26	-61.519	-193.43	87.493	-165.77	50.415	-1.6389	14.716	-1.6782	-3.3991	7.1607	18.244
-2.7607	5.6265	21.792	0.58177	-11.677	4.3246	-3.5868	0.042121	0.86409	-5.1885	0.91864	-0.23252	-0.60514	1.5665	13.126	214.77	12.531	-6.2581	-104.14	59.564	-113.41	-11.419	97.483	20.188	18.779	-48.984	13.888	42.373
-2.2312	7.7417	20.203	1.6876	-12.069	2.644	-3.7046	-0.0029727	1.3802	-3.9078	0.45904	-0.29235	0.4214	0.6402	21.177	84.608	-63.568	44.233	-15.651	-67.223	-4.7109	-1.8037	20.644	51.228	-18.384	-2.3934	41.062	-37.052
-1.8696	10.727	17.606	2.7823	-12.497	2.4801	-4.9955	-1.0564	2.4646	-2.965	0.64594	-0.662	1.2056	1.2111	14.467	119.4	-103.9	43.787	-17.113	-6.557	-51.638	-42.137	43.377	37.712	7.4763	-14.786	31.368	22.838
-1.6575	17.111	15.95	-0.022666	-10.056	0.68237	-5.33	-1.6249	3.9224	-2.7807	0.17904	-0.33636	1.1176	1.8199	8.4815	255.37	-66.209	-112.2	97.609	-71.91	-13.38	-22.741	58.311	7.3719	-18.676	13.025	-3.5214	24.349
-1.5254	17.234	18.039	-1.597	-9.4681	-0.30823	-6.5731	-0.9504	4.5724	-2.5509	-0.38533	-0.71911	1.1654	1.2004	5.2866	4.9224	83.55	-62.974	23.528	-39.624	-49.723	26.981	26.003	9.1907	-22.575	-15.31	1.9121	-24.779
-1.396	16.708	19.695	-2.6072	-8.6557	-0.52785	-6.7909	-0.1368	4.7225	-2.0983	-0.14797	-0.68732	0.57022	1.6169	5.1737	-21.053	66.243	-40.406	32.496	-8.7848	-8.7107	32.544	6.001	18.107	9.4946	1.2716	-23.806	16.661
-1.406	19.218	17.642	-3.2727	-6.7703	-1.4386	-7.4917	0.55937	5.5041	-2.5346	1.001	-1.695	0.91292	1.2579	-0.40081	100.39	-82.135	-26.62	75.415	-36.432	-28.032	27.847	31.266	-17.454	45.959	-40.308	13.708	-14.361
-1.3422	19.694	15.385	-2.5872	-6.3048	-2.1925	-7.7808	1.0602	5.1952	-1.7473	0.59577	-1.1361	0.68972	1.0173	2.5524	19.07	-90.27	27.421	18.619	-30.156	-11.565	20.032	-12.358	31.492	-16.209	22.358	-8.9281	-9.6233
-1.3917	15.342	17.014	-3.0134	-6.5877	-2.904	-8.4473	1.5939	5.3195	-1.7555	1.1946	-1.5148	1.0713	1.9154	-1.9795	-174.1	65.168	-17.049	-11.317	-28.458	-26.659	21.349	4.9714	-0.32547	23.951	-15.147	15.264	35.926
-1.4329	18.789	16.484	-3.8874	-5.8231	-3.7579	-8.6468	1.972	4.5851	-2.2078	2.152	-2.103	1.2871	1.3032	-1.647	137.86	-21.229	-34.961	30.586	-34.156	-7.9795	15.125	-29.374	-18.092	38.299	-23.529	8.6298	-24.492
-1.4674	20.512	16.907	-3.8531	-5.4522	-3.9996	-7.4398	1.7222	4.7396	-2.1489	2.056	-2.1598	0.72443	1.9677	-1.3802	68.915	16.949	1.371	14.835	-9.6672	48.276	-9.9916	6.178	2.3526	-3.8405	-2.2737	-22.506	26.582
-1.5128	20.822	15.46	-4.4837	-4.2239	-3.5786	-7.5694	1.9088	4.1812	-2.2411	2.4005	-2.1166	0.43691	2.1539	-1.8168	12.425	-57.883	-25.223	49.134	16.837	-5.1816	7.4626	-22.337	-3.6845	13.778	1.7281	-11.501	7.4462
-1.5573	20.637	13.719	-4.1846	-4.1579	-4.0294	-5.9064	1.1148	4.6001	-1.5572	1.4289	-1.113	0.058364	2.7929	-1.7799	-7.4113	-69.672	11.963	2.6397	-18.03	66.521	-31.759	16.758	27.353	-38.862	40.146	-15.142	25.562
-1.4323	20.794	14.169	-5.5202	-4.5712	-4.396	-6.4449	1.984	4.3873	-1.1787	1.2465	-1.2391	0.75276	3.6102	4.9995	6.2773	18.007	-53.423	-16.535	-14.665	-21.543	34.767	-8.511	15.143	-7.2945	-5.0474	27.776	32.691
-1.3824	26.99	13.929	-7.102	-4.7733	-4.3449	-6.0711	2.5141	3.3625	-1.2495	1.0269	-1.4585	1.3984	3.294	1.9961	247.87	-9.5811	-63.272	-8.0803	2.046	14.954	21.205	-40.993	-2.8339	-8.7866	-8.7735	25.825	-12.648
-1.381	28.675	14.837	-8.5107	-4.3175	-3.8248	-4.5328	2.6314	2.4312	-1.0831	0.029741	-0.24792	1.7366	2.6066	0.056156	67.375	36.332	-56.349	18.232	20.804	61.532	4.6903	-37.255	6.6548	-39.886	48.423	13.53	-27.496
-1.4412	26.903	13.835	-9.8426	-3.2616	-3.4599	-2.4873	1.8663	1.2848	-0.47393	-0.79681	1.5171	1.4152	1.4965	-2.4062	-70.872	-40.108	-53.274	42.233	14.597	81.82	-30.604	-45.855	24.368	-33.062	70.6	-12.858	-44.402
-1.7336	21.927	13.902	-11.096	-4.1007	-2.2164	-2.9533	1.3616	1.0537	-1.6193	0.87006	1.5046	3.0741	0.99157	-11.697	-199.04	2.6919	-50.141	-33.563	49.738	-18.641	-20.188	-9.2448	-45.813	66.675	-0.49882	66.357	-20.199
-2.1644	26.856	13.037	-12.19	-1.53	-2.5532	-2.6156	-0.20503	-0.12599	-0.78614	0.88785	1.6223	2.8645	-0.40695	-17.233	197.16	-34.6	-43.762	102.83	-13.472	13.508	-62.664	-47.186	33.325	0.71144	4.7096	-8.3844	-55.941
-2.364	26.205	13.262	-12.419	-0.11624	-1.3764	-0.65402	-1.926	0.063507	-0.70668	0.84633	3.3371	-0.089983	0.40322	-7.9842	-26.058	8.9983	-9.1396	56.549	47.072	78.465	-68.84	7.5801	3.1783	-1.6607	68.589	-118.18	32.407
-2.4749	24.38	8.8273	-11.095	2.3903	-0.91429	-0.30728	-2.4963	-1.0945	0.38472	1.731	3.0361	-0.033236	-0.32287	-4.4336	-72.982	-177.39	52.943	100.26	18.485	13.87	-22.812	-46.322	43.656	35.385	-12.038	2.2699	-29.044
-2.877	24.03	7.1692	-11.184	2.4789	-0.28765	-1.731	-2.9669	-2.1074	0.59481	2.5826	2.1201	0.6831	-1.0389	-16.084	-13.983	-66.325	-3.5568	3.5452	25.065	-56.949	-18.821	-40.516	8.4036	34.064	-36.639	28.653	-28.642
-3.5551	27.978	4.3118	-9.9673	6.3984	-0.4369	-1.9124	-2.1864	-3.3133	2.2873	1.8305	-0.82077	1.1055	-1.0862	-27.125	157.9	-114.29	48.667	156.78	-5.9699	-7.257	31.218	-48.237	67.7	-30.081	-117.64	16.894	-1.8902
-3.5841	17.891	2.2868	-7.3746	10.163	-0.10863	-1.2845	-2.3774	-2.6982	3.8992	0.12151	-2.1209	1.545	-0.69565	-1.1603	-403.49	-81	103.71	150.58	13.131	25.118	-7.6375	24.606	64.477	-68.361	-52.003	17.582	15.622
-4.3214	7.8069	0.12194	-4.5396	10.575	0.79445	-1.567	-3.1917	-2.5358	4.3755	-0.76259	-2.5378	2.0897	0.0075992	-29.49	-403.35	-86.596	113.4	16.501	36.123	-11.301	-32.572	6.4958	19.05	-35.364	-16.676	21.786	28.13
-5.249	3.2551	-2.1773	-2.2497	11.912	1.2229	0.057247	-3.3929	-2.554	6.1147	-3.3103	-3.6298	2.3018	0.80992	-37.105	-182.07	-91.97	91.594	53.48	17.14	64.971	-8.049	-0.72787	69.568	-101.91	-43.681	8.4845	32.093
-6.3653	-9.3773	2.7022	2.9449	4.5598	-0.83288	2.9611	-1.6896	1.9344	4.8009	-5.8076	-1.3538	3.2291	2.0124	-44.652	-505.29	195.18	207.79	-294.1	-82.233	116.15	68.133	179.53	-52.554	-99.892	91.04	37.092	48.099
-6.2911	-8.8922	3.1824	0.16969	1.8324	3.2208	1.0092	-2.7761	2.9487	1.2688	-3.7916	1.4511	2.0405	1.9272	2.9695	19.403	19.205	-111.01	-109.1	162.15	-78.075	-43.461	40.574	-141.28	80.638	112.19	-47.543	-3.409
-6.1517	-12.025	2.8474	1.263	0.73748	4.0262	0.35058	-3.5757	4.0226	0.29312	-4.6344	1.0906	2.6549	1.98	5.5747	-125.3	-13.4	43.732	-43.797	32.214	-26.345	-31.985	42.958	-39.026	-33.711	-14.42	24.576	2.1125
-6.0813	-7.9516	7.5949	-0.57334	-1.5336	5.5829	-0.80981	-3.45	4.6373	-1.3567	-3.566	2.3581	1.6614	2.1357	2.8153	162.93	189.9	-73.453	-90.842	62.269	-46.416	5.028	24.586	-65.993	42.734	50.701	-39.738	6.2275
-5.9046	-1.8128	3.9189	2.7593	-0.26756	4.599	-0.4645	-3.089	4.5388	0.4389	-4.9331	3.182	0.58669	1.8932	7.0671	245.55	-147.04	133.3	50.641	-39.359	13.812	14.439	-3.9401	71.825	-54.681	32.959	-42.99	-9.6981
-5.8881	-8.6085	2.7785	3.8327	0.91929	4.8045	0.87041	-3.117	3.9634	0.9924	-5.2587	2.5078	1.3966	1.0745	0.66081	-271.83	-45.615	42.939	47.474	8.2231	53.397	-1.1204	-23.016	22.14	-13.027	-26.969	32.397	-32.749
-6.2427	-9.4007	1.9626	3.9909	1.8611	5.1198	0.94527	-2.4051	2.7927	1.5229	-5.5933	1.8635	2.377	0.77029	-14.183	-31.688	-32.635	6.3243	37.672	12.611	2.9943	28.479	-46.827	21.221	-13.384	-25.774	39.216	-12.168
-6.8613	-13.727	3.0351	3.7927	3.8995	5.5253	1.517	-1.0317	1.272	2.3642	-4.211	0.31944	2.5226	-0.053414	-24.743	-173.07	42.9	-7.9273	81.537	16.222	22.868	54.936	-60.827	33.651	55.292	-61.761	5.8221	-32.948
-7.0267	-21.273	-1.2952	1.5804	3.5796	4.5911	3.7649	0.021736	2.1769	0.85843	-1.5488	0.22893	0.89585	0.39858	-6.6189	-301.82	-173.21	-88.491	-12.798	-37.37	89.918	42.136	36.194	-60.232	106.49	-3.6202	-65.068	18.08
-7.9081	-24.388	-4.8263	2.0351	2.7848	2.3541	5.3459	0.6254	2.2004	-0.42562	-1.736	-0.40467	0.83991	1.1364	-35.253	-124.58	-141.24	18.188	-31.79	-89.482	63.24	24.147	0.93975	-51.362	-7.49	-25.344	-2.2376	29.515
-5.6011	9.2208	-5.1588	1.2837	0.15914	1.6452	3.2727	-4.6976	-0.5132	-0.77309	0.86635	0.46002	-1.3211	0.70274	92.28	1344.3	-13.299	-30.057	-105.03	-28.355	-82.93	-212.92	-108.54	-13.899	104.09	34.588	-86.441	-17.348
-4.1123	13.692	1.4367	-4.0261	5.2712	0.80957	1.6132	-3.301	-3.5354	0.43363	1.1334	-0.52844	0.080056	-0.26056	59.55	178.86	263.82	-212.39	204.48	-33.425	-66.379	55.864	-120.89	48.269	10.682	-39.538	56.047	-38.532
-3.9337	20.933	4.1564	-7.5449	7.8661	-0.63931	0.032017	-2.2742	-6.8534	2.713	-0.4044	-1.5946	0.73697	-1.8418	7.1437	289.62	108.79	-140.75	103.79	-57.955	-63.248	41.075	-132.72	91.174	-61.512	-42.645	26.276	-63.25
-4.2012	17.108	3.0629	-6.9849	8.4416	0.25064	2.5654	-0.68533	-6.6178	2.8741	-0.0705	-2.3279	0.46744	-1.7244	-10.698	-152.98	-43.741	22.398	23.022	35.598	101.34	63.553	9.4221	6.4466	13.356	-29.335	-10.781	4.6959
-5.0179	-9.0939	-0.027686	-3.9868	7.58	1.6893	3.2175	-2.0165	-8.2263	2.8405	-0.85135	-2.7821	-0.90205	-0.93909	-32.669	-1048.1	-123.62	119.92	-34.464	57.545	26.084	-53.247	-64.34	-1.3445	-31.234	-18.168	-54.78	31.413
-8.618	-28.529	1.1406	1.5127	2.1459	2.4784	6.24	0.41389	-4.6975	1.823	0.45502	-1.9594	-0.40964	1.1825	-144.01	-777.4	46.73	219.98	-217.37	31.565	120.9	97.216	141.15	-40.7	52.255	32.909	19.697	84.862
-10.314	-65.125	-7.1896	5.2376	0.56907	5.7241	4.1672	0.27755	0.35957	-0.34764	0.21049	-0.41462	-0.63382	0.32959	-67.831	-1463.8	-333.21	148.99	-63.073	129.83	-82.912	-5.4535	202.28	-86.826	-9.7813	61.791	-8.9671	-34.115
-12.988	-77.014	-12.443	3.7873	-0.86731	4.6831	3.3692	1.3206	0.68194	-0.45714	1.6167	1.7082	-0.27796	0.38135	-106.95	-475.57	-210.15	-58.012	-57.456	-41.639	-31.92	41.721	12.895	-4.3802	56.249	84.914	14.234	2.0706
-8.1398	-61.193	-4.4145	0.84819	-9.123	-0.1459	3.9298	1.6271	-0.16668	-2.3175	-0.31956	1.5168	-1.0736	0.51021	193.91	632.82	321.15	-117.56	-330.23	-193.16	22.427	12.261	-33.945	-74.415	-77.451	-7.6563	-31.826	5.1544
-7.7903	-21.131	2.6629	-2.7616	-9.9557	-2.3952	5.1438	0.89588	-2.0851	-2.0319	-1.0548	0.9383	-2.504	-0.39461	13.982	1602.5	283.1	-144.39	-33.308	-89.972	48.558	-29.25	-76.738	11.425	-29.41	-23.141	-57.216	-36.193
-7.6821	-30.885	-2.3215	-2.6137	-8.9371	-1.863	2.7585	1.2794	-1.9171	-2.244	-0.43557	1.6855	-1.7154	0.07481	4.3264	-390.16	-199.38	5.9163	40.744	21.288	-95.412	15.342	6.72	-8.4849	24.77	29.887	31.542	18.777
-6.7451	-23.669	1.7225	1.3429	-4.6074	0.44451	4.5413	0.63908	0.95892	-1.6523	1.0201	2.386	0.0066654	1.5131	37.481	288.64	161.76	158.26	173.19	92.301	71.314	-25.614	115.04	23.669	58.228	28.021	68.885	57.531
-4.7861	4.8751	11.634	-5.9689	-1.7712	-0.50172	4.5266	-0.63014	-5.2915	-2.0647	1.639	-0.48474	-1.2935	1.8713	78.361	1141.8	396.44	-292.47	113.45	-37.849	-0.59052	-50.769	-250.02	-16.497	24.755	-114.83	-52.007	14.329
-3.2671	12.148	15.621	-4.3358	-4.2506	0.83589	1.5618	0.15722	-5.0345	-1.9352	2.0488	0.1972	-0.70736	0.25943	60.76	290.93	159.5	65.325	-99.177	53.504	-118.59	31.494	10.279	5.1809	16.392	27.278	23.446	-64.475
-2.5671	12.922	14.609	-3.2064	-6.614	1.0882	1.9673	-1.3105	-4.393	-1.6203	0.82887	2.0423	-0.94644	-0.048069	28.001	30.958	-40.48	45.176	-94.536	10.094	16.222	-58.708	25.663	12.594	-48.797	73.804	-9.5632	-12.3
-2.2268	12.662	17.347	-4.284	-8.5991	0.79412	2.3712	-2.3266	-4.9109	-2.0851	0.70227	3.0356	-0.32577	-0.63574	13.609	-10.402	109.51	-43.103	-79.402	-11.765	16.155	-40.645	-20.717	-18.589	-5.0638	39.733	24.827	-23.507
-2.1371	16.626	19.02	-4.3061	-10.059	0.11607	2.8822	-2.1463	-4.6544	-1.502	1.2585	3.0701	-0.41001	-0.69897	3.5876	158.54	66.943	-0.88394	-58.411	-27.122	20.441	7.2122	10.261	23.321	22.25	1.3779	-3.3694	-2.5292
-1.9177	17.843	18.779	-5.4813	-9.4412	0.1567	1.0402	0.074387	-5.1318	-0.89499	2.107	1.9942	0.1693	-1.931	8.7774	48.695	-9.6759	-47.009	24.724	1.6253	-73.68	88.827	-19.097	24.281	33.937	-43.035	23.172	-49.283
-1.6741	19.322	15.575	-5.0942	-9.4414	0.22915	1.341	-1.2991	-4.2454	-0.44777	1.9991	3.338	0.37531	-2.1832	9.7435	59.129	-128.15	15.483	-0.006804	2.898	12.031	-54.94	35.454	17.889	-4.3152	53.751	8.2401	-10.085
-1.6106	16.357	17.671	-7.3715	-9.8121	0.16121	1.1387	-2.1715	-4.6724	-1.0576	3.5176	2.9923	0.60796	-1.1109	2.5409	-118.56	83.839	-91.09	-14.83	-2.7176	-8.0925	-34.895	-17.077	-24.392	60.742	-13.825	9.3062	42.892
-1.7115	22.521	17.414	-8.909	-8.4748	0.11727	0.93506	-1.7299	-4.3562	0.24562	3.1161	2.3714	0.089606	-1.2369	-4.0384	246.55	-10.29	-61.502	53.492	-1.7579	-8.1456	17.664	12.647	52.128	-16.059	-24.839	-20.734	-5.0413
-1.6079	24.423	15.241	-8.5301	-7.256	-0.33132	1.2726	-2.2646	-3.009	2.0986	2.1058	2.0875	-0.23474	-1.5165	4.1466	76.087	-86.925	15.156	48.755	-17.944	13.501	-21.387	53.887	74.119	-40.414	-11.355	-12.974	-11.182
-1.7177	22.839	12.096	-9.4712	-5.5771	-0.47406	1.4573	-3.9036	-1.6321	2.3915	2.2053	3.4651	-0.92814	-0.93761	-4.3932	-63.358	-125.79	-37.643	67.155	-5.7096	7.3896	-65.561	55.077	11.714	3.9798	55.104	-27.736	23.155
-2.0039	20.149	14.446	-10.115	-6.6267	-0.64374	0.35956	-3.422	-2.1114	2.4924	3.1915	2.9199	-0.52487	-1.0827	-11.447	-107.62	94.012	-25.741	-41.982	-6.7873	-43.91	19.263	-19.172	4.0394	39.448	-21.809	16.131	-5.8029
-2.3634	23.603	13.601	-11.819	-3.7072	-1.2936	0.67116	-2.2293	-2.42	3.269	2.5752	1.6287	-0.61907	-0.78609	-14.382	138.15	-33.788	-68.188	116.78	-25.996	12.464	47.709	-12.344	31.063	-24.653	-51.646	-3.7683	11.864
-2.436	9.8885	10.837	-10.22	-3.6013	-1.3764	0.46816	-2.97	-0.76046	3.3989	3.5532	2.3535	-0.71041	-1.609	-2.9001	-548.57	-110.58	63.972	4.2372	-3.3095	-8.1202	-29.628	66.381	5.1959	39.12	28.991	-3.6536	-32.916
-3.2605	13.259	14.227	-10.875	-5.9308	-0.22048	-0.052565	-3.0969	-0.82123	3.103	3.2237	1.8431	-1.1927	-0.86068	-32.981	134.8	135.59	-26.204	-93.181	46.236	-20.829	-5.0764	-2.4308	-11.837	-13.179	-20.416	-19.29	29.933
-3.182	18.579	7.201	-9.9801	-3.5971	-0.033251	0.85112	-2.8295	1.3258	2.5135	1.7248	2.3718	-2.1325	-0.071936	3.1391	212.8	-281.02	35.806	93.349	7.4893	36.148	10.697	85.882	-23.579	-59.956	21.148	-37.594	31.55
-3.1702	16.917	4.0703	-10.251	-4.0738	-1.5657	0.23017	-3.2116	1.3685	3.448	2.5525	3.1233	-2.159	-0.36719	0.47241	-66.448	-125.23	-10.833	-19.066	-61.298	-24.838	-15.286	1.7058	37.381	33.108	30.057	-1.0592	-11.81
-3.4535	20.353	7.0275	-8.8745	-5.165	-0.82286	0.75184	-2.8611	1.2606	3.1388	1.7838	3.1345	-2.3765	-0.096462	-11.331	137.42	118.29	55.057	-43.648	29.714	20.867	14.021	-4.3133	-12.37	-30.747	0.45036	-8.6994	10.829
-3.3834	17.828	5.7218	-10.285	-3.028	-0.60123	1.139	-2.2451	2.0772	2.9725	1.7573	2.5199	-2.1481	-0.3358	2.8017	-100.98	-52.228	-56.427	85.477	8.8651	15.488	24.639	32.663	-6.6535	-1.0614	-24.583	9.1369	-9.5735
-3.4776	14.898	5.6671	-8.9981	-5.0143	-1.1021	-0.13029	-2.2241	1.2993	3.0624	2.526	3.1815	-2.19	-0.45551	-3.7669	-117.2	-2.1913	51.481	-79.448	-20.033	-50.773	0.84305	-31.115	3.5991	30.747	26.464	-1.6797	-4.7883
-3.9462	20.566	4.1467	-8.5814	-4.6042	-0.33009	0.52443	-1.7854	1.6985	3.0406	1.8973	2.9872	-2.2432	0.092598	-18.744	226.7	-60.816	16.671	16.401	30.879	26.189	17.545	15.965	-0.87341	-25.149	-7.7734	-2.1246	21.924
-4.1109	-8.1431	8.986	-6.3049	-5.2266	-2.0964	1.3121	-0.50441	0.0317	4.3389	2.9558	2.6928	-1.9722	-1.5572	-6.5865	-1148.4	193.57	91.058	-24.894	-70.651	31.505	51.241	-66.67	51.933	42.34	-11.776	10.84	-65.991
-4.9995	1.3324	13.351	-8.0851	-6.396	-1.5039	1.5731	-1.0355	0.18449	3.8096	1.4846	2.021	-1.5429	-1.7896	-35.547	379.02	174.58	-71.205	-46.776	23.699	10.443	-21.244	6.1114	-21.173	-58.847	-26.872	17.168	-9.2953
-4.7449	-6.9367	1.5074	-6.2196	-4.6055	0.49062	1.7936	-0.78302	1.5874	2.1242	0.86385	1.9193	-1.0668	0.026037	10.184	-330.76	-473.73	74.619	71.619	79.78	8.8174	10.099	56.115	-67.415	-24.829	-4.0664	19.044	72.624
-5.8789	-0.80277	7.045	-9.0455	-6.2073	1.2341	0.17243	-0.42276	1.6126	1.588	1.9141	0.93238	-1.1656	-1.064	-45.358	245.36	221.51	-113.04	-64.071	29.738	-64.846	14.411	1.0083	-21.452	42.009	-39.478	-3.9512	-43.6
-6.2823	-19.615	3.7	-6.1519	-3.1117	4.602	1.866	1.7553	2.9532	2.6139	2.5554	-0.95025	-2.3906	-0.3144	-16.135	-752.51	-133.8	115.75	123.82	134.72	67.745	87.123	53.624	41.036	25.654	-75.305	-48.997	29.983
-6.989	-18.692	6.0083	-6.7389	-5.5181	2.8323	0.49081	2.2225	5.1568	2.7779	3.9321	-0.61599	-2.7455	-0.058037	-28.269	36.957	92.334	-23.483	-96.255	-70.788	-55.009	18.686	88.146	6.5639	55.068	13.37	-14.196	10.254
-7.1775	-19.063	-0.65365	-2.8513	-4.4113	0.4396	1.8768	0.75653	3.2387	-0.68224	2.7819	-1.2903	-3.0696	1.081	-7.5411	-14.868	-266.48	155.51	44.269	-95.708	55.441	-58.638	-76.724	-138.41	-46.01	-26.972	-12.966	45.56
-8.1844	-20.504	-6.9368	-0.92286	-2.7829	0.094455	2.5547	-0.41564	3.2796	0.49976	1.0006	-1.4171	-2.4282	-0.4699	-40.274	-57.618	-251.33	77.136	65.14	-13.806	27.115	-46.887	1.6351	47.28	-71.252	-5.0731	25.657	-62.034
-8.0092	-12.395	-14.612	2.8499	-0.86818	-0.84269	0.93497	0.65155	3.9331	-1.1534	1.4178	-0.036525	-1.3042	-0.74562	7.0081	324.34	-307.02	150.91	76.587	-37.486	-64.79	42.687	26.139	-66.127	16.689	55.224	44.959	-11.029
-7.7124	-10.084	-17.326	1.1606	-2.429	-0.22246	1.7777	3.1035	5.1856	0.2868	0.84813	-0.064007	-0.80788	1.0129	11.87	92.463	-108.56	-67.575	-62.432	24.809	33.709	98.077	50.1	57.609	-22.788	-1.0993	19.854	70.339
-7.603	-13.6	-20.652	2.2104	-0.97271	1.5363	2.5676	2.5418	4.152	0.89838	1.1453	0.68375	-0.33703	0.22971	4.3764	-140.66	-133.03	41.993	58.251	70.349	31.597	-22.468	-41.342	24.463	11.885	29.91	18.834	-31.326
-7.6739	-13.517	-19.07	5.1535	1.5143	0.97185	0.86142	0.47264	1.941	1.7965	3.1467	1.8303	-1.0819	-0.2853	-2.8338	3.317	63.271	117.72	99.48	-22.576	-68.248	-82.765	-88.439	35.923	80.056	45.861	-29.795	-20.6
-7.5508	-10.523	-19.213	0.76993	-5.7006	-3.8775	0.69776	-0.53703	0.98261	-0.63323	0.82131	0.33377	-1.4333	0.020228	4.9212	119.78	-5.7057	-175.34	-288.59	-193.97	-6.5465	-40.387	-38.337	-97.188	-93.014	-59.86	-14.057	12.221
-7.5319	-10.883	-18.898	1.4253	-7.1233	-2.88	0.65764	-1.7695	1.5724	-0.081214	1.1186	-0.38602	-1.2252	1.4797	0.75577	-14.409	12.581	26.216	-56.911	39.899	-1.6049	-49.298	23.59	22.081	11.89	-28.792	8.327	58.379
-7.743	-15.179	-20.815	1.6198	-4.0198	-0.4381	1.6006	-1.21	1.3307	-0.56048	0.29992	-1.2216	-1.1436	0.96256	-8.4415	-171.84	-76.67	7.7806	124.14	97.678	37.719	22.378	-9.6656	-19.171	-32.746	-33.424	3.2618	-20.686
-7.6487	-15.247	-21.931	2.3049	-4.4115	-1.5758	0.50999	-2.637	1.9406	-0.13838	-0.28863	-0.77437	-0.80298	1.3827	3.7689	-2.7209	-44.637	27.402	-15.669	-45.509	-43.625	-57.08	24.397	16.884	-23.542	17.89	13.625	16.807
-7.5007	-19.14	-24.643	1.5596	-4.5709	-1.9757	1.522	-0.93585	3.8812	0.65337	0.73955	0.28661	-2.8534	-0.24799	5.9205	-155.71	-108.47	-29.812	-6.3787	-15.997	40.481	68.048	77.623	31.67	41.127	42.439	-82.015	-65.228
-7.5317	-18.959	-27.007	-0.45401	-5.6025	0.071973	1.3579	2.1863	5.2606	0.59056	1.3701	-0.82251	-2.6011	0.12003	-1.238	7.2464	-94.559	-80.544	-41.264	81.908	-6.5656	124.89	55.175	-2.5124	25.223	-44.365	10.089	14.721
-7.4859	-18.876	-24.588	0.4521	-5.029	-0.70718	0.24578	-0.66466	3.743	0.46506	2.166	0.1565	-2.2396	0.95605	1.8331	3.283	96.747	36.244	22.943	-31.166	-44.483	-114.04	-60.705	-5.0203	31.835	39.16	14.46	33.441
-7.4841	-16.076	-23.956	1.3388	-4.9012	-1.3941	0.9433	-1.5837	3.7926	-0.26256	0.57047	-1.645	-1.7782	1.1189	0.069614	112.01	25.276	35.47	5.1109	-27.476	27.901	-36.763	1.9834	-29.105	-63.821	-72.061	18.457	6.5157
-7.4507	-16.631	-24.584	-0.043944	-5.8609	0.010166	0.20836	-1.6046	1.4907	0.027222	1.9823	-0.42903	-2.5348	0.012204	1.3386	-22.18	-25.107	-55.311	-38.388	56.17	-29.398	-0.8359	-92.073	11.591	56.475	48.64	-30.262	-44.269
-7.4455	-15.045	-22.093	1.6734	-5.5536	-0.73919	0.40853	0.2779	3.0699	0.038943	1.3866	1.0375	-2.4486	-0.26446	0.20658	63.431	99.617	68.695	12.293	-29.974	8.0066	75.302	63.168	0.46883	-23.829	58.663	3.4452	-11.067
-7.3877	-13.025	-23.537	1.0167	-4.84	-0.3588	0.85373	0.97127	2.1528	0.0026689	2.2033	1.0019	-2.3821	0.40416	2.3109	80.777	-57.734	-26.268	28.543	15.216	17.808	27.735	-36.687	-1.451	32.666	-1.4275	2.6608	26.745
-7.2156	-11.244	-22.02	-0.84984	-6.6401	-2.7275	-1.7811	-1.1947	0.51476	-0.5702	1.7173	0.5736	-2.3615	-0.021588	6.8855	71.274	60.68	-74.663	-72.002	-94.749	-105.39	-86.64	-65.52	-22.915	-19.437	-17.13	0.82596	-17.03
-7.26	-9.4614	-22.507	-0.43944	-5.529	-0.83202	0.92077	-2.0246	0.91786	-1.1079	0.53432	1.7937	-1.7429	-0.21399	-1.778	71.288	-19.498	16.416	44.444	75.82	108.08	-33.196	16.124	-21.507	-47.32	48.804	24.744	-7.6962
-7.4696	-14.655	-22.744	0.504	-3.284	0.49185	0.97297	-1.2415	0.77	-0.3649	1.2471	1.2355	-0.95952	-1.0044	-8.3818	-207.75	-9.481	37.738	89.798	52.955	2.0877	31.325	-5.9145	29.72	28.511	-22.33	31.334	-31.616
-7.7434	-17.295	-23.967	-1.4401	-4.1885	-0.67594	1.2167	-1.144	1.1778	-0.84577	1.2243	0.81125	-1.2137	-1.2114	-10.954	-105.59	-48.919	-77.766	-36.177	-46.712	9.7512	3.8992	16.311	-19.235	-0.91007	-16.968	-10.167	-8.2789
-7.9193	-16.647	-21.621	-1.9422	-5.0861	-0.83753	1.2002	0.98792	2.05	-0.30308	1.4118	-0.018726	-1.3357	-1.9892	-7.0356	25.913	93.824	-20.08	-35.905	-6.4639	-0.66361	85.278	34.89	21.708	7.4995	-33.199	-4.8791	-31.113
-8.1731	-18.949	-19.409	-1.6911	-4.5325	0.56948	1.3177	-2.0841	0.5453	0.072965	2.1355	1.4875	-0.59424	-0.63385	-10.152	-92.074	88.504	10.043	22.146	56.28	4.7004	-122.88	-60.189	15.042	28.946	60.25	29.657	54.213
-8.427	-19.544	-17.71	-1.8466	-2.1648	-1.2281	0.71189	-1.1941	0.29196	-0.017923	0.84053	-0.13783	-0.76091	-0.76704	-10.156	-23.789	67.942	-6.2194	94.707	-71.902	-24.231	35.598	-10.134	-3.6355	-51.798	-65.014	-6.6667	-5.3277
-8.4937	-17.822	-15.122	0.86254	-2.6695	-1.8663	3.7399	-0.75861	4.0509	-2.1803	0.15758	-0.50919	-1.529	0.93914	-2.6694	68.867	103.52	108.36	-20.19	-25.531	121.12	17.42	150.36	-86.494	-27.318	-14.855	-30.722	68.247
-9.0676	-32.282	-10.268	4.1314	-4.014	-1.173	5.3016	-2.097	4.582	-2.2412	0.97547	-0.07677	-1.1032	1.0437	-22.955	-578.38	194.16	130.76	-53.779	27.735	62.467	-53.535	21.247	-2.4365	32.716	17.297	17.029	4.1814
