566526.177494228
2207962.41584059
1193673.01165851
1020650.6642856
782983.225663483
1106355.4499323
765575.465864639
1161320.55677388
542745.538557577
1279026.33359247
2475324.85702172
1368344.19398626
1464769.98989892
303818.422605728
225081.076704343
972601.202369112
1580235.87735411
1115008.16178533
984762.815596014
1203911.27746135
1789235.15583431
851375.180189471
588816.134277829
818818.575014953
1342882.58303591
938838.405289603
560644.515607267
1769216.71268683
672484.180996658
1705543.32338068
1633926.21751511
1116810.64223811
36109268.3405129
272702505.174715
