Log_Energy MFCC_1 MFCC_2 MFCC_3 MFCC_4 MFCC_5 MFCC_6 MFCC_7 MFCC_8 MFCC_9 MFCC_10 MFCC_11 MFCC_12 MFCC_13 Log_Energy_D MFCC_1_D MFCC_2_D MFCC_3_D MFCC_4_D MFCC_5_D MFCC_6_D MFCC_7_D MFCC_8_D MFCC_9_D MFCC_10_D MFCC_11_D MFCC_12_D MFCC_13_D
-7.95828695652174 -31.011647826087 -1.59587739130435 2.95647626086956 -0.183763913043478 2.60371739130435 1.09306439130435 -0.448814173913043 -0.17750347826087 -0.960681739130435 0.444335652173913 0.347874130434783 0.263581217391304 -0.388569882608696 -86.4732086956522 -1027.00869565217 -178.642130434783 150.873752173913 -4.72813043478261 44.9090043478261 38.8189352173913 1.12516086956522 25.4819304347826 2.532 -1.05357391304348 -16.7960173913043 -11.7114304347826 8.35097913043478
-8.89398571428572 -34.1431321428572 -11.8107596428571 1.76307857142857 0.473031428571428 2.08343803571429 2.20054964285714 0.552185964285714 2.00728167857143 0.0537050714285714 0.482274732142857 -0.370763214285714 -0.164586385714286 -0.479050035714286 -31.5166203571429 -187.801392857143 -242.202214285714 -91.54945 -50.3222785714286 -34.1734285714286 6.54115357142857 24.3642535714286 27.3686535714286 13.2335892857143 1.09275357142857 -2.94326285714286 10.3834535714286 3.44472607142857
-4.32883556701031 5.67816550670103 3.82187860824742 -0.610327304123711 -1.10253092268041 -0.187624210309278 -0.632666339175258 0.0753010391752578 -0.205878036082474 0.360945395309278 -0.194312788659794 0.121850601030928 -0.0410345634020618 -0.00997041134020623 -4.2533406185567 -72.9625453608248 19.1958488195876 6.37891907216495 -10.8891851030928 10.2605293814433 -2.75664922680412 -2.58701902061856 0.131988865979382 -1.5477993814433 2.3464474072165 0.853268711340207 1.62264094329897 0.766523865979383
-6.04048181818182 9.97865209090909 -7.87376363636364 -4.20930218181818 -2.92280545454545 -2.35384454545455 1.08108 -0.558840090909091 0.367209727272727 -0.861190727272727 0.181415454545455 -0.464912727272727 0.434546818181818 0.0161527272727272 176.179727272727 2597.67272727273 180.449090909091 -283.301272727273 -70.5556363636364 -153.108545454545 -29.1926363636364 -93.3790181818182 -43.1852809090909 -20.6479272727273 -19.3327346363636 -2.00336363636363 -9.92088636363636 9.83585454545454
-4.35661260115607 5.54317468208092 2.25805566473988 0.0456553988439307 -0.0992530057803466 -0.561338208092485 -0.710982466473989 -0.0842495861271676 0.021368479768786 0.411177497687861 -0.151219117919075 -0.0924263393063583 -0.256789809248555 0.281097570520231 2.73575656647399 61.1787943930636 -21.40239 -8.00921687861271 1.34411832369942 -6.75659132947977 -0.139953641618496 2.78144641618497 -3.43256867052023 -1.17688838150289 1.3772401734104 2.49127185549133 -3.35583539884393 -1.19566248554913
-5.01911304347826 0.722491304347827 5.91485652173913 0.0913208695652174 0.491304782608696 1.28862365217391 0.624929521739131 -0.538552260869565 -0.242812391304348 -0.917581173913044 0.03562 0.119036965217391 0.247928913043478 -0.467098304347826 81.6030434782609 404.235086956522 609.907826086956 28.8447391304348 1.27647826086957 6.86148695652174 -30.7665565217391 -8.41379565217391 -43.6324934782609 5.76355652173913 -25.8059130434783 -17.4955869565217 -5.56276086956522 -13.027237826087
-5.20235 1.38483888888889 0.584305555555556 -3.447205 -0.54785 -1.19376277777778 0.679210166666667 1.17300444444444 -0.755292222222222 -0.804674833333333 -0.462830555555555 -0.184808333333333 -0.000222777777777794 0.189983666666667 113.215216666667 1407.15555555556 359.199333333333 -227.136055555556 -9.37416111111111 -94.3166388888889 -46.5625 4.34423333333333 -59.8225277777778 -12.4883388888889 -40.2539055555556 5.94393333333333 -21.2908011111111 -3.65270777777778
-6.80073529411765 -13.2785454411765 -4.64152 -0.592971764705882 -0.287155882352941 0.375956470588235 1.22093764705882 0.398803529411765 0.0301514705882353 -0.117131705882353 0.377163764705882 0.00338967647058817 0.269464235294118 -0.285047275882353 -37.4701411764706 -591.461470588235 55.9969794117647 55.6597941176471 -27.9034235294118 54.2870852941176 8.9161694117647 0.490142647058823 2.65292176470588 -6.63144970588235 8.89501647058823 5.30008823529412 8.16946470588235 -2.75729117647059
-6.01337272727273 -7.67923272727273 -2.96101909090909 1.75084909090909 2.21290909090909 0.0395313636363637 1.22042090909091 -0.703168181818182 -0.288494636363636 -0.940491818181818 0.580154545454545 0.339111545454545 -0.409837272727273 -0.271015454545455 -43.7464545454545 -413.294545454546 -412.378181818182 136.050663636364 106.586236363636 28.1150090909091 74.7405545454545 -4.71963636363637 25.0024909090909 -26.3448772727273 3.32705454545455 -1.09635454545455 -10.1110727272727 18.3112454545455
-4.39819 12.327584 -5.002981 2.1723075 0.6900645 0.3366995 -0.9468815 -0.4002921 0.65461665 -0.72994684 0.4544277 -0.379906765 0.257146 -0.020089875 6.606735 164.2051 -221.15605 103.989915 -24.19584 -11.910706 -22.96146 -0.105154999999999 32.7544 -16.70497245 20.575595 -11.276425 3.742627 4.915102
-4.48575666666667 9.828295 -1.26729216666667 -1.32235788333333 1.71229118333333 -0.212053733333333 0.00362198333333319 0.0693904166666666 -0.276534666666667 0.114192616666667 -0.106277183333333 0.16426859 0.0391489333333333 0.1622454 18.53404375 304.806 49.4053233333333 -63.4999883333333 6.8916435 -12.7322638333333 -4.53206916666667 0.696496666666667 -18.074094 12.7636083333333 -0.389211666666666 6.50932338333333 2.15312616666667 0.190255967166667
-5.32172151898734 -4.36041734177215 2.66062341772152 0.555073594936709 0.214200759493671 -0.072770253164557 0.00870907594936707 0.00653454430379756 -0.251520632911393 -0.220580784810127 -0.203883189873418 -0.166899987341772 -0.0309583670886076 -0.0985842911392405 -17.6430914303798 -257.074936708861 -31.9010202531646 58.2029898734177 33.271567721519 18.408264556962 2.29225189873418 1.24506351898734 14.9215630379747 -6.87657506329113 -3.25899696202532 -2.14266113924051 -4.56785860759494 -4.64270227848101
-8.66653333333333 -46.0008666666667 -7.800466 5.042766 1.89220133333333 2.48576533333333 1.97071266666667 0.239814666666667 -0.746677933333333 -0.372102 1.00677533333333 0.0462150666666667 0.630677023333333 -0.323857866666667 -130.55672 -1638.84666666667 -380.762666666667 179.083133333333 -41.14098 70.2085733333333 58.8436266666667 37.23562 59.8965333333333 9.8222 13.9782733333333 11.9284666666667 28.70622 2.50685333333333
-5.86054074074074 -1.71692666666667 -5.47963333333333 -0.227375555555555 -0.0192322925925926 -0.673432296296296 1.12438277777778 -0.169693777777778 0.651520407407407 -0.251180814814815 -0.241886666666667 -0.345145077777778 0.499235851851852 0.0270088888888889 46.5665462962963 788.546296296296 13.4901074074074 -84.0753222222222 12.1692037777778 -55.2330777777778 -14.5756407407407 -5.1669037037037 -28.3804592592593 15.9895888888889 -12.0910888888889 0.285333333333334 7.01735555555556 -11.2782785185185
-5.26025294117647 3.29561352941176 -4.992435 -0.310631470588235 0.359793235294118 0.455842647058824 0.285802647058824 -0.324548655882353 0.532713235294118 -0.352023588235294 0.61050155882353 0.560549147058824 0.225698882352941 -0.0897112941176471 -12.4433058823529 -271.724 245.876852941176 -25.0544705882353 18.9523382352941 25.9225882352941 14.7044658823529 -3.76933029411765 -1.26053235294118 11.2569494117647 -4.18527647058824 4.83009 3.77580294117647 4.17248647058824
-4.84854545454546 11.4461818181818 -21.2401818181818 3.03627181818182 5.87455272727273 -0.277428181818182 1.26819 0.160693636363636 0.0252180545454546 -1.060969 0.955587272727273 -0.265353636363636 0.0126624545454545 0.10067 3.44415272727273 106.485545454545 -630.08 17.0080181818182 37.8799363636364 -27.7497272727273 19.5198181818182 10.8801909090909 41.6830545454546 3.37437272727273 32.337 -10.9874090909091 12.6164727272727 18.4934545454545
