Log_Energy MFCC_1 MFCC_2 MFCC_3 MFCC_4 MFCC_5 MFCC_6 MFCC_7 MFCC_8 MFCC_9 MFCC_10 MFCC_11 MFCC_12 MFCC_13 Log_Energy_D MFCC_1_D MFCC_2_D MFCC_3_D MFCC_4_D MFCC_5_D MFCC_6_D MFCC_7_D MFCC_8_D MFCC_9_D MFCC_10_D MFCC_11_D MFCC_12_D MFCC_13_D
-4.43479142857143 6.52849628571428 3.39371828571429 -0.757875714285714 -1.44229771428571 -0.629058314285714 -0.5428984 0.117177714285714 0.0718178571428571 -0.172722285714286 -0.203976 0.376509111428571 0.1178376 0.353584131428571 19.3142220857143 372.290285714286 17.7661285714286 -106.227266 19.9946 -7.80903428571429 -27.5553857142857 8.91432 -17.0722905714286 -8.12306285714286 23.4543285714286 13.1584257142857 -5.35672571428571 -3.08349885714286
-5.784348 -3.421844 -15.472198 5.374752 2.08275692 -1.14837752 3.3096316 0.4978496 -0.244713 0.1640928 -0.0462396 -0.26917764 0.052749804 -0.66754792 -4.988644 27.17872 -356.9732 22.21704 -2.951004 -28.413776 47.152044 15.19242 13.4887748 9.532084 -3.47194 14.052 2.474658 -12.110732
-5.814955 2.28722 -7.368555 -2.041591 1.125609 -0.49219001 0.8404125 0.07894 -1.153299 1.22382505 -0.1014326 -0.5435925 -0.11136875 -0.15546304 48.34295 680.7495 -128.4774565 -5.133365 34.41135 -25.607205 23.69053 -24.84412 -32.27535 11.681365 -7.9429975 4.090744 6.90042 -6.832985
-5.46596315789474 -8.08622736842105 3.53065268947368 1.96393842105263 -2.67154157894737 -0.178478421052632 -0.463748947368421 -0.268749668421053 0.396424473684211 -0.568456315789474 0.154633157894737 -0.137087684210526 -0.520423894736842 0.0204152631578948 84.2122631578947 617.081052631579 384.052631578947 -24.4571578947368 -88.5196315789473 -29.5089105263158 -56.9462631578947 -25.0405157894737 -13.6923157894737 -43.1873947368421 4.06641631578947 -15.1850247368421 1.43857894736842 -6.39134210526316
-4.49232941176471 5.50201229411765 -6.15431729411765 3.79019117647059 1.73061176470588 -1.62846117647059 -0.107551764705882 -0.065735 0.368969411764706 0.994842941176471 -0.376536470588235 -0.474916470588235 -0.062838294117647 -0.438974117647059 44.4823294117647 210.201417647059 320.952352941177 154.021470588235 46.7008235294118 15.1240529411765 -73.2635882352941 -19.5891235294118 2.38758823529412 -11.4501176470588 23.7749411764706 -23.7426352941176 -14.2483188235294 -2.96888823529412
-4.03856385542169 7.85012120481928 3.81342698795181 -0.92858664373494 -0.809834337349397 -0.0726345783132528 -0.839901592771084 -0.371181313253012 0.306639734939759 -0.352147387951807 -0.145364054216867 0.118539963855422 0.00956279518072289 0.0846277313253012 -5.27605554216867 -123.984051807229 43.8033234939759 34.9757226506024 -29.4003301204819 9.26335072289157 15.4971392771084 -8.82486638554217 0.481275734939759 -1.28206277108434 -6.01310060240964 3.33050738554217 -5.42445224096385 2.41470807228916
-3.80350702380953 9.68409267857142 0.726604285714287 -1.51891938690476 0.321787910714286 -0.268162573809524 -0.353739695238095 0.124209869047619 -0.155961630952381 -0.136845458333333 0.532169261904762 0.0733139285714286 0.113659976190476 0.0232848089285714 -1.17089446428571 -6.40965803571429 -13.141300952381 -6.97174916666666 18.8468791666667 -2.80992297619048 -6.90850702380953 5.51681041666667 -3.50986579166667 1.80563506547619 3.162272125 -6.34803851190476 3.40134446428571 -2.41691788095238
-5.56022272727273 2.18557863636364 -3.86833909090909 0.61125 2.13642636363636 -0.595598181818182 0.394204545454546 0.409460454545454 -1.08259686363636 -0.697348681818182 -0.0943393636363637 0.297624454545454 0.533194590909091 -0.913872363636364 -13.2186954545455 -236.55235 355.735 -43.00656 -23.6134090909091 40.2681 -46.8414545454545 14.1827454545455 4.89182272727273 -49.8316090909091 10.2455427272727 10.2000363636364 2.85118272727273 -8.78655227272727
-3.72809420560748 9.32613027102804 4.16839242990654 -0.713345775700934 -2.16310828971963 -0.703312448598131 -1.01156796261682 -0.223884158878505 0.509981057943925 -0.683108971962617 0.55506476635514 0.0400410093457945 -0.282377511214953 0.380334794392523 11.1754058878505 152.133869158878 -6.84290560747663 -46.2038551401869 -12.2970289719626 -4.70498317757009 0.404503457943926 0.293898317757009 5.36312242990654 -4.39415628037383 4.66057056074766 5.44264495327103 1.80436700934579 3.51641635514019
-6.48191785714286 -18.0200614285714 0.535500214285714 1.97309660714286 2.09954757142857 2.53307892857143 0.124645539285714 -0.525367928571429 -0.548293214285714 0.774586464285714 -1.07376525 -0.514 0.138876721428571 0.2277625 -53.0909285714286 -869.123571428571 -47.1878678571429 162.667178571429 -34.5457617857143 33.4274428571429 43.1828236071429 -17.0628535714286 19.9570489285714 17.4630357142857 -27.2580535714286 -11.3318625 -1.89518678571429 15.6013271785714
-8.35015 -42.9704375 -2.142693125 3.04564875 3.64169625 4.70914375 0.96786 0.3557579375 -1.18652375 0.504989375 -0.7767818125 -0.35862925 -0.067395875 -0.066301875 -116.0945 -1361.58125 -221.7820625 149.452125 -16.62160625 86.73185 62.4693 71.80340625 20.371075 49.0332 8.7681375 -0.521456249999999 -3.90596875 4.30355625
-6.19185671641791 -12.6845702985075 0.0807826865671646 2.18640607462687 0.842108313432835 0.733969492537313 0.525007626865671 -0.10153347761194 0.261036076119403 0.318359701492537 -0.346711417910448 -0.197345701492537 0.388471656716418 -0.255103223880597 -22.076412238806 -244.328955223881 -65.1441671641791 33.2648731343284 29.9607140298508 1.15309029850746 -2.37006656716418 -1.29141194029851 5.69925089552239 6.7522744477612 -11.4793371641791 -8.9827104477612 4.53880432835821 -0.322878955223881
-6.01724878048781 -11.2907195121951 0.221919512195122 0.942204146341464 0.926880243902439 0.552674634146342 0.456249756097561 -0.637854414634146 -0.0536849268292683 0.983455304878049 -0.558762868292683 -0.0376857097560977 -0.238738390243902 -0.0265422463414634 -35.8636 -445.02512195122 31.432907804878 80.1340421707317 -33.0554317073171 14.0710682926829 28.9269414634146 -13.701557804878 3.57291951219512 23.7601485365854 -11.2148080487805 8.36483414634146 -5.07716292682927 6.13674341463414
-8.94460434782609 -38.6326347826087 -6.59164573913043 2.45666130434783 -0.474821739130435 1.94364086956522 2.30975882608696 1.55450460869565 0.0981517391304348 0.334733913043478 -0.0126982608695652 0.364645652173913 -0.483022130434783 0.009797 -66.4134343478261 -584.828260869565 -304.836086956522 34.1328565217391 64.5918565217391 52.8551826086957 30.3453869565217 43.7608966956522 18.4071086956522 20.8409043478261 21.3201347826087 1.37845217391304 -2.47185217391304 -3.39900434782609
-5.982525 -3.382332 -5.9929915 -2.1408925 -0.7490779 -0.963127 1.880388 0.8836309 -0.096873 0.15658775 -1.149068 0.19291205 -0.224037 0.04204525 92.1023 1346.4285 83.88965 -159.06232 -34.801535 -102.55685 -3.008235 -12.840925 -28.337835 -36.98316 -8.0256 5.37002 -10.113076 17.995165
-5.92502222222222 0.889073333333334 -7.81275555555555 -8.48996666666667 1.03029888888889 -1.38521888888889 -0.532507777777778 0.170248888888889 0.176992888888889 1.08413888888889 -0.995848888888889 0.529664444444444 0.319616666666667 -0.581375555555556 169.963 2409.41111111111 -14.5492222222222 -524.483333333333 -22.739 -205.203 -86.8185888888889 -31.5717777777778 -1.61066666666666 -39.0638333333333 -20.7073444444444 40.1914444444444 26.4458888888889 -23.428
