-4.92592 8.974716 5.7130108 -0.296732 3.3181788 -0.6310766 -0.5790112 -0.59893776 -0.83952692 -0.44656252 -0.196581872 0.275546344 -0.12020268 0.14932628 41.62188 492.7884 307.36132 -129.517488 40.640564 -67.098032 -67.3477 -4.9229112 -28.405288 -12.520848 -22.227032 37.12622 -8.1746016 15.849916392
-6.85285789473684 5.16469473684211 -5.33241 -4.74625347368421 -0.147169473684211 0.261173157894737 -0.794798947368421 -0.930258 0.0460073684210526 0.0629074736842105 -0.220583684210526 0.109074996842105 0.0243977368421053 -0.180715789473684 72.2415789473684 1277.29842105263 88.8798421052632 -147.832263157895 17.7098421052632 -85.8276089473684 -51.1879473684211 -34.7674842105263 -27.1133947368421 -0.14798947368421 -7.06554368421053 7.80226315789474 -9.6474852631579 -2.26765736842105
-8.30931794871795 -16.7575037179487 -16.7002853846154 2.45794687179487 -2.98131794871795 2.12844443589744 0.960025905128205 1.09181923076923 0.988454084615385 -0.228633912820513 0.509406 -0.285205307692308 0.158914694871795 -0.360563602564103 -13.1382205128205 -71.1102435897436 -171.89241025641 -74.1533230769231 -73.3232435897436 -38.3457179487179 -11.401541025641 7.29305641025641 -4.33324871794872 -18.0345730769231 -7.77533076923077 5.54897333333333 6.35448589743589 3.25189543589744
-8.53505897435897 -22.7690692307692 -8.04794358974359 3.52068666666667 -0.387356974358974 2.28228615384615 1.53088161538462 1.18415382051282 0.703998102564103 -0.0815900256410255 0.147386743589744 -0.527272541025641 -0.217628282051282 -0.626403256410256 -47.1038861538461 -325.032051282051 -287.560256410256 -25.3422866666667 -38.4331974358974 14.1589051282051 12.4122743589744 -11.19138 6.00622307692308 4.17205641025641 8.9240641025641 -4.90914102564103 2.99662256410257 -11.6861335897436
-6.23736875 -3.653412 -0.41867875 2.880675 1.81126875 2.248399375 1.231059375 0.290299375 0.4210105 -0.811081 -0.60421625 -1.00346875 0.14253 -0.569767 79.53319375 265.035625 351.8575 165.701125 113.41746875 46.1830125 -0.695585000000001 3.824398125 -4.56452625 -19.51245 -14.63726875 -21.93109375 -1.20925 8.429175
-4.84956428571429 7.742035 6.03727857142857 1.67973357142857 3.85036828571429 1.30381071428571 -1.05125928571429 -1.6627635 -0.464391071428571 -0.0109326 -0.327745142857143 -0.388807642857143 -0.148476928571429 0.0152535714285714 64.3245 158.733142857143 686.57 108.8012 76.3170714285714 32.3353571428571 -55.1657 -42.8112142857143 -37.4292142857143 -22.0107857142857 -25.19445 12.2329642857143 -6.12244285714286 10.8208571428571
-7.6212125 -18.0783208333333 -5.21120416666667 1.004815 0.36215375 0.869628791666667 0.942813291666666 0.6121963 0.00059733333333332 -0.0471839166666667 0.693915833333333 -0.0947555291666667 0.153932958333333 -0.290329125 -50.6370583333333 -763.070416666667 -36.9562625 34.425975 5.26355416666667 66.3643333333333 27.4523166666667 29.45233125 20.5769210916667 0.182541666666666 12.70335 -0.827427916666667 -0.0312791666666697 -0.52159875
-5.17456231884058 3.04454492753623 4.24355001449275 -0.102674362318841 0.361576184541063 -0.458163971014493 -0.470916128019324 -0.0312376763285024 -0.214886737681159 0.133459850241546 -0.0190641342995169 0.0884680628019323 -0.0303419811594203 0.271799183574879 -8.15336004830918 -122.656816425121 4.60071342995169 23.5544031884058 14.3151444444445 10.5034148309179 -0.732131545893718 7.92407154589372 1.2831409178744 1.22077719806763 -3.02584135265701 -4.70947330917874 -1.31160187922705 -0.852865555555556
-5.81015384615385 3.17921615384615 -1.51158461538462 1.50063653846154 3.96064384615385 1.75974307692308 -0.222137230769231 -1.38483230769231 0.529392307692308 0.405733846153846 -0.129715384615385 -0.678528461538462 0.157760769230769 -0.248093769230769 33.7138692307692 -288.959384615385 418.520769230769 195.827230769231 204.845230769231 82.9072 -18.3224584615385 12.9853076923077 -4.21323846153846 -3.44236153846154 -17.9417692307692 -7.49088815384616 1.25508461538462 8.97564615384615
-6.68874615384615 4.67806923076923 -7.85460923076923 -6.66690230769231 -1.23915484615385 -1.83289923076923 0.198083846153846 -1.34708538461538 0.381644538461538 -1.20939538461538 -0.102982076923077 -0.629716153846154 -0.218579769230769 -0.487521692307692 213.778692307692 2357.25384615385 213.342538461538 -235.753538461539 -40.5223169230769 -171.400076923077 -48.5184615384615 -98.8448769230769 -18.0533846153846 -34.8776153846154 -9.81740769230769 -16.2643846153846 -0.999113846153848 3.11404615384615
-5.15874748201439 4.43270035251799 -1.35018151079137 -0.550971400719424 -1.45067886330935 -0.676484460431654 -0.128671461870504 0.145200935251798 -0.237480115107914 -0.267494779136691 -0.0777874818489209 0.100866931654676 -0.0483424571942447 -0.296451682733813 9.9372981942446 162.413237410072 13.8945716258993 -44.0730733093525 5.78661122302158 -17.1493441007194 -8.15855969784172 -9.99300453237411 -2.00012 2.03406043165468 0.523376330935252 2.4591639352518 0.929787848920863 3.95217863309352
-8.89431111111111 -33.9550148148148 -6.75604555555556 2.21100888888889 1.35549814814815 3.63474148148148 2.0104798 0.385225555555556 0.239915555555556 0.409045296296296 0.872776259259259 0.0266255555555555 -0.288000740740741 -0.0914420740740741 -102.590592592593 -1168.11185185185 -254.978592592593 92.5511111111111 -23.0660074074074 129.651777777778 78.8753792592592 72.1708148148148 43.1464185185185 19.0826355185185 5.73941481481481 -6.13358148148148 5.84535274074074 -2.57178333333333
-5.12390341296929 4.20805866894198 3.38037583276451 -0.562264903071673 0.194443467576792 -0.504288290102389 -0.34983933003413 -0.0678702723549489 0.0181954938566553 0.0805781525597269 -0.198504757679181 0.204684212627986 0.0680911262798635 0.175724238566553 0.457246682593857 8.23620168941978 -1.79703331058021 3.27431092150171 -6.04591839590444 -1.88219671331058 2.62059982730375 -0.249555788395904 1.62424317406143 2.34900784982935 4.45317590443686 1.47723348122867 -0.381437177474402 -0.761990327986348
-6.22415 6.450784 -7.981725 5.1691535 1.009678 0.894975 0.8220611 -0.3083185 0.55850675 0.3829756 0.75050986 -0.8262177 0.453417165 -0.19077155 -18.21249 148.57645 -457.1345 126.6237845 -67.78155 19.706005 40.18078 -0.601804499999997 27.070255 1.02421 8.759825 -3.781995 17.523325 -30.493945
-6.66448709677419 -5.56715967741935 -1.31797096774194 -0.356474193548387 -1.1611150483871 0.244860177419355 0.673078032258065 -0.0629020274193548 0.0513509677419355 0.174656129032258 0.247847403225806 -0.158811837096774 -0.131710612903226 0.0955010322580645 -26.6039305806452 -336.201774193548 62.9117838709677 12.3286774193548 -30.6559783870968 14.3538903225807 19.498485483871 3.27715806451613 -8.04555825483871 6.7096629032258 6.7515585483871 -4.37435 -3.25006451612903 2.06515064516129
-6.44412631578947 8.12842105263158 -8.67118157894737 -2.13292789473684 0.489043684210526 -1.57586952631579 0.555321052631579 -0.569660947368421 -0.350344210526316 0.167973789473684 0.162985136842105 -0.165715157894737 0.086784 -0.134416947368421 26.0565894736842 551.302105263158 -169.774384210526 11.1029052631579 -13.0678947368421 -44.5695052631579 -13.8220947368421 -24.6511652631579 3.6682 -4.94351526315789 1.35425947368421 3.10111052631579 8.08923157894737 4.32373684210526
