1064382.67613501
1255547.78602398
1363194.95517383
540265.643155522
1162013.86167051
665370.947834847
396102.178306076
1072205.82161722
1214434.57113188
2851901.28691867
1004832.84676919
427547.014190893
1097261.25199483
727039.34923589
1361063.4652756
527510.994742694
1266130.90658292
657949.393776624
1860980.91017227
509356.300041456
889749.594062471
895716.70602264
946700.62299564
447559.610615565
479467.825306348
459654.611947631
135328.536561395
200657.36987925
754384.728808215
1180800.00062253
854114.89799252
1529617.88921122
29798844.5547753
246450065.121679
