Log_Energy MFCC_1 MFCC_2 MFCC_3 MFCC_4 MFCC_5 MFCC_6 MFCC_7 MFCC_8 MFCC_9 MFCC_10 MFCC_11 MFCC_12 MFCC_13 Log_Energy_D MFCC_1_D MFCC_2_D MFCC_3_D MFCC_4_D MFCC_5_D MFCC_6_D MFCC_7_D MFCC_8_D MFCC_9_D MFCC_10_D MFCC_11_D MFCC_12_D MFCC_13_D
-5.3753375 1.93843375 -14.5167 -2.0250875 -1.331866 -0.407759875 -0.0346837500000001 0.94726375 0.1003425 0.5612175 0.7496375 -0.51766175 0.183155 -0.49850225 191.012 2516.05 -94.905375 -94.74025 16.57795 -118.310625 -74.214275 -82.524 2.646125 6.37075 -22.2256375 9.4879 -18.20575 -7.36995
-6.19694736842105 -22.3767984210526 -2.34096473684211 1.08714794736842 0.266498421052632 2.29799415789474 0.763185578947368 0.212346842105263 0.593204210526316 0.300088 0.492211052631579 -0.385857131578947 0.633018789473684 -0.264762105263158 -57.8143684210526 -826.801052631579 -149.569884210526 88.7881578947369 28.3504052631579 63.8635789473684 -1.85251578947368 56.5333684210526 19.9802263157895 -6.72114736842105 2.57915789473684 -4.76584736842105 10.4218842105263 -11.1638842105263
-4.39417537735849 1.1151829245283 0.872060471698114 -0.393945820754717 -0.0616030566037735 0.370363886792453 0.469256216981132 -0.299507660377359 -0.121365452830189 0.169421160377359 -0.185600235849057 0.320090722641509 0.10393145754717 -0.0896042943396227 -9.42317631132075 -122.886622641509 18.3870697169811 8.0508570754717 -44.96447 3.57685754716981 18.3625878301887 16.621058490566 -2.74332613207547 -8.50823018867925 10.1874273584906 -3.71033508490566 9.51091037735849 -1.66832301886792
-5.997455 -11.5205309 -5.7742975 -0.957798 -1.83070095 1.80734345 -0.4106769 1.198199 -0.0845800665 -0.32611375 0.1858084 -0.621311 0.7167305 -0.5811763 100.975085 1135.3985 157.67941 -77.4895 6.49345 -27.61587 -12.87869 -48.122145 -23.58805 -5.169115 -31.92295 11.5388 4.84297 -1.4152885
-4.99923375 3.45572625 -7.96458 2.914808625 0.46235 0.287669375 0.23743125 0.0317006249999999 -0.017613125 0.0941775000000001 1.174535 -1.058511875 0.870601875 -0.092583125 12.22440625 454.788125 -286.5914375 -6.560125 -65.360975 -35.94893125 -12.17688125 30.1122625 -31.7140625 4.425425 26.36619375 -34.5732625 47.673096875 -11.421975
-3.72709174418605 7.72389534883721 1.27843720930233 -0.437701418604652 0.259620930232558 -1.91509441860465 -0.753238969767442 0.205142581395349 0.309295872093023 -0.0260374994186045 -0.0919300581395349 0.248736127906977 -0.169613662790698 0.106689034883721 7.13586988372093 145.682034883721 -36.0019487476744 -20.3360439534884 15.629726744186 -2.9473276744186 5.85205813953488 -15.5024836883721 8.89496720930232 1.2053038372093 6.38163953488372 -2.1045876744186 -1.77359453488372 -2.84908069767442
-4.41193076923077 5.53130769230769 0.974066923076923 0.101055230769231 -0.593497692307692 -0.414410573076923 0.290741961538461 -0.327991269230769 -0.954698807692308 -0.785218423076923 0.897926192307693 0.134753461538462 0.22401 -0.2362525 39.0477269230769 574.352307692308 94.3488192307693 -85.3861461538461 18.0858461538462 -87.4302269230769 -41.9007957692308 -44.2191423076923 -16.9793576923077 12.8803423076923 27.1205238461538 7.08476538461538 -7.37069615384615 18.1000307692308
-4.01884731818182 2.65987567045454 2.42472222727273 0.68713995 -0.390219454545455 -0.870806931818182 -0.938406681818182 -0.0328847613636363 0.0683664409090909 -0.0989593409090908 0.0406967840909091 0.00849764772727266 -0.266568182954545 0.0103955 4.77571593068182 26.22579125 68.6567079545455 -30.9095570454545 -22.6479316477273 -7.532975 -3.81613909090909 12.0801029545455 8.06653636363636 -3.36360738636364 -7.90517420454545 4.47229363636364 -5.58022784090909 8.06244568181818
-5.6316375 -9.35786625 -1.991935 -0.362628875 0.209994 2.532748 0.7325928075 -0.15576845 -0.13044495 0.097417 0.24056735 -0.96472715 0.00538919750000002 0.1366353 -26.91457675 -457.7675 99.284875 29.005865 -6.705665 58.019816 27.995555 29.92123175 -4.21474725 -8.749785 2.4650985 -9.76355 -1.168705 -18.327132
-8.57232941176471 -48.5540588235294 -10.3020058823529 2.03521352941176 -0.619018823529412 3.76007941176471 1.31303382352941 1.04841852941176 0.941133529411765 0.641372352941176 0.616430588235294 -1.40671 0.983034117647059 -0.210943529411765 -112.899058823529 -1519.20588235294 -19.523 80.0072352941176 -56.4811117647059 45.0049411764706 14.05197 54.7983529411765 29.1205823529412 -10.0495588235294 -8.07382941176471 29.0305058823529 30.2930823529412 -14.7643352941176
-6.23668636363636 -12.376 -7.22567636363636 2.09833 0.468468181818182 3.13219681818182 1.41995318181818 1.18011681818182 1.34659190909091 0.196179090909091 1.09783181818182 -0.942274090909091 -0.264910272727273 -0.588166454545454 -45.7646681818182 -326.315727272727 -350.168636363636 78.0696363636364 59.5036818181818 26.3872636363636 16.2155090909091 0.788636363636364 49.5145640909091 8.11265 25.3500204545455 -31.86645 -11.5967636363636 -5.29687272727273
-5.1186 0.0827210526315784 -1.92276263157895 0.663653894736842 0.918596315789473 1.21534789473684 0.943366842105263 0.0339564578947369 -1.51157421052632 0.0888460526315789 0.392353421052632 -0.863298473684211 -0.0208471578947369 -0.743192052631579 42.0133331578947 157.475263157895 452.337894736842 61.1454736842105 45.2891105263158 -26.1184421052632 8.53127894736842 -13.6502526315789 -51.5494736842105 -32.1230236842105 -27.3408631578947 11.9568526315789 1.2301 -6.3946
-3.66081586111111 10.9606253703704 -0.911669314814816 -1.39121794537037 -0.0331115740740741 -1.25331772222222 0.109722518518519 -0.469483861111111 -0.437602898148149 -0.029585037037037 -0.0319746527777778 0.616514898148148 -0.286586196296296 0.196188851851852 -3.32584140740741 17.6274008333333 -60.2215488888889 19.8511106481482 -9.48443434259259 13.1044148148148 7.6265737037037 -5.18851388888889 -4.01755666666667 1.33327037037037 6.72917314814815 -5.50633333333333 -6.0637062962963 -0.908893333333334
-5.40714467741936 -10.3923198387097 1.80218048387097 0.507525043548387 -0.0127174193548389 1.0111264516129 0.213677580645161 0.265070048387097 1.00082661290323 -0.0563958064516129 -0.622036467741936 -0.349254374193548 0.252295016129032 0.186181446774194 -20.8917379032258 -287.389193548387 -11.1585214516129 45.8321267741936 9.36972693548387 17.9147446693548 0.747414516129033 -8.65547580645161 21.5588594612903 3.49917741935484 -6.70046774193548 -6.05148951612903 1.14014677419355 3.45479803225806
-4.28160234042553 0.188102340425531 2.2415829787234 0.369027021276596 1.38457446808511 0.826019925531915 -0.180046755319149 -0.628087989361702 0.209774329787234 0.415256031914894 -0.692370475531915 0.261094770212766 -0.13662070212766 0.0566334882978723 -6.50103031914894 -91.2868723404255 -9.77571276595745 -1.09980910531915 51.3742559574468 11.4123860638298 -23.1933764840426 -6.67520787234043 2.47279095744681 11.3503143617021 -16.0670471276596 2.8775529893617 -2.17006085106383 2.47712818085106
-3.78382068965517 5.82313224137931 3.25476913793104 -0.17932775862069 -1.42486648275862 -2.25021505172414 -0.495051448275862 0.768153965517242 -0.88318045 -0.774455672413793 0.31354775862069 0.1969835 -0.0535365689655172 0.255163189655172 20.8519344827586 283.043103448276 30.1857913793103 -67.1378051724138 -7.15333793103448 -41.1400901724138 -8.74874413793103 -8.5648919137931 -18.4601706896552 7.33891068965518 -0.878205310344828 24.522969137931 -9.87139568965517 12.9082919310345
