WSS
1138474.78746837
743136.950749668
609891.013812711
1045399.75964903
1125706.05295345
1327171.93354505
798991.889171719
1628363.86246941
436363.896896658
1057169.44239649
1759897.15073309
1453338.65116158
834827.736786482
1081718.49773949
716671.490080464
903763.376572333
780945.510895323
1090066.94661187
1050493.14735724
701325.325615152
418205.136344978
1405896.79945915
985571.198972517
718431.893636291
619069.790689764
3130859.34339499
757083.382349393
1016284.00150351
1226581.78982665
1273501.10913929
1132702.00769271
1277447.37040523
34245351.2460801
251427075.770684
