Log_Energy MFCC_1 MFCC_2 MFCC_3 MFCC_4 MFCC_5 MFCC_6 MFCC_7 MFCC_8 MFCC_9 MFCC_10 MFCC_11 MFCC_12 MFCC_13 Log_Energy_D MFCC_1_D MFCC_2_D MFCC_3_D MFCC_4_D MFCC_5_D MFCC_6_D MFCC_7_D MFCC_8_D MFCC_9_D MFCC_10_D MFCC_11_D MFCC_12_D MFCC_13_D
-5.23526216216216 0.00377459459459433 5.7702756945946 0.110645783783784 0.351871351351351 0.479678648648649 -0.649334864864865 -0.17486672972973 -0.671002189189189 0.424746 -0.120361378378378 0.107727837837838 0.0544330594594594 0.19994172972973 -11.5075516216216 -122.422540540541 -17.5491621621622 25.860337027027 18.6564586486487 44.2616135135135 -21.9017824324324 3.60021891891892 14.2855081081081 -12.0600594594595 1.87726324324324 -5.95828567567567 -10.8196618918919 -1.41595135135135
-4.47458666666667 10.7607706666667 2.906124 -2.56961760444445 1.41327177777778 0.0468516222222222 -0.992343622222222 -0.328154822222222 -0.918753093333333 0.404579997777778 -0.343746244444445 0.121180755555555 -0.0586667111111111 0.218575042222222 4.35965688888889 123.2364 -25.2743742222222 -37.2981444444444 36.6649688888889 0.180767555555556 -22.7731211111111 1.38339288888889 -3.40912222222222 10.3985688888889 -6.31617955555556 10.1155584444444 1.56426488888889 0.988267111111111
-4.96471666666667 8.89098809523809 2.77852595238095 -3.44934880952381 -0.472638571428571 -0.0490253095238095 -0.460605761904762 0.0737746190476191 -0.0393492857142857 0.0161839214285714 0.782474023809523 0.361493952380952 -0.452440859523809 -0.206627411904762 -2.06700033333333 14.1391035714286 -27.6741911904762 -14.6700285714286 56.5242214285714 27.3321761904762 -16.82634 -21.9664236666667 -7.06385571428572 2.90550738095238 9.41132333333333 -16.7291792857143 -8.20902857142857 -3.56498595238095
-6.3749625 1.795075 -11.14844875 3.36689875 1.9077975 1.67983125 -0.0145625 -0.867003 1.40179 -0.8947925 -0.2220775 -0.36222875 -0.30685625 0.129361 -16.9059 31.75275 -345.06125 148.9465125 12.1545 -45.863 13.943375 0.495175000000001 25.9512 -26.01145 26.817125 -11.0445 7.5788875 1.6484
-5.40748571428571 15.7728 -0.0255771428571429 -6.12977142857143 -1.49272571428571 -1.89913842857143 -0.74716 -0.625677142857143 -0.484157714285714 -0.221782285714286 -0.517947142857143 0.566772857142857 -0.562097142857143 0.382423714285714 68.7151857142857 1435.47142857143 221.925428571429 -231.698142857143 12.155 -72.8391428571429 -31.4562285714286 -41.1509714285714 -66.0515714285714 8.01157142857143 -37.3676857142857 -8.59587142857143 -14.9766285714286 -7.72638571428571
-5.53731153846154 0.336150384615384 -0.458788230769231 0.906792307692308 -0.365574230769231 -0.238942230769231 0.689959230769231 0.0433648846153847 -0.223331538461538 0.0687434615384616 -0.219159230769231 0.0429190769230769 0.144971307692308 -0.251507384615385 -8.50324423076923 -114.916269230769 11.0022042307692 22.3965115384615 -29.6722 17.9332384615385 48.349065 -15.3261815384615 -20.13215 -12.5806769230769 -3.92741538461538 8.31566923076923 14.3628076923077 -2.78433357692308
-6.63663333333333 0.811988888888889 -11.8144222222222 0.412311111111111 2.57349 2.01723444444444 1.04968333333333 0.559434444444444 1.43829333333333 -0.477086444444444 0.922162222222222 -0.150125555555556 0.128147777777778 0.122105555555556 -12.1512555555556 316.378888888889 -434.998888888889 -72.4704444444445 51.9717333333333 12.4476333333333 15.4269222222222 6.547 35.8051444444444 1.0047 4.66655555555555 11.9268555555556 5.4544 -12.7293111111111
-5.80971923076923 -2.68818373076923 2.64895384615385 0.606591807692307 -1.34918307692308 -0.994550730769231 -0.453956538461538 0.228199153846154 0.0445751153846155 -0.117165769230769 0.424369538461538 0.184408 -0.196127692307692 0.0786298846153847 17.0074792307692 244.850769230769 106.6 -78.74075 -39.6032807692308 -27.0593784615385 -19.3068423076923 -13.0116653846154 -17.602865 5.96417692307693 -9.17626923076923 6.40669115384615 -3.00892307692308 1.83189615384615
-5.03158474576271 4.91242898305085 1.01044559322034 -0.804104491525424 -0.205479016949152 -0.813623898305085 -0.577390525423729 0.987096779661017 0.474437491525424 0.113431471694915 -0.345792881355932 0.255347547457627 0.00117996610169492 -0.289504796610169 -0.980777355932203 -30.7672559322034 8.16352423728814 -3.97206406779661 6.73635033898305 0.437503389830508 -3.54210779661017 10.6705796610169 19.3720171186441 -0.384940508474577 -3.73209898305085 1.40195644067797 -0.289039152542371 -4.13626142372882
-4.69747142857143 8.02987285714286 6.04692857142857 -0.592965714285714 -1.55475714285714 2.67082857142857 -0.520403571428571 -2.19404285714286 -1.59398714285714 -0.674692857142857 1.07401 -0.5835 0.0475742857142857 -0.241029142857143 18.5153428571429 -153.787 337.177142857143 56.5565714285714 -141.989285714286 -23.7951857142857 -19.2416028571429 -17.9466714285714 -25.352 24.0772 19.7779857142857 -2.48556714285715 -8.36760571428571 -20.4091
-4.9041 -14.622 10.289 5.8031 -2.2555 -2.8599 -0.43612 1.3215 -0.78613 -1.1132 0.70829 -0.95616 1.5319 1.0489 133.94 -17.667 748.72 529.78 185.02 -3.0642 -14.495 -80.201 -108.81 -3.424 5.6318 -86.101 -26.329 -16.146
-4.98995882352941 6.3455 0.469200000000001 0.366216 1.69766294117647 -0.620895882352941 -1.11362529411765 -1.00806341176471 -0.0661399411764707 -0.255910064705882 -0.810432941176471 0.112862823529412 0.0188891764705883 -0.228880847058824 5.48994411764706 -81.1809588235294 167.596764705882 -61.3592617647059 25.8393235294118 -41.9597194117647 -6.86375294117647 -3.13781941176471 -20.3404239411765 22.1685088235294 -14.1909270588235 10.9002235294118 2.62861647058824 5.58362941176471
-6.71190833333333 6.8413275 -20.80485 -0.56893775 -1.78208416666667 0.0992965833333334 0.402932833333333 0.168017 1.92801291666667 -0.636088333333333 0.400877 -0.193097456666667 0.847721083333333 0.322650083333333 8.48391666666667 183.777666666667 -166.020416666667 -75.5124833333333 -89.6675833333333 -37.9271325 -27.6446833333333 -11.18825 -12.7859833333333 5.11083333333333 -6.36961333333333 12.1641666666667 19.923475 10.9963333333333
-5.43564666666667 7.88133333333333 -4.751386 -0.472531333333333 4.47889733333333 0.0268079999999999 -1.26844866666667 0.653660666666667 0.502915333333333 -0.463159333333333 -0.619199333333333 -0.43833564 -0.235433733333333 -0.057370316 10.55994 358.516666666667 -99.3654 -9.29239333333333 25.5565193333333 -24.0968933333333 -1.71446666666667 -9.70832 -7.94536 -3.98425546666667 -18.7906733333333 -6.23729333333333 1.53906 5.679372
-5.659840625 -0.236234375 1.534455875 -0.95647875 -0.1893771453125 -0.9486528125 -0.4483090625 -0.13480990625 0.2770785 -0.21705978125 -0.72054328125 -0.26385728125 0.1995459375 -0.06628628125 -10.76902978125 -241.205625 47.472034375 34.811284375 -24.0720128125 19.2384140625 -11.515303125 -2.79969 16.541328125 3.6396296875 0.341559374999999 -12.625515625 2.4491375 3.766146
-5.29321052631579 0.86045894736842 3.87894947368421 -0.505047894736842 -0.650866315789474 -0.126907894736842 -0.264365578947369 -1.01049052631579 -1.10901413157895 0.618875526315789 0.204711868421053 -0.4355945 0.248488894736842 0.317418447368421 1.16471947368421 -9.47471052631579 63.9814210526316 16.7191868421053 -63.1173578947368 -25.7827263157895 16.0125763157895 4.8710097368421 -7.46946578947369 -3.05864868421052 13.0994473684211 1.80450763157895 -6.41749357894737 10.8941465789474
-7.8677 -37.2313333333333 -9.80379333333333 4.85516666666667 3.16006666666667 2.9803 0.7625 0.830183333333333 1.35930666666667 -0.843356666666667 -0.155446666666667 -1.16589 -0.418916666666667 -0.51845 -66.1996666666667 -1495.96666666667 -104.459566666667 175.203333333333 90.935 118.370333333333 42.4466666666667 53.1993333333333 34.4873333333333 -30.2096666666667 -7.88233333333334 -22.1486666666667 -22.1048333333333 -33.2932333333333
-6.41198333333333 6.24958333333333 -5.587705 0.80487 -2.60553333333333 -0.327771666666667 0.763429666666667 -1.09061973333333 -0.749563333333333 -0.57009 0.0504816666666667 0.160681666666667 0.265333333333333 0.0247508333333334 15.6316666666667 338.763333333333 129.978833333333 100.452483333333 14.3475333333333 -8.43483333333333 0.7883 -48.4924 10.0004333333333 -26.2060833333333 -30.66625 -43.6607931666667 -11.7274013333333 -24.5370333333333
-7.13049230769231 -9.94420846153846 -8.96468461538462 0.0225023076923077 1.18358846153846 0.306255615384615 -0.0317750769230769 0.514884230769231 1.26273538461538 -0.126289384615385 0.375976153846154 0.342836923076923 0.595969615384615 0.102494846153846 -12.2658492307692 -586.059230769231 315.807692307692 13.2316769230769 32.4495769230769 42.0593076923077 9.97781538461538 31.8361923076923 14.6879769230769 44.4488461538462 16.2179230769231 40.9026915384615 20.2675461538462 20.1073307692308
-5.25815 28.032 -8.57576 -1.14045 -2.8789 -3.5708 -0.525355 -0.257965 -0.380975 -2.518805 -1.0309 0.797795 0.75364 -0.68418 27.554 979.255 -239.455 159.39 -77.483 -27.2455 -27.673 1.65069 -17.3115 -40.479395 6.545 -9.512 -4.9565 -35.5625
-5.96916956521739 -7.24109391304348 -0.374723043478261 1.88560739130435 2.62963739130435 1.30233317391304 0.848905652173913 -0.274458982608696 0.331223913043478 0.731144926086956 -0.508244608695652 -0.507421260869565 0.0659616086956522 -0.294646260869565 -13.1144782608696 -233.590869565217 -33.0242804347826 93.1599608695652 -58.9620782608696 -21.8949363913043 45.0659043478261 0.171028695652174 7.40234043478261 -10.2092043478261 10.3725986956522 9.41780086956522 -9.56220434782609 -1.71715217391304
-5.19924210526316 5.11342789473684 -4.69948421052631 2.80388357894737 -3.56150489473684 -2.10473157894737 -0.129627894736842 0.643458421052632 0.620415157894737 -0.489865263157895 0.285428684210526 -0.410378947368421 -0.234974210526316 0.069937947368421 4.50022847368421 96.976 -9.39658736842105 50.3009578947368 -34.4603526315789 -69.0754315789474 -1.51333263157895 31.2846 -8.08550526315789 9.24758947368421 -4.07863 -14.6933931578947 7.71785789473684 -3.03186315789474
-4.63106842105263 6.60529505263158 4.70124 0.0442173684210526 -1.96221736842105 -1.09736384210526 -0.535113684210526 -0.193407368421052 0.419173105263158 0.030057 -0.390899473684211 0.399002105263158 0.198277368421053 -0.0642607736842106 6.10855936842105 90.5063157894737 3.90789473684211 -17.5051 -70.1291052631579 18.7805652631579 0.0295000000000004 -7.25856842105263 31.232047368421 1.66439263157895 -10.3120789473684 14.6140126315789 6.27655263157895 -10.2892163157895
-5.7649 -4.09919538461538 -0.231792307692308 1.01884338461538 -2.86951923076923 -1.20533923076923 0.542555192307692 1.21201061538462 0.571317153846154 -0.565125769230769 0.131694538461538 0.725429153846154 0.0720113076923077 0.201103707692308 -7.28305003846154 28.7639307692308 -61.5937692307692 -42.6280303846154 -28.3168807692308 25.9798576923077 44.3232576923077 2.27023192307692 -34.388255 -16.2220730769231 24.9836269230769 14.9318692307692 -0.859260384615385 3.05630384615385
-5.2841 6.51461714285714 -2.85245557142857 -0.524923 5.83407142857143 1.30404857142857 -0.587165714285714 0.0648662857142857 -0.98962 -0.132651571428571 -0.45438 -0.383816142857143 0.35282 0.0837157142857143 63.2255714285714 278.679285714286 535.061428571429 -31.5851428571429 212.266714285714 56.7875714285714 -22.1647 -0.772171428571427 -95.594 -9.11644285714286 -58.7932857142857 -21.4081428571429 -2.4745 -17.8777285714286
-6.15308461538461 -12.8293207692308 2.11854769230769 3.16016192307692 0.544496538461538 0.584663769230769 1.12094276923077 -0.370496307692308 0.540526923076923 0.503020423076923 -0.208969230769231 0.170687115384615 -0.209793461538462 -0.12034 -7.24730730769231 -86.1263846153846 -65.8711634615385 39.3393438461538 48.6106346153846 -30.6367035769231 -0.866385769230768 6.86350384615384 3.70071884615385 13.8435884615385 0.068100000000001 -0.760369230769231 -12.6160153846154 10.4279868076923
-5.50005 1.57608333333333 5.3644225 -1.06486277777778 0.515272222222222 -0.0828096666666666 0.940888333333333 -0.209984777777778 -2.00029116666667 0.289102777777778 -0.0424444444444444 -0.369737833333333 0.225065555555556 -0.0887927777777778 38.2807277777778 855.188888888889 218.471666666667 -203.193222222222 -31.0836722222222 -61.1959333333333 -32.4774777777778 -5.42345555555556 -46.38006 14.3229333333333 -6.96283888888889 -15.2869 -2.65653888888889 -17.5365283333333
-8.02 -29.641712 -3.45874 2.66848 -2.821794 3.152394 4.71302 0.725998 -0.261876 -0.086894 0.686104 0.4726346 -0.10702 -0.367728 -50.3348 -506.352 -303.13 47.3616 110.3794 119.8346 51.5986 54.66638 44.1368 34.10386 9.17124 20.421 -4.7856 17.98988
-7.13494285714286 -23.6040521428571 -1.7896235 1.52035 2.08374207142857 2.467395 0.863089285714286 0.301388571428571 -0.02163 -0.767665 0.833491428571429 -0.383527107142857 -0.2548404 0.140211428571429 -42.6607142857143 -896.459285714286 -154.503285714286 157.44295 -9.76892428571428 78.4151428571429 40.8128142857143 16.8089 47.1022214285714 -26.6502214285714 11.2255785714286 -7.69462142857143 8.13340714285714 3.87914285714286
-7.22567727272727 -19.8799068181818 -7.62655 3.23242186363636 -0.475216363636364 1.96487045454545 2.67576136363636 0.160569 0.854831859090909 -0.179388863636364 0.726388181818182 0.240987363636364 -0.667585045454545 -0.146024045454545 -11.5511088090909 -283.375 -160.229545454545 8.34875 27.8628772727273 44.1847590909091 36.9768409090909 34.2329136363636 23.8544681818182 7.46035909090909 19.1213681818182 15.75078 11.2744545454545 -5.98516818181818
-6.07427727272727 -10.3245731818182 1.47645454545455 2.10788636363636 -0.231951409090909 1.01963318181818 0.876361363636364 -0.844060377272727 -0.586390454545454 0.153172772727273 0.259222727272727 -0.573274545454545 0.163309863636364 0.174019090909091 -20.6617090909091 -504.341818181818 -16.5059818181818 137.593768181818 13.8511727272727 39.5681090909091 38.18775 -14.4129868181818 17.5478681818182 -10.4746595454545 1.72399545454545 -6.44582272727273 2.71908636363636 -0.376300000000001
-6.89906 1.432002 -12.15836 -4.04282 -1.38701 -1.621946 -1.744097 1.091064 1.300302 -1.0372548 0.947312 -0.715492 0.663602 1.214042 150.6586 2529.02 -3.586 -486.044 -127.0372 -260.636 -221.416 -100.992 -50.391 -23.3259358 -26.1848 -40.8164 23.7026 40.97072
