449740.87368214
705319.567652941
2891647.10587908
729475.603177417
897643.719953596
756096.211380446
809631.523301196
1121872.33751039
933401.783487634
649889.882674359
1275806.61207705
620051.499609072
657382.682267601
450959.462659029
1238496.81221329
1089600.00786907
1111928.17235067
835047.81092607
1653257.46417553
3706016.09171725
868328.560572677
754253.652276745
935504.637743504
866619.89693467
568343.187722802
1256715.59132488
1730876.94494792
1081247.18431678
293276.21395654
2436719.18716959
1389138.48481198
3620940.55039676
38385229.3167387
377707477.23599
