-4.567	-10.797	-25.835	-0.0060142	0.2378	-7.7567	2.974	0.71871	-3.0681	3.3648	0.6238	0.36081	1.2727	-1.6354	0	0	0	0	0	0	0	0	0	0	0	0	0	0
-5.159	-12.574	-16.547	2.5339	3.9771	-3.0334	4.298	2.9733	-1.7528	1.5414	0.8771	-1.0827	-0.17923	-1.2717	-23.682	-71.096	371.53	101.6	149.57	188.93	52.963	90.185	52.614	-72.938	10.132	-57.741	-58.077	14.549
-4.4683	-4.3299	-2.2202	3.0666	10.592	-1.2539	-1.1666	0.91425	-0.67049	-0.93089	-0.9419	-0.78153	0.92061	-1.7648	27.629	329.78	573.06	21.309	264.59	71.178	-218.59	-82.363	43.292	-98.892	-72.76	12.047	43.994	-19.723
-3.5799	3.2621	0.50839	-0.13838	9.8037	-0.29464	-2.1736	-0.078016	-0.81629	-2.8436	-1.3695	0.29766	1.9096	0.33407	35.536	303.68	109.14	-128.2	-31.525	38.371	-40.278	-39.691	-5.8318	-76.508	-17.106	43.168	39.562	83.953
-3.1793	2.1445	2.3926	-0.86699	9.6003	0.8252	-2.6522	-1.2315	-0.039562	-2.7829	-1.9554	1.0017	2.3624	0.56415	16.024	-44.703	75.367	-29.144	-8.1341	44.794	-19.146	-46.141	31.069	2.4282	-23.434	28.162	18.108	9.2032
-3.1195	0.97687	3.7813	-1.3515	8.8966	1.2887	-2.2489	-1.7177	0.26355	-3.1518	-1.7611	1.6987	1.6451	0.098246	2.393	-46.707	55.549	-19.379	-28.147	18.538	16.133	-19.448	12.125	-14.755	7.7697	27.88	-28.69	-18.636
-3.2297	1.4707	3.7466	-1.5607	9.1288	1.0062	-1.5305	-2.034	0.16897	-2.4893	-1.9252	1.9745	0.81203	0.18113	-4.4104	19.753	-1.3892	-8.3708	9.2877	-11.3	28.738	-12.65	-3.7833	26.498	-6.5638	11.029	-33.323	3.3154
-3.2811	0.31232	3.323	-1.1205	9.5248	0.86966	-1.5954	-1.4457	0.54267	-2.9537	-1.8557	2.3459	0.66618	0.27545	-2.0557	-46.335	-16.943	17.607	15.839	-5.4601	-2.5975	23.533	14.948	-18.575	2.7797	14.858	-5.8339	3.7728
-3.3064	-0.47015	2.3978	-0.10027	9.568	0.76942	-1.6448	-0.40578	0.66281	-3.5968	-1.7245	2.7513	0.19971	0.45877	-1.0094	-31.299	-37.009	40.811	1.7285	-4.0095	-1.9738	41.595	4.8057	-25.726	5.25	16.216	-18.659	7.3326
-3.4195	-0.92907	1.4029	0.40843	9.96	0.8181	-1.6645	0.11982	0.81937	-3.9516	-0.85232	2.842	-0.48969	0.67437	-4.5251	-18.357	-39.796	20.348	15.678	1.9474	-0.79032	21.024	6.2625	-14.192	34.887	3.6264	-27.576	8.624
-3.5607	-0.097194	-1.1295	1.8103	10.603	0.20903	-1.8454	1.1566	0.76558	-4.3118	-0.19837	2.5977	-0.84829	1.0123	-5.6479	33.275	-101.3	56.076	25.721	-24.363	-7.2361	41.473	-2.1516	-14.407	26.158	-9.7698	-14.344	13.517
-3.6761	-0.090767	-3.024	3.3319	11.323	-0.64958	-1.3197	1.3961	0.16701	-4.0056	-0.042673	2.2416	-0.8053	1.1262	-4.6171	0.25709	-75.779	60.862	28.801	-34.344	21.031	9.5789	-23.943	12.247	6.228	-14.247	1.7195	4.5551
-3.7656	-1.1246	-3.5151	4.3379	10.879	-0.94912	-0.97151	2.1046	-0.59405	-3.692	0.36472	1.6772	-0.69683	1.5662	-3.5789	-41.355	-19.646	40.243	-17.742	-11.982	13.926	28.338	-30.442	12.543	16.296	-22.573	4.3386	17.603
-3.7667	-2.0178	-3.7503	5.1078	10.728	-1.3355	-0.62981	2.1858	-0.90435	-3.4989	0.35667	1.2234	-0.6168	1.9321	-0.044242	-35.725	-9.4068	30.795	-6.0632	-15.456	13.668	3.2502	-12.412	7.7267	-0.32187	-18.151	3.2014	14.633
-3.7034	-1.2289	-4.4128	6.0256	10.288	-1.2227	-0.62737	2.0136	-1.1353	-3.0817	0.0056996	0.42268	-0.32138	2.29	2.5301	31.556	-26.5	36.71	-17.612	4.5137	0.097586	-6.8899	-9.2383	16.685	-14.039	-32.031	11.817	14.319
-3.5627	0.37572	-4.1498	6.0363	10.309	-1.6597	-0.467	1.3534	-1.0681	-3.3102	-0.37521	0.35221	-0.29382	2.4342	5.6275	64.183	10.519	0.42906	0.87695	-17.48	6.4148	-26.409	2.688	-9.1392	-15.236	-2.8189	1.1026	5.7679
-3.3559	1.8729	-3.428	6.2253	9.8885	-1.6159	-0.9836	1.3087	-1.3403	-3.9048	-0.25542	0.21988	-0.32686	2.6488	8.2727	59.887	28.872	7.5602	-16.841	1.7502	-20.664	-1.7867	-10.886	-23.783	4.7919	-5.2934	-1.3217	8.5807
-3.0226	4.0588	-2.1984	5.9526	9.2616	-1.5338	-1.3171	0.73581	-1.7627	-3.9282	-0.6257	0.03418	-0.16978	2.8628	13.334	87.435	49.184	-10.909	-25.074	3.2854	-13.338	-22.915	-16.897	-0.93866	-14.812	-7.4279	6.2832	8.563
-2.6293	7.3142	-1.4098	5.6102	8.7061	-1.8547	-1.8209	0.15294	-1.7756	-4.0746	-0.38061	-0.26584	-0.27341	3.0441	15.731	130.22	31.544	-13.694	-22.221	-12.838	-20.155	-23.315	-0.51713	-5.8541	9.8036	-12.001	-4.1451	7.2521
-2.3989	9.4607	-0.28242	4.9416	8.6697	-2.3474	-3.1754	-0.34124	-1.405	-3.5688	-0.40122	-0.29641	-0.41274	2.778	9.2136	85.86	45.096	-26.745	-1.4555	-19.709	-54.18	-19.767	14.823	20.231	-0.82414	-1.2226	-5.5733	-10.646
-2.3598	8.6892	1.2334	4.7688	7.7496	-2.0708	-4.4417	0.11431	-1.138	-2.4847	-0.17103	-0.99192	-0.46159	2.2662	1.5659	-30.859	60.634	-6.9135	-36.803	11.067	-50.652	18.222	10.682	43.363	9.2073	-27.82	-1.9538	-20.47
-2.7162	8.3162	3.9677	3.629	5.1135	-1.3418	-4.7382	0.83835	-1.2443	-1.4755	0.21098	-1.2228	-0.4318	1.0437	-14.256	-14.92	109.37	-45.593	-105.45	29.16	-11.858	28.961	-4.2508	40.369	15.281	-9.2359	1.1914	-48.901
-3.3473	5.682	4.2032	1.68	3.6486	-1.3515	-3.8008	2.9374	-1.8191	-1.5989	1.3613	-1.3016	-0.31078	2.2752	-25.243	-105.37	9.4182	-77.96	-58.596	-0.38885	37.496	83.963	-22.993	-4.9364	46.013	-3.1499	4.8408	49.262
-4.4494	-7.5761	0.69158	6.2025	6.3108	-0.9762	-1.0991	1.9782	-0.68017	-2.9486	1.9179	-1.3425	-0.19071	2.403	-44.086	-530.32	-140.46	180.9	106.49	15.011	108.07	-38.371	45.556	-53.987	22.265	-1.6383	4.803	5.1115
-4.8839	-8.0835	-3.1852	3.9644	6.0542	-1.7161	-1.0421	3.6268	1.8647	-2.0572	1.9236	-0.87037	-0.25538	0.83895	-17.379	-20.296	-155.07	-89.524	-10.263	-29.598	2.2811	65.947	101.8	35.657	0.22586	18.886	-2.587	-62.563
-5.2811	-8.3949	-5.5069	3.4928	5.7565	-0.60004	2.3892	2.5392	0.6873	-2.5515	1.0365	-0.55058	1.2847	-0.34348	-15.887	-12.458	-92.868	-18.861	-11.909	44.644	137.25	-43.506	-47.098	-19.773	-35.485	12.792	61.604	-47.297
-5.4049	-5.7859	-7.0401	3.228	6.2343	-0.81746	1.113	1.8848	0.65988	-1.3376	1.2611	-1.7987	0.50747	0.89779	-4.9536	104.36	-61.326	-10.595	19.113	-8.6971	-51.046	-26.174	-1.0968	48.556	8.985	-49.923	-31.09	49.651
-5.3653	-7.1117	-7.3242	3.5091	5.8132	-1.3242	1.9824	2.4579	2.7297	-2.1134	-0.30648	-1.908	0.50928	1.2549	1.5845	-53.033	-11.366	11.245	-16.844	-20.268	34.777	22.921	82.794	-31.034	-62.703	-4.3716	0.072223	14.283
-5.0395	-8.8859	-5.981	5.435	6.806	-2.1087	2.0155	2.3609	2.1079	-1.7849	0.12613	-2.3673	0.67171	1.6425	13.033	-70.965	53.729	77.037	39.71	-31.382	1.323	-3.8794	-24.875	13.142	17.304	-18.372	6.4975	15.504
-4.4774	-12.459	-3.9832	7.9943	7.2589	-1.3424	1.8897	0.97975	0.8374	-2.2051	0.44357	-0.3408	0.27831	1.459	22.483	-142.94	79.91	102.37	18.117	30.654	-5.0334	-55.245	-50.818	-16.809	12.698	81.058	-15.736	-7.3382
-3.739	-12.515	1.4692	8.8249	6.7811	-0.38923	-1.1464	0.9338	1.2283	-1.752	0.14554	-0.38249	0.1923	1.2317	29.537	-2.2246	218.1	33.221	-19.113	38.125	-121.44	-1.8379	15.637	18.125	-11.921	-1.6677	-3.4404	-9.0939
-3.1336	-5.0818	2.8538	7.418	7.0767	-0.64934	-2.616	1.8162	0.28379	-0.75072	0.77247	-0.56133	-1.111	-0.28701	24.216	297.33	55.383	-56.275	11.826	-10.405	-58.782	35.295	-37.782	40.049	25.077	-7.1536	-52.134	-60.747
-2.8198	4.3351	0.68437	4.6708	7.6371	-1.747	-1.5116	1.1704	1.349	-1.9289	0.99236	-1.1112	-0.37237	-0.35922	12.55	376.68	-86.776	-109.89	22.414	-43.904	44.176	-25.831	42.608	-47.128	8.7955	-21.995	29.546	-2.8881
-2.8023	10.398	-1.1731	3.0324	7.8986	-1.6104	-1.9544	0.77813	1.1815	-2.4405	1.1128	-0.55202	-0.70383	-0.50251	0.7014	242.53	-74.3	-65.538	10.462	5.4626	-17.713	-15.691	-6.699	-20.464	4.819	22.368	-13.258	-5.7316
-2.7194	12.125	-2.2541	3.6661	7.3188	-1.0979	-2.0981	0.019167	0.9163	-2.1421	1.0715	0.148	-0.28031	-0.71045	3.3167	69.073	-43.24	25.348	-23.194	20.501	-5.7486	-30.358	-10.608	11.937	-1.652	28.001	16.941	-8.3177
-2.7569	11.504	-1.254	2.9989	7.3664	-1.498	-1.7911	-1.2673	1.4067	-2.5851	1.1538	0.87932	-0.22082	-0.60183	-1.5024	-24.86	40.005	-26.687	1.905	-16.007	12.283	-51.457	19.618	-17.721	3.2893	29.253	2.3798	4.3447
-2.5908	12.261	-0.6131	2.3344	7.1607	-1.4098	-2.1117	-1.8654	1.5917	-2.6342	0.97741	1.5463	0.16141	-0.31648	6.6439	30.293	25.637	-26.58	-8.2286	3.5315	-12.827	-23.926	7.3987	-1.9623	-7.0545	26.678	15.289	11.414
-2.3721	12.647	1.2882	0.6039	6.9525	-1.2343	-2.4434	-2.7035	1.4191	-2.3389	0.57183	2.1108	0.74045	-0.063207	8.751	15.427	76.053	-69.22	-8.3288	7.0169	-13.268	-33.524	-6.906	11.812	-16.223	22.582	23.161	10.131
-2.0046	14.603	2.4314	-0.69189	6.3844	-0.71017	-2.8647	-3.8524	1.6836	-2.2407	0.0095564	2.3188	1.7845	0.0057421	14.697	78.265	45.728	-51.832	-22.722	20.966	-16.851	-45.955	10.583	3.929	-22.491	8.3205	41.762	2.758
-1.604	16.398	3.684	-2.3739	5.9539	-0.46001	-3.0464	-4.7015	1.0749	-1.7833	-0.38727	2.3375	2.4468	0.58541	16.026	71.798	50.104	-67.282	-17.223	10.006	-7.2661	-33.965	-24.35	18.293	-15.873	0.74645	26.493	23.187
-1.1825	18.704	4.3599	-3.3172	5.5982	-0.60801	-2.9908	-5.7167	0.61285	-0.77139	-1.0526	3.0854	2.3668	0.99762	16.86	92.221	27.033	-37.732	-14.229	-5.9202	2.2237	-40.606	-18.481	40.478	-26.612	29.917	-3.1995	16.489
-0.70797	20.814	5.6353	-4.5219	3.7176	-0.90239	-3.1696	-6.4912	0.78474	-0.60943	-1.0665	2.8165	2.3278	1.5423	18.981	84.395	51.018	-48.186	-75.223	-11.775	-7.1528	-30.981	6.8754	6.4783	-0.55628	-10.756	-1.5616	21.785
-0.45065	24.907	6.487	-5.2995	1.5981	-1.47	-3.6796	-6.5655	1.1887	0.4917	-0.63275	1.7154	2.2402	2.2441	10.293	163.73	34.066	-31.106	-84.778	-22.703	-20.401	-2.9713	16.159	44.045	17.349	-44.045	-3.5052	28.074
-0.36424	28.198	5.8196	-5.5971	0.35902	-2.3453	-3.1782	-6.5484	1.182	2.2263	-0.97785	1.3691	1.6511	2.6397	3.4564	131.64	-26.696	-11.901	-49.564	-35.014	20.058	0.68403	-0.26631	69.382	-13.804	-13.852	-23.562	15.823
-0.53985	28.54	5.2082	-4.9114	-0.99981	-2.4822	-2.4502	-6.6225	0.99854	3.3206	-1.3436	0.90714	0.57617	3.0668	-7.0245	13.658	-24.456	27.428	-54.353	-5.4735	29.121	-2.9665	-7.3404	43.775	-14.629	-18.479	-42.997	17.085
-0.74522	27.829	4.9534	-3.9728	-2.0668	-2.0386	-2.3159	-5.9644	0.84691	2.5551	-0.80652	0.79188	-0.41479	3.0987	-8.2147	-28.418	-10.19	37.543	-42.679	17.74	5.3703	26.323	-6.0651	-30.623	21.482	-4.6104	-39.639	1.2757
-0.91497	24.758	5.78	-4.1477	-2.48	-1.355	-2.9154	-5.7184	0.76654	1.6875	-0.58307	1.1984	-1.1633	3.0283	-6.7901	-122.84	33.064	-6.9947	-16.528	27.347	-23.979	9.84	-3.2148	-34.702	8.938	16.263	-29.942	-2.8166
-1.3071	21.891	6.0477	-3.5147	-2.745	0.1868	-2.6077	-5.8711	-0.16801	1.0475	-0.34637	1.3939	-1.8031	3.4247	-15.685	-114.69	10.705	25.319	-10.601	61.671	12.309	-6.1069	-37.382	-25.601	9.468	7.8167	-25.591	15.857
-2.0918	9.2723	7.3959	-2.8326	-2.0083	2.9961	-1.604	-6.5909	-1.1285	0.24161	0.021229	2.1713	-2.8847	3.511	-31.387	-504.74	53.928	27.282	29.471	112.37	40.146	-28.791	-38.418	-32.235	14.704	31.097	-43.266	3.4526
-4.129	-18.799	5.0084	-1.1701	-0.70175	7.4709	0.95709	-3.4439	-1.5553	1.3445	1.6095	1.3628	-1.8844	1.6145	-81.489	-1122.9	-95.497	66.502	52.26	178.99	102.44	125.88	-17.074	44.114	63.529	-32.341	40.015	-75.86
-6.0669	-30.115	0.66974	1.1868	-0.75684	8.6947	1.6492	1.3716	-1.1567	1.5355	1.9871	0.35778	-1.8791	-0.023183	-77.517	-452.61	-173.55	94.275	-2.2037	48.953	27.683	192.62	15.945	7.6415	15.105	-40.2	0.20918	-65.508
-5.9582	-27.882	2.1806	1.0338	-1.9125	7.9092	1.1762	0.24963	-1.6283	1.8164	2.9634	-0.27024	-0.5845	0.1011	4.3499	89.314	60.434	-6.12	-46.226	-31.419	-18.918	-44.877	-18.866	11.236	39.053	-25.121	51.786	4.9711
-4.7014	-11.433	1.2659	1.104	-2.4394	5.536	0.76341	-2.0688	-1.226	0.8379	1.828	0.38568	-0.79477	0.50502	50.272	657.97	-36.587	2.8064	-21.078	-94.928	-16.512	-92.739	16.095	-39.14	-45.415	26.237	-8.4108	16.157
-3.0197	3.2647	4.8758	0.83768	-3.3011	2.5387	-0.95973	-3.9709	-0.8067	0.24884	1.5462	0.82899	-1.6854	2.4812	67.267	587.89	144.4	-10.652	-34.467	-119.89	-68.926	-76.081	16.77	-23.562	-11.275	17.732	-35.625	79.048
-2.2651	11.28	4.5906	0.070025	-2.4479	2.749	-1.3371	-5.4352	-1.6058	-0.46665	1.6362	1.1972	-1.0258	4.2629	30.187	320.59	-11.408	-30.706	34.129	8.4139	-15.094	-58.572	-31.963	-28.62	3.6014	14.729	26.385	71.268
-2.2082	13.37	5.1222	0.62555	-3.4162	1.7647	-1.5123	-4.9233	-0.76609	0.034788	1.9689	0.37377	-0.99279	4.5535	2.275	83.603	21.263	22.221	-38.731	-39.372	-7.0082	20.475	33.587	20.058	13.309	-32.938	1.3195	11.623
-2.7769	12.767	3.1548	2.3307	-2.9588	2.8442	-1.021	-3.2318	-1.4654	1.0944	2.2015	-1.6365	-0.036572	1.9772	-22.75	-24.113	-78.693	68.207	18.294	43.181	19.652	67.66	-27.973	42.384	9.3037	-80.413	38.249	-103.05
-3.8375	14.495	-9.9759	4.8877	-3.1736	3.3472	-0.60039	2.2805	-0.20903	-1.3026	0.68035	-1.7165	2.4473	0.30255	-42.425	69.149	-525.23	102.28	-8.591	20.119	16.824	220.49	50.255	-95.879	-60.847	-3.2001	99.356	-66.986
-3.4855	15.846	-22.415	1.3112	-5.4993	2.4492	1.0279	5.3265	-0.26922	-0.13986	-0.24153	-2.1333	1.9182	0.21612	14.082	54.022	-497.56	-143.06	-93.027	-35.92	65.131	121.84	-2.4073	46.509	-36.875	-16.67	-21.165	-3.4571
-3.0624	15.344	-26.33	2.4558	-6.5119	1.2875	1.4669	2.071	-0.88825	1.7395	-0.070369	-3.0237	0.82632	-0.86505	16.923	-20.078	-156.6	45.786	-40.506	-46.469	17.56	-130.22	-24.761	75.174	6.8463	-35.618	-43.676	-43.247
-2.7115	11.679	-25.774	3.9409	-7.4549	0.60437	-0.40799	0.34772	-0.84799	1.3673	1.5707	-1.787	1.1266	-0.37448	14.038	-146.62	22.261	59.403	-37.719	-27.325	-74.994	-68.93	1.61	-14.888	65.644	49.47	12.01	19.623
-2.5831	12.206	-26.664	4.6133	-6.7468	2.205	-1.2845	1.3765	0.40799	1.5213	0.84896	-2.8417	0.63653	0.9898	5.1339	21.096	-35.599	26.895	28.323	64.027	-35.062	41.153	50.239	6.1585	-28.871	-42.187	-19.601	54.571
-2.4454	13.054	-25.924	4.7752	-7.2946	1.9403	0.25093	2.4023	0.46748	1.8479	1.7075	-3.0946	0.35259	-0.1638	5.5073	33.939	29.575	6.4764	-21.911	-10.589	61.418	41.029	2.3798	13.064	34.341	-10.117	-11.358	-46.144
-2.4052	13.325	-27.07	5.1426	-6.6328	2.3346	0.5972	1.576	-1.2466	1.0814	1.4324	-2.2402	2.3575	-0.13607	1.6101	10.828	-45.851	14.698	26.473	15.771	13.851	-33.052	-68.565	-30.66	-11.002	34.176	80.196	1.1089
-2.5818	9.1937	-27.811	2.943	-8.0758	2.0918	-0.31108	1.1998	-0.76947	1.6201	1.7789	-1.8088	1.3627	0.475	-7.0654	-165.26	-29.613	-87.987	-57.722	-9.7117	-36.331	-15.045	19.087	21.549	13.86	17.256	-39.79	24.443
-3.1626	7.3045	-23.656	3.0961	-7.2842	1.8753	-0.71564	2.3952	-2.4522	-0.23534	-0.3354	-1.6506	1.0584	0.23458	-23.232	-75.567	166.2	6.1245	31.665	-8.659	-16.182	47.815	-67.311	-74.217	-84.574	6.328	-12.172	-9.6166
-4.218	-0.59418	-23.539	4.7613	-4.3534	0.89032	0.86322	1.7805	-1.6945	0.13261	-0.36745	-2.6476	0.66238	0.14693	-42.215	-315.95	4.6571	66.61	117.23	-39.4	63.155	-24.588	30.312	14.718	-1.2818	-39.879	-15.842	-3.5062
-5.2688	-8.6	-26.338	-0.29583	-5.9463	0.43178	1.5361	-0.17894	-0.74922	0.019207	-0.9129	-2.0711	1.8989	0.40217	-42.033	-320.23	-111.94	-202.29	-63.714	-18.342	26.915	-78.379	37.809	-4.5363	-21.818	23.06	49.46	10.21
-5.5348	-5.7384	-22.543	0.24913	-5.1592	0.61739	1.2326	-0.43657	0.82544	1.1904	-1.1754	-2.2361	2.6408	-0.31541	-10.638	114.46	151.78	21.799	31.482	7.4243	-12.14	-10.305	62.987	46.849	-10.498	-6.5993	29.678	-28.703
-5.7076	-1.8646	-19.213	0.42927	-7.154	-0.24029	1.2602	-1.4154	0.083303	0.16594	0.26474	-2.628	1.3738	-1.0048	-6.9119	154.95	133.22	7.2056	-79.791	-34.307	1.1026	-39.152	-29.686	-40.98	57.604	-15.677	-50.683	-27.575
-6.2086	-3.1217	-15.345	0.3844	-6.0167	0.80079	0.75728	-2.1262	-0.72481	-0.49902	0.54174	-1.4715	0.56191	-1.7037	-20.039	-50.284	154.71	-1.7947	45.495	41.643	-20.116	-28.433	-32.325	-26.598	11.08	46.26	-32.474	-27.955
-7.1822	-21.598	-14.353	-0.73461	-4.2303	1.3256	1.7421	0.13865	0.12125	-0.78584	-0.28227	-1.9159	1.4315	-0.38073	-38.947	-739.04	39.679	-44.76	71.456	20.994	39.395	90.594	33.843	-11.473	-32.96	-17.779	34.783	52.917
-4.2571	-17.68	4.7165	5.6471	-4.473	-3.1763	2.4503	3.3605	0.25839	-1.3721	0.58193	-1.9113	-1.139	-1.249	117	156.72	762.78	255.27	-9.7108	-180.08	28.324	128.87	5.4856	-23.449	34.568	0.1849	-102.82	-34.731
-2.5329	5.7114	9.4281	3.2925	-5.4998	-7.3666	2.1804	1.5595	0.56284	-2.9814	-0.8608	1.9308	-2.5456	1.2714	68.968	935.64	188.46	-94.184	-41.073	-167.61	-10.796	-72.037	12.178	-64.375	-57.709	153.69	-56.265	100.82
-1.5503	16.385	7.6277	2.3056	-7.3506	-7.5645	1.4584	0.85145	0.18746	-2.6605	-0.068016	3.2836	-1.7738	1.7823	39.303	426.94	-72.014	-39.476	-74.029	-7.9135	-28.878	-28.324	-15.015	12.837	31.711	54.109	30.873	20.436
-0.95102	24.371	8.2952	-1.4883	-10.194	-6.4843	1.1825	1.2799	0.91509	-2.0984	0.87623	4.7688	-1.5118	1.184	23.972	319.45	26.699	-151.75	-113.75	43.208	-11.035	17.137	29.105	22.485	37.77	59.41	10.478	-23.931
-0.68237	28.561	7.4034	-6.4876	-8.6238	-3.554	0.86629	1.045	-0.46056	-1.225	3.1167	5.0898	-3.3676	-0.79092	10.746	167.62	-35.674	-199.97	62.824	117.21	-12.65	-9.3955	-55.026	34.936	89.619	12.841	-74.232	-78.997
-0.54883	34.773	5.427	-9.0293	-7.6868	-2.606	0.60444	0.34721	-0.54536	0.53025	3.1654	3.6107	-3.5621	-0.1698	5.3416	248.45	-79.057	-101.67	37.481	37.919	-10.474	-27.911	-3.3919	70.21	1.9484	-59.168	-7.7776	24.845
-0.62033	34.795	4.881	-9.1068	-6.5091	-2.838	-0.13101	-0.47899	-0.76768	2.6362	2.4658	1.7053	-2.4981	0.1792	-2.86	0.86989	-21.838	-3.1024	47.106	-9.2819	-29.418	-33.048	-8.8926	84.238	-27.985	-76.216	42.561	13.96
-0.63982	34.605	4.6046	-9.0387	-4.5811	-2.744	-1.3885	-1.1445	-0.17734	3.4033	2.0266	0.74435	-1.2056	1.0278	-0.77968	-7.5676	-11.058	2.7275	77.121	3.7602	-50.301	-26.621	23.613	30.683	-17.568	-38.436	51.699	33.945
-0.81596	35.352	2.9772	-8.3134	-1.3661	-3.1301	-2.6024	-2.3834	0.76251	2.8253	1.7992	0.83838	-0.052329	0.75404	-7.0456	29.88	-65.094	29.01	128.6	-15.443	-48.553	-49.557	37.594	-23.118	-9.0952	3.7613	46.131	-10.952
-0.98475	33.546	1.5787	-5.9676	-0.1439	-2.9642	-3.3206	-3.6604	1.8338	1.2639	1.9203	1.1091	0.61548	0.49665	-6.7516	-72.251	-55.941	93.831	48.886	6.6378	-28.729	-51.077	42.853	-62.459	4.8431	10.83	26.712	-10.296
-1.1867	31.021	2.1792	-4.9719	1.1691	-2.9012	-4.2845	-3.5344	2.9449	0.16782	0.88866	1.4274	0.65774	0.98903	-8.0788	-100.99	24.021	39.83	52.519	2.5176	-38.557	5.0387	44.441	-43.842	-41.266	12.729	1.6906	19.695
-1.2095	28.735	2.061	-3.3357	2.3606	-3.1667	-5.1156	-3.6023	3.0449	-0.20446	-0.15087	1.3939	0.50036	1.1785	-0.90954	-91.43	-4.7283	65.446	47.66	-10.621	-33.244	-2.7157	4.0012	-14.891	-41.581	-1.3391	-6.2952	7.5784
-1.1116	27.321	2.0486	-1.7277	2.7992	-2.8038	-5.4343	-4.1189	2.9099	-0.71761	-0.67504	1.5645	0.21161	1.43	3.9125	-56.567	-0.49637	64.32	17.545	14.518	-12.749	-20.664	-5.401	-20.526	-20.967	6.8244	-11.55	10.061
-1.267	25.416	3.1836	-1.8356	2.8533	-1.6506	-4.6374	-4.7439	2.0934	-0.67657	-1.891	1.795	0.45397	2.0065	-6.2161	-76.214	45.401	-4.3158	2.166	46.128	31.876	-25.001	-32.66	1.6417	-48.639	9.2211	9.6942	23.057
-1.8662	14.852	6.6132	-3.0931	2.2606	1.262	-1.867	-5.9507	-0.0076365	-1.0159	-2.1433	1.7252	0.32751	2.1514	-23.964	-422.54	137.18	-50.299	-23.708	116.5	110.82	-48.271	-84.041	-13.572	-10.091	-2.7928	-5.0583	5.7992
-3.6636	-23.736	11.092	-0.38309	-0.31545	3.5618	1.8874	-3.5794	-1.9021	-0.86032	0.11046	1.9614	1.2025	-0.072663	-71.898	-1543.5	179.14	108.4	-103.04	91.993	150.18	94.851	-75.777	6.222	90.15	9.4487	35.001	-88.964
-6.3948	-55.011	7.3908	3.9062	1.6271	6.3419	5.6195	4.0203	-2.4638	-0.34762	1.4708	-0.46947	1.0608	-2.403	-109.25	-1251	-148.04	171.57	77.701	111.2	149.29	303.99	-22.471	20.508	54.416	-97.235	-5.6686	-93.212
-6.8442	-61.379	5.4749	5.2269	1.5915	6.7723	6.2495	3.0065	-3.0487	1.2108	2.9167	-1.4228	0.64303	-0.90423	-17.977	-254.7	-76.637	52.826	-1.4237	17.219	25.2	-40.552	-23.396	62.335	57.835	-38.132	-16.712	59.95
-6.957	-64.294	3.7424	5.6008	0.9857	7.9659	6.5607	4.1207	-2.9365	0.82427	3.8021	-0.67206	0.84506	-0.95071	-4.5108	-116.6	-69.3	14.959	-24.232	47.742	12.446	44.566	4.49	-15.459	35.417	30.029	8.0811	-1.859
-6.9125	-62.827	4.9371	3.9451	1.6695	8.0523	5.7731	3.3208	-1.6575	1.7807	2.0575	-0.0036134	0.94364	-1.3461	1.7816	58.668	47.79	-66.229	27.351	3.4556	-31.502	-31.997	51.158	38.258	-69.787	26.738	3.9435	-15.817
-6.072	-44.259	5.8287	0.58784	1.6189	6.1303	4.5465	0.77083	-2.8786	1.1101	1.9858	1.5115	1.5291	-1.5522	33.619	742.72	35.664	-134.29	-2.024	-76.878	-49.066	-102	-48.844	-26.823	-2.865	60.605	23.418	-8.2436
-2.1335	15.113	5.1875	-4.6278	-1.4857	0.92719	-2.4467	-4.9856	-0.79482	1.3274	0.062635	0.5427	-0.58643	1.3861	157.54	2374.9	-25.649	-208.63	-124.18	-208.13	-279.73	-230.26	83.352	8.6885	-76.928	-38.753	-84.621	117.53
-1.3609	31.758	3.5051	-5.4165	-2.0915	-1.0849	-3.6637	-6.6516	0.76747	2.5348	0.43823	0.96648	-1.2403	1.9785	30.906	665.78	-67.297	-31.548	-24.23	-80.482	-48.681	-66.64	62.491	48.299	15.024	16.951	-26.154	23.696
-0.95156	30.085	3.8388	-6.5614	-2.2336	-0.81706	-3.47	-6.017	0.85498	2.9721	1.5914	1.4271	-2.1872	1.4831	16.372	-66.897	13.35	-45.797	-5.6835	10.712	7.7484	25.381	3.5006	17.49	46.127	18.425	-37.877	-19.814
-0.65696	32.525	4.3053	-7.1015	-4.3517	-0.95222	-2.71	-4.7382	0.76814	2.94	2.1488	1.7014	-1.9052	1.4633	11.784	97.595	18.658	-21.603	-84.724	-5.4063	30.403	51.153	-3.4738	-1.2849	22.297	10.971	11.28	-0.79157
-0.36978	34.613	4.7711	-7.955	-6.1235	-1.5397	-2.2838	-3.5577	0.28527	2.9713	2.5772	1.4095	-2.2521	1.4345	11.487	83.511	18.631	-34.142	-70.874	-23.5	17.047	47.219	-19.315	1.2518	17.136	-11.676	-13.875	-1.1529
-0.27594	37.68	3.1805	-6.3515	-8.7851	-1.2729	-2.3325	-1.4415	-0.34908	3.1424	2.3766	1.4494	-2.3109	1.0719	3.7537	122.69	-63.624	64.143	-106.46	10.675	-1.9488	84.65	-25.374	6.8477	-8.0252	1.5964	-2.3546	-14.507
-0.37579	35.999	4.8913	-7.2335	-8.5907	-1.7348	-2.2082	0.089508	-0.47293	2.2518	2.5268	1.6852	-2.7012	0.80975	-3.9941	-67.242	68.434	-35.28	7.7774	-18.477	4.9728	61.239	-4.954	-35.626	6.0088	9.4326	-15.61	-10.484
-0.4588	32.451	7.698	-8.8029	-8.0129	-2.9367	-0.90865	0.62852	-0.71547	1.268	2.6672	2.3615	-3.02	0.19977	-3.3201	-141.94	112.27	-62.778	23.114	-48.075	51.981	21.56	-9.7016	-39.35	5.6166	27.052	-12.754	-24.399
-0.47827	29.096	9.0404	-8.5352	-8.75	-4.2021	-0.44148	1.8978	-1.5145	0.61767	2.6599	2.839	-2.4055	-0.83194	-0.779	-134.2	53.697	10.709	-29.484	-50.618	18.687	50.77	-31.961	-26.014	-0.2928	19.1	24.584	-41.268
-0.56369	27.42	10.017	-7.8709	-9.2498	-4.7362	-0.62912	2.9232	-1.8532	0.16761	2.2105	2.6922	-1.2238	-1.0537	-3.4169	-67.053	39.045	26.573	-19.991	-21.365	-7.5056	41.015	-13.548	-18.002	-17.978	-5.8737	47.265	-8.8688
-0.56011	26.202	10.461	-6.7619	-9.8915	-5.0306	-0.80372	3.734	-2.1448	-0.38113	1.5344	2.9335	0.056646	-1.2406	0.14315	-48.713	17.768	44.359	-25.668	-11.774	-6.984	32.433	-11.665	-21.95	-27.044	9.6545	51.219	-7.4793
-0.61695	22.723	11.133	-5.2228	-9.272	-6.1765	-0.89813	4.11	-2.4896	-1.2708	1.1634	3.5948	0.73047	-0.93554	-2.2733	-139.14	26.906	61.565	24.78	-45.836	-3.7765	15.041	-13.793	-35.585	-14.837	26.452	26.953	12.204
-0.8553	19.247	11.074	-3.2468	-8.0575	-6.0329	-1.2286	3.4863	-3.0434	-1.7621	1.4829	3.2727	1.0433	-0.58964	-9.5343	-139.06	-2.3802	79.04	48.578	5.7444	-13.217	-24.947	-22.151	-19.654	12.779	-12.883	12.513	13.836
-1.403	13.98	10.693	-0.83224	-7.8144	-6.5511	-1.002	2.6299	-2.6304	-2.1984	1.4921	2.5597	0.51584	0.13904	-21.907	-210.64	-15.253	96.581	9.7254	-20.727	9.0632	-34.257	16.52	-17.451	0.36856	-28.522	-21.098	29.147
-1.9195	10.446	9.9085	0.76312	-6.8202	-6.8488	-0.53512	2.0972	-2.0248	-2.1889	0.41913	2.4529	-0.46516	0.51936	-20.661	-141.38	-31.364	63.814	39.766	-11.907	18.674	-21.31	24.225	0.37923	-42.92	-4.2693	-39.24	15.213
-2.4843	5.2044	9.7663	1.8182	-5.7774	-6.5505	1.0019	1.5913	-1.94	-2.3541	-0.32411	2.5727	-0.62481	0.47537	-22.591	-209.66	-5.6866	42.203	41.713	11.929	61.479	-20.234	3.3916	-6.6059	-29.73	4.7917	-6.3861	-1.7594
-3.2699	1.2628	6.6058	5.0168	-5.9184	-4.8583	2.5115	1.7338	-2.4514	-2.1272	0.2806	0.80019	2.1436	-0.85406	-31.426	-157.67	-126.42	127.94	-5.6415	67.69	60.387	5.6974	-20.457	9.0732	24.189	-70.902	110.74	-53.177
-4.2702	-0.76157	-0.92299	9.6814	-7.2404	-2.8484	4.1319	1.7338	-0.50125	-2.4941	0.53984	1.2831	1.5285	-0.79319	-40.012	-80.973	-301.15	186.58	-52.878	80.394	64.815	0.0017564	78.007	-14.674	10.369	19.316	-24.606	2.4346
-5.018	-1.7252	-10.985	11.343	-5.1595	-0.53384	5.1123	0.58004	1.5187	-0.6027	0.006394	-1.4707	1.0703	-1.2686	-29.911	-38.544	-402.48	66.48	83.236	92.583	39.216	-46.15	80.798	75.656	-21.338	-110.15	-18.33	-19.016
-5.2646	-7.1931	-14.864	11.271	-4.4343	0.5675	3.1527	-0.42584	0.0086682	0.042666	2.1107	-2.2216	1.1251	-1.0498	-9.8631	-218.72	-155.16	-2.9073	29.007	44.054	-78.383	-40.235	-60.401	25.815	84.171	-30.036	2.1925	8.7517
-5.2512	-17.165	-25.518	8.4574	-5.6062	0.027785	4.8186	2.0765	0.32441	1.566	0.6515	-1.7265	0.84677	-0.72651	0.53554	-398.87	-426.15	-112.53	-46.875	-21.589	66.633	100.09	12.63	60.932	-58.367	19.805	-11.132	12.932
-4.4456	-12.649	-29.464	4.9227	-6.3694	-2.9704	3.7907	0.036279	-1.1358	1.7945	0.31423	-0.42494	2.0601	-0.46761	32.225	180.65	-157.85	-141.39	-30.528	-119.93	-41.114	-81.609	-58.409	9.1404	-13.491	52.061	48.535	10.356
-3.9793	-0.61909	-29.033	4.1437	-5.663	-3.6466	4.8149	0.4968	-2.399	2.3127	-0.43544	-1.5871	2.7955	-1.7484	18.65	481.18	17.216	-31.16	28.255	-27.05	40.966	18.421	-50.529	20.73	-29.987	-46.488	29.414	-51.231
-4.0973	0.13751	-26.686	-0.51439	-1.5926	-5.6831	2.6695	2.374	-4.4147	2.4952	-0.09601	-3.0803	2.7098	-1.1401	-4.7176	30.264	93.913	-186.32	162.82	-81.46	-85.813	75.088	-80.625	7.2995	13.577	-59.727	-3.4277	24.333
-4.8997	-5.8961	-23.891	-4.4249	-1.2093	-6.0158	-1.4205	4.2385	-2.3307	1.2821	0.6519	-2.4248	1.6438	-1.531	-32.098	-241.34	111.79	-156.42	15.329	-13.306	-163.6	74.579	83.358	-48.524	29.916	26.219	-42.643	-15.638
-6.3088	-14.993	-23.004	-5.8928	-1.8075	-3.577	-2.8485	2.9743	-1.1052	1.8248	1.5245	-2.3255	1.6638	-0.78222	-56.365	-363.86	35.481	-58.718	-23.925	97.55	-57.119	-50.568	49.02	21.708	34.902	3.9729	0.80363	29.953
-7.7994	-23.906	-18.907	-7.5835	-3.3806	0.28339	-2.0985	0.27024	-1.3131	2.0156	1.5051	-0.39145	2.0839	0.27202	-59.621	-356.55	163.88	-67.627	-62.925	154.42	29.999	-108.16	-8.3184	7.6291	-0.77537	77.362	16.803	42.17
-8.5852	-32.721	-17.545	-9.4841	-2.2543	-0.031867	-0.37647	-1.0007	-3.2469	-0.020409	0.71539	-0.6903	1.2124	-0.78781	-31.434	-352.6	54.486	-76.024	45.051	-12.61	68.881	-50.84	-77.351	-81.439	-31.587	-11.954	-34.859	-42.393
-9.569	-44.577	-15.203	-9.6208	-2.703	0.055998	-1.0619	-1.0062	-2.8944	0.21092	1.0796	-1.7629	0.33778	-1.545	-39.352	-474.24	93.679	-5.468	-17.946	3.5146	-27.418	-0.21983	14.102	9.2531	14.567	-42.902	-34.986	-30.286
-10.354	-54.25	-12.965	-7.5093	-1.6093	2.1959	1.1642	-0.010143	-3.701	2.0013	1.8176	-2.2198	1.2463	-0.21781	-31.403	-386.89	89.517	84.46	43.747	85.595	89.044	39.844	-32.266	71.615	29.523	-18.278	36.342	53.086
-7.6683	-43.822	-5.3075	-3.3326	-0.17296	4.2447	4.5375	1.7369	-1.7233	1.9333	1.9062	-0.47557	0.59509	-1.1226	107.43	417.1	306.29	167.07	57.452	81.954	134.93	69.881	79.106	-2.72	3.5434	69.769	-26.05	-36.19
-5.8504	-24.505	6.174	-1.3206	-0.99378	1.1003	3.9508	1.9089	-1.5238	0.89884	0.64659	-0.80527	0.97712	-0.99852	72.714	772.68	459.26	80.48	-32.833	-125.78	-23.467	6.8801	7.9825	-41.378	-50.386	-13.188	15.281	4.962
-4.3955	-18.709	13.636	-2.8677	-3.9375	1.8332	4.5458	-0.051284	-3.4965	1.8153	0.75665	-2.2201	3.0838	0.088548	58.199	231.84	298.5	-61.884	-117.75	29.317	23.801	-78.407	-78.91	36.658	4.4024	-56.592	84.268	43.483
-3.4746	-14.2	17.286	-3.5432	-6.3961	2.3742	4.6479	-2.6544	-3.7079	1.7051	-0.094626	-0.10435	3.2735	1.5683	36.835	180.38	145.97	-27.019	-98.344	21.64	4.0854	-104.12	-8.4545	-4.4059	-34.051	84.629	7.5872	59.19
-2.6021	-4.9955	18.192	-5.4317	-6.7787	1.1543	4.9533	-3.8324	-5.0187	2.8702	-0.27872	1.2593	1.8937	1.8798	34.898	368.16	36.239	-75.54	-15.306	-48.796	12.215	-47.122	-52.433	46.603	-7.3639	54.546	-55.19	12.461
-2.2345	3.1211	16.661	-6.9478	-7.667	1.1428	4.2529	-4.1782	-6.2065	5.1784	0.13204	1.0076	0.75463	2.3473	14.704	324.66	-61.242	-60.645	-35.531	-0.4604	-28.015	-13.83	-47.511	92.327	16.43	-10.068	-45.564	18.699
-2.1305	7.419	14.506	-7.4276	-7.4054	2.0738	2.4795	-4.9273	-5.3302	6.4008	0.10341	0.10474	0.14872	1.8202	4.1616	171.92	-86.175	-19.192	10.464	37.24	-70.94	-29.964	35.053	48.896	-1.145	-36.114	-24.236	-21.085
-2.2519	8.1484	13.63	-8.0274	-5.116	2.5531	1.1058	-5.2926	-4.0428	6.8503	0.12994	-0.72165	0.3522	1.546	-4.8584	29.174	-35.045	-23.992	91.575	19.174	-54.945	-14.616	51.494	17.981	1.0611	-33.055	8.139	-10.967
-2.3299	8.1367	12.709	-8.4572	-3.0119	2.4228	-0.18387	-5.6178	-2.5245	6.9646	-1.0832	-0.75415	0.95992	1.8225	-3.1186	-0.46727	-36.856	-17.192	84.164	-5.2127	-51.588	-13.008	60.734	4.5694	-48.524	-1.3003	24.309	11.06
-2.4637	8.5533	11.43	-8.6696	-0.46015	1.907	-1.0157	-5.6033	-0.79622	6.5504	-1.9366	-0.38828	1.6078	1.6855	-5.3535	16.666	-51.13	-8.4958	102.07	-20.634	-33.272	0.582	69.131	-16.566	-34.136	14.635	25.916	-5.4783
-2.6918	8.2368	9.4962	-7.8634	1.5563	1.2514	-1.968	-4.9093	0.3209	5.7748	-2.7627	0.35115	1.5586	1.2355	-9.1237	-12.66	-77.369	32.248	80.657	-26.223	-38.092	27.76	44.685	-31.025	-33.043	29.577	-1.9709	-18.002
-3.02	4.5834	9.0223	-6.4594	3.5634	0.24108	-2.4704	-4.0866	1.813	4.5448	-3.7807	1.514	1.471	0.27167	-13.129	-146.14	-18.953	56.158	80.285	-40.413	-20.095	32.909	59.684	-49.202	-40.722	46.513	-3.5032	-38.553
-3.5592	-1.8848	8.7293	-4.7245	4.9985	0.38676	-2.4262	-2.9827	3.3059	2.9738	-4.1407	1.5689	1.7941	-0.6598	-21.568	-258.73	-11.722	69.398	57.405	5.8271	1.7676	44.156	59.714	-62.837	-14.401	2.1971	12.926	-37.259
-4.1645	-15.398	7.2448	-1.1367	5.5659	0.85769	-1.5151	-1.543	5.0318	2.181	-4.4696	1.6643	1.3759	-1.1302	-24.212	-540.52	-59.38	143.51	22.697	18.837	36.443	57.585	69.036	-31.713	-13.152	3.8156	-16.728	-18.816
-4.6069	-31.508	8.4483	3.2084	0.11468	4.2201	5.4065	1.4586	5.0223	-0.82972	-2.5229	-0.80297	-0.18437	-1.6784	-17.694	-644.4	48.14	173.8	-218.05	134.5	276.86	120.07	-0.37864	-120.43	77.865	-98.691	-62.411	-21.927
-4.1376	-27.333	10.243	1.39	-3.3855	6.4278	6.1234	-0.20696	5.2786	-0.14146	-1.3443	-1.0747	-1.1307	-1.7228	18.771	166.99	71.804	-72.736	-140.01	88.306	28.676	-66.624	10.251	27.53	47.144	-10.867	-37.855	-1.7764
-3.6768	-16.011	11.531	1.3118	-3.3834	6.8315	3.2332	-2.0714	5.1835	0.076602	-2.0591	0.13724	-2.1545	-2.2305	18.433	452.9	51.483	-3.1265	0.085788	16.151	-115.61	-74.576	-3.802	8.7226	-28.592	48.476	-40.95	-20.308
-3.4499	-14.978	11.555	0.76596	-2.5987	5.7801	2.3361	-0.6697	4.8394	0.63658	-2.4699	0.8837	-2.5004	-1.9431	9.0743	41.294	0.96875	-21.834	31.385	-42.058	-35.884	56.066	-13.763	22.399	-16.433	29.858	-13.835	11.496
-3.4394	-7.9489	6.4584	-0.14136	1.9353	2.7905	0.88142	2.4911	4.1456	0.011202	-1.2196	-0.23693	-2.1541	-3.4358	0.42148	281.18	-203.85	-36.293	181.36	-119.58	-58.187	126.43	-27.755	-25.015	50.013	-44.825	13.852	-59.706
-3.4464	-3.6423	1.2044	1.5182	5.5008	-0.34462	-0.80927	4.0361	6.4292	-0.49203	-1.8312	-0.24462	-2.694	-4.8178	-0.28053	172.26	-210.16	66.384	142.62	-125.4	-67.628	61.8	91.344	-20.129	-24.461	-0.30746	-21.598	-55.281
-3.2465	0.03998	2.1488	-0.94343	4.7034	-0.01893	-1.872	4.9042	5.2486	0.76483	-2.6283	0.17222	-3.2761	-5.2394	7.9946	147.29	37.775	-98.467	-31.9	13.028	-42.509	34.723	-47.222	50.274	-31.886	16.674	-23.282	-16.866
-3.1233	5.5619	1.6861	0.11868	4.7079	-0.64483	-3.7658	3.6336	4.0804	1.0683	-1.8819	0.15516	-3.0197	-5.325	4.93	220.88	-18.51	42.484	0.1809	-25.036	-75.752	-50.822	-46.728	12.14	29.856	-0.68239	10.255	-3.4242
-3.0509	4.7012	1.4025	0.15205	4.0941	-1.1101	-2.9731	4.1221	3.323	1.7713	-1.1074	-0.51703	-3.4383	-4.8442	2.8952	-34.429	-11.344	1.3348	-24.552	-18.611	31.707	19.539	-30.297	28.119	30.98	-26.888	-16.745	19.231
-3.0922	4.2446	2.1534	-0.41859	3.7248	-1.6042	-1.9171	4.0035	3.9054	1.8572	-2.5495	-0.65804	-2.9397	-5.1578	-1.6529	-18.263	30.037	-22.825	-14.769	-19.763	42.241	-4.7422	23.297	3.4349	-57.683	-5.6401	19.947	-12.543
-3.11	1.2729	2.9252	0.25082	3.1646	-1.3214	-0.88212	3.6897	4.2042	1.8461	-3.3529	-1.3847	-2.1468	-5.3781	-0.70949	-118.87	30.872	26.776	-22.409	11.312	41.4	-12.554	11.95	-0.44411	-32.136	-29.067	31.714	-8.8125
-3.1471	-2.4158	3.0829	0.90579	4.0588	-1.4092	-0.81686	5.729	4.5752	-0.32295	-2.964	-1.7514	-2.7694	-4.7695	-1.4843	-147.55	6.3075	26.199	35.767	-3.5135	2.6104	81.574	14.842	-86.761	15.553	-14.669	-24.905	24.345
-3.1964	-9.5819	4.3036	2.0347	4.2866	-1.1274	0.38411	6.7426	5.1077	-1.7071	-3.1742	-2.2259	-2.7924	-4.367	-1.9723	-286.64	48.829	45.158	9.1127	11.274	48.038	40.542	21.298	-55.366	-8.4075	-18.981	-0.92029	16.101
-3.3262	-19.176	6.6923	4.1828	2.8758	0.24025	1.8616	7.3077	3.9383	-2.3833	-4.3219	-2.2881	-2.5572	-3.4657	-5.1917	-383.76	95.548	85.923	-56.433	54.705	59.101	22.606	-46.773	-27.047	-45.909	-2.4873	9.4115	36.052
-3.3169	-31.365	12.873	4.2116	0.5213	5.2383	2.5805	4.8593	1.8906	-2.9856	-4.7542	-3.4279	0.077818	-1.4343	0.36997	-487.58	247.23	1.1512	-94.179	199.92	28.753	-97.937	-81.909	-24.093	-17.289	-45.59	105.4	81.255
-3.2897	-36.568	14.28	5.949	-1.0081	4.5577	3.8396	4.7836	3.0663	-2.929	-4.2265	-3.2511	0.22159	-2.8121	1.0882	-208.09	56.28	69.497	-61.174	-27.226	50.363	-3.0277	47.026	2.2647	21.106	7.0695	5.7507	-55.11
-3.2632	-38.647	14.611	7.3755	-0.72541	3.6696	3.6785	4.3665	1.7599	-1.2707	-3.1445	-4.6789	-0.44132	-3.264	1.0617	-83.17	13.257	57.059	11.306	-35.524	-6.4418	-16.686	-52.255	66.33	43.281	-57.11	-26.516	-18.077
-3.3033	-38.029	14.695	5.4189	0.5172	5.9539	1.273	3.0697	1.5391	0.49584	-1.7012	-5.539	-1.2253	-3.5537	-1.607	24.725	3.3444	-78.263	49.704	91.373	-96.22	-51.869	-8.8303	70.663	57.735	-34.404	-31.359	-11.589
-3.39	-35.197	15.713	2.5257	-0.49143	6.3844	1.5575	3.982	0.82833	-0.059988	-1.9059	-5.2171	-1.3219	-3.7011	-3.4654	113.29	40.726	-115.73	-40.345	17.22	11.378	36.491	-28.431	-22.233	-8.1912	12.875	-3.8651	-5.8933
-3.5797	-35.342	16.557	2.5319	-3.5209	5.732	3.3859	4.8121	1.4119	-0.55864	-3.6127	-4.8683	-0.31216	-3.7913	-7.5903	-5.8035	33.751	0.24769	-121.18	-26.096	73.137	33.205	23.343	-19.946	-68.272	13.955	40.39	-3.6086
-4.0489	-44.535	14.738	5.7289	-3.579	5.7262	5.2894	5.6292	-0.072762	-0.25438	-3.4694	-5.4611	-0.62652	-2.7003	-18.767	-367.74	-72.779	127.88	-2.3246	-0.23163	76.142	32.683	-59.387	12.17	5.731	-23.713	-12.574	43.637
-4.7494	-50.927	9.2629	6.0366	0.080699	6.6495	5.5718	5.8861	0.34041	-1.1999	-4.1542	-4.3559	-0.94754	-2.5814	-28.022	-255.69	-218.99	12.308	146.39	36.933	11.295	10.275	16.527	-37.822	-27.392	44.205	-12.841	4.7592
