-6.7867	-57.966	-22.317	-5.6084	6.0131	-0.65528	-0.83751	2.7594	0.76947	1.2417	1.1601	-0.070479	0.046264	0.035217	0	0	0	0	0	0	0	0	0	0	0	0	0	0
-11.993	-72.133	-18.067	4.18	-0.68336	1.0664	-0.8039	-1.2404	3.1992	1.0518	-0.24682	-0.26825	-1.7109	0.24869	-208.26	-566.65	169.98	391.54	-267.86	68.867	1.3444	-159.99	97.19	-7.593	-56.278	-7.9107	-70.287	8.539
-11.986	-76.457	-17.442	2.2667	-3.0249	3.2712	-0.5373	-0.77405	4.0328	0.70976	-1.087	0.51844	-0.60672	-0.93069	0.29338	-172.96	24.999	-76.534	-93.664	88.192	10.664	18.655	33.345	-13.683	-33.609	31.467	44.168	-47.175
-9.6793	-70.955	-19.18	2.0459	-1.7867	1.415	1.7833	-0.31193	4.1672	1.0625	-1.2166	0.033618	-0.48764	1.0428	92.262	220.07	-69.504	-8.8297	49.531	-74.247	92.825	18.485	5.3747	14.108	-5.1815	-19.393	4.7632	78.941
-7.8793	-23.162	-19.146	-0.43841	-2.4975	-1.4464	1.7276	-1.4034	2.9361	-0.41496	-1.0631	0.62673	-0.37196	2.1986	72	1911.7	1.3361	-99.374	-28.435	-114.46	-2.2284	-43.658	-49.242	-59.097	6.1395	23.725	4.6272	46.231
-6.6922	-8.8943	-11.246	1.9773	-1.9814	-3.8052	3.156	-0.58287	3.484	-0.79031	0.3549	2.1136	-0.73025	2.2996	47.483	570.72	316.01	96.627	20.645	-94.351	57.133	32.82	21.916	-15.014	56.719	59.475	-14.332	4.0406
-3.8332	-1.618	2.6751	2.743	4.0178	-0.073458	1.9494	0.77458	-2.4785	-1.1149	2.4951	1.6678	-2.7019	0.93478	114.36	291.05	556.85	30.63	239.97	149.27	-48.26	54.298	-238.5	-12.983	85.61	-17.834	-78.867	-54.594
-2.708	14.312	6.4766	-0.65548	4.4409	-1.6936	0.41192	0.11632	-5.2091	-0.5889	2.1128	1.9338	-2.2628	0.57313	45.007	637.22	152.06	-135.94	16.924	-64.804	-61.501	-26.33	-109.22	21.039	-15.293	10.64	17.567	-14.466
-2.2776	20.413	6.0669	2.2362	-0.94312	1.6347	-1.6172	-0.49989	-5.0003	0.52499	0.62358	2.1595	-0.9144	0.46761	17.216	244.02	-16.386	115.67	-215.36	133.13	-81.163	-24.648	8.351	44.555	-59.569	9.0276	53.935	-4.2206
-2.3842	17.391	8.5775	-1.1651	2.1908	0.3345	-1.3651	1.1433	-4.5518	-0.57782	-0.087879	2.621	-0.41183	0.20739	-4.2642	-120.87	100.43	-136.05	125.36	-52.009	10.084	65.727	17.941	-44.113	-28.458	18.462	20.103	-10.409
-3.2584	5.7321	9.6946	-0.86698	0.62664	0.57704	-0.49871	0.8249	-1.6026	-3.0673	-0.35121	1.7273	0.57649	-1.16	-34.967	-466.37	44.681	11.924	-62.567	9.7015	34.654	-12.735	117.97	-99.581	-10.533	-35.75	39.533	-54.697
-4.5775	-12.193	6.6313	4.2279	-0.041004	2.5217	1.8963	2.875	2.492	-0.028389	-2.266	0.73448	0.98252	-2.1395	-52.764	-716.99	-122.53	203.79	-26.706	77.786	95.802	82.003	163.79	121.56	-76.59	-39.711	16.241	-39.179
-4.7323	-19.364	5.705	6.566	2.9964	7.8148	1.6245	-0.69538	2.4332	-0.4075	-4.8896	3.8954	1.065	-4.1284	-6.1953	-286.84	-37.055	93.523	121.49	211.72	-10.872	-142.81	-2.3526	-15.164	-104.94	126.44	3.2986	-79.556
-4.5158	-15.292	6.8464	4.2975	2.6766	7.7606	1.1022	-0.31422	2.2331	-0.83438	-4.7195	3.9472	0.81084	-3.4277	8.6625	162.88	45.656	-90.739	-12.79	-2.1682	-20.892	15.246	-8.0034	-17.075	6.8013	2.0723	-10.166	28.028
-4.3399	-9.2671	4.7363	4.216	2.6491	8.1708	-0.2051	0.024559	2.9461	-1.4383	-4.6636	3.7029	0.804	-3.041	7.0368	240.99	-84.404	-3.2589	-1.101	16.407	-52.293	13.551	28.519	-24.157	2.2386	-9.7735	-0.27392	15.469
-4.2537	-7.6221	5.247	3.6392	2.4627	7.0836	1.1367	-0.45042	3.46	-1.8572	-5.0084	3.7378	0.79508	-3.0377	3.4482	65.799	20.428	-23.073	-7.4572	-43.488	53.671	-18.999	20.556	-16.753	-13.792	1.3995	-0.3566	0.12929
-4.1164	-2.8228	6.2848	-0.57454	4.3259	5.7823	0.72138	1.5155	3.07	-2.5673	-3.7461	1.4645	2.1859	-2.9264	5.4916	191.97	41.515	-168.55	74.53	-52.049	-16.612	78.637	-15.601	-28.405	50.49	-90.935	55.634	4.4536
-4.0053	-3.4392	6.7174	0.42412	3.7316	4.8341	1.9581	0.78666	3.9271	-3.1419	-4.0037	1.9308	1.2512	-2.0391	4.4446	-24.656	17.303	39.946	-23.774	-37.928	49.468	-29.153	34.284	-22.983	-10.305	18.653	-37.39	35.493
-2.9813	6.8479	8.074	-1.3988	2.3028	0.81291	0.21431	2.6791	3.5846	-0.7153	-3.3414	-0.048366	1.0307	-1.0146	40.957	411.48	54.264	-72.918	-57.151	-160.85	-69.751	75.698	-13.701	97.062	26.493	-79.167	-8.8212	40.98
-0.8762	23.811	12.272	-5.0386	-3.2319	-3.2894	-2.0823	5.523	1.9123	-1.1619	0.66434	-1.7543	1.5682	1.8576	84.205	678.54	167.91	-145.59	-221.39	-164.09	-91.866	113.75	-66.891	-17.865	160.23	-68.235	21.502	114.89
-0.055617	32.661	15.878	-9.5425	-3.7246	-7.6857	-0.16878	4.6935	1.9559	-2.6532	3.0477	-1.2861	1.5731	1.0166	32.823	354	144.25	-180.16	-19.709	-175.85	76.542	-33.18	1.745	-59.649	95.334	18.728	0.19407	-33.639
0.25446	38.031	13.494	-10.034	-4.6818	-7.0321	0.042578	6.655	0.67783	-1.5607	2.275	-0.79389	0.90757	0.41936	12.403	214.78	-95.375	-19.677	-38.287	26.146	8.4543	78.459	-51.123	43.698	-30.906	19.687	-26.62	-23.889
0.10277	38.112	13.365	-10.585	-3.8737	-7.2149	0.8941	6.8894	0.065393	-1.5302	2.4335	-0.73009	1.0534	-0.26753	-6.0675	3.2562	-5.1503	-22.01	32.323	-7.3137	34.061	9.3758	-24.498	1.2194	6.3365	2.5519	5.832	-27.475
0.30841	38.267	14.233	-11.984	-3.3933	-6.6491	1.5235	6.6827	0.25797	-1.97	2.8175	-0.51921	0.76466	-0.3924	8.2255	6.1748	34.739	-55.979	19.215	22.635	25.175	-8.2662	7.703	-17.59	15.363	8.4353	-11.548	-4.9949
0.36833	41.112	12.887	-12.574	-2.7189	-8.0685	2.7722	5.2572	0.98051	-2.7463	3.4788	-0.44846	0.19751	-0.74379	2.3969	113.8	-53.847	-23.582	26.978	-56.779	49.95	-57.019	28.901	-31.054	26.45	2.8298	-22.686	-14.056
0.40846	40.476	14.4	-14.021	-2.8671	-7.1671	2.4154	5.8847	-0.34096	-1.679	3.4133	-0.6408	0.21273	-1.1712	1.6049	-25.422	60.519	-57.876	-5.9285	36.058	-14.272	25.097	-52.859	42.693	-2.6194	-7.6937	0.60874	-17.095
0.42275	42.413	13.54	-13.945	-3.5846	-6.2835	2.6312	5.3139	-0.3332	-1.6102	4.0029	-1.4393	0.98808	-2.1535	0.57172	77.475	-34.421	3.0278	-28.699	35.345	8.6306	-22.831	0.31047	2.7529	23.585	-31.941	31.014	-39.294
0.39904	42.876	13.816	-14.902	-2.887	-5.9729	3.1309	4.2123	-0.1859	-1.0251	3.0445	-0.44686	0.093994	-1.9729	-0.94835	18.508	11.052	-38.266	27.905	12.423	19.986	-44.065	5.8918	23.402	-38.338	39.699	-35.763	7.2261
0.26019	42.347	13.264	-13.715	-3.5835	-3.7476	2.2624	4.1717	-0.66854	-0.18977	2.3985	0.013107	-0.48716	-1.8994	-5.5539	-21.15	-22.093	47.479	-27.861	89.012	-34.739	-1.6235	-19.306	33.413	-25.838	18.399	-23.246	2.9369
-0.098071	40.048	14.133	-13.966	-2.7798	-3.2462	2.424	3.1739	-1.2024	0.50017	2.1629	-0.084751	-1.2781	-1.7866	-14.331	-91.966	34.764	-10.043	32.147	20.057	6.4665	-39.91	-21.355	27.598	-9.4268	-3.9143	-31.639	4.5136
-0.28631	42.09	11.928	-13.193	-1.7107	-2.9243	1.5754	2.6474	-1.1701	0.21404	3.4205	-1.0901	-1.1762	-2.5508	-7.5294	81.706	-88.195	30.889	42.763	12.873	-33.945	-21.062	1.2936	-11.445	50.304	-40.216	4.0779	-30.569
-0.32713	40.928	10.926	-11.892	-1.655	-1.497	0.70897	1.5066	-1.5539	1.7249	2.8462	-1.3934	-1.6458	-1.6628	-1.6331	-46.504	-40.085	52.048	2.2307	57.093	-34.658	-45.633	-15.354	60.433	-22.972	-12.132	-18.784	35.521
-0.69769	40.692	9.8444	-11.363	-0.17186	-0.58014	-0.69241	-0.085041	-0.8342	3.3627	1.0855	-1.3013	-1.4191	-0.37789	-14.822	-9.4353	-43.25	21.158	59.325	36.675	-56.055	-63.664	28.789	65.514	-70.43	3.6873	9.0685	51.396
-0.98085	37.112	9.6605	-10.073	0.8964	0.078308	-1.546	-2.1177	0.58141	3.6377	-0.24184	-0.56712	-1.0438	0.24273	-11.326	-143.22	-7.3565	51.607	42.73	26.338	-34.142	-81.305	56.624	10.999	-53.092	29.366	15.01	24.825
-1.1559	36.642	4.6128	-3.1072	-2.271	2.6628	-3.3382	-3.3114	2.4846	2.9175	-0.85271	-0.84328	0.05933	0.10901	-7.0002	-18.785	-201.91	278.64	-126.7	103.38	-71.69	-47.748	76.129	-28.808	-24.435	-11.047	44.127	-5.3488
-1.6022	35.08	2.3299	-0.34223	-1.6236	2.0842	-4.1804	-2.891	2.6846	2.3915	-1.0062	-1.3059	0.51619	0.14987	-17.854	-62.466	-91.315	110.6	25.895	-23.143	-33.688	16.817	7.9971	-21.041	-6.1384	-18.504	18.274	1.6345
-1.6834	29.657	5.3905	-2.0446	0.69851	1.0235	-5.4542	-0.93732	0.79577	3.636	-1.7617	-1.3778	0.86551	0.081614	-3.2462	-216.93	122.42	-68.094	92.886	-42.428	-50.951	78.145	-75.551	49.78	-30.221	-2.8769	13.973	-2.7304
-1.5542	28.117	6.6493	-3.1134	1.1543	1.5991	-6.9744	-0.15721	0.80343	2.9224	-1.5102	-1.1614	0.71643	0.077367	5.1666	-61.613	50.354	-42.752	18.233	23.025	-60.81	31.205	0.30656	-28.544	10.06	8.6541	-5.9631	-0.16987
-1.6858	26.393	7.9927	-3.3887	0.81068	1.6596	-7.1769	0.15509	0.59722	2.7433	-1.217	-1.4331	0.85589	0.20414	-5.2634	-68.94	53.736	-11.011	-13.746	2.4187	-8.0992	12.492	-8.2487	-7.1631	11.728	-10.864	5.5786	5.071
-1.4571	26.922	8.1492	-3.8929	0.91655	1.4903	-6.0793	-1.0754	0.68415	3.3562	-1.6181	-0.69597	-0.031383	0.78729	9.1466	21.146	6.2585	-20.168	4.2351	-6.7706	43.904	-49.219	3.4773	24.516	-16.046	29.483	-35.491	23.326
-1.5456	26.796	9.2893	-5.029	0.58548	2.0256	-6.03	-1.4724	0.87122	2.8082	-0.60595	-1.078	-0.80233	1.5612	-3.5405	-5.0394	45.604	-45.445	-13.243	21.411	1.9745	-15.879	7.4831	-21.921	40.487	-15.28	-30.838	30.958
-1.433	24.892	11.322	-5.497	-1.1421	3.6493	-6.1346	-2.1248	1.3534	2.176	-0.020579	-0.557	-2.284	2.6105	4.5035	-76.155	81.322	-18.721	-69.103	64.948	-4.1853	-26.098	19.286	-25.287	23.415	20.839	-59.268	41.972
-1.4135	23.941	12.097	-6.0157	-1.1394	4.0676	-6.3541	-1.6743	1.4423	0.84912	1.5081	-1.1104	-2.2345	2.2239	0.78302	-38.033	31	-20.746	0.10951	16.732	-8.7803	18.02	3.5586	-53.076	61.146	-22.134	1.9821	-15.467
-1.7066	25.425	10.99	-5.5467	-1.267	4.218	-6.0578	-1.497	0.90369	0.84369	1.7855	-1.0939	-2.2211	1.7238	-11.724	59.363	-44.285	18.76	-5.1033	6.0149	11.852	7.0913	-21.546	-0.21696	11.097	0.65896	0.53558	-20.003
-1.8063	21.492	11.599	-4.4937	-1.7091	5.4227	-5.8195	-1.333	0.37406	0.47192	2.5565	-2.0475	-1.2253	0.61514	-3.9877	-157.34	24.355	42.12	-17.686	48.189	9.5299	6.5608	-21.185	-14.871	30.84	-38.143	39.83	-44.346
-2.6477	13.042	13.155	-4.5671	-0.064558	5.1148	-4.3764	-0.57833	-0.94093	1.148	2.4877	-2.6248	-0.83246	0.21705	-33.659	-337.98	62.248	-2.937	65.782	-12.316	57.724	30.187	-52.599	27.045	-2.7506	-23.092	15.715	-15.924
-3.6281	-9.0213	12.054	0.37775	1.1797	5.7691	-1.6362	-1.6332	0.60707	1.4439	0.91077	-2.3179	-1.7087	-0.11371	-39.217	-882.54	-44.037	197.79	49.769	26.169	109.61	-42.193	61.92	11.836	-63.079	12.274	-35.049	-13.231
-4.0551	-15.304	11.308	5.4116	-1.9421	6.8811	-1.588	-0.54385	4.1271	-2.8153	-1.5051	0.75145	-2.349	-1.8267	-17.079	-251.31	-29.844	201.35	-124.87	44.481	1.9298	43.572	140.8	-170.37	-96.637	122.77	-25.612	-68.521
-4.1959	-15.107	9.9011	7.6389	-2.8908	6.6221	-1.2829	-0.022554	3.9267	-1.8607	-2.3618	0.78951	-2.0447	-2.3988	-5.6333	7.8876	-56.287	89.09	-37.949	-10.36	12.202	20.852	-8.0157	38.182	-34.266	1.5223	12.174	-22.882
-4.2268	-15.738	9.0215	9.5552	-3.2586	6.0332	-1.1768	0.6126	3.3884	-1.4539	-1.5851	0.25928	-2.393	-2.2812	-1.2351	-25.253	-35.186	76.655	-14.713	-23.556	4.2466	25.406	-21.532	16.273	31.07	-21.209	-13.934	4.7023
-4.1451	-17.854	9.0657	10.221	-2.5975	5.5588	-1.714	1.655	3.4535	-2.3616	0.063365	-0.12697	-2.699	-2.7341	3.2701	-84.647	1.7685	26.649	26.445	-18.976	-21.488	41.698	2.6024	-36.307	65.937	-15.45	-12.241	-18.114
-4.1835	-20.831	9.9656	10.624	-2.4698	5.5841	-1.8089	2.2932	3.0221	-2.5442	1.0028	0.11865	-3.4065	-1.9857	-1.5392	-119.05	35.998	16.109	5.107	1.0125	-3.7988	25.527	-17.256	-7.3039	37.578	9.8247	-28.298	29.938
-4.2686	-23.356	9.9209	12.194	-1.8971	5.1051	-1.8669	2.2112	3.3071	-2.9148	0.99191	0.7751	-3.4623	-1.8079	-3.4006	-101.01	-1.7887	62.774	22.911	-19.161	-2.3201	-3.2809	11.402	-14.827	-0.43649	26.258	-2.2335	7.1102
-4.2611	-26.291	10.868	12.115	-0.7558	4.4052	-1.2468	1.9694	2.876	-1.6643	-0.56023	1.3514	-2.8251	-1.7586	0.29839	-117.39	37.873	-3.125	45.65	-27.995	24.803	-9.6712	-17.244	50.02	-62.086	23.053	25.489	1.9737
-4.0816	-16.18	4.6102	10.915	3.5886	1.8956	-0.66121	2.6686	0.97215	0.98868	-2.078	1.2248	-2.1345	-2.0014	7.1786	404.43	-250.3	-48.017	173.78	-100.38	23.425	27.966	-76.154	106.12	-60.709	-5.0651	27.623	-9.7135
-2.9995	11.85	1.5594	6.0815	5.1309	-0.035082	-3.0406	1.398	-0.75694	1.4682	-2.2595	-0.22423	-1.8188	0.97188	43.286	1121.2	-122.03	-193.34	61.692	-77.227	-95.175	-50.823	-69.163	19.182	-7.2611	-57.961	12.628	118.93
-2.5283	15.669	4.8346	3.6565	6.4547	0.14511	-4.6187	1.9918	-2.2743	2.8763	-2.7733	-0.59587	0.017531	0.30023	18.846	152.78	131.01	-97.001	52.952	7.2076	-63.127	23.753	-60.695	56.322	-20.553	-14.866	73.454	-26.866
-2.3493	20.119	3.6855	1.5904	9.1819	-0.42595	-4.718	0.89181	-0.49259	1.6644	-2.5976	-0.87273	1.1129	-0.34724	7.1626	178.01	-45.963	-82.644	109.09	-22.843	-3.9683	-44.001	71.269	-48.473	7.0299	-11.075	43.814	-25.899
-2.2751	18.387	4.1681	2.6617	7.0967	2.4692	-5.8851	-0.28814	2.1131	-0.56125	-1.8543	-1.3978	1.5227	-1.1615	2.9679	-69.281	19.303	42.85	-83.411	115.81	-46.688	-47.198	104.23	-89.027	29.729	-21.002	16.392	-32.57
-2.1004	19.616	3.3329	1.3661	9.2873	2.2861	-6.4856	0.869	2.0479	-1.4734	-1.5184	-1.2981	1.0601	-1.3871	6.9888	49.139	-33.408	-51.822	87.624	-7.3238	-24.018	46.286	-2.607	-36.486	13.437	3.9893	-18.503	-9.0247
-2.1884	20.21	3.009	0.94171	10.331	2.7116	-7.5705	1.8691	1.7884	-1.8679	-1.4412	-1.7352	1.1715	-1.4628	-3.5238	23.779	-12.956	-16.977	41.742	17.021	-43.397	40.003	-10.382	-15.781	3.0873	-17.484	4.4563	-3.0288
-2.1384	18.253	4.5186	-0.24425	11.316	2.7703	-7.867	2.6817	0.36352	-0.6798	-2.7038	-1.3282	1.0998	-1.8197	2.0034	-78.307	60.386	-47.438	39.424	2.3449	-11.86	32.504	-56.995	47.525	-50.502	16.279	-2.8674	-14.275
-2.0223	17.792	5.4037	-0.67047	10.368	3.8987	-8.1601	1.684	1.6429	-2.0402	-2.385	-1.3162	1.1067	-1.6813	4.6417	-18.443	35.404	-17.049	-37.933	45.139	-11.724	-39.907	51.175	-54.415	12.749	0.47965	0.27406	5.5371
-1.8627	18.973	5.6598	-1.0281	10.483	2.7001	-6.4257	0.34941	1.245	-1.2628	-3.0518	-1.0161	1.4624	-2.1308	6.3845	47.253	10.243	-14.304	4.6165	-47.947	69.378	-53.383	-15.915	31.096	-26.672	12.004	14.228	-17.98
-1.8254	21.475	5.7907	-1.3458	9.4532	3.0637	-6.0917	-1.0415	0.4808	0.32625	-4.2804	-0.99784	2.2777	-2.1525	1.491	100.08	5.2364	-12.708	-41.209	14.543	13.358	-55.637	-30.569	63.561	-49.142	0.73044	32.614	-0.86881
-1.6846	22.707	6.5592	-1.3893	7.8661	2.4011	-5.1676	-1.7741	-0.45606	1.3214	-3.6562	-1.7284	2.9818	-2.3485	5.6326	49.279	30.738	-1.7433	-63.487	-26.502	36.965	-29.303	-37.474	39.805	24.969	-29.222	28.162	-7.8412
-1.5497	25.574	7.2607	-2.2591	5.3461	3.6505	-5.2897	-2.0664	-1.299	1.9964	-3.0846	-1.4096	2.1505	-1.5073	5.3961	114.69	28.061	-34.789	-100.8	49.978	-4.8858	-11.692	-33.717	26.999	22.863	12.752	-33.252	33.65
-1.2093	25.189	10.014	-3.8	4.5373	1.9273	-3.4442	-2.5528	-2.8487	2.9373	-1.9934	-1.1063	1.2013	-0.67233	13.617	-15.391	110.11	-61.637	-32.354	-68.928	73.821	-19.454	-61.988	37.639	43.648	12.131	-37.966	33.399
-1.0001	25.939	11.42	-4.1997	2.9448	1.2049	-2.8827	-2.1195	-3.9109	2.9923	-2.1969	0.30566	1.0342	-1.1799	8.3697	29.97	56.261	-15.988	-63.702	-28.9	22.459	17.329	-42.49	2.198	-8.1396	56.478	-6.6825	-20.304
-0.89178	25.002	12.772	-4.1681	2.182	-0.68963	-0.82425	-2.2235	-5.0733	2.2326	-0.66811	0.3009	1.1137	-1.7578	4.3312	-37.471	54.088	1.2619	-30.51	-75.779	82.339	-4.1575	-46.496	-30.388	61.151	-0.19043	3.1772	-23.116
-0.85441	23.896	13.419	-3.5432	0.79552	-0.8982	-0.61263	-0.78953	-5.8718	1.5671	-1.2277	1.411	1.3007	-2.1872	1.4949	-44.237	25.882	24.996	-55.46	-8.3431	8.4649	57.358	-31.94	-26.62	-22.382	44.403	7.4811	-17.175
-0.91155	20.986	15.458	-3.3824	-1.7732	0.68918	-0.52487	-1.7374	-3.927	0.15192	-2.6701	3.502	0.20913	-1.8883	-2.2857	-116.38	81.564	6.4335	-102.75	63.495	3.5104	-37.916	77.791	-56.606	-57.697	83.641	-43.663	11.957
-1.1732	17.976	16.989	-4.1748	-1.0967	0.051127	-1.4298	0.32632	-3.8059	-1.1935	-2.1623	2.9035	0.25912	-1.5282	-10.466	-120.43	61.206	-31.696	27.061	-25.522	-36.197	82.55	4.8456	-53.816	20.312	-23.94	1.9996	14.402
-1.6801	13.579	17.386	-3.5593	-1.3135	-0.34789	0.29378	0.4198	-4.3061	-0.0080653	-3.7322	3.0737	0.28423	-2.0178	-20.277	-175.88	15.902	24.621	-8.6745	-15.961	68.943	3.739	-20.009	47.416	-62.796	6.809	1.0045	-19.584
-2.5966	4.5166	13.472	0.45706	-2.3192	-0.13454	2.3462	0.82716	-4.2289	1.2056	-5.288	3.9335	0.39359	-2.5839	-36.658	-362.48	-156.57	160.65	-40.227	8.5337	82.096	16.294	3.0904	48.547	-62.232	34.392	4.3743	-22.642
-4.1646	-15.677	5.8315	4.6735	-3.201	-1.4928	3.4522	-0.14565	-2.7789	-2.4878	-3.9966	2.9467	-0.48111	-1.787	-62.719	-807.76	-305.62	168.66	-35.273	-54.329	44.241	-38.912	58	-147.74	51.652	-39.474	-34.988	31.876
-7.8014	-44.422	-2.5008	-0.33353	-6.9955	1.0456	6.502	2.2408	-0.32483	-1.6599	-1.9828	2.9551	-0.57714	-1.4747	-145.47	-1149.8	-333.29	-200.28	-151.78	101.54	121.99	95.458	98.161	33.116	80.553	0.33626	-3.8413	12.49
-10.408	-70.9	-11.267	-1.0945	-8.6144	1.6546	3.9253	1.5735	-0.12182	-2.5115	-1.3502	1.665	1.6943	0.36573	-104.28	-1059.1	-350.63	-30.438	-64.756	24.36	-103.07	-26.694	8.1207	-34.063	25.306	-51.604	90.857	73.619
-12.475	-79.562	-15.495	2.1367	-2.8566	4.5176	1.5003	0.8643	2.1637	-0.074304	-0.68445	-0.13047	-0.15182	-0.39211	-82.647	-346.46	-169.13	129.25	230.31	114.52	-96.999	-28.367	91.42	97.487	26.628	-71.817	-73.844	-30.314
-8.7373	-56.181	-9.8408	-5.4884	-9.9639	2.6514	3.6704	0.46429	-0.26922	-1.2582	-1.0201	0.91512	-0.85765	-0.055397	149.49	935.24	226.16	-305	-284.29	-74.646	86.806	-16.001	-97.316	-47.354	-13.425	41.824	-28.233	13.468
-5.2527	-19.218	-6.4242	-5.48	-8.5378	1.0897	6.4871	-0.11922	0.093814	-1.7246	-0.34811	2.8927	-2.1032	1.7711	139.38	1478.5	136.66	0.33747	57.045	-62.467	112.67	-23.34	14.521	-18.658	26.879	79.102	-49.82	73.059
-5.0606	5.3913	-5.9086	-5.6079	-7.2548	0.80475	7.6948	1.7092	-2.3753	-3.6756	0.26115	3.9187	-2.9245	1.4332	7.6833	984.39	20.624	-5.1151	51.317	-11.4	48.307	73.135	-98.764	-78.038	24.37	41.043	-32.855	-13.516
-5.0948	-1.1898	-7.1215	2.8735	-5.6784	-1.8887	4.8626	-0.17627	-1.8368	-3.2193	0.53167	2.8484	-1.8828	-0.061895	-1.3661	-263.24	-48.516	339.26	63.06	-107.74	-113.29	-75.417	21.54	18.25	10.821	-42.814	41.669	-59.803
-6.3904	-7.5912	-14.205	1.5549	-5.9627	-3.2694	4.4626	1.3766	2.9312	-2.6415	-1.144	1.9411	1.2896	0.089313	-51.824	-256.05	-283.34	-52.746	-11.376	-55.231	-16.001	62.113	190.72	23.112	-67.025	-36.292	126.89	6.0483
-6.4933	-2.8026	-12.858	1.1988	-7.5492	-2.7247	4.7181	0.30855	0.35651	-1.3016	-1.0023	0.4199	-0.027168	1.0172	-4.1178	191.54	53.889	-14.244	-63.459	21.789	10.222	-42.72	-102.99	53.597	5.6667	-60.847	-52.67	37.114
-6.3774	-1.2118	-11.846	3.9897	-4.4757	-2.7868	3.9112	0.62409	1.1981	-1.2177	-1.4637	0.33855	-0.232	0.73634	4.6388	63.629	40.468	111.64	122.94	-2.4866	-32.276	12.622	33.665	3.3578	-18.455	-3.2536	-8.1932	-11.233
-6.649	-5.8699	-11.985	2.6869	-5.4929	-4.6143	3.5775	0.906	0.43151	-1.4037	-1.5435	0.78409	-0.37052	0.88664	-10.866	-186.32	-5.5583	-52.11	-40.687	-73.099	-13.348	11.276	-30.664	-7.4427	-3.1942	17.821	-5.5408	6.0118
-6.9247	-12.064	-7.4264	0.91061	-5.5526	-2.99	4.3832	0.41856	1.1187	-1.4195	-1.7152	-0.61853	-0.38612	0.31976	-11.028	-247.75	182.34	-71.053	-2.3875	64.974	32.227	-19.498	27.485	-0.63124	-6.8683	-56.105	-0.62392	-22.675
-3.2898	-3.4312	6.1901	5.3051	-0.29657	-5.3706	2.2602	-0.0098516	1.6289	-0.55741	-1.5043	0.94891	-0.12764	0.46063	145.4	345.3	544.66	175.78	210.24	-95.226	-84.919	-17.136	20.411	34.484	8.4369	62.698	10.339	5.635
-0.8732	24.107	15.008	0.18832	-3.3516	-9.2364	1.5915	2.005	0.14375	-1.6665	-1.5817	1.026	0.87299	-1.0494	96.664	1101.5	352.7	-204.67	-122.2	-154.63	-26.749	80.594	-59.407	-44.365	-3.0982	3.0851	40.025	-60.4
0.09234	25.381	18.37	-1.3173	-6.5251	-7.1096	-0.1158	2.9245	-1.1328	-1.8679	-1.0345	1.4997	2.2235	-1.8027	38.622	50.948	134.48	-60.226	-126.94	85.072	-68.292	36.779	-51.062	-8.054	21.89	18.948	54.021	-30.134
0.34696	28.653	17.252	-1.3224	-7.912	-7.0262	1.1568	2.3918	-1.7823	-2.1032	1.2656	0.67237	3.7892	-3.6445	10.185	130.91	-44.703	-0.2028	-55.475	3.3371	50.904	-21.309	-25.981	-9.4121	92.006	-33.095	62.629	-73.673
0.47152	32.871	15.547	-3.5044	-6.7864	-5.2676	-0.016759	0.50944	-0.066252	-2.392	2.2187	1.3769	2.8137	-3.9437	4.9825	168.69	-68.203	-87.279	45.022	70.343	-46.943	-75.293	68.642	-11.552	38.122	28.181	-39.02	-11.965
0.48802	35.948	13.659	-5.0041	-4.9315	-4.9401	-0.36588	-0.65307	-0.20012	-2.0039	3.9025	0.77688	2.1693	-4.3063	0.65988	123.1	-75.54	-59.989	74.196	13.1	-13.965	-46.5	-5.3549	15.525	67.353	-24	-25.776	-14.506
0.39907	37.127	12.031	-5.1912	-3.1395	-4.1177	-2.042	0.84846	-2.4322	0.51139	3.5425	1.8216	0.49091	-3.637	-3.5577	47.161	-65.099	-7.4847	71.683	32.899	-67.044	60.061	-89.284	100.61	-14.401	41.787	-67.137	26.772
0.19279	37.368	10.177	-5.2518	-2.1147	-4.1825	-2.4352	1.8536	-2.8349	0.75097	4.4925	1.2311	-0.39964	-3.5202	-8.2514	9.6292	-74.169	-2.423	40.99	-2.5915	-15.731	40.204	-16.108	9.5832	37.999	-23.618	-35.622	4.6716
0.038536	36.058	11.025	-6.4576	-1.627	-4.0903	-1.1467	0.40233	-2.2125	0.8332	5.3329	-0.26581	0.50547	-4.522	-6.1702	-52.416	33.938	-48.233	19.506	3.6862	51.543	-58.049	24.897	3.2891	33.617	-59.877	36.204	-40.069
0.069053	37.347	10.339	-6.4203	-1.6903	-4.617	-0.078348	-0.88497	-0.87779	-0.024911	5.7836	-0.56771	0.81311	-4.221	1.2207	51.599	-27.47	1.4909	-2.5306	-21.067	42.733	-51.492	53.389	-34.324	18.03	-12.076	12.306	12.037
0.14482	38.795	10.7	-7.131	-2.4772	-3.1654	-0.35508	-2.2533	0.57055	-0.34791	5.2504	-0.18363	0.536	-3.2558	3.0308	57.888	14.464	-28.428	-31.474	58.062	-11.069	-54.731	57.934	-12.92	-21.331	15.363	-11.085	38.607
0.26509	39.368	11.839	-7.4746	-3.776	-0.7693	-1.041	-2.7676	1.6113	-1.1572	5.8372	0.013999	0.28918	-3.3251	4.8106	22.94	45.567	-13.742	-51.953	95.845	-27.437	-20.575	41.631	-32.372	23.472	7.9053	-9.8728	-2.7684
0.29434	40.511	12.561	-8.5449	-4.4744	0.94299	-3.6796	-0.92815	0.76247	-1.8236	6.2928	-1.0662	0.88536	-3.3941	1.17	45.718	28.851	-42.812	-27.935	68.492	-105.54	73.58	-33.954	-26.656	18.225	-43.208	23.847	-2.7629
0.10386	39.222	13.419	-8.8273	-4.0471	0.22136	-2.1916	-1.7372	-0.22529	-0.85834	4.8703	-0.8193	0.98211	-3.5344	-7.6194	-51.55	34.357	-11.297	17.092	-28.865	59.518	-32.361	-39.51	38.611	-56.9	9.8759	3.8701	-5.6124
-0.44039	39.942	11.94	-9.157	-3.6163	0.90698	-1.6659	-3.0675	0.99274	-2.3951	4.7331	-0.69759	0.44816	-3.1917	-21.77	28.782	-59.186	-13.186	17.231	27.425	21.029	-53.215	48.721	-61.472	-5.4874	4.8683	-21.358	13.708
-1.2171	26.833	5.2214	-1.1504	-2.187	0.45459	-1.4928	-1.5783	-0.15981	-0.73424	2.382	1.5984	-1.4568	-2.8072	-31.07	-524.35	-268.74	320.26	57.173	-18.095	6.9231	59.568	-46.102	66.436	-94.042	91.84	-76.198	15.382
-3.0632	18.793	-8.2821	10.423	-6.6769	1.0956	0.84239	-2.0717	-0.55876	0.91692	1.832	1.4323	-2.8558	-0.20257	-73.841	-321.6	-540.14	462.95	-179.6	25.641	93.409	-19.733	-15.958	66.046	-22.003	-6.6439	-55.962	104.18
-4.101	6.3097	-25.729	8.2804	-6.7771	1.4998	1.0529	-0.035134	2.9073	-1.8304	-0.69725	0.53089	-1.0494	-0.65924	-41.515	-499.34	-697.89	-85.725	-4.0102	16.167	8.4203	81.462	138.64	-109.89	-101.17	-36.057	72.257	-18.267
-3.4795	0.79403	-31.54	7.7659	-7.8033	2.4481	0.76569	-0.79135	3.1774	-2.0198	-0.97363	0.4379	-1.2517	-0.7002	24.859	-220.63	-232.44	-20.579	-41.047	37.933	-11.488	-30.248	10.805	-7.577	-11.055	-3.7198	-8.0894	-1.6384
-3.4536	-1.9428	-32.111	11.159	-7.1414	3.3904	1.2091	-0.51729	3.9297	-1.6369	0.099041	1.4049	-1.3155	0.87059	1.0397	-109.47	-22.812	135.73	26.475	37.691	17.735	10.962	30.093	15.317	42.907	38.681	-2.5522	62.832
-3.4805	-2.846	-29.588	11.609	-6.2767	4.2319	2.0952	-0.20495	3.8202	-0.41711	1.524	0.4328	-1.1539	0.52042	-1.077	-36.129	100.93	17.995	34.59	33.662	35.444	12.494	-4.3805	48.79	56.997	-38.885	6.4629	-14.007
-3.6196	-3.3562	-32.716	8.2916	-8.1316	2.4782	0.77515	-1.8113	3.5045	-1.2758	-0.076835	0.05501	-1.4342	0.96181	-5.564	-20.405	-125.15	-132.7	-74.196	-70.15	-52.802	-64.253	-12.63	-34.349	-64.032	-15.112	-11.212	17.656
-3.8437	2.7735	-29.361	7.3297	-3.9419	1.8387	2.3229	-3.6153	2.3707	-1.3116	-0.6043	-1.1775	-0.96171	1.7128	-8.965	245.19	134.2	-38.478	167.59	-25.58	61.91	-72.162	-45.35	-1.4321	-21.098	-49.3	18.898	30.041
-4.2779	4.8099	-30.03	4.6668	-0.32638	1.5745	2.2829	-2.474	2.7167	-0.11613	-0.69151	0.67958	-0.4352	1.3715	-17.368	81.457	-26.761	-106.51	144.62	-10.569	-1.6006	45.654	13.84	47.82	-3.4886	74.283	21.06	-13.651
-4.8824	1.876	-29.876	1.1494	-1.7533	1.138	2.3099	-1.8071	0.87914	1.0068	-1.2171	1.1102	-0.48308	0.14118	-24.179	-117.36	6.1836	-140.7	-57.077	-17.458	1.0823	26.677	-73.504	44.916	-21.026	17.223	-1.9152	-49.215
-5.4103	-0.30862	-20.609	1.3012	-0.52957	3.8633	5.1518	-2.9975	1.6737	0.99994	-1.195	1.1965	-1.3813	1.5286	-21.114	-87.384	370.67	6.0728	48.949	109.01	113.67	-47.617	31.781	-0.27311	0.88416	3.4544	-35.929	55.495
-5.689	-2.8076	-3.8862	4.2463	2.4121	2.8449	2.653	-5.854	1.0774	0.10566	-0.83508	-0.42806	-2.0083	2.7866	-11.151	-99.961	668.91	117.8	117.67	-40.733	-99.952	-114.26	-23.851	-35.771	14.399	-64.983	-25.081	50.32
-5.8682	-18.574	3.7193	3.6078	4.9954	2.9316	-1.6345	-6.9999	2.3302	1.5532	-2.3893	-0.38804	-0.76133	0.55622	-7.1671	-630.65	304.22	-25.538	103.33	3.4651	-171.5	-45.835	50.11	57.902	-62.169	1.6006	49.88	-89.213
-6.5529	-39.282	-0.43176	3.3407	4.8564	5.8111	1.044	-5.7043	1.1841	3.613	-3.2346	-1.6588	-2.0774	1.3496	-27.39	-828.32	-166.04	-10.685	-5.5583	115.18	107.14	51.824	-45.84	82.391	-33.811	-50.832	-52.641	31.734
-9.0767	-66.546	-8.6265	2.0959	-0.52671	6.4334	1.6727	-1.7569	1.1849	-1.1854	-2.1502	-1.2214	-1.1185	1.2836	-100.95	-1090.5	-327.79	-49.794	-215.33	24.894	25.146	157.89	0.029888	-191.94	43.376	17.497	38.353	-2.6385
-11.999	-71.549	-14.691	-2.8614	-4.1736	6.9286	4.7298	0.28154	0.40902	-0.64734	-1.1317	0.32055	-1.6019	0.93103	-116.9	-200.12	-242.57	-198.29	-145.88	19.81	122.28	81.54	-31.035	21.523	40.741	61.678	-19.335	-14.103
-11.328	-63.79	-15.996	-4.6606	-5.6938	5.2641	2.2062	-0.50629	-0.081167	0.42277	-2.252	0.10024	-1.6299	1.4012	26.857	310.36	-52.199	-71.971	-60.809	-66.582	-100.95	-31.513	-19.607	42.804	-44.812	-8.8123	-1.1184	18.805
-7.431	-34.699	-17.155	3.0285	-4.8426	2.1525	3.1074	-3.2745	2.9027	1.9043	-0.34878	-0.027817	-2.268	0.38025	155.87	1163.6	-46.354	307.56	34.049	-124.46	36.048	-110.73	119.35	59.263	76.127	-5.1222	-25.525	-40.836
-5.2767	-9.0005	-26.282	5.5543	-4.1752	4.6773	2.8092	-2.6202	3.6008	0.69297	-0.23922	-0.32604	-2.0747	1.3653	86.173	1027.9	-365.11	101.03	26.697	100.99	-11.928	26.174	27.923	-48.455	4.3824	-11.929	7.7325	39.402
-4.1008	-3.2618	-31.7	6.1047	-6.7632	1.6397	3.1938	-2.1045	2.9381	0.7179	-1.6521	-1.439	-0.86143	1.777	47.035	229.55	-216.72	22.015	-103.52	-121.5	15.387	20.627	-26.507	0.99724	-56.514	-44.518	48.531	16.467
-3.5511	-2.5373	-33.299	6.9147	-6.8752	3.5741	3.1087	-4.229	2.4797	0.93743	0.18839	0.35241	-2.0691	2.1883	21.988	28.978	-63.955	32.401	-4.4802	77.376	-3.4064	-84.983	-18.335	8.7812	73.618	71.656	-48.309	16.454
-3.4642	-1.2448	-32.775	9.023	-5.517	3.1586	2.6784	-3.5913	4.2536	1.2419	0.52135	1.3047	-2.7512	1.921	3.4786	51.702	20.982	84.333	54.325	-16.623	-17.213	25.512	70.953	12.179	13.318	38.09	-27.282	-10.692
-3.5236	-0.68179	-29.767	8.47	-5.9914	2.8005	3.4845	-1.9591	3.7261	1.3501	-0.30094	1.3058	-2.4497	1.2711	-2.3794	22.52	120.32	-22.12	-18.973	-14.322	32.244	65.285	-21.099	4.3277	-32.891	0.046357	12.062	-25.995
-3.3063	1.7356	-31.561	9.1191	-5.6979	2.8196	2.6331	-2.3711	3.1831	0.35205	-0.16052	0.3097	-2.1064	1.2037	8.6955	96.695	-71.786	25.964	11.74	0.76158	-34.054	-16.478	-21.718	-39.921	5.6167	-39.844	13.731	-2.6958
-2.9662	6.458	-30.678	9.5168	-6.3212	0.77882	4.1968	-1.5869	4.2751	1.11	0.80095	0.13876	-2.5982	1.8177	13.602	188.9	35.332	15.907	-24.934	-81.63	62.549	31.367	43.679	30.318	38.459	-6.8375	-19.673	24.557
-2.9159	6.4749	-34.651	5.8125	-5.7579	1.2113	3.5872	-5.2042	3.557	2.2291	0.74659	-0.26297	-2.2655	1.4859	2.0136	0.6736	-158.93	-148.17	22.531	17.299	-24.386	-144.69	-28.724	44.762	-2.1746	-16.069	13.309	-13.272
-3.2422	10.778	-30.863	4.4809	-3.9472	2.1494	4.347	-3.1424	2.6796	3.5735	1.6644	-0.2685	-3.3765	0.10765	-13.055	172.11	151.54	-53.265	72.43	37.523	30.394	82.473	-35.097	53.775	36.712	-0.22102	-44.442	-55.129
-4.5444	3.7568	-27.965	1.6005	-4.5633	3.0079	4.1681	-5.4856	0.38539	2.2954	2.2993	1.4388	-2.9529	1.3659	-52.085	-280.83	115.9	-115.21	-24.645	34.342	-7.1587	-93.73	-91.769	-51.123	25.395	68.292	16.944	50.329
-6.0375	-28.716	-20.473	5.3657	-7.0154	4.8063	4.6326	-1.1767	-0.87388	1.4041	-0.24419	1.7393	-1.768	1.7794	-59.725	-1298.9	299.68	150.61	-98.085	71.936	18.583	172.36	-50.371	-35.65	-101.74	12.018	47.395	16.543
-10.358	-55.626	-24.311	-0.74487	-5.2472	1.149	3.4375	3.3867	-0.28818	1.0488	0.25392	0.70189	0.3448	-0.37169	-172.82	-1076.4	-153.5	-244.42	70.728	-146.29	-47.805	182.54	23.428	-14.215	19.924	-41.495	84.514	-86.046
-8.6767	-47.829	-24.562	-2.4799	-5.2626	1.8719	1.8896	1.5314	-1.204	2.2665	0.13145	-0.076999	0.1385	-0.93311	67.253	311.85	-10.046	-69.4	-0.61306	28.916	-61.916	-74.215	-36.634	48.711	-4.8989	-31.156	-8.252	-22.457
-8.399	-22.969	-14.199	-11.088	-1.3271	4.2043	1.2003	-0.35072	-3.0368	3.047	-0.38499	0.9501	-1.3943	-1.1513	11.109	994.42	414.52	-344.34	157.42	93.295	-27.57	-75.284	-73.312	31.218	-20.658	41.084	-61.312	-8.7273
-4.4917	11.013	-6.8642	-8.6211	-2.0326	1.8504	2.1384	-2.2329	-1.038	-0.58474	-1.9464	0.047214	-2.082	-0.1212	156.29	1359.3	293.4	98.691	-28.221	-94.158	37.523	-75.287	79.953	-145.27	-62.455	-36.116	-27.508	41.204
-3.4307	23.334	-3.6762	-3.5877	-1.2155	0.46716	1.9984	-1.8008	-1.5771	0.13514	-1.4878	1.2653	-1.7605	-0.020584	42.438	492.81	127.52	201.33	32.686	-55.329	-5.6019	17.283	-21.563	28.795	18.342	48.724	12.86	4.0245
-1.1089	30.811	9.242	-5.6874	-0.60138	0.40244	-0.60545	-3.2037	-3.2312	1.9348	-0.11667	1.2138	-1.235	1.0501	92.871	299.1	516.73	-83.989	24.564	-2.5888	-104.15	-56.115	-66.164	71.987	54.846	-2.0593	21.02	42.826
0.083078	42.207	11.625	-10.908	0.12471	-1.6352	-1.8504	-1.59	-3.1796	1.5577	1.1772	0.98725	0.53252	0.2467	47.68	455.83	95.331	-208.84	29.044	-81.507	-49.797	64.549	2.0617	-15.084	51.755	-9.0633	70.702	-32.135
0.66951	46.858	11.779	-11.028	-1.361	-2.1074	-3.0699	0.63979	-2.4524	0.75602	2.4997	0.72778	2.0306	-1.0612	23.457	186.03	6.1631	-4.7988	-59.429	-18.888	-48.78	89.19	29.09	-32.067	52.902	-10.379	59.923	-52.317
0.94707	50.993	10.419	-12.346	-0.59088	-4.6888	-2.3539	1.1967	-1.3383	-0.19879	1.5039	2.2736	1.9504	-1.0618	11.102	165.4	-54.415	-52.721	30.805	-103.25	28.639	22.276	44.561	-38.192	-39.832	61.832	-3.2072	-0.023032
1.0545	48.916	12.562	-13.661	-0.35162	-6.2712	-1.9435	1.983	0.22129	-1.1167	1.4156	1.6171	2.3747	-1.02	4.297	-83.057	85.728	-52.592	9.5706	-63.298	16.415	31.451	62.385	-36.717	-3.5343	-26.258	16.972	1.6715
1.0474	48.717	12.582	-14.332	-0.28746	-7.3578	-1.5344	1.4803	2.2941	-2.5039	1.8809	1.3292	2.3437	-1.891	-0.28464	-7.9787	0.8118	-26.836	2.5661	-43.462	16.365	-20.107	82.914	-55.486	18.612	-11.516	-1.2418	-34.841
1.0539	45.254	13.666	-13.586	-1.1381	-6.4479	-3.505	3.2441	1.868	-2.3063	2.3532	0.67257	2.9859	-3.1241	0.26168	-138.5	43.34	29.84	-34.026	36.396	-78.826	70.553	-17.044	7.9012	18.892	-26.266	25.691	-49.322
1.0054	47.69	11.087	-11.263	-2.8664	-6.2266	-3.7996	4.5243	0.87052	-1.2543	0.92924	2.3467	1.4926	-1.9054	-1.9403	97.435	-103.14	92.909	-69.13	8.8494	-11.783	51.208	-39.901	42.082	-56.958	66.963	-59.736	48.747
0.74944	47.224	9.9334	-9.4238	-3.4114	-5.8068	-2.7543	5.3244	0.48637	-0.68325	0.75941	2.12	1.0647	-1.3111	-10.239	-18.625	-46.161	73.585	-21.804	16.792	41.812	32.002	-15.366	22.841	-6.7932	-9.0676	-17.113	23.772
0.44482	41.358	11.693	-10.301	-3.0477	-7.4144	-1.1008	4.7726	2.0409	-2.7571	2.5316	0.37463	2.2673	-2.2532	-12.185	-234.66	70.371	-35.089	14.549	-64.302	66.141	-22.072	62.181	-82.956	70.889	-69.813	48.103	-37.684
0.28179	40.382	11.367	-9.1588	-3.4674	-7.4835	-1.052	4.9207	1.9841	-2.5858	2.3058	0.1075	2.1207	-1.5993	-6.5213	-39.04	-13.024	45.689	-16.788	-2.7638	1.9503	5.9244	-2.2739	6.8538	-9.0334	-10.685	-5.8633	26.156
0.18693	43.195	7.5874	-5.2921	-5.6687	-7.373	-0.44974	4.3425	2.5607	-2.9358	1.9359	0.65407	0.97097	-0.13011	-3.7945	112.52	-151.19	154.67	-88.051	4.4184	24.092	-23.127	23.065	-14.002	-14.794	21.863	-45.99	58.768
0.23683	39.642	9.5318	-5.4943	-5.4962	-7.9072	-0.72645	4.5191	2.4444	-2.7366	1.805	0.40655	0.96738	0.30136	1.996	-142.11	77.776	-8.0868	6.9023	-21.365	-11.068	7.0638	-4.6524	7.9709	-5.2391	-9.9009	-0.14376	17.259
0.2284	33.155	13.011	-4.6589	-5.9972	-6.6906	-2.7124	6.2863	0.80415	-1.0912	1.4159	0.026782	1.6952	-0.32027	-0.33706	-259.49	139.16	33.417	-20.041	48.661	-79.437	70.688	-65.609	65.814	-15.562	-15.191	29.114	-24.865
0.019996	30.197	14.21	-4.1813	-5.7174	-6.6234	-4.3443	6.2967	0.79436	-1.1397	1.9731	-1.3412	2.1877	-1.0926	-8.3363	-118.31	47.983	19.103	11.191	2.6901	-65.277	0.41336	-0.39131	-1.9402	22.289	-54.72	19.698	-30.893
-0.33091	26.362	13.529	-1.9242	-4.1499	-8.1942	-3.4724	5.7106	0.62769	-1.0493	1.2615	-0.7257	0.56776	0.59709	-14.036	-153.41	-27.259	90.283	62.698	-62.834	34.877	-23.441	-6.6671	3.6186	-28.467	24.621	-64.797	67.587
-0.86018	22.249	10.875	3.2844	-4.756	-7.8181	-1.6788	3.9579	1.0629	-1.7548	0.66774	-0.89064	0.42018	0.85204	-21.171	-164.51	-106.15	208.35	-24.241	15.047	71.744	-70.109	17.408	-28.221	-23.749	-6.5977	-5.9032	10.198
-1.1031	16.63	14.567	0.98388	-4.8645	-6.3035	-3.4221	6.2317	-0.93903	-1.7667	0.49601	-0.70573	1.7277	-0.48677	-9.7169	-224.77	147.68	-92.021	-4.3425	60.581	-69.733	90.953	-80.076	-0.47646	-6.8692	7.3965	52.299	-53.552
-1.0324	18.6	14.81	-1.0599	-4.989	-6.8546	-1.8872	5.252	-1.5612	-0.90389	-0.84748	1.3563	1.661	-0.85826	2.827	78.813	9.7034	-81.752	-4.978	-22.042	61.396	-39.191	-24.886	34.513	-53.74	82.482	-2.666	-14.859
-0.92375	19.334	15.184	-2.5694	-3.7588	-7.9532	0.024001	5.378	-3.9694	0.076795	-0.011517	1.2865	1.7905	-0.41203	4.3474	29.336	14.992	-60.381	49.207	-43.944	76.448	5.0427	-96.327	39.227	33.439	-2.7922	5.1811	17.849
-0.93407	18.877	16.735	-3.7777	-4.7255	-6.4191	0.48969	3.1714	-2.6179	-0.67825	0.72161	1.7381	1.4201	-0.67032	-0.41297	-18.244	62.022	-48.331	-38.667	61.362	18.628	-88.264	54.057	-30.202	29.325	18.063	-14.817	-10.332
-1.079	18.603	17.094	-7.3218	-0.69519	-7.21	0.24297	3.7756	-3.6226	-1.3982	1.1798	2.7626	0.66737	-0.49008	-5.7981	-10.983	14.38	-141.77	161.21	-31.633	-9.8689	24.168	-40.189	-28.798	18.326	40.978	-30.11	7.2098
-1.354	14.249	16.143	-6.1802	1.7533	-7.3476	-0.41876	3.6875	-4.4061	-1.1302	0.99217	2.9993	0.38957	0.21569	-11.001	-174.15	-38.057	45.666	97.939	-5.5066	-26.469	-3.5272	-31.339	10.722	-7.504	9.4702	-11.112	28.231
-1.6574	12.662	15.913	-6.2323	1.5104	-4.8283	-0.79231	2.4694	-4.979	-1.0064	2.1074	1.6849	0.62492	0.31621	-12.135	-63.5	-9.1865	-2.0847	-9.7144	100.78	-14.942	-48.722	-22.915	4.9518	44.61	-52.578	9.414	4.0207
-2.0656	10.643	16.198	-6.2204	1.7212	-3.0864	-0.97326	1.1025	-4.9217	0.25425	1.5361	1.0524	0.27924	0.36511	-16.329	-80.757	11.401	0.477	8.4295	69.674	-7.2381	-54.678	2.2927	50.424	-22.851	-25.298	-13.827	1.9562
-2.4787	6.859	16.151	-5.9149	2.7869	-1.6135	-0.68559	-0.40099	-4.5812	0.22963	1.7429	-0.163	0.4526	0.3852	-16.521	-151.35	-1.9053	12.22	42.63	58.916	11.507	-60.138	13.62	-0.98451	8.2708	-48.617	6.9345	0.80352
-2.8669	3.2341	15.87	-5.3835	3.3032	0.11578	-0.49611	-0.72033	-5.3852	0.26544	2.4643	-1.3939	0.10962	0.36964	-15.531	-144.99	-11.224	21.256	20.651	69.172	7.5792	-12.773	-32.162	1.4322	28.857	-49.236	-13.719	-0.62242
-3.1443	0.30423	15.529	-4.5162	2.588	1.6143	0.32819	-1.3416	-5.7523	0.56289	2.4674	-2.1863	-0.33461	0.38617	-11.095	-117.2	-13.646	34.692	-28.607	59.94	32.972	-24.849	-14.681	11.898	0.125	-31.697	-17.769	0.66139
-3.4774	-3.0728	14.851	-3.8529	2.0932	2.8402	1.2533	-2.1187	-5.1675	0.42962	1.9853	-2.5639	-0.88111	0.54582	-13.323	-135.08	-27.141	26.531	-19.793	49.038	37.004	-31.084	23.392	-5.3307	-19.287	-15.103	-21.86	6.386
-4.153	-10.203	10.517	-1.5391	2.5814	5.0117	1.219	-3.5923	-3.9481	0.10044	2.0728	-1.7603	-2.4109	0.56104	-27.023	-285.22	-173.33	92.552	19.527	86.86	-1.3705	-58.946	48.774	-13.167	3.5015	32.143	-61.193	0.60862
-5.4495	-21.179	6.1601	-0.23891	-0.2522	6.7194	2.5412	-4.4042	-2.3753	-1.088	2.2547	-1.0087	-3.0655	-0.10685	-51.86	-439.04	-174.29	52.009	-113.34	68.306	52.886	-32.476	62.913	-47.536	7.2747	30.065	-26.183	-26.716
-7.521	-47.08	5.6006	1.251	-3.2475	8.872	4.0266	-3.6379	-3.307	-0.54589	3.6076	-0.50964	-3.5703	0.27613	-82.862	-1036	-22.378	59.598	-119.81	86.104	59.417	30.653	-37.267	21.683	54.117	19.962	-20.192	15.319
-10.354	-74.093	-7.3331	8.8975	1.9506	9.5216	4.9614	1.2216	1.0565	-1.4551	1.3097	0.40491	-1.0238	-0.41914	-113.31	-1080.5	-517.35	305.86	207.93	25.985	37.393	194.38	174.54	-36.367	-91.916	36.582	101.86	-27.811
-10.787	-78.163	-9.3518	8.554	2.9157	9.3826	4.4584	0.85801	2.3816	1.594	1.3504	1.1692	-2.1697	0.16518	-17.329	-162.8	-80.749	-13.739	38.605	-5.5619	-20.123	-14.544	53.004	121.96	1.6294	30.572	-45.834	23.372
-11.072	-77.991	-9.977	6.4978	3.241	8.7484	3.6719	0.74732	2.5826	1.7698	1.4204	1.8405	-0.63342	-0.56863	-11.407	6.8757	-25.008	-82.247	13.012	-25.367	-31.456	-4.4274	8.0399	7.031	2.7976	26.85	61.45	-29.352
-11.516	-81.535	-12.331	6.772	1.7289	7.7755	4.3582	4.3717	4.8711	0.95287	-0.52231	0.20176	0.7873	-0.066867	-17.77	-141.75	-94.145	10.967	-60.487	-38.915	27.45	144.97	91.542	-32.678	-77.707	-65.548	56.829	20.071
-11.526	-80.975	-13.915	6.4799	2.75	6.5565	4.885	4.6096	5.9974	2.0777	-0.4957	-0.9414	0.22497	0.45406	-0.38933	22.385	-63.383	-11.684	40.847	-48.762	21.071	9.5176	45.049	44.995	1.0643	-45.726	-22.493	20.837
-11.138	-79.259	-11.135	6.9053	2.3041	7.9006	4.6751	3.7233	4.3501	1.6775	0.33707	0.56803	0.15355	-0.82566	15.517	68.658	111.23	17.018	-17.838	53.767	-8.3936	-35.451	-65.891	-16.011	33.311	60.377	-2.857	-51.189
-10.508	-76.258	-8.6421	8.4101	2.7161	8.4241	3.7583	2.0477	3.8607	1.8255	0.1412	-0.58251	-1.175	0.4238	25.191	120.06	99.699	60.19	16.48	20.938	-36.672	-67.025	-19.576	5.9195	-7.8346	-46.021	-53.143	49.978
-5.1567	5.5465	-13.526	-9.1889	3.5192	-1.7585	0.59666	2.8297	-0.0042145	0.88685	-0.050213	0.4286	1.0591	1.7235	214.07	3272.2	-195.35	-703.96	32.123	-407.3	-126.47	31.28	-154.6	-37.545	-7.6566	40.444	89.364	51.989
-3.8807	18.52	-13.37	-0.95462	3.774	-1.4601	0.94063	1.3578	0.79605	-0.7368	-0.85792	-0.48126	-0.028997	1.7899	51.041	518.94	6.2271	329.37	10.194	11.935	13.759	-58.874	32.011	-64.946	-32.308	-36.394	-43.523	2.6555
-3.0761	22.711	-10.727	5.8391	11.498	-0.76458	-0.46969	-2.3485	0.05884	-1.5611	-1.8425	-1.6894	-2.0241	2.0053	32.183	167.64	105.74	271.75	308.94	27.821	-56.413	-148.25	-29.488	-32.971	-39.385	-48.325	-79.802	8.6174
-2.4485	21.762	0.28495	0.35224	10.245	-0.4971	0.44043	-3.9631	-1.6936	-0.041862	-0.62004	-2.8634	-0.77293	1.2171	25.103	-37.969	440.46	-219.47	-50.096	10.699	36.405	-64.584	-70.096	60.768	48.9	-46.96	50.045	-31.529
-2.0869	20.762	5.5771	-2.4684	8.4867	1.426	-0.28885	-3.4447	-3.3277	1.1882	-1.3109	-1.6338	-1.5488	1.7514	14.464	-40.01	211.68	-112.83	-70.339	76.923	-29.171	20.734	-65.367	49.201	-27.634	49.183	-31.035	21.371
-2.0242	25.329	5.366	-4.6147	9.1	0.49361	-1.4395	-1.4688	-4.4762	1.4319	-0.72167	-0.87605	-2.2991	1.4591	2.5062	182.72	-8.4414	-85.852	24.529	-37.295	-46.025	79.036	-45.938	9.7486	23.569	30.31	-30.013	-11.69
-2.0695	27.746	3.3985	-3.3658	7.489	-0.327	-0.64965	-0.54669	-5.0891	0.43218	0.27947	-0.54049	-2.5663	0.82706	-1.8105	96.667	-78.7	49.956	-64.439	-32.825	31.593	36.886	-24.518	-39.987	40.046	13.423	-10.688	-25.283
-2.4885	27.64	0.68232	-0.09836	3.3088	0.053929	1.6269	-1.7332	-3.7682	-0.90505	1.8479	-0.8751	-3.0292	1.1747	-16.761	-4.2621	-108.65	130.7	-167.21	15.237	91.063	-47.462	52.837	-53.489	62.736	-13.385	-18.518	13.907
-3.0128	25.077	-8.2242	7.3088	0.20612	-1.0997	5.3508	-3.8309	-2.4848	-0.70218	1.2009	0.61522	-4.2768	1.1522	-20.969	-102.49	-356.26	296.29	-124.11	-46.147	148.95	-83.907	51.336	8.1149	-25.88	59.613	-49.901	-0.90203
-3.1535	17.513	-20.861	13.2	-0.15699	-2.6253	6.34	-5.2935	-0.67859	0.19295	-0.47565	0.36792	-3.5975	0.64164	-5.6277	-302.58	-505.47	235.66	-14.524	-61.024	39.571	-58.505	72.249	35.805	-67.06	-9.892	27.171	-20.422
-2.8183	6.342	-29.895	12.506	-3.2354	-0.8647	5.4947	-1.5712	1.9803	1.2163	-1.3658	-0.60264	-2.2838	1.5907	13.406	-446.83	-361.36	-27.773	-123.14	70.425	-33.813	148.89	106.35	40.935	-35.607	-38.822	52.548	37.961
-2.796	5.3483	-32.373	10.826	-4.2767	0.6085	6.7967	-0.79585	3.0305	1.7368	-1.4032	0.021607	-2.2631	1.7027	0.8944	-39.747	-99.148	-67.219	-41.652	58.928	52.081	31.015	42.009	20.818	-1.495	24.97	0.82887	4.4791
-2.6369	6.0401	-32.421	10.7	-4.2311	0.4398	7.7395	-3.4618	3.0359	1.3584	-0.72498	0.98167	-2.1503	1.0619	6.3638	27.673	-1.9022	-5.005	1.8266	-6.748	37.708	-106.64	0.21548	-15.137	27.129	38.403	4.5105	-25.631
-2.5615	3.2476	-34.06	10.751	-3.3921	-0.77143	5.8961	-3.5231	2.4611	0.82645	1.0324	0.8835	-1.6833	0.76271	3.0136	-111.7	-65.546	2.0264	33.558	-48.449	-73.734	-2.4536	-22.992	-21.277	70.296	-3.927	18.681	-11.967
-2.7582	5.4313	-32.193	10.362	-2.4561	-0.57102	4.8355	-1.8559	3.5386	0.50312	0.47286	1.1125	-1.7642	1.8327	-7.8666	87.347	74.651	-15.563	37.441	8.0166	-42.423	66.689	43.1	-12.933	-22.382	9.1601	-3.2355	42.798
-2.8184	0.44242	-37.201	7.0824	-2.8827	-2.804	6.3407	-3.06	2.7173	0.84712	-0.071216	1.3085	-0.44859	2.7115	-2.4093	-199.55	-200.32	-131.18	-17.066	-89.319	60.209	-48.163	-32.849	13.76	-21.763	7.8407	52.623	35.153
-3.1884	3.1903	-30.309	6.9952	-0.05921	-0.93939	5.6784	-3.1897	3.4628	2.4509	-0.02134	0.64956	-2.5478	1.053	-14.798	109.92	275.69	-3.4877	112.94	74.585	-26.492	-5.1868	29.819	64.15	1.995	-26.358	-83.969	-66.339
-3.5953	10.942	-9.8214	10.036	1.9089	-3.2703	4.4183	-3.1175	0.30479	-2.0561	-0.89186	1.1857	-2.7163	0.55921	-16.278	310.06	819.51	121.63	78.725	-93.238	-50.404	2.8859	-126.32	-180.28	-34.821	21.445	-6.74	-19.752
-3.14	16.018	4.8509	0.29654	2.7521	-3.3749	4.495	-0.46729	-3.7886	-3.0255	0.62477	1.0145	-2.7753	-0.35874	18.213	203.03	586.89	-389.58	33.727	-4.1823	3.066	106.01	-163.73	-38.774	60.665	-6.8466	-2.358	-36.718
-3.0239	11.969	8.3561	-0.23455	1.3683	-0.85082	2.0651	0.97817	-3.5959	-3.9316	0.8647	1.9859	-2.2976	-1.3545	4.642	-161.93	140.21	-21.244	-55.351	100.96	-97.194	57.819	7.7065	-36.245	9.5972	38.855	19.106	-39.831
-3.5294	0.74849	8.2339	1.2489	0.82335	0.984	3.3185	0.76529	-2.5439	-3.6464	-0.93232	1.9727	-1.9015	-1.0081	-20.217	-448.83	-4.8881	59.34	-21.8	73.393	50.136	-8.5152	42.08	11.409	-71.881	-0.52722	15.847	13.857
-4.797	-25.919	4.7231	0.40841	0.91187	2.9734	-1.016	0.013095	-1.8454	-3.3861	-0.54303	2.1086	-0.99208	-0.79999	-50.704	-1066.7	-140.43	-33.621	3.5412	79.575	-173.38	-30.088	27.94	10.41	15.572	5.4331	36.375	8.3236
-7.9287	-66.06	-3.3913	9.0731	1.2528	4.8678	0.41364	0.026083	1.2893	-0.81783	0.88911	0.77291	-0.55073	-1.1559	-125.27	-1605.6	-324.57	346.59	13.639	75.777	57.188	0.51954	125.39	102.73	57.285	-53.426	17.654	-14.237
-11.449	-79.808	-13.317	6.8338	0.013902	7.0674	4.3499	1.221	2.9564	0.67343	0.048082	1.0503	-0.26845	-0.9416	-140.8	-549.94	-397.02	-89.572	-49.558	87.983	157.45	47.797	66.687	59.651	-33.641	11.095	11.292	8.5727
-12.343	-82.702	-16.322	2.5374	-2.7954	5.5404	3.0245	1.5366	3.8093	1.706	0.25346	-1.2996	-1.0959	-0.08444	-35.783	-115.73	-120.22	-171.86	-112.37	-61.079	-53.015	12.624	34.116	41.303	8.2151	-93.997	-33.099	34.286
-12.158	-82.895	-19.208	2.6088	-4.0542	3.1791	-1.1632	-0.32196	2.7424	-0.30527	-1.2971	-1.5259	-0.56046	0.01569	7.4148	-7.7228	-115.44	2.8545	-50.353	-94.45	-167.51	-74.343	-42.676	-80.451	-62.024	-9.0499	21.418	4.0052
-12.179	-82.703	-18.027	2.5841	-3.2623	4.7148	1.7539	1.8596	2.7528	1.2468	0.69373	-0.4271	0.077999	0.55939	-0.85342	7.6762	47.262	-0.98478	31.674	61.426	116.68	87.263	0.41584	62.082	79.635	43.952	25.539	21.748
-12.287	-82.605	-17.692	2.5759	-3.7289	5.5094	2.139	0.59257	1.2564	1.4238	1.0117	0.77799	0.7542	1.0057	-4.3112	3.9328	13.398	-0.33155	-18.661	31.783	15.401	-50.682	-59.859	7.0807	12.72	48.203	27.048	17.853
-8.5477	-51.016	-15.058	-1.2191	-1.2021	2.0291	0.55598	-0.63767	2.8251	1.359	-1.2317	-1.2903	-0.92228	0.84377	149.57	1263.6	105.36	-151.8	101.07	-139.21	-63.319	-49.21	62.748	-2.593	-89.739	-82.733	-67.059	-6.4781
-7.3744	-10.264	-11.887	-1.9	-0.58789	1.8598	1.0621	-0.55641	3.0841	1.9261	0.8068	-0.36363	-0.21305	2.0602	46.931	1630.1	126.84	-27.24	24.57	-6.7752	20.244	3.2503	10.362	22.684	81.542	37.068	28.369	48.657
-6.5621	-2.3787	-10.423	-2.9456	0.13109	3.7154	0.37464	-1.5446	2.3362	1.1034	0.84536	1.0412	-0.12521	-0.10098	32.492	315.42	58.537	-41.821	28.759	74.224	-27.497	-39.528	-29.919	-32.906	1.5424	56.192	3.5133	-86.447
-5.7248	1.1664	-9.6951	-4.2346	-0.15039	5.0348	0.17952	-3.0425	2.7503	1.0559	-0.79045	-1.105	-1.6311	0.05006	33.492	141.81	29.132	-51.563	-11.259	52.778	-7.8047	-59.913	16.567	-1.8997	-65.432	-85.845	-60.237	6.0416
-5.4021	3.1353	-11.66	-5.8395	-0.54625	3.9118	-1.5861	-5.4389	1.4487	0.96419	-1.6359	-0.35571	-0.14591	1.7205	12.91	78.755	-78.613	-64.195	-15.834	-44.92	-70.625	-95.856	-52.066	-3.6697	-33.818	29.97	59.41	66.818
-5.4485	4.0776	-11.343	-5.1526	2.7532	2.5041	-1.675	-3.5071	3.0172	0.18906	-3.8201	0.69058	-0.87842	-0.04233	-1.8559	37.691	12.683	27.477	131.98	-56.311	-3.5551	77.269	62.739	-31.005	-87.369	41.851	-29.301	-70.514
-5.7681	1.7916	-11.94	-4.9467	1.612	2.0173	-1.8241	-2.6123	3.1933	1.7194	-3.1049	0.41451	-0.5177	0.46859	-12.784	-91.438	-23.87	8.2359	-45.646	-19.469	-5.9639	35.792	7.0441	61.215	28.609	-11.043	14.429	20.437
-4.6443	5.5045	-4.7095	-0.52	5.5759	4.64	-0.83912	-2.2867	1.4493	1.5668	-3.8133	1.2202	0.3816	0.22734	44.951	148.51	289.23	177.07	158.55	104.91	39.398	13.027	-69.758	-6.1062	-28.338	32.228	35.972	-9.65
-2.2965	21.959	3.6803	-5.3308	8.8392	6.4519	-3.7585	-2.9022	0.393	1.8336	-4.0852	-0.58433	-1.1079	0.49411	93.913	658.18	335.59	-192.43	130.53	72.474	-116.78	-24.622	-42.253	10.671	-10.875	-72.182	-59.581	10.671
-1.6425	25.516	8.5442	-8.3729	10.099	6.1198	-4.7925	-0.77297	-1.6713	3.0481	-5.0048	-1.3571	-0.96036	0.96775	26.161	142.29	194.56	-121.68	50.397	-13.285	-41.361	85.17	-82.573	48.581	-36.782	-30.911	5.9025	18.945
-1.4879	22.775	10.056	-7.6857	9.4	7.2063	-5.7144	-1.0718	-1.6687	2.8893	-4.5086	-2.0444	-0.31923	0.99812	6.1811	-109.67	60.461	27.489	-27.964	43.461	-36.875	-11.951	0.10624	-6.3498	19.847	-27.49	25.645	1.2147
-1.4755	23.642	9.259	-8.5428	9.8966	7.3559	-5.5365	-2.2267	-0.90164	2.0925	-3.7137	-2.4275	-0.24858	1.5952	0.49623	34.709	-31.868	-34.283	19.866	5.9828	7.1151	-46.196	30.681	-31.874	31.797	-15.326	2.8259	23.885
-1.5103	24.913	9.1915	-9.4463	10.026	7.3815	-5.8527	-1.7911	-2.6898	2.8027	-3.1761	-3.3572	0.17114	1.8227	-1.3896	50.813	-2.6985	-36.142	5.1925	1.0255	-12.645	17.423	-71.526	28.41	21.503	-37.187	16.789	9.0988
-1.5113	21.877	10.522	-8.9692	7.7978	8.0691	-5.2407	-2.7927	-2.8392	2.2336	-1.1996	-4.2118	0.51908	2.1195	-0.042597	-121.42	53.234	19.083	-89.146	27.505	24.477	-40.064	-5.9744	-22.767	79.061	-34.185	13.917	11.87
-1.6318	22.344	10.565	-8.4319	6.1419	8.3164	-4.2522	-3.9314	-3.2325	1.9558	-0.3035	-4.6268	0.2135	2.6819	-4.8208	18.663	1.7077	21.493	-66.235	9.8902	39.54	-45.547	-15.735	-11.109	35.842	-16.601	-12.223	22.496
-1.5273	22.271	11.64	-8.9895	4.6326	8.0863	-3.1764	-4.5651	-3.54	0.9594	1.2818	-5.5644	1.108	2.1252	4.1824	-2.9017	42.984	-22.302	-60.372	-9.2045	43.033	-25.349	-12.3	-39.857	63.41	-37.504	35.78	-22.268
-1.286	21.356	13.769	-9.2228	3.3225	7.4326	-2.3549	-5.4508	-3.2649	0.19082	2.3069	-5.3245	0.55682	2.1056	9.6514	-36.602	85.182	-9.3341	-52.403	-26.145	32.86	-35.428	11.006	-30.743	41.005	9.5961	-22.047	-0.78359
-1.1071	19.481	15.785	-9.4294	1.6919	7.3852	-1.2202	-6.256	-3.6179	0.13213	1.993	-4.2951	0.03423	2.2858	7.156	-74.996	80.639	-8.2643	-65.224	-1.8961	45.387	-32.207	-14.122	-2.3477	-12.556	41.179	-20.904	7.2098
-1.0306	18.052	17.532	-8.6961	-1.2309	8.4719	-0.87484	-7.1771	-3.4861	-0.039124	2.3283	-3.9678	0.45012	1.5677	3.0606	-57.179	69.89	29.331	-116.91	43.468	13.816	-36.844	5.2712	-6.8502	13.413	13.09	16.635	-28.723
-1.0132	17.918	17.931	-8.5937	-1.491	7.2743	-0.33427	-6.4474	-4.1187	-0.42195	3.0372	-4.0132	0.37328	1.4632	0.69683	-5.3629	15.924	4.0987	-10.406	-47.906	21.623	29.186	-25.301	-15.313	28.358	-1.8172	-3.0733	-4.1815
-1.0143	17.191	18.153	-8.4424	-2.4566	6.8873	1.084	-6.938	-4.5541	0.02371	2.5625	-3.5814	0.93761	0.36909	-0.04677	-29.061	8.914	6.0515	-38.622	-15.477	56.732	-19.623	-17.419	17.826	-18.99	17.272	22.573	-43.764
-1.0577	16.467	18.646	-8.673	-2.6867	6.5172	1.2091	-6.7624	-5.3904	1.2457	1.7139	-3.0266	0.20076	1.1482	-1.7344	-28.972	19.692	-9.2263	-9.2051	-14.806	5.0033	7.0228	-33.448	48.879	-33.942	22.192	-29.474	31.164
-1.1305	15.762	18.493	-8.5158	-2.3305	5.7253	1.6044	-6.4282	-5.1282	0.4411	2.5203	-3.3364	0.36223	1.2681	-2.914	-28.192	-6.1058	6.2893	14.249	-31.675	15.811	13.368	10.488	-32.183	32.254	-12.392	6.4586	4.795
-1.3933	14.374	17.95	-7.0291	-3.3331	6.0587	2.0437	-6.9532	-4.8854	1.372	1.0002	-2.0843	0.09708	1.031	-10.512	-55.505	-21.707	59.467	-40.104	13.335	17.572	-20.998	9.7113	37.236	-60.802	50.086	-10.606	-9.4841
-1.6708	11.557	18.409	-6.5159	-3.0763	5.3717	3.167	-7.7367	-4.5967	2.4701	-0.52895	-1.0969	-0.053412	0.20878	-11.099	-112.71	18.331	20.529	10.272	-27.482	44.933	-31.338	11.547	43.924	-61.167	39.494	-6.0197	-32.887
-1.9128	7.6493	19.201	-6.6038	-2.0212	4.5487	3.6566	-7.479	-4.6116	3.1157	-1.4338	-0.93212	-0.070176	-0.26013	-9.6813	-156.29	31.692	-3.5158	42.203	-32.917	19.585	10.306	-0.5946	25.824	-36.192	6.5917	-0.67057	-18.756
-2.465	3.7987	17.633	-5.1541	-0.99372	4.0777	2.603	-4.4217	-5.8997	2.0753	0.48007	-2.6546	-0.1444	0.68221	-22.087	-154.02	-62.701	57.99	41.098	-18.843	-42.146	122.29	-51.525	-41.616	76.553	-68.899	-2.969	37.694
-3.4163	-4.1041	9.8794	-2.5909	1.1182	6.1965	-0.39436	-4.2784	-3.1146	-0.85767	0.020139	0.21671	-1.9543	1.2534	-38.053	-316.11	-310.16	102.52	84.479	84.753	-119.89	5.7333	111.4	-117.32	-18.397	114.85	-72.394	22.847
-5.7734	-34.509	7.7781	-1.6796	-0.090429	7.4098	0.67278	-2.5171	-3.4772	-1.4684	0.10901	0.78699	-1.5716	0.78692	-94.282	-1216.2	-84.052	36.451	-48.347	48.531	42.686	70.454	-14.505	-24.431	3.555	22.811	15.307	-18.659
-9.3094	-54.253	-6.0555	-0.98903	-1.6935	7.1636	5.8241	-1.1303	-1.7691	-0.43529	0.23793	0.807	-0.71348	-0.63505	-141.44	-789.74	-553.34	27.625	-64.123	-9.8457	206.05	55.472	68.324	41.326	5.1565	0.80053	34.324	-56.879
-9.2286	-40.027	-13.091	-5.9566	-1.4527	4.0356	3.4052	-0.80541	-0.30024	-1.3222	-0.16171	2.095	0.64357	0.8965	3.2344	569.03	-281.42	-198.7	9.6336	-125.12	-96.757	12.994	58.755	-35.476	-15.985	51.521	54.282	61.262
-7.7091	-21.1	-9.9415	-4.5975	0.13295	3.657	5.4285	2.6356	1.7966	-1.4263	-2.5488	-0.25869	0.23578	1.5743	60.778	757.09	125.98	54.366	63.424	-15.142	80.933	137.64	83.873	-4.1643	-95.482	-94.149	-16.312	27.111
-6.9465	-19.547	0.36611	-1.6153	0.23026	2.9255	2.9247	2.6246	3.0481	-1.3058	-1.7955	-2.5352	-0.80669	1.2807	30.506	62.115	412.31	119.29	3.8925	-29.262	-100.15	-0.43964	50.061	4.8188	30.131	-91.06	-41.699	-11.744
-6.545	-27.696	6.9292	4.8936	-2.4864	0.087391	1.4753	1.2055	0.68797	-0.4116	-1.6024	-0.9252	-1.8463	0.53602	16.06	-325.97	262.52	260.36	-108.67	-113.52	-57.975	-56.761	-94.406	35.77	7.7229	64.399	-41.584	-29.786
-5.9929	-38.371	9.7162	9.0948	-0.39567	-0.9878	-1.25	-0.43433	2.0976	-1.3927	-1.3206	-1.0719	-0.31394	-1.2515	22.083	-427	111.48	168.04	83.629	-43.008	-109.01	-65.594	56.384	-39.245	11.274	-5.8694	61.294	-71.5
-5.3339	-38.998	11.984	10.276	2.2501	-0.69629	-4.032	-1.5561	1.3454	0.21758	-1.0517	-1.742	-0.95314	-1.3672	26.36	-25.086	90.69	47.245	105.83	11.66	-111.28	-44.871	-30.088	64.412	10.753	-26.802	-25.568	-4.6289
-4.6785	-32.418	11.719	11.027	3.8161	-4.043	-4.8151	-0.21001	0.91583	0.1338	-0.67794	-1.4762	-1.7786	-0.74496	26.216	263.2	-10.596	30.029	62.641	-133.87	-31.325	53.844	-17.182	-3.3511	14.952	10.633	-33.017	24.89
-4.0879	-26.121	12.322	9.4757	5.1966	-5.6336	-6.0605	0.69065	0.21826	0.75326	-0.49514	-2.1496	-1.2966	-1.7209	23.623	251.87	24.117	-62.037	55.222	-63.626	-49.816	36.026	-27.903	24.779	7.3121	-26.939	19.281	-39.039
-3.4987	-21.243	11.921	9.122	6.7008	-7.5165	-7.5923	1.8416	0.2341	0.084888	-1.1954	-2.6076	-0.46666	-1.7145	23.567	195.13	-16.011	-14.149	60.166	-75.315	-61.273	46.039	0.63365	-26.735	-28.009	-18.319	33.196	0.25687
-2.9936	-12.615	12.871	6.2066	5.1603	-9.2428	-7.8228	3.5541	0.682	-0.43472	-2.2357	-1.5241	-0.66276	-0.10241	20.204	345.13	37.986	-116.62	-61.617	-69.051	-9.22	68.5	17.916	-20.784	-41.616	43.339	-7.8441	64.484
-2.4812	-6.4233	13.505	3.9374	3.0569	-9.2502	-7.8246	4.1595	1.9463	-2.2841	-1.3143	-1.4701	0.88853	1.4318	20.496	247.66	25.361	-90.767	-84.138	-0.29827	-0.073147	24.215	50.572	-73.976	36.857	2.1634	62.051	61.368
-1.9917	0.28641	12.992	2.2134	2.0359	-9.3628	-7.5884	4.4508	1.649	-2.3321	-0.65404	-1.2694	2.8855	0.73424	19.581	268.39	-20.51	-68.959	-40.839	-4.5006	9.448	11.65	-11.893	-1.9193	26.411	8.0272	79.88	-27.901
-1.5286	10.148	10.496	1.7027	0.14076	-11.051	-5.8375	5.6281	1.5241	-2.1596	-0.87393	0.081964	3.0029	0.6261	18.524	394.46	-99.855	-20.429	-75.807	-67.535	70.038	47.092	-4.9928	6.9006	-8.7957	54.053	4.6957	-4.3257
-1.2195	16.585	9.9482	0.019855	-0.48127	-12.135	-4.0456	5.1984	1.6241	-2.7601	1.1538	-0.46639	3.1053	-0.051246	12.364	257.47	-21.906	-67.314	-24.881	-43.339	71.676	-17.188	3.9963	-24.023	81.111	-21.934	4.097	-27.094
-0.94221	18.63	8.9096	0.16907	-1.3294	-11.344	-4.659	5.5762	2.6043	-3.1605	1.4349	-0.010769	2.8515	-0.76476	11.092	81.799	-41.542	5.9685	-33.924	31.64	-24.535	15.113	39.21	-16.013	11.244	18.225	-10.153	-28.541
-0.84271	16.597	11.534	0.44036	-3.4044	-11.542	-5.0605	6.6937	3.0637	-4.2034	2.2189	0.054784	1.8337	-0.26929	3.9801	-81.282	104.97	10.852	-83.002	-7.9314	-16.063	44.698	18.374	-41.718	31.357	2.6221	-40.714	19.819
-0.80287	14.565	11.932	0.31884	-3.1186	-10.563	-6.3713	7.3013	2.5228	-3.0784	1.7965	0.3183	0.99729	-0.26429	1.5937	-81.289	15.936	-4.8606	11.433	39.175	-52.432	24.306	-21.632	45.002	-16.897	10.54	-33.456	0.2
-0.90093	14.713	12.607	-0.96899	-4.0109	-9.6268	-6.4466	6.8262	2.5012	-3.5131	2.0475	0.10813	0.82099	-0.43531	-3.9224	5.9088	26.99	-51.513	-35.692	37.428	-3.01	-19.005	-0.86724	-17.388	10.041	-8.4065	-7.0518	-6.8405
-0.94458	17.476	11.8	-1.0916	-4.9076	-9.5945	-3.8678	5.8627	1.6722	-3.0088	1.8554	-0.28017	1.812	-0.040367	-1.7459	110.53	-32.296	-4.9061	-35.87	1.2939	103.15	-38.537	-33.157	20.172	-7.6836	-15.532	39.642	15.798
-1.156	12.18	14.105	3.573	-9.6614	-8.1093	-0.97518	2.6138	1.5218	-2.2547	1.4802	-0.5811	1.13	0.6458	-8.4581	-211.87	92.202	186.58	-190.15	59.405	115.7	-129.96	-6.0181	30.163	-15.009	-12.037	-27.282	27.447
-1.6113	12.613	10.851	4.4692	-7.5781	-7.8084	-1.1364	2.2928	2.6381	-3.5771	1.3879	-0.1055	0.11254	0.59722	-18.211	17.36	-130.16	35.851	83.332	12.039	-6.4476	-12.84	44.653	-52.895	-3.6903	19.024	-40.698	-1.943
-2.5137	4.9079	10.733	3.2258	-7.4911	-4.8673	-1.2128	1.4245	3.1204	-1.4234	-1.4429	2.1523	-0.19261	-0.24627	-36.094	-308.22	-4.7074	-49.738	3.4809	117.64	-3.0569	-34.733	19.292	86.147	-113.23	90.311	-12.206	-33.74
-3.8003	-6.4849	-1.0199	6.7629	-6.7966	-5.0419	-1.1483	1.1939	3.2337	-1.174	-0.13939	0.88341	0.040846	0.80509	-51.467	-455.71	-470.12	141.48	27.779	-6.983	2.58	-9.2237	4.5321	9.9775	52.141	-50.754	9.3383	42.054
-5.5916	-4.2615	-18.397	7.5949	-5.3652	-2.6183	3.4459	-1.5961	2.731	1.7132	0.88814	0.15249	-1.0127	0.20014	-71.653	88.936	-695.07	33.281	57.256	96.945	183.77	-111.6	-20.111	115.48	41.101	-29.237	-42.14	-24.198
-4.6937	-0.66067	-27.37	5.5468	-4.5609	0.21711	6.1948	-0.79279	2.5034	-1.4382	-2.596	-0.9539	-2.3872	0.10172	35.918	144.03	-358.95	-81.922	32.174	113.41	109.95	32.133	-9.1044	-126.05	-139.37	-44.256	-54.983	-3.9368
-3.7579	0.86487	-27.722	9.6396	-4.6854	-0.38904	4.5652	-3.3853	3.086	-2.1374	-1.5402	0.15621	-1.7076	1.0015	37.432	61.022	-14.08	163.71	-4.9826	-24.246	-65.183	-103.7	23.307	-27.967	42.231	44.405	27.186	35.99
-3.2396	1.1589	-31.381	10.306	-6.9684	-1.7583	4.0529	-4.0841	2.1937	-0.68862	-0.68557	0.076809	-2.6065	1.5826	20.732	11.761	-146.34	26.636	-91.317	-54.77	-20.493	-27.951	-35.693	57.951	34.186	-3.1761	-35.956	23.245
-3.2049	0.60287	-28.684	13.619	-6.258	0.40708	5.9789	-1.8367	3.671	1.3061	-0.81589	0.74686	-1.7318	1.432	1.3882	-22.242	107.87	132.53	28.415	86.615	77.043	89.893	59.093	79.787	-5.2127	26.802	34.986	-6.0236
-3.4954	-2.8038	-32.138	10.619	-7.1816	-1.6214	5.7919	-1.3738	1.5548	0.35112	-1.5986	0.5525	-1.3369	2.1024	-11.621	-136.27	-138.15	-119.97	-36.944	-81.138	-7.4804	18.518	-84.647	-38.198	-31.308	-7.7745	15.8	26.814
-3.3634	-3.951	-31.572	11.69	-5.9343	-1.8793	4.9971	-1.0445	2.0543	0.20573	-1.4339	0.50843	-1.6931	1.3379	5.2793	-45.888	22.632	42.82	49.892	-10.319	-31.792	13.172	19.977	-5.8155	6.5892	-1.7628	-14.25	-30.58
-3.2497	-2.8049	-34.422	10.056	-4.2566	-0.32928	5.7246	-2.1886	1.3244	0.31998	-2.0304	1.0732	-1.5708	1.87	4.5511	45.842	-113.98	-65.347	67.109	62.002	29.1	-45.767	-29.196	4.57	-23.859	22.592	4.8909	21.287
-2.5634	0.24983	-35.327	10.997	-2.3312	-3.5338	6.2233	-2.4105	-0.85635	0.98226	-0.79383	0.46348	-0.82463	1.3211	27.449	122.19	-36.214	37.613	77.015	-128.18	19.948	-8.8732	-87.229	26.491	49.461	-24.39	29.848	-21.959
-2.4479	8.7257	-35.279	7.2268	-0.66576	-5.9865	6.1126	-0.11599	0.68682	1.0894	-1.0879	2.0499	-0.8628	0.71478	4.6205	339.03	1.92	-150.79	66.617	-98.111	-4.4289	91.779	61.727	4.2839	-11.761	63.457	-1.5271	-24.251
-2.5356	9.8129	-33.075	4.1024	1.5798	-5.3995	4.796	1.4367	0.62365	0.34213	-0.98506	-0.081989	0.17031	0.75619	-3.5088	43.49	88.145	-124.97	89.821	23.482	-52.665	62.109	-2.5266	-29.889	4.1123	-85.276	41.324	1.6564
-3.2738	9.9912	-32.017	-0.75801	3.207	-4.3619	1.7948	2.398	2.2757	-0.82979	-0.19578	0.62946	-1.6202	0.023147	-29.526	7.1298	42.346	-194.42	65.089	41.504	-120.05	38.449	66.084	-46.877	31.571	28.458	-71.619	-29.322
-4.0614	2.6025	-29.614	-0.4873	6.143	-2.6926	-2.6075	3.1254	2.7706	-0.12952	-0.13933	2.4588	-1.6296	-1.0061	-31.506	-295.55	96.114	10.829	117.44	66.772	-176.1	29.099	19.795	28.011	2.2581	73.172	-0.37709	-41.172
-5.2361	0.78764	-16.048	-2.5344	6.3497	1.7847	-2.6521	1.4427	3.0042	-0.013416	-1.3075	1.9799	-0.35269	-0.4618	-46.986	-72.596	542.64	-81.886	8.2677	179.09	-1.7839	-67.308	9.3442	4.6444	-46.727	-19.153	51.076	21.774
-3.4198	11.383	5.9598	-3.487	2.7153	2.3693	-1.569	-0.94054	-0.97359	-2.0844	-0.90087	0.23001	0.42825	0.92388	72.65	423.8	880.3	-38.103	-145.38	23.382	43.326	-95.331	-159.11	-82.84	16.265	-69.997	31.238	55.427
-1.9367	15.058	16.679	-7.4383	-1.7486	1.079	-1.0537	0.90119	-3.9174	-2.997	2.7672	-3.1376	2.2807	0.0058364	59.327	147.02	428.76	-158.05	-178.56	-51.613	20.61	73.669	-117.75	-36.504	146.72	-134.7	74.097	-36.722
-1.4878	15.132	19.321	-7.8279	-3.9099	1.8313	-0.58674	0.74865	-4.8249	-3.4349	3.4492	-3.7118	2.8278	0.45324	17.955	2.94	105.68	-15.583	-86.453	30.094	18.68	-6.1014	-36.3	-17.514	27.281	-22.968	21.887	17.896
-1.3745	12.147	21.277	-8.1196	-5.0438	3.0018	-0.15037	-0.025573	-5.3136	-3.0193	3.0208	-3.0355	1.555	1.6607	4.5323	-119.37	78.254	-11.666	-45.354	46.819	17.455	-30.969	-19.551	16.624	-17.137	27.052	-50.913	48.298
-1.363	12.802	20.447	-7.407	-4.8311	2.3145	0.72175	0.064619	-5.7245	-3.3301	3.6714	-3.3961	1.6793	1.4544	0.45874	26.194	-33.219	28.5	8.5103	-27.49	34.884	3.6077	-16.436	-12.432	26.023	-14.425	4.973	-8.2531
-1.3635	13.331	20.149	-7.4311	-4.9212	1.524	2.0036	-0.038719	-6.4181	-3.471	4.3403	-3.9267	1.8603	1.0625	-0.020426	21.145	-11.907	-0.96319	-3.6055	-31.622	51.272	-4.1335	-27.741	-5.6364	26.755	-21.224	7.2379	-15.675
-1.4019	12.078	19.861	-6.0277	-6.3285	2.3054	2.3314	-0.12387	-6.3852	-3.5724	4.3629	-3.9227	2.1043	0.65372	-1.5332	-50.11	-11.516	56.137	-56.294	31.258	13.112	-3.406	1.316	-4.0576	0.90588	0.1594	9.7624	-16.351
-1.5855	12.072	19.503	-5.2533	-7.0343	2.4582	2.9757	-0.32798	-6.3399	-3.0218	3.2015	-2.8797	1.469	0.60176	-7.3469	-0.23817	-14.348	30.977	-28.23	6.1103	25.773	-8.1643	1.8104	22.025	-46.458	41.723	-25.413	-2.0783
-1.5833	8.4014	21.781	-5.5414	-7.306	2.455	3.7896	-0.34091	-6.5537	-2.8163	3.0511	-2.8696	1.427	0.75674	0.088887	-146.83	91.139	-11.526	-10.868	-0.12888	32.555	-0.51737	-8.5522	8.2181	-6.0132	0.4026	-1.6814	6.1992
-1.6281	6.981	22.227	-4.9252	-7.778	2.6793	3.9593	-0.56016	-5.9164	-3.2624	2.8731	-2.7602	1.0755	0.82457	-1.7912	-56.816	17.834	24.649	-18.882	8.9717	6.7878	-8.77	25.494	-17.841	-7.1222	4.3756	-14.06	2.7131
-1.7428	6.3816	22.08	-4.9947	-7.9535	3.0546	3.46	0.23869	-6.7582	-2.8569	3.1738	-3.5043	1.2483	0.85146	-4.5898	-23.976	-5.8946	-2.7773	-7.0202	15.012	-19.971	31.954	-33.674	16.217	12.029	-29.762	6.9123	1.0756
-1.9407	3.8841	22.134	-4.3852	-8.2362	3.6473	4.2248	-0.79732	-6.1082	-2.2907	1.718	-2.6293	0.80818	1.1378	-7.9146	-99.899	2.165	24.379	-11.308	23.71	30.593	-41.441	26.002	22.651	-58.23	35.001	-17.604	11.453
-2.2757	3.0162	18.82	-1.9154	-9.1318	4.7128	4.4299	-2.1829	-4.6256	-2.0382	-0.35899	-0.6795	-0.31058	1.1501	-13.399	-34.719	-132.56	98.793	-35.823	42.618	8.2021	-55.421	59.304	10.098	-83.081	77.99	-44.75	0.49432
-2.8617	2.5781	12.096	1.8483	-7.1795	1.9363	5.7526	-1.997	-3.8688	-2.9242	-0.073053	-0.47061	-0.89157	1.2799	-23.442	-17.521	-268.96	150.54	78.094	-111.06	52.91	7.4338	30.269	-35.438	11.437	8.3557	-23.24	5.1907
-4.1011	-1.173	5.8442	3.5501	-4.204	2.8097	2.941	-1.1901	-2.0836	-3.8062	0.30219	-0.68654	1.639	0.3219	-49.575	-150.05	-250.06	68.074	119.02	34.935	-112.47	32.278	71.41	-35.281	15.01	-8.6371	101.22	-38.321
-5.4175	-8.0417	2.8833	3.0681	-2.5757	6.4421	0.33026	-1.8761	-1.5548	-1.3672	-0.7933	0.59307	1.6326	0.52773	-52.657	-274.75	-118.43	-19.279	65.132	145.3	-104.43	-27.443	21.152	97.559	-43.82	51.184	-0.25365	8.2333
-6.6839	-17.985	0.70398	4.6219	-2.0938	5.2978	0.74651	-1.6106	-0.19443	-0.036753	0.18593	0.72706	-0.45421	0.31435	-50.656	-397.74	-87.174	62.149	19.277	-45.774	16.65	10.62	54.414	53.219	39.169	5.3597	-83.474	-8.5352
-7.3476	-21.958	-1.962	4.1496	-0.62322	5.1922	2.263	-2.6262	0.063574	1.8698	-1.3265	-0.50661	0.33992	1.0479	-26.547	-158.92	-106.64	-18.889	58.824	-4.223	60.66	-40.624	10.32	76.261	-60.496	-49.347	31.765	29.341
-7.0327	-23.071	-4.8529	6.1474	1.2155	4.1383	0.66624	-2.4121	1.5242	1.3398	-2.0391	-0.13947	0.25103	0.59896	12.596	-44.495	-115.64	79.911	73.55	-42.157	-63.871	8.5637	58.424	-21.197	-28.506	14.686	-3.5556	-17.957
-4.9144	-7.4306	-0.37061	4.6552	2.9628	3.1748	-2.5805	-3.0571	0.76146	-0.051401	-0.68098	-0.79584	1.0574	-0.24303	84.733	625.6	179.29	-59.687	69.89	-38.54	-129.87	-25.799	-30.509	-55.649	54.325	-26.255	32.254	-33.68
-2.4913	9.6658	9.5803	-1.2997	-0.4339	2.4594	-0.87226	-1.7197	-2.9832	-0.69338	1.0186	-0.67546	2.3543	-1.5155	96.921	683.86	398.04	-238.2	-135.87	-28.616	68.332	53.495	-149.79	-25.679	67.984	4.8155	51.875	-50.898
-1.4692	21.724	11.707	-4.2012	-1.7059	3.1178	-2.8478	-2.0623	-3.5709	-1.0257	1.513	0.48554	1.6919	-2.0313	40.886	482.32	85.055	-116.06	-50.881	26.337	-79.021	-13.702	-23.506	-13.294	19.777	46.44	-26.496	-20.633
-0.94536	29.64	9.5039	-5.1623	-1.4	2.0198	-3.6034	-2.1865	-4.0572	0.19531	1.8914	1.0213	1.3319	-2.5054	20.953	316.63	-88.11	-38.447	12.236	-43.919	-30.225	-4.9687	-19.451	48.842	15.134	21.43	-14.397	-18.963
-0.6798	32.362	8.8132	-5.5292	-0.57248	1.4504	-4.4561	-1.56	-4.8881	1.5817	2.507	0.78074	1.4491	-2.58	10.622	108.88	-27.63	-14.676	33.101	-22.778	-34.11	25.06	-33.238	55.456	24.625	-9.6221	4.6873	-2.9852
-0.61391	35.038	7.2167	-5.4743	0.074057	0.72847	-3.8895	-1.7673	-4.7325	1.512	3.3927	0.2921	1.5123	-1.9336	2.6357	107.05	-63.858	2.1963	25.862	-28.877	22.666	-8.2919	6.2235	-2.7866	35.43	-19.545	2.5287	25.858
-0.74061	33.562	7.2174	-4.8165	0.26986	-0.21341	-2.9917	-1.7472	-4.3173	1.8477	3.0174	-0.015667	1.1877	-1.3316	-5.0681	-59.035	0.027838	26.313	7.8322	-37.675	35.912	0.80284	16.61	13.425	-15.013	-12.311	-12.986	24.078
-0.81154	34.602	6.8209	-5.535	0.53103	0.72165	-3.7345	-2.1053	-3.2794	1.8072	3.2021	-1.3105	1.5801	-1.0299	-2.8371	41.615	-15.859	-28.738	10.447	37.402	-29.712	-14.323	41.517	-1.6172	7.3889	-51.793	15.698	12.068
-0.85592	33.285	6.479	-4.8181	1.7445	-1.119	-2.0948	-3.0632	-3.1518	2.3017	3.0249	-1.6956	1.2402	-0.2161	-1.7753	-52.71	-13.677	28.675	48.539	-73.626	65.588	-38.316	5.1023	19.779	-7.0893	-15.406	-13.596	32.552
-0.96093	32.98	5.5071	-3.6867	2.6683	-1.7247	-1.2832	-3.9644	-3.1185	2.3107	2.4961	-1.6572	1.5378	0.24991	-4.2002	-12.169	-38.876	45.255	36.952	-24.228	32.464	-36.046	1.3323	0.36125	-21.15	1.5355	11.903	18.64
-0.97603	32.618	4.2652	-2.5596	4.0105	-1.9702	-1.4266	-4.9356	-1.6229	1.2582	1.6734	-0.84447	1.2861	1.1729	-0.60393	-14.506	-49.677	45.083	53.686	-9.8196	-5.7338	-38.851	59.824	-42.103	-32.909	32.511	-10.069	36.918
-0.98924	31.68	4.1027	-2.2693	5.593	-2.8528	-1.7627	-4.7832	-1.9149	2.0134	0.8143	-1.5418	1.5052	2.3099	-0.52859	-37.494	-6.5002	11.614	63.301	-35.303	-13.444	6.0969	-11.679	30.209	-34.365	-27.893	8.7653	45.482
-1.0249	30.683	2.535	-0.0054878	6.7084	-4.18	-1.1878	-5.4001	-1.2249	1.0036	0.43768	-0.96972	0.92064	2.7303	-1.4264	-39.899	-62.706	90.551	44.618	-53.089	22.994	-24.678	27.6	-40.392	-15.065	22.882	-23.382	16.813
-1.1474	29.22	2.1262	0.7784	7.3919	-4.0108	-2.4641	-3.9317	-1.7875	0.77646	-0.59562	-0.097427	0.82386	1.8966	-4.9014	-58.52	-16.355	31.355	27.34	6.7697	-51.051	58.738	-22.505	-9.0848	-41.332	34.892	-3.8713	-33.346
-1.3869	27.091	2.8797	-0.31532	9.2002	-4.5332	-2.3737	-3.1442	-1.9314	0.94163	-1.7923	-0.017017	0.81942	1.748	-9.5768	-85.163	30.141	-43.749	72.329	-20.899	3.6158	31.5	-5.7547	6.6066	-47.867	3.2164	-0.17747	-5.9419
-1.8392	22.308	1.4531	3.0115	9.9597	-5.483	-4.0438	-1.4762	-0.6669	0.083851	-1.5731	1.8838	0.19751	0.77048	-18.095	-191.3	-57.063	133.07	30.382	-37.992	-66.805	66.72	50.578	-34.311	8.7687	76.033	-24.876	-39.103
-2.5388	17.424	1.2185	0.81092	11.381	-5.7374	-4.6004	-0.25764	0.83726	1.603	-2.9018	2.2408	1.4277	1.1973	-27.981	-195.36	-9.3826	-88.024	56.853	-10.175	-22.263	48.742	60.166	60.766	-53.148	14.281	49.208	17.073
-3.165	11.252	1.7472	0.36041	13.262	-6.5069	-4.4503	1.1375	1.8109	0.79253	-2.8543	2.1797	1.7567	-0.53099	-25.049	-246.91	21.149	-18.021	75.247	-30.781	6.0026	55.805	38.946	-32.419	1.9003	-2.4434	13.158	-69.131
-3.5568	8.7316	0.31314	1.647	13.179	-5.2241	-5.0702	1.3024	2.1616	1.5456	-3.9384	2.8185	1.0433	0.0061901	-15.671	-100.8	-57.364	51.464	-3.3342	51.312	-24.796	6.5959	14.026	30.125	-43.365	25.548	-28.533	21.487
-3.8873	2.7373	0.71747	2.6553	14.324	-5.7177	-6.2829	2.951	2.9014	0.24606	-4.32	3.8431	1.1492	-0.52591	-13.223	-239.77	16.173	40.332	45.791	-19.743	-48.507	65.943	29.594	-51.983	-15.265	40.985	4.2334	-21.284
-4.2964	-1.5266	-0.45439	4.8456	12.942	-4.8091	-6.2703	3.36	3.1384	-0.14877	-4.3601	4.7779	0.3236	-1.6206	-16.361	-170.56	-46.874	87.61	-55.248	36.343	0.50253	16.36	9.4802	-15.793	-1.6032	37.392	-33.022	-43.786
-4.7971	-9.5093	-0.65693	6.0554	10.258	-1.8093	-6.0382	2.9901	2.6343	-0.52105	-2.6573	4.802	-0.26741	-2.5469	-20.03	-319.31	-8.1016	48.392	-107.37	119.99	9.2842	-14.793	-20.166	-14.891	68.11	0.96605	-23.64	-37.053
-5.2769	-21.923	5.389	5.7667	7.3191	0.6006	-5.6349	3.2557	2.8817	-1.1433	-1.6608	2.9327	0.37499	-4.3984	-19.192	-496.57	241.84	-11.548	-117.57	96.397	16.134	10.624	9.8958	-24.889	39.862	-74.773	25.696	-74.059
-5.5074	-26.884	9.6545	4.6032	4.825	2.8171	-4.5456	0.69392	4.1983	-1.9267	-1.6615	2.6305	0.68212	-2.8258	-9.22	-198.42	170.62	-46.537	-99.762	88.661	43.568	-102.47	52.666	-31.338	-0.030628	-12.087	12.285	62.903
-5.7979	-30.171	9.5	6.6042	2.1312	2.404	-4.5064	0.39913	4.7641	-1.7639	-2.4353	1.9904	1.2457	-3.0165	-11.617	-131.48	-6.1821	80.04	-107.75	-16.525	1.5703	-11.791	22.631	6.5144	-30.949	-25.604	22.545	-7.6296
-6.1061	-31.793	6.779	5.4965	1.9817	2.9149	-6.5036	0.021217	6.1869	-1.1584	-3.6855	2.4616	1.6131	-2.673	-12.329	-64.868	-108.84	-44.307	-5.9791	20.437	-79.888	-15.117	56.911	24.219	-50.008	18.848	14.693	13.741
-6.6561	-32.093	5.4816	6.7587	5.3001	2.4599	-5.3995	-0.5369	4.6883	-0.058467	-2.7937	1.9343	2.3872	-3.9147	-22.001	-12.005	-51.896	50.487	132.73	-18.202	44.166	-22.325	-59.944	43.997	35.671	-21.095	30.966	-49.667
-6.9193	-38.504	-2.1157	5.2152	6.7583	3.5143	-5.0076	1.2548	6.0628	0.57462	-3.2507	2.639	0.63064	-3.6861	-10.528	-256.45	-303.89	-61.743	58.329	42.177	15.676	71.67	54.981	25.324	-18.279	28.188	-70.263	9.1436
-7.9039	-34.028	-2.8213	4.4045	7.2913	1.3194	-6.004	0.82481	5.6746	0.77618	-4.4299	4.4882	1.1395	-2.7103	-39.384	179.06	-28.223	-32.425	21.321	-87.796	-39.857	-17.201	-15.526	8.0621	-47.168	73.971	20.353	39.034
-7.9942	-42.776	-11.365	3.543	7.3796	2.748	-4.1777	-0.27674	4.4821	1.4015	-1.9644	2.987	0.31968	0.37823	-3.6126	-349.93	-341.75	-34.462	3.53	57.145	73.051	-44.062	-47.703	25.014	98.621	-60.05	-32.792	123.54
-7.8237	-22.32	-4.6463	0.29238	3.1299	0.89654	-3.2378	-2.2237	3.0052	2.6535	-1.2366	4.0262	0.78757	0.71694	6.8227	818.21	268.75	-130.02	-169.99	-74.06	37.594	-77.877	-59.074	50.081	29.108	41.569	18.716	13.548
-6.1247	-14.797	-5.743	1.5828	10.369	0.84616	-5.1496	-2.7372	4.1749	1.3775	-0.2222	0.97215	-0.3663	0.55272	67.959	300.95	-43.868	51.616	289.55	-2.0152	-76.47	-20.541	46.789	-51.041	40.578	-122.16	-46.155	-6.569
-5.4233	-9.6053	-4.2337	-0.38299	10.975	-1.9265	-5.9087	-2.8314	4.7552	2.482	-0.59079	1.1379	0.40149	0.27763	28.057	207.66	60.372	-78.63	24.244	-110.91	-30.362	-3.7676	23.211	44.18	-14.744	6.6287	30.711	-11.004
-3.9033	4.7006	-1.7759	-1.9836	7.2899	-4.6275	-4.586	1.4403	2.0204	2.4572	-1.177	0.55833	0.63115	-0.37332	60.799	572.24	98.313	-64.024	-147.4	-108.04	52.907	170.87	-109.39	-0.99424	-23.448	-23.181	9.1864	-26.038
-3.5796	16.882	-0.47963	-3.0193	10.84	-5.8804	-6.4366	1.4278	1.3472	4.6505	-1.7197	-0.8927	2.4598	-0.52994	12.95	487.26	51.85	-41.431	142	-50.118	-74.026	-0.50076	-26.93	87.733	-21.708	-58.041	73.147	-6.2647
-3.067	11.831	0.37476	-2.6248	10.452	-3.9421	-5.5456	-0.51499	2.407	2.8929	-0.87961	-0.97691	1.7024	-0.12272	20.504	-202.05	34.175	15.78	-15.52	77.532	35.644	-77.71	42.395	-70.302	33.604	-3.3683	-30.296	16.289
-3.1225	19.675	1.026	-2.0496	9.9534	-6.0409	-4.7629	0.51184	1.5482	4.2723	-1.9837	-0.98676	2.5797	0.17481	-2.2197	313.77	26.05	23.009	-19.941	-83.95	31.305	41.073	-34.351	55.175	-44.164	-0.39438	35.09	11.901
-2.9828	18.084	0.32673	-1.2812	9.4594	-4.0984	-3.6563	0.58573	0.58395	2.9517	-1.1008	0.50004	1.1941	-0.15601	5.5857	-63.64	-27.971	30.736	-19.76	77.7	44.267	2.9558	-38.572	-52.826	35.314	59.472	-55.424	-13.233
-3.0918	20.919	-0.022522	-1.2729	9.2212	-2.9322	-4.474	1.0378	0.95362	2.9124	-2.3329	0.89189	1.3818	0.37302	-4.3606	113.38	-13.97	0.33092	-9.5281	46.645	-32.709	18.081	14.787	-1.5722	-49.283	15.674	7.5079	21.161
-3.0767	20.887	0.9414	-1.9638	9.5157	-1.5631	-6.3237	1.7446	1.4501	2.8434	-2.8606	0.54153	2.3492	0.080763	0.60676	-1.2682	38.557	-27.635	11.78	54.764	-73.989	28.275	19.86	-2.7577	-21.107	-14.015	38.698	-11.69
-3.0723	21.872	-0.95493	0.32237	9.4856	-2.2197	-5.6999	1.6138	2.2013	1.5351	-2.7057	0.92384	2.0509	0.067572	0.17441	39.42	-75.853	91.448	-1.2036	-26.262	24.953	-5.2328	30.049	-52.331	6.1943	15.293	-11.934	-0.52762
-2.8203	21.114	-0.10345	0.28266	10.208	-2.4769	-6.5846	2.2086	2.1124	1.2426	-2.3668	1.0982	1.7896	-0.33753	10.08	-30.339	34.059	-1.5883	28.91	-10.29	-35.387	23.792	-3.5568	-11.701	13.556	6.9726	-10.452	-16.204
-2.8318	18.619	2.0489	-0.63537	11.125	-2.8606	-7.4688	2.8354	2.6899	0.68402	-3.0391	1.6101	2.1734	-1.2283	-0.45951	-99.786	86.093	-36.721	36.652	-15.349	-35.368	25.072	23.098	-22.344	-26.89	20.479	15.355	-35.632
-3.0303	13.321	3.7468	1.097	10.026	-3.7005	-5.9226	2.8608	1.5131	1.3387	-2.8597	0.11979	3.7364	-2.4341	-7.9406	-211.93	67.918	69.294	-43.953	-33.594	61.848	1.0173	-47.072	26.188	7.1755	-59.614	62.517	-48.23
-3.1974	11.753	3.5191	0.13338	9.5341	-2.2917	-5.0781	2.4706	0.80106	1.5872	-2.7212	-0.38729	3.2007	-1.9118	-6.6827	-62.716	-9.11	-38.544	-19.67	56.35	33.779	-15.61	-28.481	9.94	5.5404	-20.283	-21.426	20.892
-3.6168	14.535	-1.8533	-4.144	15.026	-2.5914	-5.9103	2.17	-0.34897	3.9554	-3.7787	-0.64967	2.9279	-2.0713	-16.778	111.26	-214.9	-171.09	219.67	-11.985	-33.291	-12.026	-46.001	94.729	-42.299	-10.495	-10.911	-6.3811
-4.1521	-4.6965	0.09328	-0.085043	9.3537	0.62674	-4.2205	2.5959	1.3021	2.1816	-2.3557	-2.0194	2.5758	-2.1621	-21.412	-769.24	77.864	162.36	-226.88	128.72	67.594	17.038	66.043	-70.953	56.921	-54.787	-14.084	-3.6318
-6.6024	-24.585	-2.3363	8.8929	4.284	0.44614	-0.71925	-0.55483	3.3065	0.85075	-1.4959	-0.6801	-0.14787	0.11544	-98.01	-795.53	-97.184	359.12	-202.79	-7.2238	140.05	-126.03	80.176	-53.235	34.391	53.57	-108.95	91.101
-5.5971	-10.704	-16.601	5.6579	7.7569	0.59617	0.85196	2.2868	1.2281	1.4157	0.48244	0.25287	-0.16569	0.65216	40.212	555.22	-570.59	-129.4	138.92	6.0011	62.848	113.67	-83.137	22.6	79.133	37.319	-0.71285	21.469
-4.6462	5.2692	-25.012	6.9415	8.9272	0.76219	0.065286	1.0005	1.5753	0.94169	0.61994	-1.5967	-0.39709	0.5358	38.033	638.94	-336.44	51.345	46.812	6.6408	-31.467	-51.454	13.888	-18.962	5.5	-73.985	-9.2558	-4.6543
-3.5686	12.455	-30.619	0.028723	3.8717	-0.96446	-1.8428	0.82773	1.9046	0.98492	1.3304	-2.4037	-0.84452	1.2505	43.107	287.44	-224.25	-276.51	-202.22	-69.066	-76.323	-6.9096	13.174	1.7291	28.417	-32.277	-17.897	28.589
-2.9602	17.771	-31.788	0.11098	4.4523	-1.6882	-0.86593	0.73098	2.5569	0.67727	1.8505	-0.7542	-0.35295	1.5768	24.333	212.63	-46.764	3.2903	23.224	-28.951	39.074	-3.8701	26.09	-12.306	20.805	65.979	19.663	13.05
-2.9019	15.121	-37.769	-1.1111	6.5845	2.2009	-0.57848	0.6202	2.9569	-0.26567	1.6064	0.4775	-1.4507	-0.42327	2.3345	-106.02	-239.26	-48.885	85.289	155.57	11.498	-4.4312	16.002	-37.717	-9.7645	49.268	-43.91	-80.001
-3.017	13.399	-37.373	-1.6323	5.6725	3.7414	-0.78037	-1.2635	0.97218	-1.4568	-0.39077	-0.81864	0.20077	0.053472	-4.6036	-68.87	15.832	-20.847	-36.478	61.618	-8.0756	-75.349	-79.39	-47.646	-79.886	-51.845	66.059	19.07
-3.4221	12.733	-32.971	-3.8473	5.9425	3.3844	-1.38	-2.3547	2.9039	-0.11841	0.001533	0.64999	0.0068983	0.079458	-16.206	-26.616	176.1	-88.6	10.799	-14.279	-23.984	-43.645	77.267	53.536	15.692	58.745	-7.7549	1.0394
-4.0458	6.6631	-30.198	-3.9655	6.0294	3.4212	-1.1042	-0.50836	3.3227	-1.0445	-0.32463	1.8591	-0.049774	-0.34921	-24.949	-242.81	110.93	-4.7283	3.4733	1.4707	11.032	73.852	16.755	-37.045	-13.047	48.365	-2.2669	-17.147
-4.8622	5.7194	-12.412	0.74285	8.6902	6.0628	-3.4071	-3.5194	1.814	-0.44962	0.47873	-0.36884	-0.4583	0.12237	-32.655	-37.75	711.43	188.33	106.43	105.67	-92.118	-120.44	-60.349	23.797	32.135	-89.118	-16.341	18.863
-5.5134	-6.2142	-4.1857	3.5946	4.761	6.4029	-4.2317	-5.1856	-1.857	1.638	0.63573	-3.1236	-0.25388	1.2468	-26.046	-477.34	329.04	114.07	-157.17	13.603	-32.981	-66.648	-146.84	83.506	6.2801	-110.19	8.177	44.978
-6.427	-19.668	4.8447	-2.3722	-2.1507	8.5182	1.8496	-6.526	-4.668	2.6672	1.2268	-1.4121	0.7477	1.5315	-36.546	-538.14	361.21	-238.67	-276.47	84.613	243.25	-53.618	-112.44	41.167	23.641	68.458	40.063	11.388
-6.8651	-40.205	-2.045	0.56562	-0.26922	7.8826	2.3033	-5.5874	-6.7533	2.628	0.99017	-0.62304	0.1018	2.0525	-17.525	-821.47	-275.58	117.51	75.259	-25.424	18.149	37.544	-83.413	-1.5702	-9.4635	31.563	-25.836	20.84
-9.225	-54.456	-7.0571	1.1475	-5.3888	5.2044	7.5176	-1.4007	-3.918	2.2195	1.7473	0.2191	0.31124	1.469	-94.394	-570.07	-200.49	23.276	-204.78	-107.13	208.57	167.47	113.41	-16.337	30.285	33.686	8.3778	-23.342
-8.6852	-45.926	3.1855	3.6088	-5.9557	3.1061	6.4229	-0.45435	-2.1589	-0.94628	1.0956	0.84849	1.8064	1.3798	21.594	341.23	409.7	98.45	-22.675	-83.929	-43.791	37.853	70.364	-126.63	-26.069	25.176	59.806	-3.5674
-8.6684	-48.568	5.183	3.5782	-5.9402	3.2096	3.8063	-0.46529	-2.0534	-0.72545	1.3453	1.7103	0.83776	1.2003	0.67152	-105.68	79.901	-1.2226	0.6188	4.1396	-104.66	-0.43732	4.2166	8.833	9.9885	34.472	-38.745	-7.1791
-8.3873	-52.35	5.0897	6.2119	-5.7701	2.5213	6.2907	1.378	-0.9836	-0.5636	0.72926	-0.53415	-0.39379	1.2916	11.243	-151.28	-3.7336	105.35	6.805	-27.534	99.374	73.731	42.794	6.4739	-24.642	-89.778	-49.262	3.6532
-6.5689	-33.274	13.855	4.3377	-7.378	-0.4739	3.1998	0.33158	-2.8975	-1.3115	2.1027	0.090846	-0.99229	0.7129	72.736	763.04	350.63	-74.967	-64.316	-119.81	-123.63	-41.857	-76.556	-29.914	54.939	25	-23.94	-23.15
-5.2276	-36.478	12.113	4.7208	-6.7883	0.13529	2.8933	0.61457	-2.5978	-1.771	2.4515	0.14249	-0.7255	0.63899	53.653	-128.19	-69.7	15.323	23.586	24.367	-12.262	11.32	11.989	-18.383	13.953	2.0658	10.672	-2.9562
-4.8708	-17.69	16.39	2.9673	-7.977	-5.136	3.6419	4.0778	-4.0646	-1.6005	2.3121	-1.023	0.32055	0.81359	14.269	751.54	171.1	-70.141	-47.545	-210.85	29.943	138.53	-58.671	6.8211	-5.5763	-46.621	41.842	6.9837
-4.1617	-20.618	15.714	4.4781	-7.2979	-4.6641	2.9448	4.6158	-3.4914	-2.5307	2.2779	-1.5776	0.9289	0.64946	28.366	-117.12	-27.036	60.435	27.16	18.876	-27.884	21.519	22.925	-37.208	-1.3676	-22.183	24.334	-6.5651
-3.835	-9.9077	16.808	0.87627	-7.3637	-6.1635	5.3119	5.1051	-5.5799	-1.8156	3.3211	-1.8605	1.2912	0.10814	13.066	428.41	43.754	-144.07	-2.6296	-59.978	94.687	19.572	-83.539	28.606	41.724	-11.317	14.492	-21.653
-3.3956	-9.8416	18.327	0.73023	-7.2163	-5.2257	4.8151	4.693	-5.2114	-2.3759	2.5322	-0.88268	0.91869	1.3919	17.575	2.6459	60.745	-5.8416	5.8955	37.514	-19.874	-16.481	14.739	-22.416	-31.554	39.114	-14.901	51.352
-3.2504	-8.2566	18.981	1.4285	-8.782	-4.5108	5.1204	3.6959	-4.7963	-1.8564	1.5964	-0.40009	1.5528	0.90765	5.811	63.401	26.176	27.93	-62.627	28.595	12.212	-39.885	16.604	20.782	-37.433	19.304	25.363	-19.372
-3.0488	-5.9969	19.227	1.8446	-9.327	-4.4679	5.4834	3.0652	-5.4972	-1.403	1.8519	-1.0348	2.0516	0.85912	8.0641	90.388	9.8261	16.644	-21.8	1.7157	14.52	-25.227	-28.036	18.135	10.219	-25.387	19.952	-1.9411
-2.8402	-2.3116	19.455	-0.28612	-9.0119	-2.5571	4.574	1.7796	-5.5677	-1.468	3.1217	-1.6415	1.828	0.99409	8.3412	147.41	9.1352	-85.228	12.601	76.434	-36.373	-51.427	-2.8219	-2.5989	50.792	-24.267	-8.9426	5.3986
-2.4219	1.3278	19.225	-1.3368	-9.4031	-1.8356	4.7602	1.0233	-5.6017	-1.4657	3.9074	-2.0992	1.7346	1.4338	16.734	145.58	-9.1956	-42.027	-15.648	28.859	7.4451	-30.252	-1.3574	0.090733	31.431	-18.308	-3.7356	17.589
-2.2306	3.5182	19.093	-1.5193	-10.22	-1.0732	4.9471	-0.092161	-5.4284	-0.99466	4.4818	-2.8229	1.8778	1.711	7.6514	87.615	-5.3124	-7.2986	-32.668	30.495	7.4763	-44.617	6.9312	18.843	22.975	-28.949	5.7282	11.088
-2.1146	6.0032	18.777	-2.1622	-9.8253	-0.5951	4.5275	-0.69143	-5.2975	-0.49248	4.6963	-3.3869	2.1329	1.8861	4.6415	99.404	-12.607	-25.716	15.782	19.124	-16.782	-23.971	5.2342	20.087	8.581	-22.562	10.204	7.0056
-2.0585	7.9492	17.265	-2.7251	-7.5928	-1.2824	3.4633	-0.86939	-4.8271	-0.81135	5.4721	-4.0652	2.2608	2.2819	2.2434	77.837	-60.494	-22.517	89.301	-27.49	-42.568	-7.1182	18.815	-12.755	31.031	-27.131	5.1136	15.828
-2.0647	9.3231	16.094	-2.7779	-6.4404	-1.3872	2.6512	-0.77055	-4.653	-0.11795	4.4084	-3.9803	3.0439	2.4032	-0.24799	54.956	-46.834	-2.1132	46.094	-4.1925	-32.484	3.9535	6.9646	27.736	-42.549	3.3948	31.327	4.8538
-2.0898	10.242	14.964	-2.878	-5.3674	-0.90026	1.1747	-0.69278	-3.7285	0.098503	2.8539	-3.1955	3.7108	2.1931	-1.0054	36.741	-45.216	-4.0032	42.92	19.476	-59.06	3.1109	36.981	8.6581	-62.18	31.394	26.674	-8.404
-2.145	9.386	14.516	-2.4662	-4.0927	-2.5011	1.0877	0.47188	-3.6959	-0.46369	2.4503	-2.7883	4.498	1.3536	-2.2052	-34.224	-17.919	16.472	50.988	-64.033	-3.482	46.586	1.3052	-22.488	-16.145	16.286	31.487	-33.579
-2.2771	8.9775	13.632	-1.9019	-3.5094	-2.9498	1.1345	0.21928	-3.121	-0.58941	1.3316	-1.5119	4.0126	1.5246	-5.2851	-16.338	-35.357	22.573	23.334	-17.948	1.8736	-10.104	22.994	-5.0288	-44.746	51.055	-19.414	6.8381
-2.509	6.4641	12.68	-1.06	-1.5028	-4.8548	0.3643	2.2873	-2.8453	-1.8581	0.89731	-0.42997	3.9282	0.46451	-9.2746	-100.54	-38.087	33.675	80.262	-76.199	-30.809	82.719	11.029	-50.747	-17.372	43.279	-3.3743	-42.402
-2.8101	1.023	13.117	-1.246	1.8199	-5.8625	-1.9081	3.9451	-2.0451	-0.84244	-1.8621	0.50768	4.1612	0.64066	-12.047	-217.64	17.49	-7.4406	132.91	-40.308	-90.897	66.315	32.009	40.626	-110.38	37.506	9.3187	7.046
-3.112	0.11427	12.032	0.17085	0.95992	-5.7582	-2.0057	4.7755	-2.3862	-0.13674	-2.6009	0.40292	3.2384	1.4189	-12.074	-36.351	-43.381	56.674	-34.401	4.1703	-3.9033	33.216	-13.646	28.228	-29.552	-4.1905	-36.91	31.128
-3.3276	-1.3516	10.619	1.186	1.3937	-5.7708	-3.557	6.5898	-2.3424	0.77379	-3.4384	-0.3485	2.6413	2.031	-8.6257	-58.636	-56.557	40.606	17.351	-0.50332	-62.053	72.572	1.7531	36.421	-33.498	-30.056	-23.886	24.484
-3.5759	-3.8453	10.186	2.2934	2.5577	-6.2958	-4.6742	6.8759	-1.9885	0.50939	-2.6391	-1.0465	2.5247	1.5444	-9.9311	-99.745	-17.32	44.295	46.561	-20.999	-44.688	11.441	14.156	-10.576	31.97	-27.922	-4.665	-19.464
-3.7839	-5.1953	9.8099	1.9599	2.993	-6.4126	-3.9939	5.8483	-0.83061	0.38052	-1.8587	-1.9611	1.7536	2.1457	-8.3198	-54.001	-15.026	-13.338	17.41	-4.6725	27.213	-41.104	46.316	-5.1547	31.215	-36.584	-30.844	24.054
-3.9374	-8.1408	9.9074	2.7644	3.0978	-5.547	-4.8895	6.6085	-2.0538	1.3002	-2.1662	-1.6327	1.6935	2.3963	-6.1414	-117.82	3.8985	32.18	4.1942	34.624	-35.826	30.409	-48.927	36.789	-12.3	13.137	-2.4028	10.022
-4.1071	-6.0795	9.3335	2.6774	2.1268	-6.4466	-2.9304	5.5341	-1.2183	0.13798	-0.77828	-2.3239	1.9066	1.8921	-6.7877	82.452	-22.955	-3.4805	-38.843	-35.986	78.364	-42.974	33.418	-46.491	55.518	-27.648	8.526	-20.168
-4.2116	-7.8384	9.8958	2.6482	1.1071	-5.6494	-2.6046	6.8681	-2.5476	1.08	-1.4731	-2.5196	2.4935	2.3526	-4.1783	-70.353	22.493	-1.1698	-40.787	31.888	13.033	53.359	-53.17	37.681	-27.794	-7.8302	23.476	18.423
-4.4486	-7.9012	8.7836	2.5029	1.2408	-5.4506	-1.9101	8.4264	-3.1144	-0.92806	-0.9763	-0.74508	1.6988	2.4748	-9.4802	-2.513	-44.491	-5.813	5.3488	7.953	27.781	62.331	-22.673	-80.323	19.873	70.983	-31.789	4.8842
-4.8289	-9.1105	7.7984	1.8426	1.194	-3.2927	-1.8498	6.9371	-1.1262	-1.868	-0.85735	0.22877	1.1895	1.3584	-15.214	-48.371	-39.408	-26.412	-1.8705	86.315	2.4109	-59.571	79.526	-37.598	4.7581	38.954	-20.371	-44.656
-5.1867	-13.838	9.1959	1.4309	0.27632	-0.8038	-1.1837	4.0943	-1.595	-0.088709	1.1758	0.18263	-0.53316	-0.064779	-14.31	-189.09	55.902	-16.468	-36.709	99.557	26.644	-113.71	-18.749	71.172	81.325	-1.8454	-68.908	-56.926
-5.4658	-13.597	9.1109	-0.78404	-1.6889	1.2413	0.13528	4.0491	-2.4255	0.13261	1.7275	1.8066	-0.50719	-1.1817	-11.165	9.6317	-3.4007	-88.596	-78.608	81.803	52.76	-1.8096	-33.221	8.8526	22.069	64.959	1.0387	-44.677
-5.6748	-18.203	6.1657	0.81506	1.285	2.0126	0.2458	3.5239	-3.6348	0.039327	2.2574	2.5793	-1.2393	-0.93522	-8.3609	-184.23	-117.81	63.964	118.95	30.854	4.4209	-21.008	-48.375	-3.7312	21.197	30.91	-29.284	9.8589
-6.0148	-17.993	5.4784	-0.13824	1.8675	2.653	0.096583	2.3342	-2.7106	1.5089	2.3855	1.5303	-1.838	-0.80722	-13.599	8.3852	-27.491	-38.132	23.301	25.615	-5.9688	-47.586	36.97	58.781	5.1215	-41.963	-23.947	5.1203
-6.2546	-17.956	3.2746	0.15068	1.3279	2.1701	1.9669	0.74007	-0.88731	2.4256	1.9434	2.7555	-2.2782	-1.0568	-9.592	1.4753	-88.153	11.557	-21.584	-19.316	74.813	-63.767	72.931	36.67	-17.684	49.009	-17.61	-9.9821
-6.2473	-19.829	1.8329	2.3657	3.9948	1.1267	3.5951	-1.3627	-2.5047	4.033	1.7662	1.3202	-1.744	-0.11873	0.29076	-74.899	-57.666	88.601	106.67	-41.738	65.128	-84.109	-64.696	64.297	-7.0863	-57.412	21.369	37.522
-6.5256	-27.612	2.189	4.2206	5.2713	0.43314	5.1872	-1.9991	-1.4965	2.8643	0.8751	1.4636	-1.9102	-0.63923	-11.131	-311.32	14.244	74.197	51.061	-27.74	63.685	-25.458	40.329	-46.748	-35.646	5.7373	-6.6461	-20.82
-7.0011	-38.991	2.3302	4.9037	4.3244	1.9494	3.7222	0.11414	-0.61138	3.6347	0.69373	0.4649	-1.5191	-2.0253	-19.019	-455.18	5.645	27.323	-37.878	60.65	-58.601	84.53	35.404	30.815	-7.2548	-39.948	15.641	-55.443
-7.5443	-50.965	2.2009	5.6588	2.9425	6.8544	2.3447	1.1276	2.102	1.8346	0.57909	0.4024	-2.7352	-2.8986	-21.729	-478.96	-5.1699	30.201	-55.274	196.2	-55.098	40.538	108.54	-72.005	-4.5854	-2.5001	-48.645	-34.932
-7.4244	-43.337	2.9872	4.9319	3.4675	6.0976	-1.8666	1.7816	4.2479	-0.88232	-0.039429	1.3313	-2.7228	-1.9641	4.7958	305.13	31.452	-29.076	20.999	-30.274	-168.45	26.161	85.836	-108.68	-24.741	37.154	0.49805	37.38
-7.5095	-40.024	4.6668	2.7725	4.4345	4.1874	-2.3606	2.2598	4.0447	-0.25864	-1.1228	2.3793	-3.1542	-2.0351	-3.4018	132.53	67.183	-86.375	38.68	-76.406	-19.761	19.126	-8.1281	24.947	-43.335	41.92	-17.255	-2.8401
-8.0574	-61.037	1.2858	8.7995	3.7206	6.8165	3.0828	2.1457	3.9803	-0.35612	-0.18751	0.99254	-2.7874	-1.7221	-21.918	-840.54	-135.24	241.08	-28.554	105.17	217.73	-4.5618	-2.5795	-3.899	37.411	-55.469	14.672	12.52
-8.5293	-63.142	-1.3651	9.8251	3.1165	5.7526	4.8868	-0.77053	3.0198	0.64403	-0.51773	2.2112	-1.8013	-0.55509	-18.874	-84.202	-106.04	41.027	-24.165	-42.559	72.159	-116.65	-38.416	40.006	-13.209	48.747	39.444	46.68
-9.3436	-59.034	-6.0077	5.7008	2.975	4.7718	4.8609	0.50247	4.8729	3.0902	-0.75565	1.0372	-2.7156	-1.3423	-32.573	164.35	-185.71	-164.97	-5.6606	-39.229	-1.0356	50.92	74.124	97.848	-9.5168	-46.961	-36.572	-31.49
-6.4442	-12.915	-13.493	0.25634	-0.83029	-3.7113	2.8144	-3.3642	3.0226	-0.043309	-1.0992	0.044438	-1.6741	1.2877	115.98	1844.7	-299.42	-217.78	-152.21	-339.32	-81.859	-154.67	-74.015	-125.34	-13.743	-39.71	41.662	105.2
-5.4035	2.9723	-17.704	3.286	-2.5936	-4.6778	2.6119	-5.0148	3.0877	-0.2969	-1.8167	-0.031746	-2.5764	1.8882	41.628	635.5	-168.43	121.19	-70.534	-38.663	-8.1013	-66.023	2.603	-10.143	-28.7	-3.0474	-36.093	24.02
-5.2177	-25.708	-30.14	12.457	1.5328	-2.454	7.4662	-3.0794	5.4046	2.7029	0.26213	0.65032	-1.8473	-0.44301	7.4297	-1147.2	-497.46	366.85	165.06	88.951	194.17	77.415	92.678	119.99	83.154	27.283	29.163	-93.248
-5.4823	-21.193	-32.388	7.3734	-1.9345	-2.1254	5.2502	-1.4418	3.2435	-0.25811	-2.8427	0.86939	-1.4976	0.36996	-10.584	180.62	-89.915	-203.35	-138.69	13.147	-88.64	65.503	-86.443	-118.44	-124.19	8.7627	13.988	32.519
-5.4628	-16.65	-28.436	7.1411	-2.7252	-2.9276	3.6292	-2.4576	3.0858	2.4834	-0.72977	1.7284	-0.36522	1.4314	0.77926	181.7	158.08	-9.2932	-31.625	-32.088	-64.84	-40.633	-6.3087	109.66	84.517	34.359	45.295	42.459
-5.4994	-19.181	-29.55	8.1274	-2.4893	-4.3138	6.4488	-1.9468	2.9534	0.67433	-1.3421	1.8194	-2.1695	0.61844	-1.4644	-101.24	-44.55	39.45	9.4344	-55.449	112.79	20.435	-5.2969	-72.362	-24.492	3.6399	-72.172	-32.519
-4.9402	-17.347	-29.696	6.5558	-2.8004	-2.5066	6.2473	-3.3737	2.5824	1.3508	-0.77044	0.66593	-1.1826	1.4313	22.37	73.383	-5.849	-62.864	-12.444	72.286	-8.0585	-57.076	-14.839	27.06	22.865	-46.137	39.476	32.516
-4.8506	-12.83	-29.816	4.5631	-1.3561	-4.6208	4.8987	-2.2025	3.2548	1.6983	-0.88231	1.4881	-2.0146	1.105	3.5816	180.64	-4.8009	-79.707	57.772	-84.568	-53.946	46.847	26.897	13.9	-4.4747	32.886	-33.277	-13.053
-5.0265	-12.527	-29.291	4.0787	-0.38464	-4.2407	3.6027	-2.459	4.4587	1.829	0.1219	0.76218	-1.9452	1.2154	-7.0357	12.143	20.995	-19.376	38.859	15.205	-51.84	-10.259	48.155	5.2271	40.168	-29.036	2.7743	4.417
-5.3733	-19.035	-31.611	2.2224	-0.72098	-4.6419	3.0232	-3.0416	4.0098	1.347	-1.0127	0.39154	-0.67859	2.5602	-13.872	-260.33	-92.77	-74.252	-13.454	-16.048	-23.179	-23.304	-17.955	-19.28	-45.385	-14.826	50.664	53.792
-5.7889	-16.207	-27.82	0.84388	-1.8091	-3.6515	5.7638	-2.2216	4.4291	2.1894	-0.35483	1.309	-0.68125	0.23984	-16.623	113.13	151.63	-55.14	-43.524	39.617	109.62	32.8	16.769	33.697	26.316	36.699	-0.10636	-92.816
-6.3367	-16.466	-23.51	2.0487	-1.3738	-3.595	5.1014	-2.9847	3.5179	2.1841	-0.40462	0.79529	0.56653	1.0318	-21.91	-10.338	172.38	48.192	17.413	2.2606	-26.497	-30.526	-36.448	-0.21434	-1.9915	-20.549	49.911	31.679
-7.1595	-21.117	-20.77	2.2218	-1.3773	-3.7819	4.9941	-3.0356	1.7363	1.6782	-0.73632	-0.26705	-1.0031	1.8947	-32.914	-186.05	109.64	6.9241	-0.14341	-7.4771	-4.2927	-2.0359	-71.262	-20.233	-13.268	-42.493	-62.787	34.514
-7.383	-21.368	-18.494	0.92511	-1.2576	-4.2789	4.6093	-1.0449	2.6387	0.55021	-1.3649	0.41791	-2.4658	1.7076	-8.9422	-10.067	91.005	-51.867	4.7889	-19.88	-15.391	79.627	36.095	-45.121	-25.143	27.398	-58.508	-7.4822
-7.9602	-19.198	-14.396	2.3969	-0.19103	-4.117	2.6624	-2.6701	1.3507	-0.031472	-0.85442	1.068	-1.8081	0.86938	-23.086	86.802	163.95	58.87	42.664	6.4763	-77.875	-65.005	-51.518	-23.267	20.419	26.002	26.31	-33.53
-8.5608	-36.475	-17.736	1.0914	0.63515	-1.1292	3.2483	-4.2085	1.357	0.18001	-1.7189	0.45839	-1.0951	0.73292	-24.024	-691.07	-133.61	-52.217	33.047	119.51	23.436	-61.536	0.24893	8.4593	-34.581	-24.383	28.517	-5.4584
