-5.28702142857143 2.07496428571429 -8.12376428571429 -2.43830785714286 0.256964285714286 -0.118372142857143 -0.912325714285714 0.272038214285714 1.72291085714286 -0.170729785714286 0.298225142857143 0.720226428571428 0.305151633571429 0.541044285714286 -18.0986928571429 -395.385714285714 136.7345 -68.4727642857143 48.5792857142857 69.58225 -7.1773945 26.4638442857143 9.99802857142857 15.0137571428571 2.51201428571429 -14.0100642857143 6.64642142857143 -4.60921428571429
-6.09051153846154 -13.9331442307692 -0.0767415384615384 1.24290807692308 2.16457569230769 1.67468453846154 0.467406538461539 -0.224572307692308 0.441961538461538 0.639514615384616 -0.689975461538461 -0.312757846153846 -0.661305269230769 -0.687330384615385 -53.2840923076923 -723.474615384615 -115.067580769231 55.3048846153846 52.5085576923077 43.1706049615385 49.4285769230769 2.8953 46.7786920769231 25.5596269230769 -11.2020923076923 11.6766146153846 -27.2613076923077 -12.7500692307692
-10.7596 -64.2282 -8.12008 6.01328 2.90752 3.25392 2.2187 0.9004964 -0.14301 0.052151 -1.94154 0.3985026 -0.7279312 -0.529176 -128.504 -1337.58 -136.06 149.1382 -198.87646 -5.79106 11.92138 131.7786 -31.02 -142.431 122.511 -6.41821 -16.95162 61.01204
-5.09679534883721 -2.22181162790698 3.37905860465116 0.355538372093023 0.48014023255814 0.904808906976744 -0.0680880232558139 -0.536195093023256 -0.266290232558139 0.240568813953488 -0.446355186046511 -0.115784930232558 0.266375372093023 -0.324547279069767 -22.0921790697674 -443.337209302326 -26.2029209302326 56.2794795348837 18.7529341860465 19.5551562790698 15.4871558139535 4.16005651162791 21.2718720930233 12.2149753488372 -10.6633923255814 7.76392511627907 -7.39092558139535 7.54883023255814
-5.36522 6.6811984 -15.66214 3.839966 1.40345066666667 -0.633400266666667 2.896256 -1.02159 1.94262066666667 0.355464 0.2891146 0.733636666666667 -1.0572324 0.555531066666667 7.07079333333333 116.38706 -344.248666666667 44.5190933333334 -37.46478 -29.44442 27.01022 11.881 22.2718 10.39254 18.4273866666667 5.82712666666667 -2.216706 26.9768066666667
-4.22776233766234 6.42439675324675 2.89636545454545 -0.808055649350649 -0.646602987012987 -0.61956051948052 -0.807967033766233 0.142995181818182 0.116723701298701 -0.0695197402597402 0.0119809090909092 -0.488096233766234 0.148719857142857 0.369520831168831 9.18138103896104 81.5883849350649 24.777724025974 -26.1544044155844 -30.7427307792208 -4.21809051948052 7.43828285714286 -10.5031662337662 -7.07775857142857 -2.08623753246753 8.86120207792208 -3.21779220779221 7.15791844155844 0.313974454545454
-6.498225 -17.637375 -3.795625 -1.09992 -2.86955 -0.81166 2.608755 2.0668025 -0.7641425 -0.9107975 -0.00640000000000002 0.750665 0.13276 -0.274115 77.0615 752.9325 -77.5494 -321.8275 -150.177 -115.24875 49.38475 110.03175 -70.8245 37.15975 14.9775 -27.91225 3.09575 6.76885
-5.54036842105263 1.00497105263158 -4.76484736842105 -2.32633368421053 0.83075947368421 0.446993684210526 0.224730052631579 -0.803081447368421 0.102863368421053 0.45134052631579 -0.146106315789474 0.207155447368421 -0.0366198947368422 0.455037947368421 2.35063684210526 -174.208431578947 192.687684210526 -77.7190684210526 -60.0259 9.42026315789474 6.24685263157895 -7.18571157894737 -20.791952631579 -14.1958052631579 21.3660394736842 0.588522631578948 6.2100052631579 15.0974668421053
-6.80677142857143 -22.174 -2.28133814285714 0.843304285714286 0.395728571428571 1.08357571428571 1.67709 -0.408782128571429 -0.0912537142857143 0.634077142857143 -0.0933085714285714 0.31638 0.121117142857143 0.327798571428571 164.766142857143 1201.99571428571 427.219142857143 -45.3588142857143 -84.8377571428571 -9.17128571428571 -35.3874285714286 -58.8782 -7.85635714285714 -8.67271428571429 10.6381857142857 -5.412 21.5015714285714 -13.7967142857143
-6.1678 2.305725 -6.90575 -3.36 -2.7173 -1.414355 1.1337425 -2.00654 0.1117025 0.842925 -0.544535 0.519055 -1.629525 1.4596825 271.97 3134.625 306.7075 -228.5635 -67.2235 -91.22875 -8.612 -125.492 4.548 32.875 -21.4787 -17.201025 -8.790425 41.016
-4.72721666666667 -0.207261666666667 9.1235 1.65426166666667 -1.66155 0.439416666666667 0.17472 0.318413333333333 0.636051583333333 -0.354183333333333 0.7530099 -0.270845 -1.04493416666667 0.818316666666667 73.657 246.783333333333 651.345 252.951666666667 -38.6745 -46.5805 -70.6302166666667 -8.85195 9.56897333333333 -26.5546666666667 -7.5855 -23.6700666666667 -21.3063666666667 -27.2626666666667
-6.8026375 -14.2258225 -6.42995 -1.93215875 0.500575 0.9285075 1.91872875 -0.276594375 -0.60351375 0.30626375 -0.07096625 0.548809125 -0.6732975 0.37947875 -40.018725 -582.175 -14.481375 -61.532275 -95.467625 44.4474 35.038125 61.9693625 7.747125 -38.4783 17.938125 -9.18076 -16.5804625 10.757725
-5.9516125 -6.4896125 -2.344025 0.96685375 2.8288475 1.75169 1.16824375 -0.2432025 0.43585625 0.9182393625 -0.247535 0.586451875 -0.14513 -0.24000375 -4.62755 -263.016875 153.25575 177.61975 150.05 144.64525 21.8541875 -39.905 54.963525 22.7640625 -41.2002625 -13.6455875 -18.8275 -25.88625
-5.3584375 -1.17614375 -6.36011875 0.491025 -1.317354375 0.77459625 0.71938025 0.403296875 0.543810625 -0.17996275 0.0575377750000001 0.376447625 -0.592055375 0.378831875 7.41713125 59.41255 170.57725 62.57493125 -25.98013125 21.7821375 7.00361874999999 23.60564375 15.6150125 -8.7757 1.19271875 8.56680625 1.011036875 -15.97866875
-11.0526 -61.618 -9.82968 4.94597 0.7024 2.991786 3.2997 1.244326 0.692734 1.853187 -0.195174 0.380934 -0.997458 0.564762 -133.9106 -978.17 -383.11 -53.811 -0.448920000000004 78.8622 120.9452 92.527 24.161 -6.185 15.567252 38.48 25.1606 -7.14916
-4.33695321428571 9.21793720238095 0.301386547619048 -0.451833404761905 0.351841904761905 -0.488535119047619 -0.464001047619048 0.294118773809524 -0.144200214285714 0.0754852142857143 0.0213160642857142 -0.367796488095238 0.383605853571428 -0.188920333333333 -1.80279883333333 16.7890763095238 -30.1398941666667 -8.51603047619048 41.2988595238095 -4.27295714285714 -14.2334404761905 8.09565904761905 0.656146428571428 2.88928214285714 -9.67520255952381 -2.64534714285714 6.2575955952381 -0.363061190476191
-7.37603333333333 -28.1232444444444 -1.83871111111111 4.19958222222222 2.28835555555556 3.53518555555556 1.34424 -1.01595533333333 -0.00688533333333331 1.17875844444444 0.0343977777777778 0.353627777777778 0.246023333333333 0.216982222222222 -64.9255 -967.022222222222 -167.521911111111 300.828888888889 162.367777777778 43.5754444444445 93.848 29.3243444444444 37.7707777777778 -11.1434888888889 -21.2381444444444 15.7507 15.8593666666667 7.3362
-4.69593333333333 4.579483 3.9075827 1.281829 1.59032653333333 0.625934666666667 -0.8627747 -0.3000863 -0.159255866666667 -0.365603013333333 -0.0338707666666667 -0.456659933333333 -0.479399166666667 -0.151317533333333 18.8115033333333 281.989 147.568333333333 -63.72709 -24.16136 -3.17587 -33.5706293333333 -2.84936 -15.1387933333333 -12.8916566666667 0.404308666666667 -12.3084566666667 -5.80864333333333 -2.46631266666667
-4.23301063829787 13.1265395744681 1.54160085106383 -1.80222553191489 -0.28405170212766 -0.229663808510638 -0.698781957446808 -0.516501276595745 -0.130112255319149 -0.194937765957447 0.420423744680851 0.178365221276596 0.268386382978723 -0.267927106382979 23.2860063829787 387.616808510638 -44.2042978723404 -36.3682978723404 -0.956879574468084 -12.6776170212766 -10.3932145319149 8.1297740425532 -19.0837874468085 3.76642553191489 9.73659787234043 -1.93109382978724 12.5934353191489 -4.74129765957447
-6.169375 -11.90754375 -3.782684375 2.1527125 -1.251224375 -0.5145625 1.2732518125 -1.029511875 -0.0286085625000001 -0.124189375 0.0477775 1.079576875 -0.515741875 0.308561375 -25.29360625 -371.11625 -308.88625 52.8006375 63.3858375 -28.99658125 41.1135 -7.47921895625 -30.19220625 -0.36159375 2.624145625 8.29845625 4.56340625 22.64274375
-6.08463846153846 -13.5298358974359 -1.22700230769231 2.62588869230769 0.993347564102564 0.24159 0.430306717948718 0.890875384615385 -0.12266 -0.513348205128205 0.0481258974358975 0.349126923076923 0.00288674358974359 -0.345655564102564 -20.4327146153846 -191.519538461539 -49.0666271794872 -12.7314102564103 29.0975128205128 36.2173328205128 12.4512335897436 3.21797769230769 -1.04079230769231 7.01472564102564 8.8175358974359 5.9849 -15.0555102564103 -9.60671025641026
-4.33963189655172 6.05736379310344 2.82001518965517 1.11233046551724 1.70766951724138 -1.14363706896552 -1.18389351724138 0.211078253448276 0.271198448275862 0.0562058724137931 -0.591012862068966 -0.838434827586207 0.456990874137931 -0.577523753448276 -5.82855448275862 -95.1822586206897 -51.3091375862069 55.3995827586207 39.6022568965517 -12.9244943103448 9.58347068965518 -9.6847775862069 5.32524465517241 7.78245086206897 -13.3957172413793 -5.71892327586207 -0.327537931034483 -11.6985715517241
-3.75608979591837 14.3451610204082 0.289593877551021 -1.25018530612245 -1.7189606122449 -1.25507107959184 -0.350065897959184 0.73558012244898 -0.70249693877551 -0.253817428571429 0.557711428571429 -0.0673214693877551 0.542733204081633 0.202704310204082 8.73084510204082 149.714346938775 -79.5481040816326 -14.0229026530612 16.4442944897959 -8.34762979591837 -7.81258714285714 -11.344063877551 -2.08657918367347 1.63690612244898 -6.22939469387755 -3.17891979591836 -1.80125504081633 -6.96871326530612
-6.85202631578947 -28.1227203157895 0.454378421052631 2.65258631578947 2.68117947368421 1.97245684210526 1.14797368421053 -0.869862105263158 -0.308081578947368 1.78285289473684 -1.37323489473684 -0.128870578947368 -0.464265631578947 -0.274307894736842 -75.9130842105263 -1181.43631578947 -109.508210526316 73.8189473684211 -21.5862263157895 12.3493684210526 38.4136842105263 10.5481684210526 23.8505184210526 18.4232405263158 -2.37683157894737 26.7904842105263 -29.4711263157895 27.9775547368421
-4.65485625 18.3902375 -2.288873125 -3.531604375 -1.110954375 -1.1732275 0.46662125 -0.8018337125 -1.507538125 0.803834375 0.120785625 0.344768125 -0.0846915 0.106811 37.03023125 902.289375 -40.59956875 -27.1958125 7.7955625 -44.56412125 4.06350625 -28.18778125 -29.1170625 -2.645632875 15.04879375 2.173026875 10.7615125 -2.98821875
-4.8179461627907 3.87478162790698 1.1710438372093 -0.846685755813953 -0.882235465116279 -0.058415011627907 0.0115344651162791 0.0863402558139535 -0.27925238372093 -0.4247395 0.4830205 -0.0142669767441861 0.0809678720930233 -0.0241383325581396 -3.52900222093023 -52.7633860465116 25.2363511627907 -5.67390653488372 -21.6337152325581 0.18351038372093 -3.84190744186046 -2.33573484883721 -4.53341267441861 1.24285523255814 -0.0626756976744186 2.74688058139535 -1.34801627906977 1.90061209302326
-4.72183636363636 9.51978484848485 4.54043151515152 -1.80737363636364 -3.01824606060606 0.339889909090909 -0.645759090909091 -0.764510454545455 -0.118627515151515 -0.45391596969697 0.458677212121212 0.318639727272727 -0.0112888787878788 0.368345757575758 26.1248236363636 621.38696969697 222.877454545455 -70.5970121212121 -67.2478357575758 -7.78968666666667 -43.5293878787879 -12.7499878787879 -25.1960575757576 -29.8225090909091 3.84824575757576 -9.56476666666667 10.7141242424242 -8.73712121212121
-4.59051636363636 3.58646545454545 4.10305586363636 -0.422781704545454 -1.54668715909091 -0.0882058840909092 -0.599919477272727 0.476047172727273 0.00301948409090908 -0.284301472727273 0.0159778409090909 0.303247402272727 0.210387570454545 -0.0953601136363636 -7.01603409090909 -223.410909090909 46.7435646136364 65.0956095454546 -32.9760890909091 6.78138636363636 -8.21547954545454 8.20646363636363 16.6092565909091 -5.55218340909091 -1.85624318181818 -1.91181931818182 -6.48587454545455 1.90788090909091
-8.43741428571428 -47.6310414285714 -2.46105285714286 5.802 2.32290671428571 3.18537142857143 2.24978571428571 1.05351857142857 -0.272224285714286 -0.527584857142857 -0.286222857142857 0.568152857142857 -0.402489385714286 0.274822857142857 -112.607585714286 -1823.47142857143 -164.505857142857 292.387428571429 -40.8017714285714 60.7204285714286 78.9101428571429 71.2302857142857 47.0861428571429 -17.5354428571429 3.94771428571428 54.9120428571429 -14.2332842857143 27.1452857142857
-4.68952222222222 10.1080666666667 -4.39873333333333 4.10955555555556 4.11293333333333 0.920311111111111 2.12602133333333 -1.14060377777778 0.397512222222222 -0.55253 -0.713998888888889 0.135032555555556 -0.125257777777778 -0.156300144444444 22.6483555555556 58.7622222222222 400.09 31.5405555555555 185.861222222222 115.687777777778 -25.3427777777778 25.2023333333333 -73.7220444444444 -33.6636666666667 -55.831 -10.9894666666667 56.9476666666667 -22.3852555555556
-12.7836571428571 -70.9963571428571 -11.4885142857143 1.84662689285714 -0.815053571428571 1.41268 2.01022 1.64802428571429 1.35278285714286 0.439824785714286 0.169882142857143 0.549030714285714 -1.05683857142857 0.802212857142857 -55.5189785714286 -149.150928571429 -161.772857142857 -144.711714285714 -87.6709285714286 -79.257095 -45.6208928571429 8.82508571428571 7.18887857142857 23.6261 45.2324428571429 2.47194285714286 11.4602785714286 39.631035
-6.61805882352941 -5.52851 -6.74494117647059 -3.38534882352941 -0.657551764705882 -2.46802958823529 0.892461764705883 -0.615374882352941 0.543715352941176 0.148965882352941 -0.151710058823529 0.969920117647059 -1.29023823529412 0.502654876470588 117.930588235294 1956.30588235294 61.7803588235294 -217.565470588235 -41.2317411764706 -127.637464705882 -53.2413735294118 -81.5731976470588 -20.8335918823529 -1.18070705882353 -10.3128188235294 7.88215470588235 -23.3101823529412 -6.04878823529412
