-7.939	-37.854	4.5811	3.9638	6.3215	4.5518	1.3343	0.15012	4.5819	-1.9191	-4.6012	1.5489	2.002	-0.63448	0	0	0	0	0	0	0	0	0	0	0	0	0	0
-7.2562	-20.891	9.2889	0.70997	5.316	4.4857	4.4866	0.58269	4.6991	-2.3979	-5.5524	1.9207	0.43975	-0.14987	27.313	678.53	188.31	-130.15	-40.222	-2.6429	126.09	17.303	4.6881	-19.152	-38.049	14.874	-62.491	19.384
-6.8024	-20.137	9.8508	2.0405	5.0265	4.3562	3.6934	1.0829	3.3991	-2.4926	-3.6748	1.504	0.2989	-0.86341	18.149	30.145	22.474	53.223	-11.581	-5.1795	-31.728	20.007	-52.002	-3.788	75.104	-16.67	-5.6341	-28.542
-5.8515	-1.085	6.7995	-1.0463	2.0669	2.8731	3.4832	1.9989	0.29764	-0.74741	-1.2201	1.669	0.57126	-1.8401	38.039	762.09	-122.05	-123.48	-118.38	-59.325	-8.4076	36.639	-124.06	69.809	98.187	6.5987	10.895	-39.065
-5.0754	12.908	10.516	-0.47782	-0.54595	1.0187	2.3738	0.31322	-2.3413	-0.79751	0.20846	0.085846	2.0136	-1.8197	31.041	559.71	148.64	22.741	-104.51	-74.175	-44.379	-67.425	-105.56	-2.0042	57.144	-63.324	57.695	0.81303
-4.2271	21.972	7.5392	2.5752	-2.3218	-1.1944	3.4316	0.7788	-0.91792	0.7219	2.3536	0.48271	0.17968	-1.2738	33.934	362.58	-119.06	122.12	-71.033	-88.527	42.314	18.623	56.936	60.776	85.806	15.875	-73.358	21.839
-3.7441	24.666	11.485	0.9026	-2.2148	-0.98932	1.0107	1.3796	-2.8043	0.0061968	4.2118	0.43638	0.77033	-2.5589	19.32	107.76	157.85	-66.906	4.281	8.2043	-96.835	24.032	-75.456	-28.628	74.327	-1.8531	23.626	-51.407
-3.3142	25.47	12.983	-0.14997	-0.30519	-2.2429	0.50523	1.9995	-4.378	0.8713	4.2677	0.92874	-0.24853	-1.8083	17.195	32.149	59.926	-42.103	76.382	-50.142	-20.22	24.796	-62.949	34.604	2.2368	19.694	-40.754	30.023
-2.9809	26.037	15.136	-0.70548	-3.1288	-1.7	0.90583	1.8178	-4.4426	1.9093	4.2224	-0.3435	0.13486	-0.7975	13.334	22.692	86.083	-22.22	-112.95	21.714	16.024	-7.2679	-2.5827	41.521	-1.8112	-50.89	15.335	40.434
-2.6089	29.015	14.039	1.7385	-6.3251	-1.3311	1.2219	0.54572	-1.5636	1.4226	2.3283	0.52571	1.3678	-2.8805	14.88	119.1	-43.87	97.759	-127.85	14.756	12.642	-50.882	115.16	-19.468	-75.764	34.768	49.318	-83.319
-2.4668	29.409	15.262	1.3776	-6.4731	-1.5458	-0.14479	1.9152	-1.5002	-0.093115	3.5265	0.081896	0.84388	-2.8191	5.6834	15.765	48.924	-14.438	-5.9183	-8.5856	-54.667	54.778	2.5394	-60.629	47.925	-17.753	-20.957	2.455
-2.614	31.584	14.26	0.55604	-5.2294	-1.7899	-0.8188	2.1489	-1.292	-0.28824	2.0932	0.12215	1.2953	-2.9627	-5.8885	86.996	-40.068	-32.861	49.746	-9.7661	-26.961	9.3502	8.3258	-7.8049	-57.331	1.6101	18.057	-5.7446
-2.7665	30.735	14.892	-0.37632	-3.4205	-1.6026	-1.8542	1.5015	-0.2691	-1.6947	2.0808	1.2216	-0.23595	-1.3561	-6.0976	-33.963	25.263	-37.294	72.355	7.4922	-41.414	-25.896	40.916	-56.257	-0.49712	43.979	-61.25	64.265
-3.0608	30.253	12.843	0.40528	-5.2534	-1.3018	-0.29335	1.3392	-1.3831	-1.8243	2.0143	0.89095	1.0137	-0.65036	-11.774	-19.273	-81.967	31.264	-73.314	12.034	62.432	-6.4927	-44.559	-5.1855	-2.6566	-13.227	49.986	28.229
-4.1031	22.928	6.9584	1.6863	-4.4396	-1.0046	-0.28414	1.3313	-0.93381	-1.4116	2.4439	2.1631	-0.07656	0.13198	-41.692	-292.99	-235.37	51.24	32.552	11.886	0.36841	-0.31759	17.971	16.509	17.181	50.887	-43.61	31.294
-6.3762	2.718	-5.4166	-1.042	0.5202	1.1488	1.7339	3.5904	0.61399	-1.2382	0.6323	-0.78432	-0.18019	0.64357	-90.925	-808.41	-495	-109.13	198.39	86.136	80.723	90.363	61.912	6.9338	-72.463	-117.9	-4.1451	20.463
-8.2667	-3.809	-7.6425	-5.8799	-4.1138	-1.6473	-1.0218	2.6692	-0.33836	-1.0327	-0.36712	-1.0276	-1.0706	0.97247	-75.619	-261.08	-89.039	-193.52	-185.36	-111.85	-110.23	-36.845	-38.094	8.2223	-39.977	-9.7301	-35.615	13.156
-8.2528	-6.9033	-7.7208	-1.1216	-5.3987	-4.932	0.11903	3.5037	1.542	-2.8933	-0.28012	0.39835	-0.857	0.39236	0.55773	-123.77	-3.1311	190.33	-51.395	-131.39	45.633	33.38	75.214	-74.425	3.48	57.037	8.5422	-23.204
-8.5144	-15.932	-8.6136	-1.229	-7.0011	-5.3317	-0.44478	3.8837	0.29396	-3.0176	0.42196	0.90058	-1.1839	-0.12119	-10.466	-361.14	-35.711	-4.2955	-64.097	-15.99	-22.553	15.199	-49.921	-4.9721	28.083	20.089	-13.077	-20.542
-9.7735	-35.326	-12.887	-3.0008	-7.5317	0.61999	-2.3025	4.6013	-1.259	1.165	3.9324	1.3833	-0.26388	-1.0445	-50.362	-775.75	-170.95	-70.873	-21.226	238.07	-74.311	28.703	-62.12	167.3	140.42	19.308	36.802	-36.933
-9.6613	-35.785	-12.661	-2.3823	-5.5933	-0.01779	-2.0491	4.8656	0.26119	1.2599	2.2402	-0.0034188	-1.4199	-1.6973	4.4874	-18.361	9.0519	24.742	77.538	-25.511	10.138	10.574	60.809	3.7928	-67.688	-55.468	-46.239	-26.109
-8.1608	-5.0118	-7.1713	-1.5373	-1.123	0.44328	-1.6276	4.5787	0.36615	-0.16774	0.23643	-1.9716	-2.3593	0.85485	60.02	1230.9	219.59	33.799	178.81	18.443	16.86	-11.475	4.1982	-57.104	-80.149	-78.728	-37.579	102.08
-7.5222	3.9893	-11.377	-1.1797	-1.5556	-0.5466	-0.10149	3.8459	1.1015	-0.29922	0.37824	-1.0285	-1.7579	0.53884	25.544	360.04	-168.22	14.302	-17.305	-39.595	61.044	-29.314	29.416	-5.2595	5.6722	37.725	24.057	-12.64
-7.5255	-0.79409	-11.626	-0.46131	-1.5584	0.47919	0.63279	3.6667	0.30274	-0.71253	1.1415	0.52612	-0.93365	-0.14787	-0.13436	-191.33	-9.9456	28.737	-0.11235	41.032	29.371	-7.1686	-31.952	-16.532	30.53	62.184	32.971	-27.468
-6.7435	-1.2602	-7.1514	1.2329	2.6969	1.4181	0.76142	2.6277	-0.0073213	-1.3615	1.1147	0.49434	0.023527	0.30569	31.282	-18.643	178.97	67.769	170.21	37.555	5.1455	-41.558	-12.402	-25.957	-1.0727	-1.2715	38.287	18.142
-4.4883	13.89	8.0122	4.2763	1.7131	1.1153	-0.25382	-0.21105	-0.96281	0.044054	1.3276	-2.5881	-1.0301	1.5444	90.207	606.01	606.54	121.74	-39.354	-12.11	-40.61	-113.55	-38.219	56.221	8.5179	-123.3	-42.147	49.549
-3.549	28.881	10.472	-0.029046	2.7098	1.9313	-3.9021	-0.91782	0.090373	-1.4771	0.5969	-1.966	-0.43518	0.24634	37.574	599.66	98.395	-172.22	39.871	32.641	-145.93	-28.271	42.127	-60.846	-29.229	24.884	23.799	-51.923
-3.4893	28.355	10.632	-1.8083	3.6394	2.4198	-5.0043	0.2268	-0.83344	0.66819	0.38939	-2.367	0.75518	-0.74541	2.387	-21.079	6.4119	-71.169	37.184	19.538	-44.088	45.785	-36.953	85.811	-8.3006	-16.039	47.614	-39.67
-3.745	24.282	12.428	-2.9167	3.1714	2.0146	-4.2625	0.020795	1.0908	1.04	0.082295	-2.8155	0.69585	-0.78056	-10.229	-162.91	71.808	-44.336	-18.722	-16.209	29.669	-8.2404	76.969	14.872	-12.284	-17.938	-2.3733	-1.4059
-3.8709	22.552	12.228	-2.2544	3.0505	1.5552	-4.1525	-0.011356	1.6474	1.537	-0.3075	-2.5314	0.077623	-0.025806	-5.0356	-69.194	-7.9853	26.49	-4.8325	-18.374	4.4024	-1.286	22.266	19.882	-15.592	11.36	-24.729	30.19
-4.0134	21.319	11.724	-1.2464	3.2126	0.76442	-4.331	1.3756	1.4551	2.3335	-1.3602	-2.3408	1.1628	-0.61286	-5.7	-49.294	-20.175	40.322	6.4834	-31.632	-7.1409	55.476	-7.6926	31.86	-42.11	7.6269	43.408	-23.482
-4.1841	18.356	12.724	-1.3453	2.6216	1.7212	-4.5911	1.5315	2.1491	1.4911	-2.0177	-1.451	1.4792	-0.79181	-6.8291	-118.55	40.032	-3.9556	-23.642	38.27	-10.404	6.239	27.761	-33.697	-26.3	35.592	12.655	-7.1583
-4.3525	16.384	12.399	-0.19006	1.5507	1.854	-4.2278	1.6621	2.6422	1.241	-2.5463	-0.88727	1.8275	-1.0109	-6.7327	-78.88	-13.012	46.208	-42.834	5.3128	14.53	5.2229	19.721	-10.007	-21.142	22.548	13.932	-8.7641
-4.5024	14.589	11.377	1.2803	1.6112	0.52598	-2.2673	0.98945	2.5945	1.2297	-2.9968	-0.41611	1.9129	-1.3357	-5.9996	-71.781	-40.89	58.812	2.4196	-53.121	78.422	-26.906	-1.9083	-0.45202	-18.021	18.846	3.4166	-12.991
-4.7628	12.315	11.813	1.3239	0.18877	1.6286	-1.2498	0.61417	2.8194	1.3858	-3.4145	-0.040821	1.4144	-1.6709	-10.414	-90.954	17.455	1.7476	-56.898	44.105	40.699	-15.011	8.9974	6.2453	-16.71	15.012	-19.942	-13.407
-4.9147	10.212	11.75	1.9961	-0.14223	1.6094	-0.088293	0.6655	2.2562	1.3513	-4.5843	1.2894	1.7081	-1.9618	-6.0744	-84.138	-2.5378	26.888	-13.24	-0.7672	46.461	2.0532	-22.528	-1.3793	-46.79	53.207	11.749	-11.637
-5.0678	6.248	12.146	2.1398	0.67209	1.9016	0.82143	-0.36801	2.7572	0.37535	-4.6385	2.5525	0.65575	-1.5975	-6.1242	-158.55	15.833	5.7454	32.573	11.686	36.389	-41.34	20.038	-39.038	-2.167	50.525	-42.094	14.571
-5.3832	3.5413	11.175	1.9137	1.3879	2.7032	2.0966	-1.435	2.3943	0.98499	-4.7895	2.5718	1.6523	-1.241	-12.616	-108.27	-38.813	-9.0441	28.633	32.066	51.009	-42.681	-14.516	24.385	-6.0398	0.77266	39.861	14.26
-6.0006	-1.2872	10.17	2.3737	1.6034	2.7958	2.2791	-2.0688	0.45377	0.44425	-4.6063	3.8782	0.69746	-0.37557	-24.698	-193.14	-40.225	18.403	8.6205	3.7022	7.2965	-25.349	-77.62	-21.63	7.3273	52.258	-38.192	34.617
-6.3942	-5.0314	8.1148	1.1851	1.2359	1.5929	1.9022	-1.4893	0.66804	0.6104	-4.3999	4.0982	0.73478	-0.85403	-15.742	-149.77	-82.191	-47.544	-14.7	-48.116	-15.076	23.179	8.5706	6.6459	8.254	8.7985	1.4929	-19.138
-7.097	1.7807	6.6969	-0.90376	1.6462	0.73351	2.9999	-1.7975	1.2468	1.3502	-5.0056	3.7957	1.6245	-1.9706	-28.114	272.49	-56.719	-83.556	16.409	-34.374	43.91	-12.329	23.151	29.592	-24.228	-12.099	35.589	-44.664
-7.1277	-3.7033	5.7039	3.8826	1.7388	-1.3567	2.09	0.88796	-0.96458	1.2631	-3.9508	2.181	1.0958	-1.2918	-1.2276	-219.36	-39.718	191.46	3.7053	-83.61	-36.396	107.42	-88.456	-3.4854	42.192	-64.589	-21.148	27.153
-7.3506	-9.0176	4.5359	1.9616	3.1355	-1.7286	2.1622	-1.0864	0.2204	0.68811	-4.2843	2.5388	2.8913	-2.2472	-8.9136	-212.57	-46.721	-76.844	55.869	-14.876	2.8868	-78.974	47.399	-22.998	-13.34	14.31	71.818	-38.215
-7.1882	-5.702	5.3041	-0.1554	6.0895	-1.3341	-0.30688	0.72205	1.4963	-0.24277	-3.68	1.8658	2.5411	-1.659	6.4944	132.62	30.73	-84.678	118.16	15.78	-98.762	72.337	51.037	-37.235	24.173	-26.92	-14.006	23.525
-7.1929	-2.5645	5.1726	-1.7523	6.793	-1.6365	-0.44938	-0.33148	0.91568	0.20517	-4.0169	1.5988	4.1147	-2.3381	-0.18766	125.5	-5.2624	-63.875	28.14	-12.095	-5.7	-42.142	-23.225	17.918	-13.476	-10.68	62.944	-27.163
-7.0463	-8.9304	6.4862	-0.43677	5.7704	0.99228	-1.9627	3.0319	1.0976	0.021496	-4.0951	-0.076364	2.679	-0.64083	5.8616	-254.64	52.546	52.62	-40.903	105.15	-60.531	134.54	7.2758	-7.3471	-3.1302	-67.006	-57.429	67.892
-6.4362	0.027702	6.3789	-2.0529	6.9492	-0.57328	-1.549	0.96759	1.1712	-0.30683	-3.8957	-0.14923	3.8516	-0.75125	24.406	358.32	-4.2941	-64.647	47.152	-62.623	16.544	-82.573	2.945	-13.133	7.9761	-2.9145	46.904	-4.4171
-6.4772	6.527	6.1512	0.093858	6.3137	0.2342	-3.0161	2.1883	1.7372	0.65656	-3.2709	-1.5698	2.3868	0.35609	-1.6394	259.97	-9.1059	85.872	-25.42	32.299	-58.683	48.829	22.639	38.536	24.995	-56.824	-58.592	44.294
-5.8097	12.045	4.8902	-1.3757	7.3692	0.75375	-2.9947	2.3754	1.6455	1.1688	-2.0266	-1.5697	2.1969	-0.067947	26.697	220.72	-50.442	-58.781	42.219	20.782	0.85649	7.4815	-3.6686	20.488	49.772	0.0059968	-7.5947	-16.962
-5.3889	17.087	4.2261	-1.953	6.9659	0.48511	-2.5844	1.1316	1.7324	0.92702	-1.5612	-2.2999	3.1608	-0.17735	16.835	201.69	-26.563	-23.095	-16.132	-10.745	16.414	-49.752	3.477	-9.6696	18.616	-29.211	38.553	-4.376
-5.1537	18.247	5.4186	-1.618	5.7936	0.19258	-2.3033	1.2236	1.4812	0.78337	-1.4509	-1.7482	3.3943	-0.69876	9.4075	46.382	47.7	13.402	-46.891	-11.701	11.244	3.6814	-10.047	-5.746	4.4093	22.069	9.3426	-20.856
-4.7938	12.715	8.7766	1.0294	7.6491	0.52378	-2.0201	0.46664	-0.69176	-0.036586	-1.7336	-1.2901	2.0362	-0.33377	14.394	-221.27	134.32	105.89	74.219	13.248	11.326	-30.278	-86.92	-32.798	-11.309	18.324	-54.325	14.599
-4.5638	10.133	9.4676	1.9623	8.7974	1.2614	-2.4496	-1.607	-0.68295	0.34725	-1.8062	-0.98541	0.56323	0.54872	9.2023	-103.29	27.64	37.316	45.931	29.505	-17.182	-82.947	0.35225	15.353	-2.9036	12.188	-58.919	35.3
-4.3908	14.067	8.4049	1.7594	8.278	2.198	-1.5513	-2.1194	-0.39881	0.45368	-2.0838	-1.2793	0.079354	0.69666	6.9212	157.36	-42.509	-8.1149	-20.775	37.464	35.935	-20.495	11.366	4.2572	-11.104	-11.757	-19.355	5.9174
-4.2888	15.096	8.2225	2.4133	7.9569	2.2531	-1.0124	-2.2455	-1.2164	1.2455	-1.8813	-2.3493	0.10216	0.92028	4.0791	41.179	-7.2944	26.157	-12.845	2.2023	21.554	-5.0422	-32.704	31.673	8.1028	-42.797	0.91207	8.9448
-4.2409	16.137	7.8059	2.9281	8.2289	1.0418	-0.23566	-2.5631	-0.057217	0.79603	-1.7104	-2.719	0.78588	-0.64816	1.9157	41.648	-16.666	20.59	10.882	-48.452	31.069	-12.707	46.368	-17.979	6.8348	-14.79	27.349	-62.738
-4.179	17.28	7.856	2.6743	7.7495	3.0857	-3.0521	-1.3145	0.53854	-0.089657	-1.5947	-2.7928	0.96066	-1.126	2.4771	45.708	2.0042	-10.152	-19.179	81.758	-112.66	49.944	23.83	-35.427	4.628	-2.9508	6.9914	-19.113
-4.1209	18.095	8.0665	1.315	8.8657	2.6811	-2.3003	-1.9179	0.99764	-0.78147	-1.9817	-1.6559	-0.12047	-0.23629	2.3206	32.587	8.419	-54.369	44.65	-16.184	30.074	-24.136	18.364	-27.673	-15.48	45.477	-43.245	35.588
-4.0291	16.768	10.145	0.38244	8.8016	1.7259	-0.88095	-1.688	-0.50267	0.31423	-2.1488	-1.981	-0.52973	-0.18227	3.6753	-53.091	83.14	-37.304	-2.5629	-38.208	56.773	9.1977	-60.012	43.828	-6.6839	-13.006	-16.37	2.161
-3.99	13.445	10.48	1.4968	8.542	2.5475	-0.94079	-2.145	-0.33136	0.63393	-2.6847	-3.2271	1.4553	-0.18642	1.5623	-132.9	13.408	44.572	-10.384	32.865	-2.3937	-18.28	6.8527	12.788	-21.435	-49.843	79.401	-0.16624
-4.0184	11.813	9.8704	2.8407	8.9427	2.2849	-0.22294	-4.28	0.86889	0.094236	-2.1272	-2.5008	0.49031	-0.24201	-1.1342	-65.293	-24.39	53.757	16.027	-10.507	28.714	-85.402	48.01	-21.588	22.297	29.052	-38.599	-2.2233
-3.986	12.237	8.598	3.6275	8.8189	3.1445	-1.7899	-2.7825	0.58618	0.15958	-2.3739	-2.6925	0.68837	-0.38184	1.2961	16.986	-50.895	31.472	-4.952	34.386	-62.677	59.9	-11.308	2.6139	-9.8653	-7.67	7.9225	-5.5936
-3.9485	13.687	8.462	3.295	9.2681	3.5383	-1.7286	-3.9429	0.23638	0.17252	-1.7305	-1.6162	-0.52655	-0.44543	1.4988	57.982	-5.4407	-13.3	17.969	15.75	2.4515	-46.414	-13.992	0.5175	25.734	43.053	-48.597	-2.5434
-3.8935	10.101	9.5764	5.3786	8.2653	2.7094	-2.395	-2.4267	-0.17375	1.0938	-2.0835	-3.5386	0.67532	-0.35257	2.1988	-143.44	44.577	83.346	-40.113	-33.153	-26.655	60.645	-16.405	36.851	-14.118	-76.897	48.075	3.7145
-3.8869	11.863	8.8863	4.1191	9.3556	3.0052	-1.7948	-2.7877	-1.453	0.98174	-1.1111	-3.2135	0.49329	-1.1249	0.26361	70.464	-27.604	-50.382	43.613	11.829	24.005	-14.437	-51.169	-4.4826	38.895	13.005	-7.2812	-30.895
-3.856	11.252	9.6523	4.8493	7.9259	2.6207	-1.1899	-3.4704	-0.38444	1.4029	-2.7393	-2.9748	0.64683	-0.18244	1.2366	-24.435	30.64	29.21	-57.19	-15.378	24.199	-27.31	42.741	16.847	-65.13	9.549	6.1416	37.7
-3.8127	11.742	11.839	2.9317	7.1988	3.1831	-1.5121	-3.3636	-0.42624	1.6023	-2.2087	-3.5285	0.17946	0.13472	1.7305	19.62	87.452	-76.704	-29.082	22.497	-12.89	4.2704	-1.6722	7.973	21.225	-22.147	-18.694	12.686
-3.7793	10.49	11.592	3.9602	7.1509	2.7399	-0.31497	-4.8854	-0.69561	2.2316	-1.0956	-4.116	-0.53684	-0.001828	1.3395	-50.107	-9.8639	41.138	-1.9166	-17.73	47.885	-60.871	-10.774	25.175	44.523	-23.501	-28.652	-5.4619
-3.7703	13.643	10.356	2.9922	7.7258	2.8344	0.17453	-4.4094	-1.0064	1.0777	-1.4948	-3.2564	-0.038018	-0.40205	0.35792	126.13	-49.437	-38.717	22.996	3.7815	19.58	19.04	-12.433	-46.157	-15.966	34.384	19.953	-16.009
-3.7953	16.699	8.6724	1.73	8.2931	3.1856	0.41727	-4.1829	-1.3179	0.60254	-1.3366	-2.679	-0.24591	-0.6491	-0.99936	122.24	-67.348	-50.489	22.691	14.047	9.7098	9.0618	-12.46	-19.006	6.3265	23.093	-8.3156	-9.882
-3.8428	11.703	10.251	3.5216	7.2297	2.537	1.1647	-4.0158	-2.1865	0.8906	-0.9325	-2.0577	-1.3029	-0.47661	-1.9013	-199.82	63.147	71.666	-42.533	-25.944	29.899	6.6815	-34.743	11.523	16.165	24.855	-42.28	6.8995
-3.8348	13.48	9.4047	3.8024	6.5178	3.0888	0.69817	-3.3934	-2.2025	0.14486	-0.73196	-1.6076	-0.61919	-1.6366	0.32153	71.053	-33.855	11.23	-28.477	22.072	-18.663	24.899	-0.6397	-29.83	8.0217	18.004	27.349	-46.401
-3.7883	12.885	9.7955	4.2119	6.256	3.4552	0.84533	-3.854	-2.5219	0.91826	-1.3097	-3.7684	1.0223	-0.32997	1.8599	-23.806	15.632	16.381	-10.472	14.654	5.8866	-18.425	-12.777	30.936	-23.111	-86.432	65.659	52.267
-3.7839	14.568	9.1449	3.0864	6.0633	4.1704	1.6065	-4.5165	-0.80786	-0.40378	-2.0374	-2.8972	0.25122	-0.4913	0.17608	67.347	-26.023	-45.019	-7.7061	28.609	30.445	-26.501	68.562	-52.881	-29.107	34.845	-30.843	-6.4533
-3.8575	10.425	11.582	3.8501	4.6317	3.8398	0.87807	-3.4036	-1.7486	0.6641	-1.5321	-3.6374	0.10537	-0.71924	-2.9457	-165.72	97.475	30.545	-57.266	-13.221	-29.136	44.518	-37.631	42.715	20.21	-29.608	-5.8339	-9.1174
-3.9813	11.334	9.3433	4.1219	6.262	4.1154	0.28613	-3.8547	-1.1508	0.38871	-1.2983	-2.997	-0.75685	-0.60159	-4.9507	36.337	-89.54	10.876	65.212	11.021	-23.678	-18.044	23.912	-11.015	9.3526	25.618	-34.489	4.7058
-4.17	6.4084	11.267	4.9997	4.475	3.5227	1.113	-3.3896	-1.1135	0.80647	-0.95492	-3.6593	0.12219	-1.041	-7.5483	-197.01	76.956	35.109	-71.483	-23.709	33.074	18.603	1.4941	16.71	13.736	-26.493	35.162	-17.578
-4.381	4.4319	9.8924	6.6002	4.7766	4.5178	-0.42994	-3.805	0.15942	-0.27915	-0.43851	-2.8716	0.60178	-2.2471	-8.4402	-79.062	-54.991	64.02	12.067	39.807	-61.716	-16.617	50.915	-43.425	20.657	31.511	19.183	-48.243
-4.5864	2.3312	11.398	6.12	1.9774	5.966	-0.26102	-2.6941	-0.69712	0.95084	-1.0931	-3.5032	1.5131	-1.9168	-8.2173	-84.028	60.24	-19.209	-111.97	57.927	6.7564	44.436	-34.262	49.2	-26.184	-25.266	36.452	13.213
-4.7866	2.6649	10.138	6.7412	2.9724	3.0874	0.31872	-1.6103	0.3227	-0.74555	-0.036916	-2.9625	0.2528	-1.2899	-8.0047	13.348	-50.405	24.85	39.8	-115.14	23.19	43.354	40.793	-67.856	42.247	21.629	-50.411	25.075
-4.9341	2.7298	9.5613	4.7517	5.1799	2.6432	0.88972	-0.15502	-1.3727	-0.90397	-1.463	-0.99422	-0.682	0.02473	-5.9001	2.5971	-23.082	-79.581	88.302	-17.77	22.84	58.209	-67.816	-6.3368	-57.044	78.73	-37.392	52.587
-5.0068	2.9344	9.9237	4.7861	3.4477	2.129	0.83461	-0.71755	-0.95967	0.46082	-1.0405	-1.0067	-1.5641	-0.88153	-2.9078	8.1823	14.498	1.3779	-69.289	-20.568	-2.2047	-22.501	16.521	54.592	16.9	-0.49913	-35.283	-36.25
-5.1434	4.7022	8.2553	5.2166	5.5776	0.94481	0.94954	-0.95943	-2.559	-0.09947	-0.11637	-1.3016	-0.94109	-0.55388	-5.4656	70.714	-66.737	17.218	85.198	-47.367	4.5973	-9.6751	-63.975	-22.412	36.966	-11.797	24.919	13.106
-5.2874	4.5087	7.1038	4.5443	2.9707	2.5366	1.2794	0.48068	-1.1492	-1.369	0.47052	-1.8893	-2.0098	-0.74529	-5.7617	-7.74	-46.06	-26.89	-104.28	63.671	13.196	57.605	56.391	-50.781	23.476	-23.507	-42.748	-7.6568
-5.5079	5.8403	6.0154	4.3837	2.7782	2.608	1.5421	-0.82646	-0.69812	-0.45153	0.41664	-1.6593	-2.8059	-0.43883	-8.8183	53.264	-43.535	-6.4258	-7.6993	2.8588	10.508	-52.286	18.045	36.699	-2.1551	9.2006	-31.843	12.259
-5.6595	9.3735	3.7001	3.1308	3.0538	2.3079	1.0699	-1.2252	0.042189	-1.3989	-0.18584	-0.52925	-2.9994	0.40709	-6.0652	141.33	-92.612	-50.114	11.021	-12.007	-18.889	-15.951	29.612	-37.896	-24.099	45.202	-7.7401	33.837
-5.9796	8.9824	0.89602	4.0245	3.0316	0.78849	-0.11086	-0.15347	-1.7953	-0.97022	0.48103	0.33802	-2.609	0.51682	-12.804	-15.643	-112.16	35.745	-0.88704	-60.775	-47.232	42.87	-73.501	17.149	26.675	34.691	15.615	4.3893
-6.3619	9.97	-5.718	3.9944	2.5899	1.9022	1.1112	-0.77	-1.8855	0.28417	0.67836	-0.15897	-0.48256	0.55298	-15.291	39.504	-264.56	-1.2029	-17.667	44.547	48.884	-24.661	-3.6086	50.175	7.8929	-19.879	85.056	1.4461
-6.3489	8.0298	-11.015	3.4985	1.0071	3.2268	1.0219	1.3409	-0.75305	-0.47868	-0.13802	0.28611	-0.51008	1.1128	0.51981	-77.609	-211.9	-19.837	-63.313	52.983	-3.5752	84.436	45.3	-30.514	-32.655	17.803	-1.1009	22.394
-6.0272	10.391	-14.456	3.3423	0.71996	1.6874	2.2679	2.4457	0.71278	0.2395	-0.75731	-0.66058	-2.908	1.0486	12.866	94.442	-137.6	-6.2452	-11.485	-61.574	49.843	44.192	58.633	28.727	-24.772	-37.867	-95.916	-2.5691
-5.8824	9.1652	-15.624	2.9336	-0.65846	0.051728	1.4119	0.1175	-0.69861	-0.31949	0.95618	-0.92709	-1.7814	0.10604	5.7921	-49.026	-46.733	-16.348	-55.137	-65.427	-34.242	-93.128	-56.455	-22.359	68.54	-10.661	45.065	-37.702
-5.8665	7.5036	-18.972	-1.1071	-3.4013	-1.5157	0.96291	0.41003	-1.4142	0.13175	1.8835	0.84293	0.069166	1.048	0.63895	-66.465	-133.91	-161.63	-109.71	-62.699	-17.958	11.701	-28.623	18.05	37.091	70.801	74.022	37.677
-5.7416	7.4178	-18.649	0.50013	-2.9644	-1.8452	-1.2846	2.1939	-1.8725	0.42703	2.8607	0.25702	-1.2	0.96862	4.9952	-3.4308	12.889	64.291	17.476	-13.179	-89.901	71.356	-18.334	11.811	39.091	-23.436	-50.767	-3.1741
-5.6648	9.894	-17.294	1.3398	-0.93417	-0.92959	-0.39049	-0.032116	0.61793	0.96561	1.6211	0.45269	-2.455	0.16496	3.0732	99.047	54.232	33.586	81.209	36.625	35.765	-89.042	99.619	21.543	-49.586	7.8269	-50.201	-32.147
-5.6902	12.092	-16.827	-0.34046	-3.7578	-2.1535	-0.4467	0.63302	-1.1782	0.2616	0.26203	0.35597	-1.881	-0.90278	-1.0197	87.93	18.654	-67.209	-112.94	-48.955	-2.2485	26.605	-71.845	-28.161	-54.363	-3.8687	22.962	-42.71
-5.9615	9.4812	-16.402	-0.16423	-3.2921	-2.8973	-1.3451	-0.1698	-1.6329	-0.19779	0.57594	1.0381	-1.0389	1.2169	-10.852	-104.44	17.008	7.0493	18.627	-29.752	-35.935	-32.113	-18.19	-18.376	12.557	27.283	33.683	84.789
-6.5456	12.089	-8.0535	0.027565	-0.45421	-0.92135	-0.29868	-0.80606	-1.5935	-1.8982	-1.4468	-0.25387	-1.9308	1.3121	-23.363	104.32	333.94	7.6716	113.52	79.037	41.856	-25.45	1.5794	-68.016	-80.909	-51.677	-35.675	3.8073
-6.6965	-1.1356	-2.7243	0.21172	-1.0009	1.3482	2.215	-0.66143	-1.2121	-1.2752	-0.5917	1.6107	-0.94934	-0.5017	-6.0341	-528.99	213.17	7.3664	-21.868	90.782	100.55	5.7849	15.255	24.918	34.204	74.583	39.257	-72.553
-6.6686	-7.0946	6.8601	5.1754	-5.6174	1.5289	-2.8455	-3.6395	0.39429	-2.1565	-2.4141	-0.30359	0.70216	0.31611	1.1137	-238.36	383.37	198.55	-184.66	7.227	-202.42	-119.12	64.255	-35.249	-72.895	-76.572	66.06	32.712
-6.703	-31.236	3.7588	3.7358	-2.4741	-0.83246	-4.7774	-6.2399	-3.6474	-4.9402	-1.3814	0.27101	1.1945	2.6159	-1.375	-965.65	-124.05	-57.58	125.73	-94.454	-77.275	-104.02	-161.67	-111.35	41.306	22.984	19.695	91.992
-7.8476	-53.063	-0.22241	4.3537	0.38199	-2.1862	-5.7829	-4.4876	-6.172	-5.1315	1.326	0.88491	2.4021	3.9059	-45.785	-873.09	-159.25	24.716	114.24	-54.151	-40.219	70.092	-100.99	-7.6488	108.3	24.556	48.302	51.601
-10.172	-61.038	-2.211	1.129	-0.84397	-0.82943	-4.3384	-0.61414	-3.5575	-1.4735	1.8897	2.0153	3.2426	3.8594	-92.978	-319.01	-79.545	-128.99	-49.039	54.272	57.779	154.94	104.58	146.32	22.548	45.216	33.622	-1.8599
-12.09	-62.802	-4.6447	-1.7584	-1.14	-1.9718	-3.9097	2.0395	-1.2983	0.38358	0.6139	0.72979	1.6568	1.4222	-76.728	-70.569	-97.347	-115.49	-11.842	-45.693	17.146	106.15	90.367	74.282	-51.03	-51.42	-63.432	-97.489
-7.8474	-44.534	1.0105	-3.9319	-1.6135	1.672	0.25036	2.2521	0.39891	0.011666	-0.22006	-0.63622	-0.30455	0.79545	169.71	730.72	226.21	-86.941	-18.937	145.75	166.4	8.5031	67.889	-14.877	-33.358	-54.641	-78.455	-25.07
-6.2026	10.522	5.6938	-4.635	-0.94577	-0.04244	0.46797	-4.0863	0.41421	-0.88419	0.086683	0.265	-1.0116	-2.0291	65.794	2202.3	187.33	-28.124	26.708	-68.576	8.7044	-253.53	0.61199	-35.834	12.27	36.049	-28.281	-112.98
-5.1024	4.8979	6.2148	-3.415	-2.3859	-1.6494	-0.52104	-4.2819	0.18065	1.3903	1.2824	1.5554	0.52375	-2.2323	44.008	-224.97	20.842	48.8	-57.604	-64.278	-39.56	-7.8274	-9.3424	90.978	47.83	51.615	61.413	-8.1259
-4.9864	19.814	7.4355	-2.8392	-3.156	-1.4378	0.042539	-3.8694	1.2541	1.4363	1.6198	1.9021	-0.71077	-1.4753	4.6393	596.65	48.825	23.034	-30.805	8.4637	22.543	16.503	42.937	1.843	13.495	13.871	-49.381	30.278
-4.8351	-5.9132	6.121	-4.2182	0.12702	-3.1282	-2.5534	-1.4414	-1.7532	3.3594	4.6762	2.6083	0.75622	-1.0596	6.05	-1029.1	-52.579	-55.163	131.32	-67.615	-103.84	97.118	-120.29	76.922	122.26	28.245	58.679	16.628
-4.831	16.024	8.2917	-7.1056	-1.2056	-1.0463	-0.92344	-0.90238	-0.42149	2.6387	2.816	1.2826	0.2909	-0.77801	0.16683	877.49	86.83	-115.49	-53.304	83.275	65.198	21.561	53.268	-28.827	-74.409	-53.026	-18.613	11.264
-4.4668	19.114	8.8344	-4.8812	-0.88169	-0.9853	-2.7124	-1.2047	-0.020124	1.8349	2.9935	1.2203	0.10789	-1.265	14.566	123.6	21.704	88.975	12.955	2.4399	-71.557	-12.095	16.054	-32.153	7.0999	-2.4934	-7.3204	-19.48
-3.2741	29.692	8.1444	-4.9566	-3.5901	-2.1238	-1.5142	-1.321	1.541	1.7941	1.3502	0.62412	-0.77215	-0.060394	47.711	423.11	-27.597	-3.0143	-108.34	-45.541	47.925	-4.6503	62.444	-1.6325	-65.732	-23.846	-35.202	48.185
-3.2757	34.589	9.8941	-7.1524	-3.2072	-0.77907	-0.74875	-0.18287	1.7666	0.75409	3.2672	2.3887	-1.3497	-1.6209	-0.064548	195.89	69.986	-87.832	15.315	53.791	30.618	45.526	9.0237	-41.598	76.682	70.583	-23.103	-62.418
-3.9373	26.275	10.964	-5.0837	-1.3482	0.42945	-0.34729	-1.3306	0.75799	1.5774	2.3396	1.3457	-0.77102	-0.6786	-26.463	-332.56	42.782	82.747	74.36	48.34	16.058	-45.908	-40.343	32.931	-37.107	-41.719	23.149	37.69
-3.8143	27.603	10	-3.9927	-0.47558	-0.032601	-0.22163	-2.645	1.7707	1.1649	1.3869	2.7988	-1.4208	-0.31128	4.9178	53.126	-38.528	43.641	34.906	-18.482	5.0266	-52.578	40.509	-16.499	-38.108	58.123	-25.989	14.693
-3.6699	30.179	9.1899	-4.146	0.098559	-0.12914	-0.94079	-1.3095	-0.093919	1.5468	2.732	1.0208	-0.77455	-0.053751	5.7747	103.04	-32.421	-6.1319	22.965	-3.8617	-28.767	53.42	-74.585	15.278	53.804	-71.12	25.848	10.301
-3.7003	26.55	10.794	-4.5522	-0.061003	0.255	-1.0324	-0.97425	-0.048558	1.7357	2.497	0.91162	-0.25971	-0.1299	-1.2143	-145.19	64.148	-16.25	-6.3824	15.366	-3.6628	13.41	1.8144	7.5551	-9.3993	-4.3667	20.594	-3.0459
-3.8373	25.131	11.111	-4.5167	-0.97852	0.8824	-1.4561	-0.50433	0.26858	1.9602	2.5384	1.0854	-1.1453	0.24958	-5.4818	-56.757	12.692	1.4213	-36.701	25.096	-16.949	18.797	12.685	8.9795	1.6567	6.9491	-35.425	15.179
-3.841	25.805	10.216	-4.5035	-0.14855	0.32678	-0.93309	-1.1052	0.2817	1.2861	2.4966	1.383	-0.22849	-0.43883	-0.14776	26.993	-35.777	0.52532	33.199	-22.225	20.92	-24.034	0.52477	-26.964	-1.6723	11.907	36.674	-27.536
-3.8476	27.208	9.7659	-3.9838	-0.0483	-0.43494	-0.66856	-1.376	0.24777	0.6931	2.4846	0.92505	0.19731	0.18878	-0.2623	56.084	-18.024	20.788	4.0098	-30.469	10.581	-10.835	-1.3569	-23.72	-0.47815	-18.319	17.032	25.104
-3.6951	27.634	10.207	-4.0441	-0.33694	0.065451	-0.026681	-2.3672	-0.27332	1.1415	1.8945	1.5369	-0.84226	0.22642	6.1017	17.066	17.659	-2.4116	-11.546	20.015	25.675	-39.648	-20.844	17.936	-23.605	24.475	-41.582	1.5054
-3.5724	26.258	12.004	-3.3984	-0.64579	-0.31458	0.39984	-3.7469	-0.31061	0.58575	2.1398	1.308	0.65614	-1.0725	4.9043	-55.056	71.882	25.828	-12.354	-15.201	17.061	-55.188	-1.4916	-22.23	9.8104	-9.156	59.936	-51.957
-3.6218	26.048	11.749	-2.2913	-0.80097	0.15359	-0.30853	-3.1648	0.32678	-0.82089	1.2112	1.2309	0.48361	0.52198	-1.974	-8.3949	-10.234	44.286	-6.2068	18.727	-28.335	23.285	25.496	-56.266	-37.143	-3.087	-6.9011	63.78
-3.7063	23.616	11.77	-2.3077	0.26685	0.35448	0.34742	-3.5156	-0.99653	0.35243	0.37174	2.1933	-0.19034	0.30902	-3.3808	-97.264	0.84179	-0.65717	42.712	8.0353	26.238	-14.033	-52.932	46.933	-33.577	38.496	-26.958	-8.5184
-4.108	18.897	13.574	-1.2709	-1.127	0.84536	0.84037	-2.1808	-0.049009	-1.3748	-0.57307	1.4863	0.95258	-0.59188	-16.066	-188.77	72.191	41.472	-55.752	19.635	19.718	53.394	37.901	-69.089	-37.793	-28.277	45.717	-36.036
-4.7072	11.869	10.602	1.8235	-2.6483	0.97779	1.0734	-0.74145	0.095535	-2.5018	-0.80373	2.3674	0.11925	-0.74739	-23.971	-281.13	-118.89	123.78	-60.854	5.2973	9.3199	57.574	5.7818	-45.08	-9.2263	35.242	-33.333	-6.2204
-5.5651	8.5758	6.6826	3.5378	-0.11638	-0.23796	-0.16009	0.76369	-0.24161	-2.4254	-0.32001	0.19331	0.51151	-0.72698	-34.314	-131.73	-156.77	68.572	101.28	-48.63	-49.338	60.206	-13.486	3.0539	19.349	-86.962	15.691	0.81646
-6.0164	10.59	-1.0771	3.7992	3.5887	0.16412	-1.7782	1.4676	-3.3038	-1.1166	-0.835	0.74825	-0.59837	0.87452	-18.052	80.558	-310.39	10.455	148.2	16.083	-64.726	28.156	-122.49	52.353	-20.6	22.198	-44.395	64.06
-6.4535	7.4494	-4.7785	6.4175	1.2577	-1.701	1.0633	-0.2175	-0.83297	-1.8639	-0.39519	0.33373	-0.62188	0.62439	-17.484	-125.62	-148.06	104.73	-93.24	-74.605	113.66	-67.404	98.835	-29.891	17.592	-16.581	-0.94058	-10.005
-6.3901	8.2434	-8.0413	4.9316	0.55954	-1.9482	0.67775	1.4966	-0.28782	-1.0566	0.07582	0.22216	-0.70956	0.68486	2.5369	31.761	-130.51	-59.437	-27.927	-9.89	-15.422	68.562	21.806	32.291	18.841	-4.4629	-3.507	2.4187
-6.1927	9.8811	-12.873	4.2493	-0.071664	-3.0605	1.9102	1.5237	-0.47962	0.66827	0.092758	0.85892	-1.1797	1.2658	7.8934	65.506	-193.25	-27.29	-25.248	-44.492	49.3	1.0858	-7.672	68.995	0.67751	25.47	-18.805	23.238
-5.9515	6.2928	-16.201	2.9374	-0.18433	-1.4786	2.1937	3.1072	1.0025	1.2439	0.4819	-0.016419	-0.68147	0.94206	9.6484	-143.53	-133.13	-52.476	-4.5068	63.278	11.337	63.339	59.287	23.024	15.566	-35.013	19.928	-12.95
-5.762	3.9097	-19.17	2.8105	0.84788	0.87371	3.674	1.498	0.99867	1.104	0.29049	-1.5221	-3.6537	-0.26177	7.5805	-95.324	-118.78	-5.0751	41.289	94.092	59.215	-64.367	-0.15508	-5.5949	-7.6566	-60.229	-118.89	-48.153
-5.6039	6.7839	-17.879	4.3522	-0.88036	0.23999	3.5631	2.082	-0.41885	-0.18827	-0.60882	-0.7963	-1.7793	0.71619	6.3244	114.97	51.639	61.668	-69.13	-25.349	-4.4377	23.359	-56.701	-51.69	-35.972	29.033	74.973	39.119
-5.4896	5.1703	-18.095	3.08	-2.595	-1.2913	3.0499	1.0462	-0.12358	0.78006	0.88168	1.7035	-1.3228	1.3581	4.5737	-64.542	-8.6156	-50.89	-68.584	-61.25	-20.527	-41.429	11.811	38.733	59.62	99.992	18.26	25.676
-5.6018	6.2559	-19.798	2.1339	-0.62874	-1.8023	2.5022	2.0725	0.72446	-0.77945	0.11302	1.5629	-0.95952	1.5245	-4.4886	43.421	-68.125	-37.844	78.648	-20.442	-21.909	41.049	33.921	-62.381	-30.746	-5.6222	14.532	6.6573
-5.9091	4.3332	-15.688	2.9615	-1.0691	-2.9905	0.67209	2.4011	0.33568	-0.23252	0.13751	-0.54911	-0.65079	1.8326	-12.292	-76.904	164.37	33.105	-17.614	-47.526	-73.204	13.146	-15.551	21.877	0.9797	-84.482	12.349	12.323
-6.6008	2.4924	-16.363	2.3403	0.63973	-0.025454	3.1426	2.6038	0.41045	-0.89002	0.48478	-0.32363	-1.0701	1.8903	-27.668	-73.633	-26.995	-24.85	68.353	118.6	98.821	8.1081	2.9908	-26.3	13.891	9.0193	-16.771	2.3093
-7.2573	-2.7699	-11.619	1.667	0.30701	-0.64893	2.6274	1.1414	-0.88273	-1.2732	0.7322	0.4995	-0.68385	0.59209	-26.262	-210.49	189.77	-26.931	-13.309	-24.939	-20.608	-58.496	-51.728	-15.328	9.8968	32.925	15.449	-51.93
-8.046	-11.886	-1.5008	3.6457	-2.5234	-0.68093	-1.531	-0.84462	-1.2601	-3.7007	-0.023489	-0.30144	1.0805	0.1305	-31.547	-364.66	404.73	79.148	-113.22	-1.2802	-166.34	-79.441	-15.097	-97.098	-30.228	-32.038	70.575	-18.464
-8.4745	-30.54	1.8829	2.4236	-7.4742	1.017	-2.5472	-3.1775	-3.8175	-3.78	-0.7907	0.62042	2.7837	-0.23022	-17.141	-746.13	135.35	-48.881	-198.03	67.916	-40.649	-93.317	-102.29	-3.1735	-30.688	36.875	68.127	-14.429
-10.426	-45.87	-4.5946	3.5819	-4.5094	1.6991	-2.7268	1.2674	-1.582	-1.9722	0.98166	-0.46734	1.6638	0.32385	-78.042	-613.21	-259.1	46.329	118.59	27.286	-7.1836	177.8	89.419	72.313	70.894	-43.51	-44.796	22.163
-11.632	-55.987	-5.1037	0.99343	-3.2068	-0.39251	-3.0986	0.6349	-1.6095	-1.1256	2.2511	2.132	1.2829	1.0483	-48.27	-404.7	-20.364	-103.54	52.107	-83.664	-14.873	-25.301	-1.1002	33.862	50.776	103.98	-15.236	28.978
-12.326	-62.164	-8.0356	-2.4408	-2.2462	-0.36471	-0.25694	1.6531	-2.2452	-0.72663	1.3205	1.0954	1.2703	1.9407	-27.733	-247.08	-117.28	-137.37	38.421	1.1118	113.67	40.727	-25.427	15.96	-37.223	-41.465	-0.50451	35.696
-12.301	-56.124	-9.6498	-2.8276	-4.5003	0.62566	1.0026	4.4503	0.068425	-1.3918	-0.42312	1.8067	2.6351	0.18442	0.97409	241.63	-64.569	-15.471	-90.162	39.615	50.383	111.89	92.545	-26.608	-69.744	28.454	54.591	-70.251
-12.295	-56.842	-11.942	-7.0748	-1.16	1.2314	-3.2113	3.7823	1.5623	-1.5037	0.72562	2.7168	1.0178	-1.2613	0.24466	-28.733	-91.689	-169.89	133.61	24.228	-168.56	-26.718	59.755	-4.4736	45.95	36.402	-64.693	-57.829
-12.797	-64.953	-9.2774	-2.6159	0.23255	1.8655	-1.3658	4.0962	1.0647	-1.4409	1.5452	1.7083	0.44106	-1.1741	-20.08	-324.46	106.59	178.36	55.7	25.365	73.823	12.553	-19.903	2.5089	32.784	-40.341	-23.068	3.4892
-13.639	-71.528	-11.779	-1.5602	0.9315	0.38491	-0.11229	4.428	-0.28597	0.68582	0.53391	-1.8092	-0.63211	0.92627	-33.664	-262.97	-100.08	42.226	27.958	-59.223	50.139	13.275	-54.028	85.071	-40.453	-140.7	-42.927	84.014
-13.359	-67.888	-12.164	-1.2784	1.5149	-0.0067368	-0.037145	3.837	-0.56882	0.13761	-0.006355	-1.8641	0.63021	1.2163	11.181	145.58	-15.375	11.274	23.338	-15.666	3.0058	-23.641	-11.314	-21.928	-21.611	-2.1955	50.493	11.6
-13.31	-69.515	-10.923	-2.0003	2.5507	1.4819	1.8931	4.9242	-0.67106	1.3892	0.86697	-2.3939	0.021448	1.1972	1.9808	-65.07	49.619	-28.876	41.432	59.547	77.208	43.486	-4.0894	50.062	34.933	-21.193	-24.351	-0.76238
-13.522	-74.435	-9.9184	-1.8817	-0.05431	1.6652	-0.74328	4.1987	-0.058155	-0.16162	-0.17551	-0.6103	0.04194	1.9734	-8.4697	-196.8	40.196	4.7451	-104.2	7.3297	-105.45	-29.021	24.516	-62.031	-41.699	71.343	0.81968	31.049
-13.446	-70.597	-7.6856	0.24632	-0.58644	0.52403	-1.1455	3.1483	-0.35684	0.69095	-0.67133	-1.7175	1.0824	0.91728	3.0319	153.49	89.311	85.119	-21.285	-45.646	-16.087	-42.014	-11.948	34.103	-19.833	-44.286	41.62	-42.246
-13.212	-74.016	-9.6645	0.46656	1.1174	-0.074964	-1.4347	2.3576	-0.10962	-0.40419	-0.91774	-1.6383	0.41816	0.84901	9.3643	-136.75	-79.156	8.8098	68.155	-23.96	-11.571	-31.63	9.8891	-43.806	-9.8562	3.1667	-26.571	-2.7309
-4.2826	10.817	8.1943	-8.4543	-6.7552	-4.2229	-1.755	2.8959	4.361	-3.1286	1.3321	-0.987	1.797	0.34276	357.16	3393.3	714.35	-356.83	-314.91	-165.92	-12.812	21.533	178.83	-108.98	89.992	26.051	55.155	-20.25
-3.508	22.435	13.659	-3.471	-6.0597	-4.6145	-0.87159	2.2352	4.1912	-3.8046	0.79377	0.063216	2.547	0.86223	30.985	464.69	218.6	199.33	27.822	-15.664	35.338	-26.428	-6.7908	-27.039	-21.532	42.009	29.999	20.779
-3.3275	17.319	12.151	-2.7339	-9.2855	-2.7731	-1.0619	2.9952	3.8093	-1.4518	1.2361	0.62334	1.8234	0.17606	7.2182	-204.61	-60.332	29.486	-129.03	73.656	-7.6127	30.398	-15.277	94.113	17.693	22.405	-28.946	-27.447
-3.2922	21.632	12.285	-3.6841	-9.8931	-2.9232	0.44829	3.5334	5.0927	-2.437	1.035	0.48736	1.7859	0.40723	1.4102	172.52	5.3631	-38.01	-24.305	-6.0042	60.408	21.53	51.337	-39.407	-8.0442	-5.4391	-1.5004	9.2469
-2.902	18.473	15.577	-2.7293	-9.6695	-4.7829	-0.69999	4.3235	4.9343	-3.8486	0.74217	1.0238	3.0793	0.69297	15.609	-126.37	131.68	38.193	8.9471	-74.386	-45.931	31.603	-6.3391	-56.463	-11.713	21.457	51.737	11.429
-2.9109	21.783	16.93	-3.7998	-8.3989	-3.8241	-2.2468	2.7323	3.8576	-2.7958	1.0094	0.67624	3.4983	0.42416	-0.35737	132.41	54.111	-42.818	50.822	38.351	-61.874	-63.646	-43.068	42.11	10.688	-13.902	16.762	-10.752
-3.1181	22.198	16.191	-3.3485	-7.9959	-2.4428	-2.9593	3.6963	4.2954	-2.2906	-0.065844	0.56259	3.3676	-0.079871	-8.2864	16.568	-29.56	18.049	16.118	55.252	-28.498	38.558	17.514	20.208	-43.009	-4.5458	-5.2285	-20.161
-3.1831	19.459	17.907	-3.6228	-7.5327	-2.0172	-3.4983	3.4275	3.6593	-1.3514	-1.2587	1.1304	3.1782	0.76835	-2.598	-109.55	68.661	-10.97	18.529	17.024	-21.56	-10.752	-25.444	37.569	-47.715	22.714	-7.5777	33.929
-3.4105	16.005	16.207	-2.1234	-6.6896	-2.9447	-2.6272	3.2123	2.4967	-1.2096	-0.57751	0.23068	3.1716	1.4381	-9.0972	-138.14	-68.015	59.976	33.724	-37.1	34.844	-8.6099	-46.503	5.6709	27.248	-35.99	-0.26256	26.788
-4.0884	11.082	15.334	0.48724	-6.551	-4.1324	-1.6768	4.1148	2.417	-2.1256	-0.33045	-0.15497	2.5325	1.2911	-27.117	-196.93	-34.917	104.42	5.5458	-47.509	38.016	36.103	-3.1888	-36.642	9.8824	-15.426	-25.564	-5.8771
-5.0339	2.3845	13.088	0.69669	-4.0784	-4.4362	-1.413	2.6016	2.272	-0.53288	-2.3346	-0.2861	1.5918	0.16219	-37.821	-347.9	-89.844	8.3779	98.901	-12.151	10.552	-60.529	-5.801	63.711	-80.167	-5.2454	-37.628	-45.158
-6.5526	-2.0748	3.1333	-1.2972	-2.0827	-2.8964	-1.0545	3.9501	0.57862	-0.77798	-0.6969	-1.4001	0.42006	0.42134	-60.746	-178.37	-398.18	-79.754	79.828	61.591	14.339	53.941	-67.735	-9.8043	65.509	-44.56	-46.871	10.366
-8.0074	-3.7132	-5.1337	-4.0405	-0.76705	0.64171	0.6587	3.2337	0.73913	-0.42702	-0.19222	-0.50912	-1.0887	-0.93955	-58.191	-65.536	-330.68	-109.73	52.627	141.53	68.53	-28.658	6.4203	14.039	20.187	35.639	-60.351	-54.436
-7.7764	0.72284	-9.7876	-4.1488	-0.76875	0.26531	0.12164	2.1844	-0.73227	-0.42551	0.15252	-1.453	0.12986	0.33005	9.241	177.44	-186.15	-4.3296	-0.067871	-15.056	-21.483	-41.972	-58.856	0.060207	13.79	-37.754	48.743	50.784
-7.6625	1.4863	-10.797	-5.8053	-2.4787	-1.0179	-0.46184	2.0446	-0.84604	-1.0867	1.102	0.15993	0.23734	1.205	4.5541	30.538	-40.361	-66.262	-68.4	-51.33	-23.339	-5.5906	-4.5504	-26.447	37.979	64.516	4.2994	34.999
-7.6631	-2.8122	-13.442	-6.3475	-0.54704	-1.1547	-0.85152	1.7868	-0.15581	-0.91787	0.86005	-1.1561	-1.1168	-1.4033	-0.0253	-171.94	-105.8	-21.688	77.268	-5.4688	-15.587	-10.313	27.609	6.7525	-9.6781	-52.641	-54.164	-104.34
-7.829	-1.7048	-12.649	-5.1555	-1.7555	-1.6117	-0.10352	2.5472	-0.46583	-2.0865	0.10285	-1.6698	-0.24013	1.6394	-6.633	44.296	31.691	47.681	-48.339	-18.28	29.92	30.417	-12.401	-46.744	-30.288	-20.55	35.065	121.71
-7.991	-6.3194	-12.6	-4.1047	0.1603	0.029706	1.1723	2.5312	-0.64191	-1.1086	0.7572	-1.5642	-0.16173	0.32312	-6.4827	-184.58	1.9705	42.033	76.632	65.655	51.032	-0.6419	-7.0429	39.116	26.174	4.2259	3.1361	-52.652
-8.1403	-7.4672	-11.977	-3.5446	-1.7721	-2.0649	-1.1489	3.2367	0.21257	-0.59102	-0.20976	-1.4633	-0.4519	1.2343	-5.969	-45.915	24.934	22.402	-77.298	-83.785	-92.846	28.222	34.179	20.702	-38.678	4.0377	-11.607	36.447
-8.0387	-4.1678	-10.598	-5.4363	-2.023	-1.8703	-2.0226	1.8608	-0.45367	-1.2468	0.42366	-2.2238	-0.95511	1.2028	4.0618	131.98	55.166	-75.666	-10.033	7.7837	-34.949	-55.036	-26.65	-26.231	25.337	-30.423	-20.128	-1.259
-7.9592	-4.5532	-13.186	-4.9648	-0.30497	-1.9464	-0.62362	3.1482	0.15078	-0.26055	0.8289	-1.6648	-1.1049	-0.27499	3.1793	-15.415	-103.54	18.857	68.72	-3.0431	55.958	51.494	24.178	39.45	16.21	22.359	-5.9927	-59.112
-7.7629	-2.2838	-11.29	-3.396	2.092	-0.32866	-0.86704	1.4694	0.59307	0.35594	1.1984	-0.96304	-1.3551	1.1412	7.8539	90.776	75.842	62.752	95.88	64.71	-9.7368	-67.15	17.692	24.66	14.779	28.072	-10.006	56.647
-7.905	0.2287	-6.4024	-1.8968	2.7965	1.3982	-0.087476	4.5189	-0.4369	-0.23422	-1.5953	-1.1452	-1.4454	0.63973	-5.6832	100.5	195.5	59.968	28.178	69.072	31.183	121.98	-41.199	-23.606	-111.75	-7.2876	-3.6142	-20.058
-6.1528	1.0094	4.8669	1.2395	0.090068	-0.23241	-1.021	2.2868	-2.0372	-0.39007	1.2073	0.58459	-1.1674	0.81538	70.087	31.227	450.77	125.45	-108.26	-65.223	-37.342	-89.284	-64.013	-6.2342	112.11	69.193	11.122	7.0261
-4.7121	15.397	12.757	-3.1964	1.0275	0.42331	-0.078032	-0.59933	-1.9888	0.55962	0.0033714	-1.0379	-0.11629	-0.23858	57.63	575.51	315.61	-177.44	37.498	26.229	37.72	-115.45	1.938	37.988	-48.157	-64.899	42.044	-42.158
-4.1895	20.931	13.103	-4.9684	2.6719	-1.0071	-0.50115	-1.0518	-2.0999	2.0901	1.1803	-0.35533	-0.22332	0.24945	20.903	221.36	13.835	-70.879	65.773	-57.218	-16.925	-18.1	-4.4462	61.22	47.077	27.302	-4.2816	19.521
-4.0289	22.404	12.28	-3.2768	3.3966	-1.8795	-0.12064	-1.2056	-1.8202	2.7744	1.5202	-0.31399	-0.37467	0.57117	6.425	58.923	-32.91	67.661	28.988	-34.896	15.22	-6.1494	11.19	27.372	13.598	1.6534	-6.0539	12.869
-4.0434	21.866	9.7432	-1.0855	4.6234	-1.6639	-0.23818	-0.96209	-1.8293	3.4802	0.88113	-0.92556	0.0064288	0.21308	-0.58162	-21.524	-101.48	87.653	49.073	8.6236	-4.7019	9.7395	-0.36485	28.233	-25.565	-24.463	15.244	-14.323
-4.1434	22.264	9.9354	-0.88088	4.2315	-2.4601	1.0272	-1.1919	-1.345	3.8852	0.38756	-0.43763	-0.3602	0.23569	-3.9986	15.914	7.6873	8.1854	-15.675	-31.845	50.617	-9.1911	19.373	16.198	-19.743	19.517	-14.665	0.90425
-4.165	20.933	10.179	0.30299	3.4594	-1.3197	-0.401	-0.30765	-1.4204	3.1322	0.57417	-0.21217	-0.41222	0.13173	-0.86528	-53.252	9.7283	47.355	-30.884	45.616	-57.13	35.369	-3.017	-30.12	7.4644	9.0183	-2.0805	-4.1585
-4.2151	18.371	11.565	0.51552	1.9314	-1.2233	1.294	-1.6652	-0.73067	3.1951	-0.0034239	-0.15234	0.94295	-0.91478	-2.0042	-102.48	55.461	8.5015	-61.119	3.8546	67.802	-54.301	27.59	2.5162	-23.104	2.3934	54.206	-41.86
-4.446	16.925	11.787	1.2188	0.39311	-0.77724	2.3318	-2.6946	0.31099	1.9213	0.34197	0.014188	0.40099	-0.93566	-9.2353	-57.812	8.8626	28.129	-61.532	17.842	41.509	-41.175	41.666	-50.952	13.816	6.6611	-21.678	-0.83534
-4.7398	10.506	13.168	0.85804	-2.7137	2.7034	1.9536	-2.4371	-0.10056	1.575	-0.17087	0.18918	0.48268	-1.8697	-11.754	-256.79	55.236	-14.428	-124.27	139.23	-15.126	10.299	-16.462	-13.851	-20.514	6.9996	3.2678	-37.36
-5.1489	11.79	9.948	2.2521	-3.3741	1.4157	3.8372	-2.6952	-0.16754	0.77671	-0.70019	0.44231	0.17278	-1.2717	-16.362	51.388	-128.78	55.763	-26.416	-51.509	75.344	-10.325	-2.6789	-31.932	-21.173	10.125	-12.396	23.92
-5.5368	13.655	3.2661	4.0195	-0.13625	-1.3599	2.0406	0.13146	-1.6723	1.3433	0.15786	0.31905	-0.01737	-1.0519	-15.514	74.602	-267.28	70.695	129.51	-111.02	-71.863	113.07	-60.191	22.662	34.322	-4.9304	-7.606	8.7889
-5.7586	9.0551	-11.121	6.9533	0.78588	-1.8434	3.7288	2.3899	-0.35188	2.2307	1.4402	-0.14612	-2.1308	-0.95214	-8.8756	-184.01	-575.48	117.35	36.885	-19.337	67.527	90.337	52.817	35.496	51.294	-18.607	-84.536	3.9918
-5.4741	9.1975	-16.415	5.2863	-2.2198	-1.4514	1.9863	3.2196	-0.33179	0.4285	1.0241	-0.3805	-0.91359	-0.19314	11.382	5.6989	-211.74	-66.683	-120.23	15.678	-69.701	33.19	0.8036	-72.087	-16.645	-9.3749	48.687	30.36
-5.0752	15.656	-16.458	5.0934	-1.7137	0.71966	2.4081	2.8465	0.35857	-0.012237	-1.5409	-2.831	-1.3113	-0.46807	15.956	258.32	-1.7264	-7.7153	20.247	86.842	16.874	-14.923	27.615	-17.629	-102.6	-98.021	-15.907	-10.997
-4.7728	14.488	-19.563	2.0178	-3.5699	-0.57017	3.4301	4.1924	1.4489	0.61656	0.031559	-2.221	-0.71782	-0.24433	12.096	-46.705	-124.21	-123.03	-74.249	-51.593	40.881	53.833	43.612	25.152	62.897	24.4	23.737	8.9498
-4.7823	14.702	-21.376	0.78771	-5.6248	-2.2718	0.80426	3.3903	1.3259	1.2817	1.1011	-0.869	-0.42086	0.78865	-0.38218	8.5513	-72.511	-49.202	-82.197	-68.066	-105.04	-32.083	-4.9178	26.604	42.784	54.081	11.879	41.319
-4.786	16.583	-19.748	0.75934	-4.3753	-0.62475	2.3865	2.934	-0.48398	-0.024985	0.44352	-1.0681	-1.2131	1.4985	-0.14513	75.26	65.093	-1.1349	49.981	65.883	63.291	-18.253	-72.396	-52.266	-26.305	-7.9638	-31.688	28.394
-4.7327	14.908	-21.017	-0.65493	-4.8479	-2.0283	-1.1635	1.0676	1.2873	-0.60615	-0.47257	0.24189	-0.53905	0.91237	2.1299	-67.009	-50.754	-56.571	-18.903	-56.143	-142	-74.655	70.852	-23.247	-36.643	52.4	26.96	-23.445
-4.7302	15.999	-21.545	-0.58144	-4.4448	-2.744	0.97546	2.8541	2.2478	0.34717	-0.088613	-0.074151	-0.60227	0.75706	0.098914	43.652	-21.092	2.9396	16.123	-28.626	85.558	71.46	38.418	38.133	15.358	-12.642	-2.5288	-6.2123
-4.8603	15.856	-21.813	-1.1821	-2.763	-2.7249	-1.4208	-0.52698	0.29586	2.3503	2.2783	1.5097	-0.4122	1.1751	-5.2003	-5.7177	-10.738	-24.028	67.271	0.76437	-95.85	-135.24	-78.076	80.126	94.678	63.355	7.603	16.723
-5.1107	14.93	-19.231	-1.0259	-2.3596	-0.75978	-0.65209	0.77882	0.15828	-0.31182	1.3499	1.6165	-0.053817	0.45721	-10.016	-37.051	103.28	6.2518	16.138	78.604	30.748	52.232	-5.5033	-106.49	-37.139	4.269	14.335	-28.718
-5.5727	11.861	-19.076	-2.2139	-2.7186	-1.7218	-0.53496	0.1573	0.8838	0.39324	0.99094	0.35317	-0.91926	0.25366	-18.483	-122.77	6.1859	-47.522	-14.362	-38.48	4.6851	-24.861	29.021	28.202	-14.358	-50.532	-34.618	-8.1418
-6.1674	8.3966	-17.437	-1.6783	-3.2516	-3.5014	-0.34698	1.5955	-0.050182	0.44119	0.2388	-0.094635	-0.57973	0.10751	-23.785	-138.57	65.557	21.424	-21.321	-71.183	7.5191	57.527	-37.359	1.9178	-30.086	-17.912	13.581	-5.8461
-6.2867	9.8395	-8.1402	2.5364	1.0918	-0.97873	0.73137	0.87826	-1.2598	-0.21336	1.5805	0.39384	-1.0437	0.20679	-4.7728	57.716	371.89	168.59	173.74	100.91	43.134	-28.688	-48.384	-26.182	53.667	19.539	-18.558	3.9712
-5.5944	13.17	4.2924	1.891	2.3278	1.8396	2.0011	-0.95679	-1.0616	-1.9943	-1.4095	0.35014	-0.15596	-0.58314	27.693	133.23	497.3	-25.815	49.443	112.74	50.787	-73.402	7.9277	-71.238	-119.6	-1.748	35.509	-31.597
-5.2077	9.2812	9.1557	-0.63319	4.4353	3.2363	0.92297	-2.2289	-1.7028	-0.88713	-1.7027	0.74611	-0.69935	-1.4752	15.468	-155.56	194.54	-100.97	84.297	55.866	-43.123	-50.884	-25.65	44.287	-11.728	15.839	-21.736	-35.683
-4.954	7.6865	9.5525	0.073705	5.344	2.9406	1.9922	-3.4973	-0.9751	-0.013915	-1.5604	0.55993	-1.3537	-0.87368	10.148	-63.788	15.87	28.276	36.351	-11.83	42.768	-50.738	29.109	34.929	5.6913	-7.447	-26.174	24.062
-4.6705	10.871	10.358	-0.20722	5.0659	2.6017	1.5331	-3.1023	-2.1755	0.41667	-1.9562	-0.60744	-0.034412	-1.377	11.341	127.39	32.211	-11.237	-11.123	-13.555	-18.363	15.802	-48.016	17.224	-15.832	-46.695	52.771	-20.132
-4.5124	11.186	11.15	0.73587	4.4823	2.1545	1.26	-3.3774	-1.7443	-0.219	-2.8193	0.18379	-0.13738	-0.99296	6.3234	12.603	31.692	37.723	-23.346	-17.888	-10.923	-11.007	17.248	-25.427	-34.522	31.649	-4.1189	15.361
-4.4459	11.28	10.978	0.70542	5.1988	3.0363	-0.061723	-3.967	-1.7802	0.65339	-1.9655	-0.71417	-0.63992	-0.93516	2.6595	3.762	-6.8672	-1.2179	28.66	35.272	-52.87	-23.581	-1.436	34.895	34.151	-35.919	-20.101	2.3123
-4.4068	11.605	10.86	0.41636	4.8422	2.7558	1.4644	-3.9497	-1.6281	1.1552	-3.5545	-0.10931	-0.21842	-0.62249	1.5642	12.978	-4.7521	-11.562	-14.265	-11.221	61.044	0.6905	6.0824	20.074	-63.559	24.195	16.86	12.507
-4.5402	11.822	10.374	1.4799	4.085	3.1271	0.37422	-3.9757	-0.68057	-0.022959	-1.9767	0.45796	-1.6059	-0.24048	-5.339	8.6763	-19.425	42.54	-30.286	14.855	-43.606	-1.0397	37.903	-47.128	63.109	22.691	-55.498	15.28
-4.7781	9.5655	11.544	0.89822	3.6696	3.069	-0.34193	-2.8926	-0.97175	-0.025033	-0.95991	0.44095	-0.8165	0.011388	-9.5131	-90.25	46.82	-23.266	-16.617	-2.3263	-28.646	43.323	-11.647	-0.082925	40.674	-0.68069	31.575	10.075
-5.109	7.6865	10.543	1.459	2.9919	2.4079	0.098151	-2.1221	-0.20033	-0.50168	-1.5762	1.3923	-0.55674	0.16042	-13.235	-75.161	-40.054	22.433	-27.109	-26.443	17.603	30.822	30.857	-19.066	-24.651	38.052	10.39	5.9615
-5.325	5.8257	10.068	1.0407	3.6871	2.4028	-0.098514	-1.6068	-0.20849	0.10467	-2.803	1.5074	0.16868	-0.046762	-8.64	-74.432	-19.008	-16.733	27.809	-0.20479	-7.8666	20.611	-0.32651	24.254	-49.072	4.6067	29.017	-8.2875
-5.348	5.8578	9.5619	0.66077	4.3886	2.5901	-1.0398	-2.1814	0.49338	-0.34377	-2.1731	0.73397	0.50665	1.046	-0.92224	1.2861	-20.241	-15.198	28.061	7.491	-37.652	-22.985	28.075	-17.937	25.194	-30.938	13.519	43.709
-5.3964	4.6451	9.5545	1.2456	4.1074	2.038	-1.8816	-1.0916	0.27688	-0.13262	-1.8679	1.0106	-0.24588	0.58775	-1.9359	-48.508	-0.29541	23.395	-11.249	-22.082	-33.671	43.591	-8.6602	8.4459	12.209	11.067	-30.101	-18.329
-5.6474	3.4453	10.103	0.47739	3.71	2.3088	-2.2586	-1.8068	0.83975	0.1096	-2.0817	0.70295	-0.53829	0.28279	-10.041	-47.993	21.953	-30.73	-15.896	10.832	-15.082	-28.607	22.515	9.6889	-8.5494	-12.308	-11.696	-12.198
-5.9435	2.9827	9.7237	-0.029909	2.9463	1.732	-0.99862	-1.7176	0.62686	0.22176	-1.9787	0.25755	-0.63998	0.27818	-11.843	-18.504	-15.183	-20.292	-30.55	-23.072	50.4	3.5666	-8.5157	4.4864	4.1192	-17.816	-4.0677	-0.18432
-6.0321	2.781	9.2705	0.63723	1.7755	1.33	-0.81042	-1.5269	0.52003	0.63973	-2.3168	0.20453	-0.11491	-0.60135	-3.5407	-8.0682	-18.13	26.686	-46.829	-16.08	7.5283	7.6297	-4.2732	16.719	-13.527	-2.1209	21.003	-35.181
-6.0177	2.8282	9.7282	0.19425	2.1485	-0.45229	-1.3982	-0.31935	0.21013	-0.31315	-1.9696	0.35813	0.37194	-1.2216	0.57422	1.8878	18.31	-17.719	14.918	-71.293	-23.511	48.302	-12.396	-38.115	13.888	6.1439	19.474	-24.81
-6.0024	2.0012	9.7857	0.074848	1.2527	0.7147	-1.7857	-1.2105	-1.8377	-0.2993	-1.3655	1.0292	-0.16509	-0.739	0.6133	-33.08	2.2981	-4.776	-35.831	46.679	-15.5	-35.645	-81.912	0.55413	24.166	26.843	-21.481	19.304
-6.2531	-1.5162	8.9335	-0.44284	0.69466	-0.3002	0.12126	0.27317	-2.7296	-1.1732	0.4604	1.1302	-0.74179	-0.599	-10.028	-140.69	-34.086	-20.708	-22.323	-40.596	76.278	59.345	-35.677	-34.955	73.036	4.0398	-23.068	5.5999
-6.8254	-0.40112	5.4744	-2.2987	1.5242	-0.42881	-0.43162	1.2243	-2.2221	-1.7128	1.0853	0.88814	-0.48944	-0.14191	-22.893	44.603	-138.37	-74.234	33.182	-5.1443	-22.115	38.044	20.301	-21.584	24.996	-9.6823	10.094	18.284
-7.3573	-2.8447	3.1858	-2.8905	-0.034203	0.11978	1.4803	2.3536	-1.538	-0.34743	0.65188	-0.59497	-2.0224	-0.38794	-21.276	-97.742	-91.543	-23.671	-62.336	21.943	76.478	45.171	27.362	54.614	-17.337	-59.324	-61.319	-9.8414
-7.6589	-1.1428	-1.0193	-4.3696	0.28734	-1.1687	0.76326	2.8504	-0.66566	0.37534	1.0957	-1.2628	-1.4245	-0.4217	-12.064	68.073	-168.21	-59.164	12.862	-51.538	-28.683	19.874	34.894	28.911	17.753	-26.715	23.917	-1.3502
-7.5649	0.23035	-5.4321	-5.282	0.35851	-1.2488	-1.1697	1.8961	0.46415	0.076327	0.5453	-0.88986	-1.5637	0.024842	3.7622	54.928	-176.51	-36.496	2.8469	-3.2051	-77.317	-38.172	45.192	-11.961	-22.016	14.919	-5.5674	17.862
-7.3277	2.7841	-5.8588	-6.8779	-0.55699	-1.5155	-2.2027	1.4695	0.57288	1.1344	1.4028	1.4106	0.065389	0.13563	9.4865	102.15	-17.07	-63.837	-36.62	-10.67	-41.321	-17.064	4.3493	42.322	34.3	92.018	65.163	4.4314
-7.2932	2.2215	-5.9307	-7.2556	-1.9895	-2.9251	-3.7858	0.28265	0.10654	0.43841	1.7378	0.4749	0.40723	0.36944	1.38	-22.502	-2.8757	-15.109	-57.301	-56.384	-63.323	-47.475	-18.654	-27.839	13.401	-37.427	13.674	9.3525
-7.6851	-1.7095	-6.2261	-7.4769	-0.58441	-1.1115	-1.3834	0.99314	-0.30455	0.32792	1.1144	-0.2966	-0.87726	0.50629	-15.676	-157.24	-11.817	-8.8499	56.204	72.545	96.096	28.42	-16.444	-4.4196	-24.938	-30.86	-51.38	5.4739
-8.0147	-9.4255	-0.98281	-4.5357	0.88213	-0.65254	-0.74481	1.17	-1.5626	-1.0051	1.026	0.72201	-0.083549	0.65092	-13.186	-308.64	209.73	117.65	58.662	18.359	25.542	7.0734	-50.323	-53.321	-3.5364	40.744	31.748	5.785
-8.3702	-16.068	6.6551	0.76517	0.53858	-0.03355	-2.5456	1.189	-0.88003	-2.8749	-0.32787	0.54598	0.061277	-1.5054	-14.219	-265.69	305.52	212.04	-13.742	24.76	-72.032	0.7609	27.304	-74.792	-54.154	-7.0413	5.793	-86.253
-8.4952	-29.102	4.1366	-1.5969	-4.0499	0.27235	-3.4011	-0.71421	-0.51732	-2.7003	-1.2733	0.82363	1.652	-1.4082	-4.9996	-521.36	-100.74	-94.482	-183.54	12.236	-34.218	-76.129	14.508	6.9855	-37.819	11.106	63.631	3.8895
-8.6582	-35.873	5.0149	0.38235	-2.6368	-1.2121	-6.3231	-2.8093	-2.7117	-2.0635	-0.6537	1.6746	2.3736	0.70942	-6.5197	-270.86	35.132	79.169	56.525	-59.377	-116.88	-83.803	-87.777	25.473	24.785	34.039	28.862	84.704
-8.743	-52.218	3.7174	1.1531	-2.8436	-3.8082	-6.1422	-3.0166	-4.6113	-3.8337	0.9095	1.9662	2.3708	1.1999	-3.3911	-653.78	-51.902	30.828	-8.2732	-103.84	7.2381	-8.2908	-75.982	-70.81	62.528	11.665	-0.11091	19.619
-10.109	-62.553	-3.402	2.7901	0.93095	-0.23897	-4.6913	-1.3429	-4.9272	-1.3465	2.5389	2.4174	2.6295	3.4683	-54.648	-413.42	-284.77	65.482	150.98	142.77	58.035	66.947	-12.636	99.489	65.176	18.048	10.345	90.735
-12.271	-68.187	-7.0637	-0.52602	-0.036398	-0.85545	-2.6302	1.9822	-2.7394	-1.6703	1.961	1.4504	2.3429	2.7128	-86.489	-225.36	-146.47	-132.64	-38.694	-24.659	82.445	133	87.511	-12.954	-23.114	-38.681	-11.463	-30.219
-13.555	-69.671	-9.7701	-2.5585	-0.37744	0.21157	-0.38746	3.2959	0.16881	-1.3292	0.095396	-1.1804	0.11975	1.686	-51.327	-59.346	-108.26	-81.297	-13.642	42.681	89.709	52.548	116.33	13.647	-74.626	-105.23	-88.925	-41.074
-12.071	-65.935	-9.1904	-2.4806	-0.54827	1.2374	0.10854	4.0205	0.77404	0.6743	1.0178	-0.49309	-0.48873	-0.1017	59.329	149.44	23.19	3.1146	-6.8333	41.034	19.84	28.983	24.209	80.138	36.896	27.491	-24.339	-71.507
-9.6079	-38.607	-13.456	-2.8199	-1.4991	0.052105	-0.24926	0.52177	0.041512	-0.90206	0.87914	2.3267	-0.67937	-1.9897	98.536	1093.1	-170.63	-13.571	-38.033	-47.412	-14.312	-139.95	-29.301	-63.054	-5.5461	112.79	-7.6253	-75.521
-7.321	-2.543	3.0399	-0.72719	-4.3004	-1.8979	0.38027	-1.0664	0.48426	-1.3498	-0.21362	1.0263	-1.0997	-1.8025	91.476	1442.6	659.84	83.707	-112.05	-77.998	25.181	-63.528	17.71	-17.911	-43.711	-52.016	-16.814	7.4889
-6.8116	-8.9092	8.3253	-2.3332	-2.6318	-2.3259	-1.2329	-0.38761	0.28986	-1.321	1.7554	0.56873	-0.55762	-1.1136	20.376	-254.65	211.42	-64.241	66.742	-17.121	-64.526	27.153	-7.7759	1.1519	78.762	-18.302	21.684	27.556
-6.2047	2.3471	5.6963	-7.056	-2.3566	-1.8028	-1.6745	-0.35505	0.51481	0.98249	4.0393	1.1446	1.9593	-1.4049	24.277	450.25	-105.16	-188.91	11.01	20.924	-17.666	1.3023	8.9979	92.142	91.353	23.036	100.68	-11.651
-5.6585	11.237	5.8898	-7.3283	-0.15948	-2.0694	-1.3821	-1.0323	-0.34429	1.7981	3.4282	-0.16971	1.2434	-1.6577	21.848	355.6	7.7405	-10.893	87.884	-10.664	11.696	-27.09	-34.364	32.625	-24.442	-52.574	-28.636	-10.112
-5.1866	12.706	3.4034	-6.6126	-0.6175	-2.1701	-0.27376	-1.5732	-0.20168	0.61997	2.7402	0.46723	0.30996	-1.3742	18.875	58.765	-99.454	28.629	-18.321	-4.0309	44.335	-21.637	5.7047	-47.126	-27.521	25.478	-37.338	11.338
-4.8451	19.564	5.1182	-5.1252	-0.40844	-2.5486	-1.1191	-2.4765	-0.51318	1.0491	3.4488	0.040637	0.41001	-1.4626	13.661	274.33	68.59	59.494	8.3625	-15.139	-33.812	-36.133	-12.46	17.165	28.343	-17.064	4.0021	-3.5345
-4.3735	19.9	6.3156	-5.603	-0.46008	-2.1232	-1.4187	-2.3437	-0.066705	0.91976	3.7714	0.48402	0.43303	-0.92007	18.864	13.424	47.898	-19.111	-2.0654	17.018	-11.984	5.3133	17.859	-5.1733	12.906	17.735	0.92058	21.7
-4.233	22.916	6.4391	-4.5733	-1.605	-2.9279	-0.78728	-3.2963	0.79172	0.51371	3.0855	1.1442	-0.54999	-0.34817	5.6188	120.63	4.9376	41.189	-45.797	-32.19	25.255	-38.103	34.337	-16.242	-27.435	26.408	-39.32	22.876
-4.0828	22.908	6.9071	-3.4459	-2.7254	-1.8914	-0.87198	-3.9181	1.7926	0.57722	1.9965	1.7329	-1.2126	-0.11147	6.007	-0.31194	18.723	45.096	-44.814	41.459	-3.3881	-24.872	40.035	2.5404	-43.562	23.547	-26.503	9.4679
-4.037	22.891	7.8098	-4.2921	-1.3431	-1.0468	-2.6972	-2.3877	4.2455	0.25027	2.7654	2.3903	-0.55699	-0.91451	1.8342	-0.67721	36.105	-33.847	55.291	33.786	-73.011	61.216	98.114	-13.078	30.756	26.296	26.223	-32.122
-4.0962	19.964	8.3965	-0.079637	-2.8195	-3.152	-0.22043	-1.9999	2.7401	0.19953	2.5782	0.00017351	-0.068586	0.13302	-2.3708	-117.09	23.468	168.5	-59.057	-84.211	99.073	15.511	-60.213	-2.0299	-7.4887	-95.605	19.536	41.901
-4.3229	17.772	9.2188	-0.40487	-0.90963	-2.4744	-0.37099	-1.7354	1.9556	1.5617	2.4585	0.56022	0.19339	-0.30806	-9.0644	-87.672	32.894	-13.009	76.395	27.107	-6.0225	10.581	-31.384	54.488	-4.7887	22.402	10.479	-17.643
-4.452	21.583	9.5141	-1.792	-1.6597	-0.023875	-0.25695	-1.8554	2.001	-0.86981	3.3055	0.35099	0.32566	0.10101	-5.1663	152.43	11.81	-55.484	-30.005	98.02	4.5615	-4.801	1.8185	-97.262	33.882	-8.3694	5.2907	16.363
-4.5145	21.658	9.0226	-3.3195	0.4591	-0.63041	-0.68297	-2.1977	2.3824	-0.098634	1.4902	2.5432	-0.057187	-0.14715	-2.4997	2.9972	-19.656	-61.103	84.754	-24.261	-17.041	-13.691	15.257	30.847	-72.614	87.689	-15.314	-9.9264
-4.4805	19.768	10.249	-2.0722	-1.0578	0.54566	0.26576	-2.4857	1.4348	-0.046099	3.0993	1.4103	-1.2225	-0.15645	1.3604	-75.606	49.038	49.895	-60.674	47.042	37.949	-11.52	-37.907	2.1014	64.367	-45.318	-46.611	-0.37166
-4.2602	20.455	10.844	-1.7991	-1.9056	0.5865	1.1087	-2.8775	0.62798	0.032146	2.6169	0.50799	-0.56673	0.75036	8.8134	27.493	23.801	10.924	-33.913	1.6336	33.717	-15.671	-32.271	3.1298	-19.299	-36.091	26.23	36.272
-4.2398	17.847	11.274	-1.1277	-2.3621	0.34594	0.59208	-2.7801	-0.23413	0.51836	2.586	1.3767	-0.49706	0.23163	0.8164	-104.32	17.209	26.856	-18.259	-9.6221	-20.664	3.8941	-34.485	19.449	-1.2339	34.749	2.7865	-20.749
-4.4412	14.872	11.355	0.54196	-3.0678	-0.73511	1.7309	-3.0191	0.5239	0.043793	1.732	1.5778	-0.66524	0.94548	-8.0565	-119.01	3.2298	66.785	-28.23	-43.242	45.552	-9.558	30.321	-18.983	-34.159	8.0439	-6.7269	28.554
-4.4936	14.748	11.197	0.90754	-3.6968	-0.49083	2.2123	-2.8527	-0.14885	-0.5426	1.8832	1.6598	-1.1956	1.1435	-2.0992	-4.959	-6.29	14.623	-25.157	9.7711	19.258	6.6568	-26.91	-23.456	6.0461	3.281	-21.214	7.9207
-4.6678	13.665	12.046	0.69529	-3.8496	0.3829	1.4545	-2.4944	-1.5541	-0.031772	2.6792	0.7731	-0.63066	0.55952	-6.9653	-43.315	33.957	-8.49	-6.1154	34.949	-30.312	14.332	-56.211	20.433	31.839	-35.469	22.597	-23.359
-4.747	13.445	10.048	0.56955	-1.2349	-0.30171	0.93013	-1.9783	-0.065497	0.13781	1.8444	0.31482	0.69657	-1.14	-3.1697	-8.7732	-79.926	-5.0296	104.59	-27.384	-20.976	20.644	59.545	6.7831	-33.392	-18.331	53.089	-67.98
-4.6959	14.008	11.288	0.098951	-2.2326	0.55388	1.1438	-2.8168	0.35565	-0.68522	1.5881	1.2753	0.44753	-0.42747	2.0462	22.505	49.606	-18.824	-39.91	34.224	8.5474	-33.542	16.846	-32.921	-10.248	38.421	-9.9616	28.501
-4.7138	15.547	11.179	0.86292	-3.243	2.1908	1.0029	-2.3903	-0.11765	-1.1395	0.52655	0.79528	0.82024	-1.2282	-0.71619	61.57	-4.3862	30.559	-40.412	65.475	-5.6366	17.061	-18.932	-18.172	-42.464	-19.202	14.908	-32.03
-4.9264	5.8518	15.298	1.7312	-4.3311	2.2792	2.8628	-2.7563	-0.98492	-1.685	1.4409	0.82798	-0.31327	-0.78038	-8.5062	-387.82	164.79	34.732	-43.526	3.5374	74.396	-14.642	-34.691	-21.818	36.576	1.3081	-45.34	17.913
-5.1011	7.6262	13.417	0.94447	-4.5352	2.2912	1.8463	-2.1409	-0.75581	-1.1226	0.19061	0.13416	1.1024	-1.4286	-6.9865	70.979	-75.265	-31.47	-8.1654	0.48033	-40.661	24.616	9.1643	22.495	-50.013	-27.753	56.625	-25.929
-5.3259	6.6427	11.173	1.8207	-3.2954	2.0291	2.0074	-2.5325	-1.5908	-0.9297	-0.22691	0.037785	1.2139	-1.2573	-8.9925	-39.34	-89.752	35.049	49.592	-10.485	6.4457	-15.663	-33.398	7.7159	-16.701	-3.855	4.4622	6.8503
-5.6596	5.2504	8.2082	1.8692	-0.72745	1.1113	1.2621	-1.8139	-1.909	-1.4981	0.085904	0.27891	0.1014	-0.85416	-13.347	-55.693	-118.59	1.9385	102.72	-36.712	-29.811	28.744	-12.73	-22.735	12.513	9.6449	-44.501	16.128
-6.105	7.7492	3.8015	3.2695	2.2327	-0.02235	-1.5497	-0.83166	-1.6106	-1.7064	0.81599	-0.0083876	-1.7688	0.28524	-17.816	99.954	-176.27	56.012	118.4	-45.346	-112.47	39.289	11.936	-8.3314	29.203	-11.492	-74.81	45.576
-6.4804	10.693	-2.7135	4.1967	-0.25808	1.2844	-0.042623	0.086402	-1.4683	-3.0461	-0.30157	0.081593	-0.93564	-0.25534	-15.016	117.74	-260.6	37.088	-99.63	52.271	60.282	36.723	5.6922	-53.588	-44.702	3.5992	33.328	-21.623
-6.3968	9.9906	-10.709	3.2448	0.58381	-0.33063	1.29	1.0312	0.67535	0.22377	-0.0068442	0.84124	-1.1876	-0.48835	3.345	-28.084	-319.8	-38.072	33.676	-64.603	53.306	37.793	85.747	130.79	11.789	30.386	-10.078	-9.3204
-6.1387	6.3786	-16.414	1.576	-0.69124	-0.045336	2.7088	1.6574	0.32095	0.5912	-0.38518	0.031813	-0.80753	0.92636	10.323	-144.48	-228.2	-66.754	-51.002	11.412	56.753	25.045	-14.176	14.697	-15.133	-32.377	15.203	56.588
-5.8282	6.2255	-18.174	2.1015	-0.66423	0.13355	2.5698	3.1963	0.40762	0.055159	0.55849	0.0034556	-0.79954	0.39619	12.419	-6.1237	-70.421	21.02	1.0801	7.1552	-5.5617	61.559	3.4667	-21.442	37.747	-1.1343	0.31974	-21.207
-5.739	6.6348	-20.982	-0.3639	-1.3377	0.11061	0.74561	0.60314	0.6581	0.27563	0.92177	-0.3736	-0.71974	-0.41736	3.5703	16.373	-112.32	-98.615	-26.94	-0.91739	-72.968	-103.73	10.019	8.819	14.531	-15.082	3.1919	-32.542
-5.7716	4.9253	-21.296	-1.1191	-2.792	-0.55888	1.5768	2.2569	0.46943	0.15152	0.87165	0.17649	-1.6078	-1.0595	-1.3053	-68.382	-12.578	-30.207	-58.169	-26.78	33.249	66.149	-7.5467	-4.9645	-2.0047	22.003	-35.522	-25.685
-5.7962	6.2922	-20.47	-0.56835	-2.6612	-1.579	-0.0006078	1.7871	1.487	1.4315	1.3008	0.21408	0.01685	1.1498	-0.98268	54.675	33.076	22.029	5.2324	-40.806	-63.098	-18.792	40.703	51.198	17.168	1.5035	64.986	88.37
-5.9214	4.5083	-20.223	-0.41477	-1.4598	-0.19034	0.79025	2.6063	-0.3462	-1.004	-0.26101	-0.51286	-0.36837	0.72451	-5.0103	-71.356	9.843	6.143	48.056	55.548	31.634	32.768	-73.328	-97.418	-62.474	-29.077	-15.409	-17.01
-5.9611	4.7893	-19.639	0.6408	-2.3137	-2.9734	0.8719	1.4588	0.67126	-0.48855	0.073928	-0.078976	-0.60418	-0.36924	-1.5861	11.242	23.376	42.223	-34.157	-111.32	3.266	-45.9	40.698	20.616	13.397	17.355	-9.4321	-43.75
-6.1505	-0.17016	-20.932	0.93123	-1.1445	-1.6286	1.11	0.97257	1.5518	0.09441	-1.1346	-0.21683	-0.4091	0.24706	-7.5755	-198.38	-51.712	11.617	46.766	53.795	9.5241	-19.449	35.22	23.319	-48.34	-5.514	7.803	24.652
-6.9496	-3.811	-15.515	2.0341	-0.94636	-0.52399	0.8202	1.3101	-1.3949	-0.69578	1.1381	0.7518	-1.4981	-1.3633	-31.965	-145.63	216.69	44.117	7.9271	44.183	-11.592	13.5	-117.87	-31.607	90.907	38.745	-43.559	-64.415
-8.4187	-21.454	-12.141	0.45492	-1.7875	-2.6888	-0.26047	-0.80287	-2.4885	-0.88184	0.67466	1.5395	-1.2341	-1.455	-58.763	-705.73	134.96	-63.169	-33.647	-86.593	-43.227	-84.517	-43.742	-7.4424	-18.538	31.507	10.559	-3.6672
-10.35	-43.548	-8.4367	0.66678	-1.5759	-1.4989	-0.7122	-2.6712	-2.2481	-2.1946	-1.263	0.52341	0.26585	0.69838	-77.235	-883.77	148.16	8.4741	8.4659	47.598	-18.069	-74.734	9.6148	-52.511	-77.506	-40.643	59.999	86.135
-12.302	-63.892	-5.3831	0.9683	-0.034283	1.4915	0.20591	0.14028	-3.1923	-2.1176	-0.54684	0.30659	0.17385	1.4534	-78.112	-813.73	122.15	12.061	61.664	119.61	36.724	112.46	-37.767	3.0824	28.646	-8.673	-3.6797	30.201
-9.9489	-63.654	-12.62	5.6855	-2.1689	3.8484	-0.60201	-0.085973	-1.1484	-1.9165	1.0906	-2.2879	0.69739	2.8498	94.138	9.5308	-289.47	188.69	-85.384	94.276	-32.317	-9.0502	81.754	8.0415	65.498	-103.78	20.941	55.858
-9.9495	-46.681	-14.34	9.4772	-5.3322	1.8498	-3.3018	-2.3608	-2.2111	-2.9775	0.46988	-1.7671	-0.16941	1.9023	-0.022757	678.92	-68.825	151.67	-126.53	-79.944	-107.99	-90.992	-42.506	-42.439	-24.83	20.833	-34.672	-37.902
-10.014	-66.382	-11.733	2.4083	-1.6231	1.4828	-2.538	1.3551	-1.504	-0.91471	2.1256	-0.5731	0.35912	0.79071	-2.5662	-788.07	104.3	-282.76	148.37	-14.682	30.554	148.63	28.285	82.512	66.227	47.76	21.141	-44.464
-13.754	-72.597	-9.7978	-1.0612	-1.4499	0.29556	-1.2706	2.6166	0.16474	-0.66075	2.0389	0.46806	0.79216	1.2579	-149.61	-248.59	77.4	-138.78	6.9252	-47.488	50.695	50.463	66.748	10.158	-3.4675	41.646	17.322	18.689
-13.754	-72.419	-9.1698	-1.2473	0.65137	1.0131	-1.0517	2.0328	-0.67752	-0.077513	-0.058793	-1.649	-0.82827	1.3715	0.0056592	7.1283	25.121	-7.4438	84.052	28.703	8.758	-23.352	-33.69	23.329	-83.907	-84.682	-64.817	4.5448
-13.777	-74.094	-9.9231	-1.7428	1.4801	1.8806	-0.77829	2.8435	-0.37029	-0.029711	0.80411	0.23072	0.3501	0.076188	-0.92359	-66.988	-30.131	-19.818	33.147	34.697	10.935	32.426	12.289	1.9121	34.516	75.188	47.135	-51.814
-13.737	-72.892	-9.0151	-0.59251	-0.12637	0.87123	1.0004	3.8449	0.21393	0.25244	-0.58371	-2.1799	0.99004	-0.30881	1.5897	48.082	36.32	46.01	-64.257	-40.373	71.147	40.057	23.369	11.286	-55.513	-96.426	25.597	-15.4
-13.827	-74.779	-11.349	-1.5682	1.7026	2.4477	1.8916	4.3248	-0.8532	-1.0412	0.6007	-1.9695	-0.20938	1.8144	-3.615	-75.481	-93.377	-39.029	73.157	63.058	35.648	19.195	-42.685	-51.745	47.376	8.4171	-47.977	84.93
-13.846	-71.562	-7.7225	-0.76369	0.76436	2.3313	0.86538	4.5443	0.12949	-1.3823	-0.292	-1.83	-0.37924	-0.048415	-0.74884	128.65	145.08	32.182	-37.528	-4.6562	-41.048	8.7809	39.308	-13.644	-35.708	5.5778	-6.7948	-74.514
-13.994	-73.566	-10.243	-2.4403	0.42037	0.60049	1.572	3.945	-0.80164	-1.134	1.3845	-0.99679	-1.0189	0.16248	-5.903	-80.159	-100.82	-67.064	-13.76	-69.232	28.263	-23.974	-37.245	9.9293	67.061	33.33	-25.585	8.4357
-13.075	-71.246	-8.4973	-2.2535	0.61265	2.056	0.6676	4.8227	0.22061	-0.61746	-0.32193	-0.36931	-0.25309	0.7373	36.74	92.797	69.829	7.4725	7.6915	58.219	-36.174	35.108	40.89	20.663	-68.258	25.099	30.632	22.993
-6.4009	-3.57	3.1091	-2.3796	1.8271	0.25877	-0.014254	-1.6304	3.6526	4.0591	1.1874	0.21877	0.48601	-0.84535	266.97	2707.1	464.25	-5.0466	48.577	-71.887	-27.274	-258.13	137.28	187.06	60.374	23.523	29.564	-63.306
-5.4319	19.533	0.62511	-2.0949	2.8662	-1.5812	1.1746	-1.7223	1.3608	2.9466	0.20339	-0.22444	1.9364	-0.9857	38.761	924.1	-99.358	11.388	41.565	-73.599	47.555	-3.6751	-91.669	-44.5	-39.361	-17.728	58.017	-5.6139
-5.0485	19.653	3.7979	0.87816	0.44879	-1.5173	0.42634	-4.4664	1.8416	2.6952	-0.10942	-1.4546	1.2116	0.34704	15.333	4.8307	126.91	118.92	-96.696	2.5568	-29.931	-109.76	19.232	-10.059	-12.512	-49.207	-28.993	53.31
-4.8691	23.835	4.3392	-0.56748	-0.73814	0.19387	0.26017	-1.9977	3.6095	0.43509	-1.1639	-0.8942	0.27596	0.41423	7.1785	167.26	21.649	-57.826	-47.477	68.446	-6.6469	98.747	70.716	-90.403	-42.178	22.417	-37.425	2.6878
-4.8632	19.014	5.6508	1.5171	0.050127	1.0664	1.3085	-2.8111	2.3578	2.3336	-0.38196	-0.036844	-0.020068	1.6649	0.23734	-192.85	52.464	83.385	31.531	34.902	41.931	-32.534	-50.069	75.939	31.276	34.294	-11.841	50.028
-4.9414	20.138	2.3812	2.7335	1.0351	0.62782	3.3831	-1.7223	0.88691	3.0838	-0.6207	0.42878	0.05567	2.0699	-3.1287	44.986	-130.78	48.656	39.399	-17.544	82.986	43.554	-58.836	30.011	-9.5496	18.625	3.0295	16.2
-5.2647	12.056	8.2516	1.6642	1.3599	0.89929	1.736	-2.7231	2.0812	3.3069	-1.9044	-0.057281	1.5498	-0.010213	-12.932	-323.28	234.82	-42.775	12.991	10.859	-65.884	-40.033	47.772	8.9239	-51.346	-19.442	59.764	-83.206
-5.6376	-1.7357	9.0796	0.74071	5.1138	1.1819	4.6036	-3.0581	2.2031	2.2894	-5.6546	3.7724	0.51435	-0.99122	-14.916	-551.67	33.12	-36.938	150.16	11.304	114.7	-13.4	4.8772	-40.703	-150.01	153.19	-41.416	-39.24
-5.8983	0.19445	7.5436	-0.42471	6.2908	1.6662	4.6453	-3.1697	3.7457	0.99367	-5.0698	3.0654	0.30246	-1.0323	-10.429	77.207	-61.441	-46.617	47.078	19.373	1.6697	-4.4633	61.702	-51.828	23.392	-28.282	-8.4757	-1.645
-5.8991	-2.858	10.811	0.42597	4.2391	2.4308	3.4991	-2.9467	3.2658	1.1072	-4.2319	2.7535	0.21265	-0.45035	-0.030676	-122.1	130.68	34.027	-82.065	30.582	-45.847	8.9195	-19.195	4.5422	33.513	-12.476	-3.5922	23.28
-5.8143	-1.9131	8.442	-0.14029	6.2061	1.9259	3.8164	-2.8942	3.6447	1.6515	-4.9799	2.8334	1.0495	-1.4939	3.391	37.797	-94.747	-22.651	78.679	-20.194	12.691	2.1006	15.155	21.771	-29.92	3.1987	33.472	-41.742
-5.364	7.0402	9.3512	-1.1735	3.6157	-1.1166	4.3154	-2.1698	1.2564	2.9386	-2.6953	0.074693	2.4953	-0.43804	18.013	358.13	36.37	-41.326	-103.62	-121.7	19.961	28.975	-95.532	51.482	91.386	-110.35	57.832	42.234
-5.1248	15.311	9.5866	-1.6667	2.3694	-0.92287	2.6063	-3.4921	1.1703	3.1981	-1.1753	0.72498	0.84334	0.41951	9.567	330.84	9.4168	-19.731	-49.85	7.7501	-68.364	-52.894	-3.4443	10.38	60.799	26.012	-66.077	34.302
-5.1301	15.567	7.9563	-0.43979	-0.15956	1.7288	2.432	-3.2981	2.0873	1.3401	-1.5651	0.66458	0.08777	1.003	-0.2122	10.237	-65.212	49.078	-101.16	106.07	-6.9726	7.7637	36.683	-74.318	-15.591	-2.4162	-30.223	23.339
-5.5395	9.8746	7.3465	1.7216	-2.0214	2.8879	1.232	-2.1003	1.1128	1.7413	-0.41419	0.39926	0.77339	-0.0038891	-16.375	-227.7	-24.391	86.454	-74.473	46.366	-48.003	47.909	-38.983	16.048	46.036	-10.613	27.425	-40.275
-5.8372	7.2638	7.1715	0.7958	0.23409	2.3155	-0.28504	-1.3592	-0.47682	-0.033864	0.53253	0.29682	-0.80638	0.6375	-11.907	-104.43	-7.0024	-37.03	90.219	-22.896	-60.68	29.646	-63.583	-71.007	37.869	-4.0974	-63.191	25.656
-6.154	7.6575	1.4714	3.4244	1.374	1.1419	1.2344	-2.2336	-1.6695	0.4409	1.0376	-0.97721	-0.81344	1.1452	-12.671	15.748	-228	105.14	45.598	-46.944	60.777	-34.979	-47.709	18.991	20.204	-50.961	-0.28224	20.306
-6.6245	8.6103	-4.8362	4.0809	1.3126	-0.60234	0.048228	-0.12805	-1.5699	0.20264	2.3129	-0.16653	-1.391	0.65221	-18.821	38.109	-252.3	26.259	-2.4586	-69.77	-47.447	84.223	3.9838	-9.5307	51.012	32.427	-23.101	-19.718
-6.3721	11.475	-10.045	-0.018666	-0.90622	-1.157	0.23342	1.5982	0.62343	2.1052	1.6502	0.20484	-1.2478	0.079335	10.094	114.59	-208.34	-163.98	-88.752	-22.188	7.4078	69.049	87.735	76.104	-26.508	14.855	5.7254	-22.915
-5.8584	15.386	-12.845	0.8194	-2.0654	-0.3215	0.54697	2.4544	2.0807	0.17263	0.94932	1.2787	-2.2152	-0.38489	20.549	156.46	-112	33.523	-46.365	33.421	12.542	34.25	58.293	-77.304	-28.036	42.955	-38.695	-18.569
-5.6482	16.149	-16.385	-2.1379	-3.2734	-0.57183	0.43933	1.1543	0.099023	0.96664	0.61526	-0.029705	-1.7168	-0.60826	8.4069	30.497	-141.59	-118.29	-48.324	-10.013	-4.3052	-52.006	-79.269	31.76	-13.362	-52.337	19.938	-8.935
-5.6639	16.071	-16.128	-3.1017	-2.7517	-0.44744	2.2724	1.4729	-1.3839	-0.15718	0.77219	-0.49563	-2.105	0.50442	-0.626	-3.1282	10.268	-38.55	20.87	4.9758	73.324	12.746	-59.318	-44.953	6.2773	-18.637	-15.53	44.507
-5.8271	10.242	-16.792	0.41271	-3.1994	-3.0162	1.336	2.3926	-0.36899	0.78333	-0.30838	-0.086794	-0.25465	0.37428	-6.5285	-233.14	-26.54	140.57	-17.909	-102.75	-37.456	36.786	40.598	37.62	-43.223	16.353	74.015	-5.2057
-5.9115	7.7487	-17.545	-1.9908	-3.7677	-2.8066	0.79184	1.5791	0.14436	-0.31235	-0.70137	-1.0054	-0.68791	1.1732	-3.3772	-99.746	-30.148	-96.141	-22.731	8.3835	-21.768	-32.54	20.534	-43.827	-15.72	-36.745	-17.33	31.956
-5.7689	13.469	-16.792	-1.2938	-2.0784	-3.5089	-0.36895	0.42601	0.30106	0.10155	1.0671	-0.69296	-1.7765	0.074308	5.7059	228.81	30.139	27.881	67.573	-28.092	-46.432	-46.122	6.2677	16.556	70.739	12.498	-43.544	-43.954
-5.7211	11.576	-17.858	-0.30431	-1.1466	-0.50872	0.72482	0.55112	-1.2521	-0.81347	-0.41285	0.61234	-1.062	-0.50524	1.9088	-75.72	-42.648	39.58	37.269	120.01	43.751	5.0045	-62.125	-36.601	-59.199	52.212	28.579	-23.182
-5.7057	10.573	-18.075	-1.9617	-1.1473	-1.2089	-0.36531	-0.54417	-0.976	0.36571	0.36483	0.17935	-0.32475	0.59291	0.61669	-40.131	-8.6926	-66.294	-0.026652	-28.007	-43.605	-43.812	11.042	47.167	31.107	-17.32	29.491	43.926
-5.8627	13.059	-14.899	-1.3036	-3.5317	-2.4703	-0.3801	-0.078807	0.12339	0.66567	0.0051291	1.1189	-0.22954	1.0159	-6.2805	99.443	127.04	26.321	-95.376	-50.457	-0.59184	18.615	43.976	11.998	-14.388	37.58	3.8086	16.921
-6.2158	13.346	-11.24	0.41211	-0.52089	-1.364	1.2124	2.36	0.38955	-0.41828	0.73771	1.9153	0.56663	0.95244	-14.123	11.502	146.39	68.63	120.43	44.254	63.701	97.552	10.647	-43.358	29.303	31.859	31.847	-2.5397
-6.9247	2.9939	-8.7662	0.82018	-0.58201	-2.0067	1.0246	0.26237	-0.65555	1.2765	1.1075	0.39167	0.071579	-0.24057	-28.354	-414.09	98.931	16.323	-2.4448	-25.711	-7.5109	-83.905	-41.804	67.793	14.792	-60.947	-19.802	-47.72
-7.1506	2.0844	2.5512	-0.66393	-1.1248	0.61019	0.11137	-0.99065	0.090874	0.96888	-0.70659	1.1777	0.42724	0.28689	-9.0394	-36.378	452.7	-59.364	-21.714	104.68	-36.531	-50.121	29.857	-12.306	-72.564	31.442	14.227	21.099
-6.4044	-0.53499	9.9159	2.1969	-3.8249	-0.43692	0.65127	-1.5403	-0.096197	2.5872	-0.18343	1.088	0.90215	-0.56288	29.848	-104.78	294.59	114.43	-108	-41.884	21.596	-21.986	-7.4829	64.734	20.926	-3.5885	18.996	-33.991
-6.1158	-0.008732	9.3563	2.6129	-4.1003	0.20891	1.3606	-0.74182	-0.066326	1.8312	0.44687	0.4917	0.65897	-0.85263	11.545	21.05	-22.386	16.638	-11.012	25.833	28.375	31.939	1.1948	-30.241	25.212	-23.852	-9.7272	-11.59
-6.3018	-4.9454	10.279	2.0552	-4.3231	0.44134	0.73899	-1.4871	-0.4763	2.4687	0.52128	-0.12915	1.5739	-1.2127	-7.4391	-197.47	36.914	-22.306	-8.9125	9.2972	-24.866	-29.811	-16.399	25.499	2.9764	-24.834	36.598	-14.401
-6.7719	-3.9949	8.2591	2.6177	-3.235	0.70534	-1.5551	-2.8457	2.0359	2.7193	-0.29974	-0.25212	1.4393	-0.3345	-18.803	38.02	-80.802	22.5	43.522	10.56	-91.763	-54.343	100.49	10.025	-32.841	-4.9187	-5.3853	35.126
-6.8154	-6.0063	8.4982	1.3739	-4.3599	1.896	0.56921	-3.679	1.6128	2.3003	0.73058	0.1415	0.49006	0.18423	-1.7391	-80.457	9.5652	-49.752	-44.997	47.625	84.972	-33.333	-16.924	-16.761	41.213	15.745	-37.969	20.749
-7.0388	-12.961	7.1398	3.0539	-6.5766	2.2657	1.5617	-3.5468	1.7941	1.0478	0.50893	-0.066641	0.23667	0.79171	-8.9362	-278.18	-54.335	67.2	-88.666	14.789	39.698	5.2858	7.2512	-50.1	-8.8659	-8.3256	-10.136	24.299
-7.4817	-12.759	8.1794	2.9163	-6.4529	0.39344	1.2637	-4.3852	2.4895	0.31919	-0.045071	0.35797	0.81851	1.2869	-17.719	8.0775	41.582	-5.5066	4.95	-74.89	-11.918	-33.534	27.818	-29.143	-22.16	16.984	23.274	19.806
-8.5908	-21.985	6.747	3.8	-3.0451	1.8143	0.68804	-3.4162	3.0273	0.77635	1.0236	0.20315	-0.89929	1.952	-44.363	-369.06	-57.296	35.351	136.31	56.834	-23.027	38.759	21.512	18.286	42.747	-6.1927	-68.712	26.607
-9.3493	-41.32	0.72963	4.074	-1.5047	0.82436	0.053947	-1.4088	1.5179	-1.5214	0.043826	0.70118	-0.53964	1.9251	-30.34	-773.41	-240.69	10.959	61.614	-39.597	-25.364	80.294	-60.376	-91.911	-39.191	19.921	14.386	-1.0766
-10.51	-37.199	2.6803	3.6447	-0.13998	3.5364	3.2913	2.1675	2.067	-1.8424	-1.229	0.6392	-0.51248	1.2937	-46.412	164.85	78.029	-17.172	54.59	108.48	129.5	143.05	21.962	-12.839	-50.913	-2.4792	1.0863	-25.256
-10.548	-42.826	-3.2738	2.4635	-1.7067	2.5483	0.37	1.3325	2.7527	-1.0706	-1.0567	0.053441	-0.038981	-0.22499	-1.5334	-225.09	-238.16	-47.249	-62.669	-39.521	-116.85	-33.398	27.431	30.871	6.8922	-23.43	18.94	-60.748
-11.238	-46.048	-6.2513	-1.9603	-4.009	2.8637	0.053198	0.84139	-0.22145	-2.3544	-0.60124	0.61873	-0.17944	0.27108	-27.603	-128.85	-119.1	-176.95	-92.091	12.615	-12.672	-19.645	-118.97	-51.351	18.218	22.612	-5.6183	19.843
-11.149	-45.549	-5.7325	-3.927	-5.307	3.5099	-1.5968	0.40491	0.53321	-1.382	-1.6377	-1.9046	0.40319	-0.83701	3.547	19.955	20.749	-78.668	-51.923	25.846	-65.999	-17.459	30.187	38.896	-41.46	-100.93	23.305	-44.324
-9.4091	-36.481	-14.066	-2.2709	-0.078217	-0.55078	2.0105	0.10536	-1.5076	-0.81803	-0.12097	0.11492	-0.1139	0.41663	69.61	362.71	-333.35	66.244	209.15	-162.43	144.29	-11.982	-81.633	22.559	60.671	80.783	-20.683	50.146
-8.0302	-22.674	-19.106	1.6634	-2.046	-4.2761	1.5478	1.1144	-1.7219	0.65522	0.20339	1.5489	-0.34838	-0.60865	55.154	552.26	-201.58	157.37	-78.71	-149.01	-18.508	40.36	-8.5721	58.93	12.974	57.358	-9.3793	-41.011
-7.1885	-11.937	-20.642	1.2704	-1.8418	-3.6441	0.2494	0.76106	-0.12686	1.455	1.0335	0.59212	-1.5246	0.99022	33.668	429.51	-61.433	-15.717	8.1667	25.28	-51.937	-14.132	63.803	31.992	33.205	-38.27	-47.048	63.955
-6.7204	-7.4267	-21.376	-0.42807	-1.8162	-2.3007	0.87685	2.0657	0.35561	0.20572	-0.61934	0.12072	-0.26934	2.1581	18.726	180.39	-29.378	-67.94	1.0234	53.734	25.098	52.185	19.299	-49.972	-66.114	-18.856	50.21	46.715
-6.7137	-5.9114	-20.53	0.11925	-0.017254	-1.0127	2.5345	3.5863	-0.91743	0.26811	-0.7019	-0.25221	-1.3858	1.7449	0.26929	60.612	33.844	21.893	71.959	51.52	66.306	60.824	-50.921	2.4959	-3.3024	-14.917	-44.66	-16.526
-6.4898	-2.8736	-19.608	0.15718	0.40079	-2.6086	1.8704	0.60689	-1.7312	-1.2157	0.484	0.32721	-1.3205	1.0577	8.9543	121.51	36.861	1.5175	16.722	-63.833	-26.565	-119.18	-32.549	-59.351	47.436	23.177	2.6141	-27.487
-6.2481	-0.33892	-21.014	-0.59989	-2.0512	-2.7372	1.9785	3.0854	0.4794	0.63142	1.8297	0.52446	-2.3053	0.28662	9.6667	101.39	-56.217	-30.283	-98.078	-5.145	4.3249	99.14	88.423	73.883	53.829	7.8901	-39.394	-30.845
-6.1985	1.2623	-19.395	0.37353	-2.6314	-4.3367	0.16314	0.53265	-0.28308	1.3322	0.70301	-0.082379	-1.1149	2.066	1.9859	64.048	64.768	38.937	-23.209	-63.981	-72.615	-102.11	-30.499	28.031	-45.069	-24.273	47.619	71.177
-6.2626	0.023267	-19.953	-0.59766	-2.4366	-1.5212	1.4196	1.1896	-1.1336	0.90908	0.9598	-1.2374	-1.2741	2.7084	-2.5625	-49.56	-22.347	-38.847	7.7922	112.62	50.257	26.279	-34.02	-16.924	10.272	-46.203	-6.369	25.693
-6.334	-2.3115	-21.677	-0.39233	0.10549	-0.19771	4.1723	2.187	-1.7237	-0.94942	-0.47078	-0.65152	-1.3711	0.54877	-2.859	-93.392	-68.95	8.2129	101.68	52.939	110.11	39.893	-23.605	-74.34	-57.223	23.437	-3.88	-86.384
-6.1791	-1.7753	-20.224	0.46021	-2.5681	-1.8215	2.2841	0.44509	0.36906	1.1229	0.66041	0.014522	-0.88159	1.3594	6.1973	21.451	58.139	34.102	-106.94	-64.95	-75.53	-69.675	83.711	82.894	45.248	26.642	19.58	32.424
-6.1781	1.8552	-18.153	1.7994	-2.7165	-2.3412	1.1069	1.1786	1.2622	0.11096	0.72064	0.27163	-2.0588	0.7199	0.040221	145.22	82.82	53.568	-5.9348	-20.791	-47.086	29.34	35.724	-40.479	2.4092	10.284	-47.088	-25.579
-6.2948	-0.42416	-19.885	0.60865	-2.3883	-3.1886	0.96443	2.233	1.7702	0.88276	-0.031922	0.24725	-0.74213	-0.030181	-4.6696	-91.176	-69.294	-47.631	13.125	-33.895	-5.6989	42.175	20.322	30.872	-30.103	-0.97541	52.666	-30.003
-6.4309	-0.26992	-18.715	0.12586	-2.2569	-2.1701	1.1732	1.3884	-1.4531	-1.1021	0.59932	0.17815	-1.4473	0.68	-5.4446	6.1697	46.834	-19.312	5.2566	40.742	8.3523	-33.784	-128.93	-79.396	25.249	-2.7637	-28.205	28.407
-6.24	4.6096	-16.431	0.44715	-2.0686	-3.763	-0.50285	0.30195	-0.20149	-0.45976	1.0859	0.76351	-1.566	0.42831	7.6375	195.18	91.356	12.852	7.5335	-63.719	-67.044	-43.457	50.065	25.695	19.464	23.414	-4.7517	-10.068
-6.2646	7.9078	-15.387	1.7782	-1.4306	-2.6251	1.1144	0.33758	-1.4634	-1.7625	0.16839	1.1408	-0.76499	0.97584	-0.98241	131.93	41.754	53.242	25.52	45.519	64.689	1.4253	-50.478	-52.109	-36.701	15.091	32.042	21.901
-6.5354	1.5321	-16.985	-0.28667	-0.74061	-1.6042	1.0113	0.80943	-0.86759	-0.39271	0.84189	-1.224	-0.82574	0.49064	-10.834	-255.03	-63.935	-82.595	27.599	40.835	-4.1207	18.874	23.834	54.791	26.94	-94.593	-2.4301	-19.408
-7.02	-1.5523	-15.966	-0.35047	-1.5659	-1.602	1.2731	1.7188	-1.2321	-0.094123	-0.16017	-1.2959	-1.3371	0.30657	-19.383	-123.38	40.785	-2.5517	-33.012	0.088375	10.468	36.377	-14.58	11.943	-40.082	-2.8758	-20.453	-7.3629
-7.0306	1.3809	-14.278	-0.26088	-2.1134	-2.2699	0.43369	2.3454	0.70223	0.46838	0.095252	-1.0911	-1.0349	0.78534	-0.42349	117.33	67.49	3.5836	-21.902	-26.717	-33.575	25.062	77.373	22.5	10.217	8.1942	12.087	19.151
-6.9811	0.76261	-14.218	0.55232	-2.0881	-3.129	0.98983	0.52711	0.40731	-0.19588	-0.90005	-0.094212	-0.70318	1.8671	1.9802	-24.732	2.4201	32.528	1.0131	-34.365	22.245	-72.732	-11.797	-26.571	-39.812	39.874	13.268	43.271
-7.0878	2.479	-13.433	-1.6705	-1.981	-4.5807	-2.0614	-0.56504	-0.65899	-0.4461	-1.4586	-0.58803	-0.25423	1.5869	-4.2701	68.656	31.381	-88.912	4.2859	-58.068	-122.05	-43.686	-42.652	-10.009	-22.342	-19.753	17.958	-11.21
-7.5145	-2.5408	-11.696	-1.0814	-0.27813	-2.1747	1.0178	1.2545	0.58158	-0.49794	-1.2041	-0.077758	-1.4118	0.048396	-17.065	-200.79	69.499	23.565	68.113	96.242	123.17	72.782	49.623	-2.0736	10.178	20.411	-46.301	-61.539
-8.1052	-6.7857	-10.762	-0.89736	0.10375	-0.48207	-1.0401	1.1286	1.1054	-1.4067	-1.8883	-0.98502	-1.034	-0.042515	-23.629	-169.8	37.374	7.3598	15.275	67.704	-82.316	-5.0354	20.954	-36.351	-27.365	-36.29	15.112	-3.6365
