734044.178553615
545474.111743868
2308655.65556647
1297820.11136737
787426.962309566
698003.629022533
895969.861103008
893488.25772308
956259.945688036
682478.903963142
1019462.42531467
1093477.15367701
974218.35360572
839437.095884955
1193586.7118911
938143.930394594
934183.522572179
2317292.4461905
1332965.1420098
603470.637251789
1763334.87534926
248418.076340442
792496.273659224
800315.033522368
909477.502065422
4152554.92325366
465406.385461339
1795585.16338135
528628.096102448
956763.064320046
1116017.55508873
2799000.62420339
37373856.6085807
257180622.589509
