1075299.02400001
850051.272637132
617516.38868319
859325.459855817
961324.325473443
683253.376683967
1887174.1286472
602897.057739256
827297.627285094
407173.743117906
498139.036010914
554724.028307881
636435.783589897
682803.377048753
429572.482388988
1322990.86433214
652041.45523723
198597.779222563
971877.443873669
1344628.53865746
952052.54517029
856724.29071991
1311684.90377999
1057101.06565753
773362.526902879
1626012.30555978
1930683.11315255
881975.023164701
641672.21021459
1130373.64016999
489348.142386584
751670.936621899
28465783.8962932
195831141.296614
