-3.8449	24.965	-17.447	-0.66295	-1.718	-2.1739	2.1248	1.7484	-0.13288	1.3275	-0.89084	-0.37954	-0.7583	1.3932	0	0	0	0	0	0	0	0	0	0	0	0	0	0
-3.6034	32.308	-19.957	4.5849	-2.5725	-2.5048	0.83282	0.050607	0.27617	0.95305	-0.67459	-0.4951	-0.18125	1.6324	9.6578	293.72	-100.4	209.91	-34.179	-13.237	-51.68	-67.913	16.362	-14.978	8.6502	-4.6226	23.082	9.5669
-3.3367	26.68	-7.1227	8.05	2.142	-0.65595	-0.87306	-2.4761	-3.0967	0.4094	-0.70681	-0.067007	-1.265	0.92169	10.668	-225.11	513.37	138.61	188.58	73.954	-68.235	-101.07	-134.91	-21.746	-1.2889	17.124	-43.352	-28.428
-3.2764	24.285	0.84162	5.2493	1.6502	0.079373	-3.6191	-3.0666	-2.3101	1.6731	-0.43427	-1.5581	0.47114	1.3562	2.4121	-95.81	318.57	-112.03	-19.672	29.413	-109.84	-23.622	31.461	50.546	10.902	-59.643	69.447	17.382
-2.6951	27.032	2.2613	2.2449	-0.31909	-0.41276	-2.8662	-2.2778	-0.91949	1.296	0.6223	0.11911	-1.1232	0.54287	23.251	109.88	56.786	-120.18	-78.771	-19.685	30.118	31.552	55.625	-15.084	42.263	67.088	-63.775	-32.535
-2.0802	36.258	4.2807	-1.387	-0.42186	-3.9528	-0.6734	-1.9245	-0.88853	0.4191	1.4162	-0.12225	-0.33992	-1.3092	24.598	369.07	80.777	-145.28	-4.1105	-141.6	87.712	14.133	1.2382	-35.074	31.758	-9.6544	31.332	-74.081
-1.9028	35.57	5.4026	-4.9367	-2.0688	-3.5893	1.1932	-1.5824	-0.44533	0.68329	3.1607	-0.79364	-0.40677	-1.5225	7.0945	-27.524	44.876	-141.99	-65.877	14.542	74.663	13.682	17.728	10.568	69.778	-26.856	-2.6739	-8.5334
-2.0599	34.204	8.6912	-5.6185	-3.4973	-3.8035	2.5726	-1.5434	0.062514	-0.16704	2.4674	-0.29398	-0.77326	-2.4095	-6.2812	-54.66	131.54	-27.272	-57.14	-8.5685	55.178	1.5621	20.314	-34.013	-27.732	19.986	-14.66	-35.482
-2.0272	29.145	8.4421	-6.1072	-5.6239	-3.39	4.7478	0.18744	-0.57023	-0.18279	3.3207	0.52787	-0.27418	-1.2888	1.3081	-202.35	-9.9631	-19.545	-85.065	16.541	87.005	69.233	-25.31	-0.6299	34.133	32.874	19.963	44.828
-2.0157	25.518	8.7735	-4.6919	-5.1563	-5.4751	3.9072	3.7174	-1.6187	-0.43801	2.9489	1.8858	0.032405	-1.679	0.45716	-145.07	13.257	56.611	18.705	-83.404	-33.623	141.2	-41.938	-10.209	-14.872	54.315	12.264	-15.608
-1.9478	23.408	9.9196	-4.5942	-4.758	-6.026	3.2073	4.4013	-0.19602	-2.2337	2.9799	1.5372	1.4996	-2.6536	2.7167	-84.431	45.843	3.9071	15.93	-22.037	-27.997	27.355	56.907	-71.825	1.2389	-13.941	58.687	-38.982
-1.9737	23.841	8.8784	-4.0801	-4.8594	-5.1548	2.085	4.2563	0.96484	-2.3396	2.8775	1.278	1.7616	-2.0496	-1.0334	17.316	-41.646	20.565	-4.0554	34.847	-44.892	-5.7972	46.434	-4.2366	-4.0936	-10.371	10.481	24.158
-2.0878	24.261	8.5233	-3.6769	-4.1634	-3.6443	0.16522	3.2918	2.1708	-2.0221	2.7484	-0.076367	2.465	-1.8734	-4.5668	16.798	-14.204	16.13	27.841	60.421	-76.79	-38.582	48.237	12.697	-5.165	-54.173	28.134	7.0501
-2.1038	24.805	8.4851	-3.8645	-4.3863	-2.2011	-0.48334	2.6039	3.0223	-2.8695	4.0182	-0.44784	1.5268	-1.3734	-0.63712	21.779	-1.5293	-7.5044	-8.9167	57.728	-25.942	-27.513	34.062	-33.894	50.792	-14.859	-37.527	20.001
-2.1552	25.583	7.2354	-4.1212	-2.692	-2.0117	-0.71899	1.8493	1.742	-0.13222	3.2283	-1.0692	1.0885	-0.32046	-2.0584	31.123	-49.986	-10.27	67.771	7.5762	-9.4263	-30.184	-51.213	109.49	-31.598	-24.856	-17.531	42.117
-2.5133	29.793	4.1371	-2.9624	-2.4835	0.15373	-2.1738	1.5568	1.0901	0.51386	2.8906	-1.2533	-0.060573	0.076738	-14.324	168.39	-123.93	46.351	8.3425	86.617	-58.193	-11.701	-26.077	25.843	-13.507	-7.3617	-45.963	15.888
-3.1122	22.185	4.0509	-1.2148	-1.8213	1.9333	-3.0116	0.81884	0.86155	-0.80682	2.7883	-0.20336	-1.7342	-0.22619	-23.954	-304.3	-3.448	69.905	26.487	71.181	-33.513	-29.519	-9.1407	-52.827	-4.0933	41.997	-66.945	-12.117
-4.1777	-0.78961	3.0496	5.7218	3.0011	2.1151	-0.8503	-2.5146	3.7145	-4.1673	2.9456	0.94534	-1.0386	-0.65728	-42.623	-919	-40.05	277.46	192.9	7.2727	86.454	-133.34	114.12	-134.42	6.2946	45.948	27.823	-17.243
-4.4816	0.71188	0.38819	5.3151	2.4297	4.9512	-1.4689	-3.479	3.1226	-2.9989	2.7034	1.4217	-0.28671	-0.13772	-12.155	60.06	-106.46	-16.268	-22.855	113.45	-24.743	-38.576	-23.676	46.734	-9.6891	19.053	30.077	20.782
-4.2066	0.378	0.32813	5.3852	5.4227	0.40423	-1.5758	-0.39279	1.2933	-1.7151	2.8281	-0.32326	1.0114	0.018551	11.001	-13.355	-2.4021	2.8054	119.72	-181.88	-4.2775	123.45	-73.17	51.351	4.9881	-69.797	51.925	6.2508
-3.4505	18.295	2.6712	-0.60396	4.3357	-1.1855	-1.4251	-0.79909	1.3391	2.4954	1.4535	-2.3632	1.4125	0.36721	30.245	716.68	93.723	-239.57	-43.481	-63.591	6.0277	-16.252	1.8319	168.42	-54.986	-81.598	16.042	13.946
-2.9136	24.972	3.0555	-3.407	4.0239	-3.4988	0.82168	-1.703	2.6977	3.5173	-0.33799	-1.0036	1.894	-0.94197	21.475	267.09	15.374	-112.12	-12.471	-92.531	89.872	-36.158	54.344	40.875	-71.658	54.385	19.26	-52.367
-2.7321	27.474	1.5204	-3.1694	4.8031	-3.6904	-0.18364	-2.1376	4.0566	2.976	-0.31313	-0.81543	1.1765	-0.18158	7.2593	100.08	-61.405	9.5067	31.169	-7.6614	-40.213	-17.382	54.357	-21.649	0.99428	7.5261	-28.697	30.415
-2.7789	27.789	1.2826	-3.0844	5.1848	-4.5068	0.13452	-1.1873	3.6868	2.1917	0.10661	-0.35011	0.76342	-0.41489	-1.8729	12.614	-9.5116	3.3975	15.267	-32.656	12.726	38.012	-14.793	-31.372	16.79	18.613	-16.525	-9.3323
-2.7469	26.786	1.3652	-2.3808	4.62	-4.9167	1.0443	-1.8427	4.1554	1.5538	0.32632	0.37868	0.66121	-0.71453	1.2816	-40.124	3.3014	28.147	-22.593	-16.398	36.393	-26.214	18.743	-25.518	8.7881	29.152	-4.0883	-11.986
-2.7123	27.822	0.19291	-1.1467	3.7536	-4.6148	0.41321	-1.8032	5.1342	0.79029	0.38249	0.50255	0.91296	-0.81291	1.3853	41.426	-46.891	49.363	-34.655	12.079	-25.245	1.5767	39.151	-30.54	2.2468	4.955	10.07	-3.9352
-2.7022	28.787	0.53872	-2.0157	3.6542	-4.8844	0.69996	-1.7216	4.1796	1.3388	0.051475	1.1836	-0.19011	-0.16737	0.40337	38.607	13.833	-34.76	-3.9783	-10.787	11.47	3.2639	-38.182	21.939	-13.24	27.241	-44.123	25.822
-2.5563	29.643	0.41356	-2.6025	4.5408	-5.1092	-0.17478	-1.4511	4.8795	1.0229	0.1	0.93138	-0.050508	-0.18014	5.8344	34.225	-5.0065	-23.471	35.464	-8.9905	-34.99	10.821	27.995	-12.636	1.9412	-10.088	5.5841	-0.51063
-2.4542	30.068	1.7222	-3.6652	3.3569	-4.5052	-0.21332	-1.6478	5.5418	0.73892	0.38428	0.62444	0.020203	-0.32894	4.0852	16.993	52.347	-42.51	-47.353	24.161	-1.5417	-7.8653	26.495	-11.358	11.371	-12.278	2.8284	-5.9522
-2.2981	31.246	1.6954	-4.0833	2.4908	-4.1015	0.096475	-2.0956	5.9224	1.1457	0.73065	-0.21881	0.57993	-0.05897	6.2441	47.146	-1.072	-16.724	-34.645	16.147	12.392	-17.913	15.221	16.273	13.855	-33.73	22.389	10.799
-2.0519	34.449	2.0633	-5.2325	0.77903	-4.1273	1.6847	-2.3091	5.8503	0.92985	0.73344	-0.37508	0.34143	0.56083	9.8476	128.13	14.715	-45.968	-68.472	-1.0336	63.531	-8.5427	-2.8824	-8.6355	0.11157	-6.2508	-9.5398	24.792
-1.8617	35.425	2.7369	-5.5739	-1.7362	-3.3439	2.4967	-2.5221	5.6058	0.74363	2.1211	-1.648	0.3796	0.94545	7.6075	39.024	26.945	-13.656	-100.61	31.338	32.477	-8.52	-9.7793	-7.4488	55.506	-50.915	1.5268	15.385
-1.7843	36.433	2.6594	-4.1957	-3.7669	-2.6752	1.9626	-1.8991	5.3164	-0.2045	3.2021	-1.9102	-0.39489	1.0508	3.0972	40.328	-3.1031	55.13	-81.229	26.749	-21.364	24.922	-11.579	-37.925	43.242	-10.488	-30.98	4.2127
-1.7925	35.073	2.2323	-1.8001	-6.5107	-0.60369	0.10146	-0.41426	3.987	0.27565	4.2713	-2.731	-0.37699	1.7608	-0.32844	-54.429	-17.08	95.824	-109.75	82.859	-74.445	59.393	-53.174	19.206	42.767	-32.833	0.71627	28.403
-2.0489	30.411	3.7774	-0.89332	-7.4924	1.3178	-0.61104	-1.3005	3.189	-0.086088	4.7882	-2.2313	-1.3897	1.8338	-10.259	-186.46	61.804	36.271	-39.265	76.861	-28.5	-35.449	-31.921	-14.47	20.677	19.987	-40.509	2.9178
-2.919	22.414	4.8698	1.079	-8.2147	2.5268	0.18089	-0.66379	0.662	0.53741	3.5287	-2.153	0.11326	0.82593	-34.8	-319.89	43.695	78.893	-28.895	48.359	31.677	25.468	-101.08	24.94	-50.382	3.1328	60.119	-40.315
-4.0989	21.449	-7.2866	5.5587	-3.1904	1.9782	-2.8813	4.6437	-2.5881	0.72785	2.2782	-1.1372	0.39398	-0.12188	-47.199	-38.571	-486.26	179.19	200.97	-21.944	-122.49	212.3	-130	7.6177	-50.017	40.632	11.229	-37.912
-4.6262	17.471	-18.762	6.0744	-5.3019	6.4975	0.15733	3.3142	-2.9995	1.4349	0.30413	0.10152	0.31488	-0.11644	-21.092	-159.12	-459.01	20.628	-84.46	180.77	121.54	-53.179	-16.458	28.282	-78.965	49.548	-3.164	0.21753
-4.4983	13.843	-20.978	2.9292	-9.3741	3.5098	-2.107	4.2296	-2.7445	0.16752	-1.5786	-0.36746	0.66073	1.0832	5.1167	-145.15	-88.655	-125.81	-162.89	-119.51	-90.575	36.614	10.202	-50.695	-75.311	-18.759	13.834	47.985
-4.452	9.1156	-21.985	2.2919	-9.2567	4.1922	-4.2756	5.8504	-2.1189	-0.2042	-0.18744	-0.22455	0.98744	-0.090972	1.855	-189.09	-40.269	-25.491	4.6995	27.297	-86.744	64.83	25.025	-14.869	55.648	5.7163	13.068	-46.967
-4.2031	13.552	-22.648	3.1187	-8.2208	6.0852	-2.6328	2.1059	-4.2711	-0.0097776	1.4177	-0.18064	0.22261	0.42278	9.9552	177.44	-26.528	33.072	41.434	75.72	65.714	-149.78	-86.089	7.777	64.206	1.7563	-30.593	20.55
-3.9078	15.278	-25.327	3.1787	-8.5389	4.7624	-2.4525	3.4418	-2.3153	0.20558	0.71781	0.27736	0.038108	0.39146	11.81	69.076	-107.16	2.3988	-12.724	-52.914	7.2107	53.433	78.231	8.6145	-27.996	18.32	-7.3799	-1.2527
-3.2308	16.303	-27.263	5.4853	-9.0172	4.4246	-1.3033	3.0672	-0.026493	-0.57743	0.87386	-0.39013	-0.016314	1.3164	27.082	40.967	-77.439	92.262	-19.134	-13.51	45.969	-14.983	91.554	-31.321	6.2423	-26.7	-2.1769	36.998
-3.0517	14.088	-28.919	6.732	-11.214	5.1271	0.070806	0.7096	-0.36929	-0.14321	0.54288	-0.26568	1.0287	0.40582	7.162	-88.58	-66.233	49.868	-87.869	28.097	54.964	-94.304	-13.712	17.369	-13.239	4.9781	41.8	-36.424
-3.4311	18.348	-28.632	2.8402	-8.3582	7.7055	3.3965	-1.6242	-2.0523	1.5485	2.1796	0.94841	-1.0008	-1.5243	-15.175	170.4	11.462	-155.67	114.23	103.14	133.03	-93.353	-67.319	67.668	65.468	48.564	-81.178	-77.205
-4.3306	4.3036	-27.118	-3.261	-8.2835	8.0046	5.9097	-2.726	-5.3454	0.24736	1.7115	1.797	-0.13069	0.41852	-35.979	-561.78	60.577	-244.05	2.9864	11.965	100.53	-44.069	-131.72	-52.045	-18.723	33.942	34.803	77.713
-7.339	-41.784	-16.645	-0.79829	-6.9866	6.4001	5.4659	-2.1611	-6.1008	-0.99692	1.6307	1.2543	-0.59355	-0.86438	-120.34	-1843.5	418.91	98.51	51.878	-64.182	-17.754	22.594	-30.216	-49.771	-3.2302	-21.705	-18.514	-51.316
-8.6865	-30.413	-11.545	-2.0453	-1.7878	-0.21979	-1.0502	1.4508	-1.3316	-5.3371	-0.32461	0.03515	-1.1293	1.4341	-53.9	454.84	203.98	-49.88	207.95	-264.79	-260.64	144.48	190.77	-173.61	-78.214	-48.767	-21.431	91.938
-8.6614	-14.186	-11.006	-2.8591	-2.6606	-0.33919	-1.229	0.75986	-2.5894	-6.8366	-1.0146	-0.3604	-1.9077	1.9765	1.0053	649.08	21.579	-32.554	-34.912	-4.7757	-7.154	-27.638	-50.311	-59.983	-27.6	-15.822	-31.136	21.699
-9.2187	-43.788	-11.703	1.1016	-3.4597	0.91018	0.17354	3.0738	-3.1052	-3.3479	-1.15	-0.018583	-0.12805	1.3085	-22.292	-1184.1	-27.897	158.43	-31.965	49.975	56.103	92.557	-20.632	139.55	-5.4155	13.673	71.186	-26.722
-10.304	-41.597	-8.3831	1.3696	-2.166	1.8792	0.41645	2.2108	-3.2877	-5.618	-1.6857	-0.28983	0.12899	-0.50494	-43.427	87.636	132.81	10.72	51.747	38.762	9.7164	-34.521	-7.3	-90.807	-21.427	-10.85	10.282	-72.537
-8.9413	-40.806	-6.8657	5.8297	-1.108	4.8375	-0.20812	1.0165	-0.30539	-5.1416	0.48044	0.91875	1.6354	-1.5195	54.523	31.645	60.699	178.4	42.323	118.33	-24.983	-47.769	119.29	19.059	86.644	48.343	60.256	-40.581
-5.6253	-31.381	0.29788	11.727	2.2252	5.6765	1.6141	-0.26606	1.4967	-6.517	-0.56892	1.5061	1.7553	-2.1413	132.64	377.03	286.54	235.87	133.33	33.56	72.888	-51.303	72.084	-55.019	-41.974	23.494	4.7946	-24.873
-4.8035	-3.9012	2.7124	6.7777	1.8447	4.1107	2.5908	-2.4951	0.042268	-3.1878	0.39929	1.503	0.3611	-1.5455	32.87	1099.2	96.582	-197.95	-15.219	-62.634	39.07	-89.161	-58.177	133.17	38.728	-0.12572	-55.766	23.833
-4.2913	8.6908	0.63439	2.1688	3.2955	2.9103	0.20194	-3.9639	1.749	2.0143	-0.38747	0.71731	1.4012	-1.3473	20.489	503.68	-83.121	-184.36	58.032	-48.014	-95.556	-58.754	68.271	208.09	-31.47	-31.426	41.603	7.9269
-4.0941	9.5189	-0.78628	2.4332	7.0848	1.224	-3.1865	-1.9013	1.807	1.6702	-0.94911	1.4173	1.8668	-1.5017	7.8893	33.126	-56.827	10.576	151.57	-67.454	-135.54	82.504	2.3191	-13.763	-22.465	27.999	18.625	-6.1747
-4.0224	7.3205	1.1155	1.7572	9.7039	-2.1515	-3.1194	-0.90209	2.7311	-0.25629	-0.44415	1.9603	1.6336	-2.3786	2.8663	-87.94	76.071	-27.038	104.76	-135.02	2.6836	39.97	36.964	-77.06	20.198	21.72	-9.3274	-35.077
-4.0965	6.0365	0.47937	3.7445	10.197	-3.0959	-3.0575	-0.96624	2.2998	-0.058504	-0.71243	2.1101	1.0057	-2.0869	-2.9647	-51.358	-25.445	79.492	19.717	-37.775	2.476	-2.566	-17.252	7.9113	-10.731	5.992	-25.117	11.668
-4.146	5.84	0.36502	4.137	8.6887	-2.7767	-3.285	-0.16162	2.2093	-0.51744	-0.63515	0.9973	2.0825	-1.4262	-1.9787	-7.8603	-4.5738	15.699	-60.324	12.768	-9.1002	32.185	-3.6222	-18.358	3.0912	-44.511	43.071	26.425
-4.1658	3.5686	0.19998	6.0859	8.9314	-3.2105	-4.2278	0.31659	2.097	-0.99749	-0.51593	0.10431	2.2876	-1.0848	-0.79347	-90.856	-6.6015	77.956	9.7107	-17.355	-37.71	19.128	-4.4907	-19.202	4.7688	-35.72	8.2052	13.656
-4.3518	0.070554	1.4362	5.1399	10.651	-2.3161	-5.2177	0.47678	0.84015	0.61573	-1.2585	0.097494	2.0507	-1.5123	-7.4394	-139.92	49.449	-37.839	68.764	35.776	-39.598	6.4076	-50.274	64.529	-29.704	-0.27256	-9.4769	-17.1
-4.9812	-6.8238	-0.24227	6.0766	11.911	-2.9655	-3.6748	0.041967	0.61297	-0.41202	-1.9246	-0.88781	1.9756	-0.98369	-25.178	-275.78	-67.139	37.47	50.41	-25.974	61.716	-17.393	-9.0869	-41.11	-26.643	-39.412	-3.0031	21.146
-6.5553	-37.668	-0.54145	11.052	7.8642	2.683	-2.2271	0.099068	0.1395	-2.4214	-0.85736	-1.9281	0.6929	-0.11623	-62.962	-1233.8	-11.967	199.03	-161.86	225.94	57.91	2.284	-18.939	-80.374	42.69	-41.613	-51.308	34.699
-7.9254	-47.849	-0.21359	11.301	3.5399	5.8683	0.47266	2.3039	-1.6034	-4.737	0.42941	-1.3462	-1.93	0.57085	-54.804	-407.23	13.114	9.9309	-172.97	127.41	107.99	88.192	-69.715	-92.624	51.471	23.279	-104.92	27.483
-9.2222	-57.557	-4.7373	10.232	2.2726	7.5946	1.9314	2.5877	-1.3756	-0.8366	-0.5638	-1.0426	-0.92169	0.73185	-51.872	-388.32	-180.95	-42.743	-50.69	69.049	58.348	11.354	9.1095	156.02	-39.728	12.142	40.332	6.4398
-5.4648	11.305	-13.774	-6.7867	0.3586	-3.0453	-0.93244	6.7227	-2.0988	1.5023	-3.07	-0.29444	3.0824	0.52642	150.29	2754.5	-361.48	-680.75	-76.561	-425.59	-114.55	165.4	-28.926	93.557	-100.25	29.927	160.16	-8.2172
-5.3405	18.732	-14.327	-3.5655	1.1001	-1.8497	-0.35097	4.5147	-1.7445	1.1288	-1.2745	-0.18412	1.9006	0.55384	4.9751	297.08	-22.112	128.85	29.66	47.825	23.259	-88.321	14.17	-14.94	71.82	4.4128	-47.275	1.097
-5.3799	-4.8138	-10.958	-0.074084	6.6995	1.8945	-0.016402	2.2511	-1.9544	0.9328	-0.6218	0.051904	1.6632	1.6295	-1.5781	-941.83	134.78	139.66	223.98	149.77	13.383	-90.546	-8.3941	-7.841	26.108	9.441	-9.4956	43.028
-4.2042	-0.015903	5.1445	2.2979	9.1521	1.1668	-3.7643	-0.48838	-2.7404	0.82643	-2.8895	2.5167	1.677	-1.0099	47.028	191.92	644.09	94.881	98.104	-29.108	-149.92	-109.58	-31.442	-4.2549	-90.707	98.59	0.55207	-105.58
-3.8778	0.073519	6.1638	2.743	9.5264	0.53504	-3.7707	-2.6417	-2.0245	-0.33833	-3.4999	2.2605	-0.015469	0.1894	13.056	3.5769	40.77	17.803	14.972	-25.271	-0.25573	-86.133	28.636	-46.59	-24.416	-10.248	-67.697	47.972
-4.372	-10.576	4.8697	4.6784	6.5591	3.3077	-1.8941	-2.704	-1.176	-1.6989	-3.4428	1.1134	-0.71139	0.44847	-19.766	-426	-51.761	77.416	-118.69	110.91	75.064	-2.4904	33.939	-54.423	2.2817	-45.884	-27.837	10.363
-5.7707	-20.106	-3.0672	4.4894	8.9788	3.404	-0.83423	-1.4365	-1.1099	-2.6398	-4.075	1.6841	-0.20596	0.53018	-55.949	-381.2	-317.48	-7.5609	96.79	3.8524	42.396	50.697	2.6453	-37.635	-25.287	22.828	20.217	3.2686
-9.3388	-57.917	-11.681	1.4882	3.587	6.5976	1.5312	1.9355	-2.2379	-1.2564	-4.3402	1.6898	0.86805	-1.3083	-142.72	-1512.4	-344.56	-120.05	-215.67	127.74	94.618	134.88	-45.12	55.337	-10.606	0.22822	42.96	-73.54
-13.513	-79.071	-15.207	-0.13535	-3.0833	6.4839	1.2921	3.7115	-2.2468	-0.91698	-1.0527	-0.7998	1.1655	0.57793	-166.98	-846.16	-141.03	-64.942	-266.81	-4.5493	-9.5636	71.04	-0.35552	13.576	131.5	-99.582	11.898	75.45
-13.721	-77.858	-15.766	-0.12438	-5.384	4.9486	0.9525	3.0135	-2.9089	-0.6329	0.5541	0.023958	2.5124	0.64219	-8.3005	48.501	-22.378	0.43863	-92.029	-61.413	-13.585	-27.922	-26.485	11.363	64.273	32.95	53.874	2.5703
-13.854	-79.002	-15.783	-0.37664	-4.8211	4.2556	-0.038154	2.8608	-2.1528	-0.061042	0.85815	2.1385	-0.9288	-0.74255	-5.3111	-45.76	-0.67235	-10.09	22.515	-27.719	-39.626	-6.1062	30.244	22.874	12.162	84.58	-137.65	-55.39
-5.7339	-34.868	-17.14	-11.187	0.48717	2.3706	-1.0212	2.317	2.8009	-1.0476	-2.2674	-0.35127	-2.7045	1.6167	324.79	1765.4	-54.284	-432.4	212.33	-75.402	-39.32	-21.75	198.15	-39.464	-125.02	-99.589	-71.03	94.369
-4.662	22.67	-15.693	-11.693	0.51632	-0.00013757	-2.2443	1.2171	-0.32987	-3.3493	-0.94156	-0.69297	-1.2248	1.2129	42.876	2301.5	57.876	-20.249	1.1662	-94.828	-48.926	-43.998	-125.23	-92.067	53.035	-13.668	59.19	-16.15
-4.486	19.633	-14.177	-8.4045	0.74104	-0.87597	-0.80255	2.5111	-2.1943	-4.0919	1.2323	0.0059325	-0.16503	0.6059	7.0378	-121.48	60.665	131.54	8.9888	-35.033	57.671	51.759	-74.578	-29.702	86.954	27.956	42.391	-24.28
-5.5867	13.296	-15.146	1.1202	1.6859	-2.6222	-0.38273	2.3535	-2.223	-1.5307	1.7097	-0.33878	0.033517	1.0591	-44.027	-253.5	-38.793	380.99	37.795	-69.849	16.793	-6.3037	-1.1464	102.45	19.098	-13.788	7.9418	18.126
-5.8975	10.537	-16.725	-0.80736	1.2762	-1.1658	-2.1852	2.5268	-1.7832	-0.97982	1.3966	1.0917	2.5049	0.21826	-12.434	-110.36	-63.137	-77.103	-16.387	58.255	-72.1	6.9346	17.59	22.036	-12.524	57.22	98.854	-33.632
-6.3596	3.4481	-13.62	0.16867	2.0505	-0.34562	-0.5683	0.96315	-0.17131	-0.52867	1.4301	-0.066621	1.6824	-0.9527	-18.482	-283.54	124.2	39.041	30.97	32.808	64.677	-62.547	64.477	18.046	1.3362	-46.334	-32.899	-46.838
-6.6904	-0.33721	-12.057	-1.8545	3.9692	-1.9668	-0.044954	2.6045	1.4397	-2.2866	0.25989	-0.19188	1.4946	0.60841	-13.232	-151.41	62.527	-80.927	76.75	-64.848	20.934	65.654	64.442	-70.318	-46.806	-5.0105	-7.5138	62.444
-6.7736	-2.3966	-12.017	-2.5793	3.3078	-2.9837	-2.0214	2.4904	1.7986	-3.2306	0.15921	-0.38927	1.2257	-2.0603	-3.3288	-82.374	1.5747	-28.991	-26.457	-40.676	-79.056	-4.5654	14.355	-37.759	-4.0273	-7.8955	-10.754	-106.75
-7.0603	-7.3112	-12.588	-3.2228	2.7456	-2.3636	-0.89046	2.8863	4.3479	-0.97456	-1.1773	-1.6988	-0.36928	-3.2267	-11.469	-196.59	-22.824	-25.74	-22.488	24.804	45.236	15.838	101.97	90.242	-53.46	-52.382	-63.8	-46.655
-7.2839	-9.4338	-12.074	-2.3193	1.9546	-3.8988	-5.0199	0.13895	-0.068468	-3.6481	-1.2241	-1.5563	0.89115	-2.1344	-8.9445	-84.901	20.559	36.141	-31.641	-61.405	-165.18	-109.89	-176.66	-106.94	-1.8733	5.7024	50.417	43.69
-7.4477	-11.637	-9.0981	-3.2521	3.349	-2.3568	-4.2612	-2.3079	1.5911	-3.4494	-0.86654	-0.74354	1.5237	-1.6532	-6.5517	-88.111	119.03	-37.312	55.777	61.677	30.349	-97.873	66.382	7.9452	14.303	32.508	25.302	19.25
-6.9887	-11.431	-8.7414	-1.3422	6.3877	0.45	-0.79672	-0.78205	2.7263	-1.4502	0.18365	-0.65574	2.22	-2.2521	18.36	8.2237	14.27	76.394	121.55	112.27	138.58	61.033	45.408	79.971	42.007	3.512	27.852	-23.954
-3.7892	4.3108	4.1854	1.6101	5.3116	-0.92511	-4.628	-1.7325	3.2871	-1.236	0.10465	0.33215	2.3281	-1.3101	127.98	629.67	517.07	118.09	-43.043	-55.005	-153.25	-38.019	22.434	8.5657	-3.1599	39.516	4.3225	37.677
-3.2334	16.821	8.3639	0.81035	4.4791	-3.1641	-3.8557	-3.6646	2.8001	-1.6874	-0.801	1.1918	1.4366	-1.3701	22.229	500.41	167.14	-31.992	-33.299	-89.559	30.891	-77.283	-19.481	-18.056	-36.226	34.387	-35.66	-2.4007
-2.9493	16.468	7.2244	0.23796	1.8669	-3.3557	-1.2407	-3.3296	2.0871	-0.62863	-1.0491	1.1893	1.7841	-0.90068	11.365	-14.138	-45.58	-22.896	-104.49	-7.6654	104.6	13.398	-28.521	42.352	-9.9222	-0.10296	13.902	18.779
-2.9824	15.49	5.9506	1.5372	0.52412	-2.6166	-1.2881	-3.3559	1.6793	1.5135	-1.9892	0.87887	1.8941	-0.34541	-1.3235	-39.097	-50.951	51.969	-53.71	29.567	-1.8949	-1.0505	-16.312	85.683	-37.606	-12.415	4.401	22.211
-2.8822	13.869	8.9127	-1.1871	0.96168	-2.8997	-0.8046	-3.6435	2.8426	0.64973	-1.822	2.0383	0.54832	0.62298	4.0071	-64.867	118.48	-108.97	17.502	-11.327	19.338	-11.503	46.533	-34.549	6.6878	46.378	-53.833	38.736
-2.8462	12.886	10.016	-1.7145	0.90275	-2.2599	-1.8831	-3.776	2.1286	3.2294	-2.6509	0.40549	2.2584	0.037845	1.4402	-39.314	44.113	-21.097	-2.3573	25.593	-43.139	-5.3016	-28.561	103.19	-33.157	-65.313	68.404	-23.406
-2.7896	13.096	10.212	-1.1153	-0.42958	-3.0456	0.49016	-4.9165	2.0283	3.3163	-3.0306	1.3716	1.4208	0.37175	2.2629	8.405	7.8389	23.97	-53.293	-31.427	94.93	-45.62	-4.0104	3.4733	-15.189	38.642	-33.502	13.356
-2.8216	12.23	10.951	-1.8419	-0.70889	-2.2388	-0.46978	-4.3005	1.1667	3.8474	-2.9858	1.4813	1.2059	0.6159	-1.2786	-34.628	29.57	-29.063	-11.172	32.273	-38.397	24.639	-34.466	21.245	1.7948	4.3903	-8.5963	9.7657
-2.8687	11.98	11.439	-3.0641	-1.5362	-1.766	-0.056578	-3.6483	0.72308	3.8619	-2.1633	0.84396	1.1567	0.47674	-1.8854	-9.9876	19.528	-48.891	-33.093	18.91	16.528	26.089	-17.744	0.58158	32.899	-25.494	-1.9683	-5.5662
-2.8813	9.3953	13.12	-3.3097	-1.2594	-1.3729	-1.7605	-2.9814	0.77784	4.3094	-1.597	-1.0162	2.1406	0.7668	-0.50271	-103.41	67.254	-9.8242	11.07	15.726	-68.157	26.678	2.1902	17.898	22.653	-74.408	39.354	11.602
-2.8762	10.364	12.472	-3.4586	-1.5439	-0.74745	-1.2004	-3.8362	1.4263	3.7908	-2.1214	0.6151	1.1779	0.71856	0.2063	38.75	-25.93	-5.9527	-11.379	25.017	22.405	-34.192	25.938	-20.745	-20.976	65.254	-38.507	-1.9293
-2.9313	10.693	11.623	-3.2421	-1.6187	0.1239	-1.652	-4.5669	2.0118	3.7838	-1.8397	-0.48142	1.9734	0.38072	-2.2064	13.178	-33.965	8.6577	-2.9901	34.854	-18.067	-29.228	23.421	-0.27676	11.268	-43.861	31.818	-13.514
-3.1007	10.993	8.5099	-1.3479	0.37458	-1.7323	-1.0816	-4.9165	1.6624	3.6489	-1.7961	0.13876	1.4188	0.18977	-6.7754	11.982	-124.52	75.766	79.73	-74.25	22.82	-13.985	-13.975	-5.398	1.7422	24.807	-22.182	-7.638
-3.3521	8.5639	7.3637	0.70446	1.9808	-3.1289	-2.4734	-3.3896	3.3798	1.7508	-2.2056	0.25408	1.9911	0.21617	-10.058	-97.164	-45.85	82.096	64.249	-55.862	-55.672	61.076	68.695	-75.925	-16.379	4.6126	22.891	1.0557
-3.547	9.0078	6.0941	0.026145	3.5207	-2.367	-2.5895	-3.0299	2.0238	1.3657	-0.87577	-0.38327	2.2848	-0.46022	-7.7939	17.756	-50.784	-27.133	61.597	30.475	-4.6435	14.389	-54.24	-15.405	53.192	-25.494	11.748	-27.056
-3.7633	8.2291	3.9073	1.2557	5.9575	-2.4296	-3.5274	-3.3189	3.3247	0.20478	-0.73653	-0.10156	1.5599	0.36556	-8.6532	-31.149	-87.47	49.183	97.471	-2.504	-37.518	-11.561	52.035	-46.435	5.5695	11.269	-28.994	33.031
-3.9981	7.9649	2.708	2.2005	6.6672	-2.3733	-2.9445	-4.1536	4.1954	0.2098	-1.3683	0.04055	1.0111	0.41186	-9.3895	-10.568	-47.971	37.79	28.387	2.2549	23.318	-33.388	34.829	0.20052	-25.271	5.6842	-21.953	1.8518
-4.0892	8.3917	0.92706	3.2888	7.7128	-3.066	-2.9118	-2.9627	3.1951	-0.78728	-1.266	0.45739	1.5427	-1.3876	-3.6474	17.074	-71.239	43.533	41.825	-27.71	1.3076	47.638	-40.012	-39.883	4.0915	16.674	21.265	-71.98
-4.1162	9.6051	0.099364	3.981	7.6818	-4.545	-1.0887	-2.5405	1.9851	-0.8169	-0.74641	0.14943	0.76023	-0.98077	-1.0789	48.533	-33.108	27.688	-1.2383	-59.16	72.923	16.886	-48.401	-1.185	20.785	-12.319	-31.301	16.274
-4.1396	6.6435	1.7272	3.9918	6.439	-3.0308	-2.3915	-1.9173	2.7992	-1.9611	-0.78563	0.61435	0.625	-0.85751	-0.93565	-118.46	65.112	0.43135	-49.714	60.566	-52.114	24.929	32.566	-45.767	-1.5686	18.597	-5.4091	4.9304
-4.1318	8.5215	1.3188	3.1143	7.3902	-3.4737	-2.3876	-1.7297	2.0889	-1.7746	0.38039	-0.19257	0.28681	-0.34189	0.31199	75.122	-16.334	-35.099	38.047	-17.714	0.15642	7.5042	-28.414	7.4586	46.641	-32.277	-13.527	20.625
-4.0893	8.9841	1.8138	2.957	5.8299	-3.1569	-1.2864	-2.2719	1.7805	-0.89721	0.44688	-0.78721	1.312	-0.61289	1.6996	18.503	19.801	-6.2927	-62.412	12.671	44.05	-21.687	-12.336	35.096	2.6597	-23.785	41.009	-10.84
-3.976	9.7418	2.07	2.9127	5.8675	-3.7973	-1.918	-1.7906	2.0072	-0.6175	-0.23838	0.67377	0.86891	-1.4658	4.5315	30.311	10.244	-1.7707	1.5063	-25.613	-25.266	19.252	9.0665	11.188	-27.41	58.439	-17.725	-34.117
-3.8496	11.092	2.2355	1.612	6.5661	-4.3935	-1.8669	-1.6294	0.49968	1.2159	-0.3672	0.21635	0.6328	-0.57188	5.0585	54.006	6.6224	-52.031	27.943	-23.852	2.0429	6.4484	-60.299	73.335	-5.1529	-18.297	-9.4447	35.757
-3.7861	11.998	2.33	2.063	5.7331	-5.4742	-1.862	-0.63662	0.5626	1.5784	-0.98673	-0.62817	1.9378	-0.43097	2.5401	36.248	3.7779	18.04	-33.319	-43.225	0.1963	39.71	2.5167	14.501	-24.781	-33.781	52.199	5.6365
-3.809	11.61	3.1205	1.0907	5.5981	-5.0378	-2.2394	0.2294	-0.19663	2.3622	-2.1857	-0.10001	1.2256	-0.51093	-0.9191	-15.509	31.619	-38.891	-5.4019	17.456	-15.093	34.64	-30.369	31.35	-47.96	21.126	-28.486	-3.1986
-3.9854	11.064	2.9269	0.28408	6.494	-4.6543	-2.0452	-0.50086	0.51678	1.3826	-1.2861	-0.54335	-0.33088	0.069923	-7.056	-21.857	-7.7417	-32.264	35.836	15.34	7.7674	-29.21	28.537	-39.181	35.986	-17.734	-62.26	23.234
-4.4642	4.1314	4.3863	0.9158	6.615	-2.9662	-3.1059	-0.46792	1.1436	1.1071	-1.9413	-2.0961	0.43012	0.73913	-19.151	-277.31	58.374	25.269	4.8407	67.522	-42.427	1.3175	25.073	-11.02	-26.21	-62.109	30.44	26.768
-5.2573	-14.029	3.6068	4.6347	4.6048	0.065454	-2.5614	-2.1334	2.1405	0.37364	-1.0814	-1.8974	-0.34772	0.94945	-31.722	-726.41	-31.176	148.76	-80.408	121.27	21.778	-66.618	39.877	-29.34	34.396	7.948	-31.114	8.4131
-6.1331	-24.625	0.74393	10.616	4.7917	-0.33183	-0.83636	-1.0862	2.0448	-4.257	-1.7429	2.2175	-2.0726	0.20416	-35.035	-423.85	-114.52	239.25	7.4764	-15.891	69.002	41.888	-3.827	-185.22	-26.456	164.59	-68.996	-29.812
-6.1622	-28.384	1.4811	11.153	4.5187	-0.37944	-0.14305	-0.34234	0.85759	-5.3252	-0.31164	2.2591	-2.1689	0.001729	-1.1639	-150.37	29.485	21.498	-10.921	-1.9043	27.733	29.753	-47.49	-42.731	57.249	1.6647	-3.8505	-8.0972
-5.8651	-22.545	1.1697	8.6085	2.185	1.32	-0.76581	0.23368	1.8586	-4.4033	-0.81532	0.67256	-1.8225	0.79088	11.885	233.57	-12.454	-101.8	-93.348	67.978	-24.91	23.041	40.042	36.878	-20.147	-63.461	13.854	31.566
-5.1866	-3.5584	4.7822	0.8035	2.2775	2.3915	-4.2059	-0.27929	0.60839	-0.88122	1.3284	-2.9126	-0.51454	2.8774	27.141	759.47	144.5	-312.2	3.7028	42.859	-137.6	-20.519	-50.01	140.88	85.747	-143.41	52.32	83.46
-4.8125	4.7782	4.0646	-1.1839	1.0517	2.8306	-2.2061	-0.23222	-0.72773	0.91083	1.1939	-4.1181	-0.47406	1.3654	14.965	333.47	-28.703	-79.496	-49.032	17.565	79.988	1.8825	-53.445	71.682	-5.3771	-48.219	1.6192	-60.479
-4.6996	9.0799	3.6252	-0.29694	-3.1369	4.1651	-1.6571	1.1931	-0.73099	0.68765	0.79564	-2.8682	-0.12913	-0.39188	4.5151	172.07	-17.575	35.478	-167.55	53.378	21.964	57.013	-0.13059	-8.9272	-15.932	49.997	13.797	-70.292
-4.4186	12.249	5.7552	-1.1686	-4.9898	2.3231	-0.67065	3.8166	-2.6331	0.59638	-0.02137	-1.6205	-0.029917	-0.86281	11.242	126.76	85.199	-34.867	-74.116	-73.679	39.456	104.94	-76.085	-3.6509	-32.68	49.906	3.9685	-18.837
-4.0885	13.649	10.057	-2.4616	-6.443	-0.15405	2.8119	3.0962	-3.3974	1.1774	-0.3	-1.5171	-0.34809	-1.7081	13.201	55.997	172.07	-51.719	-58.128	-99.085	139.3	-28.815	-30.572	23.241	-11.145	4.1393	-12.727	-33.813
-3.8701	11.463	11.188	-5.4087	-4.1703	0.27654	2.0475	3.5239	-2.3576	0.37045	-0.093867	-1.2136	-0.80184	-1.6404	8.7384	-87.444	45.225	-117.89	90.906	17.224	-30.578	17.11	41.593	-32.278	8.2454	12.137	-18.15	2.7086
-3.8008	11.078	11.234	-4.7223	-5.1819	-1.6731	2.7176	4.1199	-3.0474	-1.2702	1.0235	-0.12628	-1.0265	-0.48708	2.7719	-15.384	1.8741	27.458	-40.464	-77.985	26.807	23.84	-27.591	-65.627	44.695	43.494	-8.9847	46.133
-3.6598	16.899	8.9062	-3.3313	-5.5576	-2.1426	2.2225	4.9002	-3.1422	-0.22101	-0.51078	0.59101	-1.0052	-1.1176	5.6375	232.82	-93.133	55.639	-15.025	-18.781	-19.805	31.212	-3.7929	41.968	-61.372	28.692	0.84983	-25.22
-3.5798	13.78	8.6565	-0.27869	-5.4387	-3.8766	2.255	4.3721	-2.5168	1.4146	-1.4613	-0.2031	-0.34626	-0.93237	3.2023	-124.75	-9.9876	122.1	4.7557	-69.361	1.3013	-21.127	25.016	65.424	-38.022	-31.764	26.358	7.4082
-3.5891	9.0132	11.858	-2.0831	-4.0442	-4.6745	1.9519	4.0451	-0.67132	-0.56914	-0.58999	-0.078274	-0.5727	-1.0213	-0.37265	-190.67	128.07	-72.176	55.778	-31.913	-12.128	-13.078	73.82	-79.349	34.853	4.993	-9.0577	-3.5576
-3.6395	7.8985	11.886	-2.2809	-3.9008	-4.3888	1.4086	5.0125	-1.4243	-1.4487	0.84174	0.2611	-0.80908	-1.6158	-2.0151	-44.587	1.1096	-7.9114	5.7384	11.427	-21.728	38.696	-30.119	-35.182	57.269	13.575	-9.4551	-23.781
-3.6665	7.3827	9.4245	-0.69339	-2.0881	-5.3289	0.77653	4.3209	-1.0109	0.61385	-0.25316	-0.83973	-0.12738	-0.93681	-1.0808	-20.634	-98.457	63.5	72.505	-37.606	-25.285	-27.663	16.535	82.502	-43.796	-44.033	27.268	27.161
-3.6083	10.688	8.183	-0.78073	-2.1694	-6.4951	2.5037	3.1976	-0.20659	-0.77252	1.1602	-0.76314	-0.94042	-0.26043	2.3287	132.22	-49.659	-3.4938	-3.2491	-46.647	69.085	-44.932	32.173	-55.455	56.535	3.0633	-32.521	27.055
-3.5281	12.534	8.5888	-1.8531	-2.6817	-4.8993	1.713	2.5468	0.30024	-1.2709	1.6163	-0.053038	-2.0309	0.12322	3.2066	73.843	16.229	-42.894	-20.496	63.832	-31.625	-26.034	20.273	-19.935	18.242	28.404	-43.62	15.346
-3.5749	11.653	7.237	-1.5348	-0.56795	-5.9707	1.7491	1.9847	-0.22652	0.20744	0.96127	0.10034	-1.9063	0.5683	-1.8719	-35.259	-54.069	12.729	84.552	-42.855	1.4413	-22.482	-21.071	59.133	-26.2	6.1351	4.9831	17.803
-3.7255	8.8387	7.2714	0.69982	-0.92609	-5.5732	0.75974	1.318	0.27467	0.967	-0.0095457	-0.10288	-0.83934	0.2539	-6.0233	-112.56	1.3758	89.387	-14.326	15.9	-39.573	-26.671	20.048	30.382	-38.833	-8.1289	42.68	-12.576
-3.7654	9.4792	6.574	0.62672	-0.68117	-4.104	1.1868	0.14319	-1.1895	1.2389	1.702	-0.15337	-1.2985	0.18482	-1.5962	25.619	-27.898	-2.924	9.7968	58.765	17.083	-46.991	-58.567	10.875	68.463	-2.0197	-18.367	-2.7631
-3.6893	10.444	5.7156	1.7218	-1.0539	-3.2467	2.731	-3.0059	-1.7161	1.985	2.9627	0.36836	-2.8056	0.67474	3.0442	38.577	-34.335	43.803	-14.91	34.292	61.769	-125.96	-21.066	29.846	50.426	20.869	-60.282	19.597
-3.5907	8.6309	7.7747	1.2577	-1.2177	-3.1276	2.3173	-2.2858	-2.2429	0.35407	3.6654	1.3437	-2.9317	0.30338	3.9421	-72.508	82.363	-18.562	-6.5513	4.7661	-16.55	28.806	-21.069	-65.238	28.108	39.014	-5.0454	-14.855
-3.6404	6.1746	7.8189	2.8803	-0.73989	-3.8744	2.5633	-1.9497	-2.9124	0.68877	2.8886	1.7828	-3.0129	0.46397	-1.9848	-98.252	1.77	64.903	19.113	-29.871	9.8423	13.441	-26.782	13.388	-31.071	17.562	-3.2497	6.4237
-3.9055	4.8853	6.5142	4.2804	-0.84689	-3.5742	1.3489	0.7479	-3.6427	-1.0543	2.1631	2.7705	-2.7726	0.49373	-10.605	-51.573	-52.189	56.004	-4.2801	12.005	-48.579	107.9	-29.211	-69.723	-29.022	39.508	9.6128	1.1904
-4.2856	-2.4932	3.5929	10.002	-0.77417	-2.7382	1.8705	1.966	-4.8498	-0.62082	1.0559	1.2261	-1.4263	-0.39521	-15.205	-295.14	-116.85	228.86	2.9088	33.442	20.867	48.725	-48.283	17.339	-44.286	-61.773	53.851	-35.557
-4.5967	-12.464	8.1766	9.0232	-0.61642	-2.9639	5.1536	0.68813	-4.1893	-1.7612	-0.68711	1.5062	-1.5524	0.36806	-12.445	-398.82	183.35	-39.146	6.3099	-9.03	131.32	-51.116	26.419	-45.617	-69.72	11.203	-5.0406	30.531
-4.7945	-18.592	7.6426	11.256	-1.129	-2.3817	6.4921	0.93589	-5.2416	-1.5269	-1.8068	0.62599	0.3689	0.043869	-7.9122	-245.16	-21.358	89.316	-20.504	23.289	53.541	9.9102	-42.094	9.3734	-44.788	-35.209	76.85	-12.968
-5.0405	-20.624	5.6063	11.861	-0.50749	-0.74836	5.5492	0.30227	-4.3833	-1.0606	-3.1377	0.90385	1.3278	-0.62022	-9.8394	-81.276	-81.454	24.176	24.861	65.335	-37.717	-25.345	34.334	18.654	-53.234	11.115	38.358	-26.564
-5.425	-20.888	4.5077	12.052	-2.7687	0.88085	6.1926	1.6934	-4.1702	-2.6201	-3.4481	1.0609	1.9011	-0.7149	-15.378	-10.554	-43.943	7.646	-90.449	65.169	25.738	55.645	8.5246	-62.382	-12.417	6.2833	22.93	-3.7872
-5.9179	-24.047	2.5186	11.152	-2.3857	2.7797	4.6768	3.6325	-4.1177	-2.9995	-2.5121	0.029382	2.0762	-0.20822	-19.719	-126.33	-79.564	-35.997	15.321	75.956	-60.632	77.564	2.099	-15.175	37.438	-41.262	7.0058	20.267
-6.2594	-15.374	-4.5236	9.2395	-1.6715	6.1738	1.6968	3.192	-3.4026	-1.0857	-1.1846	-0.118	0.79159	0.40632	-13.658	346.91	-281.69	-76.491	28.567	135.76	-119.2	-17.619	28.603	76.551	53.101	-5.8952	-51.386	24.581
-5.3924	7.2844	-5.8686	4.2154	-0.8421	3.5469	0.072883	1.2718	-1.6077	1.1172	0.5498	0.21894	-0.44937	1.3808	34.679	906.33	-53.803	-200.96	33.176	-105.07	-64.956	-76.809	71.794	88.118	69.377	13.477	-49.638	38.98
-4.621	1.2269	3.6928	5.2631	0.5112	0.44326	1.9367	-1.1031	-3.2707	0.032366	1.1974	0.53829	-1.4172	1.6212	30.854	-242.3	382.46	41.908	54.132	-124.15	74.554	-94.995	-66.52	-43.395	25.903	12.774	-38.712	9.6165
-4.3095	6.0814	3.8856	1.7622	3.429	-0.43596	1.6967	-2.1813	-3.5317	1.1099	1.2746	0.41968	-2.3491	2.7151	12.464	194.18	7.7117	-140.04	116.71	-35.169	-9.603	-43.13	-10.437	43.103	3.0871	-4.7447	-37.277	43.753
-4.3153	6.256	2.0977	2.4996	4.5868	-0.019536	0.061923	-1.7091	-2.6087	0.70083	0.76359	0.0032106	-1.5545	2.2688	-0.23502	6.9834	-71.517	29.496	46.309	16.657	-65.389	18.89	36.921	-16.364	-20.439	-16.659	31.785	-17.848
-4.3829	2.5879	3.3108	0.92252	7.087	0.030997	-1.0065	-0.4869	-3.0435	0.72191	-0.16933	0.3833	-1.6377	1.7508	-2.7013	-146.72	48.526	-63.084	100.01	2.0213	-42.735	48.888	-17.392	0.84314	-37.317	15.203	-3.3294	-20.723
-4.4748	1.2083	1.7175	2.2531	8.7771	-0.82986	-0.62577	-1.1688	-1.41	-1.0848	-1.0814	0.64901	-0.65115	0.88701	-3.6762	-55.184	-63.734	53.223	67.604	-34.434	15.227	-27.277	65.338	-72.267	-36.483	10.629	39.462	-34.551
-4.6102	-3.1838	2.0446	1.7615	8.6778	1.1758	-1.1949	-0.55212	-1.53	-2.144	-1.0745	1.1832	-1.6174	0.83599	-5.418	-175.69	13.083	-19.664	-3.9682	80.228	-22.764	24.668	-4.8001	-42.369	0.27635	21.368	-38.652	-2.0407
-4.7918	-7.3811	2.3889	2.5433	8.2094	1.5807	-0.68693	-0.89409	-0.49454	-3.0867	-2.6524	2.3848	-1.1395	0.074513	-7.2648	-167.89	13.774	31.271	-18.737	16.195	20.317	-13.679	41.419	-37.709	-63.117	48.062	19.12	-30.459
-4.8506	-11.147	3.9172	3.2603	7.2984	2.1806	-0.38771	-1.3657	-0.84075	-2.7517	-2.4627	1.6396	-0.78696	0.15148	-2.35	-150.64	61.129	28.681	-36.442	23.994	11.969	-18.864	-13.849	13.401	7.5897	-29.807	14.1	3.0786
-4.7787	-10.104	5.4844	1.4608	7.0977	3.616	-1.0024	-3.2464	-0.3604	-0.59479	-4.0282	1.56	-0.39368	0.245	2.8739	41.736	62.69	-71.982	-8.0281	57.418	-24.587	-75.228	19.214	86.276	-62.622	-3.184	15.731	3.7409
-4.6723	-8.5021	5.8117	1.8334	6.053	3.9629	-0.21079	-4.9812	-0.75074	-0.11045	-2.7391	1.005	-0.70757	0.79125	4.2572	64.063	13.093	14.907	-41.788	13.877	31.663	-69.392	-15.613	19.374	51.567	-22.198	-12.555	21.85
-4.7067	-10.338	7.5339	2.1723	4.3625	4.3845	0.76494	-5.3556	-1.5177	0.72833	-2.6762	0.75118	0.013766	0.28747	-1.3761	-73.435	68.885	13.555	-67.619	16.861	39.029	-14.977	-30.678	33.551	2.5138	-10.154	28.853	-20.151
-5.0103	-14.756	8.8603	3.0755	2.3837	4.3371	1.0373	-2.8307	-3.5505	1.2052	-2.5997	0.96999	-0.036961	-1.1677	-12.143	-176.74	53.057	36.129	-79.152	-1.8959	10.894	101	-81.313	19.076	3.0588	8.7525	-2.0291	-58.207
-5.436	-22.141	11.187	3.1458	-0.88018	4.7885	2.0915	0.45329	-3.8895	-1.4647	-2.3097	1.311	0.96625	-1.8098	-17.027	-295.4	93.051	2.8119	-130.55	18.059	42.167	131.36	-13.559	-106.8	11.603	13.642	40.129	-25.685
-5.5381	-20.791	12.452	3.055	-3.4029	4.7218	2.4733	0.3779	-3.107	-3.0173	-2.2737	1.6536	1.4844	-1.1232	-4.0848	54.008	50.606	-3.6334	-100.91	-2.6703	15.274	-3.0157	31.301	-62.102	1.4388	13.701	20.726	27.464
-5.1416	-17.268	14.215	3.0414	-4.2236	4.1355	1.1054	-0.52679	-2.9534	-0.48758	-2.0926	1.2572	1.3231	-0.58252	15.86	140.91	70.538	-0.54439	-32.831	-23.45	-54.718	-36.188	6.144	101.19	7.2449	-15.854	-6.451	21.629
-4.4676	-8.8417	16.58	1.5923	-5.8857	2.9733	1.9337	-1.3889	-4.1926	1.5964	-2.1982	1.4162	0.98998	-0.34591	26.96	337.07	94.612	-57.961	-66.483	-46.49	33.134	-34.485	-49.568	83.359	-4.2236	6.3589	-13.326	9.4645
-3.899	1.4927	16.905	-2.2197	-5.2073	2.2705	2.0088	-2.6337	-3.7472	2.3057	-1.791	1.959	-0.17709	-1.099	22.741	413.38	12.987	-152.48	27.136	-28.111	3.0018	-49.794	17.813	28.372	16.289	21.713	-46.683	-30.123
-3.6093	7.8641	16.04	-4.2517	-4.3863	2.1187	1.2199	-3.4868	-2.9587	3.8919	-0.98981	1.051	-0.63376	-0.94253	11.59	254.85	-34.62	-81.28	32.84	-6.0727	-31.553	-34.121	31.54	63.448	32.046	-36.322	-18.267	6.2574
-3.3952	13.592	13.293	-5.1839	-3.3548	1.6552	0.90441	-4.5647	-0.8739	3.7798	-0.84778	0.27246	-0.5747	-0.4605	8.5649	229.12	-109.85	-37.289	41.26	-18.541	-12.621	-43.115	83.394	-4.4826	5.6811	-31.14	2.3624	19.282
-3.2938	16.111	12.366	-5.4858	-3.254	1.5058	0.25247	-4.5761	0.45912	3.8149	-0.77551	-0.32052	-1.1607	-0.00024268	4.0551	100.75	-37.074	-12.073	4.0327	-5.9764	-26.078	-0.45924	53.321	1.4024	2.891	-23.719	-23.44	18.41
-3.242	18.252	11.826	-6.3586	-2.2986	0.077454	0.32917	-3.1229	1.1033	2.1685	0.14191	-0.28229	-2.0019	1.04	2.0701	85.628	-21.605	-34.915	38.214	-57.133	3.0682	58.131	25.767	-65.856	36.697	1.529	-33.647	41.611
-3.1978	23.159	8.1431	-4.3561	-4.0879	1.5033	-1.0489	-2.3216	1.247	2.736	-0.22952	-0.89383	-1.2011	0.060495	1.7715	196.3	-147.33	80.102	-71.569	57.034	-55.123	32.052	5.7481	22.702	-14.857	-24.462	32.03	-39.182
-3.2898	23.86	6.1555	-4.1557	-2.0658	0.91825	-2.4295	-1.4093	1.2607	3.5393	-0.66593	-1.2071	-1.1556	-0.40532	-3.6811	28.036	-79.502	8.0134	80.881	-23.402	-55.224	36.489	0.54819	32.129	-17.456	-12.53	1.8209	-18.633
-3.5957	15.993	8.5646	-5.9308	0.15227	-1.9147	0.0072142	-2.0712	2.751	1.8029	-0.63727	-0.47351	-0.62205	-0.24066	-12.237	-314.7	96.361	-71.002	88.724	-113.32	97.469	-26.476	59.611	-69.456	1.1462	29.343	21.342	6.5864
-3.6242	17.885	8.1298	-5.432	0.69847	-3.1463	0.20812	-2.3141	3.4272	1.268	-0.47124	0.062899	-0.92198	-0.10934	-1.14	75.705	-17.391	19.952	21.848	-49.263	8.0361	-9.7134	27.048	-21.393	6.6414	21.456	-11.997	5.2527
-3.3385	22.905	7.4777	-6.5593	1.2484	-2.6565	0.60038	-2.7868	2.0356	2.6863	-0.27979	-0.27974	-2.7203	0.85595	11.427	200.78	-26.085	-45.091	21.997	19.593	15.69	-18.908	-55.661	56.73	7.6578	-13.705	-71.934	38.612
-3.3623	22.168	7.4394	-6.5569	1.7686	-3.2419	0.37428	-2.1865	3.0882	1.523	-0.013024	-1.134	-2.2861	1.093	-0.95166	-29.477	-1.532	0.094442	20.808	-23.419	-9.0439	24.011	42.101	-46.53	10.671	-34.17	17.368	9.4811
-3.6065	17.634	6.768	-4.8064	1.0742	-3.4653	0.27138	-2.0839	3.0097	2.0822	-0.50263	-0.87104	-1.4175	0.57556	-9.7674	-181.36	-26.855	70.019	-27.776	-8.9357	-4.1161	4.1061	-3.1397	22.367	-19.584	10.518	34.745	-20.696
-3.515	20.888	8.0166	-6.2184	0.81925	-2.6859	-0.8413	-1.2925	3.1726	0.63308	0.22012	-0.55667	-1.1349	0.80128	3.6619	130.19	49.944	-56.479	-10.198	31.176	-44.507	31.656	6.5195	-57.965	28.91	12.575	11.303	9.0289
-3.4882	19.011	7.8211	-6.0402	1.3529	-1.3012	-1.3969	-2.7274	3.2838	2.657	-0.66442	-1.229	-1.8295	0.3075	1.0713	-75.102	-7.8187	7.1265	21.347	55.391	-22.225	-57.399	4.4456	80.958	-35.382	-26.894	-27.781	-19.751
-3.942	12.935	5.564	-4.4239	2.0817	-1.9701	-0.74047	-3.0634	4.2554	2.5002	-1.2845	-1.3109	-0.078255	0.31373	-18.153	-243.06	-90.283	64.654	29.151	-26.756	26.259	-13.438	38.863	-6.2738	-24.804	-3.2745	70.049	0.249
-4.3875	8.5715	3.1068	-1.6966	3.4625	-0.88576	-1.0452	-3.5673	4.1976	1.4669	-0.69745	0.023526	-1.3004	1.4019	-17.819	-174.52	-98.288	109.09	55.23	43.372	-12.189	-20.155	-2.309	-41.331	23.483	53.377	-48.884	43.526
-4.5607	7.8273	2.879	-1.5437	5.0885	-1.0337	-0.95329	-4.9444	3.5848	1.9592	-0.83309	0.53587	-1.0942	0.30121	-6.9292	-29.767	-9.1113	6.1153	65.04	-5.9179	3.6762	-55.086	-24.514	19.691	-5.4258	20.494	8.2447	-44.027
-4.7719	6.7191	3.6781	-1.1833	3.139	0.69155	1.1992	-6.6286	1.8577	2.22	-1.4555	0.69924	0.073963	0.96969	-8.4458	-44.331	31.964	14.416	-77.979	69.01	86.1	-67.368	-69.082	10.433	-24.894	6.5348	46.728	26.739
-5.3734	-5.5743	3.3574	1.8402	3.8346	2.3119	0.0031557	-5.1778	1.9553	1.0458	-4.0046	1.5386	1.8955	-0.61561	-24.061	-491.73	-12.829	120.94	27.823	64.815	-47.843	58.034	3.9018	-46.969	-101.96	33.576	72.86	-63.412
-6.7406	-38.955	-0.26793	2.1609	2.9441	7.4333	-0.99421	-1.4062	1.3403	1.1123	-4.0353	0.0025886	1.6544	-0.18333	-54.689	-1335.2	-145.01	12.829	-35.619	204.86	-39.895	150.86	-24.598	2.6603	-1.2298	-61.442	-9.6422	17.291
-11.269	-61.998	-12.554	-1.3581	0.52838	10.554	-0.83362	-0.041947	-1.7427	-0.11168	-1.1421	-0.06516	0.49124	-0.18216	-181.12	-921.74	-491.45	-140.76	-96.628	124.83	6.4237	54.57	-123.32	-48.959	115.73	-2.7099	-46.527	0.046828
-7.219	-29.631	-15.488	-2.3862	-2.2609	10.801	0.15401	-1.6372	0.73498	0.35957	0.16095	-0.45588	-0.015302	1.6337	161.99	1294.7	-117.37	-41.124	-111.57	9.8783	39.505	-63.811	99.109	18.85	52.122	-15.629	-20.262	72.635
-6.2583	9.8245	-7.2989	-7.4622	-8.4974	2.8984	0.55375	0.30916	-2.052	1.2513	1.329	-0.035372	-1.6352	1.8868	38.429	1578.2	327.58	-203.04	-249.46	-316.11	15.99	77.855	-111.48	35.668	46.722	16.82	-64.797	10.124
-6.2485	-1.6404	-4.3767	-5.9344	-8.0198	2.7562	0.086043	-1.0326	-4.0484	0.46109	1.821	0.16838	-1.2986	2.0584	0.39065	-458.6	116.89	61.114	19.104	-5.6859	-18.708	-53.669	-79.858	-31.607	19.681	8.1502	13.465	6.8614
-8.2247	-24.056	-4.521	-4.598	-5.683	2.8835	1.9737	0.60229	-3.1568	0.49304	2.8588	1.3259	-1.5118	-0.13855	-79.049	-896.62	-5.7702	53.453	93.469	5.0933	75.504	65.394	35.666	1.2782	41.513	46.3	-8.5289	-87.877
-8.4507	-26.493	-6.7082	-3.3209	-5.5573	1.7203	4.9473	4.7548	-1.7196	-1.0896	3.6719	3.1344	-1.3619	-1.3391	-9.0371	-97.483	-87.486	51.087	5.0306	-46.53	118.95	166.1	57.489	-63.307	32.523	72.341	5.9968	-48.021
-8.0366	-19.964	-5.2053	0.8102	-6.4145	-0.012311	3.931	7.6569	-2.6339	1.1403	2.1693	1.1578	-0.1619	-0.81981	16.561	261.14	60.113	165.24	-34.289	-69.305	-40.652	116.08	-36.572	89.198	-60.104	-79.066	48	20.771
-6.3814	-18.864	-2.8969	3.8684	-3.1361	1.1398	4.2808	7.99	-4.1794	-0.57223	2.3876	1.6899	-0.81895	-0.15516	66.208	44.024	92.338	122.33	131.13	46.083	13.993	13.323	-61.822	-68.502	8.73	21.285	-26.282	26.586
-4.3678	0.9584	11.891	1.9569	-6.5224	-4.6171	5.6017	3.9522	-2.746	-1.6908	1.1942	1.755	-0.92222	0.27504	80.544	792.89	591.52	-76.461	-135.45	-230.27	52.836	-161.51	57.336	-44.745	-47.733	2.6044	-4.1311	17.208
-3.7124	8.0633	11.101	0.87074	-7.5505	-5.1619	5.0791	3.7152	-3.2334	-1.5675	2.275	1.0233	-1.112	0.79681	26.217	284.2	-31.595	-43.445	-41.126	-21.79	-20.905	-9.4784	-19.497	4.9353	43.232	-29.268	-7.5914	20.871
-3.6642	8.8589	9.408	1.6135	-8.5064	-4.394	5.6445	2.3582	-2.8329	-0.74757	2.7558	-0.089057	-0.11727	0.48881	1.9286	31.824	-67.73	29.712	-38.234	30.713	22.618	-54.282	16.02	32.796	19.232	-44.494	39.79	-12.32
-3.7289	10.279	7.9979	0.11033	-5.4032	-5.4901	4.9318	4.2844	-4.5876	-0.51355	3.4683	0.42604	-1.8621	0.97439	-2.5868	56.787	-56.402	-60.128	124.13	-43.844	-28.511	77.05	-70.188	9.3608	28.497	20.604	-69.794	19.423
-3.9089	9.4181	7.0405	-0.37558	-3.2914	-4.8117	4.1046	2.8072	-3.6654	0.19042	3.4367	0.18835	-2.1994	0.40062	-7.2006	-34.418	-38.296	-19.437	84.474	27.137	-33.087	-59.09	36.889	28.159	-1.2605	-9.5076	-13.492	-22.951
-4.1899	7.1726	5.9794	-0.74434	-0.85334	-3.224	1.7933	1.8873	-2.0663	0.88331	2.4868	0.11386	-2.7226	0.15903	-11.241	-89.82	-42.445	-14.75	97.521	63.509	-92.453	-36.793	63.965	27.716	-37.997	-2.9797	-20.929	-9.6637
-4.4476	9.1625	2.5079	0.62221	-0.80809	0.47062	-0.39488	-0.47751	-1.1298	2.2365	2.0236	-0.29363	-2.4036	0.25652	-10.309	79.597	-138.86	54.662	1.81	147.78	-87.526	-94.594	37.457	54.127	-18.527	-16.299	12.761	3.8995
-4.6831	7.0553	2.2607	1.6531	0.019629	0.75233	0.46438	-2.6816	0.090789	0.68376	1.721	0.41572	-1.5684	0.57857	-9.4197	-84.288	-9.8878	41.237	33.109	11.268	34.37	-88.165	48.825	-62.109	-12.106	28.374	33.407	12.882
-5.0182	3.9446	1.8723	0.48723	2.7369	2.3519	-0.26216	-3.7628	0.79975	-0.81502	0.43146	0.58476	1.2015	0.34064	-13.403	-124.43	-15.533	-46.637	108.69	63.983	-29.062	-43.246	28.358	-59.951	-51.58	6.7617	110.8	-9.5172
-5.7498	-5.1062	1.026	3.1018	4.571	2.5317	-0.59268	-2.4506	1.0224	-1.0152	-1.2203	-0.32354	1.0216	1.0913	-29.265	-362.03	-33.852	104.58	73.364	7.1911	-13.221	52.486	8.9055	-8.006	-66.071	-36.332	-7.1921	30.025
-6.8182	-34.541	-1.3033	6.3804	5.828	4.9054	-1.9064	0.44863	1.4008	-1.8388	-2.4681	1.6239	-0.52543	-1.1239	-42.736	-1177.4	-93.173	131.14	50.282	94.947	-52.551	115.97	15.137	-32.946	-49.911	77.898	-61.883	-88.607
-9.7917	-58.495	-12.057	-0.82807	0.63347	8.8831	1.3646	1.5911	-0.53546	1.6907	-1.9741	-0.10144	0.73624	-0.41686	-118.94	-958.14	-430.16	-288.34	-207.78	159.11	130.84	45.698	-77.451	141.18	19.76	-69.014	50.467	28.282
-11.862	-63.512	-20.224	-1.3124	-5.7201	9.0657	3.057	1.892	-2.4743	-1.5772	-0.67914	0.2953	1.7306	-0.50017	-82.807	-200.71	-326.66	-19.374	-254.14	7.3012	67.697	12.037	-77.555	-130.71	51.799	15.87	39.772	-3.3325
-11.653	-63.884	-20.039	0.79894	-6.9987	7.105	0.84248	1.0702	-2.3984	-2.2778	0.21712	1.1581	1.8985	0.26405	8.3654	-14.873	7.4115	84.454	-51.144	-78.426	-88.581	-32.873	3.0356	-28.022	35.85	34.514	6.7164	30.569
-5.7978	3.773	-9.3997	-7.537	-4.4878	7.9875	-4.1439	-0.72021	-2.0697	-0.52373	-1.7776	0.66946	1.7365	-0.6407	234.2	2706.3	425.56	-333.44	100.44	35.297	-199.46	-71.616	13.149	70.161	-79.79	-19.547	-6.4772	-36.19
-5.7785	14.226	-8.8237	-7.7994	-4.5438	7.3599	-5.2298	-0.88197	-2.3551	-0.30143	-2.5025	0.92018	1.7671	-0.62771	0.77073	418.11	23.038	-10.498	-2.2397	-25.1	-43.434	-6.4704	-11.414	8.8923	-28.996	10.029	1.2244	0.51971
-7.3137	-15.969	-14.146	-2.6662	-4.4545	5.3626	-3.7786	1.6684	-2.4056	0.8695	-0.33487	1.0604	1.5417	0.57972	-61.409	-1207.8	-212.87	205.33	3.5736	-79.896	58.047	102.01	-2.0208	46.837	86.706	5.608	-9.0158	48.297
-8.9484	-19.801	-16.407	-0.6953	-4.5833	6.1846	-2.4719	1.8989	-1.7656	0.12465	-1.6057	-0.3001	0.56124	0.50186	-65.387	-153.25	-90.46	78.835	-5.1549	32.883	52.267	9.2217	25.6	-29.794	-50.833	-54.419	-39.22	-3.1145
-9.297	-30.73	-14.508	1.0533	-5.2279	2.6618	-3.3527	2.5556	-2.2199	-0.58236	0.081625	0.0040943	0.22025	-0.99638	-13.945	-437.18	75.98	69.944	-25.784	-140.92	-35.234	26.266	-18.174	-28.28	67.493	12.168	-13.639	-59.929
-10.004	-33.547	-12.947	2.1749	-6.0134	2.5461	-4.2685	0.96436	-2.184	0.81725	-0.77669	0.36053	0.80808	0.77685	-28.295	-112.66	62.437	44.866	-31.419	-4.6265	-36.629	-63.648	1.4373	55.984	-34.333	14.258	23.513	70.929
-10.354	-41.047	-14.518	-0.46532	-4.555	3.7428	-2.0049	2.3497	-0.50512	1.6043	-1.0732	-0.6517	1.3401	-0.35087	-13.965	-300.01	-62.837	-105.61	58.335	47.87	90.541	55.414	67.155	31.484	-11.859	-40.49	21.28	-45.109
-10.253	-36.756	-15.906	-2.7077	-1.9837	3.4025	-1.9499	2.775	-3.1176	0.88165	-1.454	-1.9738	0.84833	0.50887	4.0093	171.62	-55.544	-89.696	102.85	-13.613	2.2024	17.012	-104.5	-28.908	-15.233	-52.885	-19.67	34.389
-9.1542	-30.051	-9.8293	-2.9467	-0.62374	0.50262	-4.4189	1.5873	-2.6165	-0.19136	-1.2601	-0.09645	0.81174	-0.35014	43.965	268.21	243.07	-9.5612	54.397	-116	-98.762	-47.508	20.047	-42.921	7.7579	75.095	-1.4635	-34.36
-8.6871	-21.018	-8.2401	-2.3361	0.85427	-0.6447	-3.434	1.3695	-1.2431	0.35622	1.0822	-0.73541	0.42114	0.69646	18.681	361.31	63.568	24.425	59.121	-45.893	39.398	-8.7134	54.935	21.903	93.691	-25.558	-15.624	41.864
-8.4939	-20.487	-5.4479	-5.379	1.4535	2.6613	-0.1188	2.4295	0.40172	-0.52039	1.3884	0.14613	0.31651	0.019645	7.7276	21.249	111.69	-121.71	23.968	132.24	132.61	42.399	65.792	-35.064	12.249	35.262	-4.1851	-27.073
-7.9292	-18.803	-5.1123	-2.908	0.37367	1.3215	0.12412	2.3063	3.4519	-0.6258	3.2888	-1.0509	-0.5177	0.40305	22.591	67.373	13.422	98.839	-43.192	-53.595	9.7171	-4.9275	122.01	-4.2163	76.016	-47.88	-33.368	15.336
-6.796	-13.962	-3.93	0.24472	3.3062	1.342	0.20766	1.6806	2.8038	1.301	1.6464	-1.9673	-0.37073	1.4065	45.326	193.62	47.292	126.11	117.3	0.82129	3.3413	-25.028	-25.926	77.071	-65.696	-36.657	5.8787	40.14
-4.3981	6.01	4.5818	-0.21637	1.4522	-1.5431	0.46599	-1.6287	1.4912	1.1576	0.86102	0.53668	-0.20053	1.0374	95.916	798.89	340.47	-18.443	-74.162	-115.4	10.333	-132.37	-52.503	-5.736	-31.417	100.16	6.8079	-14.766
-3.876	15.928	6.7204	-2.4063	1.0961	-2.9298	-0.44065	-2.3052	2.3239	0.52824	0.79214	-0.44007	-0.80117	-0.28411	20.885	396.7	85.545	-87.596	-14.242	-55.468	-36.266	-27.063	33.308	-25.174	-2.7551	-39.07	-24.026	-52.86
-3.817	16.443	6.6438	-3.1089	2.2334	-3.0774	-0.8268	-2.3574	2.2919	2.9162	-0.86301	-1.3524	-0.27971	0.83577	2.3603	20.613	-3.0647	-28.106	45.493	-5.9051	-15.446	-2.0846	-1.2831	95.518	-66.206	-36.491	20.859	44.795
-3.8784	13.263	5.6179	-2.2136	-0.17954	-0.86108	-0.49644	-2.1417	2.4276	1.0512	0.1326	-0.55058	-0.34075	0.30887	-2.4591	-127.18	-41.038	35.811	-96.519	88.655	13.215	8.6257	5.4307	-74.598	39.824	32.071	-2.4418	-21.076
-4.0586	15.931	0.60613	1.1092	-1.1385	0.14262	-3.3835	1.1058	0.60407	2.7344	-0.34998	-0.80075	-0.10253	-0.26855	-7.2078	106.71	-200.47	132.91	-38.358	40.148	-115.48	129.9	-72.942	67.328	-19.303	-10.007	9.5286	-23.097
-4.1129	14.786	-0.17272	1.2943	0.48169	-0.56915	-4.1657	1.8806	2.0964	1.1267	-0.78775	-0.32596	-0.055128	-0.17439	-2.1691	-45.813	-31.154	7.4051	64.807	-28.471	-31.286	30.992	59.694	-64.308	-17.511	18.992	1.8963	3.7663
-4.188	12.151	3.6451	-2.3545	2.3062	-4.4067	0.87565	-0.64204	3.2284	0.031365	-0.046278	-0.73601	0.14723	-0.087414	-3.0065	-105.39	152.71	-145.95	72.981	-153.5	201.65	-100.91	45.279	-43.813	29.659	-16.402	8.0941	3.4791
-4.2316	9.8408	3.718	-2.2271	2.1672	-3.8129	1.14	-0.37698	2.7027	1.3451	-1.2681	-0.81777	0.59135	0.026131	-1.7441	-92.409	2.9164	5.0937	-5.5617	23.749	10.573	10.602	-21.029	52.55	-48.873	-3.2703	17.765	4.5418
-4.3868	10.782	3.6384	-1.4365	1.114	-4.1065	0.74385	-0.54338	3.7685	0.78347	-0.8056	-1.6097	0.58889	0.69014	-6.2061	37.656	-3.1833	31.623	-42.126	-11.744	-15.845	-6.6559	42.635	-22.466	18.5	-31.677	-0.098386	26.56
-4.1419	12.392	5.7979	-2.2053	0.92849	-3.0238	-0.29908	-1.3537	3.1365	1.3113	0.75254	-2.0543	-0.72062	0.92233	9.7971	64.392	86.381	-30.75	-7.4218	43.31	-41.717	-32.415	-25.28	21.113	62.326	-17.786	-52.38	9.2877
-3.9231	11.102	5.8862	-2.2577	-0.1141	-2.1948	-0.84825	-0.76124	3.3604	1.7505	0.089553	-1.604	-1.5435	1.0168	8.7508	-51.589	3.5328	-2.0971	-41.703	33.16	-21.967	23.7	8.9546	17.567	-26.52	18.012	-32.916	3.7783
-4.3349	17.117	6.2329	-4.0711	0.27105	-2.9476	-0.30373	0.61476	2.1226	0.48165	1.261	-1.3283	-1.624	0.40935	-16.473	240.57	13.867	-72.535	15.406	-30.114	21.781	55.04	-49.511	-50.753	46.857	11.028	-3.2189	-24.298
-4.074	12.322	7.1793	-4.4381	-1.2814	-1.5666	2.5109	-0.033825	1.7148	0.30039	0.69729	-0.98771	-0.65067	0.81162	10.435	-191.79	37.856	-14.682	-62.1	55.242	112.59	-25.944	-16.315	-7.2504	-22.547	13.625	38.932	16.091
-4.265	10.6	7.1741	-4.7957	-2.0497	-0.77554	1.4801	0.47512	2.244	-0.2484	1.06	-1.4459	-0.91158	0.011389	-7.639	-68.889	-0.20697	-14.304	-30.729	31.643	-41.234	20.358	21.169	-21.951	14.508	-18.328	-10.436	-32.009
-4.6875	12.812	6.2794	-4.6558	-1.9361	-1.1123	2.948	-0.61592	1.5039	-0.66611	2.1686	-2.1393	-0.17056	0.52288	-16.901	88.513	-35.791	5.5985	4.5417	-13.47	58.719	-43.642	-29.605	-16.709	44.345	-27.735	29.641	20.46
-4.612	9.0046	5.038	-2.7406	-2.381	-1.306	3.5168	0.83868	1.1269	-0.24881	0.30102	-0.76363	-0.68599	1.1293	3.0206	-152.32	-49.654	76.607	-17.795	-7.7463	22.751	58.184	-15.078	16.692	-74.704	55.026	-20.617	24.258
-4.6532	7.8684	4.1137	-2.872	-2.1223	-1.8152	4.2241	1.9162	0.84387	-1.0272	0.93367	-0.99166	-1.0759	0.66034	-1.6456	-45.448	-36.974	-5.2536	10.347	-20.371	28.293	43.103	-11.322	-31.135	25.306	-9.1213	-15.595	-18.76
-4.7276	8.2578	3.4459	-2.7131	-2.2498	-1.1747	4.4426	0.52222	1.0316	0.20928	-0.11266	-0.61924	-0.9905	0.85316	-2.9789	15.578	-26.713	6.3533	-5.0972	25.62	8.7387	-55.761	7.5101	49.459	-41.853	14.897	3.4148	7.713
-4.7325	9.4308	4.1625	-4.857	-1.607	-1.0943	3.2463	1.5589	1.5744	-0.77458	0.89575	-1.167	-0.57638	0.35023	-0.19415	46.918	28.665	-85.755	25.71	3.2157	-47.851	41.469	21.711	-39.354	40.336	-21.912	16.565	-20.117
-4.8256	6.6768	4.3724	-3.5382	-1.7055	0.040201	1.9906	1.0454	1.8751	0.022015	0.32212	-0.99884	-1.2295	0.67424	-3.7247	-110.16	8.3973	52.75	-3.9383	45.382	-50.23	-20.542	12.027	31.864	-22.945	6.7276	-26.123	12.96
-5.0435	4.7559	4.2962	-3.1592	-1.9924	0.14152	3.1477	0.28401	1.1604	1.076	0.51541	-2.2131	-0.72375	1.6521	-8.7171	-76.835	-3.0494	15.163	-11.478	4.0528	46.283	-30.455	-28.588	42.161	7.7317	-48.57	20.228	39.115
-5.2721	3.1911	3.6128	-2.4519	-2.0419	0.32529	2.7997	2.1537	1.044	-0.47133	0.36461	-1.5505	-0.55344	0.30439	-9.1439	-62.592	-27.336	28.291	-1.9785	7.3509	-13.919	74.787	-4.6553	-61.895	-6.0322	26.502	6.8124	-53.909
-5.5063	2.0563	1.7964	-2.7852	-0.65359	0.43792	3.6745	1.2872	0.59289	-0.53293	1.2853	-0.68525	-1.3114	0.58882	-9.3677	-45.394	-72.656	-13.332	55.532	4.5052	34.993	-34.66	-18.043	-2.4641	36.826	34.612	-30.318	11.377
-5.9896	-1.9953	1.1106	-1.0385	-0.43101	0.1337	3.7967	0.3705	1.2166	-0.82728	0.80441	-0.58942	-1.1693	0.81683	-19.331	-162.06	-27.432	69.867	8.9034	-12.169	4.8875	-36.668	24.947	-11.774	-19.234	3.8331	5.6836	9.1206
-6.4856	-12.671	1.4088	0.33053	-0.37644	2.2049	3.7986	-0.73595	0.01039	0.53123	1.7574	-1.5587	-2.0437	1.2848	-19.839	-427.01	11.927	54.762	2.1827	82.849	0.074749	-44.258	-48.248	54.34	38.118	-38.771	-34.976	18.718
-6.7303	-14.825	4.539	2.0069	-1.7061	2.2399	-0.1573	1.2049	0.43489	-0.30957	2.2923	-0.47052	-2.0363	-0.48569	-9.7905	-86.198	125.21	67.053	-53.185	1.3974	-158.23	77.634	16.98	-33.632	21.397	43.527	0.29466	-70.819
-7.2702	-18.038	-1.9083	4.1416	-3.3816	2.1784	-2.669	2.5628	-0.19806	1.3701	2.2517	-0.40351	-1.9572	-0.99487	-21.596	-128.51	-257.89	85.391	-67.021	-2.4597	-100.47	54.314	-25.318	67.185	-1.6226	2.6806	3.1655	-20.367
-9.9426	-46.39	-10.487	-1.0075	-4.6444	3.6076	-1.4606	3.5942	-0.61606	0.74131	1.6911	-1.3205	-1.8532	-0.92384	-106.9	-1134.1	-343.14	-205.96	-50.512	57.169	48.336	41.258	-16.72	-25.15	-22.427	-36.68	4.1603	2.8415
-12.34	-64.871	-12.638	-3.6643	-2.7829	4.7664	-1.2005	3.1712	-3.0091	0.4102	1.7647	-0.019701	-0.87954	-0.48358	-95.893	-739.23	-86.054	-106.27	74.459	46.351	10.407	-16.923	-95.722	-13.244	2.9443	52.033	38.946	17.61
-13.51	-76.566	-14.186	-0.20476	-2.8322	3.4693	-0.11486	4.315	-2.6432	0.64931	-1.6837	-0.91589	0.46565	-0.4994	-46.801	-467.79	-61.906	138.38	-1.9709	-51.884	43.424	45.754	14.634	9.5641	-137.93	-35.848	53.808	-0.63302
-13.732	-78.001	-16.047	-0.62151	-4.4843	5.4028	-0.46391	2.6528	-3.4059	-0.18367	-0.095847	-1.1746	0.7007	0.8762	-8.8671	-57.392	-74.456	-16.67	-66.083	77.341	-13.962	-66.489	-30.505	-33.319	63.514	-10.347	9.4021	55.024
-13.751	-80.326	-17.208	-0.90384	-3.9768	4.5916	-0.44662	3.1856	-2.2452	-0.084817	0.69506	1.6022	0.85222	-0.039886	-0.78747	-93.007	-46.415	-11.293	20.297	-32.445	0.69133	21.314	46.428	3.9542	31.636	111.07	6.0607	-36.644
-13.855	-78.254	-16.54	-0.77832	-4.3123	5.6866	1.1751	3.7843	-3.8633	-0.68297	-0.41729	-1.5852	-0.12308	0.50475	-4.1362	82.878	26.71	5.0205	-13.421	43.798	64.87	23.948	-64.724	-23.926	-44.494	-127.5	-39.012	21.785
