-3.9158 3.83764142857143 7.94441428571429 -2.7076 1.69820285714286 2.45075714285714 -1.98431714285714 -0.695275714285714 -0.772048571428571 -1.05380714285714 0.533057142857143 0.0534042857142857 -0.528571428571428 0.302587142857143 47.4165714285714 458.001428571429 581.271428571429 -271.602857142857 -18.5285285714286 57.6718714285714 -169.634285714286 19.3503571428571 -11.8152857142857 -61.7878571428571 3.52071428571429 -49.6438571428571 6.20971428571429 -1.13612857142857
-4.3769 -6.5092 6.77357777777778 4.21211111111111 -2.03313777777778 -0.587501111111111 0.860513544444445 0.0241357777777779 0.149058888888889 -0.606483555555556 0.140852222222222 0.334736666666667 0.40357 0.355923555555555 81.0480888888889 477.306666666667 465.491111111111 66.3939 -58.7947777777778 -41.9427222222222 -42.5491333333333 14.2223444444444 -37.4195555555556 -35.8861111111111 -2.19777777777778 -26.61821 1.10483111111111 -12.1672288888889
-4.6533625 2.58159166666667 -4.075875 -0.591895875 0.778873333333333 -0.404949583333333 -0.706314166666667 0.163986666666667 0.18458725 0.0681364583333333 -0.0672154166666666 -0.189093458333333 0.434089833333333 0.634363458333333 37.75735 584.04375 29.6561125 -81.1982458333333 -22.0328816666667 -35.8976125 -42.60579125 -38.414 -24.3467916666667 -5.46775816666667 8.52644166666667 -9.19907916666667 -3.22815833333333 8.61717541666667
-4.33041621621622 6.49493513513514 -4.52007972972973 0.196184864864865 -1.19415432432432 -1.31639135135135 1.23606995243243 -0.249160540540541 0.461612675675676 0.0660698405405405 0.129601405405405 0.340999621621622 -0.502928 0.254768972972973 20.4686 261.056486486487 -21.5016386486486 24.7318621621622 -17.6483802702703 -7.4434945945946 24.8911675675676 3.76691621621622 -7.71307135135135 -10.1950783783784 2.85776297297297 6.36566783783784 -2.81675972972973 -3.04834324324324
-5.90742222222222 -4.54741888888889 -8.42644444444444 2.33214444444444 0.731900555555555 0.0319211111111111 1.75414388888889 -0.433847222222222 0.669204444444444 0.116725388888889 -0.396384277777778 0.567076555555556 -0.215607722222222 -0.0409479444444444 9.74188222222222 73.4173838888889 179.497055555556 140.376388888889 83.1790111111111 36.66485 14.56183 -15.2086388888889 -12.1367 -23.6353611111111 -4.16207777777778 -8.63853 2.00977777777778 0.0274055555555571
-5.99763333333333 -4.48795583333333 -9.4602097 -0.39345 1.92209916666667 0.274448416666667 0.8574625 0.289717 0.0407983333333334 1.009088 -0.243978333333333 0.436438333333333 0.178325833333333 0.07135 32.6764166666667 790.855 -269.27925 -38.9785833333333 10.0624166666667 -91.4429166666667 7.14156666666667 -32.825275 -33.0324166666667 4.90975 37.0175333333333 0.592660833333332 -0.0910750000000015 15.40075
-6.27768 -16.28814 0.89895 -0.64299 2.61108126 3.215708 0.200074 0.265833 0.06906 1.771339 -1.179713 -0.455449 1.1850122 0.12886177 -35.5227 -635.83 133.62884 42.4999 -125.6844 37.49817 72.6572 3.09287 20.0212 -12.59179 -22.992823 17.1687 22.2651 -6.66409
-4.345611578125 0.882347343750001 3.8315746875 0.37365034375 0.250404719140625 0.1740335875 -1.97998390625 0.662787203125 0.479516478125 -0.700720375 -0.38240684375 -0.4797548078125 0.485625640625 -0.00631141562500004 -8.2524540625 -126.79613125 -12.29090296875 62.8735515625 -10.508311984375 -12.1137446875 16.806384375 -12.597364359375 23.03723578125 -5.881183046875 -3.3475528125 -2.8334365625 -1.94103828125 7.84775440625
-4.05046607142857 8.82138678571429 0.462877857142857 -2.85731392857143 -1.5359325 1.021771475 0.228847214285714 -0.51912 -1.35485942857143 -0.475049285714286 1.78679502142857 -0.285392857142857 -0.207790071428572 0.363557035714286 -2.13195357142857 39.8011464285714 -23.0643535714286 -95.7413214285714 22.391075 41.9948071428571 8.10152996428571 -19.3832 -32.0039582142857 40.5667321428571 28.6212025 3.20611214285714 4.77775 -3.46136071428571
-2.91546814705882 16.0764705882353 7.32339323529412 -2.31431588235294 -1.48201470588235 -1.10795288235294 -1.50630647058824 1.21733323529412 0.0877377352941177 -1.19545441176471 0.770953823529412 -0.802049705882353 0.691833529411765 0.0716912058823529 3.37229588235294 151.360088235294 -51.6294173529412 -48.1011529411765 33.0330394117647 -4.5824355882353 -25.0985941176471 27.9179855882353 -23.8087617647059 -1.45476470588235 7.12030588235294 -6.53351470588235 20.3599417647059 -2.35652058823529
-5.42174090909091 -5.19428636363636 -3.41738181818182 0.191342545454545 0.0526990909090907 -1.0092395 1.21670222727273 0.326648045454545 -0.0366386363636363 0.218912272727273 0.285412772727273 0.490725454545455 -0.323434409090909 0.100448318181818 15.8577272727273 390.582727272727 -106.72295 -79.7667903636364 -22.6886636363636 -35.0776363636364 3.84111363636364 -4.43580454545455 5.49258181818182 12.4122954545455 5.50147954545455 1.1899 -4.55433136363636 -0.761672727272728
-5.331423125 -8.2344225 3.32 -0.117204166666667 0.747520020833333 0.941207291666667 -0.904209166666667 0.6001490625 -0.4585030625 0.328731041666667 -0.196487104166667 0.225304583333333 -0.233629158333333 0.165777166666667 -20.4802083333333 -359.138541666667 21.5964395833333 42.4451953333333 -11.45882505 4.68890225 1.072798125 19.7464375 -4.571133125 11.445190625 -5.14154375 10.0239514583333 -2.03172439583333 1.16487208333333
-6.254465 -22.759055 0.992337 1.7847295 1.195266 2.7525695 1.0462445 -1.19817335 -1.0999465 1.12249215 -0.32230755 -0.3929931 0.230480015 -0.00598364 -53.4758925 -815.8375 -220.0788 179.7978 15.695445 18.076214 63.60915 -26.959445 46.23048 35.763855 -33.85336 -6.7348 24.0654825 9.212867
-5.6516 -8.43483333333334 -0.637 2.07136666666667 1.713 -1.59835 -0.185393333333333 -1.23537666666667 0.102566666666667 1.00159666666667 0.0599733333333333 0.53885 -1.13136833333333 1.04488333333333 -43.3771333333333 151.097666666667 -526.56 -158.953 -11.8693333333333 167.480333333333 158.359666666667 -116.707666666667 0.330533333333336 42.7575666666667 -16.0777333333333 18.3065666666667 -2.91466666666667 72.0706666666667
-5.7987 -2.506 -8.003275 -4.828275 -1.0107425 -0.3078325 0.3896475 -0.609495 0.068065 0.53626975 -0.49395 0.20620725 -0.37641525 -0.395755 300.975 3380.125 230.78875 -308.1875 -22.11225 -146.57075 -122.25625 -16.444875 10.573025 9.93635 -17.308335 -27.604 1.99815 -11.605525
-5.03078454545455 -3.34925454545454 -5.08272727272727 1.92782363636364 -0.309943954545455 -0.892566818181818 2.68705609090909 -1.52411436363636 -0.0560539999999999 0.582211363636364 0.132140318181818 1.03557304545455 -0.387163727272727 0.0437346363636364 -9.22699545454545 -291.889545454545 243.404090909091 26.3648954545455 35.4250318181818 35.2421454545454 -4.85255909090909 -12.7084913636364 3.50659545454545 -3.45788136363636 2.06629545454545 9.00163636363636 4.20352636363636 1.27440454545455
-6.2581 -0.187916666666667 -4.74606166666667 -1.99575458333333 -0.819534166666667 0.9227645 0.64982875 -1.248825 -0.0151666666666666 0.84647 -0.624828333333333 0.172488333333333 -0.288574166666667 -0.446785 40.626025 1224.99833333333 0.128099999999997 -125.676075 -16.42165 -41.82965 -59.64875 -70.4479308333333 -34.3265416666667 -30.9944166666667 20.8503333333333 -15.0775916666667 -25.7125716666667 7.1403
-3.94470098529412 6.95614014705882 2.08886911764706 0.234414295588235 -2.11407955882353 -1.02996223529412 0.500901470588235 -0.496628823529412 1.17019936764706 -0.655069323529412 0.0199350617647058 0.0883220147058823 0.242400970588235 -0.291087161764706 3.41603426470588 70.3183779411765 -11.9647573529412 13.8814961911765 -17.6040330882353 2.57202205882353 18.1254514705882 -21.3864705882353 4.26475794117647 -18.1513636764706 -0.367527794117646 4.10057 -2.94651691176471 -2.21806632352941
-8.05555294117647 -43.8651176470588 -7.96409058823529 3.20616758823529 1.75645176470588 2.81596841176471 1.61210958823529 -0.140795294117647 0.384625805882353 0.685341588235294 -0.558010588235294 0.563363588235294 -0.194411764705882 -0.0209069411764706 -121.020058823529 -1510.72941176471 -170.496176470588 70.2137647058824 -45.8061764705882 5.54435294117647 81.8032705882353 46.1734588235294 38.8072 3.3278 10.25238 35.6858058823529 3.05573529411765 1.06254117647059
-3.44544231707317 10.3939641463415 5.25230634146341 -1.46631447560976 0.322950012195122 0.577072987804878 -0.991022073170732 -0.115772682926829 -0.793760865853659 0.131457646341463 -0.000181243902439307 -0.599379024390244 0.223273276829268 0.146026573170732 -2.71693292682927 -18.1572896341463 -20.3719871951219 5.39643337804878 40.3787464634146 2.10249146341464 -18.971786097561 8.68873085365853 -3.24828524390244 10.463766097561 -13.0878528292683 -0.024896097560976 -1.60203693902439 -0.388458536585366
-5.17295294117647 -0.131901764705882 -7.49954117647059 1.24922811764706 -1.01430776470588 0.06929 2.09136411764706 -0.563764117647059 1.00964294117647 -0.0129041176470588 -0.00351176470588235 0.755335294117647 -0.81258654117647 0.187598235294118 8.82137658823529 153.422117647059 -205.505882352941 18.4147764705882 -40.0655764705882 1.12342941176471 35.9781235294118 -11.9045176470588 10.7817941176471 7.21749705882353 16.1344340588235 8.75675294117647 -13.5077176470588 10.9224705882353
-4.45245 2.30711666666667 6.56919166666667 -1.457935 3.82641666666667 2.63673333333333 -0.1736275 -0.474585833333333 -1.69831625 0.239931 -0.130825833333333 0.1192575 -0.15506525 -0.1180175 42.3570666666667 67.0025833333333 515.185833333333 -146.868916666667 29.25425 41.9288333333333 -46.267225 -2.030175 -40.1955 -39.6679166666667 -15.47444275 -4.98264166666667 7.80172575 4.86624166666667
-7.67595714285714 -32.332685 -9.75392142857143 2.09318357142857 -1.09663371428571 1.27726928571429 1.91497142857143 0.0344342857142858 0.515206428571429 0.386810714285714 -0.116128714285714 0.878815714285714 -0.0243721428571428 -0.0682742857142857 -74.2875714285715 -905.498571428571 62.2096642857143 -15.1843857142857 -35.9655292857143 53.5068928571429 4.36787857142857 75.5608 26.3246957142857 -3.46363928571429 16.4711907142857 10.1033621428571 19.8163 -9.16477857142857
-6.43508 -12.3003866666667 -13.9494266666667 2.988446 2.98727133333333 0.399225333333333 1.77487666666667 1.115878 0.156136866666667 0.968971333333333 0.00275433333333335 0.400784666666667 -0.906244666666667 -0.239948666666667 2.64676 8.797 -383.927333333333 65.0278666666667 47.9186 -2.37269333333333 39.8904 22.7804 26.3832666666667 -4.019966 -11.7773666666667 -2.25984 -12.1285293333333 -1.35373333333334
-4.900695921875 0.51803890625 -3.129778125 -0.35797625 0.11959921875 -0.600888046875 0.12448521875 -0.163405 -0.0642325242187501 -0.0881723281250001 -0.0374412656249999 0.0843700468749999 -0.001088390625 0.00376710624999999 -2.97936796875 -66.7326046875 36.670475 -28.4200478125 -30.8235415625 -11.65510953125 -7.411172046875 -15.100678125 -3.03788609375 -2.07654203125 5.69635171875 2.37877609375 3.331116265625 -4.891738125
-4.40831208333333 7.62445 -1.84078291666667 1.063279 -1.15734916666667 -1.46728429166667 1.37550920833333 -0.821356666666667 2.21536875 -0.123070708333333 -0.366118070833333 0.797073875 -0.0623228333333333 -0.397505416666667 20.1895075 204.592416666667 144.618333333333 19.9256708333333 -66.1329791666667 -5.646225 0.527370833333335 -48.63923875 28.551129125 -11.581725 3.05679166666667 11.2528208333333 -17.3364791666667 -6.27946833333333
-3.45099914893617 11.1468297021277 2.30352127659574 -1.20470104255319 -1.07742195744681 -1.83666193617021 -0.513372361702128 0.385394382978723 -0.30716449106383 0.17819170212766 0.555919063829787 -0.180035106382979 0.458707978723404 -0.212593936170213 9.1745240212766 64.4123276595745 49.6430872340426 -27.1192408510638 -34.1049310638298 -35.6097344680851 -17.3945374468085 43.6633936170213 11.9304574468085 -4.89993063829787 3.6637870212766 -8.8998014893617 5.1310985106383 3.55523638297872
-6.5696625 -8.4027375 -6.6520825 -2.938812125 -1.281615 -0.0563024999999999 0.62162875 -0.628767625 -0.535925 0.407119 -0.1409186 0.29659325 -0.23210175 -0.2932775 138.767875 1980.225 182.682875 -132.9544625 67.007375 -78.36425 -3.6498875 -71.00575 -50.972675 -19.53745 30.4054 1.962 4.5851125 1.6015625
-3.515926 11.265775 7.278905 -2.44166 1.1991088 1.29883635 -1.4444095 0.8866665 -2.08739275 -0.71635865 0.3852665 -1.271902 0.10888435 -0.018619 17.718905 217.52475 111.152 -126.45205 -4.168335 23.6417 -64.268645 24.933385 -34.647276 -14.349563 22.20845 -41.242335 14.30099 0.5609275
-6.763 -24.6286639130435 -3.55313869565217 2.19442608695652 1.45057956521739 0.72161347826087 1.11457434782609 0.769520434782609 -0.150526739130435 0.287954 -0.564520608695652 0.725682608695652 -0.636157826086956 -0.352503826086956 -34.7141130434783 -457.273043478261 -197.277956521739 55.7414908695652 46.0132086956522 28.1495304347826 23.8374086956522 18.9988652173913 27.4609913043478 12.0951391304348 -11.7376826086956 23.5021547826087 -6.95786086956522 -7.33847826086957
-5.73306071428571 -9.82831642857143 -0.694066071428571 2.533625 0.825696428571429 1.1901545 1.10334178571429 -0.253992 -0.220643214285714 0.841203446428571 -0.999231275 0.3287385 -0.585177785714286 -0.198104285714286 -25.0759671428571 -195.006178571429 -178.145178571429 75.8926142857143 15.1885321428571 -10.0473357142857 35.5128334642857 9.33553571428572 6.25720928571429 17.2432964285714 -16.5619642857143 2.5207825 -11.0699785714286 -11.3847964285714
-3.94101095238095 5.46584523809524 2.34087142857143 0.694304476190476 0.746851238095238 -1.24466428571429 -1.9940839047619 0.415412142857143 0.307878285714286 -0.355145119047619 0.207002666666667 -0.365543595238095 -0.266911166666667 -0.0993359523809524 -13.178680952381 -191.976595238095 15.5437557142857 -1.47928333333333 45.8301119047619 35.7424642857143 -22.9199095238095 11.2517285714286 -17.434030952381 23.3114040952381 -6.73329309523809 -2.68284351428571 -9.68488333333333 -3.91199523809524
