-3.41065 -5.836852125 -6.3988625 4.8327625 5.0291875 0.0517275 0.149798 -0.146860125 0.451577375 -1.11879 0.03839 0.2800375 -0.36186575 1.13976025 38.4312 43.93075 590.98375 210.61375 59.1745 -11.41179325 -56.607275 -59.44575 -71.881275 -4.910925 -27.6816 -27.237 27.4402125 30.3655625
-2.76515286486487 3.44510810810811 -3.32528952162162 0.848876756756757 1.22671345945946 0.592384837837838 -0.30483972972973 0.297332027027027 -0.235067324324324 -0.375660081081081 0.0459835675675675 0.124292972972973 -0.54708454054054 0.389431432432432 33.4875972972973 347.775945945946 62.1962832216216 -3.13787567567567 -38.4339394594595 -49.5608691891892 -10.9674540540541 -16.7524945945946 -24.7928162162162 15.3044783783784 5.83174945945946 8.53097837837838 0.628405405405405 -0.913159459459459
-2.25663651685393 -1.50445617977528 2.4533895505618 -0.301464101123596 0.0271765730337079 0.427603965168539 0.341897910112359 -0.0925122471910114 -0.0267046235955056 -0.504496171629214 -0.220119898876405 -0.0847281168539326 0.303467606741573 -0.228137862921348 -6.36363089887641 -176.478134831461 82.0748556179775 19.4927671685393 -39.5110233707865 13.1817382022472 4.86206662921348 10.4805329213483 3.86874483146067 1.32146424719101 -7.54416629213483 -5.54947415730337 1.91433621348315 6.42934617977528
-4.5858 -3.85956666666667 -18.0058 -3.43787333333333 -0.574533333333333 -0.896243333333333 0.286166666666667 -0.0231406666666666 1.44899 -1.44917666666667 0.17346 -0.73173 -0.277202366666667 0.516473333333333 155.275666666667 2533.9 108.076333333333 -164.660333333333 -165.705 -162.424 -124.966666666667 -125.018666666667 -29.1186666666667 -75.301 -43.801 -18.889 10.8843333333333 -2.69
-6.0723 -42.1641352941176 -9.7634205882353 2.68155705882353 0.873492941176471 3.01187705882353 1.18402882352941 -0.173660529411765 0.954308235294118 -0.259726294117647 0.00462823529411758 -0.0381729411764706 -0.595292941176471 0.362923058823529 -78.3388642352941 -1010.00588235294 -120.953529411765 62.2282352941176 -10.9758823529412 40.9807805882353 32.2561352941176 32.4561647058824 24.5871647058824 -10.0250176470588 4.1719294117647 -13.2670035294118 2.79549411764706 -22.6446352941176
-1.47370380857143 5.41382419047619 2.94764960476191 -1.14269458571429 -1.66913144714286 -0.986413309523809 0.123681461904762 0.18518994147619 -0.279406646666667 0.417398785714285 0.172839771428571 0.0905793666666667 0.293458166666667 -0.280666826952381 -1.76898066666666 -32.8775707904762 16.7870471952381 -2.20852028571429 -7.35571768571428 0.504809066666666 9.31278666666667 -3.72340233333333 -3.12916814285714 3.67406638095238 0.547733495238095 5.39136809523809 -3.63552305238095 0.602617714285715
-1.57862614379085 4.58663379084967 1.93179379084967 0.408494895424837 -0.650544836601307 -1.69186247712418 -0.704397013071896 1.07227190261438 0.142229156862745 -0.0426096666666668 -0.248105654248366 0.129983682352941 0.241548828104575 -0.149465052287582 3.69975797385621 87.7978496732026 -18.367808 -13.1728518954248 3.0732216993464 -7.58713359477124 -0.456570784313726 -0.235996797385622 -4.64540534640523 1.30290058823529 3.63117803921569 1.2047137254902 1.36402254901961 -1.85191483660131
-3.251542 -8.21499 -2.28047 2.209663 0.869565 0.7607322 0.688978 -0.579097 -1.277448 -0.570554 0.670382 0.471021 -0.538693 0.665853 86.6043 539.715 465.639 -51.1853 6.5741 -20.29264 -13.756183 -42.89194 -80.00152 8.9693 -1.65586 22.0457 -10.99317 5.77453
-1.96134198360656 3.65542037704918 2.41664459016394 -0.37367668852459 0.355439836065574 0.628955196721312 -0.524878639344262 -1.04091345901639 -0.510256491803279 0.34979562295082 -0.185681131147541 -0.466488003278689 0.165305114754098 -0.0538040278688524 -1.5354668852459 139.312208196721 -101.309803278688 -8.28406147540984 77.0978416393443 25.9758491803279 -49.6404098360656 -11.5451243606557 20.4086409836066 1.3047606557377 -24.0182870491803 -9.07901147540984 1.15681409836066 0.477967049180327
-7.19425 -56.389 -8.97455125 1.885673375 2.955615 3.3073625 3.469915375 -0.677745 0.74785125 0.11183575 0.860765 -0.22470875 -1.77384875 1.17006 -143.153875 -1817.05 -45.3125 151.419375 38.628625 97.859625 24.20615 61.8879325 39.07525 10.3076525 2.595925 -6.0221025 17.3179125 -14.710725
-4.65054592592593 -20.1780496296296 -4.77774007407407 1.3342837037037 1.20402814814815 2.49479333333333 0.47034037037037 -0.138023925925926 0.833875444444444 -0.487008740740741 0.745664814814815 0.017926962962963 -0.791650037037037 0.310204333333333 -30.841362962963 -437.218148148148 -65.6422259259259 54.2774962962963 -28.5121333333333 10.9855962962963 34.8403703703704 3.80544444444444 16.2092225925926 -11.4119888888889 4.99801222222222 7.35525555555556 -8.18713481481482 5.56571888888889
-2.04532449019608 3.10950045098039 1.70843282352941 -0.944102156862745 0.0353626450980391 0.672179882352941 -0.00844254901960787 -1.11392078431373 -0.253893843137255 0.420321568627451 -0.100176923529412 0.00144278431372556 -0.209685980392157 -0.0151759019607843 9.85270823529411 60.0796960784314 114.50403372549 -94.1079058823529 -69.6487196078432 12.0099588235294 17.8945272352941 -7.24384647058824 -7.44093137254902 14.4911301960784 14.5055270588235 -2.55567647058824 6.78931764705882 -13.3260129411765
-3.68013846153846 0.627876923076923 -18.8357153846154 1.16474307692308 2.78077615384615 2.18348846153846 1.48090615384615 -0.639217692307692 2.13376076923077 0.0331707692307692 0.315463076923077 -0.432845846153846 -0.903040923076923 0.869353615384615 -8.55994615384615 23.0624615384615 -513.738461538462 -35.2633076923077 44.3505923076923 11.1708846153846 31.3489846153846 33.8995384615385 29.8821230769231 34.8225461538462 37.6871538461538 -6.59669230769231 -15.6343846153846 4.51793846153846
-4.63844555555556 -17.4617666666667 -4.57208888888889 -1.34816555555556 -0.267305555555556 2.46833111111111 1.04269 0.588346666666667 0.283053333333333 -0.784968111111111 1.19225233333333 -0.192970444444444 -0.0891281111111112 0.59313 40.6201111111111 748.138888888889 -105.3522 -120.271 -38.2355222222222 -58.0596777777778 -43.1069111111111 -9.06302222222222 -44.80862 -9.85021111111111 8.37442222222222 13.8860522222222 34.1460111111111 7.94291111111111
-5.81175555555555 -21.1869111111111 -12.1652212222222 -4.87005888888889 0.348144444444444 0.717596666666667 1.82432444444444 0.493300111111111 1.70575888888889 -0.490915555555556 -0.463350444444444 0.490740222222222 -0.658562222222222 1.02625555555556 84.914 1561.27777777778 -12.8923222222222 -194.234377777778 -22.1806111111111 -68.1441111111111 -41.3756888888889 -33.7450555555556 27.2332111111111 -8.04845555555556 -14.1943222222222 19.4982222222222 -12.4232111111111 18.5655444444444
-2.57244195955056 -0.235656629213483 -3.97924438202247 1.54509735955056 2.51312542696629 1.41537096629213 -0.218994831460674 -0.76065886516854 0.0732421685393259 -0.206561965168539 -0.104509775280899 -0.0834940196629215 -0.353618338089888 0.276978191011236 -9.11692280898877 -90.5315168539326 -73.9550674157304 47.1682435955056 53.6544168539326 -3.25703640449438 2.38848819101124 13.6940903370786 12.3967394382023 -23.0879669662921 5.52545365168539 -4.11958224719101 -4.78199158426966 2.42240337078652
