-4.8472	-13.473	2.5476	-0.80372	-9.5907	-4.8379	5.0472	-0.21167	0.5335	-0.55417	-3.9711	1.4059	-0.39185	2.0269	0	0	0	0	0	0	0	0	0	0	0	0	0	0
-6.5565	-12.033	1.83	0.69267	-7.7965	-1.1607	5.8692	-0.73516	-1.7169	-1.5491	-2.532	1.1057	-1.7297	1.5599	-68.372	57.622	-28.704	59.856	71.767	147.09	32.881	-20.939	-90.015	-39.799	57.565	-12.009	-53.514	-18.681
-4.2161	-7.5961	8.295	3.344	-6.9596	-1.0339	6.6273	-0.50976	-1.2376	-2.0304	-2.1723	2.1278	-0.98851	0.08265	93.616	177.46	258.6	106.05	33.474	5.0749	30.323	9.0159	19.172	-19.251	14.388	40.887	29.648	-59.09
-2.9085	3.9482	17.592	2.9187	-8.4326	-3.7011	9.9539	0.82106	-5.3345	-1.8806	-1.6889	-0.22784	-0.8371	0.36676	52.304	461.77	371.89	-17.011	-58.919	-106.69	133.06	53.233	-163.88	5.9942	19.335	-94.227	6.0563	11.365
-2.0385	16.373	16.738	-1.6007	-6.8169	-3.1516	6.3305	3.348	-7.7509	-1.2829	-1.1678	0.17915	-0.026992	1.0356	34.8	497	-34.18	-180.78	64.63	21.979	-144.93	101.08	-96.655	23.906	20.845	16.28	32.404	26.755
-1.5222	20.2	17.159	-3.0913	-8.1566	-2.5999	4.7427	4.3337	-8.5393	-0.2272	-0.69755	0.45057	0.40493	0.80268	20.651	153.06	16.841	-59.622	-53.59	22.067	-63.512	39.429	-31.538	42.228	18.809	10.857	17.277	-9.3184
-1.2462	23.045	17.44	-3.1679	-9.6871	-2.1056	2.8915	3.7919	-8.6219	0.49898	0.19629	-1.111	1.027	0.88618	11.041	113.79	11.258	-3.0646	-61.219	19.773	-74.048	-21.672	-3.3033	29.047	35.754	-62.463	24.882	3.3398
-1.1193	27.774	15.053	-1.7303	-10.649	-1.9428	2.0322	1.5091	-5.6016	-0.1026	0.79437	-1.2844	0.19519	2.4135	5.0758	189.19	-95.509	57.505	-38.467	6.5115	-34.375	-91.309	120.81	-24.063	23.923	-6.9354	-33.272	61.092
-1.0241	28.154	15.969	-5.0862	-7.3938	-2.9124	0.029235	2.5833	-7.0993	3.0821	0.66996	-3.3741	1.4935	1.5422	3.8096	15.188	36.645	-134.24	130.2	-38.786	-80.117	42.965	-59.91	127.39	-4.9764	-83.588	51.932	-34.851
-0.95174	29.368	15.489	-5.4315	-5.934	-3.8556	-1.8041	2.6316	-5.3574	3.964	0.12099	-4.6164	2.0968	1.5844	2.8931	48.571	-19.168	-13.813	58.393	-37.725	-73.333	1.935	69.678	35.277	-21.959	-49.694	24.131	1.6889
-0.90234	30.35	15.133	-5.9939	-3.4698	-5.0852	-2.6561	0.90219	-2.9463	4.5158	-0.44893	-4.7556	1.5088	2.3429	1.9764	39.253	-14.242	-22.496	98.569	-49.186	-34.081	-69.178	96.442	22.073	-22.797	-5.5673	-23.517	30.338
-0.66936	27.604	16.809	-5.6293	-1.7124	-5.4845	-5.3373	1.6679	-2.2125	5.3661	-1.8172	-4.5589	1.5279	1.5128	9.3189	-109.85	67.029	14.587	70.295	-15.974	-107.25	30.628	29.353	34.012	-54.73	7.87	0.76115	-33.204
-0.66326	28.91	15.465	-4.5627	0.030927	-6.2466	-6.1785	1.0977	-0.82999	4.2264	-1.928	-3.939	1.1538	0.70152	0.24415	52.263	-53.765	42.665	69.733	-30.483	-33.649	-22.809	55.301	-45.587	-4.4337	24.793	-14.964	-32.45
-0.76685	26.993	13.959	-2.5839	-0.23337	-6.3524	-8.2269	3.1055	0.085334	4.1511	-2.7412	-3.0117	0.68534	0.48744	-4.1436	-76.68	-60.254	79.152	-10.572	-4.2301	-81.938	80.312	36.613	-3.015	-32.526	37.094	-18.738	-8.563
-0.75345	26.302	13.311	-0.92376	-1.6572	-4.5635	-9.452	4.7338	-0.0018654	2.6154	-2.2717	-3.5073	1.1375	0.37747	0.53592	-27.659	-25.922	66.404	-56.952	71.555	-49.002	65.133	-3.488	-61.427	18.778	-19.825	18.087	-4.399
-0.89147	28.972	12.191	-1.1767	-1.911	-4.6382	-8.5461	5.4427	-0.19828	2.0941	-2.6506	-2.7764	1.3168	0.79319	-5.5207	106.81	-44.78	-10.119	-10.154	-2.9904	36.235	28.355	-7.8565	-20.852	-15.156	29.237	7.1728	16.629
-0.99866	32.147	13.683	-4.9553	-2.65	-5.3871	-5.7382	6.1732	0.18964	-0.18625	-1.9787	-2.6151	2.1665	1.7706	-4.2875	127	59.659	-151.14	-29.56	-29.956	112.32	29.223	15.517	-91.213	26.878	6.4532	33.988	39.095
-0.95927	34.385	13.024	-7.8152	-1.4625	-4.1931	-3.1624	4.5892	-0.86769	-2.0618	-0.19093	-1.5445	3.7399	0.11552	1.5756	89.551	-26.337	-114.4	47.501	47.762	103.03	-63.361	-42.293	-75.022	71.51	42.822	62.935	-66.202
-1.5067	36.218	11.518	-9.4048	0.068918	-2.3066	-2.1324	3.4092	-2.3162	-1.9886	1.1886	-0.78319	3.5537	-1.5699	-21.897	73.286	-60.251	-63.585	61.256	75.461	41.203	-47.202	-57.941	2.929	55.182	30.453	-7.4476	-67.415
-1.6652	37.686	9.2538	-10.284	1.3842	0.57181	-2.3899	2.2655	-4.2978	-0.58572	2.7572	-1.0724	2.0834	-2.437	-6.3402	58.734	-90.564	-35.163	52.612	115.13	-10.301	-45.746	-79.265	56.114	62.743	-11.568	-58.813	-34.684
-2.0167	36.782	6.9892	-9.8756	3.3877	2.5032	-3.8339	1.157	-4.4411	1.0299	3.1758	-2.6379	1.3842	-2.3271	-14.059	-36.169	-90.584	16.328	80.141	77.254	-57.762	-44.342	-5.7314	64.623	16.745	-62.619	-27.966	4.3952
-2.169	34.601	5.8059	-9.996	5.7658	3.4743	-4.9653	0.21041	-3.3436	1.7767	2.8827	-4.2769	1.305	-0.95705	-6.0928	-87.22	-47.332	-4.8158	95.124	38.845	-45.253	-37.862	43.903	29.875	-11.726	-65.563	-3.167	54.801
-2.2988	31.82	4.0721	-9.8038	8.0905	3.5895	-5.7977	-0.030484	-2.9759	2.8137	1.6794	-4.844	1.2953	-0.21489	-5.1928	-111.23	-69.349	7.69	92.987	4.6091	-33.297	-9.6356	14.708	41.479	-48.133	-22.682	-0.38885	29.687
-2.8419	26.396	3.7654	-9.3849	9.6266	3.6959	-6.2258	-0.11763	-2.248	3.0965	0.99665	-5.4114	1.7468	0.24949	-21.724	-217	-12.268	16.757	61.442	4.2569	-17.124	-3.4857	29.113	11.31	-27.308	-22.698	18.059	18.575
-3.148	20.024	3.6253	-8.6389	9.9148	3.6766	-5.4326	-0.47948	-2.5811	4.0635	0.50055	-5.2218	1.1308	0.53545	-12.243	-254.88	-5.6071	29.837	11.529	-0.77163	31.729	-14.474	-13.323	38.682	-19.844	7.5845	-24.638	11.439
-4.2833	9.5518	3.1213	-5.8972	8.428	4.2936	-4.37	-0.83272	-3.0019	4.4183	1.2876	-5.6002	0.53776	0.62712	-45.412	-418.87	-20.159	109.67	-59.472	24.678	42.505	-14.13	-16.831	14.19	31.481	-15.135	-23.723	3.6665
-5.0366	-2.0319	4.0691	-3.799	6.6513	4.7056	-4.0225	-0.13609	-2.6772	3.134	1.2049	-4.1976	0.59932	-0.74746	-30.132	-463.35	37.911	83.929	-71.068	16.48	13.896	27.865	12.989	-51.37	-3.3087	56.104	2.4622	-54.983
-5.6865	-7.2072	3.9124	-3.6932	5.9864	5.499	-4.7952	0.22896	-0.21051	-0.051232	1.1158	-2.4128	0.72151	-1.766	-25.996	-207.01	-6.2656	4.2303	-26.593	31.735	-30.904	14.602	98.666	-127.41	-3.5613	71.392	4.8877	-40.74
-6.1735	-11.74	3.1441	-2.9701	6.2594	4.3478	-5.1566	0.75785	2.6846	-2.9376	0.35712	-2.2203	1.338	-0.93973	-19.479	-181.3	-30.731	28.923	10.918	-46.048	-14.457	21.156	115.8	-115.46	-30.348	7.702	24.659	33.049
-6.2021	-15.495	2.8587	-1.1219	6.2659	4.192	-5.8436	1.082	3.6906	-3.3461	-0.028968	-2.3699	0.9538	-0.5113	-1.1441	-150.22	-11.417	73.929	0.2616	-6.2312	-27.479	12.965	40.24	-16.341	-15.443	-5.9846	-15.368	17.137
-6.1378	-14.395	3.4986	0.51397	4.2238	2.6471	-6.3249	1.8874	5.5065	-3.6692	-0.20579	-2.9659	-0.20822	0.26307	2.5727	44.012	25.597	65.436	-81.686	-61.794	-19.254	32.215	72.636	-12.922	-7.0727	-23.841	-46.481	30.975
-5.6079	-12.737	5.2769	3.3902	4.3618	-0.76469	-7.3124	0.14961	5.3448	-2.0048	0.59869	-2.418	-0.36088	-0.84978	21.193	66.309	71.13	115.05	5.5228	-136.47	-39.5	-69.51	-6.4673	66.574	32.179	21.916	-6.1063	-44.514
-4.9519	-14.823	7.0847	5.9677	5.1519	-1.046	-7.7486	-1.4928	3.146	-2.0395	2.0828	-1.0123	0.25328	-0.33572	26.24	-83.43	72.312	103.1	31.602	-11.254	-17.448	-65.697	-87.951	-1.3879	59.365	56.228	24.566	20.562
-4.2319	-16.225	10.22	7.9723	3.5199	-1.8969	-7.2947	-2.2453	2.8287	-1.6626	2.4753	-0.8658	0.75536	-0.34307	28.8	-56.109	125.4	80.187	-65.28	-34.034	18.156	-30.099	-12.693	15.078	15.701	5.8595	20.083	-0.29415
-3.929	-16.458	10.776	9.5921	2.9379	-2.0034	-6.0059	-4.1598	2.1884	-1.0878	2.637	-0.21647	0.32538	-0.09162	12.117	-9.3157	22.246	64.791	-23.281	-4.2613	51.552	-76.578	-25.615	22.991	6.4685	25.973	-17.199	10.058
-3.4543	-12.745	9.9739	10.921	2.0164	-2.7184	-6.7148	-2.7222	0.5978	-0.12432	3.5642	-0.89172	0.61431	-0.90762	18.987	148.52	-32.082	53.16	-36.858	-28.6	-28.355	57.503	-63.622	38.539	37.087	-27.01	11.557	-32.64
-3.0229	-8.0886	12.096	9.4643	1.1313	-5.2594	-7.7001	-0.26117	1.9206	0.46283	3.3226	-1.2564	0.24932	-0.75408	17.258	186.27	84.88	-58.273	-35.403	-101.64	-39.412	98.441	52.914	23.486	-9.6656	-14.585	-14.6	6.1415
-2.9498	-3.9274	14.188	7.72	-1.1821	-7.4099	-6.7721	3.0293	3.3204	-0.4104	2.8672	-3.4034	-1.3684	-0.052416	2.9221	166.45	83.673	-69.771	-92.539	-86.018	37.118	131.62	55.99	-34.929	-18.216	-85.883	-64.708	28.066
-2.7875	3.0008	14.345	4.1716	-2.4585	-6.1447	-6.0185	5.6355	1.6117	-0.95513	1.6719	-3.0326	-0.64804	0.66614	6.4917	277.13	6.2797	-141.93	-51.055	50.607	30.146	104.25	-68.349	-21.789	-47.81	14.833	28.813	28.742
-2.5826	12.914	13.29	0.57554	-3.6218	-6.3618	-3.5447	6.5118	0.30539	-0.75759	-0.3881	-1.6666	0.91882	1.0933	8.1955	396.54	-42.171	-143.84	-46.532	-8.6854	98.95	35.055	-52.252	7.9019	-82.401	54.642	62.674	17.087
-2.2351	17.664	13.338	-2.3434	-3.0948	-5.5968	-1.2132	4.7129	-0.63148	-1.0875	-0.76737	0.52649	2.027	0.78997	13.9	190	1.9147	-116.76	21.082	30.602	93.261	-71.959	-37.475	-13.195	-15.171	87.723	44.328	-12.134
-2.1164	19.404	13.541	-3.7459	-2.0988	-5.6224	-0.47109	2.9708	-1.5621	-6.2875e-05	-0.46263	1.303	2.2922	-0.315	4.7509	69.6	8.1214	-56.098	39.839	-1.0258	29.684	-69.682	-37.223	43.496	12.19	31.059	10.609	-44.199
-1.9193	23.27	11.58	-3.0625	-2.9229	-5.7499	0.132	2.1917	-1.6976	0.57417	-1.0004	2.3904	2.2741	-0.86774	7.8836	154.62	-78.444	27.337	-32.965	-5.1002	24.123	-31.166	-5.4228	22.969	-21.513	43.499	-0.72512	-22.11
-1.6659	25.669	11.034	-3.2102	-2.7814	-6.72	0.092161	2.4449	-0.777	0.20094	-1.6779	3.3739	1.7979	-0.64114	10.134	95.966	-21.847	-5.909	5.6626	-38.801	-1.5935	10.129	36.825	-14.929	-27.099	39.338	-19.049	9.0639
-1.2837	26.264	11.213	-2.3215	-2.8066	-7.33	-1.7181	3.6996	0.43338	-0.49593	-1.339	2.6367	1.356	-0.1963	15.289	23.8	7.1488	35.547	-1.0094	-24.402	-72.412	50.19	48.415	-27.875	13.558	-29.486	-17.674	17.794
-1.1475	25.93	11.347	-0.8891	-3.116	-8.416	-2.3352	4.147	1.0057	-1.2987	-0.65416	1.6454	1.1978	0.28878	5.4472	-13.376	5.3534	57.297	-12.375	-43.441	-24.683	17.896	22.892	-32.11	27.393	-39.656	-6.3281	19.403
-1.0712	26.276	10.317	0.63697	-2.645	-8.9318	-4.216	5.0894	1.0693	-1.3361	0.53521	0.6046	-0.072327	1.1029	3.0539	13.851	-41.173	61.043	18.84	-20.63	-75.232	37.693	2.5452	-1.496	47.575	-41.63	-50.806	32.565
-1.0422	26.097	9.5089	2.2727	-1.8054	-10.663	-4.8891	4.9968	1.1172	-0.70351	0.68195	-0.024072	-1.2368	1.7527	1.1588	-7.1634	-32.333	65.431	33.582	-69.254	-26.924	-3.701	1.9143	25.303	5.8695	-25.147	-46.577	25.994
-0.95961	24.068	10.467	3.2261	-0.52784	-11.476	-4.8728	4.3016	0.47563	0.046821	1.0884	-0.81652	-1.3205	1.42	3.3037	-81.165	38.324	38.134	51.104	-32.498	0.65131	-27.81	-25.661	30.013	16.258	-31.698	-3.3497	-13.309
-1.1272	22.757	10.247	5.1509	-0.46234	-11.84	-6.034	5.0252	0.2678	0.30519	0.67318	-1.1108	-2.5277	1.8661	-6.7027	-52.41	-8.8164	76.993	2.62	-14.557	-46.445	28.946	-8.313	10.335	-16.609	-11.771	-48.29	17.844
-1.4318	20.853	10.101	5.7156	0.76482	-12.087	-5.8966	5.404	-0.24442	0.22382	0.68493	-2.3729	-1.8724	1.1196	-12.185	-76.184	-5.8259	22.587	49.086	-9.8896	5.4955	15.152	-20.489	-3.2547	0.47013	-50.484	26.212	-29.861
-1.7109	18.306	8.602	6.6151	2.4441	-11.466	-4.7913	4.8951	-1.2553	0.38534	0.30773	-2.1031	-2.0306	0.942	-11.164	-101.87	-59.96	35.982	67.171	24.819	44.209	-20.357	-40.436	6.4606	-15.088	10.792	-6.3261	-7.1048
-2.433	13.08	9.3674	6.3845	3.8537	-10.801	-5.0394	6.3912	-2.3215	0.0057194	0.85867	-2.8276	-1.3813	-0.058555	-28.885	-209.06	30.617	-9.2271	56.385	26.592	-9.9244	59.842	-42.646	-15.185	22.038	-28.979	25.973	-40.022
-3.0003	7.2599	9.6465	6.2302	3.4997	-10.33	-4.2135	6.6099	-1.6048	-0.49502	0.19063	-2.7984	-1.3064	0.27168	-22.689	-232.79	11.165	-6.1703	-14.16	18.867	33.036	8.7486	28.668	-20.029	-26.722	1.1661	2.9932	13.21
-3.6258	-2.849	9.6824	5.9229	2.6899	-11.51	-2.0819	5.7292	0.68221	-0.034361	-1.1488	-1.4257	-2.9886	1.0161	-25.02	-404.36	1.4322	-12.291	-32.394	-47.193	85.265	-35.225	91.479	18.426	-53.578	54.909	-67.286	29.777
-5.1461	-13.141	7.8759	5.1696	1.5038	-8.6363	-1.5587	6.2357	1.4148	-1.3978	-1.884	0.62473	-2.8196	1.1189	-60.815	-411.68	-72.257	-30.134	-47.443	114.93	20.927	20.259	29.302	-54.537	-29.408	82.017	6.7593	4.1117
-7.3564	-37.338	2.4237	6.5158	-2.6138	-3.5624	0.79353	3.0436	5.5715	0.8285	-2.2608	2.0938	0.63822	0.68453	-88.41	-967.86	-218.09	53.851	-164.71	202.96	94.091	-127.68	166.27	89.051	-15.071	58.763	138.31	-17.375
-10.395	-55.282	-5.7515	3.2047	-5.7548	1.9135	4.7876	4.4559	3.0553	-1.5435	-3.3411	1.5029	0.95906	0.99409	-121.54	-717.78	-327.01	-132.44	-125.64	219.04	159.76	56.492	-100.65	-94.88	-43.211	-23.637	12.833	12.382
-11.674	-69.234	-13.105	0.86753	-5.7335	2.6188	0.61981	-0.32454	1.6115	-1.0103	-0.22617	1.5767	0.30601	0.96469	-51.153	-558.06	-294.14	-93.488	0.85361	28.209	-166.71	-191.22	-57.752	21.328	124.6	2.955	-26.122	-1.1758
-12.094	-64.202	-12.956	0.98338	-4.5049	1.1176	-2.413	-2.0033	2.605	-0.85712	-0.83864	0.9567	1.544	0.58219	-16.833	201.25	5.9496	4.6341	49.144	-60.046	-121.31	-67.149	39.74	6.1273	-24.499	-24.802	49.518	-15.3
-11.916	-60.405	-11.234	1.6201	-5.1407	-0.89384	-0.15194	1.2641	3.6004	-1.3154	-2.2098	1.1578	2.5406	1.0523	7.1296	151.9	68.897	25.471	-25.432	-80.458	90.442	130.69	39.815	-18.331	-54.848	8.0439	39.866	18.806
-7.8566	-45.618	-3.1795	3.5064	-1.1277	4.1542	1.9283	1.3677	2.6899	-0.30224	0.083888	0.36457	0.5501	0.28828	162.39	591.48	322.18	75.452	160.52	201.92	83.211	4.1438	-36.421	40.526	91.749	-31.729	-79.621	-30.563
-7.0056	2.4098	-3.1401	-4.6825	-1.5094	2.0131	0.29021	-2.6684	0.61662	2.8342	-1.8712	1.1447	-1.0828	0.47304	34.041	1921.1	1.5767	-327.56	-15.268	-85.646	-65.525	-161.44	-82.929	125.46	-78.205	31.204	-65.317	7.3903
-6.6856	-3.3781	-10.677	-2.319	-0.21296	1.8195	-0.58527	-3.1886	1.6413	2.6097	-2.036	2.3093	-1.3924	0.74334	12.802	-231.52	-301.46	94.539	51.858	-7.7425	-35.019	-20.806	40.988	-8.9817	-6.5917	46.587	-12.383	10.812
-6.6711	-4.6359	-21.395	-1.4136	3.0967	-0.5461	0.98762	-0.74469	3.1739	-0.89514	-0.24471	0.11524	-0.64257	1.4517	0.58021	-50.312	-428.74	36.216	132.39	-94.624	62.916	97.755	61.304	-140.19	71.653	-87.764	29.993	28.336
-6.5805	1.6144	-16.877	-1.161	5.1775	0.44497	0.81652	-3.598	2.5328	-0.13927	-0.7865	1.1119	-0.963	-0.22027	3.6243	250.01	180.72	10.103	83.23	39.643	-6.844	-114.13	-25.646	30.235	-21.672	39.868	-12.817	-66.881
-6.8306	-8.5085	-8.8855	-2.5094	1.1344	0.45432	-1.7666	-5.5165	2.435	0.21943	-1.7525	0.48713	-0.99561	0.52178	-10.005	-404.91	319.67	-53.934	-161.72	0.37426	-103.33	-76.739	-3.913	14.348	-38.64	-24.992	-1.3043	29.682
-7.0884	-11.168	-3.6783	-4.3697	-1.1202	2.7338	-1.6656	-6.6743	1.7322	0.70011	0.23865	-0.36968	-0.33464	-0.96068	-10.313	-106.37	208.29	-74.413	-90.184	91.178	4.0412	-46.315	-28.11	19.227	79.646	-34.272	26.439	-59.299
-3.3921	-0.74913	3.2392	1.9162	1.4078	3.2264	-1.0887	-5.315	1.7678	1.3855	1.6956	0.32393	0.72796	-0.30827	147.85	416.75	276.7	251.44	101.12	19.706	23.074	54.373	1.4225	27.416	58.277	27.745	42.504	26.096
-1.6354	30.593	10.213	-4.3316	1.4337	2.0516	-3.0928	-3.2226	-1.538	-0.28041	2.7673	0.62234	0.53545	-0.90019	70.268	1253.7	278.94	-249.91	1.037	-46.994	-80.163	83.695	-132.23	-66.636	42.87	11.936	-7.7003	-23.677
-0.61297	42.179	9.6385	-5.6815	-1.1073	1.0206	-4.0514	-1.7406	-3.4981	1.0154	2.2272	0.44841	0.90079	-1.4482	40.897	463.44	-22.97	-53.996	-101.64	-41.241	-38.342	59.281	-78.405	51.833	-21.605	-6.9575	14.613	-21.922
-0.22883	47.355	9.3923	-7.4078	-2.0648	0.0513	-2.7139	-1.4015	-3.5144	1.9288	1.0561	1.8203	0.98187	-1.578	15.366	207.05	-9.8484	-69.054	-38.299	-38.771	53.497	13.565	-0.64985	36.534	-46.846	54.876	3.2433	-5.1909
-0.022311	49.582	8.963	-8.5801	-2.9473	0.5423	-3.6287	-0.45351	-3.1377	1.1305	1.5013	2.1409	1.9334	-2.259	8.2606	89.087	-17.173	-46.892	-35.3	19.64	-36.592	37.918	15.065	-31.929	17.809	12.824	38.062	-27.238
0.087751	52.248	7.8254	-9.8749	-1.6905	-0.72533	-3.8263	0.54323	-2.9073	0.95883	1.0491	2.7751	2.0165	-1.298	4.4025	106.64	-45.504	-51.793	50.272	-50.705	-7.9009	39.869	9.216	-6.8674	-18.086	25.367	3.3209	38.438
0.022239	49.577	7.2488	-8.8968	-1.8503	-0.94977	-4.1744	1.7115	-3.1828	1.1335	0.70192	3.0942	2.9582	-1.6297	-2.6205	-106.85	-23.063	39.125	-6.3942	-8.9774	-13.925	46.729	-11.017	6.9856	-13.889	12.764	37.67	-13.269
-0.3404	44.237	7.9392	-6.2495	-3.0647	-0.9081	-3.9289	2.02	-3.0122	1.1603	0.51314	2.8967	3.0598	-1.4822	-14.506	-213.6	27.613	105.89	-48.574	1.6666	9.8199	12.343	6.8227	1.072	-7.5512	-7.8972	4.0652	5.902
-0.67145	40.281	8.7819	-5.4938	-3.3583	-1.8659	-3.781	2.1343	-2.9295	1.3336	-0.57881	2.7955	2.9141	-1.0143	-13.242	-158.25	33.709	30.227	-11.744	-38.314	5.9168	4.5694	3.3068	6.9325	-43.678	-4.0519	-5.83	18.716
-1.1	34.909	10.819	-5.1462	-2.5878	-1.9157	-3.7836	1.9507	-2.5371	1.3206	-1.8811	1.8067	2.45	0.20729	-17.14	-214.87	81.47	13.904	30.821	-1.9902	-0.10537	-7.3413	15.699	-0.51997	-52.092	-39.549	-18.562	48.864
-2.2085	18.816	12.874	-5.6569	-0.30511	-2.5235	-1.9116	1.512	-1.9642	0.49371	-2.8159	0.34343	2.3303	1.4177	-44.34	-643.7	82.212	-20.426	91.306	-24.313	74.88	-17.548	22.915	-33.075	-37.392	-58.531	-4.7889	48.416
-5.6456	-29.387	8.6013	2.1848	-2.87	0.14393	1.3118	0.18985	0.96544	-0.72795	-1.4213	-0.5258	0.91884	1.5585	-137.48	-1928.1	-170.9	313.67	-102.59	106.7	128.94	-52.888	117.18	-48.867	55.786	-34.769	-56.459	5.6314
-11.46	-61.883	-12.267	0.4221	-3.5694	4.0266	3.1211	1.3235	3.2753	-0.48692	0.26215	2.1585	0.4149	0.72184	-232.58	-1299.8	-834.72	-70.51	-27.979	155.31	72.37	45.345	92.393	9.6413	67.336	107.37	-20.158	-33.465
-12.931	-68.578	-15.035	-0.40915	-4.4273	2.5157	2.6559	2.1217	4.2469	0.61462	0.19037	1.675	2.0946	0.87532	-58.848	-267.82	-110.74	-33.25	-34.316	-60.438	-18.607	31.93	38.865	44.062	-2.8713	-19.337	67.19	6.139
-13.521	-79.758	-15.694	1.4817	-2.8444	1.051	0.54391	0.0061869	1.8454	0.55518	-0.81415	-0.74522	2.1233	1.539	-23.604	-447.18	-26.352	75.634	63.319	-58.588	-84.48	-84.622	-96.061	-2.3778	-40.181	-96.81	1.1472	26.549
-13.315	-77.281	-14.728	4.1316	0.40843	3.0275	2.3597	0.083251	4.162	-0.35359	-1.2186	-0.48724	0.1963	1.4537	8.2511	99.067	38.632	105.99	130.11	79.061	72.63	3.0826	92.666	-36.351	-16.177	10.319	-77.081	-3.4136
-12.657	-71.872	-13.699	3.9844	-2.6681	3.6532	3.4868	0.70284	3.11	0.99217	-0.075394	-0.086081	0.54995	1.616	26.317	216.38	41.185	-5.8855	-123.06	25.03	45.085	24.784	-42.08	53.831	45.728	16.046	14.146	6.4911
-12.023	-73.548	-13.806	4.9095	-3.4393	3.1262	0.87898	0.96145	1.9622	-0.35193	0.28795	0.39076	-0.46255	0.098498	25.383	-67.038	-4.2847	37.003	-30.848	-21.081	-104.31	10.344	-45.914	-53.764	14.534	19.073	-40.5	-60.699
-11.833	-80.126	-16.876	4.0686	-2.4482	4.3893	1.3142	0.25042	3.1418	-1.2142	-0.34171	-0.1064	-0.72346	1.2711	7.5762	-263.12	-122.82	-33.638	39.645	50.522	17.408	-28.441	47.186	-34.491	-25.186	-19.886	-10.436	46.903
-6.8309	-15.022	-5.5426	-9.1018	0.194	0.70342	-3.4485	0.74998	1.4395	-2.0613	1.1045	-0.41164	-1.4885	1.0436	200.1	2604.2	453.35	-526.82	105.69	-147.43	-190.51	19.982	-68.092	-33.884	57.847	-12.21	-30.603	-9.0975
-6.2159	11.782	-12.41	-2.7507	-0.72634	-1.515	-0.095517	-1.8825	0.78679	-2.0536	1.2827	-1.0112	-1.108	0.30879	24.6	1072.2	-274.71	254.04	-36.814	-88.738	134.12	-105.3	-26.108	0.30957	7.1298	-23.981	15.221	-29.394
-6.4579	4.1115	-15.454	1.3823	-0.81735	-2.1177	2.5129	-2.4005	-1.26	-0.78155	0.047666	-1.7515	-2.3624	-0.9398	-9.6832	-306.82	-121.76	165.32	-3.6405	-24.105	104.34	-20.718	-81.871	50.88	-49.402	-29.613	-50.174	-49.944
-7.4228	-11.648	-9.6995	-1.384	-1.5471	0.7682	4.008	-2.2552	0.88835	0.73637	0.34396	-1.4959	-1.8601	-0.24121	-38.594	-630.38	230.2	-110.65	-29.19	115.43	59.804	5.8109	85.934	60.717	11.852	10.225	20.091	27.944
-8.9251	-31.099	-7.6013	0.35586	0.50221	5.8538	1.4145	-2.203	1.0942	0.64252	-0.90302	-0.23271	0.12426	2.7926	-60.091	-778.05	83.928	69.593	81.972	203.42	-103.74	2.0871	8.2336	-3.7539	-49.879	50.526	79.374	121.35
-10.691	-63.373	-14.424	0.34503	-1.7435	5.7271	1.333	-0.18656	2.1731	1.6784	0.20429	-0.92524	1.2943	1.38	-70.631	-1291	-272.92	-0.43342	-89.83	-5.0685	-3.2571	80.658	43.157	41.437	44.293	-27.702	46.8	-56.502
-13.079	-76.47	-15.334	2.3659	-3.297	4.1775	1.7679	-0.099606	1.6863	1.3982	0.14361	-0.50648	-0.014539	-0.97193	-95.528	-523.89	-36.377	80.837	-62.137	-61.981	17.393	3.4782	-19.472	-11.211	-2.4273	16.751	-52.352	-94.078
-12.559	-73.109	-15.894	2.6593	-2.4101	3.2244	1.2324	0.7761	2.1979	-1.4774	0.95563	0.7085	0.91069	0.70982	20.8	134.44	-22.422	11.733	35.475	-38.126	-21.419	35.028	20.461	-115.02	32.481	48.599	37.009	67.27
-12.293	-74.794	-18.724	0.78178	-4.0316	3.4465	0.25354	0.16073	2.4631	-0.3697	0.98083	0.55495	1.7	2.9635	10.649	-67.4	-113.2	-75.1	-64.861	8.8838	-39.154	-24.615	10.611	44.31	1.0078	-6.1418	31.574	90.147
-12.434	-70.234	-15.141	1.1303	-3.7835	3.3969	-0.52448	-1.9832	1.2891	0.42714	1.4525	1.0905	1.8006	2.2798	-5.6465	182.4	143.35	13.94	9.9251	-1.9828	-31.121	-85.759	-46.962	31.874	18.866	21.422	4.0232	-27.347
-12.816	-74.771	-14.965	4.8674	-2.3236	3.3416	0.38657	-2.1273	1.3946	1.2516	1.2644	0.19271	-0.1102	1.1017	-15.3	-181.45	7.0171	149.48	58.397	-2.2111	36.442	-5.763	4.2219	32.977	-7.5242	-35.911	-76.433	-47.126
-5.0601	-12.14	-4.0344	-2.7139	-6.2572	4.5513	-0.44528	-2.4596	0.36124	1.263	0.43967	-0.40007	0.124	-0.37365	310.25	2505.2	437.23	-303.25	-157.34	48.387	-33.274	-13.293	-41.336	0.45742	-32.989	-23.712	9.3678	-59.013
-4.4317	30.15	-4.2936	-2.7267	-6.6088	4.2033	-0.76979	-3.0634	-0.061774	1.231	0.61915	-0.90634	0.30564	-0.55967	25.137	1691.6	-10.371	-0.51118	-14.066	-13.92	-12.98	-24.15	-16.92	-1.2818	7.1794	-20.251	7.2657	-7.4409
-4.112	17.406	-3.3153	0.21452	-3.8605	5.0667	0.73593	-3.4894	0.18968	1.1337	0.42008	-1.2836	0.32543	0.386	12.789	-509.73	39.133	117.65	109.93	34.534	60.229	-17.042	10.058	-3.8888	-7.963	-15.091	0.79148	37.827
-2.1607	31.017	9.3299	-6.4925	2.1494	3.0566	-0.22728	-2.2738	-3.4316	-0.29049	2.0023	-1.4495	0.11508	0.78	78.053	544.42	505.81	-268.28	240.39	-80.402	-38.528	48.625	-144.85	-56.969	63.289	-6.6347	-8.414	15.76
-1.1018	38.19	8.0885	-4.9427	-1.3961	2.2163	-0.32831	-2.8201	-3.5757	-1.0336	1.7338	-0.71905	1.3864	0.42604	42.357	286.91	-49.658	61.993	-141.82	-33.613	-4.0413	-21.852	-5.7624	-29.724	-10.74	29.217	50.853	-14.158
-0.65434	41.604	11.233	-6.6369	-4.2111	2.0482	-3.5228	0.10023	-4.039	-0.55873	0.83929	-0.32448	4.0448	-0.97612	17.896	136.58	125.79	-67.771	-112.6	-6.7219	-127.78	116.81	-18.532	18.994	-35.781	15.783	106.34	-56.086
-0.34192	43.68	11.49	-8.1843	-3.7541	0.22267	-2.961	0.17529	-2.7638	0.11312	-0.073498	0.086439	4.4943	-0.44467	12.497	83.044	10.285	-61.895	18.28	-73.023	22.473	3.0024	51.008	26.874	-36.511	16.437	17.98	21.258
-0.22407	44.263	12.043	-9.6934	-3.0194	-2.064	-2.7686	1.4709	-2.6388	0.47083	-0.80368	0.1752	4.9323	-0.35747	4.714	23.314	22.098	-60.363	29.39	-91.468	7.6966	51.823	4.9993	14.308	-29.207	3.5504	17.518	3.4877
-0.38257	43.271	12.802	-11.183	-1.0673	-5.0736	-0.89123	0.40537	-1.7891	1.8372	-1.9126	0.78358	3.9713	0.34538	-6.3399	-39.68	30.358	-59.567	78.084	-120.38	75.094	-42.62	33.987	54.655	-44.357	24.335	-38.437	28.114
-0.39972	45.345	10.4	-8.5582	-2.7396	-3.4303	-2.0368	1.4448	-2.7164	3.8238	-3.0218	0.86229	3.5877	0.68138	-0.68617	82.958	-96.078	104.97	-66.893	65.732	-45.823	41.577	-37.093	79.465	-44.367	3.1484	-15.347	13.44
-0.3471	45.556	10.703	-8.621	-3.3547	-3.6098	-1.2779	0.58181	-2.5404	4.0135	-2.5159	0.022243	3.4656	0.64627	2.1047	8.4448	12.118	-2.5126	-24.603	-7.1769	30.356	-34.52	7.0407	7.5889	20.238	-33.602	-4.8839	-1.4043
-0.26033	43.984	12.949	-10.079	-3.1525	-4.2028	-0.45829	0.21137	-2.9513	3.7824	-1.906	-0.41236	3.5852	0.46181	3.471	-62.887	89.833	-58.334	8.0877	-23.723	32.785	-14.818	-16.434	-9.2454	24.394	-17.384	4.7848	-7.3785
-0.23622	43.754	12.87	-9.2635	-5.3167	-2.4795	-0.7269	0.8629	-5.0087	4.7486	-1.8656	0.04395	2.3213	1.1962	0.96422	-9.1982	-3.1641	32.636	-86.569	68.932	-10.744	26.061	-82.298	38.65	1.616	18.252	-50.557	29.377
-0.23762	41.013	14.862	-10.829	-4.0992	-3.7079	1.5181	-0.50779	-5.1969	3.7225	-0.86108	0.34167	1.8328	1.0186	-0.05592	-109.63	79.677	-62.605	48.699	-49.136	89.801	-54.828	-7.5271	-41.046	40.182	11.909	-19.536	-7.1055
-0.2691	41.682	13.63	-9.706	-5.2699	-3.0419	2.9695	-0.592	-6.5959	2.9167	0.0036802	0.3241	2.0086	0.20929	-1.2594	26.753	-49.255	44.904	-46.825	26.64	58.054	-3.3686	-55.96	-32.234	34.59	-0.70277	7.0303	-32.372
-0.36989	42.67	10.896	-7.5206	-6.0331	-1.7302	3.7444	-1.274	-7.2677	2.0801	0.50783	0.63694	1.79	-0.2038	-4.0314	39.512	-109.38	87.416	-30.529	52.471	30.996	-27.278	-26.875	-33.461	20.166	12.514	-8.7428	-16.524
-0.7577	39.898	10.298	-5.9301	-6.3963	0.088619	3.1779	-0.4999	-8.8602	2.2983	0.26736	0.77858	1.4868	-0.46964	-15.512	-110.86	-23.898	63.622	-14.53	72.751	-22.658	30.963	-63.697	8.7262	-9.619	5.6655	-12.128	-10.633
-1.2214	37.042	9.6376	-4.9029	-5.9769	1.7049	3.0438	-0.64164	-9.6567	2.4237	0.62653	0.45491	1.5127	-0.94669	-18.547	-114.25	-26.427	41.086	16.777	64.653	-5.365	-5.6697	-31.862	5.0181	14.367	-12.947	1.0369	-19.082
-1.4458	35.334	9.0397	-5.7397	-3.5948	2.2386	2.9082	-1.5029	-9.2029	2.4898	0.95847	-0.92226	1.4038	-1.024	-8.9774	-68.327	-23.917	-33.47	95.283	21.348	-5.4254	-34.451	18.152	2.644	13.278	-55.087	-4.3598	-3.0907
-1.5271	35.302	9.9761	-8.907	0.16612	2.3125	1.9943	-1.7315	-8.569	2.1299	0.96798	-2.0637	1.4222	-0.91091	-3.2535	-1.2922	37.459	-126.69	150.44	2.9551	-36.552	-9.142	25.356	-14.399	0.38051	-45.657	0.7392	4.5222
-1.7545	32.514	10.775	-10.553	3.7457	1.7348	1.3251	-1.4887	-7.5687	1.2045	0.62091	-2.3859	0.90671	-0.56259	-9.094	-111.49	31.962	-65.822	143.18	-23.109	-26.771	9.7119	40.013	-37.016	-13.883	-12.889	-20.621	13.933
-2.2193	27.961	8.8691	-9.1056	6.1942	1.2836	1.6099	-0.85682	-6.4228	-0.22857	0.4363	-1.5018	-0.7544	-0.48407	-18.593	-182.12	-76.241	57.875	97.941	-18.05	11.395	25.274	45.836	-57.322	-7.3846	35.366	-66.444	3.1408
-2.9493	25.702	5.1203	-6.3828	6.5391	1.4505	2.4462	-0.63983	-4.2652	-1.7161	0.6016	-0.13079	-2.1264	-0.62937	-29.198	-90.37	-149.95	108.91	13.797	6.6787	33.45	8.6796	86.304	-59.501	6.6122	54.839	-54.881	-5.812
-4.0078	7.1999	4.4923	-3.6023	4.6503	4.9191	1.3256	1.6121	-3.7526	-0.97646	0.8025	1.2149	-2.6542	-1.4119	-42.343	-740.09	-25.118	111.22	-75.555	138.74	-44.825	90.079	20.505	29.586	8.0361	53.829	-21.111	-31.302
-5.9018	-20.976	-0.49664	3.1462	0.51861	6.1352	0.90907	0.60944	-0.95275	-1.2193	1.5634	1.2841	-3.3669	-3.1927	-75.757	-1127	-199.56	269.94	-165.27	48.645	-16.66	-40.108	111.99	-9.714	30.438	2.7666	-28.509	-71.23
-7.807	-38.437	0.6369	9.5613	1.1823	5.4297	1.4129	-1.97	3.108	-4.1962	0.23287	-0.53812	-1.679	-1.2543	-76.21	-698.42	45.342	256.6	26.546	-28.218	20.155	-103.18	162.43	-119.07	-53.223	-72.889	67.517	77.534
-7.5185	-32.881	5.5759	6.1698	0.28351	2.7903	0.89603	0.64915	1.3429	-1.4411	0.38704	-1.21	-0.16958	-1.2166	11.542	222.22	197.56	-135.66	-35.951	-105.58	-20.677	104.77	-70.601	110.2	6.1667	-26.877	60.376	1.5106
-7.3712	-28.993	5.1089	4.321	1.3715	2.293	0.99863	0.33159	1.527	-0.92215	-0.96116	-0.13878	-0.020897	-1.3443	5.8909	155.51	-18.679	-73.953	43.521	-19.891	4.1042	-12.702	7.361	20.756	-53.928	42.85	5.9473	-5.1116
-7.4065	-27.593	4.9704	3.701	1.1308	1.1651	1.7415	1.0328	0.90772	-0.98727	-0.65	-0.55418	-0.21734	-0.32216	-1.4109	56.005	-5.5418	-24.8	-9.6313	-45.116	29.717	28.047	-24.769	-2.6047	12.446	-16.616	-7.8576	40.888
-7.4849	-27.916	4.4831	3.7033	1.9738	0.48331	-0.22869	3.4139	1.0937	-2.1451	-0.76945	0.46535	-0.73796	-0.316	-3.1367	-12.926	-19.493	0.092879	33.723	-27.273	-78.809	95.245	7.4378	-46.314	-4.7782	40.781	-20.825	0.24614
-7.642	-27.971	2.9951	4.4776	3.429	-0.44316	-0.65696	2.9927	2.7512	-3.9339	-0.87279	2.3239	-1.6539	-0.70816	-6.2839	-2.1668	-59.518	30.971	58.206	-37.059	-17.131	-16.849	66.301	-71.553	-4.1335	74.341	-36.637	-15.686
-7.7529	-26.58	1.5723	5.1185	2.9145	0.48005	-1.0779	2.3472	4.0452	-4.254	-1.7194	2.3538	-1.2438	-0.21888	-4.4364	55.627	-56.914	25.637	-20.581	36.928	-16.836	-25.819	51.759	-12.801	-33.863	1.196	16.405	19.571
-7.7906	-28.442	1.588	5.4412	3.7799	0.88099	-1.9159	1.8624	4.9426	-3.5962	-2.5123	2.0987	-0.15837	-1.0537	-1.5074	-74.476	0.62673	12.908	34.619	16.038	-33.523	-19.39	35.896	26.311	-31.717	-10.202	43.415	-33.392
-7.788	-29.735	2.1986	5.6296	3.2193	1.5807	-2.5015	1.7361	5.622	-3.0786	-2.6145	1.7765	0.52686	-1.9041	0.10086	-51.735	24.427	7.5373	-22.423	27.987	-23.424	-5.0552	27.176	20.702	-4.0857	-12.891	27.409	-34.017
-7.7042	-31.357	3.5304	5.4668	3.0025	2.832	-2.9766	1.332	6.1867	-3.9687	-2.2661	2.4328	-0.37278	-0.97519	3.3535	-64.858	53.27	-6.5132	-8.6734	50.054	-19.001	-16.162	22.591	-35.602	13.935	26.253	-35.986	37.157
-7.5465	-31.878	3.8773	5.0257	4.0763	1.8258	-1.9326	1.477	5.9014	-3.8394	-2.2987	2.2883	-0.45752	-1.0411	6.308	-20.86	13.876	-17.645	42.951	-40.247	41.758	5.8017	-11.413	5.1707	-1.3047	-5.7796	-3.3893	-2.6384
-7.4778	-35.033	3.6798	7.8234	3.8247	2.5645	-2.8694	1.2378	6.5493	-4.2247	-2.0991	2.4925	-1.1628	-1.1934	2.7492	-126.18	-7.8996	111.91	-10.065	29.547	-37.473	-9.568	25.914	-15.41	7.9832	8.1681	-28.213	-6.0899
-7.5503	-36.983	3.757	8.2992	4.2155	1.6588	-1.5363	1.6126	6.4019	-4.0259	-2.5175	2.5434	-1.5095	-1.0186	-2.901	-78.03	3.0883	19.031	15.631	-36.227	53.325	14.991	-5.8933	7.9495	-16.735	2.0349	-13.865	6.9906
-7.7976	-37.138	-0.49209	9.0526	7.288	0.91311	-0.22283	0.95372	4.883	-1.8605	-1.6403	1.04	-1.5447	-1.749	-9.8908	-6.1752	-169.96	30.135	122.9	-29.828	52.539	-26.355	-60.758	86.617	35.089	-60.137	-1.41	-29.215
-7.0157	-1.8742	-10.316	3.975	0.31748	-0.8731	4.4078	-3.2375	4.0263	-0.77218	0.46719	0.57973	-1.6432	0.89942	31.275	1410.5	-392.95	-203.1	-278.82	-71.448	185.23	-167.65	-34.268	43.533	84.299	-18.409	-3.937	105.94
-6.0803	2.6627	-14.408	8.3885	-2.2508	0.28273	3.5704	-3.4934	3.7122	-0.90825	0.1567	0.47618	-1.4618	0.81221	37.415	181.47	-163.67	176.54	-102.73	46.233	-33.496	-10.239	-12.565	-5.443	-12.42	-4.1421	7.2533	-3.4886
-5.2066	-16.42	-27.088	20.356	1.4016	0.55975	7.4825	-3.0311	3.3038	-1.768	-0.50946	0.51541	-0.82058	0.073004	34.948	-763.33	-507.21	478.69	146.09	11.081	156.48	18.492	-16.333	-34.391	-26.647	1.5695	25.65	-29.568
-4.8226	-19.599	-35.548	15.672	-0.2658	-0.17492	6.5591	-1.1655	4.1752	0.11117	1.3926	-0.012031	-1.1701	1.2055	15.36	-127.16	-338.42	-187.34	-66.695	-29.386	-36.938	74.627	34.854	75.168	76.081	-21.098	-13.98	45.299
-4.679	-17.79	-34.454	14.001	-2.4051	-2.4228	5.5796	-2.4617	3.6655	-0.32984	-0.46472	2.409	-0.35354	0.44664	5.7449	72.366	43.779	-66.833	-85.573	-89.915	-39.178	-51.849	-20.387	-17.64	-74.291	96.841	32.662	-30.353
-4.5485	-12.602	-32.314	14.205	-2.5269	-1.4761	6.6544	-2.5175	3.6641	-0.23154	-0.21894	2.2075	-0.68241	0.49568	5.2199	207.55	85.602	8.1332	-4.8714	37.868	42.991	-2.2342	-0.054632	3.9319	9.8313	-8.06	-13.155	1.9614
-3.6891	-5.0807	-29.65	14.469	-0.83338	0.30313	5.5837	-2.2354	3.6968	0.76652	-0.49911	1.5487	-1.5094	0.89066	34.376	300.84	106.55	10.573	67.741	71.169	-42.827	11.286	1.3072	39.922	-11.207	-26.354	-33.078	15.799
-3.2302	-6.9919	-32.002	13.654	0.57792	-2.7127	6.1031	-4.9784	5.2607	0.67317	-0.5129	1.7997	-3.5816	1.5887	18.354	-76.449	-94.075	-32.59	56.452	-120.63	20.775	-109.72	62.555	-3.734	-0.55184	10.041	-82.891	27.922
-3.3081	-5.2235	-31.577	10.268	0.024022	-2.9436	4.5783	-3.6443	3.3346	-0.16729	0.14101	1.4786	-2.4212	1.5062	-3.1135	70.736	17.01	-135.45	-22.156	-9.2367	-60.994	53.365	-77.045	-33.618	26.156	-12.845	46.415	-3.2991
-5.0411	-4.1469	-27.99	9.2954	2.479	-2.0406	3.272	-1.7312	3.9063	-0.14324	0.46213	1.735	-1.6667	-0.36483	-69.319	43.063	143.45	-38.907	98.198	36.118	-52.25	76.523	22.871	0.96209	12.845	10.258	30.184	-74.842
-5.8436	-12.178	-25.449	8.1162	2.8641	-1.3593	1.5942	-5.0795	3.0627	-1.3168	-0.43568	2.2578	-2.6736	0.11433	-32.102	-321.23	101.64	-47.167	15.404	27.255	-67.113	-133.93	-33.744	-46.942	-35.912	20.91	-40.279	19.166
-6.6073	-15.563	-18.7	8.3904	4.2322	-0.73128	3.0055	-3.2571	3.3861	0.44265	0.98613	3.1118	-2.601	-1.348	-30.547	-135.42	269.98	10.967	54.726	25.119	56.451	72.897	12.934	70.377	56.872	34.161	2.9034	-58.492
-4.5837	12.569	-1.0149	1.4103	1.9277	3.1186	2.7749	-0.59896	0.16491	-3.6111	0.12739	2.011	-1.6673	-2.3463	80.942	1125.3	707.4	-279.2	-92.181	154	-9.2226	106.33	-128.85	-162.15	-34.349	-44.031	37.348	-39.932
-3.866	14.688	2.9912	0.9544	2.8474	4.5897	1.7427	1.3146	-1.3671	-4.128	0.31531	1.5369	-2.1694	-4.1376	28.709	84.753	160.25	-18.237	36.788	58.842	-41.286	76.542	-61.282	-20.677	7.5167	-18.967	-20.084	-71.652
-3.6616	9.2214	6.2116	-0.41392	3.8221	4.1953	2.8582	1.274	-1.3374	-3.9281	0.7463	0.76994	-2.0087	-3.3831	8.1767	-218.66	128.82	-54.733	38.986	-15.774	44.617	-1.6228	1.1877	7.9953	17.24	-30.677	6.4304	30.178
-3.8213	9.391	3.6311	2.2244	3.2221	2.4247	4.0548	1.9726	-2.2485	-3.374	1.7635	0.37231	-2.4151	-3.2428	-6.3864	6.7852	-103.22	105.53	-23.999	-70.824	47.865	27.945	-36.442	22.163	40.688	-15.905	-16.256	5.6117
-4.0494	8.2932	-0.062692	5.2036	3.7894	1.7882	3.7132	2.0256	-1.2387	-5.1012	1.8096	1.6676	-2.4143	-3.7506	-9.1259	-43.91	-147.75	119.17	22.693	-25.46	-13.665	2.1179	40.392	-69.088	1.8427	51.811	0.030182	-20.312
-4.3667	9.1949	-5.0808	8.6483	4.6597	0.91243	4.0713	-1.8298	0.99791	-4.4637	-1.1349	1.4083	-2.3159	-1.2783	-12.692	36.068	-200.72	137.79	34.812	-35.031	14.327	-154.22	89.464	25.5	-117.78	-10.369	3.937	98.894
-4.6412	7.8567	-9.6964	12.913	3.7193	-0.16728	6.9421	-4.2383	-0.47518	-4.3887	-0.14182	2.3769	-2.8269	-1.2486	-10.981	-53.528	-184.63	170.6	-37.617	-43.189	114.83	-96.339	-58.924	3.0008	39.725	38.741	-20.44	1.1889
-4.9332	5.3387	-13.948	15.883	4.1252	-1.5319	6.1649	-3.2089	-0.13254	-2.9552	-0.26478	1.5479	-2.5535	-1.9495	-11.677	-100.72	-170.07	118.79	16.237	-54.585	-31.088	41.174	13.705	57.338	-4.9185	-33.159	10.937	-28.04
-5.0458	1.739	-17.348	15.607	3.5371	-0.98311	7.0737	-2.713	1.4499	-2.8889	-2.2813	0.66834	-2.2378	-0.35144	-4.5066	-143.99	-135.99	-11.037	-23.527	21.952	36.35	19.835	63.298	2.6531	-80.659	-35.182	12.625	63.924
-5.1662	-3.0355	-20.027	16.887	3.7753	0.21969	6.7959	-3.1716	1.8172	-2.5502	-1.6664	0.95923	-2.3496	-0.80789	-4.8161	-190.98	-107.15	51.196	9.5297	48.112	-11.111	-18.341	14.691	13.551	24.593	11.636	-4.4721	-18.258
-4.6915	-5.6591	-24.411	18.088	5.126	0.91457	6.9998	-4.3065	0.6203	-3.0977	-0.053494	2.229	-2.5692	-0.31457	18.989	-104.94	-175.38	48.052	54.028	27.795	8.1574	-45.395	-47.876	-21.901	64.518	50.789	-8.7836	19.733
-4.6187	-5.754	-23.734	15.578	1.9778	-1.7476	8.1178	-1.2248	2.4753	-0.58251	-0.57857	1.8636	-2.7479	0.33205	2.9107	-3.7978	27.079	-100.4	-125.93	-106.49	44.718	123.27	74.201	100.61	-21.003	-14.616	-7.1484	25.865
-5.4675	-6.9137	-22.603	13.641	1.6728	-0.71296	8.171	-0.74865	2.0166	-0.37208	-0.32371	2.6921	-1.5629	-0.72029	-33.948	-46.388	45.267	-77.51	-12.201	41.386	2.1303	19.045	-18.35	8.4171	10.194	33.142	47.4	-42.093
-6.3906	-7.7123	-22.186	10.066	2.7836	1.5497	5.3847	0.68711	3.5013	-0.10898	0.50767	1.8435	-2.1185	-0.80836	-36.925	-31.943	16.673	-142.97	44.432	90.508	-111.45	57.43	59.388	10.524	33.255	-33.944	-22.224	-3.5228
-7.0906	-8.2284	-19.3	6.1943	3.0606	1.8753	3.5608	0.86743	2.2408	-0.58846	0.49248	0.56937	-2.8336	-0.046973	-28	-20.647	115.41	-154.89	11.079	13.023	-72.958	7.213	-50.417	-19.179	-0.60757	-50.967	-28.601	30.455
-7.9662	-18.344	-20.636	2.6456	-1.0416	0.13127	3.066	1.7662	1.8955	1.1391	2.7452	2.3198	-0.72512	0.42346	-35.023	-404.64	-53.422	-141.95	-164.09	-69.762	-19.792	35.949	-13.813	69.101	90.11	70.018	84.338	18.817
-8.7221	-25.076	-20.157	0.9736	-3.8658	1.8363	2.1663	-0.51991	2.5226	0.036427	1.5845	1.293	-1.0943	1.0362	-30.239	-269.28	19.162	-66.88	-112.97	68.2	-35.988	-91.443	25.083	-44.105	-46.427	-41.073	-14.768	24.51
-8.8126	-26.29	-21.088	-0.28923	-4.5176	1.3012	1.628	-0.27513	1.6656	-0.88635	1.6425	0.95744	-0.50468	0.46517	-3.6174	-48.536	-37.251	-50.513	-26.07	-21.402	-21.531	9.7912	-34.278	-36.911	2.3192	-13.422	23.586	-22.842
-8.2761	-16.826	-19.034	0.26807	-3.8702	2.5561	2.2679	-0.2407	2.9181	-1.3569	0.93829	-0.92262	-2.241	-0.25446	21.458	378.57	82.171	22.292	25.896	50.194	25.595	1.3774	50.097	-18.821	-28.17	-75.202	-69.452	-28.785
-7.8344	-12.144	-21.133	-1.1487	-3.1437	1.1021	-0.084822	-2.2691	2.3911	-0.49556	0.15946	0.35992	-2.4563	-1.6996	17.671	187.26	-83.955	-56.669	29.06	-58.158	-94.107	-81.137	-21.08	34.453	-31.153	51.302	-8.6139	-57.804
-7.7802	-8.6394	-15.96	-0.73381	-2.6047	0.13372	0.40778	0.074418	4.0908	-0.62135	0.76952	2.2012	0.013335	-0.45266	2.1681	140.19	206.92	16.594	21.56	-38.736	19.704	93.741	67.99	-5.0315	24.402	73.653	98.787	49.876
-7.8355	-12.278	-8.1145	-0.8852	-2.8781	1.4834	-0.078586	-2.2653	2.1622	-0.085363	0.80538	1.1467	0.060556	-1.1489	-2.2146	-145.56	313.81	-6.0558	-10.936	53.989	-19.455	-93.59	-77.144	21.439	1.4344	-42.182	1.8888	-27.848
-5.8975	-20.853	2.9375	-0.027908	-3.2299	4.2981	1.0849	-2.1861	1.0436	-0.28696	0.096925	-0.52909	-0.41218	-0.43761	77.523	-342.97	442.08	34.292	-14.074	112.59	46.538	3.1697	-44.745	-8.0638	-28.338	-67.031	-18.91	28.45
-2.3269	24.555	11.422	-13.208	4.2371	2.9981	-1.0573	-1.257	-4.9269	1.3706	1.0548	-1.3159	0.78954	0.1887	142.82	1816.3	339.39	-527.22	298.68	-52.003	-85.688	37.162	-238.82	66.301	38.317	-31.473	48.069	25.052
-1.7276	33.205	12.512	-13.526	3.3331	3.2981	-2.1442	-1.7405	-7.1084	1.7524	0.71208	-1.4173	0.80458	0.42409	23.973	346	43.582	-12.716	-36.159	12.002	-43.472	-19.338	-87.262	15.273	-13.711	-4.055	0.60181	9.4156
-1.7795	31.274	11.797	-10.821	0.56612	3.8932	-1.5106	-1.6146	-7.6938	3.4183	-0.010512	-0.67319	0.39612	0.85742	-2.0787	-77.226	-28.6	108.23	-110.68	23.802	25.34	5.0378	-23.414	66.636	-28.904	29.764	-16.339	17.333
-1.8135	31.551	9.5725	-8.2478	-0.64638	3.0125	-0.15775	-1.1578	-8.6838	4.5422	-0.28349	0.20669	0.48461	1.1292	-1.3603	11.085	-88.966	102.91	-48.5	-35.226	54.116	18.269	-39.602	44.958	-10.919	35.195	3.5396	10.869
-1.7766	31.657	10.873	-8.5381	-1.4195	2.1687	0.2438	-1.0706	-8.6349	4.2824	0.1941	0.25332	0.44916	0.79213	1.4791	4.2211	52.035	-11.611	-30.923	-33.754	16.062	3.4884	1.9563	-10.394	19.104	1.8653	-1.418	-13.481
-1.7821	31.896	10.163	-6.8118	-2.9123	2.0909	0.64018	-0.46175	-9.4186	4.5021	0.0024844	0.38146	0.42546	0.65519	-0.21972	9.5641	-28.432	69.054	-59.712	-3.1115	15.855	24.355	-31.348	8.7865	-7.6647	5.1255	-0.94796	-5.4775
-1.8082	27.619	11.829	-6.9825	-3.0644	1.1545	2.2092	-0.78941	-9.0476	3.4095	0.43987	0.43095	0.32157	0.87775	-1.045	-171.09	66.67	-6.8306	-6.087	-37.454	62.759	-13.106	14.84	-43.704	17.496	1.9799	-4.1556	8.9024
-1.8103	24.574	15.349	-8.8319	-2.8651	0.32964	3.0434	-0.86657	-9.0429	2.6601	0.91067	0.35169	0.28573	0.54853	-0.086878	-121.79	140.77	-73.975	7.9733	-32.995	33.368	-3.086	0.1909	-29.975	18.832	-3.1706	-1.4336	-13.169
-1.9144	22.264	16.783	-9.2434	-2.2078	-0.25283	4.4103	-1.2034	-8.3122	1.8776	1.1945	0.039762	0.29807	0.54925	-4.1631	-92.405	57.378	-16.461	26.293	-23.299	54.677	-13.474	29.225	-31.3	11.355	-12.477	0.49364	0.028857
-1.9727	21.807	15.946	-7.9561	-3.3672	0.56406	4.3319	-1.3833	-7.9408	1.2708	1.2599	-0.38989	0.2195	0.37583	-2.3328	-18.268	-33.48	51.495	-46.376	32.676	-3.1364	-7.1944	14.858	-24.272	2.6131	-17.186	-3.1431	-6.9369
-1.9659	19.539	17.384	-8.7993	-2.5671	1.7783	3.3789	-0.59816	-8.982	1.5518	1.1443	-0.54997	-0.00097533	0.30559	0.27576	-90.704	57.51	-33.73	32.003	48.57	-38.119	31.405	-41.649	11.242	-4.6223	-6.4033	-8.8188	-2.8095
-2.0358	21.019	15.298	-8.588	-1.1081	1.9015	4.1824	-1.8614	-9.1071	2.1897	0.65292	-0.089439	-1.0365	0.38346	-2.7967	59.184	-83.435	8.4534	58.362	4.9263	32.139	-50.529	-5.0039	25.513	-19.656	18.421	-41.423	3.1149
-2.1232	21.937	13.658	-9.0666	0.49569	3.3655	3.5704	-2.1614	-9.0101	2.9821	0.70268	-1.111	-1.1313	0.64149	-3.4962	36.718	-65.585	-19.145	64.15	58.56	-24.477	-12	3.882	31.698	1.9903	-40.864	-3.792	10.321
-2.1508	22.514	12.567	-10.592	3.1593	4.961	2.1877	-2.6695	-7.894	3.234	1.1727	-2.6677	-0.55392	0.28804	-1.1065	23.071	-43.65	-61.003	106.55	63.82	-55.31	-20.326	44.641	10.075	18.802	-62.265	23.097	-14.138
-2.1396	22.933	12.343	-12.629	6.4087	5.1888	1.6781	-3.4997	-5.9495	3.7717	0.61468	-3.6615	-0.61827	0.84378	0.44926	16.75	-8.9738	-81.482	129.98	9.1135	-20.385	-33.207	77.782	21.508	-22.322	-39.752	-2.5739	22.23
-2.0268	23.837	10.466	-11.161	6.0296	8.3912	-0.93933	-2.7722	-4.8666	3.4006	0.97965	-5.2368	-0.058013	0.6571	4.5134	36.169	-75.072	58.698	-15.164	128.1	-104.7	29.102	43.315	-14.844	14.599	-63.014	22.41	-7.4672
-2.0587	23.146	9.0028	-9.4055	6.3807	10.49	-2.7653	-2.555	-3.4446	2.7779	0.54192	-6.0153	0.38164	0.64799	-1.278	-27.642	-58.522	70.23	14.042	83.971	-73.039	8.6858	56.88	-24.905	-17.509	-31.14	17.586	-0.36449
-2.2517	21.954	7.1909	-7.7023	7.4569	10.382	-2.6673	-3.1672	-1.1684	1.6792	0.010857	-6.3134	0.76887	0.44834	-7.718	-47.649	-72.475	68.129	43.049	-4.3496	3.9197	-24.489	91.047	-43.95	-21.242	-11.921	15.489	-7.9859
-2.5801	16.671	6.4677	-6.0411	9.409	8.7714	-2.1521	-2.7562	-0.67448	1.3289	-1.1515	-5.5732	0.92068	-0.41051	-13.136	-211.33	-28.929	66.449	78.084	-64.413	20.609	16.44	19.758	-14.012	-46.493	29.608	6.0723	-34.354
-3.1329	8.9364	5.1279	-3.866	13.524	5.7336	-2.8002	-0.54353	-0.69056	-0.31462	-0.095482	-5.5101	0.42075	-0.28916	-22.113	-309.39	-53.592	87.004	164.59	-121.51	-25.922	88.508	-0.64305	-65.741	42.24	2.5236	-19.997	4.8539
-4.0238	6.3085	-0.48954	-0.93641	12.879	4.273	-0.78713	-2.9801	1.5756	-2.6396	-0.06608	-3.8772	-0.02381	0.42603	-35.636	-105.12	-224.7	117.18	-25.788	-58.425	80.521	-97.461	90.645	-93.001	1.1761	65.313	-17.782	28.608
-6.081	-30.764	-4.2726	3.107	5.4391	3.9528	-0.042596	-3.7771	2.0739	-3.1726	-0.56398	-0.54694	-0.36558	1.2219	-82.289	-1482.9	-151.32	161.74	-297.6	-12.807	29.781	-31.881	19.933	-21.318	-19.916	133.21	-13.671	31.834
-12.14	-74.02	-13.014	6.3001	2.5386	6.4672	4.0682	1.7684	2.9103	-0.0055605	0.19134	0.43944	0.23942	1.6318	-242.38	-1730.2	-349.64	127.72	-116.02	100.57	164.43	221.82	33.456	126.68	30.213	39.455	24.2	16.396
-13.012	-81.903	-17.628	1.3744	-2.5898	4.7548	2.2055	2.7501	5.0503	1.5267	0.59727	0.71331	-0.014762	0.001591	-34.857	-315.3	-184.58	-197.03	-205.14	-68.496	-74.506	39.268	85.601	61.289	16.237	10.955	-10.167	-65.208
-13.486	-77.866	-17.609	3.1396	-3.2906	3.4889	3.3403	0.25039	2.2859	0.56344	0.26894	0.3225	0.78499	1.2268	-18.974	161.47	0.78483	70.605	-28.032	-50.634	45.39	-99.99	-110.58	-38.529	-13.133	-15.633	31.99	49.007
-6.062	-31.181	-9.5418	-0.81366	1.7739	0.038503	3.3814	-0.38226	2.0122	0.27683	0.73481	-0.28666	-0.21839	0.46247	296.97	1867.4	322.67	-158.13	202.58	-138.02	1.6468	-25.306	-10.95	-11.464	18.635	-24.366	-40.135	-30.572
-4.9057	24.349	-15.344	-3.7824	-2.6366	-3.4704	2.326	-0.70118	3.3325	0.56963	-0.83919	-0.94877	-0.38184	1.1034	46.251	2221.2	-232.1	-118.75	-176.42	-140.36	-42.219	-12.757	52.813	11.712	-62.96	-26.484	-6.538	25.638
-4.7186	21.741	-18.671	-0.33661	0.95496	-2.2882	2.0054	-1.4712	2.9938	-0.36933	-0.98013	-0.12764	-1.506	-0.74589	7.4828	-104.32	-133.07	137.83	143.66	47.287	-12.823	-30.8	-13.547	-37.558	-5.6376	32.845	-44.968	-73.973
-5.2349	9.8962	-10.346	-2.1288	-1.1797	-1.1021	-0.55289	-1.5259	3.4179	-1.5624	-0.081879	2.4225	-1.5389	-0.97133	-20.651	-473.8	332.99	-71.687	-85.385	47.442	-102.33	-2.1898	16.964	-47.725	35.93	102	-1.3133	-9.0174
-5.5789	8.9751	-11.271	0.22424	-4.7085	-2.649	-0.13202	-2.7226	2.5338	2.087	2.2565	3.1482	-1.2146	-1.5012	-13.759	-36.844	-36.985	94.121	-141.15	-61.874	16.835	-47.869	-35.363	145.98	93.537	29.029	12.971	-21.196
-5.5153	-1.4626	-0.068927	-2.8631	-7.0997	-3.1601	1.1434	-2.8591	1.0899	0.76011	2.2407	3.8384	-2.0484	-1.4349	2.5426	-417.51	448.08	-123.49	-95.649	-20.444	51.016	-5.457	-57.76	-53.075	-0.63469	27.61	-33.351	2.6544
-5.1465	-1.3028	-0.52566	-3.4855	-8.7734	-2.7927	4.3087	-0.45262	0.69808	-0.24934	0.43292	3.0539	-0.92695	-2.0146	14.755	6.3923	-18.269	-24.896	-66.947	14.695	126.61	96.258	-15.671	-40.378	-72.31	-31.381	44.857	-23.189
-2.6046	11.575	5.8578	2.0971	-3.7153	-5.3502	3.4933	2.1455	1.7012	-0.97228	-0.43078	3.9049	0.43688	-0.69105	101.67	515.12	255.34	223.3	202.32	-102.3	-32.616	103.93	40.125	-28.918	-34.548	34.041	54.553	52.942
-1.9358	31.173	8.5262	-0.80524	-4.1439	-7.2836	0.30474	2.4946	1.1082	-0.94583	0.24304	2.8116	0.79573	-1.287	26.752	783.92	106.73	-116.09	-17.143	-77.335	-127.54	13.966	-23.719	1.0581	26.953	-43.732	14.354	-23.84
-1.4698	30.85	8.1806	-0.85154	-5.2536	-6.0358	-1.0761	3.2999	1.0861	-1.0811	1.4194	1.8596	0.42138	-0.52759	18.641	-12.946	-13.822	-1.8524	-44.389	49.911	-55.234	32.212	-0.88591	-5.4126	47.053	-38.082	-14.974	30.378
-1.4545	32.817	10.015	-3.5976	-4.4826	-7.4472	0.68806	4.9357	-1.864	-0.058057	1.2693	2.4256	-0.48895	-0.049452	0.6087	78.706	73.372	-109.84	30.842	-56.454	70.567	65.43	-118	40.924	-6.0031	22.643	-36.413	19.125
-1.1767	36.048	9.737	-5.9447	-4.9733	-6.2494	2.5231	2.3469	-1.4546	0.77857	0.59263	2.3777	-0.38789	0.17454	11.115	129.23	-11.117	-93.886	-19.628	47.909	73.4	-103.55	16.377	33.465	-27.067	-1.9164	4.0422	8.9599
-1.1698	39.41	7.7598	-6.1762	-6.2732	-3.373	0.81862	2.4035	-0.90505	-0.20695	1.1405	2.9269	-0.74361	-0.66808	0.27461	134.5	-79.088	-9.2605	-51.997	115.06	-68.178	2.267	21.981	-39.421	21.915	21.968	-14.229	-33.705
-1.2578	40.157	7.4859	-7.8018	-5.8082	-0.9083	-1.1221	2.8244	-1.0109	-0.86548	2.2672	2.9314	-1.9339	0.25814	-3.5207	29.865	-10.956	-65.024	18.6	98.589	-77.63	16.835	-4.2351	-26.341	45.069	0.17942	-47.612	37.049
-1.3809	40.758	6.9079	-9.9615	-3.4573	-0.19482	-2.5526	4.059	-2.7296	0.39432	2.7438	2.0592	-1.4342	-0.66213	-4.9229	24.048	-23.12	-86.387	94.036	28.539	-57.217	49.382	-68.747	50.392	19.065	-34.89	19.986	-36.811
-1.5394	40.127	6.3108	-9.8176	-3.6418	1.2574	-2.4806	2.684	-2.4403	0.98259	2.3612	2.7771	-2.3814	-0.58551	-6.3401	-25.23	-23.885	5.7545	-7.3774	58.089	2.8797	-54.997	11.571	23.531	-15.304	28.716	-37.885	3.0645
-1.8873	38.546	5.9754	-9.3244	-2.3467	0.80428	-1.1267	0.28872	-1.2137	0.82387	2.0828	2.5164	-2.6065	-0.28915	-13.917	-63.266	-13.415	19.728	51.802	-18.125	54.154	-95.813	49.064	-6.349	-11.14	-10.426	-9.004	11.855
-2.2423	34.983	6.2641	-7.7154	-1.0841	-0.3231	0.58055	-1.0702	-2.0532	1.9762	2.1286	1.7791	-2.4861	-0.28296	-14.201	-142.51	11.549	64.362	50.505	-45.095	68.29	-54.358	-33.577	46.095	1.8349	-29.494	4.8148	0.24763
-2.6568	31.62	5.6233	-5.526	0.1778	-0.38926	-0.34854	-0.40535	-2.1657	0.95498	3.5876	-0.018789	-1.9215	-0.61397	-16.578	-134.54	-25.634	87.573	50.474	-2.6466	-37.164	26.595	-4.5009	-40.851	58.358	-71.914	22.585	-13.241
-3.0451	26.261	5.5316	-4.3406	2.989	-0.36422	-1.6584	-0.76801	-1.5456	2.08	1.1298	1.0387	-2.2366	-0.29737	-15.531	-214.36	-3.6671	47.419	112.45	1.0017	-52.395	-14.507	24.804	45.002	-98.311	42.3	-12.606	12.664
-3.5102	20.673	5.9626	-4.534	4.4153	0.65482	-1.3676	-2.0587	-0.60174	1.4576	1.5117	0.0090924	-1.0523	-0.78321	-18.605	-223.49	17.239	-7.7371	57.05	40.761	11.633	-51.626	37.754	-24.898	15.275	-41.185	47.373	-19.434
-4.145	9.3493	8.11	-3.9729	2.9105	1.3072	0.16514	-0.60812	-2.1386	0.026268	2.2707	-0.44759	-0.43357	-0.78252	-25.392	-452.97	85.897	22.445	-60.191	26.094	61.309	58.022	-61.474	-57.252	30.36	-18.267	24.749	0.027817
-5.8346	-12.924	9.0404	0.14183	0.075404	1.4543	0.78543	-0.67299	2.6001	-0.57158	-1.5339	-1.3129	2.2054	0.42217	-67.585	-890.93	37.219	164.59	-113.4	5.8857	24.812	-2.5947	189.55	-23.914	-152.18	-34.613	105.56	48.187
-6.6232	-20.496	5.2726	3.6525	2.5656	3.2865	-1.6038	-3.9833	6.2757	-0.11929	-1.8996	-1.5507	2.1386	0.50676	-31.542	-302.87	-150.71	140.43	99.609	73.286	-95.569	-132.41	147.03	18.092	-14.626	-9.5122	-2.6722	3.3838
-6.9541	-26.73	5.0388	3.8265	1.9618	5.6552	-2.1086	-3.6381	6.5607	-1.0267	-3.3471	-0.62323	1.526	1.3498	-13.238	-249.37	-9.3509	6.9606	-24.155	94.748	-20.192	13.808	11.4	-36.296	-57.9	37.1	-24.507	33.721
-7.3758	-31.939	4.6453	5.5171	1.4687	5.9579	-1.597	-2.7153	6.391	-1.2013	-3.0701	-1.1185	1.4548	0.78103	-16.867	-208.34	-15.743	67.624	-19.722	12.111	20.462	36.91	-6.789	-6.9857	11.081	-19.811	-2.847	-22.75
-7.7381	-36.266	4.5268	5.6399	1.0231	5.3154	-1.087	-2.7592	4.5082	0.52361	-2.196	-0.97094	0.44934	1.7046	-14.491	-173.11	-4.7377	4.9094	-17.824	-25.702	20.401	-1.7526	-75.311	68.997	34.962	5.9027	-40.218	36.943
-8.4136	-41.045	-0.73101	7.7063	0.95234	3.921	0.5298	-2.5941	6.8646	1.3026	-2.3252	-0.34152	1.4673	1.4524	-27.02	-191.13	-210.31	82.658	-2.8308	-55.776	64.673	6.6021	94.257	31.162	-5.1671	25.177	40.719	-10.09
-9.4201	-49.483	-10.809	6.1579	2.1171	3.5134	3.9253	-0.86701	5.4773	-0.80003	-2.685	1.4259	0.45226	0.91258	-40.264	-337.55	-403.11	-61.934	46.589	-16.302	135.82	69.084	-55.492	-84.107	-14.393	70.696	-40.603	-21.591
-10.788	-53.392	-19.39	3.6916	-0.1499	0.3087	4.5191	-1.1496	4.2995	0.041813	-0.44072	2.6239	1.6402	1.2667	-54.727	-156.36	-343.24	-98.652	-90.679	-128.19	23.752	-11.303	-47.112	33.674	89.773	47.922	47.519	14.166
-11.378	-59.469	-19.142	1.5368	-0.69011	2.679	3.6669	-0.77767	2.2536	0.3278	-0.43009	0.27334	0.22194	-0.9658	-23.604	-243.07	9.907	-86.193	-21.608	94.812	-34.086	14.877	-81.835	11.439	0.42514	-94.024	-56.732	-89.301
-5.6718	-30.506	-6.5699	-1.9655	-1.7562	3.36	2.3064	-0.69456	2.5407	0.020819	0.49439	0.25535	-0.71375	0.26714	228.27	1158.5	502.89	-140.09	-42.645	27.24	-54.42	3.3247	11.482	-12.279	36.979	-0.71963	-37.428	49.318
-4.7502	22.457	-0.66618	-5.6617	-4.4016	3.2714	0.047422	-2.6992	0.17157	1.3517	0.088978	-0.64164	0.088755	0.59207	36.863	2118.5	236.15	-147.85	-105.82	-3.5447	-90.361	-80.187	-94.765	53.236	-16.216	-35.88	32.1	12.997
-4.711	18.79	-5.351	-2.5018	-3.1761	4.2503	0.29012	-3.3924	-0.30133	2.5503	-0.028138	-0.24576	0.20112	1.693	1.5688	-146.67	-187.39	126.39	49.021	39.157	9.7079	-27.726	-18.916	47.943	-4.6846	15.835	4.4946	44.038
-6.2164	-5.7914	-9.3929	-1.6178	1.1262	5.0167	-2.8313	-3.4669	0.6568	0.53533	0.29484	-1.8771	-1.0671	0.82162	-60.219	-983.27	-161.68	35.361	172.09	30.657	-124.86	-2.9814	38.325	-80.598	12.919	-65.252	-50.729	-34.856
-7.696	-17.24	-3.2791	-1.069	-0.13052	4.7722	-0.82044	-4.2916	0.19865	-1.098	3.2514	-0.49194	-1.9596	-0.91314	-59.181	-457.96	244.55	21.95	-50.269	-9.7826	80.434	-32.988	-18.326	-65.334	118.26	55.405	-35.699	-69.391
-8.3979	-26.86	-4.7237	0.50165	-1.1541	3.9354	-0.72229	-2.4061	1.7936	-0.75233	3.7082	2.3018	0.15777	-1.8421	-28.077	-384.77	-57.785	62.828	-40.945	-33.472	3.9262	75.422	63.797	13.828	18.272	111.75	84.694	-37.158
-8.287	-41.075	-1.2428	4.9637	1.7574	5.053	2.6005	-1.5299	2.1289	-2.187	1.2603	0.51509	-0.53604	-0.64605	4.4335	-568.64	139.24	178.48	116.46	44.705	132.91	35.044	13.414	-57.389	-97.916	-71.468	-27.752	47.842
-7.4356	-32.645	4.2478	5.3627	3.7056	5.4348	-3.9954	-1.705	7.0042	-2.5607	-1.3228	-0.68636	0.70957	-0.33174	34.059	337.23	219.62	15.959	77.93	15.27	-263.84	-7.0039	195.01	-14.946	-103.32	-48.058	49.824	12.573
-7.0689	-29.423	4.2658	7.0312	2.5392	2.9062	-2.7834	-0.64019	6.7279	-3.0647	-1.4485	-0.22223	0.90157	-1.534	14.667	128.88	0.72272	66.74	-46.657	-101.14	48.48	42.594	-11.051	-20.16	-5.0282	18.565	7.6803	-48.089
-6.9704	-26.709	3.8298	6.1013	3.7693	3.5949	-3.1176	-0.11163	6.5954	-3.4195	-1.4111	0.48344	0.27486	-0.5321	3.9397	108.56	-17.441	-37.195	49.204	27.548	-13.366	21.142	-5.3011	-14.191	1.4968	28.227	-25.069	40.074
-6.9063	-26.836	4.5546	4.5048	4.6367	3.8424	-3.6601	1.0966	5.2202	-2.3375	-1.2147	-0.58806	1.263	-0.86057	2.5654	-5.1053	28.993	-63.862	34.695	9.9028	-21.7	48.327	-55.009	43.279	7.8525	-42.86	39.526	-13.139
-6.9903	-26.429	2.5978	5.5151	5.9238	3.087	-3.0662	-0.77375	6.4305	-2.0138	-1.4519	-0.65804	1.1079	-0.66105	-3.3602	16.289	-78.275	40.413	51.485	-30.219	23.754	-74.812	48.414	12.948	-9.4879	-2.799	-6.2043	7.9807
-7.208	-27.033	0.11663	7.4397	4.96	3.6795	-3.6398	1.0602	4.6646	-0.77978	-2.8195	0.081914	0.34827	-0.066438	-8.7075	-24.162	-99.245	76.983	-38.55	23.703	-22.943	73.36	-70.635	49.361	-54.701	29.598	-30.386	23.784
-7.7115	-13.029	-10.107	6.4634	4.8147	3.8341	0.086922	0.87913	-0.098108	0.98564	-1.582	0.92912	-2.4895	1.6325	-20.141	560.16	-408.93	-39.049	-5.8153	6.1842	149.07	-7.2447	-190.51	70.617	49.498	33.888	-113.51	67.957
-7.214	-19.497	-7.324	6.3292	-0.20695	2.0126	3.5737	-2.1266	3.4353	-0.90019	0.0014105	0.62798	-1.4801	1.1042	19.899	-258.71	111.31	-5.3688	-200.86	-72.863	139.47	-120.23	141.33	-75.433	63.337	-12.045	40.377	-21.131
-5.2744	4.8915	-12.78	3.9773	-4.1213	-0.74193	2.7328	-4.251	4.0704	-1.0523	0.602	1.126	-1.6238	1.4729	77.584	975.54	-218.25	-94.078	-156.57	-110.18	-33.636	-84.975	25.406	-6.0841	24.023	19.92	-5.7467	14.749
-4.272	-17.088	-28.339	16.883	-3.2523	-0.96366	7.2938	-4.3076	5.3888	-1.0723	0.18704	1.7919	-2.3279	2.0548	40.096	-879.19	-622.34	516.25	34.76	-8.8692	182.44	-2.2617	52.735	-0.80166	-16.598	26.637	-28.168	23.276
-4.1057	-22.875	-35.879	14.964	-3.6368	-2.7895	7.6888	-3.8673	4.3344	0.54837	-0.0061091	1.9223	-0.94228	1.6986	6.6516	-231.45	-301.62	-76.778	-15.381	-73.034	15.8	17.612	-42.174	64.828	-7.726	5.2162	55.426	-14.25
-4.7989	-22.35	-35.216	15.229	-1.8644	-0.64096	6.1781	-2.4671	1.1899	0.80487	-0.42994	1.9582	-1.4847	0.85992	-27.729	20.993	26.541	10.6	70.896	85.942	-60.431	56.007	-125.78	10.26	-16.953	1.4339	-21.695	-33.547
-4.9538	-18.898	-34.39	15.591	-3.1349	-1.9582	5.2106	-2.4874	1.2751	0.66045	-0.052752	1.7358	-1.1888	0.69191	-6.1943	138.09	33.04	14.471	-50.82	-52.689	-38.697	-0.81348	3.4061	-5.7765	15.088	-8.896	11.833	-6.7202
-4.311	-3.9122	-26.656	14.412	-1.1356	0.10945	6.0592	-1.7851	3.0986	0.47663	-0.50795	1.9487	-1.2316	0.66877	25.712	599.42	309.36	-47.157	79.971	82.706	33.943	28.091	72.939	-7.3531	-18.208	8.5185	-1.7104	-0.92547
-3.0422	-9.4152	-34.064	12.036	-1.6869	-4.427	7.1476	-2.8583	1.1406	1.162	-2.1226	2.4722	-1.8179	0.92532	50.751	-220.12	-296.34	-95.046	-22.049	-181.46	43.534	-42.928	-78.32	27.415	-64.588	20.939	-23.452	10.262
-2.8614	-6.2893	-34.814	11.657	-2.4512	-5.2197	8.4714	-1.5212	0.90401	1.575	-1.9679	2.2268	-2.1328	-0.52851	7.2312	125.04	-29.984	-15.137	-30.574	-31.709	52.953	53.488	-9.4622	16.521	6.1916	-9.8162	-12.597	-58.153
-3.177	-5.2999	-31.301	11.111	0.14627	-6.3495	5.5563	-3.7984	-0.12258	1.5536	-3.1289	0.9838	-1.8812	-0.35071	-12.621	39.576	140.51	-21.857	103.9	-45.192	-116.6	-91.091	-41.063	-0.85656	-46.44	-49.72	10.064	7.1121
-3.7623	-2.3675	-27.979	9.0489	1.6296	-6.1273	4.9681	-2.241	-0.41017	2.8411	-0.62949	1.0952	-1.7901	-2.2957	-23.412	117.3	132.91	-82.477	59.332	8.89	-23.528	62.296	-11.504	51.5	99.975	4.457	3.6443	-77.798
-4.5685	-1.608	-22.126	7.1505	1.1895	-6.2105	4.4671	-2.5841	-1.923	0.97821	-0.8799	0.16742	0.061301	-2.0201	-32.249	30.378	234.1	-75.938	-17.603	-3.3298	-20.04	-13.725	-60.513	-74.515	-10.017	-37.112	74.056	11.022
-5.8378	-10.667	-17.967	2.3306	3.1882	-1.4332	2.8011	-1.7455	-2.6378	0.0026278	1.651	0.19256	-0.58717	-1.4704	-50.774	-362.36	166.37	-192.8	79.947	191.09	-66.64	33.547	-28.591	-39.023	101.24	1.0057	-25.939	21.988
-4.2937	-4.3407	-0.0036824	0.98931	4.5565	2.0688	1.1349	-1.1613	-0.22732	-1.9262	1.4383	0.97125	-0.20929	-0.25559	61.764	253.06	718.53	-53.65	54.733	140.08	-66.65	23.364	96.418	-77.154	-8.508	31.148	15.115	48.593
-3.482	23.265	8.1141	-8.6403	6.6201	3.3445	-3.3362	2.5358	-5.2559	-0.86785	1.4708	-0.3442	-0.090108	-0.92763	32.47	1104.2	324.71	-385.19	82.546	51.029	-178.84	147.88	-201.14	42.334	1.3008	-52.618	4.7672	-26.882
-3.1968	19.704	8.03	-7.3571	3.4851	3.6493	-4.0823	2.8664	-5.5211	-0.34755	2.3189	-1.0922	1.0316	-1.4404	11.408	-142.44	-3.363	51.329	-125.4	12.193	-29.844	13.226	-10.608	20.812	33.924	-29.918	44.867	-20.509
-3.4642	17.839	8.9732	-6.6712	1.6773	2.5281	-2.6618	2.8269	-4.9864	-1.2874	3.0199	-0.93344	1.6543	-1.1181	-10.698	-74.612	37.725	27.435	-72.315	-44.848	56.822	-1.5811	21.389	-37.596	28.042	6.3487	24.909	12.89
-3.5695	13.669	9.4833	-4.676	0.59217	0.63614	-1.8637	4.0871	-4.3397	-3.1376	3.7769	-1.1256	2.1294	-0.30926	-4.2094	-166.77	20.406	79.807	-43.404	-75.68	31.924	50.41	25.87	-74.008	30.278	-7.6852	19.005	32.354
-3.965	11.878	8.5816	-2.2468	0.43403	-1.3207	-0.97149	3.6496	-2.3159	-3.5351	3.0169	-1.4113	1.8641	0.9963	-15.823	-71.648	-36.07	97.168	-6.3255	-78.271	35.688	-17.5	80.948	-15.897	-30.4	-11.428	-10.611	52.222
-4.1049	6.65	10.366	-1.5676	0.41671	-2.8186	-1.3007	4.9874	-1.6125	-3.2838	2.302	-2.4264	2.6368	1.3337	-5.5951	-209.13	71.368	27.168	-0.69289	-59.918	-13.17	53.511	28.138	10.051	-28.596	-40.605	30.906	13.496
-4.313	1.3704	11.101	0.016802	-0.04961	-2.7918	-2.3312	5.8095	-0.51704	-2.3936	0.13551	-1.7181	1.8385	1.7437	-8.323	-211.19	29.393	63.377	-18.653	1.0738	-41.22	32.883	43.818	35.608	-86.659	28.332	-31.93	16.401
-4.4303	-1.1846	11.425	0.47056	0.22777	-3.1421	-2.7437	4.9974	0.71074	-0.97872	-1.6616	-1.2764	1.2517	1.6619	-4.6911	-102.2	12.984	18.15	11.095	-14.012	-16.499	-32.485	49.111	56.595	-71.886	17.669	-23.473	-3.2728
-4.3932	-1.7642	11.121	1.2331	0.54681	-3.9887	-3.3118	4.5096	1.5177	-0.12984	-1.9118	-1.8193	0.76804	0.96918	1.4823	-23.182	-12.163	30.5	12.762	-33.864	-22.726	-19.511	32.278	33.956	-10.006	-21.717	-19.346	-27.708
-4.4038	-2.3705	11.593	1.4588	0.49689	-4.0412	-4.6485	4.3371	2.4811	-0.0040837	-1.4751	-2.2817	0.14621	1.1223	-0.42273	-24.255	18.865	9.0316	-1.9968	-2.0994	-53.468	-6.9004	38.536	5.0301	17.469	-18.498	-24.873	6.1254
-4.4965	-6.4435	11.977	2.026	2.2084	-3.2754	-6.1957	2.9618	3.2015	0.69517	-1.7664	-1.8591	0.84585	-0.14845	-3.711	-162.92	15.384	22.686	68.462	30.629	-61.888	-55.01	28.817	27.97	-11.654	16.906	27.985	-50.831
-4.9637	-9.5423	11.406	1.7112	2.7103	-3.1553	-5.3648	1.3744	4.1414	0.1166	-1.5053	-0.58739	0.33405	-1.8127	-18.685	-123.95	-22.867	-12.593	20.075	4.8064	33.237	-63.499	37.596	-23.143	10.446	50.868	-20.472	-66.571
-5.8874	-17.522	9.011	-0.48417	1.5913	-0.90307	-2.7486	2.1088	4.4042	-0.44403	-2.3654	0.83899	0.80721	-2.167	-36.951	-319.2	-95.787	-87.814	-44.761	90.088	104.65	29.376	10.511	-22.425	-34.403	57.055	18.926	-14.171
-7.2751	-23.497	5.0569	1.7088	3.2145	1.4621	-1.0768	2.0311	5.9118	-1.6563	-3.5382	0.43647	0.4358	-1.2626	-55.507	-238.98	-158.16	87.719	64.927	94.606	66.874	-3.1076	60.302	-48.492	-46.916	-16.101	-14.856	36.177
-7.2721	-21.731	3.7914	1.3789	3.0335	2.1085	-1.0941	2.1322	4.7904	-1.1033	-3.286	-0.37739	0.68109	-1.2738	0.12052	70.621	-50.621	-13.195	-7.2373	25.855	-0.6935	4.0452	-44.853	22.12	10.091	-32.554	9.8118	-0.44884
-7.1203	-21.662	5.2312	2.6537	0.19947	1.1062	-0.034811	2.2699	3.9968	-0.61504	-2.2807	-1.3528	0.35327	-0.54271	6.0724	2.7617	57.593	50.988	-113.36	-40.092	42.372	5.5082	-31.746	19.532	40.212	-39.018	-13.113	29.243
-5.5153	-10.107	11.52	0.19886	-4.5319	-0.3159	1.8212	0.9259	2.0534	-1.2129	-1.5805	-1.1807	1.4011	0.58169	64.199	462.21	251.56	-98.192	-189.26	-56.882	74.239	-53.76	-77.737	-23.916	28.005	6.885	41.912	44.976
-4.4392	5.0864	11.182	-4.7845	-2.9153	-0.28592	0.19356	2.1424	0.92435	-3.1955	0.2039	0.13742	0.44868	1.0196	43.043	607.73	-13.544	-199.34	64.667	1.199	-65.104	48.66	-45.161	-79.303	71.377	52.725	-38.095	17.517
-4.0059	12.231	9.3775	-7.1358	-1.132	-0.52461	-0.24374	2.3916	-0.86306	-3.2463	1.3046	1.238	1.0047	0.1676	17.336	285.77	-72.166	-94.049	71.328	-9.5474	-17.492	9.9683	-71.497	-2.0335	44.026	44.023	22.241	-34.081
-3.8825	24.243	0.43262	-2.6265	-2.3085	-0.59647	1.1677	-0.31831	0.099098	-3.334	1.9976	2.4596	0.1507	-0.37417	4.9339	480.48	-357.8	180.37	-47.059	-2.8746	56.456	-108.4	38.486	-3.5045	27.722	48.864	-34.16	-21.671
-3.7941	22.414	3.1469	-5.536	-0.6003	-0.44817	0.42231	0.062839	-1.3978	-2.1316	2.7048	1.8312	-0.85046	-0.79731	3.5381	-73.131	108.57	-116.38	68.329	5.9321	-29.814	15.246	-59.877	48.095	28.288	-25.137	-40.046	-16.926
-3.7896	19.692	5.5536	-8.6867	1.5562	-0.14667	-0.97356	0.16063	-2.7354	-0.042553	2.2174	1.8688	-1.9104	-0.98538	0.17775	-108.91	96.267	-126.03	86.26	12.06	-55.835	3.9114	-53.503	83.562	-19.494	1.5077	-42.399	-7.5228
-3.8158	19.641	5.5803	-10.011	2.9065	0.3264	-1.478	-1.0487	-2.6717	1.2272	1.8392	1.3299	-1.9862	-0.72984	-1.0463	-2.0309	1.0691	-52.976	54.013	18.923	-20.179	-48.372	2.5491	50.789	-15.13	-21.559	-3.03	10.222
-3.9634	21.138	3.2998	-9.6469	3.8874	1.3252	-2.4444	-1.6712	-1.6713	1.3237	1.447	0.34746	-1.7948	0.13533	-5.9044	59.892	-91.22	14.568	39.235	39.951	-38.656	-24.899	40.013	3.8631	-15.689	-39.296	7.6571	34.607
-4.4842	18.638	1.514	-7.5867	5.3214	0.83797	-2.9988	-2.3661	-0.62188	2.3027	-0.27572	0.091194	-1.5057	0.56718	-20.833	-100	-71.431	82.408	57.362	-19.488	-22.175	-27.8	41.978	39.159	-68.908	-10.251	11.562	17.274
-5.3917	4.4651	2.4822	-3.8537	6.0885	0.98346	-2.7475	-3.6806	0.31319	3.3079	-1.1316	-1.1525	-0.82356	0.55856	-36.302	-566.92	38.727	149.32	30.683	5.8194	10.05	-52.578	37.403	40.206	-34.235	-49.748	27.286	-0.34484
-6.2946	-14.227	3.5777	2.8248	7.358	-1.3763	-2.8915	-5.2689	3.8379	3.3957	-3.5421	-1.8624	1.6043	-0.20065	-36.113	-747.67	43.822	267.14	50.777	-94.392	-5.7604	-63.532	140.99	3.5142	-96.422	-28.397	97.114	-30.368
-7.4272	-25.979	0.15369	6.4767	8.6525	-2.5876	-1.6399	-3.4195	2.5525	3.7216	-5.3019	-0.9329	2.5007	-0.57529	-45.304	-470.11	-136.96	146.08	51.783	-48.452	50.067	73.975	-51.415	13.034	-70.388	37.182	35.856	-14.985
