-6.48325714285714 -9.03508892857143 -0.667686785714286 1.19194535714286 0.983676428571429 0.168444285714286 0.260140339285714 -0.161564285714286 0.0551392142857144 0.201268928571429 0.271075714285714 0.290680714285714 -0.233869821428571 0.137027714285714 -17.3289 -561.517142857143 148.442871428571 49.7430428571429 -26.1726928571429 28.6687153571429 20.4195964285714 -17.5329967857143 -12.3152132142857 6.30763928571429 -0.154165000000001 -2.83784642857143 17.5961214285714 12.0672821428571
-4.33133308823529 10.7007305147059 3.13328403235294 -1.16929302941176 -2.54699150147059 -0.766437845588235 0.0757808529411766 -0.473741644852941 -0.127701306617647 0.187323301470588 0.14817925757353 0.0565157345588235 0.0163492647058823 0.335145367647059 -1.64815661764706 -53.7435163235294 23.3958228455882 8.27518529411765 -27.1628058823529 -2.35165169117647 13.3281695588235 4.72901073529412 1.46818095588235 1.86936088235294 -1.35403426470588 5.55487130147059 -5.18786073529412 -1.03033022058823
-4.75667093023256 8.66522825581395 2.33738558139535 -0.993642220930233 -0.465775813953488 0.0819737872093024 -0.116293144186047 -0.557221046511628 -0.542005665116279 -0.082253034883721 0.0950521162790697 -0.234631023255814 -0.17215526744186 0.157492210465116 2.07788929069767 51.7123872093023 -59.3806138372093 22.7964534883721 15.5250848837209 -8.49847674418604 -5.98889534883721 -4.17531069767442 6.25862046511628 -0.352189651162791 -0.95287488372093 -9.70280604651163 0.922795794069767 2.64253976744186
-6.05688 -4.335931 -5.453247 -0.34392 3.750784 0.248156488 1.136102 0.678665 -0.756033 0.7076861 0.0286140243 -0.0243560999999999 -0.2009565 0.134546 20.02939 653.332 -272.296 -171.6804 55.78229 -98.8261 20.29367 26.2636 -38.92456 62.56391 18.7407 -22.65232 -9.75609 15.43819
-8.72302352941177 -45.8250588235294 -6.19794429411765 3.00153529411765 3.72157176470588 2.25323594117647 1.20898352941176 1.28846588235294 -1.07241529411765 1.23022 -0.0879676470588236 0.352251176470588 -0.331314352941177 0.296435058823529 -108.025702764706 -1447.4 -246.937764705882 105.840064705882 79.6299529411765 24.4848588235294 57.4961705882353 81.0043470588235 9.82262352941177 40.05029 -3.69279411764706 42.7254352941176 -1.80602941176471 8.65784117647059
-5.47447027027027 -0.919577283783784 2.07373689189189 1.11140427972973 1.98142264864865 0.735090797297297 -0.293349756756757 -0.130639924324324 0.0966926351351351 -0.398716986486486 -0.208868921621622 -0.153642837837838 0.165527189189189 -0.151923493243243 -17.3061964864865 -178.539945945946 -48.5890187837838 34.9973202702703 50.2599310810811 13.4938281081081 -11.5899525675676 9.38115148648649 9.08508851351352 -8.77196175675675 -11.9853555405405 4.89324 -4.72196812162162 2.46429877027027
-6.40058666666667 1.88203126666667 -10.135504 -4.86822 -0.472538666666667 -2.3556936 -0.766276666666667 0.939734666666667 0.472946666666667 -0.0389099333333334 -0.3530062 0.480548133333333 -0.663396 0.426386866666667 177.451866666667 2226.97333333333 127.332633333333 -221.322606666667 -112.588066666667 -129.969133333333 -67.024856 -80.6761933333333 13.40808 -39.9500133333333 8.8045 -2.79887733333333 -11.4626133333333 19.462
-6.58635869565218 -15.1657347826087 -1.15856539130435 3.21453565217391 2.58952202173913 0.56360347826087 0.689734260869565 1.31830284782609 0.408528804347826 -0.308654565217391 -0.916794782608696 -0.0769108260869565 0.219790826086956 -0.467484282608696 -32.1373663043478 -453.009565217391 -95.8240804347826 86.8359856521739 61.2608130434783 25.4398108695652 17.1724130434783 25.4946304347826 8.74309608695652 9.07906717391304 -19.392547826087 2.15071891304348 -5.12392826086956 -3.70613326086957
-4.86064166666667 6.8929245 3.46012466666667 -0.3674497203 -0.957267 -0.292821316666667 -0.261281666666667 -0.677530833333333 0.0176336666666667 0.0181953333333333 -0.0260921833333334 0.131714248333333 0.0616445666666666 -0.215516316666667 -5.10132833333333 -222.949 96.4116878833334 49.6824516666667 -20.933195 23.032536595 19.3154572166667 -4.371165 -4.5029995 -1.25982916666667 0.98858405 4.14693266666667 5.19176633333333 0.401779366666666
-10.0748961538462 -42.9449230769231 -12.8896992307692 3.45995538461538 2.45992588461538 1.20927423076923 2.06550538461538 2.75460434615385 0.707416192307692 0.672372042307692 -0.830159538461539 0.549065384615385 -0.449271307692308 0.101651603846154 -51.9965269230769 -195.195807692308 -264.122653846154 -94.2106230769231 -50.5968119230769 -35.6471680769231 0.862742307692307 20.4755230769231 16.8422730769231 22.3452846153846 11.6222369230769 0.906734615384615 -10.8831 14.5878576923077
-6.11931724137931 3.95571172413793 -3.36928293103448 -2.84715048275862 0.547407586206897 -0.143583793103448 -0.188377931034483 0.286872620689655 -0.0625018275862069 -0.0130137586206897 -0.343276206896552 -0.18352275862069 -0.151673448275862 -0.170162827586207 69.9408086206897 1116.03793103448 169.29824137931 -100.434775862069 -39.9984506896552 -49.6255627586207 -30.4345503448276 -34.0152524827586 -39.4737334482759 -11.8373379310345 5.79835517241379 -28.4910182758621 -3.78725448275862 -11.7343948275862
-5.35678181818182 5.18620654545454 -1.84018472727273 -1.10128743636364 0.0448647272727271 -0.466846836363636 -0.680160709090909 0.0727034872727273 0.0117464363636364 -0.0588267090909091 0.4420796 -0.307654218181818 0.2750586 -0.118170272727273 11.7315741818182 111.430036363636 97.4861890909091 -43.6303909090909 8.34595636363637 7.74984545454546 -2.53058945454545 -4.94811618181818 -10.2065896363636 -4.17981818181818 6.90962163636364 -3.37732909090909 10.7663658181818 -3.386384
-5.08495142857143 8.93195428571429 2.341726 -0.324483617142857 -1.0915258 0.00430914285714288 -0.925868 -0.772816171428571 0.490838571428571 -0.179989085714286 0.422194771428572 -0.237972885714286 0.100105657142857 -0.1889012 39.79658 593.531714285714 54.8878571428572 -62.5782971428571 -23.1730145714286 -11.3275705714286 -38.9449971428572 -21.4081828571429 -3.52608285714286 -6.53331142857143 13.2592874285714 -8.64503428571428 17.5792097142857 -6.63548571428571
-7.5049 -25.4555785714286 -4.90584964285714 2.89968571428571 1.90925917857143 1.02362328571429 0.450576428571429 0.7878945 0.261576071428571 -0.611136178571429 -0.384803642857143 0.252479032142857 -0.396587607142857 -0.261625357142857 -59.5401226785714 -911.078214285714 -76.7080714285714 69.3966785714286 30.4496821428571 36.5048821428571 12.5363492857143 38.8189296428571 16.4937964285714 -9.16086071428571 -14.1546821428571 12.8677035714286 -5.25101642857143 -3.93730714285714
-5.13859649122807 6.60674175438596 -0.600639298245614 0.0169208771929823 -0.784568652631579 -0.335325675438597 -0.51441649122807 -0.0798332982456141 0.46817349122807 0.0393446403508772 0.544738456140351 0.208685280701754 0.268390642105263 -0.0929301175438596 12.3256714035088 258.941228070175 -57.8517629824561 -40.060047368421 -2.3618298245614 -4.71910350877193 -17.2409953508772 -8.9694101754386 0.794287754385965 -0.322026491228071 3.63605614035088 4.32454122807018 2.5885607368421 -7.28268333333333
-6.08154 -6.11135 1.9417 1.085472 0.407809 1.296511 1.5929045 -1.0635657 -1.428848 -0.153326 0.19553 -0.4262711 0.3918413 -0.203841 45.59048 287.7827 414.84 -18.0744 -75.958177 64.4193 18.99494 -89.35737 -35.6771 -20.982649 58.97799 -37.24505 1.57576 -1.85248
