-7.3359	-10.664	-22.451	-1.948	3.853	-5.843	0.7619	2.0349	0.070586	-1.413	0.28262	-0.90732	0.65771	0.041522	0	0	0	0	0	0	0	0	0	0	0	0	0	0
-6.7545	1.1827	-24.227	-0.60387	2.2533	-4.9994	0.43033	1.2718	0.42437	-1.1232	-0.66253	-2.0141	0.48841	0.034426	23.254	473.85	-71.035	53.765	-63.988	33.746	-13.263	-30.526	14.152	11.591	-37.806	-44.272	-6.7718	-0.28384
-6.3687	5.745	-25.15	-0.80108	0.49137	-4.3436	1.5584	4.1298	1.9025	-2.4305	0.40095	-0.49542	-0.051316	0.58247	15.435	182.49	-36.912	-7.8881	-70.477	26.23	45.121	114.32	59.125	-52.291	42.539	60.748	-21.589	21.922
-5.7557	10.38	-28.208	-2.5528	0.23835	-3.9308	-0.17342	4.9581	2.5633	-3.3111	-0.69522	-0.56082	-0.52211	-0.43126	24.517	185.42	-122.32	-70.069	-10.121	16.514	-69.271	33.134	26.432	-35.223	-43.847	-2.6163	-18.832	-40.55
-5.2166	13.23	-30.048	-3.0226	0.35167	-3.3664	-0.35684	3.1406	2.5838	-1.4684	-0.98949	-1.1118	-0.18632	-0.1674	21.565	113.96	-73.599	-18.79	4.5327	22.576	-7.3367	-72.7	0.81804	73.705	-11.771	-22.039	13.431	10.555
-5.0052	15.347	-30.24	-0.67991	-0.038523	-4.0636	0.84436	5.0406	1.812	-1.1665	-0.16493	-2.2771	0.34199	-0.79227	8.4538	84.697	-7.6754	93.706	-15.608	-27.89	48.048	75.998	-30.87	12.078	32.982	-46.614	21.132	-24.995
-4.656	20.553	-28.576	-2.067	-0.95173	-4.897	-0.98803	1.6904	0.52496	-3.6598	-1.9243	-0.50123	1.204	0.74617	13.97	208.25	66.534	-55.485	-36.528	-33.334	-73.296	-134.01	-51.482	-99.734	-70.376	71.037	34.479	61.538
-4.6528	24.533	-28.756	-1.6195	0.3339	-4.6103	-2.7419	1.7573	1.522	-2.2908	-0.64599	-1.6693	0.006706	-0.859	0.12903	159.18	-7.1813	17.903	51.425	11.467	-70.154	2.6781	39.881	54.76	51.134	-46.723	-47.891	-64.207
-4.6224	24.02	-28.106	-1.5918	0.98122	-3.4484	-3.6312	2.5815	2.1491	-1.4009	1.3742	-1.0058	-1.7093	-2.4804	1.2164	-20.529	25.991	1.1074	25.893	46.476	-35.571	32.966	25.084	35.596	80.807	26.54	-68.64	-64.855
-4.8317	22.054	-28.777	-3.1884	0.55628	-2.642	-3.0181	0.79186	1.7348	-2.7396	-0.24387	0.4393	0.17165	-2.2873	-8.3756	-78.62	-26.82	-63.863	-16.997	32.257	24.521	-71.584	-16.572	-53.547	-64.722	57.804	75.237	7.724
-5.2328	20.9	-25.585	-2.8464	-0.18256	-3.714	-1.074	2.2637	0.20883	-4.4801	-0.69069	-0.071812	-0.31612	-2.0253	-16.041	-46.152	127.67	13.68	-29.554	-42.881	77.764	58.874	-61.038	-69.618	-17.873	-20.444	-19.511	10.48
-5.9597	15.582	-24.583	-3.4069	0.89499	-2.0365	-1.0041	1.8372	2.3078	-1.7966	-0.18938	-0.71015	-0.15561	-0.79143	-29.077	-212.72	40.057	-22.422	43.102	67.098	2.7958	-17.06	83.96	107.34	20.052	-25.534	6.4205	49.354
-6.7118	4.9831	-19.805	-3.2595	2.1097	-0.95782	-2.1697	2.2306	4.3734	-1.4613	-0.17433	-0.85337	0.13035	-0.371	-30.083	-423.97	191.16	5.895	48.589	43.149	-46.624	15.735	82.624	13.413	0.602	-5.729	11.438	16.817
-6.6631	-6.5144	-11.574	-0.48844	5.8747	2.2398	-1.1439	2.1526	4.7828	0.19074	1.5945	0.72606	0.5306	0.068083	1.9471	-459.9	329.22	110.84	150.6	127.91	41.034	-3.1195	16.377	66.08	70.753	63.177	16.01	17.563
-5.1413	-5.3281	-0.8352	3.2013	11.417	2.0349	-1.6715	1.7476	0.69671	0.018109	-2.004	0.98673	0.99773	-0.12894	60.872	47.455	429.56	147.59	221.68	-8.197	-21.105	-16.198	-163.44	-6.9051	-143.94	10.427	18.685	-7.8808
-4.4652	8.9405	3.7289	-3.6373	11.259	1.505	-2.3811	1.0612	-0.26081	0.4573	-3.9073	-0.43585	-0.113	-1.609	27.044	570.74	182.56	-273.54	-6.2855	-21.197	-28.387	-27.458	-38.301	17.568	-76.131	-56.903	-44.429	-59.201
-4.0685	7.7971	4.0346	-1.662	9.7558	1.8843	-1.9057	1.0562	-0.059802	0.91982	-4.0361	-0.40809	-0.83699	-1.4536	15.868	-45.734	12.231	79.011	-60.146	15.172	19.017	-0.19943	8.0403	18.501	-5.1535	1.1103	-28.96	6.2153
-4.0452	7.3238	4.0831	-1.7824	10.001	2.3495	-2.4821	1.2778	-0.62625	1.0014	-3.702	-0.44678	-1.0326	-0.91772	0.92977	-18.932	1.9391	-4.8189	9.8147	18.608	-23.056	8.865	-22.658	3.2646	13.366	-1.5477	-7.8252	21.434
-4.1465	9.8067	4.0698	-3.6051	9.9352	3.2894	-3.822	1.7416	-0.050901	0.28284	-3.0519	-0.42114	-0.36258	-1.5588	-4.0493	99.316	-0.53258	-72.905	-2.6404	37.596	-53.596	18.55	23.014	-28.744	26.005	1.026	26.802	-25.644
-4.2608	15.673	0.54371	-4.8356	12.168	0.74508	-2.6035	1.2118	0.62632	0.28172	-2.871	0.36591	-0.29754	-0.88628	-4.5726	234.64	-141.04	-49.223	89.31	-101.77	48.741	-21.192	27.089	-0.044832	7.2342	31.482	2.6017	26.901
-4.4928	18.884	-1.4495	-5.6395	12.471	-0.23958	-2.3396	1.1444	0.728	0.93569	-3.2328	1.4258	-0.23861	-0.098819	-9.2799	128.44	-79.728	-32.155	12.104	-39.386	10.555	-2.6938	4.0671	26.159	-14.471	42.397	2.3572	31.499
-4.9196	15.07	-2.9704	-3.6921	11.58	-0.24058	-2.0953	-0.10721	1.5705	1.1987	-3.4356	2.6867	0.066396	0.058154	-17.073	-152.55	-60.835	77.895	-35.612	-0.040098	9.7718	-50.066	33.701	10.519	-8.1139	50.433	12.2	6.2789
-5.1679	10.141	-4.1011	-0.29393	10.805	-0.076757	-2.8867	-1.2928	2.5813	1.2147	-2.9042	3.0902	-0.82008	-0.3948	-9.9311	-197.15	-45.229	135.93	-31.008	6.5531	-31.653	-47.422	40.431	0.6415	21.256	16.141	-35.459	-18.118
-5.7073	1.6124	-3.5516	3.2923	8.7911	-1.554	-2.4791	-0.39473	4.9032	0.21621	-3.7765	2.9137	-1.4412	0.20852	-21.575	-341.16	21.978	143.45	-80.56	-59.089	16.304	35.921	92.875	-39.94	-34.892	-7.0573	-24.845	24.133
-6.1707	-0.79749	-5.458	4.1532	6.4265	0.61174	-2.2048	0.3282	3.709	-0.17951	-2.912	2.7977	0.29757	0.20899	-18.538	-96.397	-76.254	34.439	-94.582	86.629	10.97	28.917	-47.767	-15.829	34.58	-4.6426	69.551	0.018927
-6.52	0.11992	-7.9171	1.5538	5.5914	0.0508	-1.4314	0.17648	2.0019	1.8076	-2.0861	2.5817	-0.92744	0.58505	-13.97	36.697	-98.365	-103.98	-33.405	-22.438	30.937	-6.0688	-68.283	79.483	33.037	-8.6412	-49	15.042
-6.6965	-1.6791	-9.2394	-1.681	3.7521	-0.34513	-1.1489	1.6527	2.8917	1.709	-1.03	4.2788	-2.0347	0.44786	-7.0615	-71.962	-52.894	-129.39	-73.572	-15.837	11.301	59.048	35.591	-3.9438	42.243	67.886	-44.291	-5.4876
-6.6471	5.4178	-6.2956	0.46954	3.9035	-2.3252	-2.8209	-0.9466	4.5287	2.1447	-1.2108	2.4562	-1.661	0.54863	1.976	283.88	117.75	86.02	6.0586	-79.204	-66.883	-103.97	65.482	17.431	-7.2313	-72.904	14.947	4.0308
-6.4532	2.9993	-7.5143	-1.0417	3.5982	0.25964	-0.19667	-0.95417	3.4033	1.1287	-1.0447	3.8953	-0.80792	1.1177	7.7576	-96.741	-48.746	-60.45	-12.215	103.4	104.97	-0.30272	-45.018	-40.642	6.6416	57.563	34.125	22.764
-5.892	2.0369	-3.8214	0.089262	4.3323	-0.10243	-4.4443	-0.66052	3.4564	2.1382	-0.45781	4.5623	-0.27913	1.453	22.447	-38.493	147.72	45.239	29.366	-14.483	-169.9	11.746	2.1252	40.381	23.478	26.683	21.152	13.411
-5.4474	5.6042	-1.2024	0.11515	5.759	-0.089386	-4.3165	-0.82129	3.7682	2.6446	-0.86901	3.5923	0.045253	1.6863	17.782	142.69	104.76	1.0356	57.067	0.52175	5.1101	-6.4304	12.472	20.256	-16.448	-38.802	12.975	9.3302
-4.6705	11.378	3.6731	-1.9785	3.4296	-1.0348	-3.8672	-0.45412	1.3104	2.3203	-1.0691	3.594	-0.39038	0.86357	31.077	230.94	195.02	-83.745	-93.174	-37.818	17.974	14.687	-98.313	-12.972	-8.0021	0.06759	-17.425	-32.908
-4.1488	14.942	6.7849	-5.2099	3.7952	-0.87138	-3.0911	-2.354	1.0942	1.4324	-0.72663	2.9455	0.14745	0.81065	20.87	142.56	124.47	-129.26	14.621	6.5388	31.043	-75.994	-8.6497	-35.514	13.697	-25.942	21.513	-2.1168
-3.7937	18.892	8.4515	-8.2916	4.1347	-0.84884	-3.4022	-1.9788	0.46483	0.95899	-0.34044	2.6071	-0.52475	0.85464	14.204	158.01	66.664	-123.27	13.582	0.90136	-12.443	15.008	-25.173	-18.939	15.448	-13.536	-26.888	1.7593
-3.2571	23.854	6.9243	-9.5111	4.7094	-1.4443	-4.8077	-1.6256	0.0014328	0.97893	0.30518	1.8604	-0.05852	0.9509	21.461	198.46	-61.088	-48.78	22.988	-23.82	-56.222	14.126	-18.536	0.7976	25.825	-29.865	18.649	3.8508
-3.1982	28.284	6.345	-10.991	4.2831	-1.368	-5.8929	-1.833	-1.0317	2.2771	0.27297	2.6245	-0.25966	1.3127	2.3578	177.23	-23.172	-59.194	-17.053	3.0514	-43.409	-8.2937	-41.324	51.925	-1.2884	30.564	-8.0457	14.47
-3.168	21.387	6.7608	-8.7455	3.6907	-1.5809	-4.9787	-2.6234	-0.81793	3.0933	0.54622	2.6773	-0.26452	1.3441	1.2075	-275.9	16.634	89.817	-23.694	-8.5123	36.568	-31.617	8.5491	32.648	10.93	2.1122	-0.1942	1.2575
-3.4503	20.751	6.0929	-8.5681	4.4703	-1.2388	-5.1314	-2.4042	0.31081	2.0868	0.29308	2.0505	0.030468	1.3721	-11.291	-25.449	-26.717	7.0966	31.183	13.683	-6.1063	8.7699	45.15	-40.259	-10.125	-25.074	11.799	1.12
-3.2549	24.154	7.5678	-10.048	4.973	-1.5007	-6.0049	-1.4847	-0.9077	1.4466	-0.45288	3.135	-0.058346	0.94852	7.8167	136.14	58.997	-59.185	20.107	-10.478	-34.942	36.78	-48.74	-25.607	-29.838	43.38	-3.5526	-16.943
-3.3506	25.366	6.4787	-9.9904	6.3595	-1.1967	-5.9871	-0.87378	-1.2813	0.5065	-0.60451	1.9798	-0.0056461	1.2612	-3.828	48.476	-43.562	2.2929	55.461	12.161	0.71142	24.435	-14.943	-37.605	-6.0652	-46.206	2.108	12.505
-3.7557	24.944	4.6481	-9.1784	8.1091	-0.87179	-5.5456	-0.33514	-1.5401	0.072121	-0.79173	1.0854	-0.39017	0.71925	-16.205	-16.864	-73.227	32.479	69.984	12.997	17.662	21.545	-10.352	-17.375	-7.489	-35.778	-15.381	-21.676
-4.1153	18.163	4.5909	-8.4795	10.862	-0.85429	-5.1615	0.68241	-1.9327	-0.72042	-0.72575	0.3241	-0.49501	0.20538	-14.383	-271.24	-2.2851	27.956	110.12	0.70001	15.363	40.702	-15.707	-31.702	2.6393	-30.451	-4.1934	-20.555
-5.4273	0.4611	2.3815	-5.7209	10.859	0.40315	-4.6174	1.3515	-1.1178	-2.1191	0.51832	-0.91403	-0.53469	0.80906	-52.483	-708.09	-88.376	110.35	-0.13714	50.297	21.763	26.763	32.598	-55.948	49.763	-49.525	-1.5874	24.147
-7.8279	-24.925	-2.7518	-4.3696	7.2782	3.3195	-3.4998	3.65	3.1308	-0.90935	2.5792	-1.7482	0.0044044	1.6381	-96.024	-1015.4	-205.33	54.053	-143.22	116.66	44.705	91.941	169.95	48.391	82.436	-33.369	21.564	33.161
-8.1478	-23.314	-4.6329	-5.4501	8.629	4.7945	-1.6554	4.9639	2.0538	-2.2541	1.2562	-3.7653	-0.83278	1.6752	-12.796	64.428	-75.244	-43.221	54.03	58.999	73.778	52.554	-43.081	-53.789	-52.921	-80.683	-33.487	1.4868
-7.9834	-16.966	-1.3253	-5.746	5.7771	0.42988	-3.9648	5.5229	2.9166	-0.87866	3.0444	-3.0305	0.84089	2.1221	6.5776	253.93	132.3	-11.835	-114.08	-174.58	-92.378	22.362	34.512	55.016	71.526	29.393	66.947	17.874
-7.2601	-16.008	-1.4066	-3.8327	8.6532	1.2145	-3.9365	3.1399	0.29656	-0.90323	3.095	-1.5619	0.89166	0.54422	28.933	38.333	-3.2484	76.533	115.05	31.384	1.1316	-95.319	-104.8	-0.98248	2.0244	58.743	2.0309	-63.115
-7.1274	-7.7624	-3.8395	-3.2936	12.39	2.7939	-3.431	3.2296	-0.15679	-1.7811	1.5152	-3.1681	-0.2216	1.6005	5.3064	329.82	-97.32	21.562	149.49	63.177	20.221	3.5849	-18.134	-35.114	-63.192	-64.245	-44.53	42.249
-6.6543	-4.7418	-5.1596	-1.9611	9.862	2.8667	-1.8819	1.1565	0.6583	-1.6302	0.76215	-2.5293	-0.32395	1.2123	18.926	120.82	-52.801	53.299	-101.14	2.913	61.967	-82.921	32.604	6.0336	-30.121	25.549	-4.094	-15.526
-6.2263	-3.4569	-5.9487	-2.1113	10.508	2.5609	-1.617	0.4976	0.6768	-1.7675	0.034508	-3.5035	0.16237	0.72255	17.119	51.396	-31.565	-6.0048	25.85	-12.233	10.594	-26.357	0.74011	-5.492	-29.106	-38.966	19.453	-19.59
-6.0149	7.606	-1.9113	-6.1273	9.1633	3.5374	-2.6622	-0.169	0.32727	-1.3802	-0.43775	-2.2978	0.71474	0.28868	8.4561	442.52	161.5	-160.64	-53.797	39.061	-41.806	-26.664	-13.981	15.492	-18.89	48.226	22.095	-17.354
-5.6442	-7.3987	2.0973	-1.2142	10.889	5.1639	-3.6877	-1.8849	-0.44531	-0.3362	-0.80376	-2.5234	1.8138	0.067635	14.83	-600.19	160.34	196.53	69.03	65.059	-41.021	-68.634	-30.904	41.761	-14.64	-9.0249	43.963	-8.842
-5.598	-10.524	7.1277	2.2783	4.1081	3.3724	-2.6444	-3.1609	0.15394	0.99859	-0.66346	-2.7152	1.3176	-0.34767	1.8454	-124.99	201.22	139.7	-271.24	-71.659	41.73	-51.044	23.97	53.391	5.6119	-7.6692	-19.848	-16.612
-5.337	-9.9114	8.3022	3.3487	1.6144	2.2044	-0.46848	-3.26	-1.7168	1.6727	0.013406	-2.8353	0.68526	0.32253	10.44	24.487	46.981	42.816	-99.746	-46.722	87.038	-3.9628	-74.831	26.965	27.075	-4.8035	-25.295	26.808
-5.1606	-10.437	9.6298	3.9096	1.7039	0.55075	-1.2811	-1.9315	-2.1566	0.60983	0.97731	-2.4705	0.79068	0.50964	7.0576	-21.018	53.105	22.438	3.5794	-66.145	-32.504	53.141	-17.593	-42.515	38.556	14.589	4.217	7.4846
-5.1715	-7.8171	9.3373	2.8276	2.1447	1.3886	-1.2927	-2.7655	-1.558	0.70821	0.95676	-2.2391	0.73129	0.4235	-0.43606	104.79	-11.7	-43.279	17.631	33.513	-0.46361	-33.361	23.945	3.9352	-0.82205	9.2588	-2.3754	-3.4457
-5.2805	-8.6899	9.6624	1.895	2.4408	2.9541	-2.315	-1.6217	-1.084	-0.6749	1.2722	-1.8164	-0.35036	0.29652	-4.3594	-34.916	13.001	-37.305	11.846	62.619	-40.893	45.752	18.962	-55.325	12.616	16.906	-43.266	-5.0792
-5.659	-11.901	7.4268	1.1923	4.3027	2.9954	-1.3723	-1.2905	-0.85185	-0.73497	0.82798	-1.6327	-0.87997	0.57195	-15.141	-128.44	-89.42	-28.107	74.475	1.6514	37.706	13.249	9.2849	-2.4026	-17.767	7.3469	-21.184	11.017
-6.5654	-10.595	-0.88333	2.7355	4.9251	2.222	-2.2508	-0.4614	1.7145	-0.17823	-0.77048	-0.64684	0.2197	-0.18015	-36.258	52.258	-332.41	61.726	24.896	-30.936	-35.14	33.164	102.65	22.27	-63.938	39.436	43.987	-30.084
-7.9906	-30.059	-0.019509	2.6653	0.48461	2.525	0.41227	2.0783	4.5114	-0.96076	-1.1398	-0.72376	-0.26438	0.29346	-57.007	-778.59	34.553	-2.8067	-177.62	12.122	106.52	101.59	111.88	-31.301	-14.773	-3.0768	-19.363	18.944
-8.8103	-53.036	-2.9142	9.3478	2.9625	8.282	3.9321	2.2749	3.5165	-2.6621	-1.0516	-2.6648	-0.045977	-0.7604	-32.788	-919.06	-115.79	267.3	99.114	230.28	140.79	7.8636	-39.795	-68.055	3.5281	-77.641	8.736	-42.155
-9.0142	-56.362	-5.7803	10.061	4.6179	7.0903	5.7393	3.8782	2.2552	-2.4577	-0.5963	-1.4948	-1.3901	-0.43394	-8.1568	-133.03	-114.64	28.518	66.216	-47.67	72.291	64.129	-50.45	8.1787	18.212	46.8	-53.765	13.059
-9.3852	-57.268	-7.7056	8.4661	3.0161	6.5043	6.1681	4.8452	2.3986	-1.4025	1.9429	0.75839	-1.4518	-1.085	-14.839	-36.239	-77.011	-63.784	-64.072	-23.442	17.151	38.681	5.7363	42.209	101.57	90.127	-2.4684	-26.043
-6.0271	13.739	-9.7342	-9.2228	-0.41715	-0.24691	-2.7315	3.0254	3.4089	-4.7423	3.1594	-0.7226	-0.90505	1.0819	134.32	2840.3	-81.144	-707.56	-137.33	-270.05	-355.99	-72.79	40.412	-133.6	48.661	-59.24	21.871	86.677
-5.8229	21.448	-12.131	-7.6473	0.91957	-1.3696	-1.6428	2.7469	3.2194	-4.0089	2.2394	-0.0040516	-1.179	1.2805	8.1682	308.37	-95.865	63.021	53.469	-44.908	43.55	-11.142	-7.5797	29.337	-36.8	28.742	-10.958	7.9441
-5.7674	14.037	-8.6634	2.6674	3.0633	1.124	0.25706	-1.5989	0.61886	-3.5986	3.2497	-0.60754	0.25509	0.17533	2.2181	-296.44	138.7	412.59	85.751	99.744	75.994	-173.83	-104.02	16.415	40.411	-24.14	57.364	-44.208
-5.2449	18.983	-2.8805	0.068878	1.094	1.8436	-0.27687	-3.7667	-0.062907	-3.0081	3.4551	-0.81435	1.127	0.4318	20.9	197.84	231.32	-103.94	-78.774	28.784	-21.357	-86.711	-27.271	23.619	8.216	-8.2724	34.878	10.259
-4.6802	6.3355	8.9211	-4.9978	1.5184	0.37985	-0.85124	-1.5058	-2.6005	1.2494	1.6766	0.42799	1.7079	-0.81284	22.591	-505.89	472.06	-202.67	16.976	-58.549	-22.975	90.436	-101.5	170.3	-71.137	49.693	23.233	-49.786
-4.4745	7.1873	10.633	-3.5263	-1.7461	-1.0325	0.20116	-1.2085	-3.4451	2.2008	2.1203	0.11734	1.7419	-0.56368	8.226	34.071	68.495	58.86	-130.58	-56.492	42.096	11.89	-33.785	38.054	17.747	-12.426	1.3611	9.9663
-4.2914	7.174	12.43	-3.7808	-4.0373	-0.68318	-0.90955	-0.22343	-2.0236	1.0479	1.8871	1.1231	1.4738	-0.45183	7.3246	-0.5345	71.846	-10.179	-91.644	13.971	-44.428	39.405	56.861	-46.115	-9.3307	40.231	-10.725	4.4743
-4.0454	8.1364	13.522	-3.4931	-6.8209	-0.63726	-0.82551	0.22594	-1.0458	1.2006	1.1434	1.1429	1.6757	-0.47428	9.8397	38.499	43.675	11.509	-111.34	1.8366	3.3616	17.975	39.111	6.1094	-29.745	0.79054	8.0775	-0.89811
-3.5141	16.57	10.006	-1.0051	-10.646	-0.46289	-1.2997	1.1963	-1.0204	1.636	1.4162	-0.25719	2.7739	-1.128	21.251	337.33	-140.62	99.52	-153	6.9751	-18.968	38.814	1.0154	17.413	10.912	-56.003	43.93	-26.148
-3.2458	15.076	13.353	-3.6172	-9.7081	-1.8973	-0.34761	0.47052	-0.75904	2.2648	1.2027	-0.50227	2.3388	-0.13545	10.732	-59.765	133.86	-104.48	37.517	-57.375	38.084	-29.031	10.455	25.155	-8.542	-9.8032	-17.405	39.701
-3.0959	16.562	15.134	-6.1715	-8.8924	-2.8121	0.10602	0.68521	-1.8649	2.6708	1.5823	-0.30786	1.3546	0.67191	5.9969	59.437	71.248	-102.17	32.624	-36.595	18.145	8.5875	-44.233	16.238	15.184	7.7763	-39.37	32.294
-2.959	20.102	12.582	-3.8628	-10.993	-2.4025	-0.43361	2.5852	-3.6207	2.8808	1.5965	-0.4584	2.1912	-0.72623	5.4786	141.63	-102.05	92.348	-84.042	16.387	-21.585	75.999	-70.234	8.4014	0.56888	-6.0218	33.465	-55.926
-2.8205	19.379	14.187	-5.5206	-10.01	-3.1361	1.0425	1.9036	-3.2503	2.3485	2.0907	-0.31178	1.5826	-0.20945	5.5402	-28.928	64.188	-66.311	39.323	-29.346	59.046	-27.263	14.815	-21.291	19.767	5.8647	-24.344	20.672
-2.9392	18.166	15.519	-6.7159	-8.9079	-4.3381	2.5681	1.453	-3.7883	1.9819	2.2634	0.039789	0.49884	0.40378	-4.7519	-48.525	53.296	-47.815	44.101	-48.079	61.023	-18.024	-21.519	-14.663	6.9069	14.063	-43.35	24.529
-3.0295	19.324	14.949	-6.7868	-9.6353	-3.4081	2.8586	1.7094	-5.4645	2.2501	2.0591	0.66862	0.68984	-0.52303	-3.6091	46.331	-22.822	-2.8346	-29.097	37.2	11.618	10.257	-67.049	10.725	-8.1693	25.153	7.6399	-37.072
-3.1513	16.621	14.905	-6.6513	-9.2966	-3.9281	4.1839	1.3412	-6.3821	2.2192	2.1819	1.236	0.36519	-0.64412	-4.8721	-108.13	-1.7495	5.4204	13.549	-20.802	53.012	-14.729	-36.704	-1.2365	4.9103	22.695	-12.986	-4.8434
-3.7167	11.228	14.503	-4.4666	-9.99	-2.8475	5.522	0.57384	-6.1228	1.5308	2.1936	1.9176	0.064135	-1.0453	-22.618	-215.73	-16.073	87.388	-27.736	43.224	53.527	-30.695	10.375	-27.536	0.4668	27.265	-12.042	-16.049
-4.7679	0.82562	12.622	-1.5079	-8.2093	-3.2934	7.0658	0.095408	-6.5361	1.5545	2.6536	1.8035	0.11993	-1.5872	-42.047	-416.09	-75.266	118.35	71.228	-17.835	61.751	-19.137	-16.532	0.94949	18.403	-4.5667	2.2319	-21.673
-6.3412	-19.606	7.4944	1.9001	-7.2495	-1.1	5.9819	1.0866	-4.6164	0.47095	3.042	2.0469	0.86172	-1.098	-62.933	-817.26	-205.09	136.32	38.39	87.736	-43.358	39.646	76.789	-43.342	15.537	9.7375	29.672	19.566
-8.7049	-47.03	-5.0905	2.9115	-4.3528	1.5037	2.8554	0.88171	-1.0657	-1.7477	2.5153	2.1779	1.4234	-0.88412	-94.545	-1097	-503.39	40.454	115.87	104.15	-125.06	-8.194	142.03	-88.746	-21.07	5.241	22.467	8.5561
-12.357	-63.342	-16.75	2.5017	-3.2844	1.8955	3.4957	3.6977	3.0941	-1.4798	2.3182	0.39675	-1.2037	-1.0667	-146.1	-652.49	-466.37	-16.391	42.736	15.672	25.611	112.64	166.39	10.716	-7.8849	-71.247	-105.08	-7.3026
-12.655	-64.562	-17.842	3.4567	-3.4364	0.69238	2.1774	3.5134	3.1652	0.56587	2.226	0.23222	-0.86798	0.70689	-11.905	-48.773	-43.675	38.2	-6.0787	-48.124	-52.733	-7.3717	2.8428	81.827	-3.688	-6.5811	13.427	70.943
-12.793	-62.825	-21.093	0.29968	-2.7737	2.4372	1.2523	1.8613	1.0018	-0.93642	1.669	2.9964	0.42636	0.096747	-5.5251	69.464	-130.07	-126.28	26.508	69.794	-37.004	-66.082	-86.537	-60.091	-22.278	110.57	51.774	-24.406
-6.4511	-20.564	-3.7838	-8.3671	-6.8291	0.052111	0.81432	-0.53406	0.080436	-0.19561	-0.32384	0.91467	-0.86464	0.071476	253.68	1690.4	692.38	-346.67	-162.22	-95.404	-17.518	-95.815	-36.853	29.632	-79.714	-83.268	-51.64	-1.0108
-5.9759	19.607	-1.2633	-9.9525	-5.6084	-0.35939	0.98636	-0.74761	-0.57166	1.1001	-1.7627	1.8732	-2.0141	-0.076134	19.005	1606.8	100.82	-63.413	48.826	-16.46	6.8814	-8.5418	-26.084	51.828	-57.553	38.343	-45.98	-5.9044
-5.5031	20.23	-13.842	-2.2954	-6.1752	-1.4371	2.0776	-1.4845	1.3472	0.27688	-0.58202	-0.2171	0.11903	-0.16803	18.915	24.944	-503.16	306.28	-22.671	-43.109	43.65	-29.474	76.756	-32.928	47.226	-83.613	85.327	-3.6758
-5.4167	21.662	-23.641	0.37539	-2.993	-2.7666	1.4725	-2.5646	0.37	-1.5614	-1.4842	0.56275	-1.2003	0.7912	3.4568	57.271	-391.94	106.83	127.29	-53.177	-24.204	-43.205	-39.089	-73.531	-36.086	31.194	-52.775	38.369
-5.2533	15.438	-30.52	-1.884	-5.4011	-1.3436	3.2263	-2.2396	3.9201	1.1648	0.31881	1.3732	-0.89081	1.3211	6.5347	-248.96	-275.15	-90.375	-96.324	56.919	70.152	12.997	142.01	109.05	72.119	32.417	12.381	21.197
-5.2837	15.092	-28.81	-0.24435	-6.3839	-1.7903	0.098968	-1.8505	2.459	-0.65541	0.6267	0.31663	-1.4478	2.0944	-1.2156	-13.823	68.401	65.586	-39.313	-17.869	-125.09	15.566	-58.447	-72.808	12.316	-42.262	-22.279	30.929
-5.325	15.663	-29.108	1.0545	-5.3755	-1.7618	-0.68287	-2.556	1.6211	-2.3152	1.3346	-1.0465	-1.5602	1.0198	-1.653	22.829	-11.943	51.954	40.338	1.1424	-31.274	-28.222	-33.515	-66.391	28.317	-54.524	-4.4973	-42.984
-5.1755	16.493	-29.602	2.659	-6.5363	-1.929	0.80432	-1.2691	0.72478	-1.558	0.10909	-1.458	-1.8635	0.27535	5.9791	33.209	-19.743	64.182	-46.431	-6.6882	59.488	51.476	-35.853	30.286	-49.021	-16.462	-12.131	-29.776
-5.0637	11.79	-31.553	2.4867	-6.6653	-0.68825	1.2036	-0.24256	2.3313	-0.6308	2.7937	1.6332	-0.87709	1.1085	4.4729	-188.14	-78.048	-6.8923	-5.1616	49.628	15.971	41.063	64.259	37.089	107.38	123.65	39.456	33.326
-5.1889	12.629	-31.543	1.8926	-6.6377	0.22527	-0.084395	-0.34445	1.2375	-0.45972	1.494	-0.84722	-1.8778	-0.17143	-5.0097	33.575	0.4103	-23.766	1.1041	36.541	-51.519	-4.0755	-43.752	6.8429	-51.987	-99.219	-40.03	-51.197
-5.2013	11.802	-30.68	2.059	-5.7491	-0.31832	0.70425	-1.0862	2.456	-0.98312	1.5901	-1.8251	-1.7041	1.1768	-0.49543	-33.094	34.507	6.6559	35.543	-21.744	31.546	-29.669	48.741	-20.936	3.8453	-39.113	6.9476	53.928
-5.4473	13.14	-28.832	3.4448	-5.9314	-2.68	-0.75603	-0.44193	2.6748	-2.0527	1.4006	0.13319	-1.2376	0.71572	-9.8379	53.51	73.93	55.434	-7.2913	-94.466	-58.411	25.769	8.7538	-42.785	-7.5835	78.33	18.662	-18.442
-5.6112	13.056	-28.881	1.7694	-6.8013	-3.2171	-0.28362	1.0399	3.8875	-1.5152	2.1794	-0.85183	-1.0453	0.41233	-6.5563	-3.3326	-1.972	-67.018	-34.794	-21.485	18.896	59.272	48.508	21.504	31.154	-39.401	7.6919	-12.136
-6.034	10.497	-27.199	0.91976	-6.7377	-2.0761	0.57432	-0.18429	4.1392	-0.85539	1.9013	0.32854	-1.3482	-0.049704	-16.912	-102.38	67.278	-33.986	2.5437	45.641	34.318	-48.967	10.065	26.391	-11.124	47.215	-12.117	-18.481
-7.0192	3.7523	-25.07	-0.2936	-4.5846	-0.95788	2.2025	-1.1456	1.3148	-0.49213	-0.062595	-1.8417	-1.1983	-0.63125	-39.407	-269.78	85.181	-48.534	86.124	44.727	65.128	-38.45	-112.98	14.531	-78.557	-86.811	5.9982	-23.262
-7.4435	-6.7086	-16.484	3.147	0.78664	0.36602	3.9346	-0.23018	0.4655	0.11265	-0.81196	-0.3586	-0.43602	-0.51542	-16.975	-418.43	343.41	137.63	214.85	52.956	69.285	36.615	-33.972	24.191	-29.975	59.325	30.49	4.633
-5.3194	-0.68898	1.4356	1.3634	4.2818	0.74624	2.4608	-0.18843	-2.8282	1.0894	-0.54822	0.23325	0.7997	-0.88494	84.964	240.78	716.79	-71.346	139.81	15.209	-58.953	1.6698	-131.75	39.072	10.55	23.674	49.429	-14.781
-4.4796	20.911	3.2753	-8.097	7.5291	0.79877	1.1538	0.28846	-5.076	1.5305	-1.4741	0.095069	0.19467	-1.636	33.594	864	73.588	-378.42	129.89	2.1013	-52.282	19.076	-89.911	17.641	-37.033	-5.5272	-24.201	-30.043
-4.156	19.557	4.5664	-8.4995	7.2576	0.89603	2.2512	-0.32042	-5.0885	0.9637	-1.3884	-0.04032	-0.21919	-1.4824	12.946	-54.147	51.645	-16.1	-10.864	3.8902	43.896	-24.355	-0.50036	-22.671	3.428	-5.4155	-16.554	6.1426
-4.0886	15.868	6.2837	-7.1722	5.4262	1.1583	1.7151	0.49475	-4.6912	0.61024	-1.3599	-0.073278	-0.14743	-1.3437	2.6959	-147.59	68.69	53.09	-73.253	10.491	-21.441	32.607	15.892	-14.138	1.1396	-1.3183	2.8702	5.5495
-4.3275	14.264	7.0629	-6.8057	4.8927	0.7165	2.1631	0.68558	-4.333	0.094159	-1.4618	-0.0025517	0.34901	-1.3827	-9.5588	-64.134	31.171	14.66	-21.339	-17.672	17.919	7.6334	14.329	-20.643	-4.0778	2.829	19.858	-1.561
-4.3798	10.244	7.9721	-5.2734	3.339	0.81858	2.8897	0.18474	-3.3181	-0.34983	-2.0381	0.49282	0.45174	-1.2546	-2.0906	-160.82	36.365	61.294	-62.149	4.0834	29.064	-20.034	40.595	-17.76	-23.051	19.815	4.109	5.1245
-4.6203	6.0677	9.3346	-4.9848	2.6048	1.6725	2.6243	0.20546	-3.4716	-0.24022	-1.7118	-0.19343	1.1642	-1.6476	-9.6206	-167.04	54.501	11.546	-29.368	34.155	-10.616	0.82902	-6.138	4.3842	13.05	-27.45	28.499	-15.72
-4.8068	3.7883	8.4043	-4.7025	3.3424	1.3975	3.0991	0.74687	-4.5123	0.13301	-1.1359	-0.62206	1.0459	-1.6494	-7.4612	-91.177	-37.211	11.292	29.502	-10.997	18.992	21.656	-41.63	14.929	23.038	-17.145	-4.7321	-0.070613
-4.9845	3.9915	6.6751	-5.0883	4.619	1.6391	2.691	1.0643	-4.975	0.19814	-0.28613	-1.1601	0.37641	-1.5075	-7.1071	8.1267	-69.169	-15.433	51.065	9.6625	-16.324	12.699	-18.507	2.6052	33.99	-21.523	-26.779	5.6773
-5.5544	1.4663	5.2326	-5.0668	4.5488	4.2248	1.296	0.17902	-2.2811	-1.1234	0.93435	-1.2178	-1.2	-0.23936	-22.797	-101.01	-57.699	0.8595	-2.8099	103.43	-55.8	-35.413	107.76	-52.861	48.819	-2.3078	-63.055	50.724
-6.4659	-5.044	-2.477	-2.3667	2.8196	5.5988	1.7837	-1.2906	-0.84256	-0.72314	-0.1577	0.36466	-2.1702	-0.56814	-36.46	-260.41	-308.39	108.01	-69.168	54.961	19.508	-58.783	57.54	16.01	-43.682	63.299	-38.811	-13.151
-8.2655	-31.417	-3.4149	-0.88364	0.72157	6.3716	1.8178	-0.17566	1.6359	0.69549	0.37344	0.13793	-0.5731	0.62669	-71.981	-1054.9	-37.514	59.321	-83.92	30.911	1.3634	44.596	99.14	56.745	21.245	-9.0691	63.885	47.793
-8.9004	-31.957	-12.532	4.1705	6.0732	3.8571	0.47597	2.4695	0.16357	-0.63952	1.6363	-0.85452	0.41147	0.31789	-25.399	-21.607	-364.68	202.17	214.06	-100.58	-53.672	105.81	-58.895	-53.4	50.515	-39.698	39.383	-12.352
-7.3529	-6.4582	-9.2284	2.3014	5.2985	2.9817	0.96115	-0.86846	-0.76363	0.68795	0.24036	-2.4797	-0.48341	-0.90242	61.9	1019.9	132.14	-74.764	-30.989	-35.014	19.407	-133.52	-37.088	53.099	-55.838	-65.005	-35.796	-48.812
-6.5458	-8.0282	-3.175	4.186	6.9916	0.85789	1.1744	-2.2643	-0.054624	0.37403	-0.21326	-1.3529	-0.63009	-0.82113	32.286	-62.803	242.13	75.382	67.725	-84.953	8.532	-55.834	28.36	-12.557	-18.145	45.069	-5.867	3.2516
-6.216	-4.7833	2.5582	2.7671	3.3777	1.1178	-1.3893	-1.6838	-0.29281	1.2556	-1.6115	-0.049042	-0.52598	0.28981	13.189	129.8	229.33	-56.754	-144.55	10.397	-102.55	23.221	-9.5273	35.264	-55.93	52.156	4.1645	44.438
-6.0301	-3.8951	1.8512	1.7544	4.9728	1.0879	-2.7652	-1.2451	0.31422	3.5321	-1.2746	-0.44635	0.96508	-0.51382	7.4364	35.528	-28.279	-40.51	63.803	-1.1956	-55.038	17.549	24.281	91.06	13.477	-15.892	59.642	-32.145
-5.948	-4.0551	1.1891	3.1953	4.7931	1.8794	-4.5943	-0.65075	0.069017	3.6189	-1.1926	0.38006	0.061487	-0.44415	3.2847	-6.3985	-26.484	57.636	-7.1882	31.659	-73.16	23.773	-9.8082	3.47	3.2778	33.057	-36.144	2.7869
-5.9101	-1.2517	0.25038	2.9796	6.633	0.12745	-4.4223	0.99665	0.089699	1.3354	-1.19	0.93753	0.31427	-0.10606	1.5164	112.13	-37.551	-8.6271	73.595	-70.077	6.8769	65.896	0.82727	-91.339	0.10727	22.299	10.111	13.524
-5.931	-2.8928	-0.69038	3.9805	8.0569	-0.30757	-3.622	-1.337	1.1286	3.2839	-2.4628	1.04	0.53543	-0.064714	-0.83424	-65.642	-37.63	40.036	56.956	-17.401	32.014	-93.346	41.555	77.938	-50.915	4.0978	8.8465	1.6539
-6.0301	-7.8086	0.68553	5.2554	6.938	-0.31892	-4.8616	0.24532	2.863	3.2893	-3.5451	-0.29951	1.5342	-0.17679	-3.9673	-196.63	55.036	50.994	-44.755	-0.45386	-49.585	63.293	69.376	0.21695	-43.292	-53.58	39.949	-4.483
-6.1313	-7.0866	-0.14005	3.2694	8.6687	-0.051283	-3.6347	-0.9417	3.136	3.7401	-2.9332	-1.0134	1.0262	0.64982	-4.0478	28.878	-33.023	-79.44	69.228	10.705	49.076	-47.481	10.922	18.032	24.479	-28.557	-20.319	33.064
-6.2065	-11.267	-0.043084	4.8483	8.1737	-0.062088	-3.112	0.51505	2.3882	1.8932	-2.1671	0.12781	1.8372	-1.0544	-3.0075	-167.22	3.8786	63.157	-19.801	-0.4322	20.908	58.27	-29.913	-73.877	30.641	45.65	32.442	-68.17
-6.6449	-16.973	0.090458	5.1892	8.3103	1.6091	-3.7809	1.2484	3.3214	1.7027	-3.1546	-0.27702	3.2828	-1.4652	-17.536	-228.23	5.3417	13.634	5.4674	66.849	-26.755	29.332	37.327	-7.6213	-39.498	-16.193	57.822	-16.433
-6.8144	-24.629	-0.55245	6.7541	6.5201	1.8489	-0.46249	1.7628	3.7907	1.1502	-2.9719	-1.3783	2.48	-1.6588	-6.7774	-306.24	-25.716	62.596	-71.609	9.5896	132.74	20.577	18.774	-22.1	7.3078	-44.053	-32.11	-7.7414
-6.9952	-29.88	0.95656	8.6446	4.3556	1.2095	4.3297	-0.38255	1.9071	0.7897	-2.3053	-0.96127	0.10718	-1.7119	-7.2337	-210.02	60.36	75.62	-86.579	-25.576	191.69	-85.813	-75.345	-14.419	26.662	16.683	-94.914	-2.1238
-6.9963	-34.531	2.5284	10.643	3.6245	2.3132	2.9194	-0.71131	2.9497	-0.77868	-1.6149	-0.20807	-0.78418	-1.1008	-0.043223	-186.04	62.874	79.95	-29.247	44.151	-56.413	-13.15	41.705	-62.735	27.617	30.128	-35.654	24.442
-7.0889	-32.166	1.7088	9.6431	2.2967	2.4886	5.0626	0.26891	1.4928	-1.2649	-2.357	0.37883	-0.86102	-0.31512	-3.7056	94.591	-32.785	-40.01	-53.112	7.014	85.731	39.209	-58.277	-19.45	-29.684	23.476	-3.0738	31.428
-7.2078	-30.874	1.4902	8.4555	1.1316	3.196	4.5059	-1.1834	2.4026	-0.77009	-2.3024	0.71173	-0.94255	-0.67411	-4.7535	51.657	-8.7422	-47.504	-46.601	28.295	-22.271	-58.094	36.39	19.794	2.183	13.316	-3.2613	-14.36
-7.2913	-32.084	2.1492	7.9718	1.3398	3.7229	4.2234	-1.6735	3.2258	-0.66171	-2.4983	-0.47474	-0.53923	-0.041064	-3.3431	-48.376	26.359	-19.346	8.3263	21.078	-11.299	-19.602	32.929	4.3353	-7.8344	-47.459	16.133	25.322
-7.517	-34.434	2.5221	7.6489	1.3251	5.1441	3.3813	-0.45345	2.3628	-1.4267	-0.8085	-1.7398	-0.37125	-0.091733	-9.0247	-94.008	14.916	-12.915	-0.58657	56.847	-33.685	48.802	-34.517	-30.6	67.591	-50.601	6.719	-2.0268
-7.7321	-39.188	3.3621	8.7161	0.71389	4.6953	3.5897	0.14044	1.9118	-0.28908	-1.0546	-2.2225	-0.89048	-0.21349	-8.6059	-190.16	33.598	42.686	-24.449	-17.953	8.3355	23.756	-18.041	45.505	-9.8455	-19.31	-20.769	-4.8704
-8.0972	-41.018	-0.46088	8.7204	3.1498	5.2145	3.2885	0.72563	1.6244	-0.017129	-1.6719	-2.3215	-1.2841	0.65693	-14.605	-73.215	-152.92	0.17034	97.436	20.769	-12.047	23.408	-11.495	10.878	-24.692	-3.9597	-15.745	34.817
-8.6603	-47.793	-5.1702	10.167	5.7117	5.1692	4.842	0.59701	1.3495	-0.87412	-1.9055	-1.3175	-0.92495	0.23831	-22.523	-271	-188.37	57.85	102.48	-1.8103	62.14	-5.1447	-10.999	-34.28	-9.3427	40.161	14.366	-16.745
-6.7282	-23.532	-0.079595	-2.7851	-4.4666	0.22119	4.1942	2.2768	1.3469	0.65689	0.44929	0.53196	-0.42344	0.22162	77.285	970.46	203.62	-518.07	-407.13	-197.92	-25.911	67.193	-0.10118	61.24	94.191	73.978	20.06	-0.66741
-5.9048	12.531	0.79036	-9.5385	-5.8967	-4.8193	2.4744	-0.38312	-0.93779	0.082974	-1.2208	0.41066	-1.2319	0.045864	32.936	1442.5	34.798	-270.14	-57.203	-201.62	-68.793	-106.4	-91.389	-22.957	-66.804	-4.8521	-32.339	-7.0303
-5.8075	9.5004	2.2581	-5.5852	-5.955	-2.8461	2.628	-0.97197	-1.4578	-1.6602	-0.46233	-1.3621	-3.0178	-2.1745	3.8908	-121.23	58.708	158.13	-2.3327	78.929	6.1459	-23.554	-20.8	-69.729	30.339	-70.91	-71.435	-88.816
-6.514	-0.50376	-6.8699	-5.0406	-3.32	0.97322	3.5686	-0.6758	-2.1729	-1.2424	2.1086	2.5205	-1.1629	0.59258	-28.259	-400.17	-365.12	21.786	105.4	152.77	37.622	11.847	-28.605	16.713	102.84	155.31	74.195	110.68
-5.9865	3.5697	-0.20733	-0.94032	-1.7103	3.6697	5.0074	0.0019716	-1.7636	-3.3058	0.20139	0.20965	-0.65149	-0.68507	21.1	162.94	266.5	164.01	64.388	107.86	57.552	27.111	16.375	-82.533	-76.29	-92.436	20.457	-51.106
-5.4094	-3.0341	10.12	-2.7232	-1.9065	3.477	5.0131	-1.5704	-2.6543	-2.2551	1.5038	-1.5197	-0.6752	-0.1802	23.083	-264.15	413.08	-71.317	-7.845	-7.7073	0.22778	-62.893	-35.632	42.027	52.095	-69.174	-0.94864	20.195
-5.0817	-2.0289	11.493	-2.7134	-3.0017	3.6592	5.9806	-0.78788	-3.3907	-1.6395	1.7158	-1.4655	-1.2411	-0.18601	13.107	40.208	54.957	0.39515	-43.81	7.2872	38.7	31.299	-29.456	24.623	8.481	2.1687	-22.635	-0.23243
-4.8947	0.32049	10.76	-3.4219	-2.2238	4.3945	5.5233	-0.61628	-4.0205	-1.0831	1.9427	-2.1651	-1.3644	0.33213	7.4817	93.976	-29.327	-28.341	31.115	29.412	-18.292	6.8641	-25.191	22.256	9.0763	-27.985	-4.9342	20.726
-4.7019	3.3645	10.125	-5.7745	0.1752	5.1469	3.6984	0.026814	-4.7262	0.0087571	2.0899	-2.457	-1.5845	0.13067	7.7122	121.76	-25.404	-94.103	95.962	30.098	-72.997	25.724	-28.226	43.674	5.8878	-11.677	-8.8008	-8.0583
-4.5414	6.5327	9.1618	-6.6398	1.4255	5.5882	3.2528	-0.76666	-4.6259	0.81287	1.8063	-3.5221	-1.1037	0.84241	6.417	126.72	-38.536	-34.616	50.012	17.651	-17.823	-31.739	4.0119	32.165	-11.346	-42.603	19.229	28.47
-4.4114	11.13	7.1023	-8.1685	4.4472	4.9337	2.8645	-1.5782	-4.1032	1.7949	0.46916	-3.1962	-0.87559	0.83832	5.2027	183.89	-82.38	-61.145	120.87	-26.179	-15.533	-32.462	20.905	39.281	-53.484	13.036	9.1263	-0.16358
-4.4002	12.665	5.0657	-8.0054	6.3419	5.1329	1.8912	-1.543	-3.4682	2.5118	-0.51119	-3.3298	-0.39911	0.66769	0.44566	61.413	-81.462	6.5235	75.79	7.9692	-38.929	1.4088	25.4	28.678	-39.214	-5.3429	19.059	-6.8254
-4.3557	12.117	4.0573	-7.7406	7.8559	4.7374	0.60717	-1.4014	-2.1052	2.2718	-1.1164	-2.9013	0.12401	0.31883	1.7818	-21.939	-40.337	10.592	60.559	-15.821	-51.363	5.6619	54.522	-9.6015	-24.209	17.139	20.925	-13.954
-4.5204	12.058	3.4478	-7.1379	9.1172	4.2843	-0.56782	-1.0429	-1.3039	2.0264	-1.3721	-3.0077	1.1804	-0.52365	-6.5878	-2.3378	-24.378	24.109	50.454	-18.124	-47	14.342	32.052	-9.8146	-10.226	-4.2575	42.255	-33.699
-4.5343	15.227	1.5478	-7.33	10.946	3.5531	-1.4953	-0.12482	-1.3797	1.3805	-1.6297	-2.4505	1.2265	-0.93569	-0.55538	126.77	-76.002	-7.6839	73.146	-29.247	-37.097	36.724	-3.0342	-25.839	-10.306	22.291	1.8456	-16.482
-4.6232	10.773	2.8277	-6.1182	10.488	4.1177	-3.1142	1.273	-1.2902	1.1738	-1.778	-2.6155	1.3546	-0.98769	-3.5576	-178.18	51.195	48.469	-18.299	22.583	-64.757	55.913	3.5831	-8.268	-5.9299	-6.6032	5.1237	-2.0801
-4.8956	6.1638	1.9896	-4.0991	10.141	4.1197	-3.3019	1.2693	-0.88602	1.0139	-2.0102	-1.3191	0.47483	-1.018	-10.898	-184.37	-33.523	80.767	-13.887	0.077361	-7.509	-0.14644	16.166	-6.393	-9.2889	51.856	-35.192	-1.212
-5.5088	0.49404	-1.6433	1.6946	6.8931	4.5868	-1.8208	-0.11189	1.8031	-0.44251	-2.032	-1.468	-0.49102	-0.804	-24.526	-226.79	-145.32	231.75	-129.93	18.687	59.243	-55.249	107.57	-58.257	-0.87493	-5.9553	-38.634	8.5599
-6.1404	3.921	-8.7922	6.4693	3.2257	3.9917	-0.73479	-0.068254	2.6805	-2.772	-1.2797	1.0489	-0.13387	-1.2383	-25.264	137.08	-285.96	190.99	-146.7	-23.804	43.441	1.7454	35.093	-93.18	30.096	100.68	14.286	-17.374
-6.6104	6.4143	-18.258	6.5197	0.78798	3.1276	0.32848	-0.73579	2.5251	-2.6421	0.56091	-0.49615	-0.09604	-0.50588	-18.8	99.733	-378.63	2.0161	-97.508	-34.564	42.531	-26.702	-6.2154	5.1959	73.623	-61.802	1.5131	29.298
-6.3727	7.0491	-25.923	2.947	-2.3676	2.0456	-1.2798	-0.33874	4.2931	-0.93241	0.88878	0.22585	0.055053	-0.18626	9.5084	25.392	-306.6	-142.91	-126.22	-43.281	-64.332	15.882	70.719	68.388	13.115	28.88	6.0437	12.785
-5.6765	12.649	-24.494	5.8313	-3.7634	-1.3191	-2.6961	0.33778	3.1857	-2.3884	0.71146	0.79467	0.30149	0.25925	27.847	224.01	57.145	115.37	-55.83	-134.59	-56.652	27.061	-44.293	-58.241	-7.0927	22.753	9.8577	17.82
-5.3901	12.994	-28.064	3.3701	-7.1032	-1.1229	-0.59521	0.058906	3.1762	-3.2377	2.0437	0.22612	-0.10873	2.7708	11.455	13.778	-142.79	-98.447	-133.59	7.8485	84.036	-11.155	-0.38313	-33.97	53.288	-22.742	-16.409	100.46
-5.1996	11.068	-29.436	2.909	-7.8413	-1.0144	-0.52739	0.38935	3.8679	-3.4438	0.048479	-0.46077	-2.58	0.77355	7.6227	-77.05	-54.873	-18.447	-29.522	4.3411	2.7128	13.218	27.669	-8.2461	-79.807	-27.476	-98.849	-79.888
-5.169	11.34	-31.354	1.5678	-8.1383	-1.148	1.0137	0.071798	3.2098	-2.4582	0.23548	-1.7439	-1.8216	0.12287	1.2234	10.888	-76.713	-53.649	-11.88	-5.3447	61.645	-12.702	-26.324	39.427	7.4802	-51.325	30.335	-26.027
-5.3189	13.956	-30.117	3.4876	-5.6486	-1.8436	0.58427	-0.072381	4.5166	-1.5325	0.38749	-0.44604	-0.52096	-0.14567	-5.9991	104.64	49.473	76.793	99.586	-27.825	-17.179	-5.7671	52.272	37.025	6.0801	51.914	52.025	-10.742
-5.5891	13.877	-26.69	3.4503	-2.252	-3.4202	-0.93884	-2.6034	2.6012	-0.75338	-0.2578	-0.31307	-0.55014	1.0563	-10.807	-3.1661	137.08	-1.4896	135.87	-63.061	-60.925	-101.24	-76.616	31.166	-25.811	5.3187	-1.1674	48.081
-6.2962	12.743	-22.735	2.0085	-1.5721	-2.8927	-0.22762	-1.8887	3.142	-0.79301	-1.0349	0.20121	-0.55425	0.12617	-28.285	-45.349	158.21	-57.675	27.194	21.098	28.449	28.588	21.633	-1.585	-31.084	20.571	-0.16432	-37.207
-6.9729	0.27039	-16.725	1.8114	0.07101	0.75723	-0.30626	-1.4281	3.017	0.20426	1.4835	2.6084	-0.015963	1.4357	-27.068	-498.91	240.38	-7.8829	65.725	146	-3.1454	18.423	-4.9997	39.89	100.74	96.288	21.531	52.383
-5.6846	11.372	-3.3547	-3.7586	11.211	2.3053	-0.54056	0.22805	-0.61233	0.5457	-1.2502	-0.696	0.1508	-0.23996	51.533	444.05	534.82	-222.8	445.6	61.921	-9.3719	66.248	-145.17	13.658	-109.35	-132.18	6.6705	-67.028
-4.6003	13.073	-3.54	-4.6	12.765	1.723	-2.0189	0.4365	-1.4812	1.3663	-2.8328	-0.46272	-0.15064	-0.52974	43.373	68.041	-7.4148	-33.655	62.144	-23.291	-59.136	8.338	-34.756	32.823	-63.304	9.3313	-12.058	-11.591
-4.3436	23.857	-4.9715	-6.2302	13.693	2.8911	-2.8255	1.0136	-2.2445	1.8344	-3.8256	-0.64115	-0.5723	-0.76637	10.27	431.37	-57.26	-65.21	37.124	46.723	-32.263	23.085	-30.53	18.726	-39.713	-7.1374	-16.866	-9.4653
-4.2078	27.834	-5.8692	-6.3588	13.66	2.2222	-2.3957	0.84748	-1.2613	2.3114	-3.3677	-0.44205	-0.33288	-0.62019	5.4321	159.08	-35.909	-5.144	-1.313	-26.754	17.193	-6.646	39.325	19.08	18.316	7.9643	9.5769	5.8471
-4.1351	14.33	-4.259	-4.5423	13.753	3.137	-2.4745	0.46909	-1.2324	2.1528	-4.1396	-0.98514	0.68423	-0.75945	2.9078	-540.15	64.41	72.661	3.7151	36.591	-3.1535	-15.136	1.157	-6.3467	-30.874	-21.724	40.685	-5.5704
-4.7106	24.045	-5.3398	-6.3074	13.266	2.9931	-2.817	1.1687	-1.8722	2.5871	-4.414	-0.44763	0.32589	-1.0002	-23.02	388.61	-43.232	-70.604	-19.458	-5.7544	-13.699	27.986	-25.593	17.372	-10.979	21.5	-14.334	-9.6303
-4.6973	4.5766	1.0742	-2.1298	8.4291	4.1607	-1.3617	-0.27614	0.26302	1.0773	-3.8355	-0.76985	0.79595	-1.0256	0.53116	-778.75	256.56	167.11	-193.49	46.701	58.214	-57.795	85.41	-60.39	23.14	-12.889	18.802	-1.0156
-5.3298	1.3374	0.92481	-1.0276	8.3531	4.304	-2.1174	-0.78821	1.0541	2.0544	-4.4108	0.12065	0.71709	-1.0715	-25.299	-129.57	-5.9768	44.085	-3.0399	5.732	-30.231	-20.483	31.645	39.085	-23.012	35.62	-3.1545	-1.8353
-5.4669	-2.8688	1.5123	0.041248	8.6755	4.4013	-2.3517	-0.4238	1.1151	1.3406	-3.9097	-0.46018	1.4882	-1.1561	-5.4875	-168.25	23.499	42.755	12.894	3.892	-9.3724	14.576	2.4395	-28.553	20.043	-23.233	30.844	-3.3829
-5.5689	-6.2133	1.8321	0.46681	7.9337	5.2529	-2.0743	-0.34251	0.85057	2.103	-4.5431	-0.70049	2.3797	-1.7303	-4.0786	-133.78	12.792	17.022	-29.67	34.067	11.097	3.2517	-10.583	30.494	-25.335	-9.6124	35.661	-22.968
-5.6286	-6.5933	1.8754	-0.32694	8.2285	5.9156	-1.4026	-1.331	1.2792	2.2792	-4.5181	-1.0593	2.4274	-1.3688	-2.3871	-15.201	1.7343	-31.75	11.793	26.507	26.87	-39.541	17.146	7.049	1.0012	-14.353	1.9074	14.46
-5.7959	-11.053	2.4367	2.2689	6.5669	5.7219	0.13913	-0.80239	-0.92326	1.3071	-1.9478	-1.5038	0.47054	-0.083992	-6.6923	-178.4	22.449	103.84	-66.465	-7.7487	61.668	21.146	-88.1	-38.884	102.81	-17.78	-78.274	51.391
-5.9248	-16.622	4.8235	3.8265	3.3779	4.194	2.4332	0.22879	-1.633	0.28571	-0.16831	-1.92	0.067167	-0.72158	-5.158	-222.77	95.475	62.301	-127.56	-61.114	91.761	41.247	-28.391	-40.855	71.182	-16.649	-16.135	-25.504
-5.9236	-15.769	3.6892	5.0789	0.4284	5.9403	3.6868	0.43693	-1.8088	-1.8888	0.36728	-1.7775	-0.88075	-1.1011	0.051459	34.144	-45.373	50.099	-117.98	69.849	50.145	8.3256	-7.0315	-86.98	21.424	5.7028	-37.917	-15.182
-5.8688	-19.205	7.8524	5.5087	-0.60055	3.8239	3.2291	0.7042	-2.566	-2.898	0.94453	-0.021932	-0.40217	-1.5482	2.1914	-137.45	166.53	17.191	-41.158	-84.654	-18.308	10.691	-30.288	-40.367	23.09	70.221	19.143	-17.881
-5.8049	-18.101	7.8739	6.701	0.19974	0.5144	2.2449	2.2588	-0.77736	-3.2105	-1.3062	-0.50716	0.7739	0.40071	2.5539	44.178	0.86084	47.691	32.012	-132.38	-39.368	62.183	71.547	-12.5	-90.028	-19.409	47.043	77.954
-5.8027	-14.722	9.3046	5.6308	-2.1927	-0.42572	1.3071	3.6559	0.2968	-4.0542	-1.0274	-0.9447	0.11438	0.58495	0.087248	135.15	57.227	-42.805	-95.699	-37.605	-37.513	55.886	42.966	-33.749	11.15	-17.502	-26.381	7.3698
-5.8922	-15.625	8.8551	6.6847	-2.4218	-0.27181	0.51116	1.8458	0.059919	-2.4242	-0.60403	-0.64441	0.18092	0.080925	-3.5783	-36.137	-17.982	42.153	-9.1614	6.1568	-31.836	-72.405	-9.4752	65.2	16.935	12.012	2.6613	-20.161
-5.9322	-16.994	10.427	6.5185	-4.2403	-1.1368	1.6788	2.2598	-0.39855	-1.7504	-0.53793	-0.68788	-0.028284	0.88018	-1.6005	-54.764	62.89	-6.6478	-72.741	-34.601	46.707	16.56	-18.339	26.95	2.6439	-1.7391	-8.368	31.97
-5.8995	-14.673	10.438	6.0359	-3.7714	-1.3701	-0.041098	1.4539	0.25513	-1.2983	0.2603	-0.21609	-0.29773	0.019188	1.3073	92.868	0.42494	-19.305	18.757	-9.3307	-68.798	-32.234	26.147	18.084	31.929	18.872	-10.778	-34.44
-5.7544	-15.912	11.578	6.9033	-3.1673	-2.1033	-2.6908	2.2171	1.8644	-1.6995	-0.65851	-0.44122	0.2395	0.22275	5.8043	-49.564	45.597	34.699	24.165	-29.33	-105.99	30.525	64.37	-16.047	-36.752	-9.0052	21.489	8.1423
-5.5891	-14.216	10.153	9.1195	-3.6174	-3.3151	-2.2722	1.242	1.7727	-0.37404	-0.57681	-0.14774	-0.30911	1.1491	6.6116	67.846	-56.998	88.645	-18.005	-48.469	16.746	-39.004	-3.6686	53.018	3.2678	11.739	-21.944	37.056
-5.3869	-16.251	13.545	7.7941	-3.812	-4.2441	-3.051	2.0117	1.515	0.51226	0.75486	-1.2445	-0.48574	1.347	8.089	-81.405	135.68	-53.015	-7.7857	-37.162	-31.154	30.791	-10.307	35.452	53.267	-43.872	-7.0652	7.9165
-4.7977	-11.816	14.429	7.3567	-5.3392	-5.5896	-3.6138	3.4917	1.3511	0.72416	0.21278	-1.8512	0.99903	1.2204	23.567	177.41	35.356	-17.497	-61.088	-53.82	-22.509	59.2	-6.5548	8.4761	-21.684	-24.268	59.391	-5.0652
-4.247	-6.7232	15.724	5.9163	-6.6901	-5.8961	-3.3889	3.5338	1.7624	0.67569	0.84815	-1.8643	0.3176	1.5732	22.028	203.69	51.797	-57.616	-54.034	-12.261	8.9951	1.6839	16.451	-1.9389	25.415	-0.52362	-27.257	14.11
-3.7235	-0.091717	16.272	3.7455	-8.2673	-7.0454	-1.1105	3.4558	0.90937	1.4972	0.34177	-2.3315	1.2749	1.612	20.941	265.26	21.936	-86.832	-63.089	-45.969	91.137	-3.1222	-34.121	32.862	-20.255	-18.687	38.293	1.5549
-3.4856	3.3687	18.674	1.9121	-12.373	-4.3746	-0.30367	1.6247	1.7232	1.3801	-0.15192	-1.5457	0.92324	2.1801	9.5146	138.42	96.08	-73.335	-164.22	106.83	32.271	-73.243	32.553	-4.6857	-19.747	31.431	-14.067	22.722
-3.0948	6.9723	18.191	-0.19387	-12.175	-3.3189	-0.15172	1.6448	0.46243	1.9429	-0.58093	-1.1652	1.5814	1.7386	15.634	144.14	-19.342	-84.238	7.9285	42.226	6.0778	0.80278	-50.431	22.511	-17.16	15.223	26.328	-17.661
-3.1493	11.113	17.704	-1.7893	-12.12	-2.1578	-0.13461	2.4548	-0.94457	1.4815	0.14547	-0.72835	1.6007	1.288	-2.1806	165.64	-19.472	-63.816	2.1841	46.444	0.68446	32.402	-56.28	-18.456	29.056	17.472	0.76962	-18.024
-3.2507	11.228	17.662	-2.3467	-11.983	-1.2739	0.49149	2.2183	-2.5005	1.8309	0.61657	-0.057152	1.5601	0.57446	-4.054	4.5858	-1.6794	-22.298	5.4899	35.357	25.044	-9.4629	-62.238	13.978	18.844	26.848	-1.6242	-28.54
-3.3408	12.627	16.707	-2.2603	-12.388	-0.51263	1.7268	0.98538	-3.0182	1.6212	0.7044	0.57496	1.4539	0.10013	-3.605	55.964	-38.207	3.4574	-16.198	30.45	49.412	-49.316	-20.709	-8.3886	3.5132	25.284	-4.2454	-18.974
-3.3729	12.048	16.065	-3.6657	-10.048	0.39675	0.7367	0.90384	-3.4219	0.86346	1.9957	0.40311	1.5526	-0.17019	-1.2849	-23.151	-25.679	-56.217	93.584	36.375	-39.604	-3.2613	-16.147	-30.31	51.654	-6.8738	3.9458	-10.813
-3.9251	9.7235	14.377	-2.4683	-9.0938	2.0611	0.04916	0.82731	-4.2236	1.5951	2.3539	0.49619	0.74316	0.19392	-22.089	-92.989	-67.493	47.897	38.17	66.572	-27.502	-3.0614	-32.066	29.265	14.326	3.7231	-32.377	14.564
-4.6838	4.1167	12.907	-1.7069	-6.7495	2.2727	1.1385	-0.59295	-3.2351	0.90696	2.3604	0.71827	0.37705	0.14105	-30.347	-224.27	-58.815	30.454	93.774	8.4656	43.572	-56.811	39.538	-27.525	0.25855	8.8831	-14.645	-2.1147
-5.3338	-7.3716	10.908	1.032	-6.2766	2.6176	1.4227	-0.86615	-1.5106	1.1007	2.5071	0.78732	-0.47166	0.83012	-26.001	-459.53	-79.975	109.56	18.916	13.795	11.369	-10.928	68.981	7.7477	5.8708	2.7623	-33.948	27.563
-6.1688	-4.1329	1.3365	-1.3753	-0.9025	3.109	1.1699	-1.313	-0.60711	-0.116	3.1063	1.1526	0.17841	1.5006	-33.398	129.55	-382.85	-96.293	214.96	19.658	-10.111	-17.875	36.139	-48.666	23.967	14.611	26.003	26.82
-6.7724	8.575	-15.428	-2.8705	-0.23609	2.7173	1.7363	-1.7692	2.9876	0.042322	2.3831	2.7251	-0.16029	0.25123	-24.146	508.31	-670.58	-59.806	26.656	-15.67	22.655	-18.246	143.79	6.333	-28.928	62.902	-13.548	-49.975
-6.1296	16.364	-21.257	-2.6816	-0.24709	3.8367	2.1522	-2.4352	1.3589	-0.78683	0.34046	0.71899	-0.69972	1.2701	25.713	311.58	-233.17	7.5561	-0.43981	44.778	16.636	-26.642	-65.147	-33.166	-81.706	-80.246	-21.577	40.753
-5.845	20.702	-24.503	-3.6143	-1.2013	3.0781	-0.53665	-1.6327	1.5422	-1.2559	0.34923	-0.10232	0.70176	0.74796	11.386	173.51	-129.81	-37.31	-38.169	-30.346	-107.55	32.1	7.3312	-18.761	0.35104	-32.852	56.059	-20.884
-5.8099	19.216	-22.51	-2.8185	-3.1569	1.8679	-2.6532	-1.1969	1.3535	0.18887	0.2505	-1.5103	0.59388	0.34734	1.4029	-59.434	79.707	31.834	-78.225	-48.409	-84.66	17.432	-7.5477	57.789	-3.9491	-56.318	-4.3149	-16.025
-6.0658	19.662	-20.485	-4.634	-4.0201	0.43041	-2.3878	-0.86341	2.5182	-1.3456	1.6864	-0.34957	-1.5258	0.53007	-10.235	17.843	80.986	-72.621	-34.525	-57.498	10.614	13.34	46.589	-61.38	57.436	46.428	-84.788	7.3094
-6.1409	18.92	-17.519	-5.9512	-4.3404	-0.21879	-2.1314	-1.8411	0.43593	-1.0912	0.31466	0.11035	-0.1669	-0.23696	-3.0038	-29.68	118.65	-52.688	-12.816	-25.968	10.255	-39.107	-83.292	10.178	-54.87	18.397	54.357	-30.681
-6.1042	19.264	-18.499	-5.9479	-6.2289	-0.12158	-0.61668	-1.9112	-1.444	-2.0655	1.5174	1.5119	0.21928	0.1936	1.4663	13.75	-39.19	0.13111	-75.537	3.8885	60.59	-2.8032	-75.197	-38.972	48.109	56.063	15.447	17.222
-6.3297	17.938	-17.438	-6.5513	-7.7692	-0.87633	-0.18097	-0.55958	0.55737	-1.3592	1.2613	0.9486	-0.93385	-1.3625	-9.0206	-53.045	42.42	-24.134	-61.615	-30.19	17.429	54.063	80.055	28.252	-10.242	-22.533	-46.125	-62.244
-6.837	11.12	-18.363	-4.8705	-5.6252	1.8788	2.2519	1.113	0.81923	-1.9918	0.55736	0.38998	-1.0846	-1.8549	-20.29	-272.73	-36.983	67.23	85.76	110.21	97.316	66.902	10.474	-25.306	-28.159	-22.345	-6.0291	-19.695
-7.5977	2.0966	-15.035	-4.5288	-6.5726	-1.2251	0.24568	1.0738	0.14271	-1.6344	0.30206	1.2045	1.2984	-0.65808	-30.428	-360.92	133.13	13.668	-37.892	-124.15	-80.25	-1.5667	-27.061	14.298	-10.212	32.582	95.321	47.872
-8.2525	-14.18	-8.4293	-7.4414	-6.8809	-2.7833	-0.073756	3.3265	1.9342	-1.0276	0.5675	1.1964	2.1902	1.4526	-26.194	-651.06	264.21	-116.5	-12.335	-62.329	-12.777	90.109	71.659	24.272	10.617	-0.32701	35.669	84.425
-4.9041	-14.622	10.289	5.8031	-2.2555	-2.8599	-0.43612	1.3215	-0.78613	-1.1132	0.70829	-0.95616	1.5319	1.0489	133.94	-17.667	748.72	529.78	185.02	-3.0642	-14.495	-80.201	-108.81	-3.424	5.6318	-86.101	-26.329	-16.146
-4.3255	12.079	12.251	-2.8324	0.16342	-5.7988	-2.0387	2.6255	-1.5866	1.5254	-0.64064	-3.084	1.0155	1.4469	23.144	1068	78.501	-345.42	96.756	-117.56	-64.102	52.161	-32.02	105.54	-53.957	-85.114	-20.658	15.921
-3.8931	-0.25558	14.395	3.1368	-2.2878	-6.3641	-3.3991	0.987	-0.41443	1.8685	-0.76671	-4.2008	1.701	2.4267	17.296	-493.37	85.73	238.77	-98.051	-22.608	-54.416	-65.542	46.888	13.726	-5.0427	-44.673	27.42	39.192
-3.7442	-0.81501	16.434	4.5562	-4.19	-9.7795	-2.1696	2.118	-1.0567	1.8646	0.066295	-2.9498	0.32355	1.2255	5.9573	-22.377	81.591	56.776	-76.086	-136.62	49.177	45.238	-25.69	-0.15812	33.32	50.041	-55.098	-48.047
-3.6712	-2.6516	16.173	5.7446	-5.0784	-10.054	-3.0108	2.2932	0.94631	0.74182	-0.63674	-1.807	1.1019	0.71257	2.9206	-73.464	-10.449	47.538	-35.538	-10.973	-33.647	7.0106	80.119	-44.91	-28.121	45.714	31.136	-20.519
-3.3987	0.8065	16.486	4.3043	-8.2321	-8.7781	-1.3607	1.9763	1.2829	1.3333	-0.94001	-0.96488	1.2785	0.44687	10.898	138.33	12.502	-57.613	-126.14	51.027	66.004	-12.677	13.466	23.66	-12.131	33.684	7.0638	-10.628
-3.3603	4.9879	15.362	3.5091	-7.5743	-9.3237	-1.31	1.8357	2.3676	1.1558	-2.4539	-0.30502	2.8095	0.27348	1.5378	167.25	-44.938	-31.809	26.309	-21.824	2.0304	-5.6229	43.386	-7.1	-60.555	26.394	61.239	-6.9356
-3.4101	5.3447	14.783	3.5298	-8.1458	-8.4425	-0.58809	2.8837	1.0865	0.78577	-1.9052	0.90489	2.3426	-0.24158	-1.994	14.272	-23.165	0.8288	-22.859	35.25	28.874	41.921	-51.243	-14.802	21.948	48.397	-18.678	-20.602
-3.5325	6.7989	14.193	2.6758	-8.921	-6.4837	-0.42514	2.0164	0.81027	0.34549	-1.1349	0.86152	3.2794	-0.20622	-4.8964	58.169	-23.608	-34.161	-31.009	78.349	6.518	-34.692	-11.051	-17.611	30.813	-1.7348	37.473	1.4147
-3.6343	8.0715	12.833	1.7923	-8.2893	-5.5446	0.49508	1.8887	0.043286	-0.44241	-0.014824	1.4928	3.0894	0.45504	-4.0701	50.904	-54.403	-35.337	25.271	37.566	36.809	-5.1087	-30.679	-31.516	44.802	25.251	-7.6003	26.45
-4.1539	6.2541	12.174	2.7465	-9.5555	-2.6065	0.29928	0.44715	0.45597	-2.1836	1.6436	2.333	1.6903	-0.081191	-20.786	-72.698	-26.354	38.165	-50.65	117.52	-7.8319	-57.663	16.507	-69.648	66.336	33.606	-55.965	-21.449
-4.6608	7.7813	10.621	-0.81422	-6.3314	1.7081	-0.84864	-0.50257	-0.54445	-2.3561	2.9067	2.4477	-0.60617	0.53748	-20.273	61.091	-62.105	-142.43	128.97	172.58	-45.917	-37.989	-40.017	-6.8997	50.524	4.5902	-91.857	24.747
-5.2834	14.4	-2.8071	-6.4338	-1.2918	3.6528	-0.39039	-4.4161	-0.66306	-0.5742	3.2253	0.39905	-1.0306	1.0387	-24.905	264.76	-537.14	-224.78	201.58	77.788	18.33	-156.54	-4.7444	71.276	12.744	-81.946	-16.976	20.048
-5.4496	9.0983	-5.0179	-6.5103	-0.25478	7.3479	2.1061	-3.0011	-1.4413	-2.4378	3.8156	1.2699	0.066479	0.34267	-6.6496	-212.08	-88.431	-3.0602	41.481	147.8	99.861	56.6	-31.13	-74.546	23.612	34.835	43.881	-27.841
-5.0716	5.7301	7.7347	-1.3846	-4.2341	2.0591	-0.087475	-1.8373	-2.1205	-0.97574	2.1648	1.1423	-0.94424	0.021346	15.119	-134.73	510.1	205.03	-159.17	-211.55	-87.745	46.552	-27.167	58.484	-66.03	-5.1059	-40.429	-12.853
-4.6089	-0.59589	14.301	0.7082	-9.3805	3.502	0.41012	-1.3899	-2.5445	-1.8278	3.1115	1.3173	-0.45895	0.23673	18.509	-253.04	262.64	83.714	-205.86	57.717	19.904	17.897	-16.96	-34.082	37.868	7.0024	19.412	8.6153
-4.3748	0.63502	15.026	1.9438	-11.2	1.6796	2.5648	-1.3206	-3.9597	-2.1935	3.3014	1.8973	-0.87352	0.59138	9.3644	49.236	29.017	49.425	-72.761	-72.898	86.187	2.7708	-56.611	-14.627	7.597	23.2	-16.583	14.186
-4.3878	-2.1439	16.141	2.8639	-12.101	1.3453	3.1004	-1.0439	-5.5073	-0.98779	3.9434	1.0536	-1.3176	1.065	-0.51834	-111.16	44.593	36.804	-36.063	-13.373	21.425	11.069	-61.902	48.227	25.679	-33.751	-17.764	18.943
-4.6998	-5.0896	15.269	4.1414	-11.309	0.93594	1.9891	0.35215	-4.2365	-1.5007	3.0958	1.0774	-0.16483	0.13854	-12.483	-117.83	-34.891	51.1	31.678	-16.373	-44.452	55.842	50.831	-20.518	-33.903	0.95463	46.112	-37.057
-4.9902	-6.4429	15.482	3.9851	-10.379	-0.40186	2.4467	1.822	-5.2155	-2.36	3.0263	1.8392	0.46855	0.091735	-11.615	-54.133	8.525	-6.2534	37.203	-53.512	18.304	58.793	-39.161	-34.369	-2.7825	30.473	25.335	-1.8721
-4.8655	-8.7856	15.199	5.0853	-10.686	-0.2534	2.3347	1.3027	-3.9911	-2.3328	2.6269	1.6703	0.45452	0.22669	4.9863	-93.71	-11.314	44.008	-12.26	5.9384	-4.4776	-20.77	48.976	1.0857	-15.977	-6.7584	-0.56109	5.398
-4.7568	-8.3344	17.075	4.4557	-11.863	-1.549	3.6901	0.27901	-3.1137	-2.1979	2.5856	0.80705	0.061102	1.5705	4.3512	18.048	75.025	-25.182	-47.093	-51.825	54.213	-40.948	35.096	5.3966	-1.6507	-34.529	-15.737	53.751
-4.5853	-3.945	14.785	3.5098	-9.5599	-2.6482	3.0561	0.80533	-3.3491	-1.6541	1.3054	1.8172	0.44555	1.0406	6.8598	175.58	-91.575	-37.839	92.124	-43.968	-25.361	21.053	-9.4157	21.751	-51.206	40.405	15.378	-21.193
-4.4529	-2.7155	14.958	3.2955	-9.6978	-2.6406	2.4824	-0.82256	-2.3145	-0.27267	1.0018	2.0154	0.53077	0.11388	5.294	49.178	6.9266	-8.5699	-5.518	0.30524	-22.946	-65.116	41.384	55.258	-12.144	7.9275	3.4089	-37.07
-4.2444	0.094476	14.243	3.5414	-10.059	-3.2448	2.2516	-2.2214	0.6093	0.033283	-0.71396	1.811	1.1973	1.058	8.34	112.4	-28.597	9.8371	-14.449	-24.168	-9.2339	-55.953	116.95	12.238	-68.631	-8.1737	26.66	37.765
-4.1525	1.2143	13.968	3.7412	-9.696	-4.144	0.27945	-1.4852	2.2747	0.18969	-1.5314	1.7923	1.3582	1.0729	3.6765	44.793	-11.022	7.9889	14.523	-35.968	-78.885	29.448	66.614	6.2563	-32.7	-0.74854	6.4379	0.5968
-4.071	-1.6731	13.397	5.064	-7.6117	-6.5884	-0.30351	-0.43791	3.1981	-0.365	-1.095	1.4189	1.4693	0.33151	3.2596	-115.5	-22.827	52.915	83.372	-97.775	-23.318	41.891	36.936	-22.187	17.457	-14.935	4.4431	-29.657
-4.3216	-1.9299	12.923	5.9991	-7.5073	-7.3605	-0.83337	-0.69702	4.6101	-0.031548	-2.5271	2.1972	1.8534	-1.5681	-10.025	-10.271	-18.954	37.401	4.1761	-30.886	-21.194	-10.365	56.481	13.338	-57.281	31.132	15.362	-75.986
-4.4567	-4.0295	12.177	7.122	-5.6092	-8.3644	-2.5843	-0.54363	5.64	1.0646	-2.4397	1.3247	0.70766	-1.5036	-5.4024	-83.985	-29.848	44.917	75.92	-40.155	-70.038	6.1357	41.196	43.846	3.4955	-34.902	-45.828	2.5793
-4.5417	-7.3096	11.381	9.2324	-4.8166	-10	-2.5941	-0.029924	5.4012	0.72239	-1.5405	1.7376	-0.58971	-0.66423	-3.399	-131.2	-31.863	84.416	31.706	-65.422	-0.39123	20.548	-9.5515	-13.688	35.966	16.515	-51.895	33.577
-4.9458	-13.522	10.887	10.217	-4.6549	-9.5803	-2.8258	0.46933	5.5686	1.3833	-1.0621	1.9473	-1.7698	-0.57476	-16.163	-248.5	-19.744	39.388	6.4695	16.787	-9.2679	19.97	6.6977	26.437	19.136	8.3883	-47.203	3.5786
-5.5071	-17.709	9.2563	10.34	-2.7784	-8.184	-3.5581	-0.49782	5.6283	1.1479	0.44054	2.106	-2.951	-0.51593	-22.455	-167.47	-65.23	4.9198	75.058	55.851	-29.292	-38.686	2.3845	-9.4181	60.106	6.3484	-47.247	2.3534
-5.2442	-15.841	6.1224	10.084	-1.6512	-7.3434	-3.7475	-0.50309	5.3089	0.38274	1.9883	2.6734	-3.3676	-0.80713	10.519	74.724	-125.36	-10.228	45.091	33.626	-7.578	-0.21107	-12.773	-30.605	61.909	22.696	-16.664	-11.648
-4.7554	-11.406	10.262	10.503	-4.6938	-10.094	-2.0368	0.094988	3.3104	1.5819	0.67111	1.7321	-1.8006	-0.20443	19.549	177.39	165.59	16.748	-121.71	-110.04	68.43	23.923	-79.942	47.966	-52.686	-37.65	62.68	24.108
-4.1768	-5.1385	14.066	6.7148	-5.5404	-8.6393	-2.88	1.0223	5.1409	-0.6449	-1.19	2.5641	-1.2373	-0.35069	23.147	250.7	152.15	-151.53	-33.864	58.199	-33.73	37.094	73.222	-89.072	-74.446	33.28	22.531	-5.8503
-4.0776	2.2535	13.424	4.7044	-5.3142	-8.8343	-2	2.1253	2.9997	0.68845	-2.6275	2.1707	-0.037606	0.22617	3.9667	295.68	-25.661	-80.414	9.0466	-7.7991	35.202	44.12	-85.652	53.334	-57.499	-15.735	47.988	23.074
-4.4884	5.4327	11.129	1.7846	-5.0146	-6.0453	0.68693	2.1798	0.60495	-0.71758	-1.1011	2.3044	1.0866	0.11008	-16.433	127.17	-91.834	-116.79	11.984	111.56	107.48	2.1784	-95.788	-56.241	61.057	5.3479	44.968	-4.6439
-4.8724	1.8516	11.143	1.0832	-4.5651	-4.0692	2.7785	0.33329	-0.93916	-1.4231	-0.28593	3.454	0.92063	-0.82435	-15.357	-143.24	0.58971	-28.059	17.98	79.045	83.663	-73.86	-61.764	-28.221	32.606	45.982	-6.6389	-37.377
-5.1353	1.5217	8.3919	0.31633	-1.302	-2.3399	2.8434	-0.19653	-3.235	-1.0598	1.0927	3.3933	-0.63283	-0.70877	-10.518	-13.197	-110.05	-30.673	130.52	69.171	2.5961	-21.193	-91.832	14.534	55.146	-2.4273	-62.138	4.623
-5.2875	1.9692	6.7989	-0.68336	1.1947	-0.69133	2.9353	-2.0114	-3.6575	0.0050747	1.0285	1.6027	-0.24553	-1.546	-6.0888	17.898	-63.721	-39.988	99.871	65.944	3.6754	-72.594	-16.901	42.594	-2.5692	-71.624	15.492	-33.49
-5.4406	0.68186	3.8376	0.26979	4.4721	0.87674	1.548	-2.5132	-2.5547	-0.15501	-0.56928	1.044	-0.42775	-0.43503	-6.1244	-51.492	-118.45	38.126	131.1	62.723	-55.492	-20.071	44.109	-6.4032	-63.911	-22.347	-7.2889	44.439
-5.609	-4.278	2.2201	1.6658	6.135	2.7075	-0.12272	-2.4657	-1.1697	0.48018	-0.26021	0.13347	-1.3819	-0.6952	-6.7351	-198.39	-64.7	55.84	66.514	73.229	-66.828	1.898	55.402	25.407	12.363	-36.422	-38.167	-10.407
-5.7854	4.8292	-9.0507	7.218	6.0988	1.8575	1.4384	-0.50239	-0.74409	-1.7341	-0.85283	0.4115	-1.311	-0.25917	-7.0554	364.29	-450.83	222.09	-1.4474	-34	62.445	78.532	17.024	-88.57	-23.705	11.121	2.8356	17.441
-5.8942	-9.9898	-2.4271	7.3175	7.2393	2.2879	0.60054	-1.2451	-0.16121	-0.28808	-1.237	-0.45544	-1.0813	-0.56421	-4.3523	-592.76	264.94	3.9807	45.618	17.218	-33.514	-29.707	23.315	57.84	-15.368	-34.677	9.1892	-12.202
-5.8714	-12.631	1.2077	4.8529	9.1667	1.0962	0.33471	-0.38804	-0.94998	0.15882	-1.3907	-0.68527	-1.265	-0.96505	0.9132	-105.63	145.39	-98.587	77.099	-47.668	-10.633	34.281	-31.551	17.876	-6.1483	-9.1934	-7.3483	-16.034
-5.4995	-8.3642	1.1768	3.3356	9.6032	2.2535	-1.3806	-0.46889	-1.1661	1.0458	-2.564	-0.19073	-0.48747	-0.83978	14.874	170.66	-1.2341	-60.692	17.46	46.289	-68.611	-3.234	-8.6454	35.48	-46.932	19.782	31.102	5.011
-5.337	-0.3419	-3.0607	4.9856	9.8499	0.86116	0.79421	-3.5666	1.4882	-0.76982	-1.9531	0.085097	-0.81609	-0.8363	6.4994	320.89	-169.5	66.002	9.866	-55.692	86.991	-123.91	106.17	-72.626	24.435	11.033	-13.145	0.13912
-5.2134	2.2828	-4.6612	5.7933	10.279	0.6032	-0.20945	-2.951	1.7294	-1.0619	-2.0591	0.30658	-1.2973	-0.65853	4.9478	104.99	-64.023	32.309	17.149	-10.318	-40.146	24.623	9.6487	-11.682	-4.2395	8.8592	-19.25	7.1108
-5.1798	-2.0748	1.0365	2.5906	9.6566	1.2355	-0.17577	-2.9439	0.95544	0.21734	-2.2209	-1.0555	-1.5913	-0.0014044	1.3437	-174.3	227.91	-128.11	-24.88	25.291	1.3472	0.28227	-30.959	51.169	-6.4705	-54.483	-11.757	26.285
-5.1204	-0.14647	-1.0758	5.2579	6.8424	4.1143	-3.0119	-2.2371	0.92212	-0.25429	-1.8162	-1.6317	0.68851	-1.2838	2.3758	77.134	-84.493	106.69	-112.57	115.15	-113.45	28.274	-1.3331	-18.865	16.189	-23.047	91.191	-51.297
-5.1738	-1.7672	2.4211	2.5553	6.783	4.4841	-3.3324	-3.1666	0.88901	0.0092589	-1.8395	-0.63636	0.29535	-1.6024	-2.138	-64.828	139.88	-108.11	-2.3748	14.793	-12.818	-37.179	-1.3241	10.542	-0.93306	39.812	-15.726	-12.743
-5.1521	-1.8792	4.6472	-0.39404	8.0925	2.5694	-2.1182	-3.3214	-0.048185	1.349	-2.2016	-0.22554	0.42519	-0.8005	0.86955	-4.4792	89.045	-117.97	52.378	-76.587	48.569	-6.1952	-37.488	53.592	-14.484	16.433	5.1935	32.077
-5.1657	-0.42256	5.8383	-0.60459	6.3801	2.394	-1.2979	-3.5813	-1.0212	1.3527	-2.1518	-0.49097	1.1304	-0.94428	-0.5432	58.264	47.641	-8.422	-68.493	-7.0184	32.809	-10.396	-38.92	0.14567	1.9903	-10.618	28.207	-5.7515
-4.9809	-0.47784	7.5891	-0.62665	4.5019	2.6443	-0.83065	-4.5054	-1.7309	2.1662	0.74757	-2.2772	0.97777	-0.78474	7.3909	-2.2113	70.032	-0.88265	-75.128	10.014	18.691	-36.962	-28.391	32.54	115.98	-71.451	-6.1044	6.3819
-4.8605	-0.85443	8.6962	-0.8404	3.1548	3.4273	-0.50492	-5.245	-2.6799	2.7143	0.70608	-2.1894	0.60251	0.96903	4.8149	-15.063	44.285	-8.5498	-53.887	31.32	13.029	-29.585	-37.957	21.924	-1.6597	3.5152	-15.01	70.151
-4.7209	0.65727	8.7929	-0.41375	1.6677	2.4448	0.54651	-4.642	-4.3333	3.3866	1.0297	-2.1706	0.84461	1.1489	5.5827	60.468	3.8659	17.066	-59.484	-39.299	42.057	24.123	-66.138	26.894	12.945	0.74983	9.6842	7.1936
-4.5873	1.0417	11.732	-2.2299	-0.51601	2.4738	1.1769	-5.0384	-4.5139	2.971	1.3126	-1.4891	0.43479	1.0282	5.3457	15.376	117.57	-72.646	-87.347	1.1609	25.217	-15.857	-7.2241	-16.626	11.314	27.262	-16.393	-4.8265
-4.4841	-0.12494	13.082	-1.4864	-2.5007	1.995	1.2791	-4.0144	-5.4592	2.4472	1.9067	-1.6463	1.4272	1.0248	4.1284	-46.665	53.98	29.739	-79.387	-19.152	4.0867	40.958	-37.811	-20.951	23.765	-6.2898	39.698	-0.13681
-4.5457	-1.505	14.024	-0.61162	-4.1851	0.79861	2.4908	-4.3668	-3.9172	0.93655	1.9944	0.10503	-0.16362	1.488	-2.4638	-55.202	37.713	34.993	-67.376	-47.857	48.466	-14.097	61.68	-60.427	3.5062	70.054	-63.634	18.529
-4.9184	-4.0065	14.06	0.90407	-5.2062	0.50726	1.9209	-3.903	-3.1781	0.088018	3.0016	-0.04434	-0.68326	1.1529	-14.909	-100.06	1.4385	60.627	-40.845	-11.654	-22.795	18.553	29.566	-33.941	40.291	-5.975	-20.785	-13.404
-5.1603	-5.5165	14.25	1.2534	-6.1209	0.11339	2.0325	-1.7083	-4.7653	-0.30556	2.6435	1.6029	-0.9536	0.218	-9.6764	-60.402	7.5958	13.975	-36.587	-15.755	4.4661	87.79	-63.488	-15.743	-14.324	65.89	-10.814	-37.397
-5.639	-13.375	11.059	2.038	-7.0544	-1.2832	3.0314	-2.0773	-3.9088	0.019763	2.6978	1.886	0.40045	-0.51937	-19.147	-314.32	-127.64	31.384	-37.34	-55.865	39.956	-14.762	34.26	13.013	2.1713	11.323	54.162	-29.495
-7.0276	-16.53	11.115	3.5869	-8.1653	-1.6086	5.2779	-0.47809	-3.0271	0.25514	1.9297	1.1757	-0.11369	-0.21369	-55.543	-126.2	2.2495	61.953	-44.435	-13.016	89.857	63.969	35.266	9.415	-30.724	-28.412	-20.566	12.227
-5.2822	-11.648	10.493	0.011269	-9.2475	-3.1573	4.4877	0.034865	-3.0344	-0.98196	2.7461	1.1201	-0.85787	0.60193	69.816	195.27	-24.888	-143.02	-43.29	-61.948	-31.607	20.518	-0.29259	-49.484	32.657	-2.2231	-29.767	32.625
-5.3708	3.302	13.243	-3.5524	-8.733	-4.0412	3.9675	-0.60353	-4.7713	-0.39179	3.0499	1.4867	-0.52363	0.4564	-3.5461	597.99	109.98	-142.55	20.58	-35.353	-20.809	-25.536	-69.477	23.607	12.151	14.664	13.37	-5.8211
-4.8457	-4.6324	14.526	-3.4319	-12.35	-0.44286	5.5907	-2.5116	-2.8637	0.42525	2.5319	1.0881	-0.4037	0.14599	21.005	-317.38	51.334	4.8208	-144.7	143.93	64.931	-76.324	76.303	32.682	-20.722	-15.942	4.7973	-12.416
-5.392	-5.1765	12.987	-3.3533	-13	-1.0016	5.7813	-3.3801	-3.8882	0.885	3.8417	1.4533	-0.15349	0.042059	-21.853	-21.765	-61.572	3.1445	-25.979	-22.351	7.6217	-34.738	-40.979	18.39	52.392	14.608	10.008	-4.1573
-6.6591	-18.232	10.877	2.2778	-9.1231	0.16673	5.3224	-2.0082	-0.55659	0.97322	3.2752	0.75955	-0.62964	0.12974	-50.682	-522.23	-84.4	225.24	155.07	46.735	-18.354	54.874	133.27	3.5289	-22.66	-27.751	-19.046	3.5071
-7.0171	-20.599	7.9439	2.8655	-7.7199	0.73328	4.8489	-1.7941	-0.61857	1.994	5.0617	1.1338	-1.7001	0.13406	-14.32	-94.662	-117.31	23.51	56.129	22.662	-18.941	8.5652	-2.4791	40.829	71.461	14.971	-42.817	0.17287
-7.9456	-26.593	2.5113	1.218	-6.3706	3.1876	7.0722	1.0114	0.0039109	2.6865	5.2851	0.22549	-2.3447	-0.74585	-37.143	-239.75	-217.3	-65.902	53.975	98.173	88.931	112.22	24.899	27.703	8.9345	-36.333	-25.786	-35.196
