-4.3802875 -12.60686375 -3.221525 0.969852 -0.1655875 -0.65618375 0.2742375 -1.3818925 0.104165 0.10111 -0.68875375 -0.740121875 -0.409901 -0.53223375 -34.8879625 -614.37875 212.1 -21.1023 16.9220625 9.4699625 -31.977425 -13.71906875 -7.001475 -0.2018 -1.4964 -12.5241125 -3.17715 -10.38407375
-3.49894 -15.62244 5.34228 5.2686986 0.47721 -0.0888280000000001 -0.047168 -0.117324 1.1220832 -1.117688 1.083112 -0.5435508 -0.3354616 -0.4223624 114.1198 69.0302 771.774 93.785 67.6967 5.4058 -6.0242 -5.77320000000001 -74.2986 -0.617986000000002 28.3298 6.2896178 -4.15948 -8.1776
-4.2764 -3.832 -5.04974 -1.509266 0.317638 -0.369934 -0.855664 0.570352 0.697682 -0.863678 0.717778 -0.553614 0.447014 -1.288265898 141.3822 2155.98 20.8724 -194.88 4.9251 -114.6896 -63.4698 -17.8572 -78.78342 8.262 12.4858 6.84624 6.47528 -43.5896
-4.7047975 -9.05067 0.221421 0.3235865 -0.655875 -0.8791823 0.309613 0.0605122999999999 0.6039835 -0.70918165 -0.374825 -0.309532 -0.08942365 0.7577165 75.7647 1200.024 23.988215 -118.7216 -19.65705 -31.63827 -33.1966 -9.31706 -5.17637 -24.6579605 -30.31176 0.363685 21.02889 18.709014
-2.74907533333333 6.35922666666667 2.84197333333333 -3.27624 0.520084 0.152966666666667 -1.2015346 0.157566733333333 -1.32535872 -0.149464666666667 -0.0826667999999999 0.672494 -0.156063533333333 -0.00816579999999994 44.3133333333333 676.942666666667 12.9953 -104.582993333333 16.6872 -58.40588 -79.9634933333333 9.1157 -29.2456113333333 26.86032 -18.32344 25.42508 -6.7419 15.0095586666667
-4.5921875 -7.737075 -11.58518375 5.9775375 3.23116875 2.01374 0.454175 -0.46365 1.17852625 -1.01044375 0.23748 -1.1279535 -0.2737215 0.16347375 -1.1358375 -250.37 268.3325 108.509125 119.62025 59.380125 8.1727875 -16.1147375 23.1559875 -26.621875 -10.2866875 -4.813625 6.694 -8.455625
-1.47822167021277 11.8716277659574 7.17721393617021 -4.23645204255319 -1.93406231914894 -0.877049776595745 -0.159047180851064 -0.374186585106383 -0.569318276595745 0.7197345 0.169688829787234 0.166541063829787 0.52228820212766 -0.0695831893617021 -1.62925809574468 -56.5157531914894 27.1212217021277 0.400082765957447 -15.2650425531915 11.6118710638298 2.23586181914893 1.14077914893617 -0.708381170212766 5.10620577659575 0.81121655319149 -4.02386295744681 0.26715085106383 0.348583510638297
-7.09048 -54.2444 1.7346 4.97662 2.03478 2.804792 0.938178 -0.881716 -0.227794 -0.605306 2.20829 -0.262114 -0.65619 0.339842 -129.6466 -1095.566 -327.0222 209.7774 116.997 36.60754 -13.79066 31.77742 70.49178 -43.56738 3.59926 19.348008 -5.07842 41.8344
-2.97192982857143 5.15105428571429 -2.83643971428571 0.557694485714286 0.301527842857143 -1.38031028571429 -0.331513428571429 0.24061 0.0535637142857143 0.108689942857143 -0.177909428571429 0.182178551428571 -0.160349142857143 0.246257171428571 22.6271542857143 315.610571428572 -45.7814 -15.51112 -36.8825628571429 -16.57549 1.74740285714286 -17.3010428571429 -15.4712285714286 5.89857428571429 8.95213142857143 7.74186 -3.22654114285714 8.54465714285714
-4.03016666666667 -2.42225111111111 -23.6583333333333 6.87 -1.28560111111111 2.73258366666667 0.97569 0.479208888888889 1.68274777777778 -0.579211111111111 0.517104888888889 -1.09890077777778 0.289485888888889 0.286547111111111 0.777358444444445 -8.04555555555556 -193.922 -209.067444444444 -4.30356666666666 -6.49873333333333 52.3877777777778 29.2428555555556 1.21256666666667 18.0954444444444 -34.9625177777778 -10.4584888888889 -5.45324444444444 5.18004444444444
-7.8725 -57.7864 -1.783186 3.93958 1.741602 1.350631 1.725178 0.732352 -0.578996 0.266208 1.76913 1.3795754 -0.370398 -0.19338 -116.429 -1821.32 93.8868 190.45458 53.0878 124.072306 16.255 22.7092 -27.9724 20.3912 65.3466 35.2588 4.6324 8.88568
-2.67608874193548 3.03460709677419 0.318446774193548 -1.80347419354839 0.931884838709677 1.81875677419355 0.677337774193548 -1.03363516129032 -0.960897903225806 0.016811064516129 0.717623709677419 0.153397541935484 0.227147709677419 0.0953819999999999 2.42146193548387 92.6889483870968 -91.4133967741936 -31.0605548387097 78.6611612903226 34.3255948387097 -13.9092203225806 -36.849864516129 2.66854193548387 18.3335938709677 9.41206451612903 -3.25688387096774 -7.1884164516129 1.81629677419354
-1.40781944444444 16.5728105555556 4.02257138888889 -3.80968333333333 1.36541833333333 -0.689103055555556 -0.444927777777778 -0.449708805555555 -0.391662916666667 0.829084083333333 -0.307376 0.0378344166666667 0.3217035 -0.701187111111111 -9.32277777777778 -172.25225 78.4933638888889 -18.1238138888889 22.3740352777778 -6.48458055555556 5.70602361111111 7.16830861111111 -6.98735555555556 -8.20607194444445 -10.0033916666667 -4.79573638888889 -4.84898333333333 -2.45697555555556
-6.28411428571428 -34.2561928571429 -3.63897214285714 3.00801785714286 -0.188072857142857 1.37618071428571 1.60107285714286 0.936427857142857 1.20067007142857 -0.846305214285714 0.6585615 -0.294926571428571 -0.529366428571429 0.0995171428571429 -60.0219214285714 -618.257142857143 -188.5335 -5.12537857142857 21.1279142857143 26.5589285714286 7.18412857142857 3.48528571428572 26.0732285714286 0.207864285714286 2.54795 11.80015 -6.04180714285714 -5.35795714285714
-1.88809620792079 10.4258825742574 -0.366842277227723 -2.68847499009901 -0.478412069306931 -0.697860425742575 -0.397071316831683 0.170076376237624 0.241082653465347 0.252533821782178 0.096758900990099 0.124392544554456 0.214893930693069 0.071253396039604 0.985384126732673 23.4768535643564 -9.04069821782178 -6.83776782178218 -7.2292169950495 -5.60788683168317 10.966579009901 -4.38506837623762 -4.93792396039604 -6.99303772277228 -0.390531782178218 5.4059099009901 -2.75296771683168 2.58530386138614
-3.58137272727273 -6.42820536363636 -2.77678785454545 2.20776363636364 0.279527272727273 -0.567896363636364 1.47646818181818 -0.308955454545455 -0.596453636363636 -0.369918181818182 -0.372152727272727 -0.718269090909091 -0.226095363636364 -0.535010090909091 -8.33954545454545 -256.090909090909 257.593636363636 -137.153181818182 -59.5513 -9.45563636363637 27.6202727272727 28.1611 -17.3305727272727 -13.6313 16.83884 -1.993 -27.0979090909091 -18.8220181818182
-2.73914473684211 4.83607368421053 -4.28036315789474 0.664095789473684 -0.831420526315789 -1.12739887894737 0.675564210526316 0.30227947368421 0.878471578947368 -0.344131578947368 -0.653566842105263 0.217263121052632 0.228711684210526 0.1006673 5.87152526315789 0.825268421052634 115.596578947368 14.0653810526316 -56.7671 -41.3041315789474 -1.65677894736842 29.7370210526316 20.0146315789474 3.22016842105263 3.39898421052632 0.796442105263158 -3.58819210526316 7.05261157894737
-3.91429029411765 -13.67201 4.67162617647059 2.10651088235294 0.0154629999999998 0.930090058823529 0.445358529411765 -0.225595852941176 0.268234294117647 -0.269077647058823 0.455400617647059 0.242419705882353 -1.06411158823529 -0.297794 -19.1654834617647 -308.767941176471 32.9910235294118 72.4514676470588 -42.4917735294118 4.65267058823529 10.3850382352941 12.1154535294118 17.5112058823529 -3.57515 6.96709794117647 -0.703929411764706 -4.18021117647059 -3.82356205882353
-3.7888375 -6.390415 6.95703375 0.2711375 4.6143225 0.4797675 -2.76374125 0.20673375 -0.7930015 -1.18551025 -0.3487275 0.83734375 -1.12782875 0.311475125 100.576 738.595 651.105 -37.324 58.20425 -43.15015 -132.919075 -57.400125 -90.201625 2.36335 -30.289125 62.308125 -23.0596525 -8.5433375
-3.9395 1.80253923076923 -4.38237692307692 3.02574923076923 0.603831538461538 0.611826923076923 -0.293723076923077 -0.681283076923077 0.423451846153846 -0.313714307692308 0.0399416153846154 -0.508784469230769 -0.150785384615385 -0.199195384615385 25.6246153846154 286.005153846154 316.413846153846 6.69426153846154 8.18723076923077 -50.7583153846154 -54.1614769230769 -23.2725876923077 -29.0861230769231 12.9337230769231 -15.8914384615385 0.267276923076923 -6.88043076923077 6.72626153846154
-2.96934035714286 -1.67946428571429 -3.2148325 2.03184 1.11406 1.13117389285714 -0.353476785714286 0.409553821428571 -0.187326714285714 0.00177214285714282 -0.402138928571429 -0.0996918214285715 -0.269652892857143 0.339019928571428 -5.91141071428571 -75.1012428571429 -48.0534107142857 53.8746714285714 39.4198964285714 5.78497142857143 -23.2365892857143 42.9692825 21.48147 -10.14775 -22.2024175 -6.67906071428571 8.30302642857143 -5.30081785714286
-4.234825 -1.439525 -11.4241875 5.04308625 2.496325 0.524285 0.74099 1.2660775 0.95872375 -0.278939375 0.19768288 0.290004125 -0.38659125 0.06364875 1.22895 318.795 -394.18375 140.44725 -13.62057125 -19.32475 -43.97865 -0.667228749999999 6.1915 27.113737625 -16.7266 -11.557125 10.8502875 11.5751
-3.48008291666667 -10.8143720833333 9.93888833333333 -0.461815833333333 0.621585416666667 1.69832 0.409284583333333 -0.404863583333333 -0.895802429166667 -0.120437166666667 -0.705393458333333 0.3620625 -0.666204208333333 -0.221946292916667 -38.657625 -501.282916666667 5.370125 108.621366666667 -9.15081416666666 31.792765 40.9383791666667 21.3351916666667 24.4260625 -24.3627615416667 11.27684125 -21.6056333333333 -3.849875 7.58091041666667
-6.24595882352941 -27.5138135294118 -9.62908647058823 6.39704705882353 0.59401 2.063523 0.747212352941176 0.135143529411765 1.12895176470588 -0.425245294117647 0.529158823529412 -0.505203529411765 0.02582 0.307353882352941 -19.6842705882353 -220.061470588235 -140.630588235294 -46.8844411764706 -13.1462717647059 -10.0854235294118 23.9904117647059 1.1698 -0.414336470588235 -7.80784117647059 21.5398882352941 20.4094664705882 2.42984705882353 -2.35828823529412
-3.64272727272727 -2.90324 -7.28480909090909 11.8042027272727 -0.282567272727273 1.92767881818182 0.0736272727272726 -0.557574545454545 0.117709090909091 -2.37858181818182 0.345427272727273 -0.704456445454545 0.189679090909091 0.253600909090909 -8.11172727272727 14.8597818181818 -322.158181818182 259.854909090909 -65.0397272727273 6.88576363636364 8.61678181818182 -5.8942 43.6636363636364 -26.5644272727273 27.1554554545455 -5.24385454545454 15.5784727272727 11.7075090909091
-3.27226823529412 -5.997165 0.178672058823529 1.94888294117647 -1.03909172941176 1.03265435294118 0.129073411764706 0.00118999999999999 -0.690644705882353 -0.376554882352941 -0.123480735294118 -0.887215558823529 0.515061176470588 -0.118330294117647 -9.98328882352941 -146.806735294118 -26.6572255882353 50.8931970588235 17.1156529411765 27.6081205882353 1.76831470588235 -29.3121029411765 -7.46968294117647 5.68840705882353 1.56665088235294 -11.1674838235294 3.04093235294118 -0.0240529411764704
-4.58385714285714 -10.6959 -5.4976 6.4966 1.27778 3.51075714285714 0.392687142857143 -0.324097142857143 -0.21839 -1.35687428571429 0.624351428571429 -0.0873457142857143 -0.423296714285714 -0.240231428571429 -37.8704142857143 -300.852857142857 -283.675714285714 159.776428571429 -27.8453285714286 85.3328571428572 0.529000000000004 33.3125571428571 72.8324142857143 -40.5883 7.80232714285714 -49.493 37.5908571428571 -24.7272414285714
-2.36251230769231 6.35886153846154 -2.7689 -1.93271538461538 0.7168 -1.40761438461538 0.997468307692308 -0.582534615384615 -0.59285 0.168489615384615 -0.5270839 1.27198792307692 -1.09592707692308 0.346869230769231 15.6188923076923 109.363384615385 117.584615384615 -155.773461538462 52.7172307692308 -48.2842692307692 21.8556538461538 -13.3681923076923 -47.5086923076923 48.5957692307692 -24.5071592307692 13.0066713846154 -16.1736230769231 -3.29107692307692
-5.10193333333333 -25.8255222222222 0.618855555555556 -0.419414444444444 0.795353333333333 2.05628 1.23798222222222 -0.363633333333333 -0.438854444444445 -1.03482555555556 -0.0930333333333333 -0.626711111111111 -0.278958444444444 -0.384527777777778 -59.0056666666667 -907.742222222222 72.5375555555556 36.5947777777778 11.84939 35.8875555555556 4.34352222222222 41.5955555555556 18.4649555555556 -28.3492333333333 -12.897 -2.95408555555555 13.6387377777778 -5.0847
-2.46868083018868 2.61611822641509 -1.6534751490566 1.05463245283019 0.36733037735849 -1.85327320754717 -0.734628962264151 0.980305339622641 0.524955283018868 0.476322716981132 -0.823678132075472 0.138821735849057 0.189124060377358 0.261921905660377 9.89940547169811 151.066773584906 -7.4679941509434 -23.0434718867925 -15.3198775471698 -5.76225447169811 2.97405150943396 1.46322886792453 7.27787301886792 11.7716452830189 2.22417962264151 -3.5173641509434 3.63279037735849 -8.77445849056604
-2.79993281818182 -0.17122090909091 0.301795454545454 1.81141818181818 0.0412009090909091 -1.11581636363636 -0.548342454545455 1.28586818181818 0.458805454545455 -0.115682727272727 -0.0700054545454545 0.486501545454545 -0.317498181818182 -0.106448909090909 17.8264545454545 468.348181818182 -168.713909090909 -119.830636363636 -19.3638909090909 -37.0602090909091 54.0987272727273 -4.19231818181818 -13.8743909090909 7.67380909090909 27.3143636363636 -6.14864545454545 41.3191818181818 -1.17544545454545
-4.82468333333333 -8.64209166666667 -11.7944 4.939525 -0.331733333333333 2.28248333333333 0.62445 0.252215 2.61221666666667 0.37783 1.326115 -0.834766666666667 0.0429833333333333 -0.295141666666667 -36.7883333333333 -96.6991666666667 -500.806666666667 -45.2898333333333 20.2831666666667 54.5681666666667 59.0681666666667 -0.12735 19.3384666666667 42.7894666666667 11.4452166666667 -0.0818666666666654 -7.16133333333333 -43.4391666666667
