Log_Energy MFCC_1 MFCC_2 MFCC_3 MFCC_4 MFCC_5 MFCC_6 MFCC_7 MFCC_8 MFCC_9 MFCC_10 MFCC_11 MFCC_12 MFCC_13 Log_Energy_D MFCC_1_D MFCC_2_D MFCC_3_D MFCC_4_D MFCC_5_D MFCC_6_D MFCC_7_D MFCC_8_D MFCC_9_D MFCC_10_D MFCC_11_D MFCC_12_D MFCC_13_D
-5.26237857142857 4.61298339285714 -2.00933357142857 1.27952285714286 1.46497428571429 1.18573571428571 -0.429088 -0.545087071428571 -0.244148571428571 -0.53197 0.255001785714286 0.0886322857142857 -0.352139571428572 0.225161142857143 22.1959321428571 248.05775 117.81525 -38.5986357142857 -15.3517571428571 27.7785857142857 -47.4838321428571 13.36595 -33.7418107142857 21.7724642857143 -19.5394928571429 7.74072857142857 -3.45929107142857 7.13369285714286
-6.19275 -3.60596888888889 -1.13219444444444 2.0390835 -2.54523833333333 -0.591334055555555 0.381732777777778 -0.0211542777777778 -0.685736111111111 -0.615118888888889 0.827296666666667 -0.523571944444445 0.737628888888889 0.154107222222222 43.5185888888889 694.611111111111 149.541333333333 -58.8138722222222 -56.5016888888889 -27.8014444444444 -34.2051777777778 -14.7120055555556 -60.1374611111111 18.5756944444444 -21.4626277777778 15.6793611111111 11.37325 -8.93446111111111
-5.13248333333333 7.796 4.12196666666667 0.161693333333333 2.68684666666667 -0.162911166666667 -0.844753516666667 -1.06868 0.00259166666666666 0.7391115 -0.842563333333333 0.1733615 -0.080355 0.156958333333333 23.2044166666667 124.412833333333 413.44 -92.2328333333333 -112.153333333333 12.9818 -91.4463333333333 45.132 -37.035 41.9663333333333 -56.6701166666667 20.9842333333333 -9.6865 -11.8746666666667
-6.89952380952381 -24.1357476190476 -4.14805476190476 3.33633 0.971172857142857 -0.0366323809523808 -0.428515380952381 -0.30632219047619 0.523880571428572 -0.449801619047619 0.143275619047619 -0.240227333333333 -0.0151876190476191 -0.0403398619047619 -41.6219366666667 -813.419047619048 2.02467619047619 100.615733333333 8.58751428571429 13.4248904761905 2.07488095238095 -3.67747142857143 3.55740380952381 -0.931199999999999 5.00658571428571 -17.1996762857143 -0.42654761904762 7.7507380952381
-5.83078979591837 -7.03114795918368 0.937043428571427 2.73386118367347 0.944231755102041 -0.257757755102041 -0.0288415102040817 0.163312428571429 0.72108206122449 -0.721229997959184 0.0189748 -0.672804632653061 -0.0816740285714285 0.193193040816326 -14.3137824081633 -176.037755102041 -11.3097893877551 50.2194428571428 36.9371775510204 5.88992122448979 -9.12917073469388 1.99868897959184 9.83153693877551 2.36150469387755 0.423951428571428 -5.10740408163265 -7.01246448979592 6.77648755102041
-6.41949666666667 -12.9090366666667 -0.591171666666667 1.89680473333333 0.519911 0.347164733333333 -0.5977491 -0.00565900000000001 0.5680755 -0.174015166666667 0.547509333333334 -0.311535966666667 -0.181436866666667 -0.152854034 -31.1095686666667 -491.801666666667 -17.1056666666667 68.89586 29.8098413333333 38.5270566666667 9.77343266666667 -10.5262 8.24867133333333 -13.4606166666667 0.935563333333335 -12.3024 11.98642 8.90480533333333
-6.47606666666667 -6.10882666666667 -15.53675 1.68362333333333 5.0615 -1.309755 1.30920333333333 -0.234052333333333 1.156875 -0.672135 1.9209 -1.12699933333333 0.533268333333333 -0.36009 24.5573 540.748333333333 -551.795 -37.0566666666667 82.0195 -55.9306666666667 78.2948333333333 -33.6180833333333 13.4111666666667 -4.98771666666667 59.0917 -14.5143333333333 37.2063333333333 -6.14633333333333
-5.08948444444444 1.68966022222222 4.48546888888889 -0.230241377777778 0.601696488888889 0.299061555555556 -0.690475911111111 0.207078666666667 0.443422488888889 0.179447688888889 -0.29472644 -0.319383222222222 -0.574448088888889 0.0656651755555556 -12.3945415555556 -274.689555555556 95.9703022222222 29.9306733333333 -54.8068133333333 21.7731482222222 13.9776484444444 14.148594 3.30744511111111 -6.60657333333333 11.5685133333333 -8.57723888888889 -7.56717333333333 -0.179453111111111
-4.22441588235294 14.4136735294118 2.74231147058824 -3.42846617647059 -0.365505294117647 -0.389076764705882 -0.48820694117647 0.039715294117647 -0.61292254117647 0.408244470588235 -0.274309117647059 0.236227323529412 -0.250074117647059 -0.117087644117647 -2.87311352941177 -129.488970588235 109.266617647059 -45.8045852941176 -11.8773617647059 -16.2561252941176 5.51633529411765 13.8903411764706 -11.8865852941176 0.396458823529411 -12.468965 6.72003941176471 -11.6381205882353 9.65994411764706
-8.57526111111111 -44.5995 -3.74314944444444 4.63291333333333 2.11679266666667 0.784732777777778 0.826297777777778 0.174091666666667 -0.15845 -1.11095055555556 1.00301111111111 -0.145002111111111 0.722643888888889 0.389078666666667 -81.754212 -1376.71111111111 -166.847 169.205333333333 65.3008166666667 44.9966666666667 39.4696277777778 -8.80962222222222 7.09766666666667 -6.42335555555555 16.4539 -14.3179383333333 30.0005055555556 6.28732222222222
-5.15896363636364 2.97569545454546 -0.467072272727273 -0.417554545454545 -2.25931 -0.711479590909091 0.6042805 0.622580363636364 -0.151250454545455 -0.113265540909091 0.827098636363636 -0.0834212272727273 0.050370909090909 -0.408873181818182 23.9434 433.783636363636 -19.3816863636364 -92.0022181818182 -45.7839090909091 17.7823881818182 8.81667727272727 -1.34364181818182 1.80419272727273 11.3132786363636 1.67582272727273 3.60803636363636 5.13300227272727 -13.8038772727273
-4.18103024390244 13.3083853658537 5.26783902439024 -2.72833634146341 -0.98230043902439 -0.832821634146341 -0.225151634146341 0.418641707317073 -0.276778780487805 0.493125926829268 -0.899124951219512 0.603378902439024 -0.0958294146341463 -0.258636741463415 2.42085092926829 39.0949731707317 -21.245 -35.0046731707317 57.1212682926829 -44.5175512195122 13.4357658536585 -8.13460487804878 10.0134104878049 6.1770212195122 -8.79711219512195 -1.39493902439024 7.88939341463414 -7.47934951219512
-9.95584117647059 -45.4084176470588 -14.3965432352941 3.63842705882353 1.12038941176471 1.15228058823529 2.52404647058824 0.519168235294118 0.737878764705882 -0.151643529411765 0.845162352941176 -0.91901694117647 0.75033305882353 0.391207176470588 -32.6146588235294 -227.775882352941 -123.640362352941 -99.8124117647059 2.53609411764706 31.66278 39.3540588235294 15.5440176470588 -0.429882352941176 -3.98685882352941 -10.6217511764706 -17.4280258823529 13.7659 18.9682258823529
-4.33044146341464 12.0219036585366 2.20284195121951 -1.59943280487805 0.218634512195122 -0.0975045731707316 -1.20016146341463 -0.429502231707317 0.274705243902439 0.0378082439024389 -0.556824842682927 0.464931414634146 0.000891597560975609 0.140337780487805 -3.53124115853659 -50.876747804878 -19.2649876829268 28.2707510853658 32.2170186585366 -22.7127022560976 -13.2894779268293 -7.90389317073171 25.859467402439 -16.1465270731707 -2.43924463414634 3.94401341463415 -3.13105902439024 -0.255888536585366
-7.06638181818182 -18.87055 -4.13734545454545 4.23485436363636 1.65329727272727 -0.892827681818182 -0.250112272727273 -1.02539545454545 0.676208772727273 -0.175120045454545 0.228664090909091 -0.733700909090909 0.148605909090909 -0.345373727272727 -24.4235954545455 -332.588636363636 -108.226831818182 79.8330090909091 44.9344545454545 -46.3639181818182 11.8216181818182 8.25560454545455 1.27365 -7.2268 -0.762886363636364 17.1875090909091 3.16725272727273 -18.7127068181818
-9.21413636363636 -37.8147645454545 -10.1481309090909 2.51799727272727 1.64439818181818 1.70827636363636 1.33499363636364 0.117676363636364 0.466021818181818 -1.26985272727273 1.55680818181818 -0.662879090909091 0.367203090909091 0.104336363636364 -77.5857272727273 -613.08 -372.669090909091 39.5287272727273 65.8055909090909 49.2602181818182 52.8494636363636 22.54518 24.3310909090909 -30.7646363636364 31.4894636363636 -9.93204545454546 12.8193181818182 5.83009090909091
-3.9669 16.3291659574468 2.67944574468085 -1.45908744680851 0.104750212765957 0.164271 -0.576267219148936 -0.0689326170212766 -0.0538511914893617 0.253963608510638 -0.638317765957447 0.458029255319149 -0.0219161297872341 -0.536555340425532 -0.993112978723404 69.5293638297872 -72.5614063829787 37.9018763829787 7.66538106382979 -5.77861638297873 -15.2488234042553 6.72207446808511 11.5216121276596 -18.0054936170213 10.8742782978723 -4.85074276595745 0.0882765957446807 -4.28900765957447
-5.06996666666667 6.03308888888889 -0.751196296296296 -4.07846925925926 0.399748148148148 1.77661403333333 -0.222849481481481 -1.51060518518519 -0.789716888888889 1.70803777777778 -0.110921111111111 0.59843062962963 0.172695121111111 -0.124387407407407 -4.91280703703704 55.5341111111111 -79.8360222222222 -32.1011782962963 106.573592592593 52.3599359259259 -39.1825296296296 -19.5872962962963 35.324062962963 27.4636148148148 -4.96921111111111 -17.7913559259259 -0.329185185185185 4.3872037037037
-6.75903571428571 0.598135714285714 -7.43155714285714 -2.06637642857143 1.10395285714286 -1.94030357142857 0.743607142857143 -0.515125214285714 0.826055285714286 -0.783114357142857 0.453819785714286 -0.47132 0.445118571428571 0.308690714285714 36.4402714285714 1195.58142857143 13.4141714285714 -244.195214285714 -59.8207757142857 -83.5760714285714 -36.0320714285714 -10.8846428571429 -3.56937142857143 11.8018285714286 -9.20140714285715 4.78964285714286 -0.668992857142856 19.8339071428571
-4.86456 -0.454610000000001 5.12 2.283223 1.002152 -1.673175 -1.2868622 1.8450509 0.91428 -0.416875 0.187643 -0.569218 -0.25271 -0.5533729 -9.18036 -487.448 233.306 27.36615 -19.15701 67.6476 -36.2102 37.9259 -10.89969 24.2059 13.22559 -27.55471 -3.3427 -17.4432
-6.47328095238095 -7.40797619047619 -6.74794761904762 5.51731333333333 2.72086666666667 1.47772666666667 0.78932 -0.845660476190476 1.22511052380952 -1.48253904761905 0.931714285714286 -0.761039523809524 0.282982380952381 0.274321333333333 -22.7403561904762 -97.0579523809524 -188.918 96.1803333333334 -28.9978571428571 1.06441904761905 61.1071761904762 22.4189304761905 21.9594857142857 -28.3630952380952 19.4624285714286 -26.4062761904762 23.2834095238095 -4.87616904761905
-5.20607767857143 4.19317160714286 -1.49521035714286 -0.969418339285714 -0.895943125 0.943697678571429 0.0648798214285715 0.197541785714286 0.174329607142857 -0.229473719642857 0.6733425 -0.243175166071429 -0.408337708928571 -0.0923651214285714 9.71151660714286 110.155303571429 8.49231535714286 -50.8865410714286 -37.4243367857143 -10.1857541071429 10.1770032142857 -0.68342517857143 -5.14429916071428 7.00667928571428 0.879574821428572 9.45978017857143 -3.70018178571429 -2.94164482142857
-5.310225 7.51375 -2.21784083333333 -0.466566666666667 4.01278333333333 -1.39782916666667 -0.25676725 -1.14147083333333 0.536893333333333 -0.574284833333333 -0.0133616666666667 -0.0129036666666667 -0.278009166666667 0.53946 28.3528333333333 567.2375 -97.6024 -70.1722083333333 75.609775 -48.8339666666667 -32.3024833333333 -16.7549358333333 -1.68871666666667 -16.1840166666667 -7.89451416666667 17.2629 12.8031 26.1258333333333
-4.37218920634921 8.20011493650794 5.63426587301587 -0.739126841269842 -1.28030111111111 0.386334603174603 -0.0143974920634921 -0.295453079365079 -0.874317142857143 0.904764015873016 -0.816075936507937 0.0928714761904763 -0.238520571428571 0.0527665873015873 -3.69140495238095 -100.221492063492 30.8065920634921 33.4729222222222 -53.4431603174603 24.6593949206349 22.5878001587302 -4.90252428571428 -9.20533968253969 4.30285873015873 12.8660809523809 -12.7258793650794 -2.62831777777778 -4.84639523809524
-6.68023333333333 -4.55114866666667 -7.321134 -3.83060066666667 1.75433266666667 -2.39227470666667 0.784827333333333 -0.00547453333333331 0.693256 -0.835222066666667 1.07144666666667 -0.367644 0.231621733333333 0.864110933333334 143.567673333333 1941.47333333333 99.8823333333333 -234.516046666667 0.50753333333334 -101.51268 -54.7914 -51.1574926666667 -17.2085046666667 -22.9022 -18.7010933333333 -0.0956733333333335 -11.92502 25.1872666666667
-8.513325 -22.9543666666667 -19.14725 0.852458333333333 -0.2590125 -1.28041333333333 1.89399166666667 1.19464225 1.21657416666667 -0.2483075 1.5136025 0.0217266666666667 1.19057291666667 -0.0301938333333333 -23.6877333333333 -139.276508333333 -132.481583333333 -107.5605 -99.44875 -86.6263333333333 -19.6287666666667 30.66835 -6.09795 -1.837675 20.5579416666667 27.743875 5.46036666666666 -16.4652333333333
-8.4903 -26.5096416666667 -7.56370833333333 3.21103666666667 -1.3152725 -0.393190833333333 2.05138575 -0.0163395833333333 0.720665791666667 -0.792017083333334 1.22571370833333 -0.4980325 0.420888125 0.202155333333333 16.9865620833333 78.810575 146.275958333333 61.345675 -20.8326883333333 -39.4785 -45.3045445833333 9.24784583333333 -8.8062625 2.64744166666667 -1.1855 15.0078383333333 -4.60420125 3.92307083333333
-5.67985 -6.945075 3.27573583333333 2.50727708333333 -2.25554166666667 0.592695416666667 1.84259875 0.04568125 -0.0151279166666666 0.02911475 0.724238583333333 0.0168706666666667 0.541239166666667 0.224142958333333 107.081583333333 632.413333333333 561.479166666667 44.28795 -86.7598166666667 -22.3600916666667 -16.107225 -23.0234083333333 -34.6659416666667 9.12765833333333 -42.156635 28.4130083333333 4.02908333333334 -1.977225
-4.19074235294118 13.4052558823529 5.02792382352941 -2.43157852941176 -2.82634382352941 -0.0292550588235294 1.27931176470588 0.372181470588235 -2.22530011764706 0.813871852941176 -0.574512352941177 0.575514323529412 0.470827970588235 -0.0715552941176471 11.5237782352941 251.817058823529 -69.4442294117647 -59.3998088235294 10.0016029411765 1.30087941176471 27.7266 -15.0829264705882 -0.0108941176470574 19.0963617647059 -14.0871970588235 30.7010388235294 3.84068235294118 -9.45779885294118
-4.66019719512195 5.61584268292683 4.02420292682927 -0.820336707317073 -1.54494878048781 -0.600361987804878 -0.58886843902439 0.880890481707317 -0.600621075195122 0.505722329268293 -0.830526585365854 0.691307719512195 -0.220951231707317 -0.147866043902439 -2.56448349743902 -14.9109784146341 -9.39833390243903 -3.05223341463415 -14.9213445121951 17.5560482926829 2.81605487804878 7.08898378048781 -13.8356329268293 7.42627268292683 4.38081341463415 1.93520402439024 -7.99999170731708 -1.37838029878049
-6.30517777777778 -2.96867111111111 -7.19246666666667 1.96015 4.81158888888889 1.12524555555556 2.27926555555556 -0.152178 0.214208888888889 -0.366428888888889 1.19694411111111 -0.504523777777778 -0.359143333333333 0.567964444444444 31.8732 114.395444444444 319.235444444444 197.428 157.378444444444 160.805 33.5068888888889 -33.4122444444444 -23.1792333333333 0.141444444444444 -19.1671144444444 -29.1623 -47.6186666666667 -0.265697777777778
-6.68504 -7.87436 -14.54212 3.24898 4.21728 0.879668 0.705598 -0.2156 1.870254 -1.506966 1.412262 -1.839548 1.318468 -0.254258 -6.09446 161.6276 -422.47 -125.8846 -6.382 -1.44798 42.3102 26.24254 -33.82038 -47.22518 10.69406 -19.1981 26.77738 2.16618
