-5.145425 -17.973915 -1.91375 3.8992 -0.00449999999999984 3.8159075 -0.9935 -0.7534425 2.9363775 -1.9017175 0.755715 -0.0781325 -0.544635 0.111365 -11.408 -289.3475 551.74 84.34125 9.31345 23.676 -60.69325 -70.558 16.907575 2.928675 -35.49975 -6.93915 -17.370175 -39.10625
-4.29242 -9.29584 0.443042 3.453913 0.1972438 3.344428 0.551291 -2.035363 0.701134 -1.447237 0.213254 -0.9349549 0.052014 0.1944711 77.7123 678.191 494.993 -48.5548 5.9234 6.47388 -10.022403 -48.0817 -110.07037 20.92191 -46.00827 -28.99986 15.6552 -1.039412
-5.22524166666667 -17.6253833333333 -3.861125 0.759660833333333 -1.5158875 1.71356666666667 0.0929833333333333 -0.446365 0.973191666666667 -0.736036666666667 0.134933333333333 0.0489941666666667 0.37236875 -0.370465 82.5990833333333 1114.05416666667 -14.9461666666667 -116.517318333333 9.57829166666666 -91.2045 -48.314 -17.0477333333333 -33.6183083333333 32.1775683333333 24.1588058333333 -8.72769166666667 21.4513666666667 -7.47133333333333
-1.50785158823529 14.7319881176471 2.90119126823529 -2.53497465882353 -0.287835176470588 -2.32115235294118 -0.375328728235294 0.733879952941177 -0.808897254117647 1.28218836470588 -0.125738282352941 0.216684705882353 0.422691857647059 -0.478081282352941 -3.80870247058824 -74.315505882353 25.5785697647059 -13.0562938823529 14.0935615294118 -17.4353070705882 6.82181268235294 0.423267752941177 -4.91505329411765 6.51853905882354 -6.94108588235294 4.96311011764706 -1.81969376470588 -0.147727058823529
-2.97692941176471 -2.66317647058823 -27.2159411764706 6.65796647058824 1.35800658823529 0.777885647058824 1.57874235294118 0.400624117647059 2.33023235294118 -1.71791529411765 1.52264 0.0649348235294118 -0.252624 0.801977117647059 1.31627882352941 62.7875411764706 78.4088235294118 71.8170470588235 54.8217764705882 18.11 14.1495823529412 2.30438682352941 -8.0967 -9.2554 14.4144088235294 17.6487294117647 -3.74336470588235 0.069141176470588
-4.16988428571429 -10.3788627857143 3.30521857142857 -0.0511296428571428 2.45108257142857 3.32411035714286 0.0413439285714286 -1.57110860714286 0.969537510714286 -0.573514285714286 -0.486100714285714 0.604726785714286 -0.727926071428572 -0.0357460000000001 -26.3506321428571 -349.4325 -24.2663214285714 50.2152060714286 57.3895142857143 51.4794464285714 14.9635446428571 -12.9878892857143 16.6786821428571 -14.965875 -13.6791642857143 10.4772317857143 -4.39416428571429 2.92665214285714
-3.4714247368421 -2.23368631578947 -6.47318052631579 2.31153287368421 0.651547368421053 0.953051984210526 -0.672957894736842 -0.840324210526316 1.76648578947368 -0.805198421052631 -0.127173631578947 -0.443737052631579 0.113557315789474 0.702128157894737 -5.2011 -14.3341052631579 -144.061421052632 59.3257410526316 68.5512631578947 -52.5753052631579 -16.6449178947368 19.8770473684211 60.4283105263158 -42.3612631578947 -18.2887526315789 13.1180394736842 19.7723473684211 -13.6651894736842
-7.89102142857143 -60.3291571428571 -6.25548357142857 4.88995 1.64562285714286 4.22238642857143 0.313790428571429 0.553877142857143 1.48337285714286 -0.650019142857143 0.803025071428571 -0.323606071428571 0.260732142857143 0.748149714285714 -115.288714285714 -1614.1 -121.369785714286 134.705907142857 -5.97989285714286 25.4411071428571 37.3880428571429 42.8925428571428 33.9186071428571 -19.0787 14.5486571428571 26.0273071428571 19.3422142857143 8.14974285714286
-5.32998571428571 -19.6938785714286 -2.394383 4.34310285714286 -0.940085 4.21723357142857 2.05437357142857 -1.74036528571429 1.24068642857143 -0.99368 0.882372142857143 0.989921 -1.05382121428571 -0.0413043571428571 -51.5338928571429 -532.895 -216.788571428571 165.849871428571 35.3792857142857 89.0422857142857 13.9752 -37.0391214285714 27.5233571428571 -11.8358857142857 44.5061814285714 -14.1258214285714 -37.3955707142857 18.2231357142857
-2.41527952631579 8.51531105263158 2.11246474410526 -1.71787368421053 0.941902631578947 1.20420315789474 0.827367789473684 -1.05333894736842 -1.33507473684211 0.407952631578948 -0.277598421052632 -1.20039126315789 -0.0591959473684211 0.180663578947368 13.0549036842105 102.463368421053 114.770421052632 -10.0615789473684 -76.7544894736842 -22.6213884210526 14.5397947368421 5.02124 -59.0926157894737 18.2128242105263 13.9281157894737 2.82354263157895 3.56776315789474 1.45491052631579
-2.77188166666667 6.45591844444445 -1.47147166666667 -1.24195055555556 1.27926833333333 1.50879355555556 -0.566866111111111 -1.10403544444444 0.314804555555556 -0.0931010555555555 -0.277171111111111 -0.4898172 0.202449333333333 -0.310908888888889 17.1941388888889 210.281777777778 139.977 -170.922444444444 -41.8363333333333 -23.1660377777778 -2.50195555555556 6.2243 -33.3799944444444 38.8336666666667 -19.4097327777778 9.14776666666667 -6.61739444444444 -8.84085
-2.47182947368421 10.8074684210526 1.01846368421053 -3.45252278947368 0.730922947368421 2.38880157894737 0.275576473684211 -1.33441494736842 -2.864473 0.708937368421053 0.602116052631579 -1.63656205263158 -0.215665105263158 0.357198421052632 3.108 84.1714421052632 -96.4508421052632 10.5904736842105 106.071063157895 46.4703315789474 -69.1623157894737 -35.3162421052632 37.873 29.9979263157895 -18.3853536842105 -34.3313736842105 -3.2823947368421 13.6105684210526
-2.88378888888889 1.267025 2.40283111111111 0.310643833333334 -0.935731888888889 -1.90679444444444 0.528638416666667 1.07031391666667 -0.653087641666667 -0.234756944444445 -0.679955833333333 0.283869972222222 0.26476425 -0.000148583333333378 22.5803904444445 323.091111111111 -51.0504777777778 -55.1348222222222 32.0828180555556 -9.11375833333333 -5.74994444444444 -4.77084722222222 -15.7832686111111 7.38009722222222 4.82678888888889 -4.15209 15.643375 1.11608333333333
-2.745631 2.008893 6.138714 1.0611429 -1.82126775 -1.5223405 0.3265335 1.1672125 0.00343649999999993 -1.3239675 -0.7592605 -0.5449255 -0.412676 -0.00769245000000002 2.12284695 -44.2661395 59.1827 15.54672 -36.8538 -8.95069 -19.62013 -1.269535 55.94876 -40.9547 9.04473 13.670775 -11.34434 -16.5867195
-3.31403333333333 -0.401144444444445 -19.6875555555556 5.27369555555556 -0.905987537777778 0.854503555555555 0.620330777777778 -0.226347444444444 2.54942222222222 -1.78154666666667 1.52270555555556 0.000267888888888932 -0.369002222222222 0.617592222222222 24.1656 337.152222222222 250.938888888889 149.733444444444 62.7584444444445 3.69913333333333 -13.9689888888889 -25.4961666666667 -0.314688888888887 -38.4167 -41.6622222222222 -5.79119111111111 16.3528922222222 -1.01244333333333
-2.70331810869565 3.11325282608696 3.70234282608696 -0.918596717391304 -0.313081869565217 -0.0184615217391304 -0.475545826086957 0.164831869565218 -0.302685804347826 0.724759152173913 0.256286391304348 -0.106263695652174 0.47266597826087 -0.193658065217391 -12.3692306521739 -169.040934782609 0.71697391304348 58.9475913043478 -23.1647439130435 13.5063043478261 5.09147369565217 -3.63035652173913 4.06261086956522 -2.06619326086957 8.45615434782609 0.0859478695652178 -4.6551947826087 0.424021739130435
-3.66572074074074 -7.8504962962963 -5.82999666666667 1.96475703703704 1.12157514814815 1.47619725925926 0.335827037037037 -0.45529 0.934393333333333 -0.675028518518519 0.395872222222222 -0.484433703703704 -0.766048085185185 0.549424814814815 -12.7930414814815 -145.489222222222 -72.5421055555555 -6.41034074074074 75.5242925925926 49.844762962963 -22.8406 -15.6136037037037 21.5400407407407 22.5129014814815 0.180525925925926 -29.9067037037037 -18.8887211111111 15.8834222222222
-2.05327047368421 11.3196976315789 3.2503495 -2.19201480701754 -0.609191195614035 -1.57242857017544 -0.153685087719298 0.303286640350877 -0.995204780701755 0.749884368421053 -0.242100280701754 0.607985403508772 -0.014323549122807 -0.390481394736842 -0.648400877192983 18.2426520175439 -24.8870137719298 10.1607820175439 -10.0624744736842 1.79903728070176 4.94277964912281 1.21041526315789 -2.54072510526316 -2.53174614035088 2.0473052631579 -1.00708813157895 1.11436956140351 -2.16748885964912
-3.45451517241379 -5.76974103448276 5.46512068965517 -0.347060344827586 -0.113245362068965 -0.707225413793104 -0.247011620689655 0.185453448275862 0.132581034482759 -0.0581080344827586 0.0139928965517242 -0.0025124137931035 -0.504655172413793 0.235094172413793 -16.0656965517241 -268.620344827586 106.324862068966 -4.91556896551724 44.9656517241379 29.5844517241379 -22.0214544827586 -29.0249551724138 29.9009468965517 0.725315517241379 -5.89664482758621 -0.613286551724137 -19.9268137931035 3.83384137931034
-5.85543157894737 -35.7250947368421 0.170642105263158 1.35401894736842 0.154576315789474 4.68483947368421 1.32395421052632 -0.820288736842105 -0.779197421052632 -0.133779631578947 1.09705457894737 0.141370368421053 -0.462671631578947 -0.121725789473684 -70.3579473684211 -961.547894736842 16.7748947368421 136.794798947368 -39.728747368421 61.8361105263158 25.4593768421053 27.6050973684211 36.6342210526316 -32.7199105263158 -0.200857894736842 25.5334315789474 -14.6738421052632 -0.834911052631579
-3.89397272727273 -2.74752727272727 -20.3133272727273 4.23858545454546 0.642591818181818 3.14972727272727 1.95059636363636 -0.846194545454546 2.11815963636364 -1.30062727272727 2.21199727272727 -0.851611818181818 -0.373139818181818 0.634444545454545 5.17042727272727 47.6127272727273 -587.325454545455 22.8685454545455 40.3149090909091 12.7488636363636 4.37908181818182 25.7359545454545 29.1768363636364 -6.95053636363637 -8.23825454545455 -18.0636727272727 10.9670890909091 8.34455454545454
-4.910675 -18.7640875 2.47507041666667 1.70625708333333 -1.39637208333333 1.24883916666667 0.537862916666667 -0.215472375 0.360784166666667 -1.12900916666667 0.0538425 0.155279291666667 -0.0681683333333333 -0.0344496666666667 -34.5422916666667 -483.548333333333 72.0749833333333 73.5084583333333 -82.4844583333333 22.514 -13.553675 -6.72567416666667 51.9676041666667 -24.2628291666667 -4.79102916666667 6.51179166666667 -14.0635804166667 0.577770833333333
-2.12860636842105 12.1011421052632 6.40555105263158 -4.90763631578947 1.86320789473684 2.26466015789474 -0.706513684210526 -1.23420842105263 -1.48274157894737 1.25115042105263 -0.513686315789474 -1.53095689473684 0.364776315789474 0.548332789473684 -0.231826315789474 -140.853052631579 144.234526315789 -83.384652631579 -30.5381631578947 24.3201736842105 19.2223342105263 7.5553052631579 -40.4475736842105 26.4463894736842 19.9384036842105 -7.66577263157895 -1.42592631578947 -3.06975263157895
-4.43161111111111 -6.81907777777778 -6.7324 4.20549444444444 0.295662222222222 1.21465666666667 1.35386888888889 0.781796444444444 0.969473333333333 -0.796488555555556 1.10022711111111 0.336520444444444 -0.207062222222222 -0.0827455555555556 18.6342877777778 406.473333333333 -349.141111111111 154.02 -35.4552222222222 -76.0647333333333 52.1942777777778 18.2726888888889 -67.3302222222222 34.0228666666667 34.8197777777778 -21.0103333333333 20.2218111111111 20.7016333333333
-2.42547247058824 4.27247607843137 0.504710980392156 0.988108823529412 -0.294706470588235 -2.56343725490196 -0.816854156862745 0.868376290196079 0.289747450980392 0.0418234313725488 -0.947451235294117 0.307090784313725 0.399085843137255 -0.155670588235294 5.46926521568628 124.143411764706 -0.950172352941175 -65.6673490196079 7.56693333333333 11.4042921568627 2.08319647058824 -1.60127705882353 -15.3790980392157 2.4138562745098 2.42115549019608 9.53569 2.02723137254902 -12.0653754901961
-4.9748 -2.55346666666667 -6.73308333333333 -0.957383333333333 -0.662036666666666 -0.258435666666667 -0.146733333333333 0.401556666666667 2.41430833333333 -1.40610883333333 1.93242 -0.182145 -0.451876666666667 1.07601166666667 59.7288333333333 1996.9 -23.3695 -107.414 -57.3934333333333 -157.526566666667 34.5732 -21.5823333333333 7.76135 -32.8918666666667 25.4203666666667 -20.8522333333333 -9.9595 14.958775
-2.81055885714286 0.663218928571429 5.30202035714286 -0.394031785714286 -0.0749599999999998 -1.67111321428571 -1.14535728571429 -0.438520928571428 0.324969285714286 0.730927464285714 -0.575142964285715 0.253339642857143 0.229007071428571 -0.178075182142857 43.9626785714286 485.200714285714 -22.71188 -141.529035714286 -27.6103428571429 -23.2270878571429 1.50352857142857 16.7341214285714 -15.4305714285714 22.6785485714286 -6.19697857142857 10.7016349285714 16.7889428571429 -0.994428571428571
-7.79974615384615 -46.6716692307692 -20.3497076923077 7.08455692307693 -0.477505384615385 2.73619461538462 1.95884076923077 1.06843430769231 2.04529153846154 -1.66722230769231 0.845644692307692 0.151432307692308 -0.536006538461538 0.783632307692308 -30.8173384615385 -304.966153846154 -232.423692307692 -81.1966 -111.535461538462 -80.3987692307692 -5.49833076923077 19.3061461538462 -22.8145384615385 -6.99971538461538 6.54468461538461 3.63136923076923 -8.53696153846154 9.48004307692308
-3.118535 7.9481875 -4.5094 3.54604 3.83403375 2.3036125 -1.39440375 -0.27663625 0.7368375 -1.097075 0.0596425 -1.53896 0.595459 -0.0485442125 10.250775 105.1923125 501.225 -85.632 76.5787 49.61325 -37.897525 -29.570125 -59.5532375 5.8655 -26.207625 -31.935 19.99890875 -41.9468
-2.1030392 10.9806225 2.46148625 -1.602593 0.369724599999999 -1.3863929 -0.954120575 -0.54197145 0.0692190499999999 0.3028955 -0.5622965 0.2154397 -0.043076 0.1041785 12.086069 184.70915 -49.3480325 21.386001 -54.2903775 -6.855853 18.117918 21.88139775 2.4472675 -6.9366854 0.17490605 -1.474154 3.364936 6.8252275
-3.74662777777778 -6.23744277777778 1.65778611111111 1.33431111111111 -1.42639444444444 0.819001111111111 1.20450266666667 1.18375833333333 -0.607875 -1.10500572222222 0.298035 -0.543487666666667 0.295813222222222 0.395812 -5.06315555555556 -247.412777777778 154.346 68.0924333333333 -91.0359888888889 -67.3598888888889 34.4032277777778 60.43646 -24.3174916666667 -4.06781111111111 -9.38366666666666 2.36252888888889 5.65862777777778 17.1415277777778
-4.218925 -2.814475 -12.910175 -2.683225 0.000150000000000095 0.099475 -1.25495 1.75403 3.101575 -2.648 2.95825 0.677075 -0.568545 0.109495 255.4425 3402.525 -90.6875 -400.895 -12.292675 -176.875 -98.5275 -21.62325 21.41825 -11.89275 88.68 12.78075 15.12426 -11.89205
