-3.1701	13	-8.549	2.1224	1.2337	-0.15588	2.4	0.49603	2.1656	0.13239	1.7819	1.2724	-2.1817	-0.25889	0	0	0	0	0	0	0	0	0	0	0	0	0	0
-0.21032	19.397	3.972	2.3859	0.85602	2.2821	2.0605	-2.7768	-1.7662	-1.7666	-1.618	1.2801	0.12575	-0.34733	118.39	255.89	500.84	10.538	-15.107	97.521	-13.578	-130.91	-157.27	-75.961	-136	0.30863	92.3	-3.5373
0.35538	32.182	8.0473	-1.9283	-1.6111	2.7572	-1.5411	0.29483	-3.1179	-4.4121	-0.67603	0.88327	2.0697	-0.58182	22.628	511.37	163.01	-172.57	-98.683	19.002	-144.07	122.86	-54.068	-105.82	37.678	-15.872	77.758	-9.3796
0.60947	32.189	8.1195	-3.7383	-1.9992	-0.12493	-1.205	1.6575	-2.1299	-4.6763	0.032807	0.58431	3.3379	-0.89016	10.164	0.30566	2.8864	-72.4	-15.527	-115.28	13.444	54.507	39.522	-10.566	28.353	-11.958	50.729	-12.334
0.72007	30.072	9.9213	-3.82	-2.0748	-1.5688	-3.5338	4.5871	-1.706	-3.5185	-1.5547	-0.83918	4.676	-0.24948	4.4236	-84.682	72.072	-3.2695	-3.0236	-57.755	-93.149	117.19	16.957	46.312	-63.502	-56.94	53.522	25.627
0.59598	25.232	11.923	-4.061	-1.9917	-3.2426	-5.6101	6.1242	-0.79401	-2.4501	-1.1622	-1.5968	3.6971	-0.087418	-4.9633	-193.61	80.085	-9.6419	3.3242	-66.954	-83.055	61.481	36.478	42.734	15.702	-30.306	-39.156	6.4823
0.37264	17.769	12.045	-1.7597	-2.9369	-4.6585	-6.1958	5.7579	1.7631	-2.2619	0.46926	-2.6863	2.1244	1.2228	-8.9337	-298.5	4.8521	92.052	-37.807	-56.635	-23.425	-14.649	102.28	7.5297	65.258	-43.578	-62.905	52.408
0.36647	13.175	11.457	0.76654	-3.5455	-5.5494	-5.7464	5.6575	1.4319	-0.78475	1.2831	-2.7093	0.27911	1.2786	-0.24665	-183.76	-23.521	101.05	-24.345	-35.636	17.974	-4.0194	-13.247	59.085	32.553	-0.92002	-73.813	2.2306
-0.014805	11.247	9.9801	3.6621	-4.4813	-5.4347	-4.702	3.8248	1.6868	0.21575	1.5731	-3.0079	0.22413	0.7926	-15.251	-77.139	-59.064	115.82	-37.43	4.5905	41.777	-73.304	10.198	40.02	11.6	-11.943	-2.199	-19.438
-0.19562	9.4816	9.0173	3.9467	-3.3	-5.0523	-5.1855	3.1294	0.93654	0.71588	2.1667	-2.1622	0.20104	-0.54412	-7.2328	-70.609	-38.512	11.383	47.252	15.296	-19.339	-27.817	-30.011	20.005	23.745	33.826	-0.92346	-53.469
0.0016271	11.631	6.9238	3.8154	-2.4864	-5.6798	-5.2602	2.6802	1.5468	0.70853	2.591	-2.2168	-0.37839	-0.80767	7.89	85.956	-83.739	-5.2522	32.542	-25.103	-2.991	-17.97	24.41	-0.29385	16.972	-2.1837	-23.177	-10.542
-0.28307	11.65	6.163	4.0812	-2.219	-6.2169	-4.8487	2.2086	2.0493	0.87551	2.2593	-2.2221	-0.49412	-1.2538	-11.388	0.77829	-30.433	10.632	10.696	-21.483	16.46	-18.862	20.102	6.6792	-13.269	-0.2122	-4.6294	-17.846
-0.35396	10.947	6.1444	3.9931	-2.6367	-5.6405	-3.8468	2.5559	2.4971	0.63242	1.3259	-2.5121	-0.13392	-0.82041	-2.8355	-28.133	-0.74287	-3.5253	-16.707	23.059	40.079	13.891	17.91	-9.7237	-37.336	-11.6	14.408	17.336
-0.51193	14.431	4.7729	3.499	-4.4233	-4.9382	-3.2497	3.3948	3.4853	-0.28458	0.47266	-2.8603	-0.23993	-0.51737	-6.3188	139.36	-54.86	-19.762	-71.464	28.09	23.882	33.557	39.53	-36.68	-34.129	-13.926	-4.2404	12.122
-0.93611	14.081	5.2565	1.1803	-4.4242	-3.3677	-2.2828	3.4203	4.2616	-2.8577	-0.12178	-1.1631	-0.11087	-0.28005	-16.967	-13.995	19.344	-92.75	-0.037468	62.821	38.676	1.0193	31.049	-102.93	-23.778	67.888	5.1626	9.4927
-1.7113	9.7946	8.2409	-2.7496	-4.3572	-0.9936	-0.31695	4.3391	1.0655	-3.3881	-1.1131	0.60553	1.2827	-1.2384	-31.008	-171.45	119.37	-157.19	2.6825	94.963	78.635	36.753	-127.84	-21.215	-39.652	70.744	55.744	-38.334
-2.8048	-6.2717	5.3958	1.0969	-5.969	1.6645	2.5431	1.1634	-0.28025	-2.1352	-0.025888	1.8904	0.61484	-2.5632	-43.741	-642.65	-113.8	153.86	-64.475	106.32	114.4	-127.03	-53.828	50.114	43.488	51.393	-26.716	-52.992
-4.6634	-23.381	5.5525	2.3484	0.057484	2.7944	2.1322	0.48717	1.0384	-2.2664	-2.3489	2.2238	-0.44979	-2.368	-74.345	-684.37	6.2675	50.059	241.06	45.198	-16.435	-27.05	52.747	-5.2481	-92.919	13.336	-42.585	7.8068
-5.1373	-26.312	4.6687	1.1821	2.0248	3.8121	2.3079	-0.41963	0.9522	-1.0962	-2.398	4.1163	-0.9003	-1.5682	-18.953	-117.25	-35.351	-46.653	78.694	40.709	7.0259	-36.272	-3.4496	46.811	-1.967	75.7	-18.02	31.993
-5.438	-30.335	3.0903	-0.24333	2.7754	3.9739	2.2355	1.8997	-0.31417	-0.20623	-1.8379	4.213	-1.644	-0.9108	-12.028	-160.9	-63.135	-57.016	30.021	6.4696	-2.896	92.774	-50.655	35.598	22.406	3.8681	-29.749	26.295
-2.7003	10.774	1.6124	-9.2657	3.822	-1.4782	0.33691	0.065727	-4.0549	3.2833	-0.53525	0.65905	0.34126	-1.8142	109.51	1644.3	-59.117	-360.89	41.864	-218.08	-75.942	-73.36	-149.63	139.58	52.106	-142.16	79.411	-36.136
-2.7022	8.9408	0.38937	-9.5962	4.2821	-2.3859	-0.29602	-1.6986	-5.1871	3.885	0.69689	0.24723	0.85982	-2.0744	-0.079119	-73.316	-48.922	-13.224	18.404	-36.309	-25.317	-70.573	-45.287	24.071	49.286	-16.473	20.743	-10.408
-3.8832	-37.306	0.92305	-4.1528	2.5496	0.86974	1.8727	-1.3465	-4.7978	3.889	0.46526	0.6228	0.038933	0.60074	-47.238	-1849.9	21.347	217.74	-69.3	130.23	86.748	14.085	15.569	0.15743	-9.265	15.023	-32.836	107.01
-3.1228	-5.9187	6.357	-10.777	-0.40331	0.058355	1.2511	-0.86973	-1.6141	5.0646	-0.51976	1.7924	-0.89509	0.25596	30.418	1255.5	217.36	-264.99	-118.11	-32.456	-24.862	19.07	127.35	47.023	-39.401	46.785	-37.361	-13.791
-2.7026	7.5099	3.5267	-6.4627	-2.9701	-1.7883	1.6045	-0.89996	-1.2593	4.478	-0.053672	1.7668	-1.7583	0.21798	16.806	537.14	-113.21	172.59	-102.67	-73.868	14.133	-1.2091	14.19	-23.463	18.644	-1.0232	-34.527	-1.5192
-1.4056	19.746	4.0532	-10.271	-3.045	0.41139	-0.66178	-0.59838	-0.5254	3.4865	0.737	0.28697	-0.5742	-0.86222	51.878	489.45	21.059	-152.35	-2.9965	87.989	-90.649	12.063	29.357	-39.661	31.627	-59.194	47.363	-43.208
-0.6084	30.19	-0.76041	-9.9972	-1.0068	-2.775	1.415	-1.4567	-0.33314	3.1928	0.75558	0.36925	-0.54509	-0.36449	31.89	417.76	-192.54	10.969	81.527	-127.45	83.07	-34.332	7.6902	-11.747	0.74316	3.2912	1.1642	19.909
-0.14367	34.722	0.81166	-9.125	-0.98334	-3.1569	1.4595	-1.5715	-0.51808	3.2769	0.79505	-0.21923	-0.90124	-0.62996	18.589	181.27	62.883	34.892	0.94017	-15.278	1.7824	-4.5916	-7.3974	3.3632	1.579	-23.539	-14.246	-10.619
0.013873	29.608	5.0743	-8.1332	-5.6465	-1.7972	1.9826	-2.3348	0.3918	3.1351	0.8398	-0.44196	-0.27535	-1.1194	6.3019	-204.57	170.51	39.67	-186.52	54.391	20.925	-30.532	36.395	-5.6705	1.7898	-8.9091	25.036	-19.579
0.022628	30.449	4.5819	-8.452	-4.1198	-3.2483	2.9297	-2.0094	0.26316	3.3045	0.97854	-0.63183	-0.012766	-1.5334	0.3502	33.666	-19.697	-12.751	61.066	-58.044	37.884	13.016	-5.1456	6.7748	5.5498	-7.5949	10.503	-16.557
0.24186	30.664	3.9705	-7.2701	-4.4294	-3.2526	3.1507	-1.6401	-0.13005	3.7118	1.0229	-1.1245	0.67364	-2.0568	8.7693	8.5697	-24.458	47.275	-12.385	-0.17204	8.8401	14.773	-15.728	16.294	1.7745	-19.708	27.456	-20.938
0.14551	32.466	3.2624	-6.9333	-6.766	-1.0885	1.8903	-0.89838	-0.13907	3.347	0.92717	-1.1026	0.37719	-1.8061	-3.8539	72.116	-28.321	13.474	-93.461	86.565	-50.419	29.667	-0.36074	-14.593	-3.8295	0.87749	-11.858	10.027
0.11697	32.209	2.6416	-5.824	-7.6438	-0.91408	1.6481	-0.7661	0.23716	2.619	1.5069	-1.7085	0.83344	-1.77	-1.1417	-10.281	-24.834	44.372	-35.112	6.9755	-9.6849	5.2913	15.049	-29.121	23.191	-24.236	18.25	1.4471
0.4544	32.013	3.8303	-6.0251	-7.7861	-0.70163	1.724	-0.77133	0.77395	2.275	1.8712	-1.825	0.90896	-1.7348	13.497	-7.8511	47.549	-8.0462	-5.6936	8.4979	3.0337	-0.20952	21.472	-13.76	14.572	-4.6592	3.0211	1.4049
0.49687	33.565	4.5855	-7.3255	-6.9024	-1.5388	1.9432	-1.1486	0.67209	2.3035	1.635	-1.6712	1.2559	-2.2024	1.6987	62.069	30.206	-52.017	35.348	-33.488	8.7666	-15.09	-4.0744	1.1385	-9.4475	6.1501	13.876	-18.703
0.61566	37.502	3.0418	-6.8451	-6.5586	-2.1035	1.4805	-0.98161	0.021032	2.9892	1.0345	-1.4191	1.2281	-2.2368	4.7516	157.49	-61.746	19.217	13.752	-22.588	-18.508	6.6786	-26.042	27.431	-24.023	10.087	-1.1103	-1.3758
0.95986	39.031	3.2884	-6.4907	-7.5024	-0.58791	0.36156	-0.58476	0.28423	2.2678	1.8867	-1.4408	1.2309	-1.6528	13.768	61.153	9.863	14.177	-37.753	60.625	-44.756	15.874	10.528	-28.858	34.089	-0.86879	0.11148	23.361
0.84652	37.291	4.0677	-4.664	-8.9378	-0.25652	0.23128	-0.99488	0.19738	1.3793	2.5703	-1.6572	1.0643	-1.2666	-4.5336	-69.597	31.175	73.068	-57.416	13.255	-5.2113	-16.405	-3.474	-35.542	27.346	-8.6562	-6.6638	15.45
0.63064	39.467	2.8003	-4.4321	-6.9678	-1.4585	1.3024	-1.6141	-0.31952	1.0011	2.6726	-1.411	1.3999	-1.7414	-8.635	87.057	-50.697	9.2749	78.801	-48.078	42.844	-24.769	-20.676	-15.127	4.0922	9.8489	13.423	-18.993
0.31555	37.407	0.98395	-1.5873	-6.9337	-0.023158	0.37658	-0.54957	-0.90875	0.53695	2.3629	-1.4285	1.968	-2.167	-12.604	-82.436	-72.655	113.79	1.3632	57.413	-37.031	42.582	-23.569	-18.565	-12.39	-0.70333	22.724	-17.024
-1.0879	24.336	0.22368	1.5064	-5.2476	0.83321	0.16756	1.1756	-0.46505	1.1479	2.6557	-1.0268	2.3554	-2.5053	-56.139	-522.84	-30.411	123.75	67.443	34.255	-8.3609	69.006	17.748	24.438	11.713	16.07	15.499	-13.532
-2.7337	12.92	-9.7543	2.7132	-3.074	-0.55885	1.0987	0.54967	1.2697	0.41822	2.3094	1.7442	-1.2328	-1.3835	-65.83	-456.62	-399.12	48.272	86.944	-55.682	37.246	-25.037	69.392	-29.187	-13.853	110.84	-143.53	44.87
-3.2548	6.9699	-23.319	0.42188	-5.3598	0.88873	2.5005	0.5478	0.92644	1.4963	-0.76191	1.6724	-0.836	1.5712	-20.847	-238.01	-542.59	-91.653	-91.43	57.903	56.07	-0.074606	-13.732	43.121	-122.85	-2.8719	15.872	118.19
-2.4338	4.4373	-27.668	5.2532	-4.9209	2.2288	3.7836	-0.57839	1.4508	-1.0238	0.96216	2.0414	-0.33634	0.062779	32.843	-101.3	-173.96	193.25	17.557	53.604	51.327	-45.048	20.975	-100.8	68.963	14.758	19.986	-60.339
-2.1245	4.1294	-30.856	5.9012	-3.6694	3.411	3.699	-1.0481	1.2155	-1.5895	2.0095	1.4936	-0.021366	-1.1305	12.372	-12.314	-127.53	25.918	50.058	47.285	-3.384	-18.787	-9.4136	-22.626	41.894	-21.911	12.599	-47.731
-2.386	4.8073	-31.243	3.6315	-2.6731	2.1616	4.23	0.48764	1.7637	-2.1611	1.0701	2.4088	0.67258	1.3954	-10.461	27.113	-15.477	-90.785	39.853	-49.974	21.24	61.428	21.927	-22.864	-37.579	36.607	27.758	101.04
-3.4562	-5.3273	-27.374	0.77928	-3.6821	0.75597	3.5611	0.24965	3.8189	-1.0315	1.8113	1.2378	-0.88182	1.2786	-42.809	-405.38	154.76	-114.09	-40.363	-56.225	-26.758	-9.5195	82.211	45.184	29.65	-46.836	-62.176	-4.6706
-6.5362	-40.272	-20.158	-2.4861	-7.7202	-1.5297	2.3784	0.1445	3.2045	-1.1126	-0.99199	-0.28859	-1.0006	1.1077	-123.2	-1397.8	288.65	-130.61	-161.52	-91.425	-47.304	-4.2059	-24.577	-3.2461	-112.13	-61.057	-4.7516	-6.8385
-9.0309	-68.146	-6.1669	3.6579	-3.953	-1.6123	2.3407	-0.68067	1.3442	-1.7377	-1.5135	0.94385	-1.9766	-0.17955	-99.789	-1115	559.64	245.76	150.69	-3.3053	-1.5117	-33.007	-74.411	-25.001	-20.86	49.297	-39.04	-51.49
-9.2806	-59.587	-1.4009	2.5734	-3.8106	-3.5054	-0.40035	0.80146	1.0366	-2.0959	-0.88501	0.91897	-1.1767	-0.8734	-9.9882	342.36	190.64	-43.382	5.6976	-75.723	-109.64	59.285	-12.306	-14.332	25.139	-0.99519	31.996	-27.754
-9.4701	-75.257	-12.833	-3.9196	-3.0311	-0.9027	2.6663	3.6232	1.0394	-1.6117	-0.14341	2.3672	0.35479	1.4271	-7.578	-626.82	-457.27	-259.72	31.18	104.11	122.66	112.87	0.11444	19.371	29.664	57.928	61.259	92.019
-7.9191	-48.941	-4.1853	-4.536	-1.4996	-0.58831	1.872	2.9006	2.7788	-0.028834	0.16228	3.1204	-1.5155	0.024256	62.039	1052.6	345.89	-24.655	61.261	12.576	-31.77	-28.907	69.574	63.314	12.228	30.129	-74.813	-56.113
-7.5142	-27.278	-11.101	-1.5767	0.054251	-2.7195	3.3322	3.6299	2.4757	0.60485	1.3981	2.7576	-1.0892	-0.13174	16.197	866.54	-276.62	118.37	62.153	-85.247	58.408	29.172	-12.121	25.347	49.433	-14.513	17.052	-6.2397
-7.6183	-32.774	-17.607	-0.010546	4.39	-1.1371	3.4518	1.5617	1.6278	-0.26389	-0.96022	2.1982	-0.23066	1.2834	-4.1653	-219.84	-260.24	62.647	173.43	63.295	4.7842	-82.727	-33.917	-34.75	-94.333	-22.374	34.343	56.604
-5.9132	-28.711	-8.5633	3.7231	7.1134	0.062437	5.4898	3.6485	2.7021	0.46592	-0.31194	1.2684	-2.2954	0.29849	68.206	162.5	361.74	149.35	108.94	47.982	81.519	83.471	42.973	29.192	25.931	-37.192	-82.589	-39.395
-4.5943	-28.383	1.6917	6.48	4.6	1.7459	3.4916	1.2866	2.3587	-0.96083	-2.7478	0.16427	-2.4686	1.2938	52.753	13.143	410.2	110.28	-100.54	67.338	-79.926	-94.477	-13.74	-57.07	-97.435	-44.167	-6.9286	39.811
-3.7794	-14.434	1.6534	0.9145	3.4706	3.0942	3.0842	1.3417	0.32025	0.60234	-2.2892	0.64308	-2.1452	-0.57011	32.598	557.97	-1.5334	-222.62	-45.173	53.934	-16.299	2.2038	-81.536	62.527	18.344	19.152	12.934	-74.555
-3.218	6.7418	-0.39531	-3.8829	5.8121	2.7336	1.3028	-0.28076	-2.2504	2.3543	-2.7688	0.88505	-0.70832	-1.4386	22.456	847.02	-81.949	-191.9	93.658	-14.425	-71.254	-64.896	-102.83	70.078	-19.185	9.6789	57.477	-34.74
-2.5801	11.106	-3.0233	-3.8781	10.016	2.4968	-2.2062	-0.031472	-0.81226	3.6929	-4.2349	0.60749	-0.0079767	-0.99324	25.515	174.56	-105.12	0.19086	168.15	-9.4724	-140.36	9.9714	57.525	53.543	-58.641	-11.103	28.014	17.814
-2.5152	14.214	-6.3669	-1.8053	11.278	1.7472	-4.4392	2.0674	-0.80758	3.645	-5.0403	1.1104	0.41322	-1.042	2.595	124.34	-133.75	82.913	50.5	-29.982	-89.319	83.954	0.18738	-1.9129	-32.219	20.117	16.848	-1.9489
-2.4752	15.284	-7.7184	-0.62034	11.319	1.6449	-5.155	2.6842	-0.44354	2.7042	-4.6842	0.91985	0.79884	-1.563	1.6005	42.799	-54.06	47.398	1.6199	-4.0936	-28.629	24.672	14.561	-37.633	14.246	-7.6227	15.425	-20.84
-2.4485	14.076	-7.87	0.14124	11.513	1.2518	-5.4109	3.0657	-1.1528	3.0422	-4.7122	0.91013	0.6562	-1.6949	1.07	-48.319	-6.064	30.463	7.7793	-15.723	-10.238	15.259	-28.371	13.521	-1.1184	-0.38903	-5.7057	-5.2787
-2.4	14.452	-9.046	0.80755	11.909	0.99285	-5.1769	3.5539	-0.99183	2.7219	-4.769	1.1102	0.49511	-1.402	1.941	15.031	-47.037	26.652	15.827	-10.359	9.3609	19.53	6.4395	-12.815	-2.2738	8.0047	-6.4437	11.718
-2.608	12.12	-9.3635	2.1837	12.487	0.95979	-5.4359	3.2683	-0.42694	2.6113	-4.5924	0.77147	0.21573	-1.2871	-8.3226	-93.296	-12.7	55.047	23.14	-1.3226	-10.36	-11.424	22.596	-4.4223	7.0633	-13.551	-11.175	4.5941
-2.7389	9.7318	-9.4781	2.9417	12.841	1.0579	-5.2436	2.9131	0.16817	1.9571	-4.1822	0.39028	0.12893	-1.5918	-5.2358	-95.516	-4.5868	30.319	14.128	3.9243	7.6897	-14.208	23.804	-26.167	16.41	-15.248	-3.472	-12.188
-2.6102	6.5689	-8.3508	2.8859	12.038	2.6584	-5.2649	2.7904	0.62904	1.0953	-3.831	0.22544	0.25367	-1.6935	5.1503	-126.52	45.093	-2.2317	-32.109	64.021	-0.85092	-4.9102	18.435	-34.472	14.048	-6.5935	4.9897	-4.0659
-2.7454	7.5117	-8.2814	2.0926	11.434	4.7226	-4.5434	1.8954	1.3763	0.56343	-4.3761	0.18754	0.62348	-1.9154	-5.4081	37.71	2.7753	-31.733	-24.145	82.566	28.859	-35.797	29.89	-21.276	-21.806	-1.5161	14.792	-8.8793
-2.8399	6.934	-7.0421	0.78144	10.265	6.6795	-2.8482	-0.36552	2.4747	0.64808	-4.5123	-0.060028	0.72954	-1.5668	-3.782	-23.107	49.571	-52.446	-46.757	78.276	67.809	-90.438	43.938	3.3861	-5.4462	-9.9026	4.2425	13.945
-3.2778	-1.4087	-4.9374	-0.1905	8.9693	8.98	-1.4366	-1.5169	2.5969	1.1887	-3.3896	-1.2549	0.72851	-0.99117	-17.517	-333.71	84.191	-38.878	-51.844	92.022	56.463	-46.056	4.8843	21.623	44.908	-47.795	-0.041423	23.026
-4.4938	-38.128	-1.4186	-0.69518	7.9142	8.6235	4.1868	-1.3033	0.98057	1.6247	-2.3543	0.72238	-0.37436	-0.23845	-48.639	-1468.8	140.75	-20.187	-42.201	-14.263	224.94	8.5457	-64.651	17.442	41.41	79.092	-44.115	30.109
-6.8951	-61.695	-5.4459	8.0476	9.4169	6.6121	5.4124	1.0609	0.78608	0.68169	-1.9547	0.95174	-2.3634	0.0085639	-96.051	-942.67	-161.09	349.71	60.105	-80.453	49.024	94.568	-7.7793	-37.72	15.987	9.1744	-79.561	9.8805
-6.488	-33.846	-12.394	5.8019	5.5768	4.6259	4.6863	-1.2385	1.7121	0.95198	-1.9391	-0.54984	-1.9539	0.33289	16.282	1114	-277.9	-89.826	-153.61	-79.448	-29.046	-91.976	37.042	10.812	0.62413	-60.063	16.378	12.973
-3.2789	-10.967	-8.3252	6.4572	8.1986	0.20048	0.43769	-0.29527	3.2249	-0.39979	-1.4399	-0.06212	-1.4717	-0.5634	128.36	915.17	162.73	26.21	104.87	-177.02	-169.94	37.728	60.509	-54.071	19.966	19.509	19.289	-35.851
-1.645	4.86	-1.2106	4.894	7.9112	4.9271	-2.5628	-0.24494	0.93656	-1.2189	-2.3795	-0.92034	0.34195	-2.2857	65.36	633.08	284.59	-62.528	-11.495	189.07	-120.02	2.0135	-91.533	-32.765	-37.585	-34.329	72.547	-68.891
-0.90865	20.324	-1.7679	1.7326	7.578	5.5067	-3.1667	-2.4864	-0.16397	-0.83547	-2.5871	-2.6795	0.97255	-2.0905	29.452	618.58	-22.295	-126.45	-13.329	23.183	-24.157	-89.66	-44.021	15.338	-8.3035	-70.365	25.224	7.8046
-0.74961	21.658	-1.9197	1.7573	6.1008	7.1848	-4.6617	-2.7457	1.4322	-1.5572	-3.054	-2.1176	0.20959	-2.1846	6.3615	53.349	-6.0689	0.98508	-59.086	67.123	-59.798	-10.372	63.848	-28.87	-18.674	22.475	-30.518	-3.7631
-1.0869	13.283	-0.81469	3.1617	5.3244	7.1642	-3.0832	-3.5628	2.8118	-1.2505	-3.6659	-1.7132	1.1033	-3.1097	-13.493	-335.02	44.199	56.178	-31.058	-0.82241	63.14	-32.683	55.183	12.267	-24.479	16.175	35.747	-37.003
-2.0117	5.0743	-3.2398	4.7429	5.8698	7.669	-2.8668	-3.3459	4.4332	-1.937	-3.7306	-1.4752	0.82429	-2.9829	-36.991	-328.33	-97.003	63.247	21.82	20.194	8.6565	8.6775	64.857	-27.46	-2.5845	9.5205	-11.159	5.0717
-3.7393	-15.344	-8.9179	5.7344	8.7874	6.6595	-1.4599	-1.9557	4.4092	-0.027391	-4.1931	-0.021585	1.2406	-3.1494	-69.104	-816.73	-227.13	39.66	116.7	-40.382	56.273	55.605	-0.96115	76.386	-18.503	58.145	16.653	-6.6602
-7.1959	-65.046	-15.899	2.2298	4.934	6.6719	1.2834	-0.36478	4.122	0.65694	-3.9831	0.50218	2.3655	-1.7637	-138.26	-1988.1	-279.23	-140.18	-154.13	0.49508	109.73	63.638	-11.487	27.373	8.4017	20.951	44.994	55.428
-12.208	-98.114	-14.533	2.7226	5.5753	3.0434	0.66858	1.2697	2.1622	0.75828	-2.1144	-0.075425	0.090273	-0.21297	-200.47	-1322.7	54.626	19.711	25.65	-145.14	-24.594	65.38	-78.396	4.0537	74.749	-23.104	-91.007	62.03
-13.016	-100.82	-13.883	3.9355	2.4734	2.3945	2.848	2.1553	1.6911	-0.3786	-0.17036	2.1452	0.58524	0.43259	-32.345	-108.39	25.982	48.516	-124.08	-25.958	87.177	35.423	-18.843	-45.475	77.76	88.826	19.799	25.822
-5.1942	-42.567	-22.591	-8.2951	2.9505	1.4702	-0.84977	1.1866	2.3513	-0.50149	-0.78123	3.2228	0.71942	1.4997	312.88	2330.3	-348.32	-489.22	19.087	-36.973	-147.91	-38.747	26.407	-4.9155	-24.435	43.104	5.3674	42.686
-4.4191	1.276	-24.245	-7.6229	1.3263	-0.76158	-2.7137	-0.7835	1.7491	-1.6124	-1.6301	2.9007	0.76853	1.5537	31.003	1753.7	-66.14	26.887	-64.968	-89.269	-74.559	-78.805	-24.088	-44.437	-33.954	-12.884	1.9642	2.1592
-4.1048	3.9962	-16.367	-2.7703	1.6681	-3.6676	-3.9421	0.4353	2.1773	-1.5883	-0.47931	2.9833	-2.1238	0.13537	12.573	108.81	315.1	194.11	13.673	-116.24	-49.136	48.752	17.129	0.96525	46.031	3.3038	-115.69	-56.733
-3.8664	3.4278	-19.139	-1.6187	0.37188	-5.2643	-3.4119	-0.86277	2.4415	-0.71896	-1.2659	2.9498	-0.51259	1.3136	9.5328	-22.736	-110.88	46.061	-51.851	-63.865	21.208	-51.923	10.569	34.773	-31.464	-1.3422	64.449	47.128
-3.1747	17.24	-15.087	1.5494	3.4089	-2.3389	1.0578	1.5406	4.2173	0.62492	-0.39954	3.6141	-0.55732	0.19419	27.669	552.5	162.09	126.73	121.48	117.02	178.79	96.136	71.031	53.755	34.654	26.572	-1.7891	-44.775
-2.6447	25.874	-14.728	0.39146	5.8956	-2.196	1.0552	1.4802	1.2662	-2.0122	-0.19934	1.692	-1.8543	1.0324	21.201	345.36	14.37	-46.318	99.47	5.715	-0.10448	-2.4161	-118.04	-105.49	8.008	-76.884	-51.88	33.529
-2.6798	22.753	-14.594	1.4508	7.0246	-4.1117	-0.27173	3.523	3.5481	-0.74259	0.87735	0.79709	-1.8734	0.26206	-1.4037	-124.85	5.3544	42.374	45.161	-76.628	-53.076	81.711	91.276	50.786	43.068	-35.795	-0.76225	-30.814
-3.1571	10.981	-14.655	-0.69304	6.9978	-4.3997	-0.48673	1.6642	2.6844	-0.24228	-0.22923	2.3272	0.30751	1.8281	-19.092	-470.88	-2.4697	-85.754	-1.0754	-11.521	-8.6	-74.352	-34.551	20.012	-44.263	61.205	87.236	62.643
-2.2992	9.4966	-5.5045	1.4281	10.372	-0.72742	0.65365	-1.6858	1.7422	0.36518	0.73998	1.2775	-1.1951	0.78146	34.317	-59.385	366.04	84.845	134.97	146.89	45.615	-134	-37.687	24.298	38.768	-41.988	-60.104	-41.867
-1.4107	12.174	3.7769	1.421	8.2063	-1.2235	0.10694	-3.373	0.60134	-1.2905	0.67099	-0.39084	-0.91123	2.5391	35.537	107.1	371.26	-0.28433	-86.63	-19.845	-21.868	-67.486	-45.634	-66.229	-2.7594	-66.734	11.354	70.307
-0.87795	17.934	7.8874	-2.9928	3.1619	0.081142	1.7919	-3.9916	-1.3237	-0.13009	-0.24169	-0.33301	-1.7543	2.952	21.311	230.39	164.42	-176.55	-201.78	52.187	67.399	-24.744	-77.003	46.418	-36.507	2.3129	-33.722	16.513
-0.36638	20.993	9.1168	-5.4271	1.0145	1.3737	1.9817	-5.0297	-2.4457	0.28967	-0.014926	0.14203	-1.3851	2.2606	20.463	122.36	49.174	-97.369	-85.896	51.704	7.5925	-41.525	-44.879	16.79	9.0703	19.002	14.767	-27.655
0.014764	21.799	12.318	-8.3092	0.61116	0.62494	2.7021	-4.037	-4.2378	0.60553	0.96432	-0.18307	-1.406	2.0661	15.246	32.248	128.06	-115.29	-16.133	-29.952	28.814	39.71	-71.685	12.635	39.17	-13.004	-0.83385	-7.7798
0.26796	26.235	11.044	-9.015	0.21742	-0.44623	4.4915	-4.8194	-4.7333	0.024261	2.0336	-0.55981	-1.4112	2.6108	10.128	177.43	-50.949	-28.23	-15.75	-42.847	71.576	-31.296	-19.82	-23.251	42.77	-15.069	-0.20842	21.788
0.45595	27.721	10.446	-8.1226	-2.0377	0.1425	4.2664	-3.9742	-5.8374	-0.51475	2.7828	-0.54832	-1.2979	2.4926	7.5196	59.451	-23.954	35.698	-90.206	23.549	-9.0033	33.805	-44.161	-21.56	29.968	0.45956	4.53	-4.73
0.73024	27.966	10.372	-6.8613	-3.6156	0.69738	4.2725	-3.0044	-6.304	-0.63083	3.3902	-0.55017	-0.9652	2.3506	10.972	9.7887	-2.9581	50.45	-63.114	22.195	0.24401	38.793	-18.665	-4.643	24.296	-0.073952	13.309	-5.6792
0.56848	27.065	10.694	-6.1455	-4.7508	0.42284	4.3314	-2.7168	-6.1298	-1.7591	3.4862	-0.48359	-0.85056	1.6757	-6.4703	-36.012	12.877	28.633	-45.406	-10.981	2.3556	11.505	6.9674	-45.132	3.8395	2.663	4.5855	-26.996
0.48943	26.474	11.067	-6.3426	-4.5223	0.39969	4.946	-2.4009	-6.3584	-2.4695	3.6111	-0.18938	-1.389	1.6792	-3.162	-23.648	14.95	-7.8862	9.1363	-0.92628	24.583	12.633	-9.1437	-28.417	4.996	11.768	-21.539	0.13949
0.46125	25.19	10.855	-6.6253	-4.1209	1.0718	5.3156	-2.3237	-6.5524	-2.0589	3.4482	0.0063117	-2.5136	1.7628	-1.1274	-51.376	-8.481	-11.306	16.06	26.884	14.785	3.0882	-7.7603	16.426	-6.5126	7.8278	-44.982	3.3462
0.47758	26.141	9.9626	-7.4734	-2.509	2.0235	5.0206	-2.2382	-6.9045	-1.1882	2.9061	-0.17115	-3.6623	2.0778	0.65323	38.033	-35.71	-33.925	64.473	38.069	-11.799	3.4202	-14.083	34.829	-21.686	-7.0984	-45.951	12.599
0.28604	26.501	9.1575	-8.5056	-0.12039	2.8353	4.1016	-2.4414	-7.277	0.57814	1.6946	-0.32635	-4.2342	2.275	-7.6616	14.398	-32.2	-41.289	95.546	32.471	-36.762	-8.1255	-14.902	70.652	-48.459	-6.2079	-22.875	7.886
0.16585	24.927	9.7519	-10.718	2.683	4.0642	2.1	-2.6114	-6.9158	1.7436	0.85264	-1.8499	-3.0522	2.1052	-4.8073	-62.944	23.776	-88.512	112.13	49.158	-80.063	-6.8007	14.449	46.62	-33.679	-60.944	47.283	-6.7914
0.0078101	21.573	11.008	-12.737	6.5224	3.4092	0.1829	-3.3814	-4.7974	2.1343	0.13147	-2.4024	-1.7184	2.0828	-6.3217	-134.17	50.229	-80.747	153.58	-26.202	-76.684	-30.8	84.734	15.627	-28.847	-22.096	53.35	-0.89486
-0.58774	25.606	4.6335	-10.523	7.7951	1.757	-0.85757	-3.6028	-2.2871	2.9501	-0.41321	-0.9094	-0.19382	2.1526	-23.822	161.34	-254.97	88.585	50.908	-66.087	-41.619	-8.857	100.41	32.63	-21.787	59.718	60.984	2.7908
-0.86586	28.295	0.062702	-7.7456	8.3841	0.67209	-1.6991	-3.2895	-0.56546	2.4323	-1.0638	-0.11697	0.31998	1.8835	-11.125	107.53	-182.83	111.08	23.56	-43.397	-33.663	12.532	68.867	-20.711	-26.025	31.697	20.552	-10.765
-1.0604	28.724	-2.12	-6.3005	8.7651	-0.2196	-1.8506	-3.091	0.53201	2.1044	-1.4166	0.021883	0.39939	1.9833	-7.7827	17.167	-87.308	57.805	15.239	-35.668	-6.0594	7.9397	43.899	-13.116	-14.11	5.5541	3.1765	3.9938
-1.1469	28.591	-4.1488	-4.0661	8.522	-0.51102	-1.8882	-2.6327	1.2008	1.6569	-1.735	0.45613	0.056391	1.7681	-3.4582	-5.3117	-81.151	89.375	-9.7225	-11.657	-1.5023	18.331	26.752	-17.899	-12.737	17.37	-13.72	-8.607
-1.4696	25.283	-3.2844	-4.0744	9.1906	-0.68266	-1.9942	-2.5416	1.6569	1.8296	-2.1514	0.60645	-0.048788	1.4279	-12.91	-132.3	34.575	-0.3303	26.744	-6.8657	-4.2397	3.646	18.243	6.9092	-16.654	6.0128	-4.2072	-13.61
-1.5836	27.676	-5.6371	-2.5315	8.1464	0.17601	-2.8654	-1.5746	1.2084	2.2164	-2.4123	0.67984	0.3469	0.55911	-4.557	95.719	-94.108	61.717	-41.767	34.347	-34.847	38.678	-17.937	15.469	-10.438	2.9358	15.827	-34.751
-1.6702	26.244	-5.3163	-2.2903	8.3526	-0.078035	-2.2653	-2.0133	1.7675	2.0133	-2.4264	0.2863	0.75736	0.18958	-3.4652	-57.285	12.832	9.6474	8.2473	-10.162	24.001	-17.546	22.364	-8.122	-0.56414	-15.742	16.418	-14.781
-1.8212	22.56	-3.591	-2.6024	7.7983	0.74508	-2.5463	-1.6493	1.4651	2.3418	-2.4967	0.13753	0.97347	-0.22835	-6.0399	-147.37	69.013	-12.487	-22.175	32.925	-11.238	14.561	-12.097	13.138	-2.8119	-5.9506	8.6444	-16.717
-2.009	16.048	0.68153	-3.2991	6.5463	1.992	-3.4106	-0.35127	0.10458	3.4855	-2.7659	-0.030486	0.68187	-0.49777	-7.5128	-260.49	170.9	-27.866	-50.077	49.877	-34.572	51.919	-54.421	45.749	-10.767	-6.7207	-11.664	-10.777
-2.0821	15.355	1.7814	-3.403	4.7375	3.049	-2.3084	-1.9777	0.61648	3.38	-1.955	-0.61232	0.56245	-0.8231	-2.9225	-27.692	43.995	-4.1546	-72.352	42.28	44.086	-65.059	20.476	-4.2195	32.434	-23.273	-4.7767	-13.013
-2.3776	14.167	2.5138	-3.6833	4.0891	3.1465	-0.86552	-1.7536	-0.94472	3.1012	-1.1347	-1.183	0.87463	-0.92679	-11.821	-47.539	29.295	-11.215	-25.936	3.8999	57.717	8.9641	-62.448	-11.153	32.815	-22.829	12.487	-4.1478
-2.9554	-5.0388	4.6246	-2.8842	3.0496	4.2621	1.8332	0.11078	-1.3705	1.2158	-0.24714	-0.49134	-0.40319	-1.3292	-23.112	-768.23	84.433	31.967	-41.582	44.624	107.95	74.577	-17.031	-75.415	35.501	27.668	-51.113	-16.096
-3.9951	-13.87	0.48644	2.9442	2.1685	3.923	2.8218	0.47344	-0.29466	0.33741	-0.86694	1.4773	-0.85052	-2.0259	-41.587	-353.25	-165.53	233.13	-35.241	-13.564	39.546	14.506	43.034	-35.137	-24.792	78.747	-17.893	-27.87
-3.1675	-6.0982	6.1258	-2.1224	-1.4491	6.0988	2.3926	0.28945	-1.3475	-0.6719	1.1161	0.55008	-1.1348	-1.5896	33.103	310.87	225.58	-202.67	-144.71	87.031	-17.167	-7.3596	-42.114	-40.372	79.323	-37.09	-11.371	17.452
-2.0664	9.4533	4.6534	-2.6407	-4.4669	6.4137	0.60856	0.68853	-2.833	-1.0088	2.5358	-0.058627	-1.3848	-1.0355	44.044	622.06	-58.897	-20.73	-120.71	12.598	-71.363	15.963	-59.419	-13.476	56.787	-24.348	-10.001	22.165
-1.5421	15.876	6.2501	-5.1311	-4.7925	3.5963	1.1875	-0.76999	-1.9413	-1.9808	3.1636	0.3804	-0.90347	-0.7986	20.97	256.92	63.869	-99.615	-13.025	-112.7	23.16	-58.34	35.666	-38.879	25.113	17.561	19.254	9.4764
-1.8191	14.082	5.8188	-4.2791	-5.8039	1.6171	0.49076	0.20849	-0.56241	-3.1379	2.6404	1.8771	-0.59737	-0.57359	-11.079	-71.748	-17.252	34.078	-40.456	-79.168	-27.871	39.139	55.156	-46.283	-20.929	59.867	12.244	9.0003
-2.3736	1.9915	3.0147	0.63958	-6.1688	-4.3923	1.3066	4.8832	1.1738	-2.735	1.5385	1.5654	1.0344	0.058	-22.178	-483.64	-112.17	196.75	-14.597	-240.38	32.633	186.99	69.45	16.117	-44.076	-12.467	65.269	25.264
-2.7132	-4.2238	4.5582	3.7738	-5.6629	-6.629	-0.30868	4.9118	2.5206	-1.8396	0.72634	-0.78112	1.6317	0.74964	-13.587	-248.61	61.741	125.37	20.236	-89.469	-64.61	1.1454	53.871	35.813	-32.487	-93.861	23.895	27.665
-1.8202	-7.0232	6.2567	5.2008	-6.2128	-5.824	-1.0845	3.674	1.2579	0.34922	0.22456	-1.7301	-0.69146	1.9811	35.722	-111.98	67.94	57.08	-21.997	32.199	-31.034	-49.514	-50.51	87.554	-20.071	-37.96	-92.928	49.257
-1.8523	1.2448	7.9117	3.8783	-7.5666	-5.9899	-3.4856	2.8491	2.3775	0.30594	0.57176	-1.4682	-1.3765	1.9836	-1.283	330.72	66.198	-52.901	-54.151	-6.6328	-96.044	-32.997	44.785	-1.7315	13.888	10.478	-27.403	0.099948
-1.3589	-18.425	5.2836	7.8129	-5.1109	-5.9825	-2.6067	3.4266	3.8823	1.3809	2.4292	-0.68887	-2.1082	1.6474	19.734	-786.8	-105.12	157.39	98.227	0.29504	35.158	23.102	60.191	42.998	74.298	31.172	-29.265	-13.449
-1.3192	4.6915	6.3886	3.0632	-2.7258	-7.4087	-5.2353	1.4116	3.5559	-0.19531	3.1747	-1.4921	-1.7421	1.6102	1.5879	924.67	44.201	-189.99	95.404	-57.048	-105.15	-80.601	-13.055	-63.048	29.818	-32.13	14.642	-1.4846
-0.80683	-5.3066	8.0812	6.3804	-3.4092	-9.1576	-4.1203	3.021	3.367	0.58706	2.9209	-1.0255	-1.6798	2.1936	20.495	-399.92	67.705	132.69	-27.337	-69.958	44.602	64.378	-7.5558	31.294	-10.149	18.664	2.4904	23.335
-0.81373	5.9475	9.0383	1.9538	-3.8797	-5.8196	-6.0564	3.5286	2.48	0.30832	2.2615	-1.4298	-0.98682	1.9576	-0.27613	450.16	38.285	-177.07	-18.818	133.52	-77.445	20.303	-35.48	-11.149	-26.376	-16.17	27.721	-9.4407
-0.69204	4.8969	10.745	2.0281	-5.3506	-4.3097	-5.7219	4.3227	1.7349	0.38852	1.3845	-2.0625	0.26274	1.7716	4.8679	-42.025	68.249	2.9714	-58.839	60.396	13.381	31.764	-29.802	3.2081	-35.083	-25.31	49.982	-7.4415
-0.45589	7.5704	10.956	-0.38613	-5.3738	-4.0826	-3.7978	3.881	2.3533	0.63387	-0.32104	-1.849	1.1802	2.3573	9.446	106.94	8.4512	-96.57	-0.92559	9.0849	76.965	-17.666	24.734	9.814	-68.22	8.5401	36.697	23.429
-0.43536	12.692	11.005	-3.5926	-4.0618	-4.4564	-3.4729	4.5994	1.0975	-0.65291	0.40585	-3.0078	2.2253	2.1797	0.82108	204.85	1.9848	-128.26	52.479	-14.953	12.995	28.734	-50.23	-51.471	29.075	-46.352	41.805	-7.1025
-0.33361	17.692	9.5375	-3.8622	-5.0763	-2.6591	-3.7364	4.5984	-0.24998	-1.2633	0.53354	-2.0879	2.2816	2.1104	4.0699	199.99	-58.721	-10.783	-40.58	71.892	-10.539	-0.039058	-53.901	-24.417	5.1076	36.797	2.2516	-2.7742
-0.28271	22.109	7.9224	-3.8337	-4.912	-3.0653	-1.0981	1.9761	0.11474	-2.4423	0.99572	-2.2812	3.3752	2.0022	2.036	176.7	-64.602	1.137	6.5732	-16.249	105.53	-104.89	14.589	-47.158	18.487	-7.7337	43.746	-4.328
0.011689	25.462	6.5272	-3.7563	-3.4357	-3.1248	-0.11648	0.35986	-0.42146	-1.7493	0.98378	-2.2451	3.8344	0.92826	11.776	134.11	-55.808	3.0953	59.05	-2.3768	39.263	-64.649	-21.448	27.721	-0.47759	1.4456	18.369	-42.956
-0.010641	26.238	8.5239	-5.9811	-3.0959	-2.33	-1.0376	0.88453	-2.1613	-0.86744	0.17582	-1.4835	3.9873	0.010388	-0.89318	31.043	79.868	-88.992	13.592	31.791	-36.843	20.987	-69.592	35.273	-32.318	30.466	6.116	-36.715
-0.032235	23.662	8.7323	-3.9855	-5.289	-1.1689	-0.75357	0.12532	-1.1753	-2.1037	0.91913	-1.2498	4.1359	-0.19079	-0.86378	-103.02	8.3363	79.827	-87.725	46.445	11.36	-30.369	39.438	-49.449	29.732	9.3479	5.9428	-8.0472
-0.11682	22.049	8.621	-2.5284	-5.8099	-1.4581	0.19545	-0.61079	-1.6454	-0.69035	-0.65711	0.086704	4.359	-1.2825	-3.3835	-64.552	-4.4533	58.281	-20.832	-11.57	37.961	-29.444	-18.805	56.533	-63.05	53.459	8.9231	-43.67
-0.14845	22.76	7.5783	-1.809	-5.7946	-1.5572	0.18468	-0.92062	-0.82526	-1.2478	-0.92324	0.58503	4.1792	-1.4184	-1.2653	28.443	-41.706	28.778	0.60927	-3.9611	-0.43087	-12.393	32.807	-22.297	-10.645	19.933	-7.1912	-5.4355
-0.084939	23.775	7.2255	-1.9826	-4.3578	-3.1479	0.030225	-0.017487	-0.011008	-1.66	-0.86238	0.55201	3.8492	-1.3001	2.5406	40.625	-14.114	-6.9464	57.472	-63.629	-6.1781	36.125	32.57	-16.487	2.4346	-1.3209	-13.201	4.7319
-0.074465	23.259	7.5158	-1.4009	-4.6796	-3.9663	-0.60928	0.23586	1.7128	-2.8501	-1.1055	0.94402	3.0607	-1.1117	0.41897	-20.638	11.614	23.269	-12.869	-32.735	-25.58	10.134	68.951	-47.603	-9.7264	15.681	-31.537	7.5354
-0.10656	23.263	5.5024	1.3118	-4.0652	-7.2214	-0.93536	1.7993	2.617	-3.7286	0.19132	-0.53373	1.9084	0.39308	-1.2837	0.14322	-80.536	108.51	24.576	-130.2	-13.043	62.537	36.169	-35.141	51.874	-59.11	-46.092	60.193
-0.15395	16.835	5.5653	5.4008	-4.6131	-9.2226	-0.95205	1.0139	4.6289	-3.6495	0.009586	-0.52478	-0.066421	1.0917	-1.8956	-257.11	2.5133	163.56	-21.918	-80.048	-0.66741	-31.416	80.475	3.1608	-7.2692	0.3583	-78.995	27.944
-0.29354	12.149	4.3924	8.6899	-2.6946	-11.298	-2.307	1.9401	4.3706	-2.6352	1.5885	-1.4334	-1.8048	0.87699	-5.5835	-187.45	-46.916	131.56	76.74	-83.033	-54.198	37.049	-10.329	40.575	63.155	-36.343	-69.536	-8.5877
-0.55623	5.8801	3.9489	11.797	-0.82237	-13.27	-3.0717	3.3236	3.5283	-3.0382	2.428	-1.0743	-2.4825	0.40289	-10.508	-250.75	-17.738	124.27	74.889	-78.855	-30.587	55.337	-33.695	-16.12	33.583	14.361	-27.106	-18.964
-0.61756	2.6568	3.9293	13.401	1.9216	-15.359	-4.1216	3.86	4.1613	-4.3702	3.125	-1.1585	-2.5306	0.03891	-2.4532	-128.93	-0.78661	64.175	109.76	-83.584	-41.997	21.456	25.323	-53.281	27.878	-3.3652	-1.925	-14.559
-0.6067	4.5029	2.8896	14.633	1.5634	-14.983	-3.4833	3.4192	2.1492	-2.9853	3.0957	-0.8768	-2.8974	0.13682	0.43445	73.845	-41.587	49.261	-14.328	15.073	25.534	-17.63	-80.487	55.397	-1.1719	11.266	-14.671	3.9165
-0.5919	3.994	4.0475	15.257	0.73608	-14.477	-1.9731	1.589	1.379	-1.0383	1.7058	-1.5246	-2.1485	0.58917	0.59197	-20.357	46.318	24.978	-33.092	20.22	60.405	-73.207	-30.807	77.88	-55.597	-25.911	29.955	18.094
-0.66299	2.3561	4.3639	15.941	-0.21515	-12.348	-2.2079	1.8977	0.83029	-0.88454	0.81004	-1.1629	-1.9792	0.086287	-2.8436	-65.516	12.657	27.364	-38.049	85.174	-9.3926	12.346	-21.948	6.1493	-35.829	14.466	6.7724	-20.115
-1.1016	0.88074	5.0694	14.396	1.1678	-12.189	-1.8924	3.4772	1.3007	-2.4131	-0.44865	-1.1661	-0.93036	-1.4054	-17.544	-59.014	28.217	-61.791	55.319	6.354	12.621	63.181	18.818	-61.143	-50.348	-0.12948	41.953	-59.668
-1.3552	-2.5304	7.9499	11.815	0.95913	-10.995	-0.49267	4.8137	1.7138	-4.2296	-1.3661	-0.91065	-0.55453	-0.89179	-10.145	-136.45	115.22	-103.26	-8.3476	47.75	55.99	53.458	16.522	-72.659	-36.697	10.22	15.033	20.545
-1.5419	2.4446	7.0942	8.7579	-0.80108	-7.2618	2.4124	2.5795	0.32991	-1.3611	-4.1138	0.005906	0.84032	-1.8754	-7.4661	199	-34.229	-122.28	-70.408	149.33	116.2	-89.366	-55.356	114.74	-109.91	36.662	55.794	-39.344
-1.7346	1.9288	6.2997	8.4036	-0.69029	-6.1474	4.3751	3.5336	-1.9909	-1.2282	-3.6326	-0.45659	1.8934	-1.3041	-7.71	-20.631	-31.781	-14.173	4.4317	44.573	78.506	38.165	-92.832	5.3159	19.25	-18.5	42.124	22.851
-1.8626	1.2972	6.2184	5.6391	-0.13061	-2.485	4.2227	4.1277	-3.8579	-1.7948	-2.3566	0.61974	0.67165	-1.1917	-5.1192	-25.264	-3.2533	-110.58	22.387	146.5	-6.0934	23.764	-74.68	-22.667	51.041	43.053	-48.871	4.4956
-1.5774	12.701	3.4359	-0.58674	2.297	1.4868	3.7401	-0.47469	-4.2541	0.47208	-2.546	1.5388	-0.63129	-1.0397	11.407	456.13	-111.3	-249.03	97.105	158.87	-19.306	-184.1	-15.85	90.677	-7.579	36.764	-52.118	6.0823
-1.4086	15.358	4.4813	-1.2627	3.4677	4.2012	1.7496	-3.8266	-3.1894	1.6729	-2.3112	-0.57321	-0.33828	-0.8714	6.7535	106.29	41.817	-27.039	46.826	108.58	-79.618	-134.08	42.589	48.033	9.3953	-84.482	11.72	6.7302
-1.4403	4.4934	4.8754	4.0437	4.5125	5.0856	0.51958	-4.6385	-3.6738	2.863	-3.1019	0.403	-0.77796	0.57331	-1.2664	-434.58	15.763	212.25	41.795	35.375	-49.202	-32.476	-19.374	47.606	-31.629	39.048	-17.587	57.789
-1.8924	1.8427	0.59529	4.8823	8.8658	3.7053	-0.96225	-1.9699	-2.0186	1.8809	-2.7011	0.50295	-2.6307	2.5608	-18.086	-106.03	-171.2	33.545	174.13	-55.211	-59.273	106.75	66.206	-39.285	16.032	3.9982	-74.108	79.5
-2.1606	6.6989	0.12765	0.76344	9.1103	3.7374	-0.91409	-1.4416	-1.1349	0.53514	-2.8042	-0.37096	-2.7292	2.626	-10.725	194.25	-18.705	-164.75	9.7823	1.2827	1.9264	21.129	35.35	-53.832	-4.1238	-34.956	-3.9422	2.6089
-2.2398	-1.5338	-1.8489	3.4887	11.629	3.9451	-2.3348	-1.1313	-1.5505	0.42493	-3.1871	-0.84337	-2.7819	2.6446	-3.1685	-329.31	-79.061	109.01	100.75	8.3068	-56.828	12.412	-16.624	-4.4083	-15.315	-18.896	-2.1056	0.74098
-2.7193	-10.78	-0.98889	4.2786	10	7.4094	1.1083	-3.014	-2.4746	0.36071	-4.116	0.54846	-1.6854	1.1373	-19.182	-369.86	34.4	31.598	-65.145	138.57	137.73	-75.305	-36.966	-2.5688	-37.158	55.673	43.86	-60.292
-2.9142	-8.3161	-4.135	3.411	11.903	8.5646	0.022929	-3.7036	-0.81824	-0.2487	-3.4645	-0.13325	-0.6262	-0.63166	-7.7966	98.565	-125.84	-34.704	76.109	46.206	-43.417	-27.585	66.256	-24.376	26.061	-27.268	42.367	-70.757
-2.963	-11.841	-3.1106	3.5118	12.294	8.3608	0.31798	-4.1766	-0.011748	-0.80222	-4.0148	0.81595	-1.3486	-0.78937	-1.9495	-141.01	40.976	4.0325	15.631	-8.1502	11.802	-18.921	32.26	-22.141	-22.011	37.968	-28.894	-6.3086
-2.958	-16.389	0.76328	3.3188	8.9633	7.5499	2.621	-3.2971	-1.8145	1.1674	-4.3289	-0.98344	-1.0138	-0.26778	0.19872	-181.89	154.96	-7.7198	-133.23	-32.436	92.12	35.182	-72.111	78.786	-12.567	-71.976	13.389	20.864
-2.9738	-16.511	3.9593	1.4603	7.5884	7.8666	2.6909	-1.5422	-4.4364	1.8685	-2.9713	-1.2051	-0.58748	-1.1838	-0.63129	-4.8726	127.84	-74.343	-54.994	12.665	2.7984	70.196	-104.88	28.042	54.305	-8.867	17.054	-36.641
-2.9016	-19.863	9.8141	0.75029	3.5475	6.9952	3.2021	1.9867	-6.4137	0.069961	-1.28	-0.15579	-1.0716	-0.99874	2.8865	-134.08	234.19	-28.399	-161.64	-34.853	20.446	141.16	-79.091	-71.94	67.651	41.973	-19.366	7.4027
-2.768	-23.273	12.578	2.5515	1.4546	5.2843	0.73211	4.6136	-3.4932	-1.2071	-2.1611	-1.7253	-0.16284	0.55788	5.346	-136.42	110.55	72.05	-83.717	-68.436	-98.798	105.07	116.82	-51.083	-35.241	-62.78	36.352	62.265
-2.6596	-24.271	16.248	3.9377	-1.9657	2.4748	2.3101	5.5335	-2.2135	-1.7778	-1.863	-2.8923	-0.6966	1.6955	4.3329	-39.931	146.8	55.445	-136.81	-112.38	63.119	36.798	51.189	-22.827	11.921	-46.68	-21.35	45.505
-2.4848	-21.153	15.7	5.3425	-4.8061	2.165	3.684	5.6916	-3.0208	-1.0765	-1.3729	-2.4575	-2.5018	2.3594	6.9935	124.75	-21.901	56.192	-113.62	-12.393	54.956	6.3235	-32.292	28.052	19.606	17.389	-72.207	26.556
-2.283	-19.361	17.949	3.9636	-7.0192	2.7677	5.1655	4.9321	-3.03	-2.0517	-0.31832	-2.163	-3.5237	2.0749	8.0722	71.675	89.941	-55.153	-88.522	24.109	59.26	-30.382	-0.36647	-39.008	42.182	11.783	-40.878	-11.379
-1.6293	-16.958	19.658	3.4596	-8.8453	3.6809	4.0633	4.8853	-2.7532	-3.9098	-0.36438	-1.1215	-3.2377	1.4103	26.147	96.11	68.37	-20.162	-73.045	36.526	-44.086	-1.8715	11.069	-74.327	-1.8423	41.658	11.44	-26.584
-1.0167	-10.21	20.468	2.6625	-9.6586	3.429	3.8386	5.3008	-4.763	-4.7788	0.16003	-0.70261	-2.6812	1.3817	24.505	269.91	32.417	-31.883	-32.531	-10.074	-8.9891	16.621	-80.39	-34.757	20.976	16.757	22.262	-1.1437
-0.67813	-3.797	21.625	1.179	-12.46	4.6979	2.7455	4.429	-5.9326	-5.2325	0.98471	-0.34497	-2.6761	1.7812	13.542	256.52	46.27	-59.339	-112.07	50.755	-43.724	-34.872	-46.785	-18.149	32.987	14.306	0.20286	15.979
-0.36494	4.5766	19.321	-2.9453	-10.339	4.9599	1.5148	2.1617	-5.539	-4.6615	2.9259	0.12058	-2.6976	1.8353	12.528	334.94	-92.157	-164.97	84.841	10.478	-49.23	-90.693	15.744	22.839	77.649	18.622	-0.85958	2.162
-0.10413	11.61	17.143	-4.5811	-9.3885	5.7857	0.64669	-0.94178	-4.9579	-2.9857	2.716	-0.025012	-1.632	3	10.432	281.34	-87.132	-65.431	38.033	33.033	-34.723	-124.14	23.246	67.031	-8.3962	-5.8235	42.626	46.59
0.15305	15.518	13.914	-3.5634	-7.6805	3.6835	0.22343	-2.739	-3.8786	-1.2669	1.7202	-0.029374	0.36872	2.5743	10.287	156.3	-129.18	40.706	68.319	-84.086	-16.93	-71.89	43.171	68.752	-39.834	-0.17447	80.027	-17.028
0.03543	18.301	10.712	-2.9562	-4.3531	-1.0263	0.011747	-0.94596	-3.959	-1.6314	3.4591	-0.30779	0.48098	1.185	-4.7048	111.32	-128.05	24.288	133.1	-188.39	-8.4673	71.723	-3.2173	-14.577	69.558	-11.137	4.4902	-55.573
-0.1988	21.284	6.756	-2.0066	-1.5242	-3.9163	-0.048634	-0.58065	-3.2819	-1.094	2.9513	1.5168	-0.92674	0.54531	-9.3692	119.31	-158.25	37.985	113.16	-115.6	-2.4152	14.612	27.086	21.496	-20.315	72.982	-56.309	-25.587
-0.30658	22.953	3.1537	-1.8067	1.024	-2.2904	-2.6897	-3.2521	-0.1896	0.22627	1.3942	2.1023	-1.3298	1.0046	-4.3113	66.771	-144.09	7.9968	101.93	65.036	-105.64	-106.86	123.69	52.809	-62.283	23.423	-16.121	18.372
-0.43398	23.844	1.9885	-0.61128	1.451	-1.994	-2.4283	-4.1224	-0.40806	1.371	1.5369	1.3775	-1.5436	1.1991	-5.0958	35.645	-46.606	47.816	17.08	11.856	10.457	-34.814	-8.7387	45.79	5.7092	-28.994	-8.5524	7.7782
-0.75717	21.135	1.2603	-0.52252	2.8338	-0.86264	-2.2555	-5.8181	-0.76377	2.3818	1.5031	1.0301	-1.7302	0.66636	-12.928	-108.37	-29.13	3.5503	55.311	45.255	6.914	-67.828	-14.228	40.431	-1.353	-13.895	-7.4657	-21.308
-1.0817	18.734	1.5392	-0.97904	1.8454	0.19204	-0.76807	-4.8687	-2.2567	1.4437	2.4278	0.21402	-1.2108	0.82823	-12.981	-96.026	11.157	-18.261	-39.537	42.187	59.495	37.978	-59.718	-37.525	36.99	-32.644	20.776	6.4748
-1.1847	17.912	0.35356	-0.022647	3.2761	0.31781	-1.2457	-5.4931	-2.6649	2.0608	2.3488	0.20529	-0.92	0.67335	-4.1197	-32.901	-47.425	38.256	57.231	5.0309	-19.107	-24.978	-16.326	24.687	-3.1631	-0.34916	11.633	-6.1952
-1.0873	20.114	-0.67454	-0.092707	4.7095	-0.5286	-1.7571	-5.922	-2.5701	3.5316	1.5731	-0.67613	-1.1349	1.5352	3.8955	88.096	-41.124	-2.8024	57.335	-33.856	-20.453	-17.156	3.7894	58.832	-31.028	-35.257	-8.5959	34.474
-0.85339	20.864	-2.3697	1.9787	6.2263	-0.47374	-4.2214	-6.3288	-0.47359	3.9805	0.68868	-1.192	-0.67368	1.5163	9.3568	30.021	-67.805	82.858	60.673	2.1943	-98.571	-16.269	83.862	17.955	-35.375	-20.637	18.449	-0.7557
-0.80152	21.248	-1.0167	1.8576	4.5532	-0.55608	-3.6572	-5.8611	-0.16435	2.7398	-0.55281	-1.0841	0.36551	1.364	2.0749	15.36	54.118	-4.8471	-66.925	-3.2935	22.564	18.708	12.37	-49.627	-49.66	4.3189	41.567	-6.0922
-0.84227	19.219	-2.4725	2.7351	6.8145	0.31081	-4.5546	-6.5647	-0.094137	2.9941	-1.7207	-1.0256	0.35031	1.3783	-1.6301	-81.181	-58.23	35.102	90.451	34.676	-35.895	-28.146	2.8084	10.17	-46.716	2.3404	-0.60779	0.57287
-1.1112	18.32	-3.5769	3.6909	7.8018	1.5433	-4.4286	-6.3801	-0.35153	2.6331	-2.8874	-0.76418	0.882	-0.19193	-10.756	-35.961	-44.178	38.23	39.492	49.299	5.0423	7.3861	-10.296	-14.439	-46.666	10.455	21.268	-62.81
-1.5899	11.887	-3.909	5.1379	8.1562	2.208	-4.1124	-4.0824	0.54287	2.4187	-4.2102	-1.2877	1.7009	-0.79949	-19.15	-257.31	-13.282	57.882	14.176	26.587	12.647	91.907	35.776	-8.5761	-52.915	-20.939	32.757	-24.303
-2.863	0.22535	-6.7219	7.7316	9.4937	2.3553	-1.0916	-3.0291	0.5713	2.8333	-4.4745	-2.04	1.789	-0.46569	-50.924	-466.47	-112.52	103.75	53.501	5.8921	120.83	42.134	1.1371	16.583	-10.57	-30.095	3.5231	13.352
-4.702	-31.863	-8.7619	6.7023	11.053	6.2097	1.8498	-3.6226	1.7736	3.7252	-5.6092	-1.7284	1.7631	0.54149	-73.559	-1283.5	-81.599	-41.168	62.367	154.18	117.66	-23.742	48.093	35.675	-45.388	12.463	-1.0344	40.287
-7.2797	-73.831	-2.2205	8.2066	8.9063	9.0741	3.2946	-0.56086	4.5013	2.3559	-3.9268	-0.66305	0.44357	1.2033	-103.11	-1678.7	261.66	60.172	-85.862	114.58	57.792	122.47	109.11	-54.773	67.294	42.616	-52.782	26.474
-7.9603	-83.477	-2.0461	9.654	9.7211	10.08	4.4567	0.27152	1.0796	0.60835	-1.6234	-0.41699	-0.78266	-0.17448	-27.222	-385.85	6.9748	57.894	32.591	40.244	46.487	33.295	-136.87	-69.901	92.138	9.8424	-49.049	-55.113
-7.5393	-58.768	-15.639	-0.72982	0.53176	8.7657	9.7042	1.2876	2.499	-1.3275	0.51048	1.4741	-1.967	-1.1593	16.84	988.39	-543.73	-415.35	-367.57	-52.58	209.9	40.645	56.776	-77.435	85.354	75.642	-47.372	-39.393
-5.8321	-39.852	-18.525	-7.8037	-6.6746	6.5287	7.3921	-1.898	2.0582	-3.1042	1.233	2.2933	-1.5192	0.40845	68.286	756.61	-115.43	-282.96	-288.26	-89.48	-92.481	-127.43	-17.633	-71.066	28.899	32.768	17.912	62.71
-5.6192	-26.679	-4.0648	-6.2386	-11.044	0.56684	9.4417	-2.7839	1.8313	-4.3786	-0.20008	1.1173	-0.75658	0.88855	8.5174	526.92	578.41	62.606	-174.77	-238.47	81.985	-35.434	-9.0761	-50.976	-57.321	-47.038	30.504	19.204
-5.2234	-16.431	-8.189	-1.1851	-2.7892	0.089392	3.8249	0.54589	2.7399	-4.7177	-1.9378	2.9673	-0.54046	1.1256	15.834	409.93	-164.97	202.14	330.18	-19.098	-224.67	133.19	36.344	-13.563	-69.509	73.998	8.645	9.4833
-3.9854	-4.4697	-7.7241	3.6785	2.4599	1.0753	1.5717	2.3048	1.0629	-4.6243	-2.5398	2.3896	0.014827	1.6981	49.519	478.45	18.595	194.54	209.97	39.434	-90.128	70.355	-67.08	3.7324	-24.081	-23.108	22.211	22.899
-2.6773	1.4024	-0.5568	10.202	0.30715	-2.9256	0.49549	4.0586	-1.3831	-3.9209	-2.7241	0.89532	0.84601	1.6517	52.322	234.88	286.69	260.95	-86.11	-160.04	-43.049	70.154	-97.841	28.137	-7.3717	-59.77	33.247	-1.8581
-2.1886	-2.3351	2.5218	15.89	-6.5063	-2.6235	0.023031	3.7222	-1.0648	-3.8458	-2.7336	1.4029	2.0245	-0.337	19.549	-149.5	123.14	227.5	-272.54	12.086	-18.899	-13.454	12.731	3.0057	-0.38084	20.304	47.14	-79.547
-1.7469	-1.0687	5.2336	11.148	-2.8214	-5.2498	-4.9858	3.0702	1.8074	-2.6605	-3.23	1.4614	2.8767	-0.27627	17.668	50.657	108.47	-189.66	147.4	-105.05	-200.35	-26.081	114.89	47.411	-19.853	2.3391	34.087	2.4296
-0.96072	18.793	2.3495	2.1264	-2.5673	-8.2714	-2.9919	3.32	2.6202	-4.1356	-0.51207	1.8495	0.34552	0.68942	31.447	794.46	-115.36	-360.88	10.164	-120.86	79.756	9.9919	32.511	-59.005	108.72	15.523	-101.25	38.627
-0.63768	21.521	1.0494	0.74465	-3.864	-8.2033	-1.6833	3.6551	1.7818	-3.8323	-0.14124	2.1985	0.34158	0.58025	12.922	109.14	-52.003	-55.269	-51.867	2.7224	52.344	13.402	-33.533	12.133	14.833	13.963	-0.15761	-4.367
-0.94269	21.667	-0.32149	0.37337	-4.5282	-8.1135	-0.45257	3.2262	2.1781	-4.138	0.40773	2.711	0.86223	0.60555	-12.2	5.8261	-54.836	-14.851	-26.572	3.5914	49.23	-17.156	15.849	-12.227	21.959	20.498	20.826	1.0121
-1.4661	16.265	-2.1531	2.4414	-5.2666	-7.5829	0.81141	2.1075	1.8532	-3.8509	1.5834	3.1258	0.7273	-0.25228	-20.935	-216.08	-73.266	82.719	-29.534	21.225	50.559	-44.745	-12.995	11.482	47.026	16.593	-5.397	-34.313
-1.3301	14.77	-1.2473	1.9277	-5.5191	-4.529	-0.31876	0.10663	2.0458	-2.3985	2.6529	2.4276	0.068899	-1.1187	5.4401	-59.79	36.235	-20.547	-10.101	122.16	-45.207	-80.036	7.7023	58.096	42.783	-27.928	-26.336	-34.655
-0.62147	21.93	1.7031	-2.4761	-7.9128	-1.4702	0.17192	-0.88364	0.62932	-1.9134	2.9467	1.988	0.58735	-1.2726	28.344	286.41	118.01	-176.15	-95.746	122.36	19.627	-39.611	-56.657	19.406	11.75	-17.584	20.738	-6.1561
-0.65676	24.781	4.5729	-5.5199	-5.8682	-0.19621	-1.9456	-0.69908	-2.4572	-0.25947	3.7014	0.42581	1.4247	-1.5437	-1.4117	114.04	114.79	-121.75	81.783	50.958	-84.7	7.3824	-123.46	66.155	30.189	-62.488	33.493	-10.847
-0.92739	14.52	-0.007539	-1.7311	-1.3023	0.24046	-1.4349	-2.9344	-1.3872	2.7604	1.7221	0.14494	0.80087	1.0698	-10.825	-410.44	-183.22	151.55	182.64	17.467	20.426	-89.415	42.8	120.79	-79.171	-11.235	-24.952	104.54
-1.6607	20.506	1.5907	-4.4993	0.2618	1.7264	-0.020828	-4.7634	-3.1596	2.91	-0.18922	-1.8235	0.45532	1.4667	-29.332	239.44	63.929	-110.73	62.564	59.436	56.564	-73.158	-70.894	5.9833	-76.454	-78.738	-13.822	15.875
-2.1049	4.3235	0.63151	-2.9217	1.4574	2.3638	0.55844	-6.1634	-3.6304	3.05	0.43121	-2.7112	0.40002	2.6475	-17.77	-647.3	-38.367	63.104	47.824	25.499	23.171	-56	-18.833	5.6011	24.817	-35.507	-2.2122	47.233
-4.7275	-17.527	3.3603	2.9496	1.9145	3.2015	2.7425	-3.0337	-2.7099	3.8558	-1.2149	-2.5772	-0.46234	1.0053	-104.9	-874	109.15	234.86	18.285	33.508	87.363	125.19	36.817	32.235	-65.842	5.3579	-34.494	-65.687
-6.3451	-70.954	-6.8159	4.5874	8.6482	5.8772	3.6612	-1.6312	-2.8619	3.3358	-2.1379	-0.93436	2.2023	1.3486	-64.704	-2137.1	-407.05	65.512	269.35	107.03	36.747	56.102	-6.0782	-20.802	-36.921	65.715	106.58	13.732
-11.732	-92.69	-12.74	1.3923	2.5974	4.7778	3.7153	0.30286	3.5849	2.7581	-1.4619	-0.14485	0.1148	3.1696	-215.49	-869.45	-236.96	-127.81	-242.03	-43.979	2.1629	77.362	257.87	-23.11	27.039	31.581	-83.499	72.84
-13.041	-102.75	-17.765	-1.1748	-1.353	2.0368	2.7193	0.43467	0.44365	1.1892	0.15447	1.8649	1.2915	2.5627	-52.326	-402.59	-201.02	-102.68	-158.02	-109.64	-39.84	5.2722	-125.65	-62.756	64.656	80.39	47.07	-24.276
-13.513	-104.47	-18.06	2.6845	1.0955	0.78109	1.4375	0.67397	1.3474	-0.12623	-0.10319	2.4375	0.07498	0.87201	-18.895	-68.651	-11.797	154.37	97.94	-50.228	-51.269	9.5719	36.151	-52.616	-10.307	22.904	-48.663	-67.629
-8.8926	-89.463	-12.351	2.4464	-3.9041	-3.7352	0.425	1.5601	2.8778	-0.45583	0.2413	0.49341	0.39785	0.53809	184.81	600.3	228.35	-9.5273	-199.98	-180.65	-40.502	35.447	61.216	-13.184	13.78	-77.763	12.915	-13.357
-6.9663	-33.156	-2.5371	1.3508	-9.8027	-1.6937	3.0144	0.31278	1.5892	-4.3783	0.72658	-0.18371	-0.54088	1.1575	77.052	2252.3	392.57	-43.824	-235.94	81.66	103.58	-49.895	-51.543	-156.9	19.411	-27.085	-37.549	24.776
-6.8579	-38.641	-6.478	0.94955	-6.9354	-3.4365	2.891	1.3694	0.44777	-2.3497	-1.1831	0.89932	-0.50811	0.57418	4.3347	-219.41	-157.64	-16.048	114.69	-69.712	-4.9334	42.263	-45.658	81.146	-76.388	43.321	1.3107	-23.333
-7.8014	-41.075	-26.074	-1.4272	-0.41926	-0.69122	1.109	1.8636	0.98032	0.95908	0.94013	1.6004	0.56968	2.0659	-37.737	-97.343	-783.83	-95.07	260.65	109.81	-71.281	19.769	21.302	132.35	84.93	28.042	43.112	59.668
-7.3823	-30.558	-21.973	-4.5995	0.94473	2.7137	2.8957	1.5383	0.49582	-0.24447	-0.683	0.78089	0.19874	1.2918	16.763	420.64	164.03	-126.89	54.56	136.2	71.469	-13.012	-19.38	-48.142	-64.925	-32.779	-14.838	-30.961
-3.7598	-13.52	-1.8045	4.4643	1.8526	3.3605	-0.87078	-2.6039	0.05732	1.4762	-1.1759	0.035846	-0.17739	-0.036807	144.9	681.55	806.74	362.55	36.316	25.871	-150.66	-165.69	-17.54	68.826	-19.715	-29.802	-15.045	-53.146
-2.5526	3.0527	2.9593	1.6641	1.7743	4.2769	-1.7904	-2.9936	-3.1286	2.8035	-0.5628	-0.6463	1.0722	-0.84164	48.285	662.89	190.55	-112.01	-3.1323	36.657	-36.786	-15.586	-127.44	53.095	24.523	-27.286	49.983	-32.193
-1.9953	9.5725	2.3133	1.8931	0.96923	3.4215	-1.6358	-5.3597	-2.3679	2.4295	0.92173	0.53282	0.48574	-1.5099	22.295	260.79	-25.841	9.1576	-32.204	-34.218	6.1856	-94.645	30.43	-14.962	59.381	47.165	-23.458	-26.732
-1.7166	16.74	1.3323	0.90234	1.2773	0.26588	-1.3729	-4.0592	-1.0067	1.9807	1.8552	-0.7478	0.31114	-2.0292	11.147	286.7	-39.24	-39.629	12.323	-126.22	10.518	52.019	54.448	-17.953	37.337	-51.225	-6.9841	-20.771
-1.4731	17.184	-0.86871	3.0593	0.51463	-0.13577	-1.6566	-3.6436	-1.8189	2.5254	2.9154	-1.4086	-0.032102	0.047504	9.7388	17.766	-88.041	86.277	-30.507	-16.066	-11.351	16.624	-32.49	21.788	42.409	-26.434	-13.73	83.069
-1.2205	20.265	0.23661	2.1863	-0.37084	-1.3196	-3.0139	-2.5549	0.60531	1.451	2.6339	-0.93585	-0.11165	-0.8626	10.104	123.24	44.213	-34.917	-35.419	-47.355	-54.29	43.548	96.969	-42.977	-11.259	18.911	-3.1821	-36.404
-1.1005	16.94	0.65368	1.2519	0.0046008	-0.73884	-2.2767	-3.1106	-0.39604	1.8742	4.5018	-1.7879	-0.02399	-0.14878	4.8016	-133	16.683	-37.378	15.018	23.232	29.489	-22.227	-40.054	16.931	74.715	-34.083	3.5065	28.553
-1.3424	18.102	0.83846	-0.014632	-2.5132	-0.27526	-0.7944	-1.7428	0.9674	-1.1104	5.5733	-1.3736	0.067465	-1.4747	-9.6785	46.489	7.3913	-50.661	-100.71	18.543	59.291	54.713	54.538	-119.39	42.862	16.574	3.6582	-53.037
-1.3199	17.833	0.94092	0.84635	-1.5397	0.63882	-2.7506	-3.1887	0.96929	0.66278	5.096	-1.7757	0.048221	-1.0171	0.90301	-10.756	4.0984	34.439	38.94	36.563	-78.248	-57.837	0.075566	70.929	-19.092	-16.086	-0.76975	18.305
-1.2988	17.448	1.7121	0.071132	-3.9596	0.87557	-0.91696	-2.1888	0.26393	0.15013	5.3113	-1.2643	-0.31033	-0.93439	0.84045	-15.415	30.848	-31.009	-96.795	9.4701	73.346	39.996	-28.214	-20.506	8.6094	20.455	-14.342	3.3076
-1.7259	15.212	1.0407	-0.89779	-4.2414	3.024	-1.2215	-1.4298	0.74652	-0.65294	4.7702	-1.1108	1.0541	-1.9698	-17.081	-89.434	-26.856	-38.757	-11.274	85.937	-12.182	30.358	19.304	-32.123	-21.644	6.14	54.577	-41.416
-1.4296	17.013	1.6733	-0.44447	-3.8383	0.34048	-2.5074	-1.7132	2.3241	-0.48517	3.6932	-1.2043	1.1106	-1.6801	11.853	72.013	25.302	18.133	16.123	-107.34	-51.434	-11.335	63.104	6.7107	-43.078	-3.7388	2.262	11.587
-0.90094	11.885	0.78734	-0.23573	-5.0261	-1.7174	-3.2494	-1.2399	1.9933	-0.13926	4.4408	-1.0552	1.5232	-1.4595	21.145	-205.12	-35.437	8.3498	-47.512	-82.315	-29.681	18.931	-13.234	13.836	29.902	5.9626	16.504	8.8262
-1.4374	13.906	6.5345	-1.471	-9.8328	-1.3912	-0.5528	-0.85225	-1.0809	1.7088	4.6949	-2.1519	1.126	-0.78221	-21.46	80.869	229.88	-49.41	-192.27	13.047	107.86	15.507	-122.97	73.921	10.166	-43.866	-15.891	27.09
-1.0211	11.56	3.501	-2.2343	-8.0223	1.7175	-3.6598	0.39543	2.2251	-0.81293	2.6628	0.55095	1.9169	-2.832	16.654	-93.839	-121.34	-30.533	72.42	124.35	-124.28	49.907	132.24	-100.87	-81.285	108.11	31.637	-81.993
-1.5171	5.3042	3.6221	-2.8478	-8.8724	1.3376	-3.5905	-0.57887	2.2044	-0.30463	3.8711	0.85516	1.2808	-2.8888	-19.84	-250.25	4.8406	-24.539	-34.002	-15.196	2.7739	-38.972	-0.83001	20.332	48.333	12.169	-25.444	-2.2704
-2.2764	6.6837	4.2888	-1.6704	-7.9078	1.1927	-2.0934	-0.45182	0.26333	-0.096733	4.8037	-0.31637	1.3562	-2.0855	-30.374	55.182	26.671	47.093	38.581	-5.7945	59.884	5.0822	-77.641	8.316	37.304	-46.862	3.0162	32.134
-2.426	4.5265	2.2282	-1.0178	-5.9923	1.4811	0.43034	1.591	-0.35849	-0.91822	2.7939	-0.87512	2.4712	-1.6055	-5.9847	-86.289	-82.426	26.106	76.621	11.535	100.95	81.713	-24.873	-32.859	-80.393	-22.35	44.598	19.196
-3.1685	-3.4265	1.1352	0.038126	-3.8433	-1.8807	-1.5477	2.0929	0.93215	-0.46939	4.2108	-0.51667	1.5194	-2.5327	-29.698	-318.12	-43.72	42.237	85.96	-134.47	-79.123	20.075	51.626	17.953	56.677	14.338	-38.07	-37.086
-2.8613	-4.3995	1.4537	1.2054	-7.2985	-0.12792	-1.2982	0.70682	1.2995	0.34401	3.6979	-0.64955	1.6214	-2.3235	12.287	-38.919	12.738	46.691	-138.21	70.11	9.9814	-55.442	14.692	32.536	-20.514	-5.315	4.081	8.3693
-3.3452	-4.8551	4.0692	1.4281	-6.9234	-2.5602	-1.2475	1.2587	0.4589	1.0429	3.0213	-0.58276	1.4304	-2.8882	-19.355	-18.226	104.62	8.9083	15.006	-97.291	2.0278	22.076	-33.622	27.956	-27.066	2.6717	-7.6421	-22.589
-4.4959	-35.787	-4.7479	2.1596	-1.5791	2.1332	0.20177	-0.52464	0.19627	0.85884	2.6064	0.095082	1.2993	-1.2319	-46.029	-1237.3	-352.68	29.258	213.77	187.74	57.971	-71.335	-10.505	-7.3636	-16.596	27.114	-5.2426	66.251
-9.1018	-55.92	-11.321	-3.4726	-4.3889	2.2193	1.9781	1.3478	0.16131	-0.30896	0.36238	-0.82942	-0.49307	-3.9386	-184.24	-805.3	-262.92	-225.29	-112.39	3.445	71.052	74.9	-1.3983	-46.712	-89.761	-36.98	-71.695	-108.27
-10.079	-67.689	-8.1523	-3.5757	-5.5062	2.6105	4.1355	2.4159	0.51295	1.9696	3.4756	1.0405	1.7797	-0.84461	-39.095	-470.76	126.75	-4.1225	-44.691	15.645	86.297	42.721	14.065	91.144	124.53	74.797	90.911	123.76
-10.607	-75.452	-8.5232	0.53404	-5.2065	2.9918	3.5797	1.5932	1.7656	0.64829	1.3103	1.9223	2.4815	-0.29215	-21.129	-310.51	-14.836	164.39	11.986	15.254	-22.231	-32.907	50.108	-52.854	-86.613	35.27	28.071	22.098
-11.112	-78.296	-10.263	-0.63109	-4.2631	3.5375	1.8194	-1.2591	0.99977	0.5698	1.259	2.4551	2.129	-1.2093	-20.192	-113.78	-69.609	-46.605	37.736	21.829	-70.412	-114.09	-30.635	-3.1396	-2.0515	21.312	-14.097	-36.688
-10.979	-77.432	-12.972	-3.8635	-5.4408	4.5983	4.1677	1.3915	3.6379	0.25834	0.0065901	1.5681	1.3742	-1.0734	5.343	34.554	-108.36	-129.3	-47.109	42.429	93.93	106.02	105.53	-12.458	-50.096	-35.481	-30.193	5.4372
-10.888	-76.639	-12.377	-5.9864	-6.4721	2.9273	2.8554	0.32838	1.3182	-1.1449	-0.00089307	2.5452	1.4054	-0.5145	3.6078	31.725	23.796	-84.914	-41.251	-66.84	-52.493	-42.524	-92.788	-56.128	-0.29933	39.086	1.2471	22.356
-11.232	-77.017	-12.301	-4.2336	-3.1551	3.7625	0.76617	0.59425	2.86	-0.84607	-0.48267	3.0141	1.388	0.18145	-13.75	-15.119	3.0374	70.11	132.68	33.41	-83.567	10.635	61.672	11.951	-19.271	18.754	-0.69725	27.838
