-5.249	-14.812	-23.501	7.3861	-0.66158	0.78079	3.7847	-2.9999	5.6096	2.9948	-1.7822	0.66132	-0.69315	0.55626	0	0	0	0	0	0	0	0	0	0	0	0	0	0
-5.1429	-13.227	-15.328	9.2294	4.5673	4.6037	4.3969	-3.1977	3.3733	-0.53993	-3.3316	0.41402	-0.58072	0.30681	4.2424	63.391	326.92	73.732	209.16	152.92	24.486	-7.9146	-89.449	-141.39	-61.975	-9.892	4.4971	-9.9782
-4.7158	-11.67	-10.064	3.8338	8.7086	4.6261	0.9661	-0.88958	2.9181	0.15244	-3.8182	1.1751	-1.8099	0.11805	17.087	62.292	210.58	-215.82	165.65	0.89504	-137.23	92.326	-18.21	27.695	-19.465	30.441	-49.168	-7.5505
-4.1414	-8.915	-9.6109	2.232	10.387	4.9067	-0.14326	0.11343	1.4378	0.59054	-3.4562	0.70544	-0.70629	-0.50221	22.976	110.2	18.114	-64.073	67.13	11.224	-44.374	40.121	-59.211	17.524	14.482	-18.785	44.146	-24.81
-3.958	-9.0278	-7.2862	0.356	11.018	5.3205	-2.1323	1.3595	1.7271	0.22576	-2.7243	0.36072	0.52375	-1.3399	7.3323	-4.5113	92.987	-75.041	25.259	16.552	-79.56	49.843	11.571	-14.591	29.274	-13.789	49.202	-33.509
-3.8814	-12.811	-4.576	-0.099822	9.2785	7.9946	-3.6085	2.2534	2.1993	-0.71365	-1.6422	-0.85529	1.1204	-1.5112	3.0674	-151.31	108.41	-18.233	-69.596	106.97	-59.049	35.757	18.889	-37.576	43.285	-48.64	23.867	-6.8515
-3.7754	-13.207	-2.4586	-1.5038	10.061	7.3288	-3.3982	1.0928	2.9693	-0.18796	-2.1023	-0.4867	0.67938	-1.0144	4.2392	-15.838	84.694	-56.16	31.288	-26.634	8.4114	-46.424	30.799	21.027	-18.403	14.744	-17.642	19.872
-3.2445	-8.4803	-2.135	-3.7131	10.335	7.8027	-2.8628	0.59284	1.9489	0.72224	-2.7938	-0.99216	1.2302	-0.95677	21.235	189.05	12.945	-88.372	10.982	18.954	21.415	-19.999	-40.815	36.408	-27.661	-20.218	22.033	2.3062
-3.211	-6.8346	0.41198	-5.2955	9.2853	7.7722	-2.1235	-0.60602	1.7193	1.8377	-3.328	-1.4939	1.1089	-0.3289	1.342	65.826	101.88	-63.297	-41.996	-1.2174	29.574	-47.954	-9.1839	44.618	-21.367	-20.071	-4.851	25.115
-3.3334	-7.028	1.9726	-4.387	6.574	8.3983	-1.0932	-1.5884	0.60336	2.7568	-3.1845	-1.1035	-0.03315	-0.19239	-4.8969	-7.7343	62.426	36.341	-108.45	25.042	41.211	-39.296	-44.638	36.765	5.7381	15.618	-45.683	5.4605
-3.4815	-7.7347	3.4592	-4.7041	5.5706	7.1319	1.5714	-2.8142	-0.34044	2.2212	-2.3004	-0.63847	-1.3671	0.11929	-5.9255	-28.27	59.464	-12.686	-40.138	-50.653	106.58	-49.031	-37.752	-21.424	35.365	18.601	-53.356	12.467
-3.4584	-8.563	3.8199	-3.6927	3.7763	7.2071	1.7501	-2.4156	-0.71999	0.98596	-1.04	-0.85862	-1.0679	-0.39179	0.92535	-33.13	14.427	40.459	-71.773	3.0082	7.1476	15.945	-15.182	-49.41	50.417	-8.8063	11.966	-20.443
-3.4241	-9.4226	4.7809	-3.4191	3.5166	7.4885	2.3526	-2.6277	-1.2528	1.4042	-1.8041	-0.92855	-1.622	-0.35099	1.3727	-34.382	38.439	10.943	-10.387	11.254	24.102	-8.4852	-21.311	16.729	-30.567	-2.7969	-22.163	1.6319
-3.3979	-4.7176	1.4747	-2.8186	5.189	6.3289	2.3926	-4.3095	-0.071522	1.8105	-2.7063	-0.42937	-2.6802	0.82613	1.0481	188.2	-132.25	24.02	66.898	-46.382	1.5999	-67.273	47.249	16.253	-36.086	19.967	-42.328	47.085
-3.5938	-6.128	-1.9549	0.29855	5.349	6.6697	2.3187	-5.0949	1.0873	0.97235	-3.2632	-0.43212	-2.273	0.97251	-7.8379	-56.416	-137.18	124.69	6.3985	13.63	-2.9588	-31.414	46.352	-33.526	-22.275	-0.11013	16.285	5.8556
-4.0602	-16.441	-2.0293	2.2771	5.152	6.0132	0.78878	-3.8152	3.4808	-0.38806	-2.9155	-0.098113	-2.7236	1.7289	-18.654	-412.51	-2.9779	79.142	-7.8779	-26.259	-61.196	51.187	95.741	-54.417	13.907	13.36	-18.02	30.256
-4.774	-14.053	-4.8073	5.0627	1.7358	3.7692	-0.75824	-3.4096	3.4564	0.23742	-1.7539	0.013809	-1.3989	1.5957	-28.551	95.52	-111.12	111.42	-136.65	-89.762	-61.881	16.222	-0.97607	25.019	46.463	4.4769	52.986	-5.3271
-4.7603	-11.158	-6.9303	2.811	-2.2356	3.3789	-0.94298	-2.7164	5.0318	1.2859	0.065683	1.7448	-0.58558	2.6542	0.54504	115.79	-84.922	-90.07	-158.86	-15.61	-7.3897	27.728	63.016	41.938	72.783	69.24	32.533	42.339
-4.4853	-7.1752	-4.5063	1.9963	0.35372	1.5383	-1.3218	-4.2691	5.2222	1.9138	-0.58177	1.6059	-1.2173	2.0238	10.999	159.31	96.962	-32.588	103.57	-73.624	-15.153	-62.108	7.6177	25.119	-25.898	-5.5579	-25.267	-25.217
-3.5079	-0.074656	-3.701	1.5435	0.69619	0.53181	0.38753	-3.7086	4.7951	1.7784	-1.2422	1.1945	-1.6049	1.4216	39.099	284.02	32.211	-18.111	13.699	-40.261	68.374	22.42	-17.085	-5.419	-26.417	-16.455	-15.507	-24.089
-2.8548	5.4136	-0.57402	1.7317	-0.10157	-2.0863	-0.018576	-2.4769	2.2775	1.9185	-1.2365	1.8442	-1.5663	0.12625	26.125	219.53	125.08	7.5275	-31.91	-104.72	-16.244	49.269	-100.7	5.6059	0.22658	25.986	1.546	-51.813
-2.045	11.015	2.7669	-2.0386	-2.8573	0.019815	0.51814	-4.5786	0.82688	4.2602	-0.33723	1.2126	-1.4805	0.73295	32.388	224.06	133.64	-150.81	-110.23	84.243	21.468	-84.067	-58.025	93.669	35.972	-25.261	3.4333	24.268
-0.77789	20.884	3.376	-5.3815	-4.0023	2.5925	-2.1044	-3.6856	1.5539	2.1262	0.99849	0.96516	-1.7055	1.7039	50.686	394.78	24.363	-133.72	-45.8	102.91	-104.9	35.721	29.083	-85.362	53.429	-9.8993	-9.0016	38.837
-0.17095	29.261	4.519	-10.587	-1.7043	0.78534	-2.8509	-1.8561	0.61135	1.805	2.8726	-0.84781	0.42998	-0.40995	24.278	335.07	45.718	-208.23	91.92	-72.288	-29.859	73.179	-37.704	-12.847	74.965	-72.519	85.419	-84.553
0.30059	32.644	5.5326	-13.586	-0.97515	-0.45828	-2.7509	-0.82029	-0.46574	2.6288	2.7305	-0.54458	0.26337	-0.99112	18.862	135.3	40.543	-119.96	29.166	-49.745	4.0013	41.433	-43.084	32.953	-5.6847	12.129	-6.6644	-23.247
0.55116	32.491	6.1987	-14.289	-1.8174	-0.58633	-2.6505	-0.061474	-0.47647	2.5264	2.6275	-0.22473	-0.17329	-1.2596	10.023	-6.1095	26.647	-28.091	-33.692	-5.1222	4.0161	30.353	-0.42928	-4.0993	-4.1202	12.794	-17.467	-10.74
0.35953	32.058	7.3963	-14.678	-2.7922	-0.3135	-2.3041	0.26723	0.1587	1.6733	3.1638	-0.79556	-0.036188	-1.7706	-7.6651	-17.328	47.902	-15.595	-38.991	10.913	13.854	13.148	25.407	-34.123	21.454	-22.833	5.4842	-20.441
0.55515	32.558	6.6222	-12.88	-4.9216	0.29991	-2.0654	0.37667	0.89679	0.67324	3.5701	-1.0094	0.15554	-2.0422	7.8247	20.017	-30.961	71.945	-85.175	24.537	9.5503	4.3775	29.524	-40.002	16.252	-8.5539	7.6692	-10.861
0.44485	31.073	8.2012	-12.591	-5.8435	0.53074	-1.8218	1.3342	0.85926	0.54953	3.3449	0.24771	-0.74817	-1.4311	-4.4122	-59.417	63.159	11.555	-36.877	9.2329	9.7417	38.301	-1.5014	-4.9484	-9.0089	50.285	-36.149	24.444
0.55652	28.766	8.5775	-10.223	-8.5599	1.878	-2.6887	1.7146	1.2592	-0.88395	3.9086	0.2088	-0.45174	-1.9139	4.467	-92.247	15.053	94.73	-108.65	53.891	-34.675	15.215	15.998	-57.339	22.546	-1.5566	11.857	-19.313
0.42265	26.612	9.1041	-7.8242	-9.396	2.0818	-2.8608	1.9277	1.0742	-1.0025	3.8023	1.193	-0.092556	-2.2484	-5.3547	-86.182	21.065	95.937	-33.445	8.153	-6.885	8.526	-7.3999	-4.7432	-4.2513	39.368	14.367	-13.381
0.16548	22.407	9.6365	-5.1779	-9.079	0.17026	-1.4769	0.12541	0.79171	-0.71739	2.7374	1.9544	0.55726	-2.934	-10.287	-168.19	21.295	105.85	12.68	-76.463	55.357	-72.093	-11.3	11.406	-42.597	30.456	25.993	-27.421
-0.38125	15.925	8.8625	-1.7812	-8.4399	0.22426	-0.52492	-0.46374	0.59077	-1.1982	2.4017	1.3756	1.3547	-2.9003	-21.869	-259.29	-30.959	135.87	25.563	2.1601	38.079	-23.566	-8.0375	-19.232	-13.425	-23.153	31.899	1.3484
-2.3871	-6.5965	1.4094	7.5496	-9.1704	0.19605	2.7614	-1.2809	0.70762	-1.917	0.73106	2.2201	0.17121	-1.1469	-80.233	-900.86	-298.12	373.23	-29.218	-1.1283	131.45	-32.687	4.6738	-28.752	-66.827	33.781	-47.341	70.133
-4.9479	-20.207	-6.5751	10.068	-3.9913	1.5068	3.8482	0.33505	-0.15354	-2.6557	-1.5518	1.9174	0.027996	1.0052	-102.43	-544.43	-319.38	100.74	207.17	52.43	43.473	64.638	-34.446	-29.549	-91.314	-12.108	-5.7285	86.086
-6.309	-27.127	-8.511	11.479	-4.5718	3.3068	5.3221	-0.15407	-0.41734	-1.9483	-1.1364	0.88723	0.42048	0.38733	-54.442	-276.78	-77.436	56.43	-23.221	72	58.957	-19.565	-10.552	28.297	16.617	-41.208	15.699	-24.716
-6.7694	-34.928	-7.91	9.895	-2.4691	3.1112	4.447	1.8081	-0.27279	-3.046	0.011616	0.75651	-0.97763	0.53533	-18.416	-312.07	24.04	-63.347	84.106	-7.8234	-35.008	78.489	5.7818	-43.909	45.919	-5.229	-55.924	5.9199
-7.3555	-41.621	-11.153	10.859	-1.4984	3.339	5.1782	0.96811	0.16849	-1.1241	0.049397	0.11106	-2.1133	0.38825	-23.444	-267.7	-129.74	38.575	38.831	9.1129	29.248	-33.601	17.651	76.879	1.5112	-25.818	-45.428	-5.8832
-6.6626	-32.304	-12.396	11.343	-3.0027	3.5278	3.2987	0.1403	1.894	-0.98067	-0.69435	0.29069	-2.5976	0.72104	27.714	372.69	-49.711	19.353	-60.173	7.5501	-75.178	-33.113	69.022	5.7361	-29.75	7.1849	-19.372	13.312
-4.6881	-12.706	-8.224	8.6991	-1.2589	4.6684	4.2181	-3.1713	-0.057614	-0.81641	0.073943	-1.0839	-1.5707	1.1381	78.983	783.91	166.89	-105.77	69.75	45.624	36.776	-132.46	-78.066	6.5703	30.732	-54.982	41.077	16.682
-3.342	-0.47514	-5.1676	7.3279	0.13292	6.2886	2.0516	-5.1558	0.76449	-0.3525	-0.4805	-1.772	-1.1048	0.004651	53.842	489.24	122.26	-54.848	55.674	64.807	-86.66	-79.378	32.884	18.556	-22.178	-27.525	18.637	-45.337
-3.1145	0.43183	-3.4109	5.908	3.3061	3.4394	3.1896	-3.7925	0.4019	-0.15629	-1.8041	-2.5177	0.16424	-0.21024	9.1005	36.279	70.27	-56.794	126.93	-113.97	45.518	54.53	-14.504	7.8483	-52.946	-29.83	50.761	-8.5954
-3.4136	-5.1436	-4.1642	6.7705	5.1356	3.1803	1.5886	-2.3891	0.46169	0.097095	-1.959	-1.6153	0.50087	-0.66089	-11.965	-223.02	-30.133	34.498	73.183	-10.363	-64.041	56.135	2.3915	10.136	-6.1934	36.097	13.465	-18.026
-4.035	-12.697	-6.1447	7.2738	6.9506	1.8667	1.7292	-0.49018	0.91399	0.043979	-2.0204	-1.203	1.0626	-0.95401	-24.856	-302.14	-79.222	20.132	72.597	-52.544	5.625	75.958	18.092	-2.1246	-2.4585	16.492	22.47	-11.725
-5.0664	-24.285	-7.6186	8.2343	7.3023	1.7681	3.5869	-0.085564	1.8162	0.30969	-1.5172	-0.76499	0.89024	-0.78057	-41.256	-463.51	-58.955	38.423	14.067	-3.9448	74.307	16.184	36.088	10.628	20.13	17.52	-6.8951	6.9379
-5.7616	-32.249	-10.87	10.78	7.8652	0.85612	5.5841	-0.98214	2.7715	1.7225	-1.5786	-1.0585	1.5867	-0.87716	-27.808	-318.59	-130.07	101.85	22.516	-36.478	79.888	-35.863	38.212	56.513	-2.4581	-11.74	27.859	-3.8637
-5.9866	-35.799	-11.24	11.519	6.9042	2.9238	4.2293	-0.45174	2.8901	0.74929	-0.49929	-1.5419	2.8285	-1.4378	-9.0003	-142	-14.781	29.551	-38.437	82.705	-54.192	21.216	4.7426	-38.929	43.174	-19.338	49.672	-22.426
-6.0586	-35.204	-10.833	11.167	6.6443	3.7045	2.7907	0.17879	3.2849	0.34293	-0.30895	-0.37843	0.37907	0.34698	-2.8794	23.819	16.279	-14.072	-10.396	31.231	-57.542	25.222	15.793	-16.255	7.614	46.54	-97.977	71.391
-5.7893	-30.522	-11.071	8.7898	8.9482	2.4495	2.8192	0.86565	2.0956	0.34814	0.19096	-0.77731	0.6466	1.0886	10.771	187.27	-9.5371	-95.105	92.156	-50.202	1.1411	27.474	-47.57	0.20838	19.996	-15.955	10.701	29.666
-4.9218	-20.015	-15.988	10.182	9.1056	3.3969	2.3066	1.3047	2.4138	-1.1578	0.77612	-2.033	1.58	0.055262	34.699	420.3	-196.65	55.68	6.2949	37.899	-20.504	17.56	12.728	-60.238	23.407	-50.226	37.337	-41.334
-3.8903	-10.014	-11.123	5.0196	11.073	2.6207	0.3358	0.86383	2.4459	-0.27951	0.21691	-1.7565	0.28935	0.40779	41.263	400.03	194.57	-206.49	78.688	-31.051	-78.834	-17.633	1.2806	35.132	-22.369	11.057	-51.628	14.101
-2.5479	6.6955	-10.48	2.5791	9.8797	3.778	-1.5865	1.398	0.51146	-0.14476	-1.2175	-1.5513	0.17989	0.43408	53.694	668.38	25.74	-97.619	-47.723	46.294	-76.891	21.367	-77.376	5.3903	-57.377	8.21	-4.3781	1.0515
-1.2991	24.864	-8.0433	-0.19442	8.239	3.9189	-3.7197	-0.28431	-0.66624	-0.70285	-2.0566	-1.9834	0.15138	0.68575	49.951	726.73	97.461	-110.94	-65.63	5.636	-85.329	-67.293	-47.108	-22.324	-33.563	-17.286	-1.1406	10.067
-0.21797	35.34	-5.4758	-3.1585	6.1336	3.3597	-5.4641	-1.1899	-2.0578	-0.004847	-1.7229	-1.6244	0.47707	0.71209	43.246	419.05	102.7	-118.56	-84.214	-22.367	-69.776	-36.223	-55.663	27.92	13.347	14.362	13.028	1.0535
0.30862	42.744	-5.1507	-6.1646	3.1732	1.3181	-3.9658	-1.8436	-2.8592	0.082554	0.9236	-0.020287	0.16246	0.07068	21.063	296.15	13.006	-120.25	-118.42	-81.667	59.931	-26.148	-32.054	3.496	105.86	64.164	-12.584	-25.656
0.53804	47.037	-4.5138	-6.7774	-0.57055	-1.3211	-2.5413	-0.89638	-3.58	0.1298	3.2364	1.8755	-0.78745	-0.87784	9.1772	171.73	25.475	-24.513	-149.75	-105.57	56.98	37.888	-28.835	1.8899	92.511	75.831	-37.996	-37.941
0.8518	46.083	-3.0195	-6.9821	-3.0014	-3.112	-1.5562	1.7912	-3.772	-0.53218	3.1626	3.1264	0.2527	-2.2188	12.55	-38.168	59.77	-8.1841	-97.235	-71.637	39.405	107.5	-7.677	-26.479	-2.9506	50.038	41.606	-53.637
0.70697	41.933	-1.1339	-5.7491	-4.3549	-5.4848	-1.5123	4.4027	-2.6832	-1.4099	1.3831	3.3946	1.2048	-1.3295	-5.7931	-166	75.424	49.32	-54.138	-94.909	1.7568	104.46	43.549	-35.109	-71.181	10.725	38.086	35.57
0.47798	35.23	1.7831	-3.6604	-4.2631	-8.3402	-1.7207	5.3046	-1.1141	-2.1047	0.72211	1.6182	2.0312	-0.54006	-9.1597	-268.11	116.68	83.546	3.669	-114.22	-8.3383	36.076	62.767	-27.793	-26.439	-71.054	33.054	31.578
0.25199	25.021	3.3337	0.52178	-4.4493	-8.1329	-3.453	5.6566	-1.3535	-1.9118	-0.47297	-0.33054	1.4848	-0.16221	-9.0397	-408.35	62.024	167.29	-7.4456	8.2909	-69.293	14.08	-9.5769	7.7166	-47.803	-77.95	-21.857	15.114
-0.5715	16.232	4.2271	4.0854	-3.4972	-8.1281	-2.9189	5.235	-1.1366	-1.3184	-0.29214	-1.5141	0.59812	-0.077445	-32.939	-351.55	35.735	142.54	38.085	0.19302	21.364	-16.862	8.6735	23.738	7.2331	-47.344	-35.466	3.3906
-0.56076	9.2763	6.8264	4.8352	-2.5754	-9.2995	-2.922	4.8417	-0.87756	-0.024592	-0.42628	-2.1167	-0.40277	0.25832	0.42941	-278.24	103.97	29.995	36.869	-46.857	-0.12307	-15.732	10.363	51.751	-5.3654	-24.103	-40.036	13.431
-0.32412	10.781	7.4446	3.1583	-1.7292	-11.124	-2.502	4.6796	-0.82444	0.55559	-0.59486	-1.6174	-0.32824	0.36691	9.4655	60.201	24.729	-67.078	33.85	-72.998	16.802	-6.483	2.1247	23.207	-6.7432	19.972	2.9813	4.3435
-0.030166	15.97	8.0453	0.20929	-0.18471	-13.544	-1.3583	4.6148	-0.25267	1.0687	-0.99572	-0.72006	-0.39458	0.80166	11.758	207.55	24.027	-117.96	61.778	-96.764	45.746	-2.593	22.871	20.522	-16.035	35.894	-2.6535	17.39
0.39058	20.795	7.2745	-2.2426	0.42543	-14.832	-0.14466	3.7226	0.37497	-0.036158	-0.35853	-0.32584	-0.37447	1.1743	16.83	193.01	-30.831	-98.077	24.406	-51.535	48.546	-35.69	25.106	-44.192	25.487	15.769	0.80436	14.906
0.24658	23.66	6.8674	-4.4134	0.87429	-14.141	0.21449	3.7567	0.24637	-1.4332	0.090956	0.13159	0.28147	1.6232	-5.76	114.57	-16.286	-86.83	17.954	27.631	14.366	1.3648	-5.1439	-55.881	17.98	18.297	26.238	17.954
0.13849	22.447	7.5357	-5.4605	0.86088	-13.486	0.38342	3.4648	1.8926	-2.6894	0.063089	0.16737	0.35583	2.2308	-4.3235	-48.515	26.731	-41.886	-0.53624	26.193	6.7573	-11.674	65.847	-50.248	-1.1147	1.431	2.9741	24.307
0.18374	21.22	6.4954	-4.1205	-0.029738	-11.682	-1.356	3.7857	2.6628	-1.858	-0.69859	-0.04152	0.091983	2.2063	1.8098	-49.086	-41.609	53.603	-35.625	72.171	-69.577	12.834	30.811	33.256	-30.467	-8.3555	-10.554	-0.97956
-0.23556	17.796	6.6399	-2.7057	-0.041606	-10.929	-2.3663	3.4278	2.6871	-0.6622	-1.227	-0.36959	-0.13013	1.6757	-16.772	-136.95	5.7796	56.59	-0.47472	30.109	-40.412	-14.315	0.97145	47.831	-21.138	-13.123	-8.8846	-21.227
-0.55123	15.293	5.5849	-0.85738	-0.42353	-10.619	-2.8776	2.308	2.7892	-0.3171	-1.7923	0.093878	-0.80858	1.5838	-12.627	-100.11	-42.2	73.934	-15.277	12.42	-20.453	-44.792	4.0852	13.804	-22.61	18.539	-27.138	-3.6742
-0.87931	11.059	3.9767	2.1995	-0.2655	-10.506	-4.0095	1.9487	2.709	-0.27017	-1.6726	0.41622	-1.2991	1.1121	-13.123	-169.35	-64.327	122.28	6.3209	4.4949	-45.274	-14.375	-3.2076	1.8773	4.787	12.894	-19.622	-18.867
-1.2199	-0.0026499	7.4847	2.0501	1.5857	-11.648	-3.9582	0.79875	3.1432	-0.38922	-0.92948	0.38447	-1.5757	0.92199	-13.622	-442.48	140.32	-5.9778	74.049	-45.671	2.0506	-45.996	17.366	-4.7619	29.726	-1.2698	-11.061	-7.6052
-1.6723	-8.4349	7.6543	5.0043	0.44142	-10.212	-5.1237	0.16724	2.0728	-0.20702	-0.015491	0.56688	-1.675	0.38572	-18.099	-337.29	6.7831	118.17	-45.773	57.466	-46.62	-25.26	-42.815	7.2881	36.559	7.2965	-3.9719	-21.451
-2.4184	-9.7679	5.3592	5.8354	1.7332	-10.929	-4.937	-0.68123	1.0985	-0.43524	-0.62455	1.4478	-1.8618	0.436	-29.842	-53.321	-91.803	33.244	51.671	-28.697	7.4666	-33.939	-38.972	-9.1291	-24.362	35.235	-7.4747	2.0112
-3.0142	-35.26	5.9804	9.2919	-2.3228	-5.5227	-4.0731	-0.12751	3.4447	-0.33215	0.41574	0.82092	-1.7951	1.447	-23.833	-1019.7	24.846	138.26	-162.24	216.25	34.556	22.149	93.846	4.1236	41.612	-25.074	2.6678	40.44
-4.7041	-40.052	4.9832	9.7254	-1.4272	-6.7276	-4.8624	0.17152	1.5566	-0.15855	0.75835	0.88598	-1.6445	1.4429	-67.595	-191.69	-39.885	17.34	35.824	-48.193	-31.57	11.961	-75.522	6.9443	13.704	2.6023	6.0237	-0.16391
-2.5407	-11.377	3.8708	6.2281	1.2474	-9.2304	-4.4858	-0.31698	1.4922	-0.038029	-0.058806	1.5737	-1.8389	0.42601	86.533	1147	-44.498	-139.89	106.98	-100.12	15.065	-19.54	-2.5764	4.8207	-32.686	27.508	-7.7731	-40.676
-1.7597	-2.0541	4.8726	5.3027	0.6557	-10.011	-4.9337	0.18251	1.8413	0.27415	-0.37399	1.7642	-2.0073	0.56195	31.241	372.9	40.072	-37.017	-23.666	-31.222	-17.92	19.98	13.962	12.487	-12.607	7.6207	-6.7389	5.4374
-1.1087	5.5749	4.4439	3.8796	-1.0425	-9.2936	-5.0797	2.0588	2.3019	1.3528	-1.4648	1.5233	-1.7613	0.49418	26.042	305.16	-17.146	-56.924	-67.927	28.695	-5.8362	75.051	18.427	43.147	-43.631	-9.6362	9.8424	-2.7104
-0.85546	13.941	3.2879	1.8024	-2.7031	-8.9617	-3.288	2.637	2.6818	0.98791	-2.2833	0.81099	-0.64309	1.3634	10.128	334.65	-46.244	-83.086	-66.426	13.276	71.665	23.127	15.196	-14.596	-32.741	-28.492	44.727	34.767
-0.76262	19.86	3.6014	-2.108	-3.824	-8.0562	-0.82357	3.1404	1.7346	-0.018435	-2.8292	1.1104	1.0278	1.4598	3.7138	236.75	12.541	-156.42	-44.837	36.222	98.579	20.137	-37.89	-40.254	-21.834	11.975	66.835	3.8582
-0.64436	22.66	4.2377	-6.0134	-3.5099	-6.7416	1.8399	1.8841	0.30802	0.025525	-2.5691	2.7595	1.4661	1.109	4.7301	112	25.452	-156.21	12.568	52.584	106.54	-50.251	-57.062	1.7584	10.404	65.965	17.532	-14.034
-0.74732	24.27	4.0032	-8.6773	-2.4026	-3.8921	1.8685	0.57691	-1.7221	-0.50994	-0.79588	3.5531	0.88977	0.021438	-4.1182	64.413	-9.3785	-106.56	44.289	113.98	1.1455	-52.288	-81.204	-21.419	70.927	31.744	-23.053	-43.501
-0.88655	26.152	2.2721	-9.6662	-0.50755	-2.6593	1.6234	-1.4938	-2.71	1.2466	-0.16678	3.4418	-0.78166	0.27357	-5.5693	75.266	-69.246	-39.556	75.803	49.309	-9.8043	-82.83	-39.518	70.262	25.164	-4.4506	-66.857	10.085
-0.9895	27.265	-0.031905	-9.7103	1.2271	-1.1898	0.23118	-2.0878	-3.5931	2.5874	0.044603	1.9073	-0.67608	0.48574	-4.1179	44.537	-92.159	-1.7647	69.387	58.782	-55.69	-23.76	-35.323	53.633	8.4553	-61.382	4.2232	8.4868
-1.1041	25.3	-1.9629	-7.9287	2.1074	0.2296	-1.2165	-2.0181	-3.7146	2.4653	0.58783	0.74894	-0.15648	0.98299	-4.5854	-78.617	-77.239	71.263	35.21	56.775	-57.908	2.7889	-4.8596	-4.8862	21.729	-46.333	20.784	19.89
-1.6791	20.813	-2.636	-8.04	4.1396	0.68275	-1.4715	-1.9984	-4.2428	2.5334	-0.22993	0.22306	-0.33058	1.3229	-23	-179.46	-26.924	-4.4511	81.291	18.126	-10.2	0.78814	-21.13	2.7236	-32.71	-21.035	-6.9641	13.596
-2.2045	15.513	-2.576	-8.5773	4.9075	1.3864	-0.73889	-2.0647	-4.0229	1.8466	-0.79396	-0.68142	0.41891	0.25644	-21.013	-212.04	2.3985	-21.49	30.715	28.148	29.305	-2.654	8.7958	-27.47	-22.561	-36.179	29.98	-42.659
-3.0441	3.2223	-0.54233	-7.875	3.8645	1.0151	2.1453	-2.3167	-2.9135	-0.28296	-0.60767	-0.75721	1.0798	0.4701	-33.586	-491.61	81.347	28.089	-41.719	-14.852	115.37	-10.077	44.379	-85.183	7.4514	-3.0314	26.436	8.5464
-4.5081	-24.635	-4.4224	-2.241	1.6931	2.7497	2.6444	-3.28	-1.8009	-2.1407	1.0433	-1.3149	2.5875	-0.23353	-58.557	-1114.3	-155.2	225.36	-86.858	69.382	19.966	-38.532	44.503	-74.308	66.04	-22.306	60.308	-28.145
-5.9371	-30.524	-1.3596	6.441	-1.7065	4.5413	2.4173	-1.6342	4.0115	-1.4066	-2.4014	-1.769	4.1241	-0.391	-57.162	-235.57	122.51	347.28	-135.98	71.664	-9.0862	65.832	232.5	29.364	-137.79	-18.167	61.462	-6.2989
-5.2479	-15.826	-4.6557	1.5726	-0.33213	4.0119	0.3312	-0.5149	2.933	0.069425	-3.1633	-1.9887	3.7725	-0.94416	27.567	587.9	-131.84	-194.74	54.973	-21.173	-83.443	44.771	-43.142	59.039	-30.479	-8.7883	-14.063	-22.126
-4.8868	-15.304	-2.3551	1.1137	0.65148	4.0172	0.66291	-0.55894	3.2812	-0.50541	-3.0541	-1.9407	4.0474	-0.90605	14.445	20.9	92.024	-18.353	39.344	0.21112	13.268	-1.7614	13.926	-22.993	4.3716	1.9232	10.997	1.5245
-4.5519	-11.563	-3.5239	0.82294	-0.16594	4.3571	0.19032	-0.057695	3.4296	-0.79428	-2.8952	-2.638	3.8533	-1.4101	13.395	149.63	-46.751	-11.632	-32.697	13.597	-18.904	20.05	5.9361	-11.555	6.3532	-27.894	-7.7647	-20.164
-4.539	-11.298	-2.7268	0.80928	-0.15518	4.5916	-0.23288	0.39555	2.4643	-0.72651	-2.9623	-2.0595	3.3061	-1.0797	0.51743	10.603	31.883	-0.5464	0.43027	9.3795	-16.928	18.13	-38.611	2.7111	-2.6841	23.139	-21.889	13.217
-3.5105	3.6667	-0.99152	-2.9053	-2.5304	2.9049	0.22143	0.77973	-1.1255	-1.537	-0.034287	-0.59392	1.13	-0.17506	41.139	598.59	69.412	-148.58	-95.01	-67.469	18.173	15.367	-143.59	-32.421	117.12	58.625	-87.043	36.186
-2.6222	10.059	2.2783	-8.4091	0.53754	0.15464	1.4391	0.75195	-3.3533	0.15801	1.8587	-0.41512	0.35749	-0.46211	35.532	255.7	130.79	-220.15	122.72	-110.01	48.706	-1.1112	-89.115	67.801	75.72	7.1519	-30.9	-11.482
-2.4402	16.832	-1.8141	-7.2791	1.4621	-0.65257	2.4745	-1.1712	-1.9636	-0.20791	2.0672	0.060296	-1.5445	0.43439	7.2795	270.9	-163.7	45.199	36.984	-32.288	41.416	-76.925	55.59	-14.637	8.3396	19.017	-76.08	35.86
-2.0937	22.89	-6.6831	-4.8227	0.98217	-0.9798	3.2734	-2.8051	-0.59784	-0.97019	2.4385	0.37008	-2.3093	1.2457	13.861	242.32	-194.76	98.257	-19.199	-13.089	31.958	-65.358	54.63	-30.491	14.851	12.391	-30.591	32.454
-2.4151	18.782	-2.6828	-8.7328	3.2585	-0.57874	0.81509	0.30003	-2.5132	-0.11772	2.5701	-0.33811	-0.9109	-0.096485	-12.857	-164.32	160.01	-156.4	91.054	16.042	-98.333	124.21	-76.614	34.099	5.2651	-28.328	55.936	-53.689
-2.9749	7.2408	-2.4095	-8.1917	2.9542	2.5771	-0.88677	0.21509	-0.83306	-0.18994	1.5	1.2956	-0.25428	-1.0907	-22.391	-461.64	10.934	21.643	-12.173	126.24	-68.075	-3.3976	67.205	-2.8888	-42.804	65.348	26.265	-39.767
-4.2871	-23.047	-2.0032	3.181	-0.40954	3.2464	-0.56032	-1.0188	0.89896	-0.35565	0.12424	2.3955	-1.8317	-2.2159	-52.487	-1211.5	16.253	454.91	-134.55	26.771	13.058	-49.355	69.281	-6.6285	-55.03	43.996	-63.097	-45.01
-5.9446	-23.096	-0.44022	1.594	-1.2101	2.6995	1.444	-1.077	-0.067969	-0.98049	0.26269	4.8004	-1.9718	-4.6325	-66.302	-1.977	62.518	-63.482	-32.024	-21.878	80.173	-2.3265	-38.677	-24.993	5.5379	96.198	-5.6049	-96.664
-6.2132	-33.753	-0.32546	-0.52115	-2.847	2.3573	3.7555	-0.21546	0.082145	-1.5966	-0.61973	5.1808	-2.2713	-3.5674	-10.744	-426.26	4.5902	-84.604	-65.474	-13.686	92.459	34.46	6.0045	-24.643	-35.297	15.215	-11.98	42.603
-6.854	-36.849	0.81461	1.6034	-8.7052	1.5286	5.943	1.052	0.31499	-1.4941	1.7072	4.0044	-0.54898	-0.65336	-25.631	-123.87	45.603	84.982	-234.33	-33.15	87.5	50.698	9.3137	4.1008	93.077	-47.056	68.894	116.56
-6.2985	-40.057	4.1934	5.9681	-11.221	-0.86479	5.9876	1.5195	-1.1798	-1.8138	1.1843	2.4736	-0.96123	1.0807	22.219	-128.29	135.15	174.59	-100.65	-95.734	1.7864	18.701	-59.793	-12.79	-20.914	-61.231	-16.49	69.363
-5.8482	-42.736	6.2927	4.5704	-11.526	0.34268	4.0174	1.4295	-0.2729	-2.3924	1.3089	1.2007	-0.37426	1.866	18.013	-107.15	83.97	-55.91	-12.171	48.299	-78.808	-3.6007	36.278	-23.144	4.9829	-50.917	23.479	31.411
-4.8495	-23.535	9.0763	3.8327	-12.017	-1.2598	3.5368	4.186	-4.5423	-1.9657	2.8495	-1.3641	-0.20422	0.58375	39.947	768.01	111.35	-29.508	-19.646	-64.098	-19.224	110.26	-170.78	17.066	61.625	-102.59	6.8015	-51.289
-3.482	-33.12	8.2166	4.3046	-12.383	-1.3948	4.3611	3.3876	-3.5481	-1.7014	2.0286	-0.66936	0.14805	1.0651	54.7	-383.38	-34.389	18.878	-14.642	-5.4016	32.971	-31.937	39.77	10.574	-32.838	27.789	14.091	19.253
-2.713	-10.463	12.392	0.43494	-12.488	-0.73543	4.4206	4.9959	-6.4014	-2.5177	3.3535	-1.6497	1.123	1.4221	30.76	906.27	167.01	-154.79	-4.2161	26.375	2.3803	64.331	-114.13	-32.651	52.997	-39.215	38.997	14.279
-1.991	-2.6444	11.001	-2.029	-11.664	0.87799	4.2182	5.0685	-8.4644	-2.081	4.3417	-1.307	0.75438	0.70974	28.878	312.74	-55.633	-98.558	32.952	64.537	-8.0953	2.9057	-82.522	17.467	39.527	13.709	-14.744	-28.492
-1.5959	6.4734	9.1144	-4.1212	-10.417	1.2681	3.2937	3.0972	-9.0531	-0.79464	4.2852	-0.98308	-0.42425	1.7106	15.804	364.71	-75.467	-83.687	49.882	15.606	-36.98	-78.854	-23.549	51.454	-2.2602	12.957	-47.145	40.034
-1.4547	7.3536	9.9284	-4.8257	-9.874	4.2923	0.61665	2.6931	-7.9101	0.25127	4.9775	-1.1634	-0.67193	1.364	5.6494	35.207	32.559	-28.183	21.737	120.97	-107.08	-16.164	45.721	41.836	27.692	-7.2148	-9.907	-13.865
-1.4654	11.348	7.7233	-3.8545	-9.6161	4.2982	-0.70828	1.3246	-5.3028	-0.5992	5.0407	-1.207	-0.6462	1.0207	-0.429	159.78	-88.203	38.848	10.314	0.23686	-52.997	-54.738	104.29	-34.019	2.529	-1.7417	1.0292	-13.73
-1.0453	14.885	5.6028	-2.0408	-10.487	3.4353	0.30114	-0.9243	-3.8958	0.59032	3.6254	-0.34919	0.16442	-0.45059	16.804	141.47	-84.819	72.551	-34.821	-34.519	40.377	-89.957	56.278	47.581	-56.611	34.312	32.425	-58.853
-1.1287	15.173	6.283	-2.761	-8.5618	0.97286	1.3555	-1.7566	-3.5851	1.9931	2.8398	-1.0174	2.2585	-2.0365	-3.3334	11.516	27.208	-28.808	76.994	-98.496	42.174	-33.294	12.428	56.11	-31.423	-26.729	83.763	-63.435
-0.94046	16.727	4.9839	-2.494	-8.0239	0.58262	0.57398	-0.16236	-5.1356	2.5866	4.1531	-2.1886	2.2635	-2.0859	7.5279	62.188	-51.967	10.678	21.517	-15.61	-31.26	63.771	-62.017	23.741	52.531	-46.846	0.19839	-1.979
-1.3237	14.742	5.2642	-1.6259	-7.2336	1.7517	0.042708	-1.9191	-2.9527	2.4884	2.6582	-1.0908	2.3411	-2.5856	-15.33	-79.413	11.213	34.723	31.613	46.762	-21.251	-70.271	87.317	-3.9274	-59.797	43.909	3.1074	-19.985
-1.7017	11.008	5.2136	-0.86119	-5.6696	2.0438	0.73591	-2.3289	-3.3475	0.76949	3.6908	-1.8158	0.66716	-0.89898	-15.12	-149.38	-2.0249	30.59	62.559	11.685	27.728	-16.393	-15.793	-68.758	41.304	-28.999	-66.959	67.463
-2.9712	-5.6399	2.009	1.6619	-5.3412	3.9812	0.29756	-2.9056	-2.5135	-1.3623	4.332	-0.68447	-1.7754	0.96665	-50.782	-665.9	-128.18	100.92	13.135	77.494	-17.534	-23.065	33.358	-85.272	25.649	45.254	-97.703	74.625
-6.5406	-24.073	-16.371	5.0394	-3.085	7.1063	-0.45004	2.1195	1.1176	-2.7851	2.3598	-1.7335	-0.6063	2.0507	-142.78	-737.33	-735.21	135.1	90.25	125.01	-29.904	201	145.25	-56.91	-78.887	-41.96	46.765	43.362
-3.9389	-12.97	-4.8427	4.3186	2.4319	0.71828	1.3117	-2.279	-1.3604	-0.83291	0.41209	-0.085296	-1.2683	1.6639	104.07	444.14	461.14	-28.835	220.68	-255.52	70.471	-175.94	-99.122	78.086	-77.909	65.926	-26.478	-15.471
-2.7899	-3.7764	4.0729	-1.0815	2.5092	3.8623	-0.67444	-4.3696	-0.57352	-0.0099235	-0.20812	-2.2385	0.87503	0.83105	45.959	367.73	356.62	-216	3.0918	125.76	-79.447	-83.621	31.476	32.92	-24.809	-86.128	85.732	-33.315
-2.322	-1.1802	5.4751	-2.5647	4.3444	3.7199	-2.4507	-3.7132	-1.2165	0.32988	-1.0299	-1.9866	2.1146	0.034396	18.718	103.85	56.089	-59.328	73.407	-5.6969	-71.05	26.254	-25.718	13.592	-32.872	10.075	49.581	-31.866
-2.5446	-4.4973	4.3836	-2.152	6.3358	2.6334	-2.0768	-2.9556	-1.57	1.1762	-2.0052	-1.3541	2.5351	-0.28302	-8.9051	-132.68	-43.66	16.509	79.657	-43.462	14.958	30.305	-14.14	33.851	-39.01	25.3	16.824	-12.697
-3.0969	-9.0061	2.4371	-0.0079641	7.7333	0.8917	-1.236	-0.69922	-2.6566	2.0736	-1.9609	-1.3599	2.2488	-0.32854	-22.094	-180.35	-77.86	85.761	55.899	-69.667	33.63	90.255	-43.464	35.896	1.7726	-0.23014	-11.453	-1.8207
-3.7382	-14.285	-0.51296	3.6347	9.2562	0.12492	-2.1495	1.65	-1.5031	0.39789	-1.7274	-0.55275	1.1756	-1.1623	-25.65	-211.17	-118	145.71	60.918	-30.671	-36.539	93.967	46.139	-67.027	9.3374	32.285	-42.93	-33.351
-4.2896	-24.018	-2.2684	6.6895	10.289	-0.10535	-2.8594	3.3964	0.26315	-1.3733	-1.0565	-0.50477	1.5714	-1.8921	-22.056	-389.3	-70.216	122.19	41.32	-9.211	-28.397	69.859	70.649	-70.847	26.839	1.919	15.832	-29.192
-5.3484	-34.551	-5.1445	9.3512	9.2901	1.1178	-1.7471	2.0844	1.7091	-0.5953	-1.3908	1.0711	1.2852	-2.4664	-42.351	-421.33	-115.04	106.47	-39.966	48.924	44.493	-52.481	57.839	31.119	-13.374	63.035	-11.447	-22.969
