-5.0615	-18.779	-35.081	-7.4193	4.39	4.902	-1.0661	-0.91547	1.6819	-3.9059	1.8057	-1.4503	0.4236	0.66371	0	0	0	0	0	0	0	0	0	0	0	0	0	0
-4.6041	-7.9293	-30.811	-4.2923	3.9537	4.7253	-1.2661	-0.33281	3.4498	-1.3684	3.1355	-0.50235	1.9245	0.24974	18.292	433.98	170.78	125.08	-17.453	-7.0698	-8.0033	23.307	70.715	101.5	53.192	37.917	60.035	-16.559
-4.0187	-3.8507	-30.698	-4.5794	2.2075	2.81	-0.19749	1.3273	2.5809	-0.80532	2.4613	-1.4746	1.1761	0.16425	23.416	163.14	4.5057	-11.484	-69.847	-76.613	42.746	66.403	-34.755	22.525	-26.969	-38.892	-29.935	-3.4196
-3.5263	3.7073	-32.475	-4.4425	2.7718	2.2167	-1.5316	-0.53411	2.6648	-1.4749	3.2086	0.28381	0.34279	-0.84913	19.696	302.32	-71.081	5.4729	22.573	-23.729	-53.362	-74.455	3.3544	-26.785	29.891	70.338	-33.332	-40.535
-3.1375	9.676	-29.592	-4.4451	2.2365	2.6281	-0.36189	0.17347	3.068	-2.1416	3.4312	0.16278	1.2467	-0.26389	15.551	238.75	115.34	-0.10437	-21.414	16.454	46.786	28.303	16.129	-26.668	8.9055	-4.8409	36.156	23.409
-2.9619	11.377	-31.785	-7.3198	1.7529	3.3256	-0.82467	0.88724	2.423	-1.5635	2.4075	-0.73993	1.163	-0.46283	7.0252	68.056	-87.734	-114.99	-19.345	27.899	-18.511	28.551	-25.802	23.124	-40.949	-36.109	-3.3489	-7.9574
-2.963	13.575	-30.323	-8.1225	-0.47549	2.0497	-1.1561	0.71098	1.7646	-2.47	1.7037	0.08719	2.203	0.23169	-0.043758	87.922	58.475	-32.108	-89.134	-51.036	-13.259	-7.0505	-26.335	-36.259	-28.152	33.085	41.601	27.781
-2.8633	14.18	-18.989	-1.3586	6.6257	5.7114	-1.4487	0.92059	0.38135	-3.4583	-0.44915	-2.3333	0.18007	-1.6366	3.9878	24.171	453.37	270.56	284.05	146.47	-11.702	8.3846	-55.329	-39.531	-86.114	-96.818	-80.916	-74.732
-2.216	20.172	-6.6759	2.3201	12.412	0.33679	-1.9035	0.26335	-1.0712	-3.6492	-1.9667	-1.3194	-0.97659	-2.3645	25.893	239.7	492.53	147.15	231.45	-214.98	-18.194	-26.29	-58.103	-7.637	-60.703	40.553	-46.266	-29.114
-1.5666	22.861	-3.8252	-0.2185	13.708	-1.62	-3.0339	0.39031	-2.5276	-2.7143	-3.1454	0.33716	-1.8793	-1.8429	25.976	107.56	114.03	-101.54	51.841	-78.271	-45.216	5.0784	-58.257	37.397	-47.147	66.264	-36.107	20.861
-1.3153	20.895	-5.7808	-2.3125	12.772	-1.7417	-2.3768	1.3704	-0.94072	-2.6	-3.055	0.38465	-2.7356	-3.5678	10.052	-78.623	-78.223	-83.761	-37.427	-4.8688	26.284	39.203	63.477	4.5714	3.6164	1.8992	-34.252	-68.995
-1.1639	21.215	-9.0516	-1.0151	11.945	-1.3525	-1.336	1.1743	-0.9335	-3.2466	-2.0217	-1.0745	-3.133	-4.4725	6.0561	12.794	-130.83	51.899	-33.088	15.566	41.633	-7.8445	0.28891	-25.866	41.334	-58.364	-15.899	-36.186
-0.95328	25.185	-12.627	1.1194	12.105	-1.2603	-0.14907	2.0101	-0.50016	-3.0788	-1.1255	-1.6367	-2.8139	-4.2796	8.4242	158.78	-143.03	85.377	6.3982	3.691	47.478	33.434	17.333	6.7119	35.848	-22.491	12.766	7.7125
-0.88416	26.455	-12.98	1.6789	10.905	-1.7971	-0.1513	2.7873	-2.0579	-2.5887	-2.0152	-1.9159	-3.6568	-3.5824	2.765	50.825	-14.095	22.381	-47.998	-21.475	-0.089111	31.086	-62.308	19.607	-35.591	-11.166	-33.718	27.89
-1.0182	23.046	-9.2821	1.0304	10.943	-2.4719	0.46781	3.7011	-3.3748	-2.3388	-3.4145	-1.4292	-4.7413	-1.9585	-5.3633	-136.36	147.91	-25.941	1.5219	-26.99	24.764	36.553	-52.676	9.9941	-55.969	19.468	-43.38	64.957
-1.3813	21.228	-8.2914	3.3806	9.9875	-1.3895	-1.0818	2.5388	-2.7909	-2.7094	-1.8484	-1.0526	-3.4344	-1.7433	-14.521	-72.754	39.629	94.007	-38.232	43.295	-61.985	-46.493	23.353	-14.822	62.643	15.064	52.276	8.6057
-1.7806	15.107	-6.8654	5.8758	8.2204	-1.5433	-1.9068	4.0019	-0.15021	-2.2837	-1.4367	-1.5238	-2.9085	-0.86384	-15.973	-244.83	57.041	99.808	-70.683	-6.1525	-32.999	58.526	105.63	17.025	16.467	-18.849	21.037	35.179
-2.0105	11.317	-4.3591	6.4506	6.3169	-2.8719	-0.94365	3.278	1.6139	-1.4336	-1.4398	-2.1792	-2.6876	-1.292	-9.1947	-151.6	100.25	22.993	-76.139	-53.144	38.525	-28.959	70.565	34.005	-0.12289	-26.217	8.8368	-17.126
-2.0989	11.891	-4.0187	5.8004	5.1023	-1.9328	-1.2512	2.8273	0.27394	-0.17276	-2.131	-1.578	-2.3812	-2.3664	-3.5372	22.986	13.615	-26.007	-48.586	37.566	-12.302	-18.024	-53.599	50.435	-27.649	24.048	12.256	-42.976
-2.124	12.467	-4.6581	5.083	4.7437	-1.985	-1.5237	1.9434	1.3409	-0.51503	-1.3744	-1.4863	-2.4261	-3.813	-1.0027	23.026	-25.574	-28.699	-14.343	-2.0869	-10.899	-35.359	42.68	-13.691	30.265	3.6685	-1.7961	-57.864
-2.0042	13.247	-3.2962	2.5437	4.4231	-2.5995	-2.5878	3.2858	0.76121	-0.43384	-2.1087	-1.2743	-3.3503	-3.0424	4.7921	31.204	54.474	-101.57	-12.825	-24.58	-42.563	53.697	-23.19	3.2474	-29.371	8.4827	-36.967	30.825
-1.6604	18.039	-1.489	-1.3327	3.5345	-3.7709	-3.023	2.4298	1.952	-0.49298	-3.3182	-0.81345	-3.7641	-2.539	13.752	191.69	72.289	-155.06	-35.543	-46.855	-17.409	-34.242	47.63	-2.3658	-48.382	18.432	-16.552	20.136
-1.0536	25.326	-0.34781	-4.1824	2.6787	-4.1134	-2.2346	1.5337	1.386	-0.1075	-2.3518	-0.016646	-3.4177	-1.8029	24.272	291.47	45.647	-113.99	-34.233	-13.702	31.536	-35.841	-22.64	15.419	38.657	31.872	13.854	29.444
-0.42305	27.435	1.4501	-8.8411	1.142	-3.7745	-4.3681	-0.46289	1.5016	-0.41019	-2.1904	0.95838	-4.3607	-2.3945	25.22	84.364	71.916	-186.35	-61.469	13.557	-85.34	-79.865	4.6253	-12.107	6.455	39.001	-37.721	-23.663
-0.099006	29.591	3.9704	-12.751	0.25795	-3.5185	-3.7882	-0.64415	1.5965	1.4828	-2.4642	1.0535	-3.9979	-1.3711	12.962	86.226	100.81	-156.4	-35.36	10.238	23.195	-7.2506	3.7962	75.721	-10.952	3.8051	14.515	40.934
-0.092755	34.916	3.7109	-15.33	1.0578	-2.8596	-2.2096	-0.49187	2.8846	2.177	-2.7558	1.7219	-3.4306	-0.2722	0.25	212.99	-10.383	-103.16	31.995	26.357	63.145	6.0914	51.523	27.767	-11.662	26.734	22.69	43.956
-0.1633	34.32	2.3824	-16.268	1.1106	-2.7592	-2.5279	0.94382	2.5987	2.1364	-3.022	0.076765	-3.1699	0.078967	-2.8217	-23.831	-53.138	-37.526	2.1095	4.0142	-12.733	57.428	-11.436	-1.6241	-10.648	-65.804	10.428	14.047
0.042742	30.021	3.1818	-16.577	0.10141	-2.4714	-1.7555	1.7397	2.5603	2.6002	-3.6104	-1.4557	-2.489	-0.49793	8.2416	-171.96	31.976	-12.341	-40.366	11.514	30.895	31.837	-1.5347	18.553	-23.537	-61.297	27.238	-23.076
0.35215	33.492	3.042	-17.651	-0.40362	-1.9471	-1.9404	1.3475	3.1742	2.2463	-3.2546	-1.9694	-2.2451	-0.030588	12.376	138.84	-5.592	-42.966	-20.201	20.972	-7.397	-15.69	24.555	-14.156	14.23	-20.548	9.7534	18.694
0.50647	35.935	2.8389	-18.734	-0.47109	-1.8112	-1.176	1.137	3.0811	1.7567	-2.4817	-1.9671	-1.9416	0.20424	6.1727	97.734	-8.1219	-43.306	-2.6986	5.4382	30.575	-8.4182	-3.7214	-19.583	30.918	0.089198	12.14	9.3931
0.5524	39.028	2.1611	-19.261	-0.73582	-1.1902	-0.93399	1.1582	2.6159	1.9084	-2.0855	-1.6865	-1.6972	0.17324	1.837	123.69	-27.112	-21.079	-10.589	24.837	9.6817	0.84712	-18.611	6.0669	15.848	11.227	9.7788	-1.24
0.57391	39.092	3.8403	-19.127	-0.12076	-0.30467	-0.4132	1.8059	2.3268	2.3119	-1.9625	-0.98739	-1.6256	0.97583	0.8605	2.57	67.167	5.351	24.603	35.422	20.832	25.908	-11.563	16.139	4.9193	27.963	2.8628	32.104
0.58261	38.888	2.7399	-20.409	-0.79911	-0.83014	-0.44972	1.3903	1.1907	1.9587	-2.4362	-1.5758	-1.9407	0.28999	0.34827	-8.1733	-44.017	-51.295	-27.134	-21.019	-1.4608	-16.624	-45.442	-14.129	-18.945	-23.536	-12.604	-27.434
0.54856	41.318	4.3469	-18.274	0.25975	0.54138	1.0536	1.8411	1.945	2.5753	-1.8166	-0.83474	-1.2714	1.3511	-1.362	97.212	64.281	85.425	42.355	54.861	60.131	18.031	30.171	24.665	24.783	29.642	26.77	42.444
0.61437	38.238	3.1384	-18.98	-1.4792	-0.76398	0.46918	0.21232	1.9585	2.2529	-2.319	-1.577	-2.2184	0.70387	2.6323	-123.19	-48.34	-28.265	-69.56	-52.215	-23.375	-65.15	0.54141	-12.895	-20.097	-29.692	-37.877	-25.888
0.45977	35.541	3.9486	-16.66	-1.6913	-2.6213	0.19303	-1.4998	3.2514	2.4046	-2.412	-2.0565	-2.6142	0.5253	-6.1839	-107.88	32.409	92.807	-8.4822	-74.293	-11.046	-68.484	51.713	6.0687	-3.7185	-19.177	-15.833	-7.1428
0.10003	32.525	3.5811	-12.848	-0.50889	-3.4653	-0.39758	-1.6332	3.0858	2.2161	-1.9073	-1.8767	-1.8454	0.68265	-14.39	-120.67	-14.7	152.47	47.296	-33.758	-23.625	-5.3366	-6.624	-7.5419	20.186	7.1892	30.751	6.2941
-0.55413	30.794	1.3479	-9.123	-0.023032	-4.5168	-1.9129	-4.3505	0.97546	-0.3069	-1.6561	-1.0655	-0.94533	0.42072	-26.166	-69.205	-89.327	149.02	19.434	-42.06	-60.612	-108.69	-84.412	-100.92	10.048	32.448	36.004	-10.477
-1.3038	20.501	2.8316	-2.7021	2.7731	-3.1513	-1.3718	-4.9309	0.66256	-0.31647	-1.0115	0.92218	-0.66077	0.59485	-29.987	-411.73	59.346	256.83	111.85	54.619	21.642	-23.214	-12.516	-0.38294	25.787	79.508	11.383	6.9653
-3.0389	-14.903	-0.36807	4.7139	0.63875	1.742	-0.84086	-3.7528	2.6232	-1.1781	0.93837	-0.90708	0.6034	-1.1546	-69.403	-1416.2	-127.99	296.64	-85.374	195.73	21.239	47.121	78.426	-34.464	77.993	-73.17	50.567	-69.977
-6.2022	-54.901	-3.1824	13.808	4.1939	6.4082	3.4155	-0.89294	2.9536	-1.0805	2.7531	-1.1589	-1.7596	-3.6641	-126.53	-1599.9	-112.57	363.76	142.21	186.65	170.26	114.4	13.217	3.9033	72.589	-10.072	-94.52	-100.38
-6.1637	-40.858	-10.826	10.2	9.4669	5.0082	4.6648	-1.7361	5.9186	-2.104	1.9491	-1.7164	-1.5525	-3.0658	1.54	561.7	-305.76	-144.33	210.92	-56	49.972	-33.726	118.6	-40.939	-32.159	-22.3	8.2855	23.932
-6.1975	-45.094	-10.716	10.519	11.679	5.0396	4.8939	-2.5942	6.4363	-2.5198	2.4251	-1.1751	-0.9686	-2.7945	-1.3515	-169.45	4.413	12.757	88.501	1.2564	9.1621	-34.324	20.706	-16.632	19.04	21.653	23.355	10.85
-5.7203	-25.896	-5.7454	3.268	2.6876	4.5214	6.4989	-0.051655	3.2936	-0.68295	0.68788	-0.23083	-0.70427	-1.3343	19.086	767.94	198.82	-290.02	-359.67	-20.728	64.201	101.7	-125.71	73.473	-69.49	37.77	10.573	58.41
-4.8346	-14.33	-4.3845	4.4221	5.3144	3.049	3.143	0.083302	2.6682	-0.44468	-0.039302	0.89008	-0.23604	-1.414	35.43	462.63	54.438	46.163	105.07	-58.896	-134.23	5.3983	-25.013	9.5308	-29.087	44.836	18.729	-3.1882
-3.6775	-3.147	-5.2985	0.73684	11.277	3.3442	-0.80536	0.63175	2.6858	-0.28015	-0.96825	2.5452	0.47445	-1.4452	46.285	447.33	-36.561	-147.41	238.52	11.805	-157.94	21.938	0.70251	6.5809	-37.158	66.204	28.42	-1.2496
-2.6676	10.711	-3.2456	-1.5722	10.925	3.0594	-3.3712	-2.3127	1.8457	0.78333	-1.8588	3.6595	0.96267	-0.17909	40.393	554.31	82.113	-92.363	-14.083	-11.391	-102.63	-117.78	-33.604	42.539	-35.622	44.573	19.529	50.645
-1.7535	14.864	1.4479	-4.6922	9.929	5.251	-4.948	-4.2004	-1.2786	2.2096	-3.6639	4.6284	1.1695	1.2492	36.567	166.14	187.74	-124.8	-39.849	87.664	-63.076	-75.511	-124.97	57.052	-72.204	38.754	8.2745	57.13
-1.1869	21.418	3.7617	-6.9988	7.3263	4.747	-3.8462	-4.8587	-2.7772	2.3625	-4.8204	3.1912	1.0385	2.6616	22.662	262.16	92.553	-92.266	-104.11	-20.16	44.075	-26.331	-59.947	6.1127	-46.258	-57.487	-5.241	56.497
-1.0816	24.508	4.9478	-8.6251	6.8391	2.5141	-3.3817	-5.2915	-1.6736	2.5211	-4.8711	2.2597	-0.35324	2.9362	4.2146	123.57	47.445	-65.051	-19.486	-89.317	18.577	-17.312	44.144	6.3445	-2.0308	-37.258	-55.67	10.985
-1.315	21.746	4.7975	-8.4326	6.9791	2.4737	-3.4509	-4.5146	-1.3804	2.5908	-4.9507	1.9811	-0.88875	2.3016	-9.3374	-110.47	-6.012	7.6998	5.6008	-1.615	-2.7666	31.078	11.73	2.791	-3.1832	-11.145	-21.421	-25.385
-1.647	17.905	5.3458	-7.9064	7.5846	3.2593	-4.0573	-3.6796	-1.0911	2.07	-4.9075	1.3725	-0.91402	1.727	-13.281	-153.63	21.93	21.047	24.219	31.426	-24.257	33.397	11.57	-20.834	1.7292	-24.345	-1.0105	-22.985
-2.1234	8.4512	7.5524	-7.2801	8.7068	4.1375	-4.2911	-2.6879	-0.81282	1.8388	-4.9006	0.19911	-0.89646	1.3278	-19.054	-378.16	88.263	25.053	44.886	35.128	-9.349	39.667	11.132	-9.2485	0.27585	-46.934	0.70206	-15.965
-3.1099	-6.5355	6.6402	-3.7119	5.3506	7.5546	-4.3959	-1.3503	0.4334	-0.32769	-2.4769	-2.4474	1.8434	-1.063	-39.46	-599.47	-36.486	142.73	-134.25	136.68	-4.1959	53.505	49.849	-86.659	96.946	-105.86	109.59	-95.636
-5.7605	-46.772	3.4444	0.94087	2.5312	9.2495	-2.5802	-0.72198	2.727	0.2194	1.3971	-1.4521	1.7949	0.4286	-106.02	-1609.5	-127.83	186.11	-112.78	67.795	72.629	25.133	91.746	21.883	154.96	39.815	-1.9372	59.666
-7.9189	-69.398	0.26993	5.8301	6.9429	9.2467	0.39404	-1.6694	2.1821	0.049119	2.9311	-0.96624	1.7751	1.9189	-86.336	-905.06	-126.98	195.57	176.47	-0.11152	118.97	-37.898	-21.798	-6.8111	61.361	19.433	-0.79471	59.614
-8.2609	-74.43	-0.57995	8.0834	7.1311	8.4594	0.30353	-0.57746	2.9331	-0.080292	1.329	-0.72326	2.2347	2.2963	-13.682	-201.27	-33.995	90.133	7.5286	-31.491	-3.6205	43.679	30.04	-5.1764	-64.085	9.719	18.385	15.093
-8.5952	-74.772	-0.46942	7.5141	4.337	8.2995	2.96	-1.2378	2.4347	0.6222	1.8576	0.23037	2.3043	0.010871	-13.373	-13.664	4.4212	-22.771	-111.76	-6.3975	106.26	-26.414	-19.936	28.1	21.146	38.145	2.7861	-91.416
-9.2837	-78.773	-2.0728	7.8438	2.529	10.431	4.6908	-2.1949	1.0639	0.18668	2.1584	0.90361	0.92695	0.0026638	-27.54	-160.06	-64.135	13.188	-72.32	85.258	69.234	-38.285	-54.832	-17.421	12.029	26.93	-55.095	-0.32829
-3.8954	4.0774	-9.2037	-6.498	5.1035	2.9996	0.50419	2.53	-0.2253	-4.2072	1.856	0.16413	-0.46922	-0.62025	215.54	3314	-285.24	-573.67	102.98	-297.25	-167.46	189	-51.568	-175.76	-12.096	-29.579	-55.847	-24.917
-1.8379	22.054	-0.29566	-1.8337	5.1641	1.475	-3.0572	-2.1243	-0.74733	-1.847	2.4359	-0.34923	0.39058	1.5847	82.3	719.08	356.32	186.57	2.4225	-60.987	-142.46	-186.17	-20.881	94.407	23.199	-20.534	34.392	88.199
-0.92607	28.462	5.4674	-6.1504	2.5303	0.1369	-3.175	-4.1688	-2.9721	2.8812	-0.57629	1.7719	-2.3726	3.2759	36.472	256.29	230.52	-172.67	-105.35	-53.523	-4.7092	-81.779	-88.99	189.13	-120.49	84.845	-110.53	67.646
-0.27443	32.887	5.7862	-7.6101	-1.0184	-0.61532	-0.96423	-3.7849	-2.1338	2.2029	1.1428	2.3913	-2.7191	2.4258	26.066	177	12.751	-58.389	-141.95	-30.089	88.429	15.355	33.531	-27.132	68.764	24.774	-13.86	-34
-0.0037897	37.532	5.1816	-7.9468	-2.8285	-4.0145	1.0146	-2.5187	-1.0164	1.0555	1.997	3.1068	-2.968	1.791	10.826	185.81	-24.183	-13.468	-72.405	-135.97	79.153	50.648	44.695	-45.897	34.167	28.623	-9.9594	-25.392
0.087994	33.107	7.8493	-8.6978	-3.3775	-6.0515	2.6659	-0.85859	0.11232	-0.50258	2.2737	2.4415	-1.9422	1.0425	3.6713	-177	106.71	-30.038	-21.958	-81.479	66.054	66.405	45.15	-62.323	11.068	-26.614	41.035	-29.942
0.11003	30.253	9.8608	-9.9038	-3.8909	-6.8705	2.6455	0.92261	0.51554	-0.76389	1.5578	2.0458	-1.116	0.883	0.88141	-114.17	80.459	-48.242	-20.536	-32.761	-0.81936	71.248	16.129	-10.453	-28.635	-15.826	33.049	-6.3798
0.17964	26.367	12.612	-11.564	-4.6215	-6.3224	1.3238	2.6908	1.0017	-0.90645	0.32853	2.2332	-0.18499	0.52528	2.7846	-155.43	110.04	-66.393	-29.224	21.925	-52.866	70.726	19.446	-5.7023	-49.17	7.4939	37.239	-14.309
0.27302	22.642	15.189	-11.91	-4.7277	-5.4549	0.55047	4.897	-0.08011	0.58842	-1.2734	2.9612	-0.030691	0.83419	3.7351	-149	103.08	-13.848	-4.2489	34.7	-30.934	88.25	-43.272	59.795	-64.076	29.12	6.172	12.357
0.2316	20.039	15.115	-12.039	-5.6645	-5.2352	0.4323	4.8017	-0.1521	0.48898	-0.87945	2.0972	0.81821	0.13143	-1.6569	-104.1	-2.9705	-5.1536	-37.471	8.7887	-4.7268	-3.8111	-2.8797	-3.9778	15.757	-34.558	33.956	-28.111
0.1207	22.845	15.138	-13.351	-5.3013	-4.8578	1.4961	4.0752	0.87485	0.063259	-0.53258	2.0735	1.2949	-0.4845	-4.4358	112.23	0.92029	-52.505	14.529	15.097	42.552	-29.062	41.078	-17.029	13.875	-0.94663	19.068	-24.637
0.021954	24.255	13.56	-13.541	-5.5744	-4.6153	1.9483	3.4047	0.9125	0.33728	-0.12987	2.196	1.0509	-1.0508	-3.95	56.398	-63.086	-7.5819	-10.926	9.6976	18.086	-26.819	1.5061	10.961	16.109	4.8982	-9.7621	-22.651
0.034075	22.403	14.397	-15.506	-5.6939	-3.837	2.4172	2.649	0.89539	1.6419	-0.79071	2.8276	0.34802	-0.53116	0.48484	-74.1	33.469	-78.619	-4.7789	31.132	18.757	-30.228	-0.68435	52.186	-26.434	25.265	-28.114	20.784
-0.12955	18.87	14.852	-15.439	-6.0834	-2.4906	2.8479	2.025	0.98943	2.8806	-1.4179	2.5171	0.73355	-0.9303	-6.5451	-141.29	18.2	2.7011	-15.581	53.857	17.227	-24.96	3.7612	49.546	-25.087	-12.422	15.421	-15.966
-0.42845	19.825	13.996	-14.815	-6.0529	-1.4259	3.5011	1.2296	0.56776	3.8731	-1.8657	1.7749	1.2186	-1.2245	-11.956	38.194	-34.256	24.965	1.2215	42.589	26.132	-31.815	-16.867	39.701	-17.914	-29.686	19.401	-11.768
-0.68151	16.364	14.001	-14.47	-7.0678	-0.97497	3.8717	-0.14483	-0.11394	4.9451	-2.1502	1.217	1.01	-0.66634	-10.122	-138.43	0.21437	13.8	-40.595	18.036	14.823	-54.978	-27.268	42.881	-11.378	-22.317	-8.3455	22.326
-0.9673	14.114	14.328	-13.003	-7.9744	-0.61835	4.6388	-1.1963	-1.3957	5.582	-1.5427	0.31643	0.67627	-0.18217	-11.432	-90.035	13.059	58.672	-36.266	14.265	30.685	-42.06	-51.272	25.474	24.3	-36.022	-13.347	19.367
-1.4382	8.861	15.406	-13.09	-8.7516	-0.16252	4.5739	-2.9949	-2.0775	6.1289	-1.1769	-0.82523	0.17762	-0.91612	-18.836	-210.1	43.118	-3.5013	-31.089	18.233	-2.599	-71.942	-27.269	21.878	14.634	-45.666	-19.946	-29.358
-2.3922	-7.7056	17.028	-9.1907	-9.4807	1.7161	5.8592	-4.0544	-1.0841	4.5724	-0.10142	-1.3826	-0.53334	-1.4717	-38.159	-662.67	64.904	155.99	-29.163	75.145	51.412	-42.38	39.736	-62.262	43.017	-22.296	-28.438	-22.225
-3.9198	-11.841	15.68	-5.7571	-9.8562	1.1168	8.5794	-8.6122	-3.0303	2.4863	0.4353	-0.1208	-1.8665	-1.2944	-61.104	-165.43	-53.907	137.34	-15.018	-23.971	108.81	-182.31	-77.847	-83.444	21.469	50.473	-53.329	7.0924
-4.5921	-26.564	11.402	-2.5266	-8.8938	3.3764	8.058	-8.5782	-3.9455	1.9556	2.4762	0.098538	-2.3434	-0.97583	-26.895	-588.91	-171.13	129.22	38.493	90.382	-20.857	1.3592	-36.608	-21.227	81.638	8.7736	-19.074	12.744
-7.2844	-55.811	1.4966	3.72	-1.3547	8.6365	4.0084	-4.0145	-2.591	-0.76082	3.5315	-0.4521	-1.8154	-0.48084	-107.69	-1169.9	-396.22	249.87	301.57	210.41	-161.98	182.55	54.178	-108.66	42.21	-22.026	21.121	19.8
-9.6661	-76.173	-4.7752	4.6415	2.0232	11.042	4.1725	-2.4596	-1.1541	-0.65049	1.7295	-1.0935	0.90189	0.43313	-95.267	-814.49	-250.87	36.858	135.12	96.227	6.5674	62.196	57.476	4.4134	-72.08	-25.657	108.69	36.559
-11.833	-86.528	-12.778	-0.38574	0.71699	8.4493	3.1933	-2.6479	0.39203	1.4188	1.9869	-2.0134	-0.21364	0.24431	-86.686	-414.2	-320.1	-201.09	-52.248	-103.72	-39.169	-7.5305	61.846	82.77	10.297	-36.794	-44.621	-7.5529
-12.767	-84.085	-13.888	-2.7529	-2.9291	7.5529	3.1933	-3.8369	2.1323	1.6092	0.86273	0.93188	1.6406	0.42034	-37.339	97.736	-44.422	-94.688	-145.84	-35.856	0.00085044	-47.562	69.61	7.6187	-44.967	117.81	74.171	7.0412
-12.269	-83.156	-14.262	-4.8351	-1.5346	8.0399	1.1221	-2.8846	1.7103	1.5923	0.4083	0.1297	2.1458	0.53839	19.907	37.138	-14.928	-83.288	55.779	19.48	-82.849	38.091	-16.88	-0.67518	-18.177	-32.087	20.208	4.7222
-6.9035	-19.677	-7.9238	-8.8022	-1.989	-1.2924	-1.3923	-0.3978	-1.4657	-2.1419	1.8739	-1.1257	1.0443	1.7286	214.62	2539.2	253.51	-158.68	-18.178	-373.29	-100.58	99.473	-127.04	-149.37	58.623	-50.216	-44.063	47.607
-5.8628	-7.5948	-18.617	-3.1636	-2.2209	-1.0281	1.2476	-2.2535	0.061051	-1.6476	0.61319	-0.35744	1.4638	1.9589	41.629	483.29	-427.72	225.54	-9.2729	10.572	105.6	-74.228	61.071	19.773	-50.427	30.731	16.784	9.2119
-4.9557	-13.933	-27.48	3.0863	-1.1893	1.7732	4.5186	-2.2029	2.8374	-0.30974	0.20652	-0.46199	1.1313	1.1209	36.285	-253.55	-354.53	250	41.262	112.05	130.84	2.0259	111.05	53.513	-16.267	-4.1819	-13.3	-33.518
-3.7669	-6.3017	-31.186	3.2673	-0.58571	3.7106	3.1686	-2.2959	2.7763	-0.26588	0.5391	0.61841	0.5642	0.034404	47.551	305.27	-148.24	7.241	24.144	77.496	-53.999	-3.7199	-2.4463	1.7543	13.303	43.216	-22.686	-43.46
-3.0428	1.5016	-32.521	2.6858	-0.59916	3.4374	3.9126	-3.6267	2.7325	0.62881	0.58407	1.0223	1.1793	-0.91955	28.966	312.13	-53.42	-23.261	-0.53768	-10.929	29.757	-53.233	-1.7517	35.788	1.7991	16.157	24.603	-38.158
-2.7013	6.8291	-31.472	5.0264	-0.70177	3.1241	4.0141	-2.647	3.9214	-0.04492	1.1247	-0.98958	0.1397	-0.51337	13.658	213.1	41.968	93.624	-4.1047	-12.53	4.0625	39.188	47.558	-26.949	21.627	-80.477	-41.582	16.247
-2.7041	3.6245	-32.639	6.1176	-1.0385	3.7306	4.1983	-1.2288	3.2085	-2.4596	-1.311	-1.7389	0.045616	0.95376	-0.1116	-128.18	-46.685	43.648	-13.467	24.259	7.3691	56.727	-28.518	-96.589	-97.428	-29.971	-3.7634	58.685
-2.8242	3.0529	-29.248	8.2772	-1.9667	3.488	4.2423	-2.3658	0.58014	-2.1156	0.50054	0.30479	0.88399	-0.43956	-4.8037	-22.865	135.65	86.384	-37.131	-9.7054	1.7589	-45.479	-105.13	13.76	72.46	81.746	33.535	-55.733
-3.0755	3.6744	-26.605	4.9642	-6.3157	4.2536	3.8202	-0.0048636	0.32231	-1.9951	-0.56424	-0.37474	0.39835	0.75782	-10.051	24.861	105.73	-132.52	-173.96	30.625	-16.883	94.436	-10.313	4.8217	-42.591	-27.181	-19.426	47.895
-2.9622	6.8293	-25.55	6.3297	-6.3796	2.6482	4.0267	-1.9687	1.2177	-1.7814	-1.4893	-1.4552	0.27731	0.83504	4.53	126.19	42.199	54.621	-2.557	-64.215	8.2597	-78.552	35.816	8.5492	-37.002	-43.219	-4.8415	3.0887
-3.0515	5.6485	-26.588	5.8175	-6.8271	4.2347	4.4697	-1.4081	1.9541	-0.028732	0.28635	-1.5958	0.83612	1.8255	-3.5713	-47.232	-41.514	-20.487	-17.899	63.458	17.72	22.423	29.454	70.105	71.025	-5.6243	22.352	39.62
-3.2147	0.89392	-27.875	6.5862	-4.9465	2.427	1.2766	-4.6104	2.2981	-0.37182	0.89734	-1.076	0.33369	1.2495	-6.5288	-190.18	-51.491	30.749	75.224	-72.308	-127.73	-128.09	13.762	-13.723	24.44	20.792	-20.097	-23.041
-3.6314	-1.0148	-27.745	7.3249	-3.1282	2.8594	3.284	-2.6776	3.0577	0.24809	-0.24467	-1.6284	1.3653	0.87647	-16.666	-76.348	5.201	29.546	72.734	17.299	80.295	77.309	30.383	24.796	-45.68	-22.094	41.264	-14.921
-4.1538	-7.1631	-27.491	6.5439	-4.0091	2.4484	2.0732	-4.6299	2.0676	1.0985	-0.39929	-2.0929	1.0585	1.3693	-20.896	-245.93	10.166	-31.238	-35.235	-16.442	-48.429	-78.089	-39.601	34.015	-6.1849	-18.581	-12.27	19.715
-3.9211	-8.2465	-18.145	10.948	-0.76139	3.9984	4.3182	-3.963	0.24354	0.98499	-0.2119	-4.6032	-0.91167	1.3226	9.3089	-43.338	373.83	176.17	129.91	62	89.8	26.674	-72.964	-4.5395	7.4957	-100.41	-78.808	-1.8676
-2.4931	16.787	-1.6896	3.1394	1.4017	0.7479	3.2036	-3.5552	-3.9936	1.0057	-0.0037041	-2.7875	-2.6293	0.36314	57.12	1001.3	658.21	-312.35	86.522	-130.02	-44.585	16.311	-169.48	0.82965	8.3277	72.629	-68.705	-38.38
-1.816	27.443	-4.107	0.046511	1.9503	1.1261	1.3847	-2.6211	-4.735	3.0493	0.37361	-0.70974	-3.9978	0.41969	27.082	426.24	-96.693	-123.72	21.944	15.129	-72.758	37.365	-29.655	81.741	15.093	83.111	-54.739	2.2621
-1.6475	26.609	-3.5829	0.58473	0.96801	1.3812	0.21503	-1.5379	-5.0093	2.4817	1.7563	0.27394	-4.2211	-0.29346	6.7431	-33.376	20.961	21.529	-39.29	10.201	-46.785	43.33	-10.976	-22.7	55.308	39.347	-8.9317	-28.526
-1.6373	23.991	-2.096	1.7699	0.16356	0.32059	0.37551	-0.22462	-5.1499	1.9814	1.1261	1.7623	-3.6602	-0.74318	0.40756	-104.72	59.479	47.407	-32.178	-42.423	6.4194	52.529	-5.6206	-20.014	-25.207	59.536	22.433	-17.989
-1.7191	19.673	-0.074453	3.2501	-1.0979	-1.2621	1.8196	1.6155	-5.1665	0.37769	0.15903	2.8784	-2.4341	-1.4046	-3.2726	-172.7	80.86	59.207	-50.458	-63.306	57.765	73.605	-0.66738	-64.148	-38.684	44.641	49.044	-26.456
-1.8446	14.994	1.6418	5.0646	-2.2596	-2.1463	2.8146	2.4219	-4.1932	0.18972	-0.85511	2.4995	-1.3248	-1.9856	-5.0222	-187.15	68.651	72.581	-46.468	-35.368	39.8	32.257	38.935	-7.519	-40.565	-15.155	44.372	-23.242
-1.9529	11.806	2.0487	7.3914	-3.0151	-3.0805	2.2387	3.6587	-2.8428	0.80015	-2.2095	1.1887	-1.354	-0.91479	-4.3309	-127.53	16.274	93.073	-30.218	-37.369	-23.038	49.473	54.014	24.417	-54.175	-52.431	-1.1674	42.834
-1.9377	9.8975	3.0672	7.9977	-4.1415	-3.9811	2.9474	4.9806	-2.7509	1.0152	-3.6938	0.77958	-1.047	-0.41368	0.60667	-76.339	40.741	24.25	-45.058	-36.024	28.348	52.876	3.676	8.6013	-59.371	-16.366	12.279	20.044
-1.9619	8.056	3.0664	8.4151	-4.4482	-4.6758	3.1127	5.8365	-2.8847	1.4425	-4.4537	0.18534	-0.94742	-0.67698	-0.96612	-73.659	-0.030983	16.696	-12.269	-27.787	6.6129	34.236	-5.3519	17.094	-30.396	-23.769	3.9847	-10.532
-2.0928	5.0719	3.0799	8.9528	-4.089	-4.7855	3.4546	5.7513	-2.7353	1.8442	-4.444	0.066905	-1.5526	-1.2798	-5.2368	-119.36	0.53873	21.509	14.371	-4.3918	13.676	-3.4094	5.9792	16.065	0.38661	-4.7376	-24.207	-24.111
-2.2894	2.0901	1.7499	9.7166	-3.0459	-5.3747	3.3628	5.0354	-2.2451	2.0123	-4.0221	-0.50446	-2.7282	-1.7315	-7.8651	-119.27	-53.197	30.553	41.723	-23.566	-3.6716	-28.636	19.606	6.7249	16.876	-22.855	-47.023	-18.069
-2.5882	-1.9667	3.3143	10.158	-4.3132	-4.5698	3.0849	4.5937	-2.1633	2.1779	-4.3151	-0.90844	-1.7293	-1.0742	-11.949	-162.27	62.575	17.643	-50.692	32.194	-11.115	-17.669	3.2703	6.6237	-11.719	-16.159	39.955	26.291
-2.9625	-4.4332	6.2864	10.52	-5.192	-6.8976	2.9208	3.0278	-3.1192	1.679	-4.0454	0.1126	-1.2528	0.65687	-14.973	-98.662	118.88	14.487	-35.152	-93.11	-6.5648	-62.634	-38.233	-19.957	10.787	40.841	19.058	69.243
-3.4471	-19.447	10.588	12.904	-4.4058	-6.966	3.0317	2.2008	-2.3213	0.63898	-5.0436	-2.5955	-1.5805	1.066	-19.383	-600.55	172.06	95.375	31.447	-2.7344	4.4369	-33.082	31.915	-41.599	-39.928	-108.32	-13.106	16.365
-3.7076	-24.451	8.1423	11.188	-3.4584	-6.5247	2.5247	-1.1716	-2.4502	-0.23935	-6.0114	-2.4278	-1.336	1.4271	-10.419	-200.16	-97.822	-68.655	37.899	17.649	-20.282	-134.89	-5.155	-35.133	-38.711	6.7067	9.7775	14.445
-4.082	-27.519	7.3149	12.265	-4.0463	-7.3255	3.024	-1.3036	-2.747	-0.4042	-5.1291	-1.483	-1.0166	1.8248	-14.979	-122.72	-33.095	43.097	-23.518	-32.03	19.97	-5.2803	-11.873	-6.594	35.292	37.795	12.779	15.907
-4.8081	-28.869	6.9675	13.931	-4.0881	-6.3164	3.9293	-0.092264	-2.9509	-1.3871	-4.5899	-1.071	-1.0993	0.75096	-29.043	-54.017	-13.899	66.644	-1.6696	40.362	36.214	48.454	-8.1561	-39.316	21.567	16.479	-3.309	-42.954
-5.4659	-60.264	2.8409	9.3945	-3.1299	-0.19044	2.3317	-1.9428	-2.3869	-4.4913	-5.9828	-3.1695	-1.2068	0.97319	-26.314	-1255.8	-165.06	-181.48	38.327	245.04	-63.904	-74.022	22.562	-124.17	-55.717	-83.941	-4.2984	8.8893
-6.2644	-33.852	0.19632	10.237	-5.0106	-2.462	4.0594	-1.0247	-4.1307	-4.2332	-1.8674	-0.56802	0.5631	1.0337	-31.937	1056.5	-105.78	33.705	-75.227	-90.861	69.107	36.726	-69.753	10.323	164.62	104.06	70.794	2.4199
-5.5048	-24.572	3.2472	7.2508	-4.3176	-1.4638	3.7244	-1.1744	-4.3162	-3.3721	1.4671	-0.82614	0.29314	0.73272	30.383	371.19	122.04	-119.45	27.719	39.925	-13.398	-5.9899	-7.4191	34.444	133.38	-10.325	-10.798	-12.039
-5.3473	-21.291	-1.1331	4.4366	-1.7522	-1.0009	1.9618	-3.0262	-5.4089	-5.3119	2.296	-2.6557	-0.17021	1.309	6.2985	131.26	-175.21	-112.57	102.62	18.518	-70.504	-74.071	-43.71	-77.593	33.156	-73.184	-18.534	23.051
-4.9324	0.85025	-3.7078	-1.9041	-1.4702	-0.12338	0.049643	-3.7558	-4.1358	-1.278	4.0831	-2.231	-0.65178	2.3163	16.598	885.64	-102.99	-253.63	11.281	35.1	-76.487	-29.184	50.925	161.35	71.482	16.992	-19.263	40.291
-4.5739	-16.74	-4.4739	-0.86332	-0.78061	-0.20304	-0.16015	-4.5527	-4.7872	-0.68979	6.2125	-1.9323	0.46334	4.3611	14.339	-703.61	-30.647	41.629	27.583	-3.1864	-8.3915	-31.873	-26.056	23.53	85.175	11.948	44.605	81.795
-3.8133	-11.489	4.0112	4.0666	2.3946	0.43552	-2.6815	-3.8817	-2.5339	0.91061	1.2848	-2.4564	2.5114	3.2054	30.422	210.06	339.4	197.2	127.01	25.542	-100.85	26.837	90.132	64.016	-197.11	-20.967	81.924	-46.227
-3.3621	4.8711	4.8015	-0.10175	5.2755	-1.425	-2.7725	-0.72205	-2.3043	1.5092	-0.52507	-0.64027	0.94751	1.9654	18.048	654.38	31.613	-166.74	115.24	-74.422	-3.6425	126.39	9.1813	23.944	-72.396	72.647	-62.557	-49.6
-3.4902	-5.6492	5.8947	2.1927	2.5456	4.3195	-5.7978	1.5178	-0.54986	0.37402	-0.032936	-2.2363	1.6391	0.71799	-5.1216	-420.81	43.729	91.777	-109.2	229.78	-121.01	89.595	70.179	-45.407	19.685	-63.843	27.663	-49.898
-4.3347	-21.773	2.8068	11.009	0.29621	3.5726	-1.8633	2.4434	1.7626	1.2507	-0.69208	-0.35925	0.98976	-0.40177	-33.779	-644.95	-123.52	352.64	-89.975	-29.878	157.38	37.024	92.497	35.067	-26.366	75.083	-25.973	-44.791
-4.5586	-20.022	3.0478	8.3743	-0.781	5.1146	-1.7842	3.8624	1.3913	0.12798	-0.27564	0.37079	0.96723	-0.56741	-8.9564	70.023	9.6379	-105.37	-43.088	61.682	3.1639	56.758	-14.849	-44.909	16.658	29.201	-0.90116	-6.6256
-4.5697	-22.795	3.2125	9.3746	-0.69668	5.0613	-1.7147	3.8442	1.1344	-0.46878	0.37821	-0.097691	1.2177	-1.1735	-0.44619	-110.9	6.5899	40.01	3.3729	-2.1335	2.7788	-0.72535	-10.278	-23.87	26.154	-18.739	10.017	-24.244
-4.5798	-22.323	3.5618	8.6173	-0.38578	5.6433	-2.5246	4.0517	0.96877	-1.389	1.1872	-0.2429	1.1656	-0.84506	-0.40317	18.864	13.97	-30.292	12.436	23.281	-32.397	8.2995	-6.6249	-36.808	32.358	-5.8082	-2.0832	13.138
-4.5831	-22.704	3.1097	9.1454	-1.0451	7.0291	-3.6613	4.0408	1.9189	-2.3221	1.2124	0.036671	0.79876	-0.26393	-0.13345	-15.247	-18.082	21.124	-26.372	55.431	-45.467	-0.43665	38.007	-37.324	1.0082	11.183	-14.673	23.245
-4.6068	-22.784	4.1002	8.0566	-1.9379	9.4017	-5.6165	3.7744	3.3314	-2.6535	1.0842	0.076184	0.48974	0.073431	-0.94778	-3.1958	39.621	-43.551	-35.713	94.902	-78.207	-10.655	56.5	-13.257	-5.1246	1.5805	-12.361	13.494
-4.6342	-24.113	4.3781	8.4703	-2.6976	10.077	-5.2143	2.8111	3.9849	-3.0124	1.357	0.33824	0.29287	-0.46203	-1.0934	-53.146	11.115	16.548	-30.388	26.998	16.085	-38.534	26.137	-14.355	10.911	10.482	-7.8749	-21.418
-4.7025	-24.743	4.0814	8.8535	-2.2908	9.671	-5.3548	3.8819	3.1844	-2.7042	0.56841	0.55204	0.4197	-1.2415	-2.7327	-25.219	-11.867	15.328	16.274	-16.226	-5.6186	42.832	-32.019	12.328	-31.544	8.552	5.0734	-31.181
-4.782	-16.246	2.2446	1.8304	-0.8106	13.725	-4.5367	0.60667	2.4827	-0.6384	0.67318	-0.70204	0.73349	-1.2993	-3.179	339.89	-73.471	-280.93	59.206	162.16	32.725	-131.01	-28.067	82.632	4.1906	-50.163	12.552	-2.3096
-4.8991	-19.239	1.2137	2.2558	2.7973	12.514	-6.1952	3.1393	-0.22523	0.31762	1.6114	-2.4171	0.54213	-0.77677	-4.6874	-119.71	-41.238	17.018	144.32	-48.443	-66.341	101.3	-108.32	38.241	37.531	-68.603	-7.6544	20.901
-5.1064	-28.536	0.65871	6.457	4.1073	10.926	-6.2114	3.4982	0.49119	0.674	0.76443	-2.2372	-0.5092	-0.3359	-8.2904	-371.89	-22.199	168.05	52.402	-63.517	-0.64738	14.357	28.657	14.255	-33.88	7.1979	-42.053	17.635
-5.4341	-39.474	0.13719	11.098	1.1501	12.233	-4.0339	3.3343	1.3526	0.30293	-1.1394	1.3145	-1.0816	-3.5163	-13.109	-437.5	-20.861	185.62	-118.29	52.287	87.099	-6.554	34.457	-14.843	-76.152	142.07	-22.897	-127.21
-5.9831	-43.204	-2.4339	11.269	0.9338	11.513	-2.3921	3.389	2.6497	-0.84121	-0.12313	1.4683	-0.26236	-3.1211	-21.958	-149.21	-102.84	6.8446	-8.6519	-28.822	65.671	2.1854	51.884	-45.766	40.649	6.1505	32.771	15.806
-6.6371	-45.982	-3.7434	9.541	-0.6764	8.1178	1.0669	2.1613	2.6166	-0.4575	0.82353	1.173	1.6296	-1.5248	-26.159	-111.1	-52.378	-69.11	-64.408	-135.79	138.36	-49.108	-1.3242	15.349	37.867	-11.812	75.678	63.851
-5.7209	-19.061	0.79315	-4.9195	-10.874	-0.48627	5.3931	1.1309	3.4802	0.44967	-1.7295	0.74431	0.38523	0.93447	36.646	1076.8	181.46	-578.42	-407.92	-344.16	173.05	-41.215	34.545	36.287	-102.12	-17.147	-49.775	98.372
-5.688	-22.572	0.59579	-4.9479	-11.347	-0.9176	4.0328	-0.72928	1.6398	-2.1277	-1.9258	0.32324	-0.87051	0.16525	1.3147	-140.42	-7.8945	-1.1373	-18.919	-17.253	-54.41	-74.408	-73.619	-103.09	-7.8494	-16.843	-50.23	-30.769
-6.6125	-23.442	-3.7654	-6.1658	-5.4863	3.7645	5.0196	-0.55598	-0.057897	-1.3508	1.3612	1.2051	1.9055	0.89712	-36.978	-34.812	-174.45	-48.717	234.45	187.28	39.468	6.9318	-67.906	31.075	131.48	35.273	111.04	29.275
-4.7515	-13.314	3.6475	-1.2773	-1.3817	8.5628	3.8297	0.60229	-0.11709	-3.5525	1.0973	-0.44226	1.6852	1.158	74.44	405.11	296.52	195.54	164.18	191.93	-47.596	46.331	-2.3676	-88.068	-10.556	-65.894	-8.8139	10.433
-3.87	-10.881	9.1775	-1.2163	-0.72905	6.1923	2.5419	0.51429	0.43044	-0.89398	-1.903	0.043171	3.1246	1.5078	35.26	97.318	221.2	2.4404	26.108	-94.822	-51.511	-3.5202	21.901	106.34	-120.01	19.417	57.576	13.993
-3.2895	-9.1026	11.496	0.092778	-2.2344	5.5452	1.7698	0.30245	-0.44709	0.21656	-4.1652	2.9987	2.7121	0.6309	23.217	71.14	92.746	52.362	-60.215	-25.881	-30.884	-8.4735	-35.101	44.421	-90.487	118.22	-16.498	-35.075
-2.7504	-2.9607	9.7612	-0.26236	-1.7593	5.9483	1.5769	-0.66839	-2.0526	1.9725	-4.3298	5.0016	3.0575	-0.16664	21.565	245.68	-69.397	-14.205	19.006	16.123	-7.716	-38.833	-64.222	70.236	-6.5866	80.116	13.816	-31.901
-2.4131	5.3128	7.4369	-1.5618	-0.3843	6.6307	1.054	-2.3422	-3.6918	3.2168	-2.8131	5.8066	0.77423	-0.51808	13.493	330.94	-92.97	-51.976	54.998	27.294	-20.916	-66.951	-65.568	49.775	60.669	32.198	-91.331	-14.058
-2.1719	10.759	5.2885	-2.8695	1.9334	7.1962	-1.5766	-2.9211	-2.5013	3.989	-2.6272	4.4594	0.59537	-0.32903	9.647	217.86	-85.938	-52.31	92.709	22.623	-105.22	-23.157	47.62	30.888	7.4378	-53.888	-7.1547	7.5622
-2.0627	14.748	3.0952	-3.238	4.3702	6.7528	-4.0578	-2.2625	-1.0436	4.0008	-3.4224	3.3781	0.87252	-0.52744	4.3696	159.56	-87.73	-14.74	97.473	-17.738	-99.247	26.342	58.311	0.47056	-31.809	-43.252	11.086	-7.9364
-1.982	16.275	1.0932	-3.2073	6.7468	5.9601	-5.5797	-0.78652	0.28177	2.8032	-3.7324	3.4677	0.30493	-1.447	3.2283	61.079	-80.081	1.2283	95.061	-31.707	-60.877	59.041	53.013	-47.903	-12.4	3.5842	-22.703	-36.782
-1.8647	17.403	-1.1067	-3.507	10.18	3.6279	-4.9775	0.035439	1.9217	1.0335	-3.4517	3.1395	-1.3473	-1.6085	4.6912	45.092	-87.996	-11.987	137.34	-93.288	24.089	32.878	65.599	-70.787	11.226	-13.127	-66.09	-6.4626
-1.8389	20.96	-6.0792	-1.2122	11.035	2.0841	-3.6569	1.8349	1.7276	0.076083	-2.992	1.8382	-2.2363	-2.4196	1.0318	142.3	-198.9	91.791	34.191	-61.753	52.824	71.98	-7.7676	-38.298	18.39	-52.054	-35.56	-32.443
-1.8086	19.715	-8.7191	0.40054	11.05	1.0122	-1.804	2.2715	1.8902	-1.074	-2.7305	0.48964	-3.1925	-2.784	1.2113	-49.799	-105.6	64.51	0.58013	-42.875	74.116	17.462	6.5064	-46.004	10.458	-53.941	-38.247	-14.576
-1.9176	13.301	-7.5578	1.2307	11.115	0.50859	-0.44223	2.1778	1.7797	-2.2248	-3.0885	-0.26208	-3.6062	-2.3284	-4.3612	-256.56	46.452	33.205	2.6064	-20.145	54.47	-3.7475	-4.4225	-46.03	-14.319	-30.069	-16.546	18.225
-2.1615	5.5434	-5.8926	3.8315	9.2081	1.9887	-0.9369	2.4657	1.3932	-3.0148	-2.9553	-1.0433	-3.0497	-2.2772	-9.7563	-310.31	66.608	104.03	-76.267	59.205	-19.787	11.515	-15.46	-31.599	5.3273	-31.25	22.258	2.0465
-2.6663	0.33826	-6.6048	7.7015	7.8097	2.7221	-1.4002	2.2345	1.8469	-2.8291	-1.4954	-2.0499	-2.1641	-2.6188	-20.189	-208.21	-28.488	154.8	-55.935	29.334	-18.531	-9.2484	18.151	7.4251	58.396	-40.262	35.425	-13.665
-3.4395	1.2675	-10.508	9.109	1.7671	7.5093	-1.9714	-1.7228	3.2469	-2.5723	1.2639	-3.7752	-0.14098	-2.6443	-30.928	37.171	-156.14	56.3	-241.71	191.49	-22.851	-158.29	56	10.273	110.37	-69.015	80.925	-1.0176
-3.8183	1.6332	-20.621	8.9076	-2.718	4.7559	-0.25582	-2.2967	4.8646	-2.0442	1.0872	-0.44778	3.7788	-1.0608	-15.153	14.625	-404.5	-8.0548	-179.4	-110.14	68.625	-22.954	64.707	21.124	-7.0678	133.1	156.79	63.338
-3.3242	-0.37113	-26.695	7.6905	-5.9499	2.8244	-1.2718	-1.9774	3.182	-2.0436	2.1127	0.6827	2.6585	-0.57239	19.767	-80.172	-242.98	-48.687	-129.28	-77.261	-40.638	12.77	-67.305	0.024983	41.019	45.22	-44.811	19.538
-2.9033	-5.7155	-29.985	8.3305	-7.0811	3.8543	1.0553	-1.8166	2.97	-3.9983	1.8132	-0.29649	2.8143	-1.2145	16.833	-213.78	-131.6	25.601	-45.246	41.195	93.084	6.4324	-8.4811	-78.187	-11.98	-39.168	6.231	-25.684
-2.7403	-4.7651	-29.151	8.3408	-7.0886	4.4403	-0.26714	-0.98431	2.9002	-2.9854	2.9399	-0.65284	3.4986	-0.89009	6.5199	38.017	33.367	0.41296	-0.30272	23.441	-52.899	33.292	-2.7911	40.512	45.069	-14.254	27.372	12.976
-2.7353	-6.1942	-29.378	6.1505	-8.5135	6.7478	0.18361	-0.86138	3.2971	-1.1389	3.565	-1.6994	2.0338	-1.6462	0.20035	-57.163	-9.0631	-87.613	-56.993	92.301	18.03	4.9172	15.876	73.86	25.005	-41.861	-58.591	-30.243
-2.6833	-1.4385	-28.7	6.8799	-8.5454	5.673	1.6036	-2.2601	4.1955	-1.7831	2.0527	-1.3915	3.3492	-1.2286	2.0824	190.23	27.092	29.176	-1.278	-42.994	56.801	-55.951	35.938	-25.767	-60.494	12.313	52.616	16.704
-2.5428	1.457	-28.519	7.9738	-6.8165	3.6664	2.2874	-2.6205	3.9398	-3.0555	1.3975	-0.33751	3.072	-0.75097	5.6175	115.82	7.2466	43.754	69.157	-80.262	27.35	-14.413	-10.231	-50.893	-26.207	42.161	-11.087	19.104
-2.6526	-1.3926	-29.606	7.269	-8.1484	4.0218	2.0805	-1.6413	4.7536	-2.3738	2.9048	-1.7657	2.4991	-1.2852	-4.3895	-113.98	-43.477	-28.189	-53.277	14.216	-8.2767	39.166	32.554	27.265	60.292	-57.128	-22.917	-21.37
-3.1505	-2.9042	-30.003	6.7801	-4.6003	2.824	0.22414	-2.5593	3.7701	-2.6404	1.8599	-0.57002	2.4164	-1.1777	-19.917	-60.467	-15.87	-19.559	141.92	-47.912	-74.253	-36.718	-39.34	-10.663	-41.797	47.828	-3.3086	4.2998
-3.9565	-2.3967	-27.48	2.426	-3.7169	1.9102	0.70753	-0.90683	5.051	-0.90336	2.3696	-2.0904	2.1322	-1.0864	-32.239	20.301	100.91	-174.16	35.336	-36.551	19.336	66.098	51.235	69.481	20.388	-60.814	-11.365	3.651
-3.0199	2.3382	-7.6585	6.5835	6.8901	2.9053	-0.44886	-2.2282	1.3208	-4.9948	-0.62697	-1.8836	-0.68343	-1.1891	37.464	189.4	792.87	166.3	424.28	39.803	-46.255	-52.856	-149.21	-163.66	-119.86	8.2727	-112.63	-4.1061
-2.565	20.602	-6.8966	1.0886	10.159	0.36632	-1.4471	-0.69078	-0.17648	-2.6719	-2.621	0.49483	-2.7045	0.23344	18.196	730.55	30.477	-219.8	130.76	-101.56	-39.93	61.498	-59.891	92.916	-79.759	95.135	-80.844	56.901
-2.57	14.763	-5.0595	-0.95308	9.2129	1.9589	-1.8272	-0.65324	1.7289	-0.78233	-1.9944	1.0672	-2.161	1.6031	-0.20026	-233.57	73.485	-81.669	-37.849	63.704	-15.202	1.5018	76.215	75.584	25.062	22.895	21.742	54.787
-2.9756	6.0872	1.2766	-2.4309	6.8684	3.4061	-1.1518	-1.6522	0.19629	0.998	-0.054799	-0.16421	-1.3005	2.1776	-16.224	-347.02	253.44	-59.112	-93.781	57.889	27.014	-39.957	-61.304	71.213	77.584	-49.256	34.418	22.981
-3.0602	-1.8837	6.2885	-1.0898	3.0788	3.0534	1.3715	-1.0331	-2.4753	0.80312	2.3067	1.0984	-1.8382	1.5335	-3.3837	-318.84	200.48	53.645	-151.58	-14.11	100.93	24.762	-106.86	-7.795	94.458	50.503	-21.506	-25.765
-3.063	-4.9971	7.8235	2.4491	0.0020622	0.677	2.4044	2.2597	-3.2219	-1.0871	0.88802	4.5952	-1.6791	0.82346	-0.11157	-124.54	61.4	141.56	-123.07	-95.056	41.314	131.71	-29.866	-75.609	-56.745	139.87	6.3611	-28.403
-3.1725	-10.287	8.1543	6.5866	0.024464	-1.3944	-0.24616	4.1529	-1.1186	0.10044	-1.7674	4.8008	-0.86411	0.99763	-4.3805	-211.61	13.234	165.5	0.89608	-82.856	-106.02	75.728	84.135	47.502	-106.22	8.2226	32.601	6.9669
-3.5827	-16.871	9.7121	7.4739	-1.8173	-1.5204	0.013731	3.6135	0.054382	1.9413	-0.90791	2.4592	-1.1725	0.78459	-16.408	-263.34	62.312	35.492	-73.669	-5.0418	10.396	-21.577	46.918	73.635	34.379	-93.664	-12.334	-8.5218
-3.9325	-24.296	11.11	7.2407	-4.8999	-0.12943	1.7923	3.9399	0.067663	2.0888	-0.035836	1.7045	-0.44817	0.42569	-13.991	-297.01	55.909	-9.3286	-123.31	55.64	71.142	13.054	0.53126	5.8977	34.883	-30.186	28.972	-14.356
-3.9464	-27.562	12.901	7.9959	-5.4184	-0.01631	1.075	3.2082	0.63134	1.247	1.8565	0.32989	1.2849	-0.25942	-0.5586	-130.64	71.631	30.208	-20.739	4.5248	-28.691	-29.267	22.547	-33.671	75.692	-54.985	69.324	-27.405
-3.7876	-30.26	14.55	9.9926	-3.5047	-2.1604	-0.42076	2.9724	0.32445	0.73603	2.3774	0.38793	2.3459	-0.7484	6.3509	-107.92	65.956	79.867	76.548	-85.765	-59.831	-9.4308	-12.276	-20.438	20.838	2.3219	42.44	-19.559
-3.4749	-34.523	13.708	13.394	1.0095	-4.1049	-2.672	1.2109	-0.54483	1.9363	3.1303	-0.3511	2.6895	-0.35904	12.51	-170.52	-33.666	136.06	180.57	-77.778	-90.049	-70.461	-34.771	48.012	30.117	-29.561	13.743	15.574
-3.2287	-33.899	12.717	14.38	1.9877	-3.5452	-2.8238	-0.43244	-1.7741	1.5493	2.7505	-1.0936	2.5396	0.6034	9.8495	24.931	-39.651	39.424	39.131	22.389	-6.0724	-65.733	-49.172	-15.481	-15.193	-29.7	-5.9971	38.498
-2.8664	-31.005	12.202	14.026	0.93433	-2.6621	-2.7166	-1.2117	-2.1438	0.085491	2.2589	-0.59333	3.3063	0.38666	14.49	115.79	-20.571	-14.153	-42.137	35.323	4.2868	-31.171	-14.786	-58.552	-19.663	20.01	30.669	-8.6697
-2.2662	-25.307	12.386	13.198	1.098	-4.7347	-1.8642	-1.9166	-2.4238	-1.2268	3.359	-0.087433	2.9754	0.064119	24.006	227.91	7.3513	-33.12	6.5465	-82.902	34.097	-28.198	-11.198	-52.492	44.002	20.236	-13.237	-12.902
-1.5255	-17.063	13.227	10.471	2.0295	-7.2061	-2.0494	-2.4156	-2.3962	-0.43002	3.0038	-0.27046	2.8801	-0.17127	29.63	329.75	33.653	-109.07	37.262	-98.86	-7.4089	-19.958	1.101	31.872	-14.206	-7.3211	-3.811	-9.4154
-0.93429	-7.3622	12.188	10.448	-0.50792	-8.9198	-2.7033	-1.2373	-2.1733	0.63746	2.1193	-0.51339	2.1703	-0.058831	23.648	388.04	-41.57	-0.94272	-101.5	-68.546	-26.155	47.131	8.9187	42.699	-35.379	-9.7171	-28.391	4.4974
-0.6349	-2.3697	11.539	9.7863	-1.8051	-10.814	-3.1537	-0.31268	-1.6139	2.0144	0.98656	-0.66064	0.95189	0.45511	11.976	199.7	-25.982	-26.455	-51.889	-75.76	-18.018	36.986	22.373	55.078	-45.312	-5.89	-48.737	20.558
-0.53705	1.4447	11.278	8.3109	-1.9345	-11.398	-3.1087	0.81989	-1.14	2.5673	1.2205	-1.1908	0.70437	0.2376	3.9139	152.58	-10.441	-59.018	-5.1758	-23.374	1.8013	45.303	18.958	22.116	9.3564	-21.206	-9.9007	-8.7006
-0.29795	3.9874	12.262	5.9585	-2.3195	-11.459	-2.8538	1.1576	-0.77656	3.2634	1.5139	-1.4783	0.2096	0.29781	9.5639	101.71	39.38	-94.095	-15.399	-2.4535	10.198	13.509	14.537	27.844	11.736	-11.502	-19.791	2.4086
-0.017271	6.8981	11.612	4.0419	-3.4761	-12.515	-2.0094	1.6905	-1.093	2.8303	1.8579	-1.6054	0.42217	0.48903	11.227	116.43	-25.993	-76.665	-46.263	-42.234	33.776	21.315	-12.658	-17.325	13.761	-5.0837	8.5027	7.6487
0.13753	11.469	11.6	1.7671	-4.0527	-12.347	-1.4413	3.3459	-1.6247	2.7196	1.6141	-1.2513	0.85403	0.94294	6.192	182.85	-0.48327	-90.989	-23.064	6.7455	22.722	66.216	-21.269	-4.4277	-9.7515	14.166	17.275	18.157
0.27255	15.227	11.701	-1.1576	-4.7309	-11.646	-1.3891	3.9097	-1.1118	1.9927	1.2448	-1.1886	1.1053	1.3501	5.401	150.32	4.0462	-116.99	-27.131	28.015	2.0906	22.554	20.518	-29.073	-14.771	2.5099	10.052	16.285
0.58355	18.923	11.531	-3.5083	-5.5804	-10.645	-0.86448	4.5271	-0.14942	2.0753	0.083219	-0.23691	0.90953	0.98294	12.44	147.81	-6.83	-94.028	-33.978	40.056	20.983	24.696	38.494	3.3012	-46.465	38.066	-7.8319	-14.685
0.70882	20.364	10.935	-6.0783	-6.7623	-10.317	-0.80372	4.8806	-0.33747	2.0876	-0.53445	0.27299	0.98809	0.71545	5.0106	57.674	-23.809	-102.8	-47.277	13.105	2.4305	14.137	-7.5221	0.4946	-24.707	20.396	3.1424	-10.699
0.70641	25.676	10.509	-7.4746	-6.2013	-8.9567	0.16785	5.9533	0.043385	2.3108	-0.05712	1.1592	0.96642	0.84467	-0.096443	212.46	-17.058	-55.852	22.442	54.422	38.863	42.909	15.234	8.9254	19.093	35.448	-0.86655	5.1689
0.6714	25.541	9.846	-10.261	-6.5704	-8.1929	0.078166	6.6418	-0.43994	1.5786	-0.50873	2.1329	0.59484	0.47563	-1.4002	-5.3939	-26.517	-111.46	-14.765	30.555	-3.5875	27.541	-19.333	-29.288	-18.064	38.95	-14.863	-14.762
0.59335	29.174	10.38	-13.567	-4.7196	-6.7207	0.96861	6.7806	-0.43261	1.5399	-0.38992	3.0679	0.10558	0.34551	-3.1222	145.31	21.356	-132.24	74.032	58.887	35.618	5.5528	0.29296	-1.5482	4.7522	37.398	-19.571	-5.2046
0.32999	30.094	12.158	-16.319	-4.7822	-4.307	0.45223	6.3015	-1.1989	1.2789	0.062326	2.5361	-1.0788	-0.77495	-10.534	36.808	71.136	-110.07	-2.5061	96.547	-20.655	-19.165	-30.651	-10.439	18.09	-21.272	-47.374	-44.818
0.056198	26.402	12.112	-15.203	-4.7499	-2.123	0.48814	4.4635	-1.6882	2.2685	-0.35213	2.5301	-2.488	-0.93592	-10.951	-147.68	-1.8656	44.652	1.2933	87.362	1.4365	-73.52	-19.573	39.585	-16.578	-0.23855	-56.368	-6.4391
-0.71196	21.332	12.94	-13.636	-3.1055	-1.1367	-0.69928	2.985	-0.98222	2.5773	0.30286	0.51432	-2.7535	-0.34919	-30.726	-202.78	33.135	62.649	65.777	39.45	-47.497	-59.141	28.24	12.352	26.2	-80.633	-10.62	23.469
-1.6076	8.7498	12.946	-10.916	-0.56534	2.8572	-1.0183	1.3974	1.2614	3.5333	0.30488	-1.0399	-2.1446	0.043248	-35.824	-503.3	0.24314	108.82	101.61	159.76	-12.759	-63.504	89.743	38.241	0.080594	-62.169	24.354	15.698
-3.2605	0.72003	5.8923	-5.9917	1.7328	4.0872	-0.097223	0.78869	2.9966	1.3519	0.97786	-3.1027	-0.38951	-1.2033	-66.116	-321.19	-282.16	196.97	91.924	49.2	36.842	-24.348	69.411	-87.257	26.919	-82.51	70.204	-49.861
-3.731	10.241	-15.477	-2.434	5.2385	3.7528	-0.50935	1.7687	5.9786	-1.2013	-0.025008	-2.5548	-0.55443	-0.29621	-18.822	380.83	-854.76	142.31	140.23	-13.379	-16.485	39.2	119.28	-102.13	-40.115	21.914	-6.597	36.283
-3.3933	8.2322	-28.774	-5.0516	5.1229	6.7131	1.3609	0.043948	3.2633	-1.641	3.1464	-1.2239	-0.39045	-1.0391	13.508	-80.343	-531.88	-104.7	-4.6251	118.42	74.812	-68.99	-108.61	-17.591	126.86	53.236	6.5593	-29.714
-3.3537	5.5455	-34.166	-4.0416	5.3303	5.2828	-0.084976	-1.7068	2.4558	-3.0584	1.6822	-1.007	0.36701	-0.6346	1.5855	-107.47	-215.67	40.401	8.2997	-57.212	-57.837	-70.031	-32.303	-56.696	-58.57	8.6789	30.298	16.178
-3.0935	4.7011	-31.974	-3.4402	4.3946	4.7799	-3.2187	-1.3689	3.6909	-0.41661	1.2383	-0.83256	1.3597	-1.8363	10.406	-33.773	87.676	24.053	-37.428	-20.117	-125.35	13.515	49.406	105.67	-17.754	6.9756	39.709	-48.068
-3.0019	7.161	-35.901	-5.7517	2.7752	5.9911	-2.8223	-2.0429	1.1604	-1.2173	3.0826	-0.016676	1.4198	-1.2395	3.6656	98.395	-157.08	-92.457	-64.778	48.448	15.854	-26.958	-101.22	-32.028	73.772	32.635	2.4022	23.872
-3.0213	12.106	-30.874	-4.9476	3.5202	8.0372	-1.6938	-1.7936	2.2844	-0.59617	2.7209	-0.36984	2.2873	-0.84682	-0.77571	197.79	201.08	32.162	29.801	81.842	45.141	9.9726	44.96	24.846	-14.468	-14.127	34.698	15.708
-3.2809	9.8165	-30.838	-7.2418	0.041349	7.4433	0.37139	-3.2217	2.7654	2.854	1.4232	-1.2555	1.8853	0.67275	-10.382	-91.566	1.4234	-91.768	-139.15	-23.755	82.606	-57.124	19.239	138.01	-51.908	-35.426	-16.079	60.783
-3.6654	13.732	-24.931	-6.4933	-2.7986	7.4007	0.23146	-2.8866	-1.0151	1.2583	1.8502	-1.0991	0.18114	0.5143	-15.382	156.6	236.3	29.94	-113.6	-1.7028	-5.597	13.405	-151.22	-63.829	17.08	6.2557	-68.166	-6.3379
-4.4395	8.1116	-18.078	-3.5625	-4.8246	5.0337	0.17018	-0.88569	-0.44149	0.1398	1.5134	-1.1608	0.3766	0.67561	-30.962	-224.8	274.12	117.23	-81.038	-94.683	-2.4514	80.034	22.945	-44.739	-13.473	-2.4679	7.8186	6.4523
-5.3917	-0.34479	-12.236	-6.1873	-7.3596	7.2434	3.4052	0.037202	0.16958	-1.1811	1.0921	2.6544	1.7704	-0.3492	-38.088	-338.25	233.66	-104.99	-101.4	88.388	129.4	36.916	24.443	-52.837	-16.85	152.61	55.751	-40.992
-6.0427	-18.109	-11.565	-6.6977	-5.9189	6.0575	1.7328	-1.6549	-1.4666	-1.7121	2.2424	1.0943	1.7828	0.19221	-26.04	-710.58	26.832	-20.416	57.628	-47.435	-66.894	-67.684	-65.446	-21.239	46.013	-62.406	0.49776	21.656
-7.2442	-28.049	-8.2453	-4.0395	-3.3767	5.321	1.8526	-0.32193	0.51472	-0.55784	1.5178	0.58832	1.0793	0.53789	-48.06	-397.57	132.81	106.33	101.69	-29.46	4.7895	53.319	79.252	46.17	-28.987	-20.238	-28.142	13.828
-4.195	-23.331	12.027	5.1947	-3.0399	-0.35591	1.077	-0.34702	1.0782	-0.37668	0.1321	-0.31712	0.67615	-0.6283	121.96	188.71	810.87	369.37	13.473	-227.08	-31.024	-1.0036	22.538	7.2463	-55.427	-36.218	-16.124	-46.648
-3.3076	-22.414	14.744	9.3354	-2.3162	-4.4595	1.2651	-1.3284	-0.61187	-0.10294	-0.82496	0.54384	-0.54455	0.89148	35.497	36.666	108.72	165.63	28.949	-164.14	7.5243	-39.257	-67.602	10.949	-38.282	34.439	-48.828	60.791
-2.788	-22.807	13.073	9.3959	-0.13908	-5.5987	2.0674	-2.1011	-3.7133	0.26023	-1.173	0.27489	-0.98266	2.414	20.785	-15.708	-66.87	2.4182	87.083	-45.568	32.092	-30.905	-124.06	14.527	-13.923	-10.758	-17.524	60.901
-2.4794	-20.517	11.938	8.9324	0.75247	-6.5236	2.8466	-2.0189	-5.0921	-0.6668	-1.1035	-0.8012	-0.85707	1.3323	12.343	91.595	-45.385	-18.54	35.662	-36.994	31.17	3.2852	-55.15	-37.081	2.7799	-43.044	5.0235	-43.267
-2.1797	-22.651	12.813	11.228	2.8175	-8.5085	0.42004	-2.3584	-5.0673	0.77768	-0.36423	-1.2408	-0.55215	1.0947	11.987	-85.344	35.006	91.82	82.602	-79.397	-97.063	-13.58	0.993	57.779	29.572	-17.586	12.197	-9.5058
-1.9245	-20.092	13.175	11.065	3.9333	-10.058	-2.0904	-3.0838	-3.6993	1.357	2.005	-2.2051	-0.57115	-0.87135	10.208	102.34	14.478	-6.4958	44.632	-61.982	-100.42	-29.014	54.717	23.174	94.769	-38.569	-0.75991	-78.641
-1.6647	-16.735	13.541	11.011	2.6643	-11.155	-2.8378	-1.5218	-3.1477	1.2352	2.117	-2.8422	-0.14598	-1.1597	10.395	134.28	14.65	-2.1896	-50.762	-43.868	-29.893	62.479	22.066	-4.8724	4.4803	-25.486	17.007	-11.535
-1.3798	-12.18	13.432	9.614	1.3356	-11.027	-2.613	-1.2707	-3.2858	2.0838	2.4548	-2.5741	-0.43169	-1.3508	11.395	182.2	-4.3782	-55.87	-53.147	5.0989	8.9912	10.045	-5.5237	33.943	13.512	10.726	-11.428	-7.6441
-1.0709	-8.452	12.73	9.6834	-0.39167	-12.007	-1.7383	-1.6349	-2.9148	2.7391	2.804	-2.5684	-0.65752	-1.4248	12.356	149.12	-28.066	2.7773	-69.09	-39.184	34.986	-14.567	14.838	26.211	13.97	0.22834	-9.033	-2.9578
-0.72809	-6.4793	13.72	7.3722	-0.67529	-13.396	-0.8288	-1.4598	-1.6137	2.5541	2.5525	-2.5649	-0.065179	-1.4143	13.711	78.908	39.57	-92.448	-11.345	-55.559	36.381	7.001	52.045	-7.3994	-10.062	0.1384	23.694	0.41935
-0.49247	-3.3879	13.529	6.1422	-0.69499	-15.355	0.23266	-0.67832	-0.84301	2.419	2.3443	-2.3124	-0.23945	-1.4158	9.4248	123.65	-7.6322	-49.199	-0.78783	-78.378	42.459	31.26	30.828	-5.4037	-8.3262	10.1	-6.9707	-0.059021
-0.41132	-1.3306	13.749	4.6007	-1.2255	-15.61	0.066762	0.22593	-0.16075	1.748	1.422	-2.2382	0.07291	-0.94091	3.2462	82.294	8.8165	-61.66	-21.221	-10.187	-6.6359	36.17	27.29	-26.841	-36.892	2.9681	12.494	18.994
-0.39387	0.80285	13.973	4.0768	-2.2902	-14.969	-0.039887	1.1729	-0.76624	1.2533	1.1676	-2.1493	0.542	0.16495	0.69799	85.338	8.9705	-20.957	-42.589	25.623	-4.266	37.879	-24.22	-19.784	-10.179	3.5562	18.764	44.234
-0.17872	7.3662	13.259	1.2308	-2.8056	-14.345	-0.2	2.2629	-1.1166	1.2993	-0.069997	-1.0163	0.41347	1.9235	8.6059	262.53	-28.58	-113.84	-20.616	24.988	-6.4047	43.598	-14.013	1.8401	-49.503	45.319	-5.1413	70.341
-0.012832	15.423	12.739	-2.4277	-5.1511	-12.608	0.60769	3.517	-0.84069	0.17661	0.038412	-0.11465	0.58503	1.8613	6.6356	322.29	-20.78	-146.34	-93.82	69.461	32.308	50.164	11.035	-44.909	4.3363	36.067	6.8625	-2.4861
-0.01355	20.843	10.227	-2.7693	-7.6188	-9.6493	-0.32492	4.2062	-0.10263	-2.0023	1.3021	0.081593	1.1355	0.36886	-0.028742	216.8	-100.52	-13.663	-98.705	118.35	-37.305	27.568	29.523	-87.158	50.549	7.8499	22.021	-59.698
-0.14279	20.654	12.574	-7.4047	-7.0899	-5.2623	-2.184	3.118	1.0443	-2.3616	0.71751	1.8677	-0.2608	-0.28702	-5.1697	-7.5744	93.901	-185.42	21.156	175.48	-74.364	-43.526	45.877	-14.372	-23.385	71.445	-55.854	-26.235
-0.3449	16.816	16.272	-10.134	-7.8366	0.32866	-4.358	0.66581	1.7255	-1.5614	0.12179	3.179	-1.2083	-0.12003	-8.0843	-153.51	147.93	-109.17	-29.87	223.64	-86.959	-98.088	27.249	32.007	-23.829	52.451	-37.9	6.6796
-0.81519	9.8094	21.353	-11.539	-9.7804	4.7617	-4.2235	-1.165	-0.24988	-0.22153	1.5326	0.3394	0.048472	0.64929	-18.812	-280.28	203.23	-56.186	-77.75	177.32	5.3812	-73.231	-79.016	53.596	56.431	-113.58	50.271	30.773
-1.5787	-0.11591	21.045	-9.0406	-10.78	4.4047	1.8835	-3.0787	-2.7016	-2.6333	3.0266	0.0049962	-0.21337	0.75491	-30.541	-397.01	-12.324	99.917	-39.978	-14.28	244.28	-76.549	-98.07	-96.472	59.762	-13.376	-10.474	4.2246
-2.228	-12.369	22.634	-5.2061	-12.416	4.3013	4.8594	-2.5661	-4.7879	-3.81	3.5633	0.87235	-0.73549	0.51029	-25.972	-490.14	63.543	153.38	-65.446	-4.1344	119.04	20.501	-83.452	-47.068	21.468	34.694	-20.885	-9.7847
-1.858	-10.275	25.789	-5.6461	-12.645	3.8097	2.5724	-1.0624	-5.0224	-1.8547	3.423	-0.33177	-0.33679	1.1245	14.8	83.771	126.24	-17.599	-9.1579	-19.663	-91.479	60.149	-9.3784	78.214	-5.6118	-48.165	15.948	24.569
-1.5235	-7.6273	25.923	-6.0153	-13.194	2.7742	2.682	-0.74633	-5.2892	-1.6245	2.9576	-0.38747	0.30088	1.0098	13.38	105.92	5.3267	-14.771	-21.955	-41.421	4.3818	12.644	-10.671	9.2082	-18.619	-2.2281	25.507	-4.5889
-1.3947	-6.7942	25.418	-4.8048	-14.113	2.2711	2.6672	0.15854	-5.5472	-1.8764	2.818	-0.36131	0.77252	0.67185	5.1545	33.325	-20.177	48.423	-36.749	-20.125	-0.59318	36.195	-10.321	-10.077	-5.5829	1.0463	18.866	-13.518
-1.372	-7.0058	24.858	-3.7905	-14.012	0.93966	3.1631	0.43969	-4.6508	-2.5581	1.8857	0.25923	1.1193	0.22916	0.90732	-8.4649	-22.428	40.57	4.0016	-53.257	19.839	11.246	35.855	-27.267	-37.291	24.822	13.87	-17.708
-1.493	-11.395	26.61	-2.2786	-15.019	0.99929	2.8427	1.3968	-4.3011	-2.5929	1.2722	-0.29364	1.283	0.3521	-4.8418	-175.57	70.097	60.475	-40.242	2.3852	-12.817	38.286	13.989	-1.395	-24.54	-22.115	6.551	4.9176
-1.6487	-10.011	24.429	-1.6989	-13.79	0.070584	3.1024	0.70845	-2.6693	-3.0098	0.39882	-0.1546	1.1911	0.23983	-6.2254	55.38	-87.243	23.191	49.129	-37.148	10.386	-27.536	65.271	-16.676	-34.935	5.5616	-3.6778	-4.4907
-1.7544	-11.438	24.912	-1.3636	-13.487	-0.060962	3.0025	0.91716	-2.5714	-2.6326	0.34078	-0.23659	0.88228	0.3464	-4.2296	-57.083	19.317	13.411	12.15	-5.2618	-3.994	8.3486	3.9178	15.09	-2.3217	-3.2795	-12.353	4.2627
-1.7347	-12.926	25.861	-1.0401	-14.024	-0.019714	3.3602	0.48534	-2.7887	-2.4028	1.234	-0.97881	0.60526	0.54036	0.78953	-59.531	37.959	12.938	-21.488	1.6499	14.309	-17.273	-8.6932	9.193	35.729	-29.689	-11.081	7.7586
-1.7196	-11.826	25.177	-1.9824	-13.656	1.0132	2.3458	-0.1197	-2.9892	-1.3709	0.79275	-0.80734	0.072482	0.57052	0.60197	43.981	-27.359	-37.691	14.702	41.316	-40.577	-24.202	-8.0203	41.276	-17.65	6.859	-21.311	1.2065
-1.7151	-10.262	24.302	-3.1627	-12.951	1.6851	1.6223	-1.3194	-2.6587	-0.47664	1.1409	-1.7297	-0.13404	1.6952	0.17981	62.568	-35.002	-47.212	28.198	26.876	-28.94	-47.987	13.221	35.768	13.924	-36.893	-8.2609	44.989
-1.612	-6.7773	22.853	-4.5003	-11.07	2.0984	0.050551	-3.0204	-0.22028	-0.048271	0.66396	-2.785	0.9968	2.7608	4.1264	139.4	-57.97	-53.505	75.265	16.534	-62.87	-68.04	97.536	17.135	-19.076	-42.212	45.234	42.621
-1.2963	-0.61076	19.18	-4.4644	-8.4274	0.49422	-2.3594	-3.4836	3.3292	-1.1489	-0.79329	-1.271	2.0079	2.1531	12.628	246.66	-146.9	1.4392	105.69	-64.168	-96.398	-18.53	141.98	-44.024	-58.29	60.558	40.442	-24.307
-0.79827	5.4647	16.436	-4.6132	-5.6122	-3.14	-4.3823	-0.98998	4.4493	-3.1678	-0.0058068	0.9276	1.228	0.3984	19.92	243.02	-109.76	-5.9524	112.61	-145.37	-80.918	99.747	44.804	-80.759	31.499	87.945	-31.195	-70.188
-0.33918	10.393	14.605	-5.1227	-3.6056	-7.8979	-4.0848	2.0316	2.8325	-2.2599	0.87178	1.3317	-0.48008	0.48265	18.364	197.12	-73.248	-20.38	80.265	-190.32	11.902	120.86	-64.672	36.319	35.103	16.164	-68.323	3.3698
-0.044786	14.353	12.207	-3.9195	-3.2633	-11.254	-2.3551	3.7846	1.0256	-0.21584	1.2902	0.18584	-1.297	1.6694	11.776	158.42	-95.903	48.127	13.692	-134.24	69.188	70.119	-72.275	81.761	16.736	-45.834	-32.676	47.471
0.094043	16.792	10.782	-2.8686	-4.0223	-12.246	-0.58095	3.8179	0.2362	0.99344	0.72973	-0.23798	-1.1701	2.2217	5.5532	97.543	-57.002	42.037	-30.361	-39.678	70.966	1.3304	-31.578	48.371	-22.418	-16.953	5.0751	22.092
0.12421	19.487	9.4665	-1.9908	-4.7064	-12.124	0.5304	3.3689	0.11872	1.144	0.57247	-0.50369	-0.47402	1.9284	1.2066	107.82	-52.634	35.111	-27.362	4.8752	44.454	-17.957	-4.6991	6.0217	-6.2903	-10.628	27.843	-11.732
0.094733	20.168	9.4148	-1.9656	-4.799	-12.302	1.6818	2.9883	0.082395	0.88426	0.49824	-0.6842	0.07791	2.1231	-1.179	27.245	-2.0687	1.0094	-3.7038	-7.1159	46.054	-15.227	-1.4529	-10.389	-2.9691	-7.2203	22.077	7.7883
0.08306	21.566	9.1878	-2.125	-4.7667	-12.108	2.7264	2.5639	0.10625	0.56213	0.78243	-0.9136	0.62867	2.6227	-0.46689	55.893	-9.0808	-6.3769	1.293	7.7687	41.786	-16.976	0.95399	-12.885	11.368	-9.1761	22.031	19.983
0.14291	23.259	8.4481	-1.9176	-5.0287	-12.064	3.5337	2.3175	-0.026556	0.4307	0.41961	-0.95724	1.5528	2.5513	2.3939	67.721	-29.588	8.2974	-10.483	1.7399	32.291	-9.8554	-5.312	-5.2573	-14.513	-1.7457	36.965	-2.8574
0.13624	22.834	8.8701	-2.2325	-4.5714	-12.472	4.6814	2.3651	-0.83823	0.72498	-0.20074	-0.84044	2.5031	2.4418	-0.26665	-16.979	16.881	-12.596	18.294	-16.313	45.909	1.9048	-32.467	11.771	-24.814	4.672	38.011	-4.3796
-0.13364	22.91	8.2569	-1.5247	-4.1796	-11.432	5.156	2.0993	-1.6509	0.28105	0.17495	-0.74878	3.1975	1.9977	-10.795	3.0302	-24.528	28.31	15.672	41.597	18.986	-10.634	-32.509	-17.757	15.028	3.6665	27.777	-17.764
-0.62899	20.212	8.5302	-0.63393	-4.1358	-9.2908	4.8292	1.583	-2.7208	0.029034	0.69637	0.034828	3.3103	1.058	-19.814	-107.91	10.932	35.631	1.7516	85.654	-13.074	-20.652	-42.795	-10.081	20.857	31.344	4.512	-37.586
-1.301	15.062	8.6992	-0.79056	-4.4503	-3.9789	3.1774	0.90224	-4.737	0.13644	1.9564	0.48987	2.0631	0.76659	-26.881	-206.02	6.7584	-6.265	-12.58	212.47	-66.073	-27.229	-80.645	4.2961	50.402	18.202	-49.887	-11.658
-1.9846	14.995	4.563	1.458	-3.5109	2.3855	0.89234	-1.9636	-4.2528	1.2678	3.2536	-1.4646	0.92055	1.6085	-27.343	-2.6894	-165.45	89.942	37.574	254.58	-91.401	-114.63	19.367	45.253	51.888	-78.177	-45.701	33.678
-2.1433	11.71	3.6287	0.89245	1.2383	3.6295	0.40977	-4.6675	-3.6464	3.0671	1.7906	-1.5659	0.10565	2.8271	-6.3466	-131.38	-37.37	-22.622	189.97	49.763	-19.303	-108.16	24.254	71.973	-58.52	-4.0519	-32.596	48.741
-2.3862	9.6608	-0.56347	3.3111	5.1755	4.2707	-0.75991	-5.104	-1.9264	3.1582	-0.89192	-0.84192	1.4305	2.6794	-9.7174	-81.98	-167.69	96.747	157.49	25.647	-46.787	-17.46	68.803	3.6454	-107.3	28.957	52.996	-5.9075
-2.905	5.3584	-3.9114	4.9673	8.5733	3.5626	-1.0179	-4.2398	0.0958	2.228	-2.2323	1.0131	1.3751	1.1246	-20.752	-172.09	-133.92	66.248	135.91	-28.323	-10.318	34.566	80.886	-37.21	-53.616	74.201	-2.2192	-62.19
-3.5773	-1.6506	-6.1283	6.9789	10.05	1.6679	-0.54409	-1.9549	1.4541	0.73342	-1.6345	2.6534	0.1568	-0.23115	-26.891	-280.36	-88.677	80.465	59.064	-75.79	18.951	91.397	54.333	-59.783	23.914	65.614	-48.73	-54.231
-4.1635	-12.923	-6.2784	8.5868	9.3403	1.7775	0.50677	0.7834	1.2075	0.31441	-1.285	2.515	-0.37542	-0.25935	-23.45	-450.9	-6.0032	64.315	-28.386	4.3853	42.034	109.53	-9.867	-16.76	13.979	-5.5395	-21.289	-1.128
-4.6258	-18.398	-5.9495	8.802	8.3337	1.3775	2.2567	2.0938	1.4608	-0.91969	-0.51778	1.8186	-0.36535	0.071601	-18.491	-219	13.154	8.606	-40.264	-16.002	69.997	52.416	10.132	-49.364	30.688	-27.854	0.40301	13.238
-4.9097	-20.524	-7.6602	9.9293	8.0401	1.3927	2.7603	1.1506	1.7875	-0.99469	1.0314	1.9212	-1.019	-0.32778	-11.357	-85.023	-68.426	45.093	-11.743	0.60916	20.145	-37.727	13.069	-2.9998	61.969	4.1026	-26.144	-15.975
-5.1752	-21.826	-9.3726	10.323	8.7927	2.8109	1.8287	-0.34571	1.275	0.085863	1.8195	0.65308	-0.026757	-0.49419	-10.618	-52.09	-68.499	15.761	30.104	56.727	-37.262	-59.854	-20.499	43.222	31.524	-50.724	39.688	-6.6562
-5.1406	-20.612	-10.336	10.685	7.614	2.8513	2.4817	0.33512	2.1166	-1.8151	2.5084	-0.24707	0.95369	-0.039264	1.3822	48.562	-38.544	14.474	-47.146	1.6187	26.12	27.233	33.664	-76.04	27.556	-36.006	39.218	18.197
-4.7779	-13.678	-10.141	8.9839	8.1944	3.2209	0.64583	1.7162	2.2938	-1.6706	1.7999	1.1631	0.32908	0.22947	14.509	277.36	7.8046	-68.052	23.216	14.781	-73.437	55.244	7.0875	5.7806	-28.343	56.407	-24.984	10.749
-4.2002	-6.879	-9.4757	8.0125	8.3385	1.5216	1.0814	2.9047	0.56452	-1.7138	2.1915	1.7853	-0.094976	0.84185	23.109	271.97	26.617	-38.857	5.7614	-67.972	17.424	47.539	-69.171	-1.727	15.664	24.889	-16.962	24.495
-3.7545	-0.59482	-9.8913	7.5747	10.084	-0.084632	-0.58008	2.9418	-0.27275	-0.54753	1.9243	2.1026	-0.71535	1.0241	17.828	251.37	-16.624	-17.51	69.82	-64.248	-66.46	1.485	-33.491	46.651	-10.686	12.689	-24.815	7.292
-3.3632	5.6029	-10.916	6.949	10.368	-0.28292	-1.1877	2.6691	0.31141	-0.95733	1.8849	1.9184	-0.29006	1.2039	15.652	247.91	-41.009	-25.029	11.375	-7.9315	-24.306	-10.907	23.367	-16.392	-1.5774	-7.3654	17.012	7.1903
-3.0087	8.1883	-11.39	7.2182	10.401	-0.56061	-1.7763	2.7095	0.0024022	-0.71496	2.0381	2.1276	-0.18448	1.0098	14.179	103.41	-18.932	10.768	1.2874	-11.108	-23.545	1.6159	-12.36	9.6948	6.1275	8.3658	4.2232	-7.7639
-2.8024	11.061	-11.214	6.2457	10.454	-0.79037	-1.9018	3.2007	-0.68611	-0.52774	1.8111	2.0649	0.033616	0.51741	8.2513	114.92	7.0451	-38.898	2.1496	-9.1906	-5.0164	19.646	-27.54	7.4889	-9.0809	-2.505	8.7239	-19.696
-2.6382	10.36	-9.4785	5.2276	10.94	-1.2724	-2.431	3.3857	-1.1856	-0.059897	1.8539	1.7412	1.0331	-0.26725	6.5701	-28.034	69.407	-40.727	19.411	-19.283	-21.172	7.4018	-19.98	18.714	1.7123	-12.951	39.978	-31.386
-2.613	11.58	-9.7625	5.1454	10.82	-1.2225	-2.7216	3.4772	-1.5426	-0.2547	1.984	1.6832	1.4464	-0.20661	1.0062	48.789	-11.362	-3.2854	-4.7621	1.9956	-11.622	3.6593	-14.281	-7.7922	5.206	-2.3205	16.535	2.4258
-2.602	11.675	-9.6618	4.9002	10.981	-1.1525	-2.6528	3.2381	-1.4734	-0.43479	2.2289	1.5742	1.581	0.15437	0.44143	3.8099	4.0292	-9.808	6.4087	2.801	2.7527	-9.5623	2.7675	-7.2036	9.7933	-4.3568	5.3851	14.439
-2.5775	11.94	-9.3932	4.0475	12.095	-1.55	-2.7896	2.8424	-1.5222	-1.0412	2.3354	1.5971	1.6146	0.54576	0.9796	10.577	10.742	-34.108	44.574	-15.9	-5.4713	-15.831	-1.9512	-24.258	4.2605	0.91471	1.344	15.656
-2.5263	11.922	-7.5883	2.1523	12.895	-1.3715	-3.1945	2.761	-1.7991	-1.8717	1.6994	2.0856	1.4813	0.52252	2.0463	-0.71828	72.198	-75.808	32.012	7.1417	-16.196	-3.2541	-11.076	-33.218	-25.437	19.539	-5.3326	-0.92969
-2.4061	11.019	-4.3822	-0.043737	14.331	-1.1228	-4.2286	2.0639	-2.2333	-2.5956	0.27737	2.3881	1.2677	0.86741	4.8109	-36.108	128.24	-87.843	57.428	9.9477	-41.364	-27.886	-17.366	-28.956	-56.883	12.102	-8.5472	13.796
-2.0116	11.012	0.24446	-3.2942	14.223	-0.4958	-4.9777	1.1095	-2.7867	-2.3592	-1.9675	2.2216	0.87811	1.1939	15.777	-0.29766	185.07	-130.02	-4.3365	25.079	-29.966	-38.176	-22.136	9.4573	-89.797	-6.6589	-15.581	13.058
-1.7801	16.068	2.0331	-5.4876	11.961	-1.4884	-5.1316	-0.83939	-2.0099	-1.3036	-3.4734	2.3834	-0.22019	0.85167	9.2625	202.24	71.545	-87.736	-90.471	-39.704	-6.1552	-77.954	31.071	42.222	-60.233	6.4709	-43.932	-13.688
-1.8169	19.036	2.3471	-7.1427	10.647	-2.0292	-4.4321	-2.5889	-0.50812	-0.16528	-3.8653	2.67	-0.50985	0.50539	-1.4738	118.73	12.56	-66.204	-52.538	-21.633	27.982	-69.982	60.071	45.533	-15.675	11.465	-11.587	-13.852
-2.0145	16.515	3.9838	-8.2606	10.208	-1.5705	-3.9509	-4.1433	0.51334	0.64739	-3.8378	2.8641	-0.46747	0.36076	-7.9033	-100.82	65.466	-44.715	-17.593	18.349	19.246	-62.173	40.858	32.507	1.0966	7.7624	1.6955	-5.7851
-2.1692	8.7323	8.0207	-8.3346	8.3012	-0.018621	-4.422	-5.7001	1.4191	0.62504	-2.88	1.6145	0.72987	-0.1046	-6.1898	-311.33	161.48	-2.9583	-76.257	62.075	-18.842	-62.274	36.231	-0.89406	38.312	-49.983	47.893	-18.614
-2.4169	-3.0312	13.687	-5.5761	3.2553	2.2868	-5.6149	-6.9007	2.8025	0.25278	-2.0926	0.69616	1.6734	-0.36561	-9.9072	-470.54	226.66	110.34	-201.84	92.218	-47.719	-48.021	55.336	-14.89	31.498	-36.735	37.742	-10.44
-2.9437	-6.3204	16.428	-6.7222	1.0789	4.0799	-5.4323	-6.7186	2.3894	2.6522	-1.6953	0.17948	1.4947	-1.0243	-21.071	-131.57	109.64	-45.845	-87.054	71.723	7.3051	7.2822	-16.522	95.976	15.892	-20.667	-7.1472	-26.349
-3.0262	-10.264	13.302	-0.067783	-3.022	4.8883	-7.1293	-5.2111	3.1605	4.0164	-0.72701	-1.9531	2.9352	-1.6292	-3.3011	-157.73	-125.07	266.18	-164.04	32.336	-67.88	60.301	30.841	54.567	38.73	-85.303	57.619	-24.196
-2.8645	-13.684	18.093	-2.5439	-7.7957	4.8689	-2.8068	-5.7753	1.1529	3.4135	0.56334	-1.4265	2.1342	-0.83449	6.4678	-136.83	191.67	-99.044	-190.95	-0.77459	172.9	-22.567	-80.303	-24.114	51.614	21.064	-32.039	31.789
-2.7486	-3.7954	19.898	-12.553	-6.1408	4.0583	-1.7858	-5.5397	-1.3646	3.7848	1.0399	-1.5914	2.397	-1.8741	4.6358	395.56	72.198	-400.37	66.196	-32.425	40.841	9.4235	-100.7	14.851	19.061	-6.5949	10.51	-41.583
-2.8506	5.176	5.3198	-3.9965	-6.3989	3.4029	-1.5079	-4.9556	1.1528	1.9176	2.573	-1.1207	1.1967	0.026259	-4.0788	358.86	-583.14	342.27	-10.321	-26.218	11.118	23.363	100.7	-74.687	61.326	18.827	-48.013	76.013
