396159.234974542
1500936.31850212
482830.015939917
760706.422558068
963500.683094078
826645.896331709
910459.002001958
1522514.90005843
2361004.11413642
1029299.43707511
1756464.44314093
1511268.06835723
1090944.75618052
1452347.69781727
1439927.26362505
1085582.38302309
2155488.59933229
2710874.56607028
701756.8934035
1085852.84845594
1255223.93297171
486395.413345487
432610.634279815
501950.495441009
1317357.34239768
1482904.73586851
990268.100643149
603858.681100278
1424931.47561884
1573101.10519933
1465539.65216977
945641.909329305
38224347.0224433
265249861.420568
