-4.40612865168539 2.52051887640449 1.02308449438202 -0.95801506741573 0.687777573033708 -0.808649393258427 -1.65663398876405 0.162957146067416 0.341002550561798 -0.0397220449438202 0.100513280898876 0.220650426966292 0.171003907865169 0.100660668539326 9.68707615730337 177.504033707865 -13.7587853932584 -67.2569460674158 14.895891011236 -15.0582898876404 -26.1562837078652 -3.46464323595506 -6.26101887640449 8.45208651685393 7.93255349438202 4.70126056179775 3.69905584269663 2.43968539325843
-5.79266666666667 9.99167333333333 -10.3814586666667 -3.017714 -4.49350666666667 -0.820286 0.642832 -0.7839934 0.145445333333333 -0.8491338 0.0912030666666666 0.280473333333333 0.264118666666667 -0.00234420000000001 97.3822533333333 1995.49333333333 87.20638 -145.881133333333 -90.6733333333334 -97.8178066666667 -101.253666666667 -65.11588 -16.82804 -32.5909333333333 6.75944666666666 21.9356866666667 5.01201533333334 -5.29903333333333
-3.83857011299435 6.58459723163842 4.91653338983051 -0.985511231073447 -0.181326689265537 -0.97726348022599 -0.845776378531074 0.279508203954802 -0.549017620903955 0.202799457627119 0.0748065593220339 0.0951667587570621 0.0632687011299435 0.0396726412429379 -0.418946581920903 8.3833769378531 -13.2896327118644 6.38031694915255 18.1159216949153 3.25520536723164 -2.57609768361582 4.9645290960452 -1.72701676836158 -0.495525423728814 -3.18188514124294 -4.94147837288136 2.25437869491525 -0.652982768361581
-7.96258846153846 -32.5397415384615 -6.61584615384615 4.47383115384615 -1.42661307692308 2.08034826923077 2.68070888461538 -0.267020384615385 0.597863461538462 -0.20065 -0.130597730769231 -0.356187230769231 -0.373760807692308 0.268628653846154 -70.1075 -890.21 -242.113653846154 136.393619230769 24.0046346153846 11.8393692307692 78.8536153846154 -2.93377807692308 52.9453923076923 5.93129615384615 -13.1044384615385 14.9383780769231 -18.9981769230769 -12.5514884615385
-4.8651 1.77045307692308 -1.03935384615385 3.02899153846154 -1.81426461538462 0.11239 0.0822876923076923 -0.167753076923077 -0.0787824615384616 0.422350384615385 -0.0609346153846153 0.105166923076923 0.136010769230769 -0.0322516923076923 83.2335384615384 443.673076923077 404.694615384615 180.453646153846 47.1973076923077 2.13641538461539 -95.24983781 -8.4594 -41.0497076923077 -24.9332184615385 -21.7346230769231 -15.5481538461538 -17.9204 -8.66413076923077
-6.15616363636364 -15.6504302727273 -3.14966722727273 2.45958045454545 0.954637727272727 1.34582905909091 2.11949136363636 0.0958941363636363 0.360413136363636 -0.887349227272727 -0.175979090909091 -0.0491123181818182 -0.0490807272727272 -0.140321409090909 -23.2395727272727 -792.263636363636 197.141545454545 40.4101818181818 111.210309090909 22.0132272727273 19.3146 37.8966818181818 2.87397909090909 17.8674954545455 -21.7162363636364 -19.57725 18.7008318181818 -2.6814
-5.33766190476191 -3.00659809523809 -0.830907190476191 0.62892119047619 -0.973464857142857 0.395640333333333 1.08102616666667 -0.549916904761905 0.417505690476191 -0.226563928571429 -0.00695433333333338 0.0909892880952381 0.270333619047619 0.0479264595238095 -23.1323302380952 -429.750238095238 12.7278571428571 67.09105 -29.3339071428572 24.7555071428571 40.3302476190476 -3.15544904761905 18.7138119047619 -13.5179928571429 -8.64847619047619 1.8324005952381 -0.857740476190475 10.6894973809524
-4.32946571428571 7.36555485714286 2.56374014285714 -1.42302942857143 1.22325971428571 0.464451428571429 -0.772863714285714 -0.163563228571429 -0.253555428571428 0.441608571428571 0.213963428571429 -0.0766864571428572 -0.313291414285714 -0.150409915714286 4.43622285714286 -279.942285714286 272.192285714286 -37.7055628571429 35.8314997142857 22.9627971428571 -28.1277857142857 54.4949285714286 -43.1543657142857 19.6572457142857 -6.92120571428572 7.48839714285714 -9.22310857142857 0.813130285714285
-5.362465 1.64026 -1.714012 -1.494207 -2.501249 -0.14185 0.7924985 0.2552727 0.20282715 -0.48387435 0.3688893 0.87029108 0.1408665 -0.7937881 29.080255 459.039 158.862075 -188.394725 -83.46901 -59.845446 -45.39255 3.370125 -32.27079 8.7707145 34.5294812 43.17264 3.77277 -14.948685
-8.60521153846154 -30.5064003846154 -11.2310923076923 2.73844106153846 -0.241125769230769 1.01580461538462 3.56761 -0.0139464230769231 1.58749118461538 -0.654745288461538 -0.259086346153846 -0.348358153846154 -0.334515692307692 -0.127664854615385 -57.7306015384615 -315.111538461538 -322.595 -38.6823076923077 9.42381538461538 24.5518346153846 36.4747007692308 1.47056153846154 12.3094684615385 -4.58515384615385 0.932153846153846 16.1849269230769 5.09572653846154 -18.1567807692308
-6.30583076923077 -4.44858076923077 -7.65017692307692 -2.33389961538462 -4.39414961538461 -0.469795 1.48248615384615 0.519711153846154 0.675958038461538 -0.676761153846154 0.117938076923077 -0.0269040769230769 0.185121961538462 0.117556923076923 61.5896076923077 1076.90923076923 69.22365 -116.038738461538 -111.740164615385 -80.7609846153846 -52.1690403846154 -18.1584665384615 -14.8426076923077 4.99357307692308 21.2611230769231 -1.09715038461539 11.4011869230769 8.69733461538461
-4.41460256410256 10.0585569230769 -4.25147487179487 1.90723751282051 2.26593512820513 -0.344378615384616 0.262425538461538 -1.01510235897436 0.868397743589744 -0.210282717948718 0.0304734102564102 -0.133021846153846 0.158618453846154 0.0946689487179487 -7.76589615384615 106.676564102564 -222.018205128205 98.7138666666666 -48.7226641025641 -13.3588205128205 62.5936979487179 -41.7849676923077 40.4972564102564 -39.3195546153846 10.9128 -2.67942564102564 -1.69133487179487 16.2681307692308
-8.91377 -41.3572 -10.23382 1.504525 -0.468947 2.496727 3.20692 0.0500149999999999 1.4249354 -0.157882 0.8402128 -0.4834216 -0.591079 0.282507 -101.07378 -1360.47 -74.85906 -27.03648 -81.31548 4.1513 93.3963 75.1226 69.40317 -11.14961 24.16097 -4.30454 -8.23272 -15.01309
-4.25940364963503 1.32176421167883 3.49078508029197 0.292853941605839 1.03818124817518 0.321065408759124 -0.443117832116789 0.278206379562044 -0.617837869343066 0.325622116788321 -0.184006080291971 -0.0767767708029196 -0.0232200690510949 -0.0359393284671532 -8.42582320437955 -144.007547445256 -4.26288467153285 34.5609218978102 0.100107299270075 15.7696433576642 19.2464671532847 -3.93592321167883 0.924295693430656 -4.91628098540146 0.679205839416058 -2.3583597080292 -1.02358680291971 1.21658551824818
-4.63884285714286 4.45187531428572 -1.06664314285714 1.32287451428571 0.987982571428571 1.19125134285714 -0.0500568571428572 -1.1482002 -0.145454885714286 0.19290736 -0.489558771428571 -0.248207542857143 -0.222510182857143 0.141407371428571 21.54306 34.246282 269.394571428571 -8.05833714285714 3.96167714285714 7.67443714285714 -36.0580085714286 1.11071428571429 -37.4039457142857 7.19031617142857 -9.40976857142857 -6.72650288571428 -14.1609457142857 -2.69878257142857
-5.52907368421053 2.97655631578947 -13.3231963157895 -1.99656315789474 -0.732528947368421 1.61277305263158 1.30279015789474 0.343351210526316 0.644546789473684 -0.189578263157895 0.334361578947368 -0.59333647368421 -0.525216842105263 -0.346079368421053 28.2899521052632 545.135263157895 -342.841421052632 -53.2856742105263 -42.0966263157895 10.2754736842105 -9.14053157894737 -25.5749473684211 18.8203052631579 50.3319157894737 0.477547368421053 -10.6051473684211 -4.52017894736842 -1.13372631578947
