-3.5154	21.771	-2.7007	4.4582	1.5681	4.1873	2.2222	-3.3047	-4.1751	1.7743	-0.97308	-0.43316	-0.40452	-0.4223	0	0	0	0	0	0	0	0	0	0	0	0	0	0
-3.2003	22.433	-2.2639	4.5531	0.98209	4.9844	3.7989	-4.4438	-4.0771	2.9826	-2.1916	-1.2933	-0.60723	-0.63009	12.605	26.445	17.47	3.7966	-23.44	31.886	63.068	-45.563	3.9172	48.335	-48.74	-34.406	-8.1082	-8.3116
-3.8313	4.7488	2.237	2.9453	1.5717	3.307	4.6967	-4.9061	-4.3841	2.8972	-2.1355	-2.4659	0.20125	-1.5111	-25.242	-707.35	180.04	-64.313	23.584	-67.098	35.912	-18.493	-12.278	-3.4182	2.242	-46.904	32.339	-35.239
-5.7333	-4.4376	-3.1055	0.63586	-1.8215	7.3267	2.6802	-2.607	-0.84341	-2.0358	-2.8777	0.89863	0.99181	-1.6963	-76.078	-367.45	-213.7	-92.378	-135.73	160.79	-80.661	91.962	141.63	-197.32	-29.687	134.58	31.623	-7.4103
-7.782	-45.587	-3.5676	1.4098	0.84733	7.9914	5.0545	0.88237	-0.67668	-0.92889	-1.6482	1.5792	1.7944	-2.7323	-81.95	-1646	-18.484	30.957	106.75	26.585	94.974	139.58	6.6691	44.275	49.179	27.224	32.103	-41.439
-10.236	-70.546	-3.1759	8.2986	2.6635	4.4236	3.966	4.0879	0.038202	-2.7941	0.24397	-1.1707	0.96125	-0.84529	-98.163	-998.37	15.668	275.55	72.647	-142.71	-43.539	128.22	28.595	-74.609	75.688	-110	-33.325	75.48
-11.328	-76.448	-9.5836	7.5492	1.9154	6.5646	4.2277	3.2237	1.8465	-2.0125	0.72246	-1.9782	-0.88388	-1.456	-43.671	-236.08	-256.31	-29.975	-29.922	85.639	10.465	-34.566	72.33	31.263	19.14	-32.302	-73.805	-24.427
-12.734	-81.389	-13.317	3.7654	2.0082	5.6211	2.9493	3.2719	1.8665	-0.0064202	1.8715	-2.0337	0.15304	0.086434	-56.236	-197.61	-149.32	-151.35	3.7116	-37.741	-51.135	1.9257	0.80076	80.245	45.961	-2.2187	41.477	61.696
-12.101	-79.99	-13.213	0.67636	-4.1045	-1.1625	-0.27204	4.0061	3.3429	0.23122	1.0228	-2.5103	0.38738	0.574	25.294	55.936	4.1465	-123.56	-244.51	-271.34	-128.85	29.371	59.056	9.5055	-33.946	-19.065	9.3735	19.503
-3.0277	-23.126	7.0075	-2.2766	-8.3952	2.7165	-2.1773	1.5522	-0.23656	-1.3926	-1.492	-2.028	-0.72024	-0.10877	362.95	2274.5	808.82	-118.12	-171.63	155.16	-76.208	-98.158	-143.18	-64.952	-100.59	19.295	-44.305	-27.311
-2.749	13.674	14.156	-7.0032	-12.632	3.4205	-6.4155	1.7904	-1.5425	-0.14601	-3.9234	-2.2613	-0.61868	-0.73203	11.149	1472	285.96	-189.06	-169.47	28.16	-169.53	9.5273	-52.238	49.863	-97.256	-9.3336	4.0624	-24.93
-2.7376	3.4673	7.1258	-4.7997	-10.048	1.5866	-4.5824	2.2185	0.41287	-0.8333	-2.0875	-1.8903	0.31086	1.1706	0.45667	-408.28	-281.22	88.137	103.36	-73.357	73.326	17.124	78.215	-27.491	73.438	14.842	37.182	76.104
-3.1827	0.93383	7.7203	0.067506	-2.3148	4.4697	-0.7042	2.0076	-0.62301	-1.221	-0.98485	-3.3293	-0.36746	1.2149	-17.806	-101.34	23.779	194.69	309.32	115.32	155.13	-8.4342	-41.435	-15.507	44.105	-57.562	-27.133	1.7742
-1.7742	17.599	13.614	-0.42231	-4.6589	5.1528	-0.82591	2.1434	-3.6724	-0.63113	-2.3256	-2.0546	-0.20152	1.0746	56.341	666.6	235.74	-19.592	-93.765	27.327	-4.8685	5.4321	-121.98	23.594	-53.631	50.991	6.6376	-5.6115
-0.86517	24.461	15.581	-2.5523	-5.7515	4.0977	-0.43815	1.9521	-7.0378	0.063976	-2.0442	-1.0089	0.8798	0.39111	36.361	274.5	78.684	-85.2	-43.703	-42.204	15.511	-7.6515	-134.62	27.804	11.258	41.825	43.253	-27.341
-0.32751	31.805	14.051	-3.4968	-6.4425	3.0525	-0.57525	1.372	-8.0901	0.28588	-1.3403	0.51444	1.0226	0.62236	21.506	293.75	-61.193	-37.778	-27.64	-41.81	-5.4843	-23.204	-42.091	8.8762	28.154	60.935	5.7128	9.2502
0.10177	35.585	12.555	-4.715	-6.5688	2.5312	-1.2224	0.04547	-7.7208	1.4478	0.1484	0.91426	1.388	1.095	17.171	151.21	-59.833	-48.731	-5.0517	-20.854	-25.888	-53.062	14.768	46.475	59.549	15.993	14.614	18.904
0.081423	38.4	11.974	-5.2644	-6.6606	2.1046	-2.844	0.54277	-7.1792	3.1174	0.97641	1.2119	1.4997	1.1063	-0.81378	112.59	-23.23	-21.976	-3.6749	-17.064	-64.863	19.892	21.667	66.787	33.12	11.904	4.4679	0.45432
-0.20438	38.886	9.9583	-7.6853	-5.2498	1.3185	-2.296	0.4562	-4.8006	3.5312	0.61138	1.98	0.79283	1.3153	-11.432	19.425	-80.646	-96.836	56.434	-31.441	21.922	-3.463	95.142	16.55	-14.601	30.726	-28.274	8.3597
-0.55943	38.116	9.4215	-7.0293	-5.9018	0.89649	-2.595	1.4134	-4.1835	3.7569	0.49198	1.9754	0.026001	0.85546	-14.202	-30.776	-21.471	26.241	-26.078	-16.882	-11.962	38.287	24.686	9.0311	-4.7763	-0.18628	-30.673	-18.394
-0.44114	36.173	11.008	-7.9807	-5.9303	0.51182	-1.3751	1.5569	-3.5763	3.7924	0.81193	1.1522	0.67652	0.027408	4.7318	-77.727	63.453	-38.057	-1.1417	-15.387	48.795	5.7399	24.285	1.418	12.798	-32.925	26.021	-33.122
-0.76533	34.896	10.817	-8.5127	-5.7927	0.087435	-1.6499	1.3989	-3.1143	3.8048	-0.1278	1.9689	0.016019	-0.45819	-12.968	-51.083	-7.6497	-21.281	5.5052	-16.975	-10.99	-6.3193	18.482	0.49567	-37.589	32.667	-26.42	-19.424
-0.78024	31.795	11.664	-7.1011	-6.7369	-0.085191	-1.5914	1.359	-3.0427	3.9566	-0.1406	1.5048	0.75528	-1.2566	-0.59633	-124.03	33.883	56.467	-37.768	-6.9051	2.3393	-1.597	2.8656	6.0734	-0.51198	-18.563	29.571	-31.937
-0.82062	31.768	10.428	-5.1747	-7.5471	0.34933	-1.3151	0.59982	-2.2092	3.1881	0.48693	1.2509	0.22006	-0.55621	-1.6151	-1.1021	-49.437	77.055	-32.41	17.381	11.053	-30.366	33.339	-30.741	25.101	-10.157	-21.409	28.017
-1.1057	28.613	12.311	-5.735	-7.3647	-0.17854	-0.80729	0.043707	-2.0017	2.3917	0.93284	1.0411	-0.37027	0.3616	-11.403	-126.19	75.319	-22.412	7.2977	-21.115	20.313	-22.245	8.3005	-31.854	17.837	-8.3933	-23.613	36.713
-0.86358	28.778	11.838	-4.2287	-7.9185	-0.55549	-1.0324	0.33929	-1.885	2.1359	0.82928	0.83442	0.38456	-0.3462	9.6844	6.5921	-18.92	60.251	-22.152	-15.078	-9.0047	11.823	4.6672	-10.235	-4.1423	-8.2661	30.193	-28.312
-1.0889	25.143	13.573	-4.0266	-7.9747	-0.46191	-1.9611	1.6478	-2.8527	2.9057	-0.065666	0.99999	0.82476	-0.061647	-9.012	-145.38	69.395	8.0841	-2.2487	3.7435	-37.146	52.34	-38.709	30.793	-35.798	6.6228	17.608	11.382
-1.0275	20.947	16.104	-4.0703	-8.9909	0.38888	-1.7959	1.22	-2.397	2.6574	-0.64448	1.124	0.73002	0.83886	2.4543	-167.84	101.25	-1.7486	-40.648	34.032	6.6064	-17.113	18.23	-9.9298	-23.153	4.9625	-3.7896	36.02
-1.4273	18.202	16.195	-3.0974	-8.0578	-1.1327	-0.78324	1.4335	-2.848	2.5846	-1.1413	1.0405	0.93097	1.1307	-15.992	-109.81	3.6674	38.917	37.324	-60.865	40.507	8.539	-18.041	-2.9134	-19.871	-3.3409	8.038	11.673
-1.8974	15.652	15.327	-3.0256	-5.9548	-1.4627	-1.7093	2.0159	-1.3165	-0.049062	0.022232	-0.39306	1.8926	0.80002	-18.801	-102	-34.733	2.873	84.117	-13.197	-37.042	23.299	61.258	-105.35	46.539	-57.343	38.466	-13.226
-2.785	1.3058	12.562	0.48432	-4.2338	-0.95936	-1.1553	1.6847	0.43071	-0.85457	-1.0357	-0.089359	0.53209	0.40265	-35.504	-573.85	-110.62	140.4	68.844	20.132	22.159	-13.249	69.89	-32.22	-42.317	12.148	-54.422	-15.895
-4.8096	-11.982	7.3796	7.3412	-0.96736	-1.3272	-0.90101	2.1602	-0.37171	-1.7264	-1.7531	0.22304	0.55712	-0.57428	-80.985	-531.51	-207.28	274.27	130.66	-14.714	10.173	19.022	-32.097	-34.875	-28.695	12.496	1.0013	-39.077
-4.9156	-8.9966	2.6365	5.1985	3.2789	-0.73851	-1.7648	0.1682	2.5617	-1.0291	-3.6854	0.80731	0.57505	-1.8475	-4.2411	119.41	-189.72	-85.708	169.85	23.548	-34.55	-79.682	117.34	27.893	-77.294	23.371	0.71723	-50.931
-5.8033	-15.008	-0.47723	8.9356	4.2874	-0.24735	-2.8592	1.0061	3.3373	-1.8041	-3.6667	0.57007	1.5119	-2.6868	-35.508	-240.45	-124.55	149.48	40.34	19.646	-43.776	33.514	31.022	-31	0.74918	-9.4896	37.473	-33.571
-6.3451	-19.251	-7.4916	5.9936	7.4252	1.6596	-2.3648	2.0254	2.9844	-2.6833	0.39655	-0.96061	-0.33341	-0.73601	-21.67	-169.73	-280.58	-117.68	125.51	76.276	19.773	40.773	-14.114	-35.169	162.53	-61.227	-73.811	78.032
-5.6801	1.8768	-12.767	-4.9176	5.0023	-1.6044	-1.3162	2.9911	1.6227	-0.87468	3.5845	-0.43279	-0.35108	-0.18725	26.598	845.12	-211.02	-436.45	-96.913	-130.56	41.947	38.629	-54.47	72.346	127.52	21.112	-0.70684	21.95
-5.2074	13.192	-12.436	-2.3536	3.9993	-2.1381	0.29491	1.3191	0.14938	1.2598	3.1882	-0.26402	-0.30407	-0.58468	18.909	452.6	13.247	102.56	-40.123	-21.348	64.443	-66.881	-58.932	85.378	-15.853	6.7511	1.8803	-15.897
-4.7406	11.939	-7.7654	-3.2613	-0.64001	-0.78436	0.79587	0.7227	2.0219	1.0327	2.3813	0.47845	0.6563	-0.26222	18.672	-50.119	186.82	-36.308	-185.57	54.15	20.038	-23.855	74.903	-9.0827	-32.274	29.699	38.415	12.898
-4.0193	15.117	-4.6438	-5.3401	-1.2871	-0.36883	2.3007	0.55505	3.2968	0.8539	2.6999	0.71915	-0.34527	-2.1918	28.85	127.13	124.87	-83.153	-25.884	16.621	60.195	-6.7062	50.996	-7.1521	12.742	9.628	-40.063	-77.182
-3.5837	19.656	-3.9534	-4.8917	-4.0489	-2.3055	0.9587	1.98	5.0804	0.66741	2.9524	1.1294	-0.37458	-0.18678	17.426	181.57	27.615	17.937	-110.47	-77.468	-53.682	57	71.341	-7.4594	10.101	16.41	-1.1724	80.199
-3.0933	20.276	-0.57479	-6.2441	-3.9494	-3.7772	2.9449	-0.47119	4.6715	1.2238	2.4073	0.94992	-0.60907	-0.67302	19.616	24.799	135.14	-54.096	3.9783	-58.866	79.447	-98.049	-16.355	22.255	-21.803	-7.1797	-9.3797	-19.449
-3.1616	18.366	0.23538	-4.5481	-2.2231	-6.1349	3.2614	-0.56255	6.1927	2.5603	0.57892	-1.0213	-0.4581	-0.73001	-2.7336	-76.411	32.407	67.84	69.055	-94.31	12.66	-3.6545	60.848	53.461	-73.136	-78.848	6.039	-2.2794
-3.5933	13.423	0.79406	-1.8231	-2.1537	-4.5189	5.316	-0.33981	3.6313	0.81839	0.92586	-0.63489	-0.18525	0.43314	-17.267	-197.73	22.347	109	2.7753	64.642	82.183	8.9096	-102.45	-69.676	13.877	15.455	10.914	46.526
-3.3534	9.5139	6.7632	1.0684	-2.9586	-5.9343	1.6522	-1.0645	3.8323	1.6067	-0.038524	-1.3299	0.53353	0.94974	9.5982	-156.35	238.77	115.66	-32.196	-56.617	-146.55	-28.99	8.0366	31.534	-38.575	-27.8	28.751	20.664
-2.2407	12.539	12.291	0.90679	-5.9648	-6.9363	1.0178	-0.81182	3.7738	0.88867	-1.8717	-0.21414	0.99539	1.8262	44.508	121.02	221.1	-6.4654	-120.25	-40.079	-25.377	10.109	-2.338	-28.723	-73.327	44.63	18.474	35.06
-1.5734	14.613	15.544	-2.09	-7.9774	-4.9016	0.093411	-1.2782	4.0063	1.3645	-1.632	0.21627	0.43999	1.8846	26.69	82.932	130.13	-119.87	-80.502	81.388	-36.975	-18.656	9.3004	19.033	9.5881	17.216	-22.216	2.3352
-1.3884	15.946	14.862	-4.3167	-6.9743	-4.9058	-1.6413	1.223	2.6784	1.6895	-1.9127	-0.29633	1.7301	1.4523	7.3992	53.319	-27.277	-89.065	40.123	-0.16634	-69.387	100.05	-53.116	13.001	-11.227	-20.504	51.605	-17.291
-1.3461	19.451	12.747	-4.5476	-5.2806	-6.4149	-1.8724	1.2416	2.2568	3.1583	-2.8976	-0.18072	1.5138	2.0737	1.6949	140.22	-84.598	-9.2378	67.746	-60.366	-9.2457	0.74417	-16.866	58.752	-39.397	4.6245	-8.6521	24.854
-1.3573	17.411	13.276	-4.7691	-4.8881	-6.6391	-1.7716	1.1799	1.9222	3.1974	-2.1285	-1.1107	2.3705	1.6579	-0.44727	-81.627	21.166	-8.8593	15.7	-8.9671	4.0334	-2.4692	-13.382	1.5634	30.764	-37.198	34.268	-16.632
-1.3467	18.458	12.936	-4.613	-4.9509	-6.5302	-1.3443	1.7918	1.2514	3.8513	-2.9595	-0.34114	2.3801	1.8736	0.42288	41.896	-13.625	6.2447	-2.5126	4.3551	17.09	24.479	-26.832	26.157	-33.24	30.782	0.38156	8.6291
-1.2314	21.313	12.862	-4.7781	-5.5061	-5.3336	-0.99517	1.1075	0.85359	3.8215	-2.7719	-0.52074	2.3577	2.3933	4.6101	114.18	-2.9238	-6.6055	-22.209	47.865	13.966	-27.375	-15.913	-1.1912	7.5054	-7.1841	-0.89343	20.787
-1.1904	22.837	12.07	-4.0643	-6.6199	-4.6498	-0.44258	0.67523	0.96737	2.5557	-2.8015	-0.22204	2.9319	2.4979	1.641	60.992	-31.69	28.551	-44.549	27.354	22.104	-17.29	4.5513	-50.631	-1.1858	11.948	22.966	4.1824
-1.2692	23.477	12.318	-4.5446	-6.1679	-4.7009	1.3133	-0.41056	-0.075276	1.8675	-2.5281	0.94825	2.0444	2.7446	-3.1528	25.572	9.9292	-19.21	18.077	-2.0455	70.237	-43.432	-41.706	-27.529	10.937	46.811	-35.5	9.8708
-1.5255	24.714	9.9849	-3.6195	-5.3224	-4.8309	3.6742	-1.8542	-1.2189	1.254	-2.3532	1.285	1.9309	3.1314	-10.251	49.475	-93.34	37.004	33.82	-5.2001	94.435	-57.746	-45.744	-24.541	6.9946	13.471	-4.5408	15.472
-2.0697	20.543	9.2785	-2.5396	-3.6206	-3.6473	3.7314	-1.7254	-3.1532	2.2172	-3.7284	1.4128	1.9498	3.0441	-21.766	-166.83	-28.256	43.196	68.075	47.344	2.2869	5.1514	-77.374	38.527	-55.008	5.1101	0.75775	-3.4942
-2.9437	12.184	8.8548	-1.3724	-1.8556	-1.9748	5.8094	-2.1306	-2.9731	0.97168	-3.6519	0.17318	1.7227	2.9345	-34.963	-334.33	-16.947	46.687	70.598	66.901	83.123	-16.207	7.2055	-49.82	3.0619	-49.584	-9.0859	-4.3832
-4.1203	-4.0578	8.8285	-0.24462	-2.3372	-2.0675	4.7325	-1.6686	-2.2124	0.93665	-2.0027	-1.6653	1.7303	2.2009	-47.063	-649.69	-1.052	45.111	-19.261	-3.7086	-43.078	18.479	30.429	-1.401	65.965	-73.538	0.30499	-29.342
-6.2069	-33.086	7.184	2.6251	-1.8224	1.1812	3.8989	0.76876	-0.19592	1.3749	-1.0888	-2.9646	1.2254	0.70962	-83.464	-1161.1	-65.779	114.79	20.588	129.95	-33.344	97.495	80.658	17.532	36.558	-51.973	-20.196	-59.653
-7.9475	-52.064	5.8247	6.2199	0.99014	6.9872	1.9021	0.21114	0.1651	-1.4739	0.31747	-1.4183	0.99081	-1.5515	-69.623	-759.12	-54.373	143.79	112.5	232.24	-79.873	-22.305	14.441	-113.95	56.251	61.854	-9.3826	-90.446
-8.5702	-60.882	2.644	9.2673	3.4769	5.9078	1.5927	0.47172	-0.29692	-1.7712	0.66177	-0.95783	1.2422	-1.2731	-24.906	-352.72	-127.23	121.9	99.472	-43.176	-12.375	10.423	-18.481	-11.893	13.772	18.417	10.056	11.136
-9.3886	-68.378	-1.7907	9.9048	5.6842	6.8349	1.9767	-0.067794	-1.5101	-2.689	1.0588	-0.20675	-0.51119	-0.38968	-32.737	-299.85	-177.39	25.503	88.29	37.083	15.358	-21.581	-48.526	-36.713	15.879	30.043	-70.137	35.338
-10.545	-73.543	-6.5101	10.283	5.2436	4.8658	2.1537	1.1912	-0.5044	-1.5761	0.71811	-1.1842	-1.5632	-0.92503	-46.254	-206.59	-188.78	15.134	-17.624	-78.762	7.0824	50.361	40.227	44.516	-13.626	-39.099	-42.08	-21.414
-11.77	-76.112	-10.451	7.4002	2.9447	5.1177	2.3125	2.2837	0.19873	-0.4815	0.51407	-2.4719	-1.4051	0.60548	-49.011	-102.75	-157.66	-115.32	-91.954	10.075	6.3531	43.7	28.125	43.785	-8.1615	-51.507	6.3247	61.22
-12.213	-83.656	-14.939	3.709	0.15477	5.3112	2.5329	2.4312	0.92137	0.24778	1.1445	-1.6018	1.7152	0.57511	-17.731	-301.78	-179.5	-147.65	-111.6	7.7394	8.8157	5.9004	28.906	29.171	25.216	34.803	124.81	-1.2149
-12.687	-72.831	-17.399	-2.2915	-1.8581	7.3287	2.0377	1.0291	0.67178	-0.32689	-0.54058	0.63199	1.3498	-0.96787	-18.951	433.03	-98.39	-240.02	-80.513	80.7	-19.81	-56.085	-9.9834	-22.987	-67.402	89.352	-14.618	-61.719
-12.498	-79.324	-15.231	-1.1485	-4.0723	3.2424	1.6973	3.1667	2.6626	0.55152	0.32216	-2.0001	0.74235	0.82339	7.5545	-259.72	86.689	45.717	-88.569	-163.45	-13.616	85.504	79.631	35.136	34.51	-105.28	-24.296	71.65
-11.33	-70.779	-18.45	-2.5319	-5.5528	-0.89425	2.212	0.25436	3.2826	-1.5903	-1.8934	-2.8325	-0.13606	1.0152	46.721	341.79	-128.75	-55.337	-59.22	-165.47	20.588	-116.49	24.801	-85.671	-88.622	-33.294	-35.136	7.6712
-10.757	-55.868	-22.7	-1.3786	-3.014	-0.59241	6.6791	-0.17265	1.0081	1.2909	1.4081	-2.767	0.15486	0.45704	22.934	596.44	-169.97	46.134	101.55	12.073	178.68	-17.08	-90.981	115.24	132.06	2.6195	11.637	-22.325
-3.8508	-7.9143	-0.086471	7.1522	-9.5883	-2.0905	-1.8137	-0.8734	2.8143	-0.5564	2.3502	-0.98637	2.7036	-1.1042	276.25	1918.1	904.53	341.23	-262.97	-59.922	-339.71	-28.03	72.251	-73.89	37.683	71.224	101.95	-62.448
-3.3604	20.944	-1.5746	5.7966	-9.9547	-3.0767	-3.1553	-0.056899	3.0764	-1.5662	0.22811	-1.5595	3.9379	-0.76369	19.616	1154.3	-59.526	-54.221	-14.657	-39.451	-53.666	32.66	10.482	-40.391	-84.882	-22.925	49.372	13.619
-3.4662	13.982	-6.2585	2.974	-7.3711	-2.7483	-2.8447	1.1163	3.5854	-2.2866	0.31553	-4.3102	3.788	0.93581	-4.2298	-278.49	-187.35	-112.91	103.34	13.138	12.427	46.926	20.362	-28.818	3.497	-110.03	-5.9928	67.98
-5.3565	-4.4334	-13.908	2.7808	-5.1552	-1.4848	0.11312	2.541	3.2538	-0.26009	2.0841	-2.9611	2.1154	0.62859	-75.613	-736.6	-306	-7.7277	88.639	50.54	118.31	56.99	-13.267	81.061	70.744	53.964	-66.908	-12.289
-6.0545	4.5424	-13.217	2.757	-3.6351	0.43151	0.072606	0.5025	1.8509	-2.3975	1.293	-1.7449	1.7256	-0.094362	-27.919	359.03	27.658	-0.95419	60.801	76.651	-1.6206	-81.54	-56.115	-85.498	-31.643	48.647	-15.589	-28.918
-5.6109	11.4	-15.679	1.1157	-1.544	-1.1597	-0.3401	2.7158	2.419	-1.4306	0.74383	-0.53094	0.73835	0.17991	17.743	274.32	-98.47	-65.649	83.646	-63.648	-16.508	88.531	22.725	38.677	-21.968	48.56	-39.492	10.971
-5.6155	13.187	-12.182	2.2908	-0.4122	-0.43029	0.51409	2.9866	0.30681	-2.8715	0.25343	-0.88034	1.1176	0.09265	-0.18539	71.458	139.87	47.003	45.272	29.176	34.168	10.835	-84.488	-57.637	-19.616	-13.976	15.169	-3.4904
-5.729	5.9114	-13.201	-0.64001	-1.1563	2.0637	-1.4162	0.83395	0.18329	-3.6595	1.1525	-0.21011	1.3391	0.89155	-4.5396	-291.02	-40.766	-117.23	-29.766	99.761	-77.21	-86.107	-4.9407	-31.52	35.965	26.809	8.8607	31.956
-5.8762	8.758	-14.439	0.2758	-1.5755	1.4259	0.11102	-0.9352	-0.72549	-3.2754	2.955	0.30207	1.2173	0.95892	-5.887	113.86	-49.526	36.632	-16.765	-25.513	61.087	-70.766	-36.351	15.367	72.098	20.487	-4.8707	2.6946
-2.953	9.6307	-0.27325	5.4301	0.66488	3.3211	0.38949	-0.73133	-1.5461	-1.4471	2.2753	-0.86204	-0.33262	-0.37838	116.93	34.907	566.64	206.17	89.614	75.806	11.139	8.1548	-32.826	73.132	-27.189	-46.565	-61.998	-53.492
-1.659	21.699	6.9171	4.4574	1.0617	3.3655	-0.52708	-0.69765	-4.0099	-2.362	1.1779	-0.76744	-0.87063	-1.8804	51.761	482.72	287.62	-38.91	15.873	1.7783	-36.663	1.3471	-98.55	-36.597	-43.896	3.7841	-21.52	-60.082
-1.1257	20.58	9.3801	2.7508	2.1444	4.3578	-0.89811	-2.2207	-4.4706	-1.2121	0.1114	-2.1035	-0.94534	-0.8358	21.332	-44.752	98.518	-68.265	43.307	39.691	-14.841	-60.924	-18.427	45.995	-42.659	-53.444	-2.9885	41.785
-0.85992	18.06	10.471	2.1225	3.1492	4.1203	-0.029284	-2.9102	-4.6653	-1.0746	-0.99121	-2.0868	-0.75966	0.52304	10.631	-100.78	43.648	-25.132	40.191	-9.4989	34.753	-27.578	-7.7913	5.5002	-44.104	0.6697	7.4272	54.353
-0.96818	20.21	10.5	-1.0539	6.2591	2.1048	1.5532	-3.0688	-5.858	-0.3219	-1.6682	-1.2206	-0.65569	-0.099674	-4.3304	86	1.1441	-127.05	124.4	-80.622	63.299	-6.3459	-47.705	30.108	-27.08	34.646	4.1589	-24.908
-0.88601	23.676	8.6572	-1.5048	7.2086	0.76832	2.1621	-2.9522	-6.5901	-0.23234	-1.2376	-0.5472	-1.1557	-0.44322	3.2868	138.63	-73.708	-18.038	37.979	-53.458	24.354	4.6643	-29.283	3.5823	17.225	26.938	-20.002	-13.742
-0.76037	23.517	11.06	-3.4004	5.6913	1.8987	1.4942	-2.4248	-7.6612	-0.60262	-0.36467	0.1114	-1.7896	-0.52355	5.0257	-6.3756	96.1	-75.821	-60.693	45.216	-26.713	21.099	-42.844	-14.811	34.916	26.344	-25.353	-3.2133
-0.80566	26.984	9.7596	-2.4928	4.53	0.31696	1.0888	-0.81473	-8.2476	-1.1895	0.61248	-0.66619	-0.6263	-1.4792	-1.8116	138.68	-52.004	36.3	-46.45	-63.27	-16.218	64.402	-23.458	-23.476	39.086	-31.104	46.53	-38.227
-0.8119	26.704	9.9314	-1.9614	3.0121	-0.48875	0.83134	0.35223	-7.1501	-3.429	0.82117	0.821	-0.98102	-1.8981	-0.24941	-11.182	6.874	21.259	-60.717	-32.228	-10.298	46.679	43.899	-89.58	8.3473	59.488	-14.189	-16.754
-1.4665	24.018	8.5381	-0.35407	2.4083	-1.4563	2.598	0.96701	-6.1439	-3.3205	-0.7322	1.0359	-0.23058	-1.3812	-26.184	-107.44	-55.731	64.292	-24.152	-38.703	70.666	24.591	40.251	4.3398	-62.135	8.5946	30.017	20.676
-2.2771	17.635	6.1294	0.014524	2.7141	-1.2339	1.5719	2.5207	-1.4677	-4.4639	-2.3904	0.036704	1.825	-0.69548	-32.424	-255.35	-96.35	14.744	12.234	8.8965	-41.045	62.149	187.05	-45.735	-66.329	-39.966	82.223	27.429
-2.8604	14.545	7.4443	1.109	4.243	-1.5048	0.042928	4.9583	0.0070881	-4.2127	-3.7948	0.49965	-0.04355	-0.51674	-23.333	-123.59	52.596	43.779	61.155	-10.834	-61.158	97.505	58.993	10.049	-56.174	18.518	-74.742	7.1494
-3.3944	7.7077	5.2604	5.1772	2.0799	-2.4058	1.928	4.2464	2.811	-4.8794	-3.1897	1.4191	-0.88006	-0.65873	-21.361	-273.49	-87.357	162.73	-86.523	-36.042	75.402	-28.48	112.16	-26.667	24.201	36.776	-33.46	-5.6795
-3.8105	3.054	2.2887	8.3478	-0.31681	-1.8582	2.6694	4.6026	1.7353	-5.8712	-1.9093	-0.81444	1.2521	-0.22854	-16.642	-186.15	-118.87	126.82	-95.868	21.904	29.656	14.248	-43.028	-39.672	51.218	-89.34	85.285	17.208
-3.8798	9.2608	-0.22631	8.2154	-2.2527	-2.0415	4.2823	1.8971	0.73525	-6.0134	-1.9949	-0.10587	1.0762	0.45362	-2.7712	248.27	-100.6	-5.2939	-77.437	-7.3324	64.516	-108.22	-40.003	-5.6883	-3.4252	28.343	-7.0328	27.286
-2.7561	19.384	1.5466	3.5514	1.3423	0.56174	2.7247	2.3415	-3.0255	-5.3418	0.30647	0.54564	0.27116	-2.5494	44.948	404.93	70.916	-186.56	143.8	104.13	-62.302	17.775	-150.43	26.862	92.055	26.061	-32.203	-120.12
-2.1398	26.759	3.5016	-1.8475	4.7849	2.4225	0.97898	1.4124	-4.6099	-2.6123	-0.95156	0.86201	-0.08831	-4.7612	24.651	295.01	78.199	-215.96	137.7	74.43	-69.83	-37.165	-63.376	109.18	-50.321	12.655	-14.379	-88.472
-1.9809	27.995	2.9515	-3.3494	9.4761	2.1868	0.57091	-0.43827	-4.9318	-1.8113	0.49961	-1.228	-0.33658	-4.076	6.3562	49.405	-22.004	-60.075	187.65	-9.4276	-16.323	-74.026	-12.876	32.038	58.047	-83.6	-9.9308	27.407
-1.974	23.984	4.2558	-4.6542	11.394	3.1028	0.3997	-1.6827	-4.1234	0.25532	-0.74214	-2.4093	-0.063694	-3.0597	0.27619	-160.41	52.172	-52.192	76.709	36.639	-6.8484	-49.777	32.335	82.666	-49.67	-47.254	10.916	40.651
-2.4305	15.043	5.2865	-1.3196	9.3136	5.0077	-0.46667	-2.2297	-2.4043	2.0545	-2.6747	-2.7075	0.6559	-2.1828	-18.26	-357.65	41.23	133.38	-83.207	76.195	-34.655	-21.88	68.762	71.968	-77.3	-11.927	28.784	35.078
-3.0662	7.8271	3.9256	2.7078	7.6851	4.5075	0.56501	-4.2744	-1.1436	2.2822	-2.3747	-3.1507	0.91347	-1.458	-25.429	-288.63	-54.436	161.1	-65.142	-20.005	41.267	-81.787	50.428	9.1062	11.996	-17.728	10.303	28.992
-3.7269	11.048	-7.4581	3.6892	7.2052	4.8614	4.8448	-4.0578	-0.32146	-0.33668	-0.8276	-2.3288	-1.2366	-0.10305	-26.426	128.82	-455.35	39.255	-19.193	14.155	171.19	8.6625	32.887	-104.75	61.886	32.877	-86.002	54.198
-4.0133	16.811	-20.818	1.3033	4.7747	4.5468	4.2187	-1.5554	-0.14975	2.3895	2.7501	-2.1269	-2.0217	1.4198	-11.457	230.53	-534.39	-95.433	-97.221	-12.585	-25.045	100.1	6.8684	109.05	143.11	8.0759	-31.405	60.914
-3.1784	17.129	-28.133	1.1836	2.0323	0.96126	2.614	-2.189	1.8891	2.0613	2.9403	-0.51997	-2.2033	1.8058	33.394	12.718	-292.6	-4.7896	-109.7	-143.42	-64.189	-25.345	81.555	-13.13	7.6108	64.277	-7.2652	15.44
-2.8215	19.156	-27.807	2.5122	-1.5165	-2.0237	4.2546	-3.5164	1.9214	-0.33144	1.968	-0.65225	-1.2476	2.3573	14.279	81.113	13.038	53.145	-141.95	-119.4	65.627	-53.095	1.2928	-95.708	-38.892	-5.2909	38.228	22.059
-2.839	15.613	-28.761	5.5748	-0.80754	-1.6472	3.6679	-2.9546	0.43934	-1.8013	1.53	-0.047366	-0.50822	0.58997	-0.70217	-141.73	-38.161	122.5	28.357	15.058	-23.468	22.472	-59.284	-58.796	-17.52	24.195	29.576	-70.693
-3.2337	12.6	-29.107	4.728	-2.788	0.00093164	4.3348	-2.2046	1.2797	0.84878	3.3591	-1.1086	-1.6943	0.7405	-15.786	-120.52	-13.827	-33.87	-79.217	65.927	26.676	30	33.615	106	73.165	-42.448	-47.444	6.0213
-3.0971	14.871	-30.911	2.2798	-1.3467	-1.0057	3.057	-0.47499	1.36	-0.42517	3.4758	1.392	-0.72763	-0.34119	5.4633	90.85	-72.174	-97.928	57.651	-40.264	-51.113	69.185	3.2098	-50.958	4.6656	100.02	38.667	-43.268
-3.2116	16.973	-28.928	5.4311	-0.75084	-0.48476	3.7518	-1.0432	0.41772	-1.0271	1.194	-0.64965	-2.3157	1.8064	-4.583	84.051	79.314	126.05	23.834	20.836	27.79	-22.728	-37.69	-24.078	-91.271	-81.665	-63.521	85.903
-3.3189	13.632	-28.611	4.733	-1.2895	0.3559	4.5053	1.0351	0.89952	-1.1473	1.2378	-1.4593	-0.98691	0.1679	-4.2915	-133.63	12.683	-27.925	-21.546	33.626	30.139	83.133	19.272	-4.8067	1.7523	-32.388	53.15	-65.54
-3.7223	12.954	-29.123	2.9559	-1.5699	-2.3993	2.3103	0.76208	3.4834	-0.41639	2.7888	1.1635	-1.0301	-0.13451	-16.133	-27.128	-20.471	-71.083	-11.215	-110.21	-87.796	-10.922	103.35	29.236	62.04	104.91	-1.7262	-12.096
-4.126	11.406	-25.593	3.1746	-0.083774	0.21384	2.7248	0.29577	2.9829	-2.8054	0.74274	1.5429	-0.011611	0.25612	-16.148	-61.894	141.19	8.749	59.443	104.53	16.577	-18.652	-20.018	-95.559	-81.842	15.177	40.738	15.625
-4.9704	5.3847	-21.898	1.2962	-1.0831	0.79626	2.4411	-0.71343	1.4605	-3.8187	-0.066106	0.58481	-1.8132	-0.45861	-33.779	-240.87	147.81	-75.138	-39.975	23.297	-11.346	-40.368	-60.897	-40.532	-32.354	-38.324	-72.062	-28.589
-6.2066	-8.2621	-17.68	-2.4356	-1.4847	-1.6811	3.2105	-0.63111	0.82494	-1.7442	0.070976	2.1509	-0.020173	-0.50515	-49.447	-545.87	168.71	-149.27	-16.06	-99.093	30.774	3.2927	-25.423	82.979	5.4833	62.643	71.719	-1.8614
-2.9949	-4.7169	2.2027	4.4259	-2.8319	0.31522	0.082722	2.1529	-0.35117	-0.82543	-1.7252	2.83	0.95944	-1.4249	128.47	141.81	795.31	274.46	-53.891	79.852	-125.11	111.36	-47.044	36.75	-71.847	27.164	39.184	-36.792
-1.8573	20.478	11.157	1.0024	-3.9833	-2.7672	0.64775	1.5119	-3.7816	0.047176	-2.2031	2.6203	1.3031	-0.49449	45.505	1007.8	358.17	-136.94	-46.056	-123.3	22.601	-25.638	-137.22	34.904	-19.116	-8.3893	13.746	37.218
-1.3449	25.683	9.6314	1.091	-6.1046	-2.0342	-1.5555	0.915	-2.2506	-0.5066	-1.3044	2.2856	1.7676	0.15874	20.494	208.18	-61.017	3.5411	-84.85	29.319	-88.128	-23.876	61.239	-22.151	35.948	-13.385	18.58	26.129
-1.0998	27.494	8.218	2.4223	-7.7077	-3.7578	-0.18213	0.42195	-1.3265	-0.28681	-0.028393	1.4712	2.152	0.68834	9.8066	72.442	-56.539	53.253	-64.127	-68.945	54.933	-19.722	36.965	8.7915	51.04	-32.577	15.376	21.184
-0.90132	25.328	12.744	-0.7425	-7.9494	-3.4811	-0.795	0.65413	-0.9411	0.97216	-0.53631	0.71948	2.0198	1.4053	7.9376	-86.646	181.04	-126.59	-9.6671	11.069	-24.515	9.2872	15.415	50.359	-20.317	-30.069	-5.2851	28.68
-0.69131	21.371	16.852	-3.693	-7.8888	-3.6145	-1.267	1.332	-1.6044	2.1869	-1.2308	0.18611	2.5963	1.5159	8.4006	-158.28	164.33	-118.02	2.4247	-5.3368	-18.882	27.113	-26.534	48.59	-27.781	-21.335	23.056	4.423
-0.72269	21.094	16.948	-4.3367	-8.1082	-4.0383	-0.82257	0.58244	0.21942	0.72096	-1.0242	0.45621	1.2611	2.1845	-1.2554	-11.072	3.8414	-25.75	-8.7749	-16.952	17.779	-29.981	72.955	-58.638	8.2641	10.804	-53.405	26.744
-0.79754	18.668	17.676	-4.6615	-8.2856	-3.291	-1.6863	0.28091	1.2503	0.34599	-1.3914	1.1041	1.2035	1.8589	-2.9938	-97.034	29.129	-12.99	-7.0962	29.893	-34.549	-12.061	41.237	-14.999	-14.687	25.916	-2.3072	-13.023
-0.92089	16.646	17.974	-3.7791	-9.2719	-3.8309	0.093948	-0.80434	0.68711	1.075	-1.4435	0.58075	1.7043	1.9203	-4.9342	-80.883	11.905	35.293	-39.453	-21.6	71.21	-43.41	-22.529	29.161	-2.0828	-20.935	20.035	2.4553
-0.9985	18.638	16.041	-3.6034	-9.8118	-2.8176	0.21052	-2.1116	1.9483	0.33548	-1.1719	0.37723	2.6166	0.78984	-3.1044	79.693	-77.321	7.0294	-21.595	40.533	4.6631	-52.292	50.446	-29.582	10.862	-8.1405	36.493	-45.219
-1.0143	16.559	17.134	-4.5355	-10.694	-1.5113	-0.87997	-1.4475	2.0165	0.34911	-1.797	1.7383	1.9004	1.0631	-0.63195	-83.156	43.728	-37.285	-35.288	52.251	-43.62	26.566	2.7316	0.54523	-25.002	54.443	-28.649	10.929
-1.0047	19.278	14.895	-4.2252	-9.4003	-2.2384	-1.7931	-0.29786	1.0507	-0.22446	0.3461	0.60827	2.1314	1.0969	0.38405	108.73	-89.578	12.412	51.746	-29.084	-36.524	45.985	-38.633	-22.943	85.723	-45.201	9.2386	1.3531
-1.0617	19.763	15.452	-6.6378	-7.6249	-1.5893	-2.5085	0.23965	-0.77901	0.8662	0.18789	1.5087	1.1161	2.1362	-2.2786	19.421	22.283	-96.501	71.018	25.966	-28.617	21.501	-73.189	43.626	-6.3284	36.017	-40.613	41.572
-1.2446	21.013	14.506	-8.7372	-4.7882	-2.369	-0.94685	-0.80669	-1.4277	-0.18922	1.6923	1.1227	1.1091	1.8456	-7.3186	50.013	-37.83	-83.977	113.47	-31.189	62.466	-41.854	-25.946	-42.217	60.176	-15.44	-0.27977	-11.621
-1.5465	23.431	11.384	-8.3668	-2.1666	-3.3866	0.64142	-2.5334	-1.3494	-0.29114	2.3498	1.1683	-0.030326	2.0376	-12.073	96.689	-124.88	14.813	104.87	-40.701	63.531	-69.068	3.1313	-4.0769	26.3	1.8258	-45.576	7.6791
-1.9631	19.533	11.567	-7.9409	-1.681	-1.174	0.27501	-2.5983	-2.2947	-0.28877	2.7878	0.47386	0.14855	1.0747	-16.666	-155.92	7.3321	17.039	19.422	88.501	-14.656	-2.5961	-37.813	0.094995	17.521	-27.778	7.1549	-38.515
-2.5421	17.949	9.1025	-7.102	1.4617	-0.10393	0.2993	-3.2906	-2.3668	-0.57484	2.5739	0.49244	-1.5846	1.5464	-23.161	-63.344	-98.598	33.554	125.71	42.804	0.97147	-27.692	-2.8823	-11.443	-8.556	0.74297	-69.325	18.865
-3.2741	7.1086	8.6396	-3.9028	0.70928	0.88482	2.5253	-4.2116	-3.3617	0.84709	2.6837	-1.021	-1.095	0.6161	-29.277	-433.61	-18.513	127.97	-30.096	39.55	89.04	-36.839	-39.797	56.877	4.3924	-60.537	19.582	-37.211
-4.2135	-2.7874	7.0965	-0.84453	4.67	2.5981	-1.9253	-1.5512	-1.7465	-1.2234	3.2505	-0.80703	-0.70274	0.29199	-37.579	-395.84	-61.727	122.33	158.43	68.529	-178.02	106.41	64.609	-82.821	22.672	8.5579	15.691	-12.964
-5.2654	-5.3357	-1.5637	0.58968	3.5345	2.5722	0.30209	-0.6699	-0.17419	1.0456	3.475	-1.6417	-0.13066	0.47906	-42.073	-101.93	-346.41	57.369	-45.421	-1.0331	89.094	35.254	62.892	90.763	8.9794	-33.388	22.883	7.483
-5.9219	0.45943	-12.542	0.62451	4.1594	1.9994	-1.249	0.50553	1.8941	1.028	2.6261	-1.2757	-0.47392	-0.46244	-26.259	231.8	-439.12	1.3931	24.995	-22.911	-62.043	47.017	82.73	-0.70616	-33.959	14.641	-13.73	-37.66
-5.0381	7.4204	-20.188	0.28491	4.0138	-0.38581	-2.6874	0.17746	1.0729	-0.017085	2.2578	-0.37346	-0.090449	-0.76375	35.349	278.44	-305.83	-13.584	-5.8218	-95.41	-57.537	-13.123	-32.847	-41.803	-14.729	36.09	15.339	-12.052
-4.3709	14.681	-25.232	-2.8481	4.6064	0.49445	-2.2454	2.1681	2.1565	0.96891	0.51154	-1.5104	0.43017	-0.18174	26.688	290.43	-201.79	-125.32	23.702	35.21	17.679	79.626	43.345	39.44	-69.851	-45.478	20.825	23.281
-3.9457	16.466	-26.431	-1.6099	3.4937	0.40332	-3.9661	0.70443	-0.3103	-1.3964	-0.75811	-1.9736	-0.80481	-0.92424	17.011	71.38	-47.929	49.528	-44.507	-3.645	-68.825	-58.547	-98.672	-94.613	-50.786	-18.528	-49.4	-29.7
-3.5252	21.228	-25.999	-2.759	3.2727	2.0453	-3.3718	-0.0063717	0.65906	-0.57348	1.1569	-0.83779	0.7801	0.030358	16.817	190.52	17.247	-45.964	-8.8395	65.681	23.771	-28.432	38.774	32.918	76.599	45.433	63.397	38.184
-3.2571	19.76	-29.433	-2.5963	5.3415	2.3341	-2.6473	1.9769	1.5666	0.67074	1.3925	-2.2399	1.7968	-0.65621	10.728	-58.743	-137.34	6.5054	82.753	11.552	28.981	79.332	36.302	49.769	9.4254	-56.083	40.669	-27.463
-3.1817	20.227	-28.762	-1.6783	6.233	0.060451	-2.9642	1.1591	0.8951	-0.53588	0.54706	-0.90601	1.5965	0.39685	3.0138	18.68	26.841	36.722	35.659	-90.948	-12.679	-32.712	-26.861	-48.265	-33.817	53.354	-8.014	42.122
-3.2213	17.262	-30.481	-1.3163	6.0385	-0.26477	-1.2687	2.0303	1.6588	-0.56263	2.0097	-1.3651	0.26641	0.12494	-1.5842	-118.61	-68.787	14.478	-7.7812	-13.009	67.822	34.849	30.55	-1.0701	58.506	-18.364	-53.202	-10.877
-3.3025	13.156	-33.609	-3.6339	3.7412	-1.4808	-2.6822	2.0039	1.705	0.32511	3.0139	-1.3082	-0.13034	-0.083064	-3.248	-164.23	-125.1	-92.703	-91.891	-48.64	-56.541	-1.0566	1.8448	35.509	40.167	2.2779	-15.87	-8.32
-3.4891	12.7	-31.761	-2.1692	4.7047	-0.54809	-3.5408	2.2878	2.059	0.59075	3.0375	-2.5868	0.67911	2.1171	-7.4634	-18.218	73.924	58.59	38.538	37.307	-34.344	11.355	14.162	10.626	0.94546	-51.144	32.378	88.005
-3.5532	10.594	-33.113	0.19002	6.1822	0.8491	-2.0837	1.839	0.70724	1.0306	2.8776	-2.1145	-0.45286	0.11137	-2.5636	-84.257	-54.102	94.367	59.1	55.888	58.282	-17.951	-54.071	17.595	-6.3951	18.892	-45.279	-80.227
-3.7704	15.241	-29.928	-0.37727	6.0915	0.971	-5.1521	0.15725	0.87578	0.29418	-0.32284	-2.359	-0.49873	1.2041	-8.6878	185.88	127.42	-22.692	-3.6278	4.8761	-122.73	-67.27	6.7418	-29.457	-128.02	-9.7813	-1.8348	43.711
-4.1763	13.333	-25.221	-1.6227	4.3386	2.3823	-3.1011	-1.1875	0.76997	3.0522	3.5767	-0.41704	-0.29502	0.63602	-16.237	-76.331	188.29	-49.818	-70.115	56.452	82.041	-53.79	-4.2323	110.32	155.98	77.678	8.1485	-22.725
-5.0578	2.8679	-18.911	-2.4307	4.229	2.0785	-2.626	-1.1247	1.278	0.48317	1.794	-0.50137	-1.2306	0.26996	-35.259	-418.59	252.39	-32.318	-4.3825	-12.151	19.002	2.5112	20.322	-102.76	-71.306	-3.3735	-37.422	-14.642
-3.2477	7.133	-9.9626	1.7249	4.7162	2.7041	-1.8515	-0.6601	0.84851	0.67221	0.66839	-0.65912	-0.70413	0.20256	72.402	170.61	357.94	166.22	19.486	25.023	30.982	18.585	-17.181	7.5618	-45.026	-6.31	21.058	-2.6963
-1.7657	24.55	9.2973	-5.0326	3.7066	2.1375	-2.7748	-2.6333	-2.5892	1.6345	-0.8249	0.069255	-0.57969	0.22705	59.279	696.7	770.4	-270.3	-40.385	-22.663	-36.931	-78.928	-137.51	38.49	-59.732	29.135	4.9776	0.97976
-1.1747	32.412	9.0169	-7.746	4.2204	0.077623	-2.8702	-4.4644	-2.8097	2	0.68646	0.82678	-0.13517	0.26352	23.642	314.44	-11.214	-108.54	20.554	-82.396	-3.8156	-73.246	-8.8185	14.622	60.454	30.301	17.781	1.4587
-0.89077	32.836	8.5548	-7.878	1.7278	-0.1124	-2.5467	-4.578	-1.6515	1.8668	2.0324	0.76934	0.46751	-0.57913	11.357	16.995	-18.486	-5.2772	-99.706	-7.6008	12.94	-4.5433	46.33	-5.3281	53.838	-2.2974	24.107	-33.706
-0.79777	34.366	8.8361	-9.0907	0.65498	-1.0235	-2.1839	-3.9603	-1.5002	2.4516	2.2677	1.818	-0.18371	-0.95786	3.72	61.176	11.255	-48.511	-42.911	-36.445	14.511	24.71	6.0519	23.392	9.4117	41.948	-26.049	-15.149
-0.82971	36.36	8.1011	-9.1859	-1.6178	-0.70874	-2.4132	-2.2907	-0.68568	2.206	2.0488	2.3277	-1.1144	-0.81475	-1.2775	79.757	-29.401	-3.8086	-90.909	12.592	-9.1706	66.781	32.579	-9.8244	-8.7564	20.385	-37.226	5.7242
-0.89309	36.996	7.9844	-9.2374	-2.9669	-0.88954	-1.9307	-0.87717	-0.62873	2.4537	1.6101	2.2665	-1.0233	-1.487	-2.5352	25.432	-4.6667	-2.0571	-53.967	-7.232	19.297	56.543	2.2778	9.9092	-17.549	-2.4462	3.642	-26.889
-0.93804	37.98	7.328	-9.1129	-3.3241	-1.3156	-1.8542	0.25934	-0.92818	3.1022	1.0172	2.1167	-0.72561	-2.1448	-1.798	39.371	-26.259	4.9777	-14.286	-17.044	3.0591	45.46	-11.978	25.939	-23.715	-5.9934	11.908	-26.311
-0.86895	36.327	8.0153	-8.5645	-4.2128	-1.0539	-1.877	0.81469	-0.65397	2.9827	0.57382	2.4369	-1.0369	-1.6679	2.7635	-66.111	27.492	21.936	-35.548	10.472	-0.90961	22.214	10.968	-4.7802	-17.735	12.808	-12.451	19.074
-0.84011	35.997	8.8419	-9.2253	-3.6597	-1.2918	-2.5513	1.4654	-0.70773	2.5453	0.623	1.9462	0.16871	-2.4348	1.1535	-13.187	33.065	-26.432	22.121	-9.519	-26.971	26.027	-2.1502	-17.497	1.9671	-19.627	48.223	-30.676
-0.86809	38.878	6.0626	-6.2557	-5.8067	-0.194	-2.2017	-0.37884	1.3773	0.71022	1.5697	1.5897	-0.070482	-1.946	-1.119	115.22	-111.17	118.79	-85.877	43.913	13.983	-73.768	83.401	-73.402	37.867	-14.261	-9.5678	19.552
-1.0383	32.549	10.12	-7.4284	-5.4741	0.91031	-2.9751	0.1867	-0.010647	1.2469	1.3335	1.9286	0.32971	-3.3899	-6.8103	-253.15	162.28	-46.908	13.302	44.172	-30.937	22.621	-55.518	21.468	-9.4463	13.554	16.008	-57.755
-1.5034	29.869	10.076	-5.4672	-5.9452	3.1923	-5.0645	1.4074	-1.3477	0.29455	1.3469	2.1103	0.2295	-1.9477	-18.603	-107.21	-1.7422	78.449	-18.843	91.278	-83.576	48.828	-53.481	-38.095	0.53658	7.2692	-4.0083	57.686
-2.3082	14.715	11.284	-3.8204	-3.1644	4.9313	-5.3329	1.9379	-0.35017	-2.1735	-0.089403	1.941	-1.1558	-1.0848	-32.19	-606.17	48.316	65.87	111.23	69.563	-10.737	21.218	39.9	-98.723	-57.453	-6.7726	-55.411	34.517
-4.0636	-16.345	7.4193	-2.6007	1.0398	2.3966	-2.59	1.4862	-0.0079161	-2.3145	1.4357	-0.43837	-1.1418	0.041831	-70.218	-1242.4	-154.59	48.787	168.17	-101.39	109.72	-18.067	13.69	-5.6379	61.004	-95.174	0.55846	45.064
-4.8095	-6.539	1.8971	0.87473	6.0948	-0.13987	-3.4171	2.0727	-1.7925	-3.2424	1.9565	-1.0223	0.46403	0.89626	-29.836	392.23	-220.89	139.02	202.2	-101.46	-33.083	23.461	-71.384	-37.115	20.832	-23.358	64.234	34.177
-3.7685	8.5668	3.8483	-0.8238	3.2965	1.5745	-2.9785	0.26468	-2.1548	-2.5281	2.1115	0.077278	0.57427	-1.4555	41.641	604.23	78.045	-67.941	-111.93	68.574	17.546	-72.32	-14.491	28.57	6.202	43.984	4.4096	-94.07
-3.358	10.63	10.956	-4.8785	1.0621	0.1047	-1.4831	-1.3608	-2.2333	-0.58276	1.7876	1.6555	-1.1536	-0.7448	16.417	82.511	284.31	-162.19	-89.376	-58.791	59.813	-65.019	-3.1417	77.814	-12.957	63.127	-69.115	28.428
-3.3612	6.8469	11.874	-5.8153	1.2374	0.15904	-4.1783	0.29268	-1.6569	-0.2695	2.4646	0.3693	0.49624	-0.55631	-0.12545	-151.31	36.731	-37.472	7.0085	2.1736	-107.8	66.138	23.056	12.53	27.081	-51.446	65.994	7.5396
-3.6986	2.4502	9.2625	-2.0227	0.52172	1.2162	-3.5902	-0.58446	-1.4431	-0.16186	1.283	2.0715	0.37951	-1.1498	-13.498	-175.87	-104.48	151.7	-28.625	42.286	23.522	-35.086	8.5549	4.3056	-47.265	68.087	-4.6694	-23.739
-3.9525	2.6329	8.5461	-2.5593	0.078736	2.0105	-2.598	-1.2902	-1.2992	0.94557	-0.22208	0.59682	1.7418	0.3555	-10.155	7.3058	-28.656	-21.467	-17.719	31.774	39.69	-28.228	5.7553	44.297	-60.204	-58.986	54.492	60.211
-4.1833	1.3753	7.1803	-1.5831	-0.023486	1.8592	-3.101	-1.4044	0.12926	0.29269	0.20147	0.662	1.713	0.82952	-9.2334	-50.301	-54.634	39.051	-4.0889	-6.0533	-20.122	-4.5698	57.138	-26.115	16.942	2.6071	-1.1533	18.961
-4.5037	-4.1105	7.6519	0.33572	-1.4338	1.2584	-1.4801	-2.7617	0.72958	-0.4666	1.0655	1.9271	-1.0923	1.5149	-12.817	-219.43	18.864	76.752	-56.413	-24.034	64.837	-54.293	24.013	-30.372	34.56	50.602	-112.21	27.416
-4.546	-4.2006	7.7867	0.050758	-0.80382	0.37731	-0.98863	-1.9908	-1.0511	0.21383	0.82212	2.4279	-0.83	0.8821	-1.6886	-3.6056	5.3922	-11.399	25.2	-35.242	19.658	30.837	-71.226	27.217	-9.7345	20.033	10.49	-25.313
-4.5744	-3.7532	7.7204	-0.24225	0.47475	-0.65835	-1.1302	-1.8986	-0.61258	-0.49981	1.3614	1.6546	0.15379	0.52175	-1.1394	17.896	-2.6498	-11.72	51.143	-41.426	-5.662	3.6871	17.539	-28.546	21.57	-30.932	39.352	-14.414
-4.5527	-3.7669	7.2272	2.6324	-0.88642	-1.5764	-1.7844	-0.86074	1.552	-1.2044	1.0438	1.4783	-0.28196	0.80453	0.87185	-0.54544	-19.727	114.99	-54.447	-36.723	-26.17	41.515	86.584	-28.184	-12.703	-7.0528	-17.43	11.311
-4.6376	-1.8841	6.1724	1.2853	0.48158	-2.4929	0.8083	-1.0754	-0.40613	-0.97754	1.1776	1.8892	-0.059605	0.91675	-3.398	75.313	-42.193	-53.885	54.72	-36.658	103.71	-8.5871	-78.326	9.075	5.3523	16.438	8.8942	4.4888
-4.9875	-9.5709	6.826	2.4457	-0.083192	-1.3568	2.01	-0.97629	-0.6155	-0.97315	2.0067	0.97492	0.9135	0.10897	-13.996	-307.47	26.143	46.418	-22.591	45.445	48.066	3.9654	-8.3746	0.17578	33.165	-36.572	38.924	-32.311
-5.5104	-14.91	7.2632	2.2998	0.33145	2.0747	0.3634	0.020558	0.67488	-2.9223	0.44796	2.7981	0.61988	-0.48963	-20.917	-213.56	17.487	-5.8367	16.586	137.26	-65.862	39.874	51.615	-77.965	-62.351	72.928	-11.745	-23.944
-5.9238	-20.126	7.7316	2.8765	0.6299	2.7224	1.3725	-0.013072	0.40991	-2.9243	-0.12548	0.68714	2.5614	0.37243	-16.534	-208.66	18.738	23.07	11.938	25.907	40.366	-1.3452	-10.598	-0.080936	-22.938	-84.439	77.66	34.483
-6.2152	-22.924	7.3991	2.5944	0.10532	1.7601	0.81764	1.8203	1.7865	-3.078	-0.92444	0.087157	2.49	0.76707	-11.659	-111.9	-13.302	-11.284	-20.983	-38.491	-22.196	73.336	55.063	-6.1483	-31.958	-23.999	-2.8541	15.786
-6.4393	-27.026	7.6524	3.1833	0.10679	0.81369	1.0397	2.15	1.3965	-1.8237	-1.8992	-0.53751	2.2017	0.83188	-8.964	-164.1	10.132	23.555	0.058563	-37.857	8.8845	13.186	-15.599	50.172	-38.989	-24.987	-11.532	2.5924
-7.0523	-35.403	8.456	5.6032	0.072314	0.94207	-0.69806	2.5785	2.1192	-2.9103	-3.4904	-1.7833	2.5529	0.63497	-24.519	-335.06	32.146	96.797	-1.3789	5.1352	-69.512	17.141	28.907	-43.463	-63.65	-49.832	14.047	-7.8764
-9.0019	-58.493	1.5536	8.9799	-0.52008	1.5301	0.06746	2.5962	4.6605	-2.6944	-1.9368	-2.5447	0.9796	1.4172	-77.984	-923.6	-276.1	135.07	-23.696	23.52	30.621	0.70677	101.65	8.6347	62.146	-30.456	-62.933	31.288
-10.843	-79.047	-10.127	9.6704	4.709	4.6439	-0.70311	3.9293	5.1709	0.09285	-0.61921	-2.0126	-0.41676	0.51716	-73.656	-822.15	-467.23	27.618	209.16	124.55	-30.823	53.325	20.416	111.49	52.702	21.284	-55.854	-36.001
-11.107	-79.769	-9.3141	9.5439	2.8111	6.2444	1.1572	2.3127	3.6018	1.7935	0.29387	-1.0182	-0.31166	0.37602	-10.551	-28.886	32.527	-5.0598	-75.917	64.019	74.413	-64.666	-62.765	68.024	36.523	39.778	4.204	-5.6456
-11.196	-79.507	-10.124	6.7691	2.5724	7.6203	3.4779	3.8025	2.7144	0.18999	0.89123	-1.5053	0.088977	-0.03927	-3.5676	10.483	-32.402	-110.99	-9.5468	55.038	92.829	59.593	-35.494	-64.139	23.895	-19.485	16.025	-16.612
-11.483	-80.043	-10.693	8.4731	3.5712	4.937	0.77976	2.9478	2.9125	-0.60983	2.0827	-1.007	0.64548	-0.42593	-11.468	-21.439	-22.769	68.162	39.95	-107.33	-107.93	-34.187	7.9216	-31.993	47.658	19.93	22.26	-15.466
-9.7032	-54.517	-10.617	1.7983	0.34676	-0.035262	-0.94541	1.7797	0.41403	-0.57123	2.5151	-0.22214	3.1313	0.34449	71.192	1021	3.0338	-266.99	-128.98	-198.89	-69.007	-46.724	-99.937	1.5439	17.298	31.395	99.433	30.817
-8.1879	-19.847	-9.5142	2.8036	-0.69922	1.7061	0.1071	-1.0568	-0.59133	-2.1849	3.7178	0.76631	0.99326	-0.0586	60.609	1386.8	44.131	40.214	-41.839	69.655	42.1	-113.46	-40.215	-64.548	48.108	39.538	-85.522	-16.123
-6.2764	-18.32	-2.9336	3.4339	0.11172	3.0379	0.5685	-1.6782	-0.99718	-3.1398	3.1505	0.8886	-0.58314	0.79869	76.464	61.069	263.23	25.21	32.438	53.273	18.456	-24.856	-16.234	-38.193	-22.695	4.8915	-63.056	34.292
-3.9798	5.4929	8.0678	-0.057199	0.53055	2.919	1.7638	-3.8255	-0.13281	-1.3506	0.74083	1.8186	-3.1952	0.75275	91.863	952.51	440.05	-139.64	16.753	-4.7572	47.813	-85.894	34.575	71.567	-96.385	37.201	-104.48	-1.8378
-3.4003	11.266	6.4695	-0.70687	2.0771	1.6142	1.5685	-4.373	-0.72805	-1.7667	0.88451	0.95251	-2.415	0.6075	23.18	230.92	-63.933	-25.987	61.864	-52.191	-7.8122	-21.897	-23.81	-16.645	5.7473	-34.644	31.21	-5.8101
-3.5793	9.9706	5.7363	-0.83555	3.5382	2.3686	0.9853	-3.9726	-0.77909	-2.4067	0.32191	1.1102	-2.654	0.14417	-7.1601	-51.814	-29.326	-5.1472	58.441	30.175	-23.329	16.016	-2.0417	-25.599	-22.504	6.3078	-9.5616	-18.533
-4.3974	-0.16491	5.8116	-0.46739	3.2308	3.0073	0.40361	-3.8612	0.0011742	-3.971	0.65702	1.094	-3.8398	-0.84676	-32.725	-405.42	3.0104	14.726	-12.296	25.547	-23.267	4.4556	31.211	-62.572	13.405	-0.65025	-47.433	-39.638
-6.6062	-45.8	-0.6366	5.4127	3.3006	3.5627	1.9203	-0.56653	0.9641	-1.9951	2.0561	0.6573	-2.7529	-1.0181	-88.352	-1825.4	-257.93	235.2	2.793	22.215	60.666	131.79	38.517	79.035	55.964	-17.466	43.476	-6.8546
-9.9022	-64.336	-18.795	5.1465	1.6506	1.136	3.9507	-1.4874	2.1019	0.23251	1.9854	0.32469	-0.26393	1.1428	-131.84	-741.41	-726.33	-10.648	-65.998	-97.066	81.219	-36.833	45.512	89.105	-2.8269	-13.305	99.559	86.439
-7.1138	-35.26	-25.521	5.7437	2.0525	0.65432	3.2167	-0.71934	2.7735	0.34847	1.033	-0.5552	-0.6298	2.1612	111.53	1163	-269.05	23.889	16.074	-19.267	-29.361	30.721	26.864	4.6386	-38.096	-35.196	-14.635	40.736
-5.0652	-3.5007	-22.808	5.3079	0.079136	-3.3594	1.8039	-3.755	-0.32425	-0.7294	1.4713	-1.9002	-1.5261	1.7756	81.942	1270.4	108.53	-17.432	-78.934	-160.55	-56.514	-121.43	-123.91	-43.115	17.53	-53.801	-35.85	-15.426
-4.5656	15.762	-18.728	5.9155	-2.2398	-1.7233	1.0336	-5.2531	-0.70411	-0.69179	2.219	-1.9029	-2.0956	2.2749	19.984	770.51	163.2	24.305	-92.757	65.443	-30.81	-59.922	-15.194	1.5046	29.911	-0.10546	-22.78	19.972
-4.4391	4.5319	-24.894	7.4911	-2.1398	-1.0848	2.4544	-1.7098	0.54795	-0.91555	1.4944	-0.89935	-1.3552	1.9123	5.0606	-449.2	-246.66	63.026	4.0006	25.538	56.832	141.73	50.083	-8.9503	-28.986	40.141	29.612	-14.503
-4.3655	6.0073	-25.297	6.1028	-0.69755	-0.89526	2.6466	-1.0547	1.0272	-1.9957	0.56339	-1.1375	-0.82251	1.626	2.9441	59.017	-16.104	-55.535	57.689	7.5832	7.6875	26.206	19.171	-43.208	-37.24	-9.5252	21.31	-11.451
-4.0583	11.763	-26.039	4.4283	0.55442	-0.79633	1.8528	-1.3291	2.0516	-0.69984	1.9434	-0.76958	-2.3321	0.24985	12.288	230.25	-29.676	-66.979	50.079	3.9568	-31.75	-10.979	40.976	51.836	55.201	14.716	-60.385	-55.048
-3.8448	15.052	-25.748	5.5204	1.3918	-2.8457	0.16331	-1.4131	1.7027	-0.21782	2.2014	-0.09602	-1.6228	0.6672	8.5413	131.53	11.619	43.684	33.493	-81.974	-67.581	-3.3589	-13.958	19.281	10.321	26.942	28.371	16.694
-3.4546	16.827	-25.146	6.105	1.7514	-0.58733	2.2479	-0.71223	3.2805	0.018065	1.2523	-0.30813	-1.2718	-0.30683	15.608	71.021	24.11	23.386	14.384	90.335	83.384	28.036	63.111	9.4352	-37.964	-8.4843	14.042	-38.961
-3.2483	15.721	-26.197	4.6757	-0.68982	-2.0258	3.3718	-2.088	2.2677	-0.50826	1.2622	-0.54427	-1.6465	-0.041164	8.2525	-44.243	-42.04	-57.172	-97.647	-57.539	44.957	-55.03	-40.51	-21.053	0.39554	-9.4456	-14.99	10.627
-3.1896	15.299	-27.371	5.3467	-1.9574	-3.5718	2.605	-2.1809	2.4085	-1.3265	0.97864	-0.32736	-0.83774	1.5005	2.3475	-16.906	-46.968	26.84	-50.701	-61.84	-30.673	-3.717	5.6339	-32.73	-11.343	8.6763	32.352	61.665
-3.3598	8.979	-28.344	6.5363	1.5802	-0.29704	2.474	-2.9234	2.6383	-1.1278	1.3138	-0.1287	-0.1203	0.72256	-6.8091	-252.78	-38.926	47.581	141.5	130.99	-5.2422	-29.7	9.1888	7.95	13.408	7.9465	28.697	-31.116
-4.5831	-4.1863	-28.327	6.4044	0.60029	-2.3865	2.4714	-1.3416	2.9732	-1.1147	-0.076434	-1.3949	-1.2071	0.73069	-48.931	-526.61	0.66493	-5.2732	-39.198	-83.578	-0.10178	63.274	13.397	0.52366	-55.611	-50.65	-43.472	0.32533
-6.0976	-33.55	-25.442	7.5152	3.3376	-0.97989	3.5905	1.5341	2.0529	-0.5574	0.1744	1.0676	0.33134	-0.018225	-60.578	-1174.6	115.41	44.43	109.49	56.264	44.766	115.03	-36.813	22.291	10.033	98.502	61.538	-29.957
-11.595	-79.2	-22.44	4.9299	-2.1507	0.77774	2.8725	-0.62579	2.9949	1.2785	1.7886	-0.95495	0.14096	1.9177	-219.91	-1826	120.1	-103.41	-219.53	70.306	-28.72	-86.395	37.682	73.434	64.568	-80.903	-7.6154	77.436
-12.707	-89.557	-18.036	3.9773	0.028384	2.4158	1.3062	2.4916	2.386	0.32433	1.0933	-2.087	0.09049	0.26226	-44.478	-414.28	176.14	-38.104	87.165	65.521	-62.655	124.7	-24.357	-38.165	-27.813	-45.281	-2.0188	-66.216
-11.453	-84.376	-14.986	4.9497	0.67449	2.8594	1.3289	3.6787	1.9595	-0.86939	1.3452	-1.1651	0.38266	0.58706	50.158	207.26	122.01	38.894	25.844	17.747	0.908	47.484	-17.058	-47.749	10.077	36.874	11.687	12.992
-4.6244	-2.5801	-15.829	-3.8563	5.4256	-5.8317	1.6523	-0.82131	-0.24057	2.5188	0.40297	-0.67085	0.7022	1.0304	273.16	3271.8	-33.73	-352.24	190.04	-347.64	12.938	-180	-88.005	135.53	-37.689	19.771	12.781	17.733
-3.9003	21.594	-13.726	-1.1895	4.7082	-4.671	1.8071	-0.26056	0.71697	3.2069	-0.50841	-0.99648	-0.0040481	-0.031956	28.964	966.97	84.146	106.67	-28.695	46.427	6.1934	22.43	38.302	27.524	-36.455	-13.025	-28.25	-42.494
-2.3881	19.04	0.80515	1.4027	5.096	1.3945	-0.28883	-2.8567	-2.3494	0.15612	-0.20593	-0.22518	-0.37466	-0.47769	60.488	-102.16	581.23	103.69	15.511	242.62	-83.839	-103.85	-122.65	-122.03	12.099	30.852	-14.824	-17.829
-1.6077	29.263	6.763	-5.64	6.1294	1.3767	-3.1756	-2.6801	-5.4908	2.1937	-1.3066	1.062	-0.43218	-0.73866	31.217	408.92	238.32	-281.71	41.335	-0.71382	-115.47	7.0633	-125.66	81.501	-44.028	51.488	-2.3009	-10.439
-1.2801	30.798	6.6505	-5.9334	4.7546	2.3175	-4.2332	-3.7058	-4.5415	2.579	-0.97145	1.1453	-0.40157	0.098404	13.105	61.415	-4.4994	-11.738	-54.99	37.635	-42.308	-41.027	37.972	15.412	13.407	3.3329	1.2244	33.483
-1.4377	32.045	5.3439	-5.8213	4.8893	2.8278	-5.6325	-2.6272	-4.3073	3.0043	-0.66485	0.45022	-0.017187	0.21558	-6.304	49.88	-52.266	4.4855	5.3897	20.41	-55.97	43.144	9.3687	17.012	12.264	-27.804	15.375	4.6871
-1.6397	32.387	5.1497	-6.4558	5.3353	2.8991	-5.279	-2.7332	-3.5807	2.5724	-0.57455	0.14689	0.16405	0.60265	-8.0786	13.664	-7.7662	-25.379	17.838	2.8542	14.14	-4.2399	29.063	-17.277	3.612	-12.133	7.2495	15.483
-1.6748	31.911	5.155	-7.2674	6.7937	2.0866	-4.5807	-2.735	-3.4719	2.9306	-1.0233	0.16832	0.56016	0.23197	-1.4063	-19.022	0.20976	-32.463	58.338	-32.501	27.93	-0.072427	4.3506	14.328	-17.951	0.85703	15.844	-14.827
-1.7854	32.584	3.8074	-5.6894	5.8408	2.5093	-4.8581	-2.3352	-3.1206	3.0994	-1.443	-0.69761	1.4867	-0.44022	-4.4217	26.92	-53.903	63.117	-38.119	16.907	-11.094	15.992	14.053	6.7543	-16.788	-34.637	37.06	-26.888
-1.8553	31.67	3.4293	-4.5966	4.9827	3.2701	-4.8069	-2.6891	-2.2897	2.3685	-0.68925	-1.567	1.394	-0.30876	-2.7987	-36.559	-15.123	43.713	-34.322	30.434	2.0457	-14.154	33.235	-29.235	30.151	-34.777	-3.708	5.2586
-1.8804	27.883	5.0917	-4.3461	5.8521	2.804	-4.5768	-3.8464	-0.70083	1.0855	-0.2564	-2.0237	1.2639	0.19741	-1.003	-151.5	66.496	10.019	34.776	-18.647	9.2057	-46.291	63.556	-51.321	17.314	-18.268	-5.2022	20.247
-1.8792	29.495	4.0871	-4.9608	7.2738	2.6721	-4.3813	-3.6472	-2.0993	1.2703	-0.42452	-2.091	1.5934	-0.50777	0.047869	64.496	-40.185	-24.587	56.87	-5.2755	7.8198	7.9663	-55.94	7.3922	-6.7244	-2.6905	13.181	-28.207
-2.0927	22.031	8.0824	-7.2351	9.6957	1.7377	-4.5491	-2.6885	-2.4106	1.0315	-0.96482	-1.8568	0.56546	-0.96737	-8.5396	-298.56	159.81	-90.974	96.876	-37.375	-6.7127	38.347	-12.45	-9.5534	-21.612	9.3686	-41.119	-18.384
-2.7367	10.476	10.404	-7.6486	9.2146	4.1855	-3.3096	-1.5998	-2.2472	0.042008	-0.4204	-2.5747	-0.6995	-1.4204	-25.761	-462.22	92.868	-16.538	-19.244	97.911	49.58	43.55	6.536	-39.579	21.777	-28.716	-50.598	-18.123
-4.671	-22.955	5.8493	-3.1845	3.9953	4.4393	0.2357	1.4575	-0.036608	-0.73253	1.1718	-1.6323	-0.078954	-0.48024	-77.373	-1337.2	-182.19	178.56	-208.77	10.154	141.81	122.29	88.423	-30.981	63.689	37.695	24.822	37.608
-6.2791	-20.592	1.7673	0.079911	4.1495	1.0933	0.086027	2.5529	-0.61052	0.067149	1.1176	-1.7269	-0.53882	-0.15313	-64.321	94.517	-163.28	130.58	6.1691	-133.84	-5.9871	43.818	-22.957	31.987	-2.1692	-3.7834	-18.395	13.084
-3.0592	15.309	3.183	-3.8626	6.0794	2.7963	-2.0474	-1.6506	-2.2607	0.058889	-0.023415	-0.72721	-0.60711	-0.25036	128.79	1436	56.629	-157.7	77.194	68.12	-85.338	-168.14	-66.006	-0.33042	-45.641	39.987	-2.7315	-3.8895
-2.1246	25.903	8.09	-7.4955	6.3834	1.3531	-3.2137	-2.9029	-3.3019	1.5149	0.13232	0.13916	-0.28325	-1.4211	37.383	423.76	196.28	-145.32	12.16	-57.73	-46.652	-50.093	-41.651	58.242	6.2293	34.655	12.954	-46.828
-1.6512	29.644	8.8241	-8.8052	4.1082	0.4036	-3.3015	-3.0178	-2.5476	2.5154	0.4255	1.0099	-0.17468	-1.0688	18.938	149.64	29.365	-52.386	-91.005	-37.979	-3.5109	-4.5938	30.172	40.017	11.727	34.83	4.3426	14.089
-1.5822	32.219	7.6268	-7.4875	0.49446	0.76504	-3.4372	-2.2199	-1.6935	2.4312	1.2939	1.4757	-0.42322	-1.235	2.7604	103	-47.895	52.709	-144.55	14.458	-5.4294	31.915	34.167	-3.3667	34.735	18.63	-9.9414	-6.6484
-1.6184	32.629	7.3323	-6.7065	-2.6823	1.3515	-2.9628	-1.5227	-0.028948	1.9009	1.6759	1.7505	-1.3963	-1.4073	-1.4468	16.385	-11.777	31.24	-127.07	23.459	18.978	27.889	66.58	-21.21	15.282	10.994	-38.922	-6.89
-1.4228	33.923	7.2711	-7.0671	-3.9396	1.1708	-2.5755	-1.6521	0.99895	1.7014	1.444	2.3154	-1.8744	-1.1278	7.8231	51.754	-2.4496	-14.428	-50.292	-7.2288	15.492	-5.1773	41.116	-7.982	-9.2767	22.594	-19.126	11.181
-1.1805	31.306	8.9294	-7.1031	-4.9485	0.63836	-2.3276	-0.94998	1.3352	1.0328	1.7729	3.0903	-2.0788	-1.3922	9.6913	-104.68	66.332	-1.4397	-40.357	-21.298	9.9135	28.084	13.449	-26.743	13.154	30.996	-8.1768	-10.577
-1.1762	32.081	7.8712	-6.4298	-5.5565	-0.13371	-1.7967	-0.53146	1.0582	1.3918	1.2647	2.6498	-1.0687	-1.5294	0.17193	31.007	-42.329	26.935	-24.32	-30.882	21.24	16.741	-11.078	14.36	-20.328	-17.619	40.404	-5.4885
-1.2098	31.8	8.3042	-6.674	-5.2581	-1.449	-1.2676	0.23163	0.95331	1.5097	0.39024	2.6615	-0.58372	-1.4034	-1.3434	-11.239	17.32	-9.768	11.938	-52.613	21.16	30.524	-4.1972	4.7134	-34.977	0.4654	19.4	5.041
-1.3133	28.602	9.2372	-5.1449	-6.9575	-1.4117	-0.68866	0.072231	0.7886	1.9213	-0.69592	3.8164	-1.3984	-1.0237	-4.1388	-127.93	37.321	61.164	-67.977	1.4918	23.159	-6.3758	-6.5883	16.465	-43.446	46.197	-32.587	15.186
-1.4903	26.266	9.0759	-3.8743	-7.8019	-1.7184	-0.6476	0.23591	1.2143	1.6529	-1.1322	3.4337	-0.23907	-1.1418	-7.0836	-93.416	-6.4509	50.821	-33.776	-12.265	1.6424	6.5471	17.027	-10.735	-17.451	-15.308	46.373	-4.723
-1.6671	22.802	9.0499	-2.6192	-6.9731	-3.9008	1.1462	0.00073359	0.60134	1.9604	-0.87234	2.7953	0.56926	-1.1336	-7.0694	-138.55	-1.0424	50.207	33.15	-87.299	71.754	-9.407	-24.518	12.301	10.394	-25.534	32.333	0.32911
-1.8292	22.415	9.8871	-3.1218	-7.629	-0.72919	-0.91842	0.059956	0.60091	0.81896	-0.62572	3.8095	0.18315	-1.1535	-6.4844	-15.484	33.49	-20.106	-26.235	126.87	-82.587	2.3689	-0.017064	-45.659	9.865	40.567	-15.444	-0.79509
-2.0948	23.663	7.4487	-1.0953	-6.6444	-0.90812	-0.59931	-0.78772	0.77933	-0.54171	-0.13888	2.6625	1.5671	-1.2	-10.626	49.908	-97.534	81.061	39.382	-7.1571	12.765	-33.907	7.1368	-54.427	19.474	-45.881	55.359	-1.8598
-2.697	13.042	11.127	-1.8499	-3.4758	0.43308	-2.322	1.4068	-1.5399	-0.24912	-0.71747	3.7535	-0.14404	-1.3768	-24.088	-424.85	147.14	-30.182	126.75	53.648	-68.908	87.779	-92.767	11.704	-23.144	43.64	-68.446	-7.0756
-4.0443	-9.85	11.799	-1.0634	-4.7402	2.0246	-3.067	0.80517	-1.6649	-1.7273	-0.80667	3.9716	-0.18707	-1.9669	-53.892	-915.67	26.869	31.458	-50.575	63.662	-29.801	-24.063	-5.0028	-59.128	-3.568	8.7248	-1.7213	-23.602
-6.2206	-15.881	4.4467	2.2555	2.6336	1.1438	-0.12554	0.084673	-0.99159	-0.57526	-1.2549	0.89439	-0.55828	0.27132	-87.051	-241.22	-294.09	132.76	294.95	-35.235	117.66	-28.82	26.933	46.083	-17.93	-123.09	-14.848	89.528
-4.9597	-2.6051	6.8581	-1.5021	-0.31369	3.7228	-0.18167	-2.8326	-0.023556	-0.65419	0.60702	-0.72502	-0.33971	-0.79437	50.434	531.02	96.457	-150.3	-117.89	103.16	-2.2452	-116.69	38.721	-3.1571	74.478	-64.777	8.7429	-42.627
-3.7439	3.8236	12.828	-3.1346	0.024106	0.50373	-0.93579	-0.7635	0.33097	-0.58325	-0.93686	0.64056	0.53022	-0.44664	48.633	257.15	238.79	-65.298	13.512	-128.76	-30.165	82.762	14.181	2.8374	-61.755	54.623	34.797	13.909
-3.2041	6.477	14.293	-3.3443	-2.2383	0.48088	-0.29609	-0.32532	-0.41281	-0.22869	-1.9397	1.9665	0.74361	-0.20016	21.59	106.13	58.615	-8.3868	-90.497	-0.91378	25.588	17.528	-29.752	14.183	-40.114	53.039	8.5353	9.8593
-3.1506	7.6267	13.995	-2.6863	-2.6559	-0.93613	-0.34918	-0.46961	2.1673	-1.9611	-1.8088	2.3809	0.11169	0.8476	2.1397	45.988	-11.934	26.318	-16.702	-56.681	-2.1236	-5.7718	103.21	-69.298	5.2374	16.575	-25.277	41.911
-3.2093	7.1836	11.997	0.70538	-3.2713	-1.716	-1.541	0.90966	2.7439	-1.4485	-3.0764	2.5091	-0.47085	1.6897	-2.3455	-17.724	-79.939	135.67	-24.618	-31.195	-47.673	55.171	23.064	20.505	-50.705	5.1275	-23.302	33.682
-3.2774	6.6432	11.006	2.7107	-3.9256	-3.7076	-0.08692	0.95853	2.9021	0.16226	-4.8566	2.4546	-0.68703	1.1635	-2.7262	-21.613	-39.617	80.214	-26.172	-79.664	58.163	1.955	6.3253	64.431	-71.21	-2.1818	-8.6471	-21.045
-3.3695	2.8797	10.931	4.3013	-3.5489	-5.3172	0.80586	0.17659	2.5439	2.1028	-4.6528	1.23	-1.0042	0.75724	-3.6835	-150.54	-3.0027	63.622	15.067	-64.382	35.711	-31.278	-14.327	77.62	8.1558	-48.982	-12.688	-16.252
-3.3271	-0.86186	11.107	6.131	-2.7833	-6.8147	0.047173	0.66252	3.325	1.9911	-3.8369	0.18556	-1.5401	0.22465	1.6962	-149.66	7.0496	73.188	30.626	-59.901	-30.347	19.437	31.245	-4.4657	32.636	-41.778	-21.434	-21.303
-3.3416	-3.8038	10.435	7.9888	-2.2503	-7.2645	-0.49698	-0.18031	4.3208	2.1168	-3.6379	0.48482	-2.5703	1.0006	-0.57868	-117.68	-26.908	74.314	21.32	-17.993	-21.766	-33.713	39.832	5.0273	7.9575	11.97	-41.208	31.04
-3.4778	-3.7898	9.5146	8.2752	-0.26579	-8.4472	-0.84916	0.18117	2.9119	2.3244	-2.1392	0.20806	-3.4269	1.2032	-5.4477	0.55732	-36.8	11.457	79.38	-47.308	-14.087	14.459	-56.357	8.3057	59.95	-11.07	-34.264	8.1033
-3.6117	-7.4107	10.33	9.5189	-1.8986	-7.4666	-0.7834	-0.16994	2.7579	0.88534	-0.27576	0.099887	-2.5017	-0.28161	-5.3566	-144.83	32.632	49.745	-65.314	39.222	2.6304	-14.045	-6.1596	-57.564	74.536	-4.3268	37.008	-59.393
-3.8804	-9.8139	10.329	8.9619	0.81008	-7.0977	-2.4244	1.1639	0.91268	0.44638	0.27867	-0.044741	-1.4476	-0.57811	-10.75	-96.127	-0.047752	-22.277	108.35	14.759	-65.638	53.352	-73.809	-17.559	22.177	-5.7851	42.162	-11.86
-4.2997	-10.58	8.0304	8.2232	2.2728	-4.7947	-1.9414	1.0078	-0.20534	-0.11876	1.4196	-0.57447	-2.2516	0.55757	-16.769	-30.649	-91.951	-29.551	58.51	92.118	19.316	-6.241	-44.72	-22.606	45.636	-21.189	-32.161	45.427
-4.9361	-14.345	5.0115	8.1323	3.8593	-4.7576	0.062904	2.0503	0.57444	-2.1704	0.38772	0.24991	-2.114	0.76121	-25.458	-150.6	-120.75	-3.6362	63.458	1.485	80.174	41.697	31.191	-82.065	-41.274	32.975	5.5061	8.1454
-5.6338	-18.135	3.0881	7.367	4.2812	-2.8417	-0.80586	2.8899	1.9846	-2.5676	-0.30713	-0.36483	-1.9	1.0999	-27.908	-151.61	-76.936	-30.61	16.877	76.637	-34.751	33.585	56.406	-15.89	-27.794	-24.59	8.5602	13.547
-6.1204	-20.103	2.1317	5.3737	4.8346	-2.3831	0.501	4.9602	0.85248	-2.5095	-0.082688	-0.84496	-2.1005	0.74798	-19.464	-78.691	-38.259	-79.731	22.136	18.343	52.275	82.813	-45.284	2.3267	8.9778	-19.205	-8.0196	-14.076
-6.3347	-17.548	2.0266	3.1664	4.3103	-2.2546	0.61977	3.8953	2.4947	-2.123	0.051456	-1.6989	-1.8882	0.73321	-8.571	102.18	-4.2038	-88.293	-20.973	5.1388	4.7508	-42.597	65.688	15.46	5.3657	-34.159	8.4895	-0.59096
-5.1117	2.4278	1.6291	1.7141	2.9971	-3.5651	1.9756	2.5984	1.4784	-2.22	-0.59056	-1.8491	-0.0041616	0.95766	48.919	799.04	-15.899	-58.092	-52.529	-52.418	54.234	-51.873	-40.652	-3.881	-25.68	-6.0056	75.362	8.9782
-4.4674	0.34211	7.3024	1.8078	1.1787	-3.167	2.9972	2.3604	-0.25398	-2.5809	-2.1687	-0.01468	1.5972	-0.68713	25.775	-83.429	226.93	3.7469	-72.736	15.925	40.864	-9.5208	-69.294	-14.435	-63.126	73.376	64.053	-65.792
-4.3472	3.9173	5.1925	1.1144	2.2771	-1.7365	4.5928	-0.083585	-1.7627	-1.9537	-0.80684	0.22481	1.2031	-1.3823	4.8045	143.01	-84.397	-27.736	43.938	57.219	63.825	-97.761	-60.349	25.086	54.475	9.5797	-15.764	-27.807
-4.3762	5.3621	4.1907	-1.3735	5.8207	0.036702	1.3031	0.11083	-3.2184	0.31126	1.0007	-1.2769	-0.26494	-1.3237	-1.1597	57.794	-40.074	-99.513	141.74	70.928	-131.59	7.7767	-58.228	90.6	72.304	-60.067	-58.721	2.3434
-4.3551	6.7942	3.4671	-3.8472	9.1968	1.0405	-1.5488	0.40317	-2.5798	1.7299	0.51125	-2.797	-0.48343	-0.37756	0.84515	57.284	-28.941	-98.95	135.04	40.151	-114.07	11.693	25.545	56.744	-19.58	-60.807	-8.7393	37.846
-4.3116	7.6216	2.6292	-3.7772	9.9501	1.8658	-3.4125	-0.12166	-1.948	2.6718	0.040681	-3.0538	-0.23398	-0.075573	1.7413	33.095	-33.517	2.7987	30.133	33.014	-74.549	-20.993	25.271	37.679	-18.823	-10.271	9.978	12.08
-4.2349	9.2023	1.6929	-4.4679	10.733	2.2903	-3.9932	-0.58553	-1.2671	3.3277	-1.1526	-3.3583	0.86613	-0.1653	3.0654	63.23	-37.453	-27.625	31.327	16.979	-23.229	-18.555	27.236	26.234	-47.733	-12.18	44.004	-3.5892
-4.1889	9.2413	1.1213	-4.7951	10.946	2.6437	-3.7271	-1.5245	-1.2529	4.0489	-1.0524	-3.2636	0.50255	0.03198	1.8419	1.5594	-22.864	-13.091	8.515	14.135	10.645	-37.56	0.56847	28.849	4.0092	3.7887	-14.543	7.8913
-4.174	10.339	-0.014775	-4.1175	11.224	2.58	-3.8395	-1.503	-1.7237	3.9852	-0.57575	-3.1078	0.21051	-0.24838	0.59666	43.921	-45.442	27.104	11.101	-2.546	-4.4964	0.86056	-18.833	-2.5461	19.066	6.2309	-11.682	-11.215
-4.2131	10.882	0.32115	-3.8685	9.5997	3.4552	-3.6746	-0.91376	-2.4508	3.7501	-1.0076	-1.7476	0.21276	-0.56229	-1.564	21.72	13.437	9.9608	-64.96	35.006	6.5969	23.57	-29.082	-9.405	-17.275	54.41	0.090105	-12.556
-4.1929	10.574	1.5206	-4.4314	8.594	3.6158	-3.1035	-1.366	-2.4195	3.3325	-0.27235	-0.83904	-0.44736	-0.16122	0.80773	-12.342	47.979	-22.517	-40.228	6.427	22.841	-18.09	1.2523	-16.706	29.411	36.341	-26.405	16.042
-4.1474	12.545	1.4224	-3.8893	6.6668	3.7178	-1.6592	-1.9303	-2.5482	2.2011	0.98713	-0.34038	-1.2682	0.59068	1.8172	78.86	-3.927	21.684	-77.087	4.0805	57.772	-22.57	-5.1508	-45.254	50.379	19.946	-32.835	30.076
-4.1391	12.025	2.4552	-2.9884	4.5559	3.6486	-1.8056	-1.0903	-2.4415	1.2923	1.3024	0.41069	-1.1764	-0.13329	0.33365	-20.798	41.309	36.036	-84.435	-2.7686	-5.8524	33.598	4.2694	-36.354	12.612	30.043	3.6746	-28.959
-4.223	8.1561	4.4574	-1.9681	1.8878	3.7035	-0.77877	-0.12544	-2.749	0.095473	1.095	1.6426	-0.40414	-0.82804	-3.3559	-154.77	80.091	40.815	-106.72	2.1952	41.071	38.595	-12.301	-47.871	-8.2993	49.276	30.889	-27.79
-4.5838	1.7331	6.1783	0.40248	-0.031492	1.4352	1.4009	0.52421	-1.4608	0.043616	-0.94988	1.7777	0.27745	-0.45176	-14.432	-256.92	68.836	94.822	-76.773	-90.731	87.186	25.986	51.528	-2.0743	-81.793	5.4054	27.264	15.051
-5.3607	-13.04	6.4524	2.4113	0.27627	-0.89183	2.363	-0.47503	0.5532	0.061108	-3.4064	1.0847	1.8394	-0.59046	-31.074	-590.93	10.961	80.352	12.31	-93.083	38.483	-39.97	80.562	0.69969	-98.262	-27.719	62.477	-5.5481
-6.5572	-22.688	1.1326	3.1785	5.4049	-0.050739	1.1528	2.1742	4.3544	0.44629	-3.6149	0.44486	0.56315	-1.8681	-47.863	-385.92	-212.79	30.689	205.15	33.644	-48.406	105.97	152.05	15.407	-8.3399	-25.596	-51.049	-51.106
-6.6913	-22.735	-1.1084	2.732	7.3065	1.2601	2.776	2.9575	3.6491	-0.9592	-4.8854	0.36162	0.20913	-1.4363	-5.3622	-1.8818	-89.639	-17.86	76.064	52.433	64.929	31.331	-28.213	-56.22	-50.819	-3.3294	-14.161	17.273
-6.6342	-19.855	-1.2056	1.4963	8.3403	-0.73494	2.9936	3.8855	3.3435	-0.73115	-4.8659	0.19689	-0.27522	-0.73532	2.2853	115.2	-3.8889	-49.428	41.352	-79.801	8.702	37.12	-12.226	9.1222	0.77987	-6.5891	-19.374	28.039
-6.5628	-17.253	-1.659	1.4489	7.8793	-1.2698	3.0162	4.0249	3.1973	-1.1008	-3.4827	0.18038	-0.79269	-1.5625	2.855	104.1	-18.134	-1.8959	-18.44	-21.395	0.90298	5.5771	-5.8472	-14.786	55.327	-0.66041	-20.699	-33.089
-6.1468	-17.104	-1.0292	1.4563	7.5477	-0.87635	2.0473	4.2986	2.9814	-0.93143	-3.1037	-0.040868	-1.0929	-1.4083	16.637	5.9486	25.189	0.29727	-13.266	15.739	-38.756	10.948	-8.6343	6.7747	15.16	-8.8501	-12.01	6.1716
-4.6542	-1.7906	7.4712	3.4741	3.0812	-6.7315	0.29298	0.8663	3.1976	1.0114	-2.4261	-1.3842	-1.2288	0.39879	59.704	612.53	340.02	80.709	-178.66	-234.2	-70.171	-137.29	8.6471	77.715	27.104	-53.734	-5.4361	72.282
-4.0362	2.3712	7.6022	3.3709	-0.58307	-6.3036	1.7297	1.7963	1.9966	0.88949	-2.6961	-1.6127	0.6011	1.3208	24.721	166.47	5.2414	-4.1274	-146.57	17.117	57.47	37.2	-48.04	-4.878	-10.801	-9.138	73.198	36.879
-4.085	0.83642	7.698	4.3357	-2.6615	-5.4574	2.2743	1.5415	2.4077	0.34793	-1.9108	-2.1156	1.354	1.3936	-1.9517	-61.391	3.8314	38.594	-83.139	33.846	21.782	-10.191	16.444	-21.662	31.413	-20.118	30.117	2.9141
-4.264	-1.9479	7.9809	5.4423	-4.3988	-3.3122	1.5881	1.2109	2.1817	0.73666	-2.6883	0.094525	0.73969	0.82482	-7.1573	-111.37	11.314	44.263	-69.49	85.809	-27.447	-13.226	-9.0407	15.549	-31.099	88.406	-24.573	-22.752
-4.1027	-1.702	8.5721	5.1789	-4.7668	-4.8393	2.9188	1.1473	2.1679	0.72023	-2.3633	-0.13046	0.52625	0.85665	6.4496	9.8383	23.649	-10.537	-14.72	-61.083	53.229	-2.541	-0.55245	-0.65722	13.001	-8.9993	-8.5376	1.2732
-4.0524	-0.62938	7.2204	7.2577	-5.7976	-5.5931	3.5978	0.84169	1.8284	1.2125	-2.7479	0.50377	0.14379	0.66713	2.0125	42.903	-54.069	83.155	-41.232	-30.152	27.161	-12.226	-13.58	19.691	-15.384	25.369	-15.298	-7.5806
-4.0071	-0.16595	6.8879	6.1815	-4.1287	-5.332	2.1614	1.5836	2.2154	0.71455	-2.122	0.27046	-0.47611	0.24811	1.8131	18.537	-13.3	-43.051	66.757	10.441	-57.458	29.678	15.482	-19.918	25.036	-9.3323	-24.796	-16.761
-4.0802	0.32286	6.676	5.8687	-2.6311	-5.3321	0.56937	1.5311	3.1369	0.91652	-2.5059	-0.84705	-0.4272	1.0196	-2.9248	19.552	-8.4754	-12.509	59.903	-0.002385	-63.681	-2.1034	36.859	8.0786	-15.358	-44.7	1.9563	30.86
-4.2226	-3.2142	6.44	7.023	-1.6727	-6.9752	1.34	2.4024	1.9862	0.52168	-1.1593	-0.31148	0.11024	-0.075891	-5.6978	-141.48	-9.4404	46.172	38.335	-65.723	30.826	34.853	-46.028	-15.793	53.867	21.423	21.498	-43.82
-4.4556	-6.1352	7.2441	6.405	-0.38806	-6.8456	0.86601	1.6911	1.9853	1.8342	-0.30256	-1.6131	-0.63117	-0.038314	-9.3191	-116.84	32.162	-24.721	51.387	5.1853	-18.96	-28.45	-0.037723	52.5	34.268	-52.063	-29.657	1.5031
-4.6742	-7.3039	6.4864	5.8794	1.384	-6.1128	0.50838	0.79442	1.8816	1.2011	0.33826	-0.62748	-0.82986	-0.97791	-8.744	-46.747	-30.307	-21.026	70.884	29.309	-14.305	-35.868	-4.1467	-25.324	25.633	39.423	-7.9475	-37.584
-5.1131	-11.97	5.5035	6.2887	2.3503	-6.0887	0.92925	0.57627	1.8973	-0.50719	0.68586	1.4192	-1.1772	-0.81218	-17.556	-186.66	-39.317	16.371	38.652	0.96321	16.835	-8.726	0.62909	-68.331	13.904	81.865	-13.895	6.629
-5.6984	-13.385	2.5883	5.1492	3.4478	-4.1681	0.88507	1.4242	1.2933	-0.37566	-0.89724	0.84738	-1.3718	-0.63876	-23.413	-56.597	-116.61	-45.579	43.898	76.825	-1.7672	33.916	-24.16	5.2613	-63.324	-22.871	-7.7838	6.9372
-6.2866	-18.788	0.75924	3.8921	4.6453	-2.808	1.9071	2.511	1.4038	-0.73062	-1.8688	1.1759	-0.84029	-1.7773	-23.528	-216.11	-73.162	-50.283	47.902	54.405	40.881	43.471	4.4207	-14.198	-38.863	13.139	21.261	-45.543
-6.7929	-19.353	1.2003	3.8995	4.2997	-3.543	2.8288	3.1969	0.85442	-0.57075	-2.1398	0.89947	-0.96621	-1.1365	-20.252	-22.608	17.642	0.29694	-13.827	-29.399	36.869	27.438	-21.977	6.3946	-10.839	-11.056	-5.0369	25.632
-6.5415	-17.223	3.0787	4.0968	1.6654	-2.9963	3.8224	0.6863	1.7731	-0.87778	-1.7399	0.19162	-0.95931	-0.11909	10.057	85.227	75.137	7.8906	-105.37	21.868	39.744	-100.42	36.748	-12.281	15.996	-28.314	0.27605	40.697
-6.2457	-16.914	4.5089	4.1867	0.33333	-3.8835	3.4665	1.8892	1.7968	-1.6312	-1.2433	0.70926	-1.0036	0.79099	11.834	12.333	57.207	3.596	-53.284	-35.489	-14.236	48.114	0.9487	-30.139	19.865	20.706	-1.7709	36.403
-6.1275	-17.35	5.9471	2.8786	-0.66897	-1.626	3.6758	1.3451	1.6871	-1.8962	-1.5756	1.0484	0.49721	0.72382	4.728	-17.428	57.527	-52.322	-40.092	90.299	8.3716	-21.763	-4.3887	-10.596	-13.294	13.564	60.032	-2.6867
-6.1787	-18.097	5.599	2.6151	-1.7823	-0.47398	5.1713	-1.9368	1.4586	-2.2899	-0.50695	2.2295	0.1483	0.52405	-2.0497	-29.879	-13.922	-10.543	-44.534	46.082	59.821	-131.28	-9.1392	-15.749	42.747	47.247	-13.956	-7.9907
-6.2962	-18.206	3.3907	4.7231	-1.4575	0.59087	4.8363	-4.193	-0.079843	-0.65438	1.1332	2.0361	-0.71145	0.29498	-4.6983	-4.3552	-88.332	84.32	12.994	42.594	-13.401	-90.248	-61.539	65.42	65.607	-7.737	-34.39	-9.1629
-6.1016	-17.381	2.3504	5.2816	-0.1222	0.38872	5.7509	-5.6155	0.049761	-0.11921	1.3483	2.2388	-2.1405	1.4291	7.7811	32.974	-41.612	22.339	53.41	-8.0858	36.583	-56.9	5.1842	21.407	8.6019	8.1088	-57.163	45.367
-6.5264	-20.441	3.8158	8.6789	1.7259	-0.72061	1.0829	-4.6216	-0.41898	0.68898	1.503	0.97831	-1.2624	0.51156	-16.992	-122.37	58.614	135.89	73.925	-44.373	-186.72	39.756	-18.749	32.328	6.1894	-50.421	35.125	-36.704
-6.8867	-42.681	-6.7683	4.4682	-1.0142	1.1822	2.895	-3.8392	-0.32173	-0.38694	1.0296	2.0893	-1.3403	1.0729	-14.409	-889.62	-423.36	-168.43	-109.6	76.112	72.484	31.296	3.8897	-43.037	-18.935	44.44	-3.1147	22.455
-10.327	-50.466	-10.895	-0.52689	-3.222	0.57188	4.3127	-3.8924	2.68	1.1366	2.2906	-0.5034	-2.7924	1.0634	-137.6	-311.42	-165.07	-199.8	-88.312	-24.412	56.709	-2.1267	120.07	60.943	50.44	-103.71	-58.085	-0.37965
-10.306	-48.842	-4.4251	1.0995	-4.0401	1.1724	3.7215	-1.8568	0.59178	1.577	1.4675	-1.9289	-0.43823	-1.0542	0.84037	64.988	258.8	65.055	-32.727	24.023	-23.648	81.425	-83.528	17.614	-32.923	-57.022	94.167	-84.706
-10.708	-58.39	-4.3234	0.76866	-5.0777	0.62871	-0.83733	-0.50432	-0.39919	-1.587	1.3104	-1.3579	-0.82779	-1.1454	-16.115	-381.94	4.0645	-13.233	-41.504	-21.749	-182.35	54.097	-39.639	-126.56	-6.2876	22.84	-15.582	-3.6483
-11.982	-72.477	-11.24	1.1203	-0.88302	2.7745	-2.0295	2.8595	2.7667	-2.5966	-0.15459	0.0029178	-0.058523	-0.34014	-50.942	-563.47	-276.66	14.066	167.79	85.831	-47.686	134.55	126.63	-40.385	-58.598	54.434	30.771	32.211
-12.606	-73.951	-11.038	2.2181	3.4632	4.783	-2.1273	1.1041	0.18764	-3.5021	0.36703	0.22554	-1.5495	0.20359	-24.947	-58.979	8.0797	43.91	173.85	80.339	-3.9111	-70.219	-103.16	-36.22	20.865	8.905	-59.639	21.749
-12.673	-75.039	-12.487	2.0327	3.4862	4.3458	-3.9929	2.3271	1.3402	-3.897	0.87673	-0.089387	-0.7387	-0.82942	-2.6834	-43.505	-57.968	-7.4156	0.92134	-17.487	-74.628	48.921	46.103	-15.795	20.388	-12.597	32.432	-41.32
-12.812	-78.436	-15.064	-1.3572	1.7365	3.8351	-2.4859	4.384	2.5089	-2.3152	0.14237	0.45137	0.36748	-1.3324	-5.5624	-135.87	-103.06	-135.59	-69.989	-20.426	60.281	82.277	46.749	63.272	-29.375	21.63	44.247	-20.12
-12.83	-75.903	-14.697	-0.87255	1.0685	4.0179	-1.0197	2.6802	1.934	-3.6131	-0.46786	2.2609	0.55066	-1.1911	-0.72256	101.32	14.663	19.385	-26.72	7.3114	58.649	-68.154	-22.997	-51.916	-24.409	72.381	7.3274	5.6519
-12.292	-72.595	-14.995	-1.689	0.57414	2.989	-2.686	1.0165	0.0335	-3.4924	0.57125	0.68976	0.022434	0.25117	21.509	132.32	-11.907	-32.66	-19.774	-41.156	-66.653	-66.548	-76.02	4.826	41.564	-62.845	-21.129	57.692
-11.543	-64.202	-10.871	-1.2739	0.22686	3.4756	-4.2362	-0.092681	1.9639	-3.4548	1.7168	2.6257	-0.89076	-1.5964	29.979	335.68	164.95	16.606	-13.891	19.464	-62.009	-44.365	77.215	1.505	45.823	77.438	-36.528	-73.903
-10.403	-56.52	-9.2658	-1.4828	0.31904	3.2009	0.1068	1.4131	-0.24236	-2.1653	2.8745	2.0396	-1.3204	-3.0039	45.589	307.3	64.21	-8.3562	3.6873	-10.991	173.72	60.232	-88.25	51.58	46.306	-23.444	-17.187	-56.299
-8.2724	-18.404	-7.3457	-3.4273	3.1115	-2.9308	1.9637	-1.5854	-0.001481	1.6481	2.2429	-0.19464	-0.49015	-1.5159	85.222	1524.7	76.804	-77.782	111.7	-245.27	74.277	-119.94	9.6353	152.54	-25.263	-89.37	33.212	59.519
