1.1107	41.598	0.63235	-7.006	-12.536	-7.7329	4.094	2.693	-4.0277	-2.1154	1.6223	-2.7161	-1.9863	-3.5497	0	0	0	0	0	0	0	0	0	0	0	0	0	0
1.0071	31.188	3.2816	-5.2764	-14.147	-10.256	3.4567	0.13393	-3.6953	-2.7711	-0.36977	-3.5803	-3.1203	-3.6659	-4.1438	-416.42	105.97	69.183	-64.461	-100.92	-25.494	-102.36	13.298	-26.229	-79.684	-34.567	-45.362	-4.6502
0.58426	21.362	7.4946	3.6336	-12.96	-7.7698	4.0351	0.37444	-1.351	-0.77454	-0.39388	-2.6298	-1.5463	-2.8754	-16.916	-393.02	168.52	356.4	47.483	99.439	23.136	9.6203	93.772	79.863	-0.9646	38.019	62.962	31.621
-0.022898	13.993	5.4932	4.928	-13.365	-9.7994	1.5324	-1.7329	-2.5183	-2.918	-3.0173	-3.2626	-2.356	-3.0098	-24.286	-294.75	-80.056	51.778	-16.183	-81.185	-100.11	-84.293	-46.694	-85.737	-104.94	-25.311	-32.39	-5.3774
-0.32754	8.3403	5.9303	8.2467	-12.351	-11.788	3.1765	-1.4226	-2.5201	-3.443	-4.9231	-3.8548	-3.2366	-2.1874	-12.186	-226.12	17.484	132.75	40.55	-79.558	65.762	12.414	-0.070903	-21.002	-76.233	-23.686	-35.224	32.898
-0.4407	8.0098	6.1188	9.6379	-12.293	-10.826	2.9392	-1.7312	-1.8609	-4.128	-6.131	-3.8392	-3.2836	-1.1553	-4.5264	-13.222	7.5398	55.647	2.3337	38.484	-9.4903	-12.345	26.367	-27.398	-48.315	0.62291	-1.8793	41.283
-0.54877	11.228	6.523	10.763	-10.448	-7.6847	4.7495	-1.7216	0.37209	-3.0111	-5.6967	-3.7901	-2.1277	-0.18024	-4.3227	128.72	16.166	44.995	73.815	125.66	72.41	0.38407	89.321	44.673	17.372	1.9658	46.234	39.003
-0.58846	10.619	6.5962	10.718	-9.3302	-8.2151	4.8159	-1.9505	1.2611	-4.3583	-6.4288	-3.3187	-1.8565	-0.88508	-1.5875	-24.354	2.9299	-1.7968	44.694	-21.216	2.6582	-9.1549	35.559	-53.887	-29.284	18.855	10.851	-28.194
-0.49673	13.202	5.8873	9.9808	-7.7116	-9.017	4.6845	-0.16957	1.3914	-5.4868	-6.4714	-2.4048	-2.2804	-1.0025	3.6689	103.31	-28.359	-29.481	64.743	-32.075	-5.2582	71.235	5.2146	-45.141	-1.7022	36.555	-16.959	-4.6979
-0.23768	19.184	4.2806	6.7988	-7.7551	-9.2857	3.1133	0.72422	-1.2589	-5.4535	-5.6109	-3.6561	-2.2957	-1.3732	10.362	239.31	-64.265	-127.28	-1.7413	-10.748	-62.848	35.752	-106.01	1.3335	34.418	-50.055	-0.60919	-14.826
0.45578	30.388	7.1085	3.5185	-10.053	-6.5568	5.1865	0.032813	-3.0868	-3.3209	-2.3002	-1.1412	-2.0295	-1.3164	27.738	448.12	113.12	-131.21	-91.908	109.16	82.931	-27.656	-73.114	85.304	132.43	100.6	10.646	2.2692
1.404	46.084	4.1421	-2.1281	-12.274	-6.5605	4.0889	-0.57271	-3.2958	-0.2853	1.1219	-1.216	-2.9778	-1.8173	37.93	627.85	-118.66	-225.87	-88.858	-0.1488	-43.907	-24.221	-8.3612	121.42	136.88	-2.9924	-37.93	-20.034
1.9382	53.855	2.015	-7.3476	-11.911	-6.9314	5.6857	-1.8681	-2.3224	0.2674	2.5567	-2.3368	-3.3852	-3.1132	21.365	310.86	-85.085	-208.78	14.521	-14.834	63.872	-51.816	38.937	22.108	57.391	-44.832	-16.296	-51.837
1.9791	57.196	1.9569	-6.3425	-9.4695	-4.7735	5.4809	-0.38529	-1.2613	1.1198	3.6792	-1.2529	-0.94882	-1.9651	1.6366	133.63	-2.3223	40.203	97.67	86.315	-8.193	59.313	42.443	34.094	44.902	43.355	97.453	45.924
1.8151	53.594	0.16756	-6.7483	-10.092	-5.4553	3.459	-1.4534	-1.6372	0.20126	2.4394	-2.7043	-0.90862	-1.6938	-6.5575	-144.09	-71.574	-16.23	-24.906	-27.271	-80.873	-42.726	-15.037	-36.74	-49.592	-58.057	1.6082	10.852
1.7179	54.778	2.1171	-6.4582	-7.8919	-3.9907	4.4356	-1.3716	-0.71761	1.5353	3.5302	-2.3421	-0.64981	-0.45183	-3.8891	47.366	77.983	11.602	88.01	58.586	39.064	3.2748	36.785	53.361	43.632	14.491	10.352	49.679
1.7275	53.268	1.6701	-7.3737	-8.0481	-4.1421	3.589	-2.2752	-1.6681	1.9217	3.1676	-2.7568	-1.3265	-0.81925	0.38377	-60.413	-17.881	-36.619	-6.2511	-6.0584	-33.866	-36.145	-38.019	15.455	-14.506	-16.588	-27.067	-14.697
1.7201	53.865	1.1694	-6.8869	-7.6347	-3.7901	2.8537	-2.9034	-1.2558	2.2835	3.1267	-2.6777	-1.2964	-1.1552	-0.29434	23.915	-20.03	19.47	16.538	14.08	-29.412	-25.129	16.493	14.473	-1.6348	3.1635	1.2035	-13.438
1.7518	52.791	1.9044	-5.9695	-6.1965	-3.5259	1.6629	-2.4676	-1.4846	3.8999	2.3864	-1.5077	-1.8916	-0.18286	1.2665	-42.985	29.403	36.696	57.528	10.569	-47.634	17.432	-9.1549	64.656	-29.612	46.801	-23.808	38.893
1.4037	46.828	3.5838	-5.2769	-4.8536	-4.2108	0.47601	-3.1722	-1.9886	3.5976	2.8068	-1.5837	-2.2263	-0.13951	-13.925	-238.5	67.175	27.705	53.715	-27.396	-47.474	-28.184	-20.16	-12.093	16.816	-3.0401	-13.387	1.7343
0.55193	31.846	5.2354	-3.3662	-2.9928	-4.3344	0.93502	-4.7514	-3.8161	2.8937	2.4068	-1.6292	-4.0925	-0.32714	-34.07	-599.29	66.065	76.427	74.431	-4.9426	18.36	-63.166	-73.099	-28.154	-15.998	-1.8221	-74.649	-7.5055
-2.4221	1.7878	3.1937	-1.8447	1.0934	0.60932	6.2024	1.3342	-3.5053	2.3548	2.3039	0.070592	-4.3514	-0.68625	-118.96	-1202.3	-81.669	60.861	163.45	197.75	210.69	243.42	12.434	-21.557	-4.1181	67.992	-10.358	-14.364
-4.9158	-21.114	1.4535	2.7216	3.3332	4.8311	4.8386	1.6724	-3.4734	1.2529	1.9295	-1.3435	-3.2498	1.1212	-99.746	-916.06	-69.61	182.65	89.588	168.87	-54.549	13.53	1.2743	-44.076	-14.977	-56.565	44.064	72.297
-5.6201	-32.971	-1.2542	6.4041	3.7145	6.2405	4.2795	2.6996	-0.85811	0.57532	1.4923	-0.88983	-2.7941	-1.0642	-28.175	-474.27	-108.31	147.3	15.254	56.376	-22.366	41.087	104.61	-27.104	-17.486	18.149	18.228	-87.414
-4.9067	-3.4819	-6.7588	2.3191	3.6815	3.2861	2.8069	5.0749	-0.57772	2.3546	-1.4072	-0.1851	-0.32608	-1.497	28.539	1179.5	-220.18	-163.4	-1.3197	-118.18	-58.903	95.013	11.215	71.171	-115.98	28.189	98.722	-17.314
-2.8918	12.245	0.39868	2.8026	1.5375	2.9632	0.71363	2.374	-1.8116	1.637	1.3344	-0.17043	-0.4703	-0.30593	80.594	629.08	286.3	19.34	-85.761	-12.916	-83.731	-108.04	-49.354	-28.703	109.66	0.587	-5.7689	47.643
-1.105	28.323	6.6606	-2.517	-0.27176	-2.0984	0.6118	-0.35179	-3.0163	3.1516	2.0184	-0.31976	-2.2558	1.1179	71.475	643.12	250.48	-212.78	-72.37	-202.46	-4.0731	-109.03	-48.19	60.584	27.359	-5.9734	-71.421	56.952
-0.40176	36.876	6.6002	-7.4138	-0.47667	-5.0614	0.4671	-1.6534	-1.4652	4.0352	2.4288	0.93345	-2.9559	3.5783	28.128	342.12	-2.4162	-195.87	-8.1968	-118.52	-5.788	-52.065	62.046	35.343	16.419	50.129	-28.003	98.417
0.075503	39.82	3.7157	-8.6554	0.52031	-5.9416	0.63148	-2.0931	1.1844	3.9319	3.3708	0.12524	-2.3397	1.4719	19.091	117.76	-115.38	-49.666	39.88	-35.206	6.5752	-17.586	105.98	-4.1313	37.68	-32.329	24.649	-84.257
0.34659	41.516	3.3015	-9.5576	0.68845	-5.7166	-0.056864	-2.0536	2.0004	4.2743	2.8582	0.51812	-1.3758	0.018996	10.844	67.853	-16.571	-36.087	6.7252	8.9986	-27.534	1.5774	32.638	13.695	-20.506	15.715	38.555	-58.115
0.49123	42.062	4.6824	-11.75	0.81901	-5.1734	0.10253	-2.529	2.5874	4.5068	2.0038	1.5641	-0.6503	-0.44951	5.7856	21.813	55.239	-87.695	5.2227	21.73	6.3758	-19.017	23.483	9.3011	-34.173	41.838	29.019	-18.74
0.34386	38.799	7.1661	-12.618	1.0796	-4.8948	1.0325	-4.2933	3.7243	4.0509	1.4777	1.4373	0.17608	-0.41213	-5.895	-130.5	99.349	-34.709	10.422	11.141	37.2	-70.568	45.475	-18.236	-21.045	-5.0703	33.056	1.495
0.091715	35.989	8.0446	-12.073	0.99806	-4.0179	1.3385	-5.3375	4.4961	3.5762	1.5853	-0.034323	1.4061	-0.74582	-10.086	-112.41	35.138	21.793	-3.2595	35.077	12.239	-41.771	30.873	-18.986	4.3026	-58.866	49.201	-13.348
-0.41248	32.589	9.7342	-11.546	-0.13145	-2.0469	0.64186	-4.2787	4.1355	3.7479	1.1717	-0.32194	1.5766	-1.1043	-20.168	-135.99	67.583	21.06	-45.181	78.841	-27.866	42.351	-14.426	6.8665	-16.542	-11.505	6.8172	-14.338
-0.99325	26.968	10.579	-10.634	-1.4005	0.02083	0.20154	-3.1484	6.2291	2.6784	0.70127	-1.0401	1.3364	-1.0392	-23.231	-224.86	33.782	36.486	-50.76	82.709	-17.613	45.214	83.747	-42.78	-18.819	-28.728	-9.6042	2.6024
-1.7701	19.486	9.6676	-7.7426	-0.10533	-0.0050251	0.82127	-1.6974	5.6272	1.4768	1.171	-0.18757	0.59513	-1.6491	-31.076	-299.27	-36.446	115.66	51.805	-1.0342	24.789	58.039	-24.079	-48.065	18.789	34.103	-29.653	-24.395
-2.579	15.665	4.6878	-1.6226	0.17985	-1.274	1.2701	-0.82177	5.4009	0.73886	2.1026	-1.0196	1.134	-1.3707	-32.354	-152.84	-199.19	244.8	11.407	-50.76	17.953	35.026	-9.0509	-29.517	37.264	-33.28	21.553	11.135
-3.2821	14.782	-0.51161	-1.3456	2.2322	0.0012918	1.551	1.4072	4.8365	1.3081	1.0803	0.021055	0.4483	-0.27265	-28.126	-35.339	-207.98	11.082	82.093	51.012	11.235	89.16	-22.575	22.768	-40.89	41.625	-27.427	43.923
-3.6869	15.928	-4.3053	-1.9508	3.8984	0.1818	2.4627	2.2004	5.6926	-0.38099	1.6235	-0.67574	0.20316	0.19498	-16.191	45.841	-151.75	-24.208	66.65	7.2203	36.468	31.728	34.246	-67.562	21.725	-27.872	-9.8054	18.705
-3.7491	13.613	-4.4231	-1.4198	4.424	1.7045	3.1935	1.9335	2.5437	0.16882	3.7164	-2.2609	0.39959	-0.40244	-2.4865	-92.599	-4.7126	21.239	21.023	60.907	29.236	-10.678	-125.96	21.992	83.717	-63.408	7.8572	-23.897
-3.509	16.584	-3.8071	-0.57947	3.6518	-1.2122	3.2868	1.9507	3.7116	0.22129	3.0493	-0.37753	1.691	-1.3182	9.6018	118.86	24.642	33.612	-30.886	-116.67	3.7322	0.6899	46.716	2.0987	-26.683	75.337	51.656	-36.631
-3.0774	14.305	-1.3634	0.97217	3.4164	-2.6087	0.23955	3.7193	5.5455	0.46699	2.7125	-1.6459	0.29471	-2.6214	17.267	-91.178	97.749	62.066	-9.4195	-55.86	-121.89	70.742	73.354	9.8279	-13.471	-50.736	-55.852	-52.128
-2.4843	20.081	-1.1061	1.1037	0.57491	-2.5112	1.2943	4.8518	5.0324	-0.063789	2.1908	-1.8271	-0.68529	-2.3978	23.722	231.04	10.29	5.2625	-113.66	3.8999	42.189	45.3	-20.522	-21.231	-20.87	-7.246	-39.2	8.9459
-2.0347	24.589	0.21562	-3.4441	2.3827	-3.5889	0.16972	4.0923	5.1247	0.80408	1.0375	-1.485	-0.043629	-3.3802	17.984	180.33	52.869	-181.91	72.31	-43.109	-44.983	-30.38	3.6896	34.715	-46.13	13.681	25.666	-39.298
-1.6611	26.307	1.7694	-6.3569	4.7188	-5.5316	-0.064274	3.3461	4.8832	1.3036	1.538	-1.3438	0.42416	-2.6117	14.944	68.73	62.15	-116.51	93.445	-77.708	-9.3597	-29.847	-9.6608	19.982	20.02	5.6504	18.712	30.74
-1.5937	28.403	0.18627	-6.2611	4.5265	-6.1832	-1.8612	3.3563	4.73	1.237	1.4349	-0.16165	1.2877	-1.7953	2.6948	83.813	-63.324	3.8282	-7.6904	-26.061	-71.878	0.40759	-6.1277	-2.6659	-4.124	47.286	34.542	32.658
-1.4539	31.01	-0.65305	-6.1656	4.6727	-7.1595	-1.4957	2.6791	4.2948	1.0382	0.87319	0.95248	1.4688	-0.8527	5.5922	104.28	-33.573	3.8203	5.8454	-39.055	14.62	-27.087	-17.408	-7.9496	-22.47	44.565	7.2425	37.703
-1.3488	32.61	-1.659	-6.4635	5.2318	-7.601	-1.7799	1.7519	4.6271	0.12182	1.2841	0.77098	1.9248	-0.34825	4.2035	64.032	-40.237	-11.916	22.365	-17.66	-11.369	-37.088	13.295	-36.657	16.435	-7.2597	18.24	20.178
-1.299	34.757	-2.2977	-6.8739	5.6902	-7.5148	-1.5228	1.1814	4.1867	-0.33617	1.7412	0.56091	2.238	-0.64294	1.9945	85.864	-25.549	-16.414	18.337	3.447	10.285	-22.818	-17.62	-18.32	18.285	-8.4029	12.53	-11.788
-1.35	35.242	-1.7485	-6.8417	6.2868	-6.7395	-1.7155	1.2574	3.5366	-0.10595	1.7025	0.85143	2.2286	-0.38781	-2.0424	19.392	21.969	1.2875	23.864	31.013	-7.706	3.0382	-26.002	9.209	-1.5457	11.621	-0.37613	10.205
-1.2416	36.435	-3.0181	-6.2547	5.8145	-6.3905	-1.9273	0.76021	3.3621	-0.586	1.6222	0.5257	2.5439	-0.31572	4.3376	47.742	-50.785	23.479	-18.893	13.962	-8.4726	-19.888	-6.9813	-19.202	-3.2143	-13.029	12.609	2.8835
-1.2295	36.202	-2.034	-6.8838	5.6876	-5.7936	-1.8686	0.37481	2.7114	-0.046819	1.282	0.68921	2.7117	-0.12109	0.48579	-9.3363	39.366	-25.163	-5.0763	23.876	2.3459	-15.416	-26.026	21.567	-13.607	6.5405	6.7141	7.7852
-1.322	37.275	-1.2159	-7.3165	4.9289	-4.3021	-1.9291	0.22083	2.1792	0.68854	0.69355	0.5379	2.7981	0.11148	-3.7003	42.908	32.722	-17.307	-30.346	59.659	-2.4179	-6.1596	-21.287	29.414	-23.538	-6.0526	3.4553	9.3031
-1.2477	35.028	0.84966	-8.5041	4.8487	-4.1884	-1.0086	-0.72936	1.5618	1.4902	0.36541	0.16403	3.0206	0.25688	2.972	-89.877	82.622	-47.506	-3.2103	4.5499	36.82	-38.007	-24.697	32.068	-13.125	-14.955	8.9015	5.8157
-1.2934	36.267	0.040048	-7.805	3.4484	-3.2751	-0.23122	-1.764	1.2795	1.5478	0.87928	-0.9139	2.9444	1.2457	-1.8278	49.579	-32.384	27.964	-56.009	36.528	31.095	-41.385	-11.292	2.3046	20.555	-43.117	-3.0505	39.552
-1.4846	33.48	1.9422	-8.0022	2.912	-1.7134	-1.0378	-1.9228	0.89558	1.9222	1.0033	-1.3083	2.5143	1.9062	-7.6506	-111.48	76.086	-7.8883	-21.459	62.469	-32.262	-6.3512	-15.357	14.974	4.9596	-15.776	-17.205	26.421
-1.8766	27.518	3.8439	-6.9268	3.6924	-1.7777	-1.3556	-1.7474	-0.72701	3.4327	0.93308	-2.4885	2.6524	1.9241	-15.68	-238.49	76.07	43.017	31.216	-2.5696	-12.713	7.0142	-64.904	60.419	-2.8075	-47.21	5.5241	0.7162
-2.6329	13.664	3.8831	-3.7604	4.9175	-0.62228	-0.50271	-1.9124	0.78372	2.7404	0.04622	-1.5155	1.0576	1.3415	-30.253	-554.15	1.5655	126.65	49.007	46.215	34.115	-6.5977	60.429	-27.692	-35.474	38.92	-63.792	-23.306
-3.7594	-1.9183	6.0804	0.12144	3.6508	1.1558	0.13862	-2.2921	4.0721	0.25815	-1.8444	2.5922	-0.70073	0.33743	-45.06	-623.3	87.893	155.28	-50.671	71.123	25.653	-15.189	131.53	-99.289	-75.623	164.31	-70.332	-40.161
-3.9031	-5.1457	6.0304	2.0586	3.6079	2.2245	-1.2188	-1.6651	4.0957	-1.06	-0.39601	1.9834	-0.1792	0.13386	-5.7476	-129.1	-2.0005	77.488	-1.7159	42.749	-54.297	25.078	0.94258	-52.726	57.934	-24.351	20.861	-8.1429
-4.0275	-10.192	7.2755	2.7804	4.1564	3.2161	-1.4994	-1.1919	3.3835	-2.7665	0.94238	2.1658	-0.33068	1.1759	-4.9736	-201.84	49.806	28.87	21.941	39.663	-11.225	18.931	-28.488	-68.259	53.535	7.2957	-6.0592	41.683
-4.1038	-14.626	9.092	2.9698	3.4288	5.2981	-1.7968	-1.2614	3.2595	-3.8244	1.3723	2.6886	-1.5975	2.1528	-3.0532	-177.38	72.657	7.5757	-29.105	83.279	-11.894	-2.7802	-4.9592	-42.316	17.197	20.912	-50.672	39.076
-4.2017	-17.513	8.08	5.2628	3.6886	4.6955	-1.8723	-0.025533	3.046	-5.0827	0.20737	3.8285	-0.91858	1.5563	-3.9178	-115.46	-40.478	91.72	10.393	-24.104	-3.0209	49.433	-8.5395	-50.335	-46.598	45.596	27.156	-23.861
-4.5889	-30.046	9.6135	8.5802	3.5459	5.0001	-2.2679	1.9937	1.2687	-4.5134	-0.86261	3.1819	-0.23006	0.70037	-15.488	-501.32	61.34	132.7	-5.7048	12.184	-15.824	80.768	-71.09	22.772	-42.799	-25.864	27.541	-34.238
-5.3576	-37.166	4.7643	10.371	3.958	5.6666	-0.46745	1.3447	-0.21636	-1.9441	-1.813	1.6572	0.35903	-1.1604	-30.748	-284.81	-193.97	71.649	16.484	26.66	72.019	-25.96	-59.404	102.78	-38.017	-60.99	23.563	-74.429
-6.8583	-58.483	2.9158	8.3135	4.7328	8.8391	-0.052102	1.2606	-1.3332	-1.1017	-1.4347	0.77453	1.6609	-0.51319	-60.025	-852.7	-73.941	-82.317	30.99	126.9	16.614	-3.3644	-44.674	33.694	15.135	-35.305	52.076	25.887
-8.5565	-74.527	1.5457	11.271	4.5093	10.051	1.2799	2.1183	-2.4586	-0.94091	1.481	-0.27568	-0.44379	0.56856	-67.93	-641.76	-54.806	118.3	-8.9414	48.492	53.281	34.31	-45.017	6.4324	116.63	-42.009	-84.189	43.27
-9.3062	-79.68	-2.8251	10.617	4.8443	9.8886	3.069	3.9844	0.28194	-0.33514	-1.289	-1.8238	1.1699	-0.29117	-29.987	-206.09	-174.83	-26.137	13.401	-6.5141	71.563	74.644	109.62	24.231	-110.8	-61.924	64.547	-34.389
-5.1202	-8.588	-6.1314	1.1021	-3.6896	0.95954	-0.50909	2.7669	-1.1958	-0.076023	0.19677	-0.65206	1.0083	0.3741	167.44	2843.7	-132.25	-380.62	-341.35	-357.16	-143.12	-48.701	-59.109	10.365	59.43	46.868	-6.4621	26.611
-2.7289	16.307	2.8827	0.35826	-2.0148	2.6971	-2.1288	-1.4689	-1.0529	2.1011	0.48797	-1.2791	0.3389	0.10006	95.651	995.79	360.56	-29.754	66.991	69.504	-64.79	-169.43	5.7162	87.087	11.648	-25.08	-26.778	-10.962
-1.6422	20.806	7.8286	-6.3055	2.7095	-0.94238	-1.5183	-5.6118	0.18109	1.6317	1.2489	-1.4419	0.71666	0.38073	43.467	179.96	197.83	-266.55	188.97	-145.58	24.42	-165.72	49.359	-18.778	30.439	-6.5153	15.11	11.227
-0.83777	25.725	6.1914	-7.4838	2.9797	-2.4232	-3.7642	-4.028	-0.21429	3.2387	0.47006	0.88535	1.0625	0.34864	32.179	196.75	-65.487	-47.129	10.809	-59.233	-89.833	63.354	-15.815	64.279	-31.155	93.092	13.832	-1.2836
-0.36157	30.931	5.3812	-8.8593	3.1474	-4.4948	-3.6371	-3.959	2.1443	2.176	1.5832	0.60149	1.4311	0.29834	19.048	208.25	-32.41	-55.022	6.7053	-82.864	5.0841	2.7608	94.343	-42.507	44.527	-11.354	14.744	-2.0121
-0.31479	32.702	5.0486	-9.2938	1.7845	-4.6184	-4.0111	-2.9508	3.4259	1.1932	2.3761	-0.58781	2.0235	0.22093	1.8713	70.821	-13.301	-17.382	-54.513	-4.9417	-14.96	40.325	51.264	-39.312	31.717	-47.572	23.698	-3.0961
-0.5514	31.618	5.5646	-9.769	2.8377	-5.2497	-3.5367	-1.8775	3.5964	1.002	1.6027	-0.78412	1.7324	-0.14177	-9.4646	-43.33	20.638	-19.008	42.127	-25.253	18.973	42.934	6.8216	-7.6459	-30.936	-7.8525	-11.643	-14.508
-0.74759	33.074	4.4076	-10.493	2.81	-5.2173	-3.9378	-1.0359	3.0862	1.4328	0.99491	-0.97045	1.5386	-0.49637	-7.8477	58.22	-46.28	-28.951	-1.1082	1.2957	-16.043	33.663	-20.407	17.23	-24.313	-7.4533	-7.7546	-14.184
-0.67505	34.469	4.0022	-11.418	3.3618	-5.8504	-3.4478	-1.0329	3.5825	1.4302	1.1926	-1.382	1.302	-0.72979	2.9018	55.82	-16.217	-36.995	22.072	-25.323	19.602	0.11775	19.852	-0.10447	7.906	-16.462	-9.4642	-9.3365
-0.46374	37.087	2.8128	-11.245	2.9005	-5.9979	-2.9975	-1.3968	4.2706	1.2338	1.8297	-2.3779	1.5539	-1.1934	8.4523	104.71	-47.575	6.9181	-18.451	-5.8999	18.01	-14.553	27.522	-7.8573	25.487	-39.838	10.076	-18.544
-0.26039	36.428	3.5556	-11.366	3.0446	-6.2385	-3.0803	-1.1416	4.1511	2.2428	1.5109	-2.3546	1.2865	-1.6163	8.134	-26.356	29.711	-4.8473	5.7635	-9.6247	-3.3118	10.205	-4.7782	40.362	-12.752	0.9354	-10.694	-16.918
-0.13773	37.385	2.9474	-11.165	2.8916	-6.2138	-3.3376	-1.3719	4.4929	2.0641	1.9703	-2.5044	0.7874	-1.4423	4.9067	38.295	-24.328	8.0241	-6.1204	0.98901	-10.293	-9.2123	13.67	-7.1488	18.376	-5.9939	-19.964	6.9616
-0.15497	37.052	4.041	-12.187	3.7564	-6.4117	-2.8296	-1.6537	4.481	2.3653	1.8548	-2.4856	0.71364	-1.4389	-0.68982	-13.337	43.745	-40.871	34.593	-7.9192	20.322	-11.269	-0.47551	12.049	-4.6216	0.75235	-2.9507	0.13525
-0.33549	37.153	2.9743	-10.646	2.8918	-5.9981	-2.3621	-2.3699	5.1112	1.3925	2.2702	-2.701	1.0748	-1.4555	-7.2206	4.0345	-42.669	61.654	-34.585	16.546	18.698	-28.647	25.208	-38.911	16.616	-8.6163	14.445	-0.66555
-0.6418	34.437	3.2415	-9.791	2.297	-5.0203	-3.3556	-1.8211	4.7979	1.0608	1.8841	-2.3269	1.2351	-1.1623	-12.252	-108.62	10.691	34.188	-23.792	39.11	-39.739	21.948	-12.532	-13.271	-15.444	14.963	6.4144	11.731
-0.91166	33.117	3.5198	-9.1663	2.3971	-4.6373	-3.1518	-2.4013	5.0535	0.61013	1.5434	-1.673	1.5833	-1.0844	-10.795	-52.814	11.131	24.989	4.0025	15.323	8.1511	-23.206	10.224	-18.025	-13.626	26.158	13.925	3.1127
-1.0483	31.183	4.1552	-8.8569	2.5871	-4.1737	-3.6392	-2.9822	5.1231	0.084073	1.2651	-0.86598	1.8551	-0.95377	-5.4659	-77.382	25.415	12.379	7.6011	18.542	-19.495	-23.236	2.7871	-21.042	-11.132	32.279	10.874	5.2265
-1.0354	29.442	4.652	-8.1706	2.3756	-3.5655	-3.8872	-4.2808	4.5755	-0.083408	0.59606	0.012362	2.4039	-0.9825	0.51666	-69.623	19.873	27.451	-8.461	24.329	-9.9185	-51.947	-21.907	-6.6993	-26.762	35.134	21.952	-1.149
-1.2759	27.068	4.919	-6.8885	2.9096	-1.6937	-4.1093	-5.8938	3.1862	0.56903	-0.67456	1.3689	1.685	0.029876	-9.6206	-94.947	10.679	51.285	21.36	74.87	-8.886	-64.519	-55.572	26.098	-50.825	54.26	-28.756	40.495
-1.9821	16.055	6.7512	-5.3016	4.1897	0.0046832	-2.2732	-6.6576	1.6139	1.408	-2.5375	1.7538	-0.44372	0.22317	-28.25	-440.54	73.289	63.474	51.204	67.937	73.446	-30.553	-62.891	33.559	-74.518	15.399	-85.15	7.7318
-3.7627	-10.116	8.4348	-2.0198	3.0617	3.8493	0.47699	-5.2378	-0.17681	1.8821	-3.2066	1.4514	-2.85	-0.56353	-71.224	-1046.8	67.345	131.27	-45.117	153.79	110.01	56.793	-71.629	18.963	-26.765	-12.099	-96.249	-31.468
-6.1157	-45.502	7.4925	3.7762	0.48452	6.0657	2.1277	-1.1471	-2.6851	0.67351	-0.36669	2.6767	-2.4793	-2.2624	-94.117	-1415.4	-37.694	231.84	-103.09	88.656	66.03	163.63	-100.33	-48.343	113.6	49.012	14.825	-67.955
-8.5859	-66.802	3.5291	8.4545	1.5998	7.4706	0.81608	2.8788	-2.338	-3.2825	-1.0406	0.99823	-0.11516	-0.55174	-98.809	-852.01	-158.53	187.13	44.612	56.193	-52.467	161.04	13.885	-158.24	-26.957	-67.137	94.567	68.427
-9.6483	-76.27	0.45515	11.084	2.7119	6.8826	-0.12715	2.8289	0.094849	-1.9238	-2.2191	-0.96967	0.026745	-0.54419	-42.497	-378.73	-122.96	105.2	44.483	-23.521	-37.729	-1.9981	97.315	54.347	-47.138	-78.716	5.676	0.302
-9.1563	-49.329	-1.1126	2.1914	-8.1944	0.27713	0.95531	0.41866	-1.1141	0.71446	1.6516	1.3055	-0.86037	1.7447	19.681	1077.6	-62.708	-355.72	-436.25	-264.22	43.298	-96.409	-48.359	105.53	154.83	91.005	-35.485	91.556
-8.7695	-49.831	1.3533	3.3597	-10.018	-2.2327	-0.69166	-1.0705	-1.5372	0.84065	0.9942	1.2639	-1.7892	1.3849	15.471	-20.086	98.636	46.728	-72.936	-100.39	-65.879	-59.568	-16.924	5.0473	-26.298	-1.6605	-37.152	-14.391
-9.1431	-65.917	-0.23033	6.4467	-10.341	-2.5022	-4.0411	0.53982	-1.3452	1.317	0.75869	0.98104	-1.0194	0.72993	-14.942	-643.42	-63.347	123.48	-12.94	-10.782	-133.98	64.414	7.6819	19.055	-9.4204	-11.316	30.792	-26.201
-7.6509	-61.832	2.5565	5.8778	-7.0962	0.81376	0.36979	4.9918	2.4713	1.6705	0.10668	-0.77878	-1.5107	1.0427	59.687	163.39	111.47	-22.756	129.8	132.64	176.44	178.08	152.66	14.14	-26.08	-70.393	-19.654	12.512
-3.2276	-18.857	14.413	7.3731	-3.4956	-1.6869	1.2969	3.1942	-0.32919	-0.09009	-4.3501	3.5652	-0.75906	1.2039	176.93	1719	474.25	59.814	144.02	-100.03	37.084	-71.903	-112.02	-70.425	-178.27	173.76	30.067	6.4486
-2.0362	0.69238	14.82	4.3389	-4.0155	-2.5699	1.9974	2.1536	-2.3476	-1.8869	-4.8533	5.1911	0.27391	1.9725	47.655	781.99	16.303	-121.37	-20.794	-35.321	28.021	-41.625	-80.737	-71.874	-20.129	65.037	41.319	30.742
-1.5137	3.7415	13.708	3.2583	-4.1274	-0.38959	1.796	1.0413	-5.1769	-2.2453	-3.2304	6.3658	1.0571	-0.19635	20.901	121.96	-44.501	-43.222	-4.4765	87.213	-8.0555	-44.49	-113.17	-14.334	64.916	46.988	31.328	-86.754
-1.39	6.7667	14.113	-0.25351	-2.9318	2.3195	0.11553	0.11968	-6.1899	-1.6649	-0.14062	4.1242	0.34705	-1.1968	4.9458	121.01	16.217	-140.47	47.823	108.36	-67.22	-36.867	-40.521	23.215	123.59	-89.666	-28.402	-40.02
-1.3969	8.6983	13.034	-2.035	-0.80228	4.2756	-2.4454	0.20184	-7.2943	0.29952	0.93852	1.4421	-1.0588	0.089721	-0.27497	77.266	-43.147	-71.258	85.181	78.243	-102.44	3.2863	-44.176	78.578	43.166	-107.28	-56.235	51.462
-1.7605	6.0929	13.849	-3.8816	2.534	6.0993	-4.8854	0.36191	-6.2516	-0.028862	1.2106	-0.65119	-0.23982	0.48599	-14.544	-104.22	32.568	-73.864	133.45	72.948	-97.601	6.4028	41.71	-13.135	10.881	-83.73	32.761	15.851
-2.6559	-6.9366	15.265	-5.5509	4.0714	10.076	-5.6357	-0.46299	-3.5471	-0.94693	0.72653	-0.14586	-1.0844	0.86943	-35.814	-521.18	56.642	-66.774	61.498	159.06	-30.01	-32.996	108.18	-36.723	-19.361	20.213	-33.785	15.337
-5.3003	-40.055	11.071	-1.0064	1.3881	12.923	-0.37486	-0.22396	-1.1193	1.613	1.0483	-1.1038	-0.93227	0.30854	-105.78	-1324.7	-167.74	181.78	-107.33	113.87	210.43	9.561	97.111	102.4	12.87	-38.318	6.0871	-22.436
-7.0297	-45.582	3.1436	3.3107	2.4834	10.741	3.749	0.30333	-4.1446	1.8061	2.1908	0.54096	-0.97398	0.42361	-69.178	-221.07	-317.11	172.69	43.814	-87.269	164.96	21.092	-121.01	7.7248	45.702	65.791	-1.6683	4.6029
-7.6872	-60.595	4.2557	10.203	1.9469	7.4333	1.8415	1.4387	-3.2871	0.31493	0.91951	1.8598	0.18871	-0.36188	-26.299	-600.53	44.484	275.69	-21.46	-132.3	-76.302	45.416	34.299	-59.648	-50.853	52.754	46.507	-31.419
-8.2527	-72.305	4.7856	12.691	3.9552	6.6933	-0.099805	1.0558	-3.4171	0.12267	1.5689	2.1312	0.23239	-0.23537	-22.621	-468.39	21.199	99.504	80.33	-29.6	-77.651	-15.318	-5.1992	-7.6906	25.975	10.855	1.7474	5.0601
-8.5863	-68.787	1.7881	11.896	2.096	6.8872	1.4732	3.0985	-1.7872	-1.1328	-0.53848	0.50345	1.7501	0.16634	-13.343	140.7	-119.9	-31.788	-74.367	7.7581	62.921	81.71	65.195	-50.217	-84.294	-65.11	60.709	16.069
-8.7992	-67.761	2.5956	7.9813	-0.87943	7.8728	4.5591	4.6648	-2.185	-1.6179	1.184	1.0889	0.25914	-0.50495	-8.5152	41.073	32.297	-156.58	-119.02	39.422	123.43	62.652	-15.913	-19.403	68.9	23.417	-59.639	-26.852
-9.3231	-77.99	-1.6312	10.355	3.3464	11.165	2.6813	2.5604	-1.326	-0.20256	0.49715	0.2447	0.45337	-0.038458	-20.958	-409.2	-169.07	94.964	169.03	131.67	-75.111	-84.178	34.359	56.612	-27.475	-33.767	7.7692	18.66
-10.274	-81.56	-3.6065	8.7614	2.4129	8.9033	2.6479	5.511	-0.76667	0.35282	0.63168	-0.24036	0.1576	-0.46246	-38.021	-142.79	-79.009	-63.762	-37.339	-90.453	-1.3345	118.02	22.375	22.215	5.381	-19.402	-11.831	-16.96
-6.4568	-17.378	-9.6975	-3.2921	-0.74493	3.6006	-2.0135	0.9272	-0.3761	1.2764	0.41352	-1.0948	0.55087	0.66441	152.67	2567.3	-243.64	-482.14	-126.31	-212.11	-186.46	-183.35	15.623	36.945	-8.7265	-34.179	15.731	45.075
-5.3982	10.855	-7.8368	-1.1052	-0.48099	3.5427	-2.4312	0.070646	-0.45307	1.3393	0.28409	-1.4994	0.32204	0.63995	42.345	1129.3	74.428	87.474	10.557	-2.3176	-16.707	-34.262	-3.0785	2.5129	-5.1772	-16.183	-9.1532	-0.97855
-3.8001	4.8071	-1.2501	3.569	5.791	4.0813	-2.8314	-1.4535	1.0969	0.02387	-2.5598	0.87404	0.84611	-0.0049394	63.925	-241.92	263.47	186.97	250.88	21.547	-16.01	-60.966	62	-52.616	-113.76	94.939	20.963	-25.796
-3.296	6.111	0.59526	0.62911	11.231	1.487	-2.2011	-3.3032	2.0051	-2.5199	-3.1261	2.1766	0.59208	0.10577	20.163	52.156	73.815	-117.6	217.59	-103.77	25.212	-73.989	36.328	-101.75	-22.651	52.101	-10.162	4.4282
-3.069	4.1205	-0.94684	0.76467	12.816	-0.3883	-3.1514	-1.9555	2.34	-3.3226	-2.5459	3.0506	0.67516	-0.43677	9.0788	-79.62	-61.684	5.4225	63.421	-75.013	-38.011	53.909	13.393	-32.108	23.21	34.962	3.3234	-21.701
-2.9993	3.3252	-1.8224	1.9378	13.097	-1.0442	-3.579	-1.3759	1.4489	-4.1794	-1.9771	3.0174	0.3255	-0.51001	2.7883	-31.811	-35.024	46.925	11.244	-26.236	-17.105	23.183	-35.644	-34.272	22.751	-1.3282	-13.986	-2.9297
-2.7719	4.2571	-1.819	1.6105	13.129	-1.613	-3.2942	-1.285	1.2494	-5.3535	-1.2052	2.1795	0.057828	-0.074172	9.0981	37.273	0.13888	-13.092	1.2529	-22.752	11.394	3.6378	-7.9776	-46.966	30.876	-33.518	-10.707	17.433
-2.2293	5.1756	0.12975	0.80914	12.168	-1.1348	-3.9979	-0.9347	-0.45789	-5.1781	-1.8453	1.8299	-0.018486	0.59393	21.704	36.742	77.949	-32.054	-38.435	19.127	-28.151	14.012	-68.293	7.0171	-25.602	-13.981	-3.0525	26.724
-1.6831	11.548	1.5177	0.1155	9.3569	-0.4831	-5.1079	-1.4169	0.10506	-6.4111	-1.4093	-0.31896	0.54815	0.44549	21.846	254.9	55.517	-27.746	-112.44	26.069	-44.397	-19.288	22.518	-49.32	17.436	-85.956	22.665	-5.9378
-1.5687	19.228	0.86476	-1.008	8.6759	-2.4755	-4.6746	-2.3039	0.24671	-4.6616	-2.0122	-0.29158	0.38352	0.38234	4.5756	307.18	-26.116	-44.942	-27.237	-79.695	17.332	-35.48	5.6657	69.982	-24.116	1.0949	-6.585	-2.526
-1.8095	22.098	-0.2103	-1.9451	8.1966	-2.9838	-3.0851	-3.3325	1.792	-3.0928	-1.65	0.021646	0.33068	0.53599	-9.6292	114.81	-43.002	-37.481	-19.174	-20.333	63.58	-41.144	61.813	62.75	14.489	12.529	-2.1136	6.1461
-2.1423	20.751	0.70118	-1.4789	6.734	-1.8992	-2.8611	-3.6169	1.3114	-1.8043	-0.74212	-1.0888	0.36576	1.2885	-13.313	-53.893	36.459	18.646	-58.502	43.384	8.9604	-11.377	-19.224	51.54	36.315	-44.417	1.4031	30.102
-2.3059	16.617	3.3115	-1.4302	5.7313	-0.41127	-1.7827	-4.9374	1.2093	-0.12012	-0.73625	-2.1056	-0.13861	1.9204	-6.5428	-165.37	104.41	1.9497	-40.109	59.517	43.135	-52.818	-4.0877	67.369	0.23459	-40.671	-20.175	25.276
-2.7066	9.0061	4.795	1.7404	4.5202	1.1866	-0.52077	-4.4692	0.21399	-1.1608	1.4488	-1.9367	-1.3309	2.3453	-16.031	-304.42	59.337	126.82	-48.443	63.915	50.477	18.727	-39.811	-41.625	87.4	6.755	-47.692	16.994
-3.4707	4.9137	-0.10676	4.7279	1.0443	5.6715	-1.7898	1.2738	-1.1869	-2.1883	2.5558	-2.8037	-1.0169	3.1038	-30.562	-163.7	-196.07	119.5	-139.04	179.4	-50.76	229.72	-56.036	-41.103	44.28	-34.681	12.559	30.339
-4.8657	0.22586	-8.1836	8.1169	1.0207	5.8482	-1.243	0.56098	1.116	-0.066254	0.49706	-1.2602	1.8312	0.10146	-55.801	-187.51	-323.07	135.56	-0.94186	7.0666	21.869	-28.513	92.117	84.883	-82.348	61.741	113.93	-120.09
-5.1161	-1.9506	-19.761	7.7924	-2.0956	3.2586	1.7783	3.586	3.5467	0.2794	-0.1436	-0.72886	1.3721	-0.35098	-10.017	-87.058	-463.1	-12.983	-124.65	-103.58	120.85	121	97.226	13.826	-25.626	21.252	-18.364	-18.098
-4.8481	0.94988	-24.643	2.9634	-4.7197	1.6824	0.03077	2.2408	0.74238	0.55176	1.5039	-0.52555	1.7632	0.48703	10.722	116.02	-195.27	-193.16	-104.97	-63.048	-69.901	-53.808	-112.17	10.894	65.9	8.1324	15.645	33.52
-4.8202	-1.4853	-24.572	4.7704	-3.9814	3.6841	-0.84805	1.6942	0.47735	-1.1169	0.16058	-1.7867	0.55499	0.28786	1.1137	-97.408	2.8211	72.278	29.535	80.07	-35.153	-21.863	-10.601	-66.746	-53.733	-50.444	-48.33	-7.9667
-4.8171	-5.6752	-25.282	6.6044	-5.7396	3.1858	0.88222	2.3822	2.6224	-0.61008	1.6248	0.012302	0.55994	0.041105	0.12751	-167.59	-28.378	73.359	-70.328	-19.931	69.211	27.521	85.802	20.272	58.568	71.958	0.19796	-9.8702
-4.562	-9.7084	-24.621	8.4508	-7.1394	4.8969	3.2778	0.17676	0.69494	-1.6563	0.59767	-0.094316	0.80681	0.77185	10.2	-161.33	26.436	73.856	-55.993	68.444	95.824	-88.218	-77.098	-41.85	-41.084	-4.2647	9.8748	29.23
-4.3469	-9.6821	-28.691	7.8948	-7.2364	1.587	2.387	-0.018931	1.8748	-0.4721	-0.18704	0.45129	1.2708	1.1926	8.6069	1.0531	-162.82	-22.236	-3.8784	-132.4	-35.633	-7.8277	47.194	47.37	-31.389	21.824	18.561	16.829
-4.1131	-9.1739	-28.608	8.6628	-3.806	4.2538	1.7408	-0.077332	0.85304	0.65696	-1.051	0.28718	-0.36863	2.2463	9.3515	20.329	3.3382	30.72	137.22	106.67	-25.848	-2.336	-40.87	45.162	-34.559	-6.5644	-65.578	42.149
-4.2574	-8.6991	-28.934	9.9069	-4.5963	3.068	0.5862	-0.37257	-0.14323	0.54392	-0.35398	0.61417	0.69937	2.6613	-5.7711	18.993	-13.061	49.761	-31.615	-47.431	-46.184	-11.809	-39.851	-4.5219	27.882	13.079	42.72	16.598
-4.5648	-10.255	-27.511	8.7588	-4.59	3.6327	0.76027	-0.34868	0.41164	0.58001	-1.3575	-0.4784	1.4432	0.99951	-12.298	-62.256	56.934	-45.924	0.25452	22.586	6.9626	0.95558	22.195	1.4435	-40.139	-43.703	29.755	-66.47
-4.4228	-8.1498	-27.891	7.6915	-2.8839	2.0249	1.4589	-0.9035	-1.4096	0.94571	-1.4793	-0.06769	0.62078	0.17613	5.6812	84.227	-15.201	-42.69	68.245	-64.31	27.945	-22.193	-72.851	14.628	-4.8734	16.428	-32.898	-32.935
-4.4531	1.0273	-27.3	3.2068	-4.6485	0.83033	-0.37358	-0.4879	-2.0254	0.94599	-2.3852	-0.60836	-0.10261	1.5946	-1.214	367.08	23.635	-179.39	-70.585	-47.785	-73.298	16.624	-24.632	0.011328	-36.235	-21.627	-28.936	56.741
-4.9028	3.6657	-20.987	-0.35795	-2.9188	0.69165	-0.020867	2.8637	-0.4886	1.6053	-0.44255	0.030954	1.6234	0.15509	-17.986	105.54	252.53	-142.59	69.189	-5.5469	14.108	134.06	61.473	26.372	77.705	25.573	69.042	-57.582
-5.7524	-4.5173	-14.649	0.99365	0.29233	2.1292	-1.8428	0.085754	-0.4651	3.1829	-0.72607	-0.91942	-0.52605	0.028768	-33.986	-327.32	253.52	54.064	128.44	57.503	-72.877	-111.12	0.94011	63.105	-11.341	-38.015	-85.98	-5.0528
-3.8825	0.85026	-0.44691	4.3921	3.117	4.7978	0.087899	-1.6743	-2.0836	2.6313	-0.28384	0.58154	-2.0655	0.46528	74.798	214.7	568.08	135.94	112.99	106.74	77.228	-70.402	-64.741	-22.063	17.689	60.038	-61.579	17.461
-3.032	7.1218	3.0146	1.6944	4.7579	2.7584	1.3206	-4.0485	-3.7879	2.5849	-2.0787	3.6615	-2.207	1.8322	34.018	250.86	138.46	-107.91	65.638	-81.576	49.309	-94.968	-68.173	-1.8558	-71.793	123.2	-5.658	54.677
-2.6735	2.7178	4.2669	1.4277	5.1785	3.6329	2.3391	-4.5457	-5.4823	1.0414	-2.294	3.9576	-1.5042	1.7364	14.341	-176.16	50.091	-10.666	16.821	34.981	40.74	-19.888	-67.772	-61.743	-8.6145	11.843	28.111	-3.8314
-2.5698	-0.63247	6.236	1.9541	3.3376	3.1491	3.808	-4.0375	-5.7194	-0.38747	-3.0102	4.6406	-1.3639	0.92189	4.147	-134.01	78.764	21.057	-73.634	-19.351	58.756	20.327	-9.4854	-57.154	-28.647	27.321	5.6112	-32.581
-2.5293	-1.8047	6.9597	2.9691	1.1763	2.7949	4.4815	-2.7477	-6.5681	-1.2185	-2.7358	4.6016	-1.6036	0.87029	1.6217	-46.887	28.947	40.6	-86.452	-14.167	26.938	51.595	-33.949	-33.241	10.976	-1.5606	-9.5865	-2.0639
-2.4729	-2.7288	7.5304	3.4633	0.68624	1.4345	5.4755	-3.3677	-5.2056	-2.0262	-3.1706	5.0588	-2.0248	0.42258	2.2559	-36.964	22.827	19.766	-19.603	-54.418	39.76	-24.802	54.499	-32.308	-17.393	18.289	-16.848	-17.909
-2.4578	-3.613	8.784	2.4826	0.39722	2.4125	4.4342	-2.2998	-6.1998	-0.84898	-4.2511	5.5438	-2.7881	0.6876	0.60446	-35.369	50.146	-39.229	-11.561	39.12	-41.65	42.716	-39.766	47.088	-43.219	19.396	-30.534	10.601
-2.4637	-2.7542	8.2752	2.8867	-0.030865	3.7782	3.3976	-2.1651	-5.9399	-0.71772	-3.7683	4.7456	-2.8279	0.72172	-0.23638	34.352	-20.352	16.163	-17.123	54.628	-41.466	5.3884	10.393	5.2503	19.313	-31.927	-1.5895	1.3646
-2.4988	-1.534	7.2958	2.9124	1.5608	3.1365	3.3369	-3.2584	-4.8367	-0.42779	-3.4349	3.94	-2.7869	0.73478	-1.4042	48.806	-39.177	1.0289	63.667	-25.668	-2.4289	-43.731	44.129	11.597	13.334	-32.221	1.6411	0.52266
-2.6981	-0.25835	6.5967	2.1409	2.8891	3.3899	2.6078	-3.4975	-4.6869	-0.61451	-2.4671	3.274	-2.4952	0.86141	-7.9715	51.028	-27.962	-30.858	53.134	10.135	-29.163	-9.5634	5.9912	-7.4686	38.714	-26.644	11.665	5.065
-3.352	-3.7813	5.6082	1.2946	3.1364	7.104	-1.1702	-1.5406	-3.6767	-3.9513	0.26596	1.6305	-0.33859	-1.0673	-26.158	-140.92	-39.542	-33.853	9.8889	148.57	-151.12	78.275	40.41	-133.47	109.32	-65.737	86.265	-77.149
-5.2049	-35.775	4.1913	2.4117	2.5356	10.339	-1.9271	-1.5999	-0.76481	-2.5011	1.2985	0.97865	1.0713	-3.3352	-74.115	-1279.7	-56.674	44.685	-24.031	129.4	-30.274	-2.3736	116.48	58.009	41.303	-26.075	56.395	-90.717
-5.0179	-10.811	3.4644	-7.5564	-1.4707	6.7912	-3.2067	0.67499	0.40291	0.49971	-0.699	0.23836	1.8114	0.90463	7.4795	998.55	-29.077	-398.73	-160.25	-141.91	-51.186	90.997	46.709	120.03	-79.902	-29.611	29.607	169.59
-3.2013	3.9238	6.2268	-2.1132	1.4074	7.224	-3.8426	0.22928	-2.2879	-2.1649	0.60127	0.017538	0.8075	-0.68974	72.665	589.38	110.5	217.73	115.12	17.314	-25.436	-17.828	-107.63	-106.58	52.011	-8.8331	-40.158	-63.775
-2.5193	2.6595	10.959	-2.876	2.8646	2.9209	-1.3375	0.94588	-6.752	-0.78375	-0.46977	1.6357	-0.56485	-0.64816	27.281	-50.571	189.29	-30.509	58.289	-172.12	100.21	28.664	-178.56	55.246	-42.842	64.727	-54.894	1.6633
-2.318	0.6101	12.906	-2.3896	0.97617	0.61725	1.7024	0.25018	-6.354	-0.53081	-2.2926	3.1481	-0.21742	-1.5284	8.0524	-81.978	77.866	19.455	-75.537	-92.147	121.59	-27.828	15.919	10.118	-72.911	60.494	13.897	-35.208
-2.4962	-2.364	13.342	-0.36741	-0.37144	-0.75217	3.4621	0.06727	-5.4945	-0.70628	-3.6856	3.4954	0.43441	-1.8764	-7.1292	-118.96	17.44	80.888	-53.905	-54.777	70.391	-7.3164	34.38	-7.0189	-55.723	13.894	26.073	-13.923
-3.0352	-5.2775	12.318	1.387	-0.86772	-1.4564	3.9317	0.94616	-3.6396	-1.18	-5.0962	2.6776	0.87678	-1.3936	-21.559	-116.54	-40.936	70.175	-19.851	-28.169	18.781	35.156	74.195	-18.948	-56.425	-32.711	17.695	19.313
-4.1051	-20.183	12.595	4.4755	-2.6574	-1.9612	4.0995	2.5985	-2.7875	-0.90901	-4.8453	2.1595	2.0689	-1.4707	-42.798	-596.23	11.085	123.54	-71.588	-20.194	6.7153	66.092	34.086	10.839	10.039	-20.726	47.683	-3.0845
-6.4435	-47.027	9.3937	6.7773	-1.5949	3.9613	1.637	4.4871	-0.54662	-1.0061	-2.1559	0.61097	2.1184	-1.7648	-93.536	-1073.7	-128.06	92.072	42.503	236.9	-98.503	75.546	89.633	-3.8854	107.57	-61.94	1.9806	-11.763
-7.695	-60.882	6.8933	9.0631	0.38294	4.9454	-0.059549	4.4397	0.21107	-2.3318	-2.1447	-0.77418	1.0798	-0.17528	-50.059	-554.2	-100.02	91.429	79.112	39.364	-67.861	-1.8979	30.308	-53.028	0.44807	-55.406	-41.542	63.581
-8.4397	-70.054	3.2287	11.237	2.0616	5.5274	1.8398	4.8368	-0.66815	-2.7395	-2.1328	-1.0076	0.23631	-0.2285	-29.787	-366.89	-146.59	86.973	67.148	23.28	75.973	15.886	-35.168	-16.305	0.47571	-9.3385	-33.741	-2.1288
-9.2395	-76.889	-0.20493	11.886	2.7608	8.1266	3.093	4.2017	-3.0398	-1.6035	-0.41129	-2.2643	-0.25198	1.2268	-31.991	-273.4	-137.34	25.953	27.966	103.97	50.13	-25.405	-94.866	45.439	68.862	-50.268	-19.532	58.213
-10.076	-80.992	-2.4546	10.765	2.8922	8.8971	3.8625	3.6965	-3.1915	0.99928	-0.30881	-1.5342	-0.40381	-0.18586	-33.461	-164.12	-89.988	-44.852	5.2581	30.818	30.778	-20.208	-6.0684	104.11	4.0995	29.206	-6.0732	-56.508
-7.4965	-47.171	-7.6898	0.23248	-1.3422	4.5714	1.3871	3.8001	-0.77477	1.147	0.66134	0.5305	0.81749	0.11646	103.18	1352.9	-209.41	-421.3	-169.38	-173.03	-99.016	4.143	96.669	5.9094	38.806	82.588	48.852	12.093
-6.7624	-3.0558	-9.9914	-2.2699	-3.5987	2.4463	-0.24223	2.4891	-1.9101	0.34885	0.0042668	0.2081	0.46708	-0.085678	29.361	1764.6	-92.065	-100.09	-90.263	-85.006	-65.172	-52.437	-45.412	-31.927	-26.283	-12.896	-14.017	-8.0854
-5.9245	-7.4652	-2.5274	-1.594	-6.9219	4.2874	0.31216	2.5288	-1.9382	1.6245	0.59208	1.2201	0.89359	0.79771	33.518	-176.37	298.56	27.036	-132.93	73.643	22.176	1.5843	-1.1258	51.027	23.513	40.481	17.061	35.336
-3.6321	-6.0299	8.4127	6.2309	-3.8906	-1.4495	-0.67251	1.7831	-1.6703	1.3074	-0.56586	-1.1422	0.1822	1.2055	91.697	57.414	437.61	312.99	121.25	-229.48	-39.387	-29.824	10.718	-12.686	-46.318	-94.492	-28.456	16.313
-2.6776	-2.9067	11.838	5.7048	-2.5946	-7.1162	0.462	2.2754	-0.72094	-0.59435	-0.85679	-2.2132	-0.62874	1.5129	38.179	124.93	137.01	-21.042	51.841	-226.67	45.38	19.69	37.972	-76.069	-11.637	-42.839	-32.438	12.294
-2.197	-1.0629	11.707	6.5574	-2.407	-9.5446	0.056963	2.7081	-0.46508	-1.394	-0.41674	-1.7157	-0.97899	1.4951	19.223	73.751	-5.2481	34.103	7.5046	-97.134	-16.201	17.306	10.235	-31.985	17.602	19.897	-14.01	-0.71249
-2.0439	2.5778	10.798	6.009	-2.3564	-10.186	-0.041348	2.4888	0.32355	-1.3397	0.0031341	-2.3975	-0.64274	1.8053	6.1238	145.63	-36.342	-21.937	2.0207	-25.646	-3.9325	-8.7683	31.545	2.1704	16.795	-27.271	13.45	12.409
-2.0309	4.249	10.257	6.0909	-2.5079	-10.65	0.52131	3.1135	-0.81614	-0.043645	-0.70615	-1.541	-1.2291	2.1223	0.52301	66.848	-21.653	3.2784	-6.0566	-18.564	22.506	24.986	-45.587	51.843	-28.371	34.26	-23.455	12.677
-2.1295	2.5973	10.652	6.5549	-2.4239	-10.832	0.69109	3.202	-1.0271	0.047064	-0.93957	-0.67328	-1.5698	2.0753	-3.9478	-66.066	15.806	18.56	3.3588	-7.2742	6.791	3.5415	-8.4378	3.6284	-9.3369	34.709	-13.626	-1.8767
-2.3186	1.3059	10.872	6.5131	-2.235	-9.4893	1.2548	2.0238	-0.76044	-0.49123	-0.29623	-0.012489	-1.8273	2.2686	-7.5605	-51.656	8.7889	-1.6727	7.5547	53.693	22.548	-47.13	10.666	-21.532	25.733	26.432	-10.302	7.7326
-2.6654	-0.39321	10.902	7.2515	-3.2456	-8.5694	1.6386	2.9791	-0.69192	-0.77623	-0.93624	0.28248	-1.7086	2.2998	-13.873	-67.965	1.2326	29.537	-40.422	36.798	15.352	38.213	2.7407	-11.4	-25.6	11.799	4.7497	1.2469
-3.3899	-12.1	13.157	8.9043	-3.8963	-7.1512	1.7522	4.6756	-0.45617	-1.4091	-1.4671	0.50683	-0.88888	0.95186	-28.983	-468.27	90.197	66.109	-26.029	56.728	4.5466	67.86	9.4298	-25.316	-21.233	8.9743	32.788	-53.918
-4.7635	-30.278	12.808	9.3678	-5.3165	-4.3885	1.3042	5.2175	1.374	-1.0586	-1.7051	0.70029	-1.1055	0.30407	-54.942	-727.14	-13.981	18.54	-56.809	110.51	-17.922	21.675	73.209	14.022	-9.5192	7.7385	-8.6633	-25.912
-6.479	-50.993	9.8367	8.1792	-3.9553	1.7977	0.33476	6.6917	0.60423	-3.2252	-2.2241	-1.9794	-0.37063	1.0825	-68.62	-828.57	-118.85	-47.54	54.45	247.45	-38.777	58.968	-30.793	-86.664	-20.76	-107.19	29.393	31.136
-7.8772	-66.719	1.5792	12.601	1.4868	8.8534	2.4043	3.5913	-2.5442	-5.2533	-1.4702	-2.1893	1.5259	0.062689	-55.927	-629.04	-330.3	176.86	217.68	282.23	82.78	-124.02	-125.94	-81.122	30.154	-8.3963	75.86	-40.792
-8.9251	-74.04	-0.68484	10.614	3.3491	9.0307	3.0679	1.6589	-3.1889	-1.6938	-1.3537	-1.6303	-0.35965	-0.70367	-41.917	-292.85	-90.563	-79.47	74.493	7.0901	26.544	-77.297	-25.789	142.38	4.6587	22.36	-75.421	-30.654
-10.338	-81.109	-3.9401	8.4661	0.73491	8.3164	3.5303	2.7405	-2.9407	-0.2004	-0.65651	-1.659	-0.73309	-1.0231	-56.53	-282.76	-130.21	-85.916	-104.57	-28.57	18.498	43.265	9.931	59.735	27.889	-1.147	-14.938	-12.777
-11.503	-89.294	-12.104	5.4934	-2.5362	8.1931	2.1495	2.7591	-2.0967	0.34125	-1.624	-1.404	0.27591	-0.29041	-46.597	-327.42	-326.57	-118.91	-130.84	-4.9342	-55.232	0.74407	33.757	21.666	-38.701	10.199	40.36	29.307
-6.5169	-19.081	-13.96	-8.7759	-6.8977	6.1657	0.49585	-1.5809	0.51606	1.318	0.84668	-1.5967	0.64507	0.23665	199.46	2808.5	-74.231	-570.77	-174.46	-81.093	-66.146	-173.6	104.51	39.069	98.828	-7.7068	14.766	21.082
-6.3211	-3.658	-12.539	-7.2345	-6.0731	4.4455	-0.31559	-1.1779	1.0613	0.29887	-0.83013	-1.0611	-0.20773	0.92501	7.8321	616.92	56.849	61.658	32.987	-68.808	-32.458	16.122	21.811	-40.764	-67.072	21.423	-34.112	27.535
-6.6731	-18.678	-10.666	-4.4172	-4.3641	3.4359	-1.1886	-0.9799	2.8011	1.1225	-0.0089554	-0.60838	0.34556	1.1987	-14.078	-600.78	74.912	112.69	68.357	-40.385	-34.922	7.9184	69.591	32.946	32.847	18.109	22.132	10.946
-4.1304	-9.6495	-2.3712	6.3704	5.7903	3.1307	-3.0352	-0.13221	1.3188	-2.2386	-0.33105	1.1298	1.2399	0.2995	101.71	361.12	331.79	431.5	406.18	-12.209	-73.864	33.908	-59.291	-134.44	-12.884	69.529	35.772	-35.966
-2.8082	10.203	2.1289	1.7793	7.8282	0.43656	-3.4283	-2.0845	0.66857	-2.6565	-0.69614	1.2764	0.21736	-0.53467	52.887	794.09	180	-183.64	81.519	-107.76	-15.721	-78.091	-26.01	-16.717	-14.604	5.8616	-40.9	-33.367
-2.1726	14.964	4.3237	-1.3994	6.9392	-0.47378	-4.9436	-1.6179	0.62069	-1.5005	-1.6391	1.8149	-0.29945	-0.27881	25.426	190.46	87.792	-127.15	-35.561	-36.414	-60.615	18.665	-1.9154	46.241	-37.718	21.543	-20.672	10.234
-1.8746	21.769	3.0446	-4.4623	8.7127	-2.4475	-4.5743	-2.1355	0.86546	-0.73393	-1.2832	1.8336	0.098917	-0.62982	11.919	272.17	-51.161	-122.51	70.94	-78.949	14.773	-20.704	9.7911	30.662	14.234	0.74742	15.935	-14.04
-1.5926	26.688	1.2201	-4.5114	7.994	-2.8773	-5.0297	-2.6795	2.1445	-1.3597	0.0069378	0.85227	0.82227	-0.5279	11.279	196.79	-72.981	-1.9665	-28.746	-17.19	-18.215	-21.761	51.16	-25.032	51.606	-39.254	28.934	4.0767
-1.2816	29.972	1.1272	-5.944	8.0922	-3.7713	-4.6254	-3.2747	1.8476	-0.70901	0.096496	0.80063	1.6014	-0.63293	12.441	131.37	-3.7166	-57.303	3.9261	-35.761	16.171	-23.809	-11.876	26.028	3.5823	-2.0656	31.167	-4.2014
-0.96099	31.209	1.3657	-6.1714	7.4296	-4.183	-4.6157	-3.5166	1.702	0.35291	0.24415	1.0984	1.4482	-0.15498	12.823	49.478	9.5412	-9.0975	-26.503	-16.47	0.3873	-9.6765	-5.8231	42.477	5.9063	11.912	-6.1292	19.118
-0.69631	34.407	1.3605	-7.3535	6.4106	-4.7881	-4.0347	-3.5617	1.5426	1.5752	0.2357	0.81359	1.6556	0.22216	10.587	127.92	-0.2092	-47.282	-40.762	-24.202	23.241	-1.8019	-6.3768	48.89	-0.33824	-11.394	8.2962	15.086
-0.55308	35.336	1.9436	-7.9627	4.3908	-4.4065	-4.0434	-3.3911	1.7579	1.9032	0.68159	0.44606	1.655	0.50286	5.7295	37.138	23.324	-24.369	-80.792	15.261	-0.34775	6.8243	8.6132	13.121	17.836	-14.701	-0.023365	11.228
-0.49823	35.644	3.0889	-9.7571	4.3012	-5.3486	-2.7594	-3.6466	1.6372	2.2073	1.0599	0.44984	1.0861	0.72644	2.1939	12.308	45.811	-71.777	-3.5827	-37.683	51.36	-10.221	-4.8272	12.165	15.134	0.15137	-22.755	8.9434
-0.45088	35.16	4.5137	-10.406	2.9951	-4.9844	-2.4051	-3.2689	1.0102	2.4292	1.6276	0.85881	0.37516	0.90096	1.8938	-19.33	56.992	-25.959	-52.243	14.57	14.172	15.107	-25.082	8.8753	22.706	16.359	-28.439	6.9807
-0.49203	33.706	4.5348	-8.6584	2.0055	-4.3178	-1.4263	-4.2556	0.38732	2.2785	2.9519	1.1091	0.1963	0.61535	-1.6459	-58.181	0.84432	69.908	-39.586	26.662	39.154	-39.467	-24.914	-6.0288	52.972	10.014	-7.1543	-11.425
-0.69608	29.636	5.0042	-6.7144	1.2983	-3.8614	-0.51918	-4.1338	-0.2978	2.1287	4.2055	1.3675	-0.25531	-0.2709	-8.1618	-162.8	18.777	77.762	-28.288	18.256	36.283	4.8734	-27.405	-5.992	50.144	10.333	-18.065	-35.45
-1.1357	23.465	6.3328	-5.2419	0.75406	-3.2879	-0.86136	-2.9255	0.088079	2.8445	4.1131	1.2701	-1.2589	-0.77094	-17.586	-246.83	53.145	58.899	-21.77	22.942	-13.687	48.33	15.435	28.635	-3.695	-3.8964	-40.144	-20.001
-1.9067	14.729	8.5283	-3.2017	-0.10415	-0.70477	-0.69636	-1.2961	0.22646	1.8665	5.4357	0.63616	-1.7239	-2.3647	-30.84	-349.43	87.82	81.607	-34.328	103.32	6.5998	65.178	5.5352	-39.121	52.903	-25.356	-18.601	-63.751
-3.0776	4.1134	7.1549	1.0843	-2.566	3.6108	-1.3644	1.3554	0.54333	0.73626	3.9356	-0.061372	-2.2375	-1.4028	-46.836	-424.63	-54.937	171.44	-98.474	172.62	-26.72	106.06	12.675	-45.211	-60.002	-27.901	-20.543	38.477
-4.2962	4.8219	-1.4905	0.6806	-0.22916	6.5146	0.90686	2.3964	-1.6993	1.0658	0.56678	-0.59674	0.35313	0.41602	-48.744	28.337	-345.82	-16.149	93.473	116.15	90.849	41.64	-89.705	13.18	-134.75	-21.415	103.63	72.752
-5.3178	7.2785	-8.5997	-0.52594	-2.4177	4.1801	0.67468	3.4375	0.51945	-0.024858	-1.3136	-0.46737	-0.067811	0.42506	-40.861	98.264	-284.37	-48.261	-87.541	-93.38	-9.2872	41.644	88.75	-43.625	-75.215	5.1749	-16.837	0.3615
-5.4354	4.5675	-16.273	0.3583	-1.3686	1.9339	-1.2749	3.1657	0.014371	-0.22037	-0.48651	0.47563	0.26096	1.2297	-4.7046	-108.44	-306.92	35.37	41.962	-89.845	-77.984	-10.875	-20.203	-7.8203	33.084	37.72	13.151	32.185
-5.4328	8.3299	-17.282	-0.84863	-1.4118	2.8981	-0.57028	2.8622	-0.11049	-0.036869	-1.2743	-0.94777	-0.59969	0.59573	0.10447	150.49	-40.349	-48.277	-1.7255	38.568	28.185	-12.139	-4.9945	7.3398	-31.51	-56.936	-34.426	-25.358
-5.4832	4.585	-16.613	-0.63719	-0.66812	4.8906	1.0967	2.8389	-0.46586	-0.20631	-0.92741	0.064793	1.2862	1.2689	-2.0168	-149.8	26.723	8.4574	29.746	79.699	66.678	-0.93033	-14.215	-6.7777	13.874	40.502	75.434	26.928
-5.5972	5.8648	-16.372	-0.080578	-3.1984	3.2896	0.34742	3.152	0.18025	0.67093	-0.8196	-0.42581	0.65072	0.98706	-4.5598	51.193	9.6418	22.265	-101.21	-64.039	-29.97	12.522	25.844	35.09	4.3127	-19.624	-25.418	-11.274
-5.7208	0.88613	-17.855	-1.7739	-3.2245	1.7462	-2.9352	-0.49416	-1.09	2.3875	0.3362	-0.35478	0.017812	1.4447	-4.9441	-199.15	-59.316	-67.734	-1.0456	-61.737	-131.3	-145.85	-50.811	68.661	46.232	2.8412	-25.316	18.306
-6.1297	-4.4387	-18.744	-1.356	-4.3323	0.3604	-3.6494	1.2245	-0.93751	0.69886	0.098494	-0.063943	1.03	0.24457	-16.358	-212.99	-35.533	16.715	-44.31	-55.431	-28.57	68.745	6.1008	-67.544	-9.5082	11.633	40.488	-48.005
-6.3628	-8.0936	-20.007	-1.4195	-2.7313	3.8106	-1.4247	1.6359	-0.32787	1.1523	0.025415	-2.3576	1.4305	2.0069	-9.3213	-146.2	-50.516	-2.54	64.04	138.01	88.987	16.457	24.386	18.136	-2.9232	-91.746	16.021	70.492
-6.5035	-8.7799	-21.154	-3.2295	-6.3135	1.5294	-1.514	0.63572	1.78	1.9599	-0.25429	-0.78021	1.6514	0.83482	-5.6307	-27.45	-45.885	-72.397	-143.29	-91.25	-3.5718	-40.007	84.314	32.306	-11.188	63.096	8.8331	-46.882
-7.167	-16.778	-17.101	0.12839	-3.7189	1.156	-1.5081	0.29566	0.20125	2.7669	-1.4744	-2.3612	1.6821	-0.20297	-26.541	-319.93	162.1	134.31	103.79	-14.937	0.2361	-13.602	-63.149	32.277	-48.803	-63.239	1.2318	-41.512
-9.292	-67.79	-10.702	3.3537	-3.376	5.1295	-3.2695	0.76288	0.12882	1.617	0.73908	-1.6688	0.7232	-0.54485	-84.997	-2040.5	255.96	129.01	13.715	158.94	-70.455	18.689	-2.8973	-45.993	88.538	27.698	-38.358	-13.675
-13.043	-86.246	-16.025	3.5405	-1.3745	6.005	0.80188	3.6865	-0.84497	1.2909	0.87075	-0.013637	1.7425	0.47708	-150.05	-738.2	-212.92	7.4746	80.059	35.02	162.86	116.95	-38.951	-13.045	5.2669	66.205	40.771	40.877
-13.002	-86.641	-14.566	3.5336	-3.3109	6.7965	2.5651	2.4344	-1.0454	0.92469	0.16665	0.44702	0.21012	-0.53977	1.6662	-15.818	58.378	-0.27787	-77.454	31.658	70.528	-50.086	-8.0166	-14.648	-28.164	18.426	-61.294	-40.674
-13.091	-89.624	-16.318	1.6303	-4.0942	4.3959	1.5369	3.1642	-0.9554	0.77346	0.50299	0.67383	1.4697	0.76807	-3.5662	-119.32	-70.084	-76.131	-31.332	-96.021	-41.126	29.193	3.5993	-6.0491	13.454	9.0727	50.384	52.313
-7.3331	-43.724	-7.3515	-3.694	-5.3424	-0.3389	-0.60915	3.02	-1.1775	-1.0935	1.1828	0.22371	-0.094143	0.77895	230.31	1836	358.65	-212.97	-49.928	-189.39	-85.843	-5.7697	-8.8845	-74.678	27.194	-18.005	-62.555	0.43527
-6.5148	-0.24838	-10.84	-1.2734	-7.1003	-0.1875	-0.72557	2.0855	-0.58847	-1.2851	1.3286	0.28466	0.51343	0.45794	32.732	1739	-139.54	96.825	-70.317	6.0559	-4.6566	-37.377	23.562	-7.6642	5.8288	2.4376	24.303	-12.84
-6.0596	-6.3084	-16.869	3.4038	-4.2328	2.192	-1.665	2.3153	-0.26926	-0.24715	0.059893	-0.059018	1.4096	0.89666	18.209	-242.4	-241.16	187.09	114.7	95.18	-37.576	9.1894	12.768	41.518	-50.747	-13.747	35.847	17.549
-6.1702	-8.3229	-21.052	4.0739	-1.6443	2.8734	-0.71813	1.4132	-0.69343	-2.2872	-0.019124	-1.0641	0.1951	1.7173	-4.4233	-80.582	-167.32	26.805	103.54	27.257	37.874	-36.082	-16.967	-81.603	-3.1607	-40.205	-48.58	32.824
-6.2601	-9.9701	-20.937	0.34785	-4.0027	0.085375	-0.7887	3.3584	1.0112	-0.50743	2.8555	0.20712	1.228	1.5635	-3.5986	-65.89	4.6123	-149.04	-94.333	-111.52	-2.8229	77.809	68.185	71.192	114.99	50.851	41.317	-6.1505
-6.5464	-6.9127	-14.184	-0.55414	-2.581	3.6101	-1.0154	-0.014042	0.46771	-0.32346	1.2448	0.46703	0.61507	0.54266	-11.449	122.3	270.12	-36.08	56.866	140.99	-9.0694	-134.9	-21.74	7.3589	-64.429	10.397	-24.518	-40.834
-6.8443	-9.0059	-10.421	-0.25542	-3.3371	1.1925	-2.0786	0.1097	1.1711	-0.72133	0.95315	0.18484	1.1588	1.0877	-11.917	-83.73	150.52	11.949	-30.244	-96.701	-42.528	4.9497	28.136	-15.915	-11.666	-11.288	21.751	21.803
