Log_Energy MFCC_1 MFCC_2 MFCC_3 MFCC_4 MFCC_5 MFCC_6 MFCC_7 MFCC_8 MFCC_9 MFCC_10 MFCC_11 MFCC_12 MFCC_13 Log_Energy_D MFCC_1_D MFCC_2_D MFCC_3_D MFCC_4_D MFCC_5_D MFCC_6_D MFCC_7_D MFCC_8_D MFCC_9_D MFCC_10_D MFCC_11_D MFCC_12_D MFCC_13_D
-5.82617 -5.903653 3.34323225 0.31826275 -1.1853805 -0.26124241 0.631649875 0.81044874 -0.07190125 0.3311052 -0.00298252499999997 0.199454 -0.46915385 0.0722572 -14.935796 -221.44875 2.03458625 51.179015 -31.60349725 30.01715575 1.592505 4.001585 -2.2323095 6.1614025 4.052682025 -16.470942 -5.63496 4.8547375
-7.35479 -24.02412 -16.1086511 3.29687 -1.151835 2.521657 3.735332 0.840958 -1.077445 -0.247342 0.645988 -1.498568 1.243793 -1.269209 -60.82986 -760.432 -115.5524 -22.70801 -3.174 40.9867 50.74564 19.54423 -6.89684 7.632424 -8.5512 -22.94614 21.30602 -2.391242
-4.04346888888889 12.0616510444444 6.32225111111111 -1.948264 1.89883711111111 -1.07728122222222 -1.43066628888889 -0.323994844444445 -0.167335111111111 0.769509933333334 -0.943638266666666 0.858999777777778 0.237954397777778 0.00414466888888889 -1.36034844444444 4.71796177777778 -52.8397377777778 34.5936229777778 39.0725777777778 -27.8031266666667 -6.1416 19.5815337777778 -2.94031333333333 -21.6393466666667 -4.59699333333333 9.72092155555556 0.376038666666667 -9.55507155555556
-7.83425 -18.8718558333333 -10.1294416666667 -1.2766075 -0.409335833333333 0.294221666666667 1.2456525 0.510958333333334 0.0166229166666667 0.062065 0.8005 -1.49444333333333 0.552445 -0.584728333333333 -54.4460666666667 -566.4525 332.77125 -59.3985 0.278658333333336 30.2754166666667 -46.49475 11.2379166666667 29.4963833333333 6.13415833333333 -1.95330833333333 -7.66006666666667 -17.6674166666667 -7.93825833333333
-4.9647 3.3966 7.81919 1.349472 1.65858 1.7988213 -0.104135 -0.951153 -0.172089 -0.387803 -0.718841 -0.495202 -0.1633778 -0.464735 79.5752 506.087 512.089 42.495 23.4864 -31.91268 -21.5405866 -34.635009 -69.77425 15.10487 -54.3536 18.3338 -12.0373 7.516031
-5.73010909090909 1.25399090909091 -10.5723854545455 0.0252827272727272 2.12744490909091 0.0341636363636363 -0.0281854545454545 -1.03131463636364 0.646484545454545 -1.19023272727273 0.865570909090909 -0.779827545454545 0.585533636363636 0.172809090909091 -11.4118272727273 -212.551818181818 230.248181818182 -65.4644545454545 73.3451818181818 3.96439090909091 20.0108454545455 -43.0375736363636 14.1396363636364 13.5546 -17.6104818181818 38.2796818181818 -33.3750454545455 29.7277181818182
-4.877253125 0.9589653125 2.0355125 1.5887125625 -2.649591375 -0.41399625 0.631461375 -0.10182639375 -0.065969315625 0.00403406249999996 -0.0073172812499999 0.0688315625 0.30209996875 0.284928375 14.915278125 244.9596875 -53.9721446875 -43.159609375 -37.899796875 -34.1864475 18.0586125 -2.166496875 -12.4645096875 1.15780875 4.44740846875 6.3499253125 17.21674375 -4.27361875
-4.56580476190476 7.58196857142857 1.29894285714286 -0.689433142857143 0.302335857142857 -0.269321428571429 -0.289048523809524 -0.898761671428572 -0.695126 0.60729 0.104365238095238 0.627488095238095 -0.270791857142857 -0.035999 3.0653 15.1935047619048 2.35248095238095 69.4965033333333 -76.8299047619048 -26.5955380952381 59.9476714285714 19.2501766666667 -29.5572338095238 4.51102380952381 7.4619419047619 18.9400952380952 -1.70101942857143 -7.61123952380952
-4.21241944444445 11.8767388888889 2.44726277777778 -0.483778861111111 -0.318500277777778 -0.916217222222222 0.2016685 -0.123383583333333 -0.726731 0.0311976388888889 -0.0198295 0.688316694444444 0.0696677777777778 0.233171194444444 11.9710588888889 185.665277777778 23.7116788888889 -68.3545555555555 -2.55461388888889 39.9163788888889 -11.0315055555556 -10.7609194444444 -9.72727111111111 19.8666861111111 0.34728611111111 -3.03563611111111 -6.31984444444445 2.76444444444444
-6.09793333333333 5.17892666666667 -11.4074666666667 0.384579333333333 -0.738982066666667 0.175908 1.1240096 0.238218 -0.769676666666667 -0.0816366666666666 0.867366 -1.77051333333333 0.711364866666667 -0.641928533333333 24.16054 358.811333333333 -372.520666666667 95.2588733333333 -7.58887333333333 -31.0101266666667 4.37733333333334 -15.7790533333333 -6.07859333333333 4.78357066666667 13.7571526666667 -23.2177466666667 28.3801786666667 -4.92628666666667
-5.26455614035088 0.800129298245614 2.61321475438597 -0.243339684210526 0.85143841754386 -0.892321228070175 -0.872502473684211 0.425942259649123 -0.122964561403509 0.00395947368421051 -0.1122133 0.218022280701754 -0.267615122807017 0.427235894736842 2.33107052631579 39.7327929824562 7.07231859649123 -12.4209143859649 -4.17018561403509 -11.9810475438596 10.3289368421053 6.80756140350877 1.73593385964912 0.276959473684211 -4.38330838596491 -0.684076666666666 3.3306649122807 7.0469349122807
-6.31357916666667 -10.6989304166667 -3.8115875 2.27954208333333 1.45936454166667 0.430406666666667 0.444846666666667 0.0397864166666666 0.0651672916666666 -0.205790791666667 0.427695416666667 -0.259055 -0.461962083333333 0.0215713749999999 -29.1440291666667 -404.437916666667 -103.40785 39.5913833333333 66.03275 64.8392083333333 11.8217625 -14.3707541666667 25.417125 -22.4697154166667 3.71789125 -10.6275866666667 -7.80183875 3.84702916666667
-5.52805135135135 -1.72984594594595 0.730250540540541 0.493748918918919 0.873706216216216 -0.508197405405405 -0.329917297297297 0.485250945945946 1.08897283783784 -0.109468432432432 -0.0306713243243243 0.182599810810811 -0.182073810810811 0.225414486486487 -11.3992864864865 -168.81845945946 -28.8252216216216 54.8490837837838 76.0991 -31.8163778378378 4.32329864864865 15.8085675675676 19.0587432432432 -11.2179467567568 -6.45380808108108 19.0825972972973 -9.18822972972973 5.95013432432433
-5.13960476190476 2.74353333333333 4.3754 -1.59879238095238 -0.521779047619048 0.922566047619047 0.647839809523809 0.0277099999999999 0.26916 0.395498571428571 0.0718359523809524 0.167418285714286 -0.414589523809524 0.37362619047619 -2.93045904761905 92.7878095238095 -85.9924523809524 -49.5565047619048 74.4051904761905 20.2979323809524 -26.7999952380952 -25.4847047619048 18.085580952381 -3.0153119047619 17.8135366666667 -21.2630619047619 6.88069238095238 6.96121333333333
-4.62404375 6.91841875 -0.835679375 3.4330375 2.3491625 -1.492745875 -0.33374998125 -0.0804125 0.0714756875000001 -1.156135 0.35717 0.642573125 -0.295615125 0.25091 -12.622238125 -107.8955 -70.4479125 105.2281875 -46.171583125 -8.0698025 9.163764375 -18.05628125 40.1948125 -40.83694375 20.11781875 -35.6513375 17.5413625 -11.73674375
-5.32444074074074 0.608514814814815 2.82036777777778 -1.76007740740741 1.48864296296296 0.809240925925926 -1.27782640740741 -2.45318518518518 1.07708074074074 0.681527777777778 -0.382963555555556 -0.330282740740741 0.104038037037037 0.308601059259259 -0.788758518518519 -30.1339037037037 77.5455185185185 -37.9240592592593 -90.4997777777778 22.8227033333333 14.6754148148148 -23.3060111111111 -13.4227814814815 21.9630533333333 22.9154888888889 -16.1644318518519 3.49547296296296 1.452
-7.1459 -7.63461833333333 -12.5752666666667 -3.75224166666667 -1.99712833333333 -0.469816666666667 0.537416666666667 0.541785 -1.875872 -1.108096 1.80543 -2.23481666666667 0.916979166666667 -1.86636666666667 123.576833333333 1668.5 -71.7754833333333 -48.3026666666667 -23.0498333333333 -139.35 -83.597 -58.3993333333333 -76.0388333333333 -47.3328333333333 -5.05566666666667 -22.9835166666667 8.96125 -10.9608333333333
-9.2724 -46.7163636363636 -7.63005727272727 3.52281363636364 -1.57209818181818 4.86812727272727 2.84492454545455 0.302542909090909 0.256207272727273 -1.33221109090909 0.352599363636364 -0.828962909090909 0.447054545454545 -1.26616363636364 -128.910545454545 -1465.23636363636 20.6367818181818 -54.0205272727273 -78.6054545454545 135.769 76.2486 61.0201818181818 3.1834 2.53302727272727 2.52065454545455 -12.5306272727273 42.7365090909091 -41.5980909090909
-5.4995625 6.03224 5.9702875 -4.618875 3.29886675 0.10617125 -1.3650675 -1.084125 -1.283742 -0.272565 -0.48075875 -0.2581 0.220923625 -0.16675375 63.219375 1014.34375 345.24825 -198.023 68.425125 -105.78625 -85.33875 -12.3795 -55.3510375 8.9381125 -40.67825 9.546 -4.6076625 -9.3105625
-5.685184 4.67067 1.074244 -0.1211464 -1.832856 0.2527924 0.18117872 -0.0253750800000001 -0.5269452 -0.04396222 0.19782364 0.0120796 -0.340097776 0.05558492 31.023436 436.5624 111.49628 -51.000776 -2.811492 -44.442478 -31.892572 -6.621092 -12.3722452 27.549548 12.898136 20.0863152 -14.685872 16.795588
-5.65623125 -3.62384041666667 0.584277083333333 -0.603471604166667 -0.820338125 -0.297388375 -0.3708113125 0.53129701 0.252030229166667 -0.247263583333333 -0.293636875 0.50185925 -0.237628985416667 -0.00574224999999997 -5.938915625 -78.0513958333333 42.00504375 -6.35031458333334 3.69953083333334 -21.4318039583333 -13.2701397916667 26.0596160416667 13.9764172916667 -26.10376175 -14.5397564583333 3.94427708333333 3.91289666666667 -3.83151708333333
-6.94506923076923 -8.17581615384615 -8.99498461538462 0.322257 -3.41447230769231 2.18443384615385 0.865366923076923 1.46349153846154 1.02844253846154 -1.15838461538462 1.42809076923077 -1.14703307692308 0.7959838 -0.582202615384615 53.2865307692308 821.051538461538 -67.8523076923077 -69.5725269230769 -65.2012846153846 -25.5626153846154 -25.8696846153846 -16.5546730769231 16.9394615384615 -21.9103846153846 23.1766384615385 11.5950076923077 17.2023076923077 8.28900769230769
-6.3098 -13.2758222222222 1.90915555555556 1.43520222222222 3.97372555555556 3.65180888888889 0.630824444444445 -2.14492777777778 0.112001111111111 -0.230114444444444 -0.345950555555556 -0.554234444444444 -0.0929204444444444 -0.133917777777778 65.5748677777778 -46.3397777777778 494.004444444445 158.320666666667 150.663 78.9673555555556 16.2747333333333 -67.3319444444444 -35.6743333333333 12.7207666666667 -41.8815333333333 50.1778888888889 -31.6565555555556 22.3142444444444
-4.88831875 6.817154375 -2.7510178125 1.920188125 2.0750745625 -0.2275393125 -1.1477325 -1.290809375 -0.22165125 -0.82221825 -0.0171192999999999 -0.0129596125000001 -0.031376875 0.369854375 12.69264375 88.65158125 53.755875 40.667625 62.81863125 -36.634275 -74.08871875 -24.17986875 -1.1138875 25.49604375 -31.193745 -12.2984 -4.7443125 -11.23423625
-5.69749285714286 8.46901428571428 -8.74785842857143 2.61285714285714 0.0434557142857144 1.29838792857143 1.25094142857143 -0.195560928571429 0.189735714285714 -0.0415892857142857 1.0379845 -1.54095928571429 0.807294428571429 -0.508710428571429 -11.8615857142857 9.97974142857143 -338.406428571428 33.1863571428571 -68.3045714285714 32.4898285714286 43.1052857142857 10.6078571428571 13.6933642857143 15.4132785714286 20.0550571428571 -44.5599428571429 28.6805857142857 -33.5507071428571
-5.15057857142857 -0.0609028571428574 4.15954657142857 -0.224078857142857 0.245032571428571 -0.3728303 -0.397597132857143 0.0997669285714286 -0.0358420428571428 0.385975085714286 -0.376461985714286 0.448877442857143 -0.2975027 0.390948057142857 -6.964024 -64.5538835714286 -12.3033660428571 5.47890285714286 -3.64789142857143 29.2401281428571 1.39866485714286 -15.4091341428571 -5.470432 8.834876 2.57834871428571 -2.69515328571429 -3.09223885714286 8.42352428571429
-6.84906666666667 4.86816666666667 -11.751 -6.4408 -2.52276666666667 -1.96557 -0.0400233333333334 0.765023333333333 0.7453 -0.208856666666667 1.37947333333333 -1.14965333333333 0.747270666666667 -0.8562 250.013333333333 2897.6 -56.761 -105.102133333333 79.5646666666667 -242.063333333333 -79.3858333333333 -19.0876666666667 33.1526666666667 22.707 47.902 -24.0566333333333 -49.4786666666667 15.537
-5.59574 0.66059 -22.26571 3.29296 -0.401304 0.976522 2.6563651 1.48999 -0.173601 -1.006335 1.198532 -1.870312 0.9909982 -1.321631 -4.70235 -220.906 -407.773 65.3053 26.16229 36.182654 59.3346 57.6081 0.988680000000002 -7.0174 1.05092 6.59141 -3.0421 -25.5583
-4.86205 10.8674875 -0.8723875 -0.42583 -1.29048375 0.32854875 -0.57596625 0.1896725 0.93636 0.92695125 -0.497705 -0.13342125 -0.23672 -0.367205 -7.662375 -23.400355 -42.6132375 -20.0558125 -101.93075 42.566025 12.0442375 5.383775 31.24825 14.6516 -20.19905 36.147575 -24.264 -45.604125
-9.53374 -31.25046 -12.98956 -1.953328 -2.120184 3.26554 2.616258 0.963156 -0.6932198 -0.251336 1.015295 -1.114848 0.9162766 -0.68592 -26.7288 -52.2947 -202.252 -151.388 -114.8128 -77.11264 -18.4756 -39.312304 -52.03872 -1.99478 27.62182 47.3294 29.73822 12.84224
-6.9844380952381 -11.1364904761905 -3.55005571428572 1.38615190476191 -2.10687238095238 1.19083023809524 1.20853380952381 0.520877142857143 0.113107619047619 -0.875736761904762 -0.586198571428571 -0.691701428571429 0.333371676190476 -0.320101904761905 -22.8911285714286 -464.074761904762 88.9255333333333 89.4754285714286 -26.3091904761905 -21.7355714285714 24.36294 23.389219047619 16.1081566666667 -8.968 -22.0524142857143 6.72149523809524 3.30070952380953 8.74778857142857
-3.852912 14.422156 3.6052068 -2.3877708 -0.8324656 -1.52397 -1.2584676 -0.2129636 0.04749382 0.87292884 0.01326136 0.8859432 -0.115035012 -0.1727654 -1.9868496 8.77892 37.239212 -96.12392 12.46800368 26.67536 -22.78916 15.39874 -2.20738 13.80891896 14.977108 2.11357132 -12.213904 -2.6307192
