-2.43232801136364 6.59426715909091 3.19317625 -0.965162727272727 0.285519227272727 -0.000973409090909073 -1.21613238636364 0.144287556818182 -0.889525056818182 0.233235545454545 -0.068290284090909 -0.426956431818182 0.4074699 -0.0300169056818182 -4.79046284090909 -137.5925 68.5703919318182 -29.7067365909091 26.05353625 17.2594011363636 -8.89563795454545 3.37757852272727 -8.17988295454546 2.05724670454545 1.54869697727273 -6.14368243181818 -2.45529352272727 -0.932726590909091
-4.38325454545454 -12.7864290909091 -7.86432636363636 5.70598636363636 -0.449 0.260509090909091 2.59914727272727 0.283858181818182 2.23851545454545 -2.11165363636364 0.598632072727273 -0.107707 -0.247416272727273 0.650903909090909 52.4102281818182 -33.7671854545455 255.220909090909 226.422727272727 55.3462 15.8426181818182 -1.63935454545454 55.8639181818182 -20.9129727272727 -0.919609090909092 2.85994545454545 -15.0149909090909 -4.58441818181818 -9.66760909090909
-3.937862 1.612338 -2.4836895 -3.4352285 -0.4661575 -1.1008878 0.677182 0.42118985 0.6180986 -0.5012725 0.32111105 0.583784 -0.08396305 0.2842983 28.044505 708.378 -47.2453 -104.80165 37.183645 -70.76517 -25.55205 23.699422 -4.062705 6.32943 -1.20613 -7.45043195 -20.28098 8.465745
-8.04738571428571 -57.8980714285714 -8.0172 3.39465714285714 -1.24258214285714 4.89817857142857 2.88163857142857 -0.538628071428571 2.127205 -1.337155 0.788763571428571 0.296976785714286 0.237969285714286 -0.701332928571428 -129.154357142857 -1574.37857142857 -235.7485 222.439142857143 -70.4820928571429 43.9772142857143 145.842385714286 27.0145 43.1569 -28.6881642857143 31.2418571428571 3.114795 -4.50302857142857 -7.81432857142857
-6.21846714285714 -32.4730392857143 -3.79940178571429 1.01731 -0.749530357142857 1.74310785714286 1.72071 -0.835120571428572 1.5405675 -0.359605192857143 0.641457821428571 0.168639642857143 -0.580092357142857 -0.168004928571429 -66.0900321428571 -957.793571428571 -38.9809821428572 100.321132142857 -11.9457142857143 56.5823321428571 26.2619785714286 -3.39775 37.9041 -24.0391989285714 6.19776785714286 -5.52890392857143 4.47161785714286 -1.92021785714286
-2.34456463986014 8.97944821188811 1.62389916083916 -0.736002573426573 -0.821003636363636 -1.56083806293706 -0.289154516783217 0.262576363636363 -0.40084972027972 0.331571813286713 -0.164375661398601 0.427235909090909 -0.0192492148251749 0.194419829160839 2.51856230769231 89.356586013986 -45.7976483216783 -0.361413881118881 -0.515002860139862 -9.9475829020979 14.6941040020979 -16.7821160839161 4.49734321678322 4.92761216783217 -3.13085622377622 8.01788993006993 -5.94278470629371 4.76638295804196
-5.8489 -12.26885 -6.89983333333333 -3.20215 -2.72752666666667 2.02287 -0.159528333333333 0.377145 1.78062 -1.69814833333333 0.293283333333333 -0.533951666666667 -0.582845 0.700016666666667 245.5105 3070.06666666667 361.176 -278.7775 71.4637666666667 -66.595 -175.103333333333 -15.048 -57.159 23.3213333333333 -27.2068333333333 -42.27415 -48.3603333333333 30.9866666666667
-1.96636253950617 9.40137025308642 3.42360987654321 -0.803308648148148 -0.508403580246914 -1.12650183333333 -0.938707545061729 0.3970045 -0.938822658024692 0.445365037037037 -0.0692892950617284 0.244764805555556 0.0283114938271605 0.0999095679012345 1.99021914197531 2.54742254320988 24.8567530802469 -9.7780324691358 -2.66371481481481 1.71371259259259 -10.3428471604938 6.15957269753086 -5.13413122839506 3.55397166666667 -1.15591024691358 0.0838061111111111 4.4685049382716 -4.25626035185185
-3.059615 7.75180725 -1.1083217 -0.31081125 2.503337725 1.5543025 -0.2279643 -0.432401625 0.00502439000000001 -0.875904975 -0.0776307499999999 -0.5977094 -0.211915525 -0.02338434 28.339272 283.1191 152.6569075 -84.27025 4.89331 1.3394805 -31.2453075 -2.24562175 -38.164875 -9.91247 3.693455 4.943884 0.63572 -1.48228
-4.70032307692308 -14.0220384615385 -0.898554538461539 -1.09908846153846 -1.70410153846154 0.398734307692308 0.88891 0.361717692307693 0.530209230769231 -0.637561538461538 -0.34482 -0.409969692307692 0.643812846153846 -0.366215384615385 117.390307692308 1588.87692307692 255.631546153846 -208.641833846154 -50.2765 -50.7527076923077 -71.8569230769231 24.5353076923077 -84.423 26.8994615384615 -3.88619076923077 -8.10738461538461 35.8690915384615 -7.70430769230769
-3.46137083333333 4.79335166666667 -2.98559147916667 0.0583749999999998 0.95787825 -0.0923507291666667 -0.483352166666667 0.07292619375 0.347891875 0.0653065 -0.1385428125 -0.0783047291666667 0.0873421041666668 -0.1449433125 9.703146875 302.561666666667 -143.9172625 3.243315625 11.68118125 -26.7385354166667 -21.8798520833333 5.79806958333333 -9.70787922916667 1.75579270833333 -4.15895208333333 5.74831375 3.53166875 -5.71355166666666
-4.20958726785714 -8.59691892857143 -0.734368035714286 -0.988074482142857 0.162489107142857 1.46804503571429 0.371329548214286 -0.799200803571429 0.5375942 -0.218439464285714 -0.00220497500000008 -0.0116894642857143 -0.137881821428571 -0.0105851428571429 -18.8372526785714 -387.510357142857 95.9010576785714 15.3863339285714 -54.5025517857143 26.2621982142857 11.3058625 3.75839017857143 14.7919266071429 -8.99211821428572 8.83012499999999 8.66810071428572 -2.64313035714286 8.672235
-3.35871216666667 1.92976722222222 2.046675 -0.835856111111111 0.445493333333334 0.367751111111111 0.560378888888889 -0.345977272222222 -0.476630555555555 -0.454378388888889 0.224492444444444 -0.0402468333333333 -0.126021944444444 -0.251161777777778 73.2262222222222 877.375 376.701611111111 -114.915572222222 25.6238277777778 -43.0655555555555 -79.2304666666667 -3.25142833333333 -81.7207277777778 23.6042222222222 -17.1394066666667 6.69152777777778 1.67941666666667 -14.9059361111111
-5.07532222222222 -15.9148293703704 -5.00696296296296 3.50728222222222 1.48806851851852 1.04383259259259 1.69865888888889 -0.679715925925926 1.49272840740741 -0.240036333333333 0.43679 -0.0394110740740741 -0.325378666666667 -0.063927037037037 -46.5508107407407 -482.418888888889 -226.215814814815 118.191185185185 5.73000740740741 25.534537037037 52.8657592592593 -4.56666666666667 41.8184481481482 -16.5875259259259 11.1290185185185 -12.2127296296296 15.2229781481481 1.33113703703704
-3.14839637362637 -0.904569450549451 0.785881318681319 1.83785045054945 1.07985887912088 0.73682181978022 0.249097032967033 -0.165172153846154 0.0721939670329671 0.337346230769231 -0.195605582417582 -0.392597113736264 -0.0322328692307693 -0.301279912087912 -9.09282703296703 -101.568947252747 -45.9079561538462 51.6228648351648 -1.88148351648352 3.65136241758242 12.1667192307692 -13.1737884615385 24.8613032967033 -3.3779821978022 -1.28721362637363 -3.34990879120879 -4.84373989010989 1.00459291208791
-7.02435925925926 -32.766742 -14.9761474074074 3.77094740740741 -1.32859592592593 1.79363518518518 3.41075144444444 -0.14758962962963 2.77448259259259 -1.16566703703704 0.49249762962963 -0.302766407407407 0.0274017407407407 0.112617407407407 -24.9561074074074 -193.652185185185 -216.800888888889 -46.0539962962963 -1.91245376666667 -13.4039222222222 22.4722718518519 20.0509592592593 20.7288851851852 5.62676296296296 -1.32979666666667 -6.01135925925926 5.92174074074074 14.1160296296296
