Log_Energy MFCC_1 MFCC_2 MFCC_3 MFCC_4 MFCC_5 MFCC_6 MFCC_7 MFCC_8 MFCC_9 MFCC_10 MFCC_11 MFCC_12 MFCC_13 Log_Energy_D MFCC_1_D MFCC_2_D MFCC_3_D MFCC_4_D MFCC_5_D MFCC_6_D MFCC_7_D MFCC_8_D MFCC_9_D MFCC_10_D MFCC_11_D MFCC_12_D MFCC_13_D
-2.62895058947368 8.20800631578947 1.51201178947368 -0.573732764210526 0.484228842105263 -0.478094336842105 -0.385968557894737 -0.0724257894736841 -0.0608105157894738 0.0863806842105264 -0.0723580922105263 -0.347061735789474 -0.126760642105263 0.098677452631579 -0.3727624 84.04914 -76.4272968421053 11.6050431578947 10.8713915789474 4.47677894736842 -3.46346010526316 1.32145684210526 5.38780421052631 1.41469126315789 1.29221368421053 -7.00740172631579 -0.732669473684212 -0.617853789473684
-2.66840647692308 10.3037795384615 -1.17563512307692 -1.44189578153846 0.201479307692308 -0.548277615384615 -0.0742830153846153 -0.250543153846154 -0.161374313846154 -0.0599074923076923 -0.483513230769231 0.288966892307692 -0.134358892307692 0.0029619846153846 -1.27762689230769 -29.6901876923077 107.580567692308 -81.0620184615384 2.69470030769231 32.1103349230769 9.22093492307693 -16.1017921538462 -8.64771461538461 6.67824615384615 -12.492512 -3.27885415384615 -4.64112338461538 2.51319384615385
-2.49104566666667 14.4810266666667 0.804031666666667 1.91148633333333 0.5776163 0.3063175 0.192350233333333 -0.5534203 -0.508632333333333 -0.404082366666667 -0.5166673 0.33513 0.0881956 -0.644335333333333 43.7438316666667 247.117683333333 392.502333333333 23.8458333333333 87.1745633333333 18.0640666666667 -27.7193 -27.7966833333333 -48.2973766666667 -1.62643333333333 -20.3746413333333 5.15785 2.37951666666667 -32.4145133333333
-4.6556406 -17.5862632 1.7858088 1.1324854 -0.59462018 0.81704286 0.73856562 0.0638287800000001 0.105931 0.0403473 0.40534248 -0.10122994 0.3987762 -0.17587207 -34.0428506 -601.783 22.5075298 38.428034 2.949622 28.121496 -9.8137862 16.6854324 9.8320074 2.0083382 -0.960378720000001 -4.548966 3.3483846 4.3893072
-2.70732105555556 10.5521055555556 4.09493851851852 -1.59410148148148 -1.08942685185185 -2.47862618518519 -0.649838185185185 -0.233597777777778 -0.731742777777778 -0.0747177222222222 0.198284185185185 0.402530814814815 -0.0902375925925925 -0.0769238518518518 18.3288351851852 406.909074074074 21.6200037037037 -71.5292596296296 -9.87411370370371 -26.4311777777778 -14.16978 -26.3516277777778 -34.4974564814815 12.5937612962963 -6.20754259259259 22.0675238888889 -17.1096546296296 4.10931481481482
-7.05937058823529 -53.8652352941177 0.116961764705882 2.35653958823529 1.84026823529412 4.74295411764706 1.80129294117647 1.27423941176471 0.510240588235294 0.231719176470588 0.440835882352941 0.0464716470588235 0.469399 -0.102514529411765 -115.107352941176 -1643.42352941176 -76.2599882352941 175.651705882353 45.5118588235294 79.8785823529412 51.1853529411765 72.6462352941176 57.6716411764706 2.9747705882353 52.1243941176471 -2.76095882352941 8.48256470588235 -14.7549176470588
-4.41489214285714 -1.997075 -10.2801396428571 2.57369921428571 0.126336785714286 0.366050714285714 1.40935489285714 -0.449833214285714 0.991703571428572 -0.480047142857143 0.595193 0.0175075 0.0746908892857143 -0.0145253214285714 -3.74337142857143 220.581285714286 -303.415 55.08141 -32.9685071428571 -32.8303357142857 17.8011810714286 -11.0739678571429 23.1233573571429 -12.487925 3.91768821428571 -6.032555 9.70536571428572 -1.22462142857143
-5.80295098039216 -23.5580597254902 -8.24984450980392 3.49890634117647 -0.0531647058823529 2.05973672823529 1.13763123529412 0.500899745098039 1.22605249019608 -0.097634568627451 0.691349784313726 0.263946117647059 0.0471789411764706 -0.477565470588236 -21.5103176470588 -218.16431372549 -231.47937254902 18.6425058823529 -24.7895244117647 -8.40194215686275 22.4656392156863 17.0729 18.9874658823529 6.62191494117647 17.8196705882353 7.78346470588235 -2.81410784313725 7.71263333333333
-3.09692071428571 0.144801908163266 3.90944724489796 -0.57357693877551 0.649298173469388 0.845852581632653 -0.565013622448979 -0.311366071428571 -0.000751622448979553 0.090230193877551 -0.314085217346939 -0.249009812244898 0.252931673469388 -0.176830328571429 -14.2543385714286 -280.926428571429 46.3862264285714 35.0139849591837 14.0518734693878 15.2416173469388 1.0185543877551 10.7194734693878 2.36579367346939 -7.00891785714286 -1.96100775510204 -0.680511938775512 8.9934212244898 -3.16478765306122
-4.44586 -0.8691 -4.63281 -3.11576 -0.813688 0.828116 1.4697198 2.5244 1.993274 -0.435298 0.482636 0.0753356 0.618614 -0.457765 260.232 3513.12 156.1268 -234.4836 -44.132 -126.9238 16.86544 -25.5941 49.2006 -9.7828 -35.1406 -30.57384 25.0476 -11.4224
-4.321315 -3.63627 0.381244666666667 -2.01855066666667 0.739475 1.02730004 -0.0647047 0.580336566666667 0.41531803 -0.164007333333333 0.7192636 -0.224341733333333 0.197043966666667 0.268825 35.6422166666667 758.131333333333 -59.8165166666667 -95.3154866666667 20.0673033333333 -33.03675 1.74778666666666 -27.2870733333333 -1.60507266666667 -10.2563216666667 6.09265333333333 -6.86352666666667 -1.28289666666667 22.3089466666667
-2.8458866626506 8.08489903614458 -2.67366024096386 0.495779397590362 0.204940963855421 -0.855909506024096 -0.76198956626506 -0.102268168674699 -0.0907199168674698 -0.0804415301204819 0.0251877048192771 0.0881744373493976 -0.0172381795180723 0.091244156626506 13.0621269879518 174.044373493976 36.7911445783132 -17.6357855421687 -11.4306872289157 -26.0995371084337 -5.04107951807229 -8.02979469879518 -3.63599710843373 -0.720216506024096 -0.816675903614458 -0.822181325301205 -1.49509746987952 3.57785610843374
-5.62368965517241 -33.8428175862069 0.00422172413793114 3.09852310344828 1.20869655172414 2.75104651724138 0.221548551724138 0.400454827586207 0.871936379310345 0.675000103448276 0.820265172413793 -0.431289551724138 -0.056089448275862 -0.88568 -56.0343862068965 -957.675517241379 -92.2887275862069 163.063517241379 -17.9524855172414 52.1705827586207 -4.3466275862069 50.2491 53.7562013793103 12.7914965517241 -2.87217586206897 -5.56516206896552 10.8534593103448 -34.7292896551724
-2.35244568939394 9.78941962878788 1.69382575 -0.459748939393939 -0.610194174242425 -1.05216768939394 -0.132238598484849 -0.136533212121212 -0.538339691666666 0.167176295454545 -0.435971863636364 -0.0302601583333334 -0.316115431818182 0.549594977272727 -4.52546787878788 -76.671748560606 -2.09860245454545 11.4314367424242 -6.37576439393939 -0.432285833333333 3.28560409090909 3.85309181818182 -6.89374993181818 -2.58482553030303 7.70930696969697 -2.13124462121212 1.6378485 -0.331536666666666
-5.06786363636364 -8.83148181818182 -6.98758818181818 -4.55968636363636 -4.47707554545455 -1.71775 2.41937363636364 1.72219636363636 0.695352727272727 -0.392812818181818 -0.286611 0.731858727272727 -0.421944545454546 0.616513636363636 100.551090909091 1908.31818181818 6.3221909090909 -171.740590909091 -165.536390909091 -139.003 1.66063636363637 -59.1532727272727 -0.520464545454545 0.622745454545454 -32.8693727272727 17.9301363636364 -37.8882181818182 49.8254090909091
-4.40314 -14.3668307692308 0.654352307692308 -4.46521692307692 -1.84563923076923 0.00967692307692293 0.262296923076923 0.847194846153846 -0.763434615384615 -0.621637692307692 0.386170769230769 0.354391846153846 0.478514615384615 -0.0343844076923077 109.827153846154 1121.78769230769 362.364362307692 -129.697307692308 -39.0450769230769 -71.7841230769231 -8.54075384615384 -35.8612384615385 -46.7615369230769 -23.6867461538462 -25.4800538461538 36.4250461538461 -7.70944615384615 10.9376853846154
