-1.9346	9.6348	3.0659	3.2372	-0.82184	0.45764	0.13604	-0.52736	1.4137	1.298	-0.39469	-3.6318	0.89836	-0.36283	0	0	0	0	0	0	0	0	0	0	0	0	0	0
-1.0075	12.094	9.4555	-3.5369	3.2348	-4.0586	-0.14082	1.2307	0.42561	2.4259	-2.0547	-1.3171	-1.0845	0.39533	37.085	98.355	255.59	-270.96	162.26	-180.65	-11.075	70.324	-39.524	45.116	-66.401	92.587	-79.315	30.326
-0.52498	14.09	8.2444	-4.4648	0.22497	-3.8927	1.9471	2.2993	-1.0146	2.1578	-2.243	-1.3967	-3.0483	-0.16499	19.299	79.857	-48.447	-37.117	-120.39	6.6368	83.519	42.742	-57.607	-10.725	-7.5317	-3.1829	-78.551	-22.413
-0.32032	16.874	8.9466	-6.8057	-1.4829	-3.7037	5.1919	1.8991	-2.2614	2.5088	-2.1907	-1.3336	-3.9314	-1.0101	8.1863	111.37	28.09	-93.637	-68.315	7.558	129.79	-16.008	-49.872	14.038	2.0925	2.5239	-35.322	-33.805
-0.20192	14.193	9.5356	-6.0583	-4.1068	-2.0956	6.4176	2.7967	-3.1074	1.514	-1.7449	-1.2686	-4.1561	-2.7128	4.7361	-107.27	23.558	29.897	-104.96	64.325	49.025	35.906	-33.843	-39.792	17.832	2.5996	-8.9878	-68.107
-0.18686	13.692	9.6851	-5.7276	-5.9769	-1.8489	6.835	2.6623	-3.778	0.67266	-2.6094	-0.77484	-4.0296	-3.5767	0.60224	-20.017	5.9803	13.228	-74.803	9.8655	16.7	-5.3771	-26.822	-33.652	-34.581	19.751	5.0598	-34.556
-0.17405	13.427	10.926	-6.2314	-6.3285	0.038428	6.0433	2.9829	-3.9867	0.10681	-2.0476	-1.1435	-2.2488	-3.5525	0.51233	-10.612	49.618	-20.152	-14.064	75.495	-31.672	12.827	-8.3464	-22.634	22.471	-14.747	71.23	0.96842
-0.14648	12.146	10.88	-8.0302	-6.5133	1.204	3.768	4.2112	-5.7295	-0.030727	-2.1229	-1.887	-1.7364	-4.7951	1.1031	-51.225	-1.8037	-71.953	-7.3936	46.622	-91.009	49.13	-69.713	-5.5015	-3.01	-29.741	20.496	-49.705
-0.22419	14.141	9.8737	-9.807	-5.5298	3.1514	1.6064	4.1894	-6.1678	-0.51689	-1.9366	-1.0739	-3.2139	-4.1261	-3.1087	79.788	-40.269	-71.069	39.343	77.896	-86.467	-0.87338	-17.532	-19.447	7.4529	32.526	-59.1	26.759
-0.39399	16.425	7.8423	-12.808	-4.2261	4.5377	-0.054807	0.54869	-4.95	-1.3554	-2.8407	-1.1179	-5.1838	-3.3481	-6.7918	91.345	-81.255	-120.03	52.147	55.453	-66.447	-145.63	48.711	-33.539	-36.168	-1.7614	-78.796	31.122
-0.91002	14.531	7.0062	-9.8463	-3.4588	6.5193	0.89076	-4.1288	-3.1008	0.86952	-3.9164	-0.23379	-4.5447	-1.5632	-20.641	-75.736	-33.444	118.46	30.69	79.265	37.823	-187.1	73.971	88.996	-43.025	35.365	25.562	71.395
-2.3349	-4.3617	3.6899	0.89639	-0.39799	8.1334	2.9213	-4.6289	-1.0617	4.2748	-3.6195	-0.50383	-3.9371	-1.0205	-56.995	-755.71	-132.65	429.71	122.43	64.565	81.22	-20.003	81.561	136.21	11.874	-10.801	24.305	21.708
-2.8326	-11.896	2.698	3.3085	0.79502	6.9222	0.5092	-5.1969	-0.049129	5.8217	-5.2071	-1.9715	-4.6292	-1.2589	-19.908	-301.38	-39.678	96.485	47.72	-48.447	-96.482	-22.718	40.504	61.876	-63.505	-58.708	-27.683	-9.5347
-1.6966	7.6862	-0.50408	-3.0218	3.4725	4.524	-1.5603	0.56707	-0.91435	1.2576	-2.2358	-3.0959	-1.025	-1.026	45.441	783.29	-128.08	-253.21	107.1	-95.928	-82.778	230.56	-34.609	-182.57	118.85	-44.975	144.17	9.3157
-0.72623	32.78	-2.464	-6.9619	3.9392	0.58835	-2.7289	2.3305	0.63594	0.013293	-2.991	-3.3374	-0.051733	-1.0005	38.814	1003.7	-78.395	-157.61	18.668	-157.43	-46.744	70.539	62.012	-49.771	-30.204	-9.6615	38.93	1.0212
-0.34522	35.811	-3.3299	-7.9722	4.849	-1.5665	-2.2521	3.5905	2.4414	0.57912	-3.2512	-0.38231	-1.1283	-0.1028	15.24	121.24	-34.638	-40.411	36.392	-86.194	19.069	50.4	72.22	22.633	-10.411	118.21	-43.063	35.906
-0.1675	35.31	-4.3463	-7.2396	4.3679	-2.8931	-2.6696	3.5673	3.3521	0.65035	-2.4358	0.91168	-1.5141	-0.197	7.1088	-20.048	-40.656	29.306	-19.244	-53.064	-16.699	-0.93054	36.427	2.8494	32.616	51.759	-15.432	-3.7681
-0.21151	34.72	-4.8068	-6.5008	4.1714	-2.5653	-3.4037	4.119	3.3973	0.83523	-1.4276	1.4844	-1.5457	0.2356	-1.7604	-23.593	-18.421	29.551	-7.8579	13.112	-29.365	22.069	1.8059	7.3948	40.329	22.91	-1.2645	17.304
-0.37931	33.253	-3.9508	-5.9368	3.3861	-1.4847	-4.047	4.1848	3.4038	0.2121	-0.39602	1.893	-0.89218	0.027314	-6.7121	-58.674	34.239	22.56	-31.411	43.223	-25.732	2.6333	0.26126	-24.925	41.264	16.344	26.142	-8.3313
-0.45772	32.424	-2.633	-5.9397	2.8106	-0.78359	-2.9068	1.7969	4.6022	-0.66703	0.20113	2.6963	-0.17825	0.27019	-3.1364	-33.147	52.715	-0.11661	-23.022	28.045	45.609	-95.517	47.938	-35.165	23.886	32.129	28.557	9.7152
-0.54912	32.068	-0.28264	-7.1723	1.9431	-0.70012	-1.5287	0.69172	3.8971	-0.82375	-0.16122	3.1754	-0.068357	0.8731	-3.6558	-14.256	94.013	-49.305	-34.7	3.3386	55.124	-44.208	-28.206	-6.2691	-14.494	19.165	4.3958	24.116
-0.42895	31.826	0.75564	-7.046	0.14208	-1.2925	-0.16447	0.71895	2.943	-0.289	-1.5866	2.1835	0.77783	1.0364	4.8067	-9.6604	41.531	5.053	-72.041	-23.695	54.57	1.0892	-38.162	21.39	-57.015	-39.676	33.847	6.5327
-0.099541	33.978	1.2318	-8.1101	-1.1791	-1.0305	-0.03821	2.1266	2.187	0.018983	-1.4622	-0.87282	1.9032	1.3452	13.176	86.043	19.046	-42.566	-52.849	10.481	5.0502	56.305	-30.242	12.319	4.9746	-122.25	45.014	12.352
0.24995	32.299	2.9326	-9.2636	-2.6582	-0.67801	0.64986	2.1309	2.1399	0.70196	-1.1061	-2.7913	1.7826	1.7952	13.98	-67.122	68.033	-46.139	-59.164	14.099	27.523	0.17262	-1.8833	27.319	14.245	-76.738	-4.8229	17.999
0.41421	31.976	3.843	-9.245	-4.7252	0.097778	0.89287	2.0331	1.8996	1.2283	-0.32731	-3.2737	1.3833	1.8958	6.5707	-12.955	36.415	0.7469	-82.677	31.032	9.7201	-3.9118	-9.6112	21.055	31.152	-19.298	-15.971	4.0235
0.33332	29.253	4.8526	-7.397	-5.726	0.97383	-0.19925	2.9335	0.34636	1.717	0.46721	-3.0102	0.27887	2.1753	-3.2357	-108.89	40.384	73.916	-40.033	35.042	-43.685	36.016	-62.131	19.546	31.781	10.542	-44.179	11.178
-0.048257	24.005	6.5658	-4.4669	-6.3438	1.3003	-0.46388	2.1935	-0.58588	2.8325	0.90848	-2.9586	0.14923	1.7918	-15.263	-209.94	68.528	117.21	-24.712	13.059	-10.585	-29.601	-37.29	44.62	17.651	2.062	-5.1856	-15.338
-0.8302	12.026	7.2267	3.6669	-7.3757	1.4684	-0.78745	2.0568	-2.2928	2.6587	1.9004	-3.1815	0.28976	2.1151	-31.278	-479.17	26.435	325.35	-41.278	6.7243	-12.943	-5.4682	-68.278	-6.9503	39.679	-8.9131	5.6214	12.93
-2.2604	0.82716	-0.86995	12.959	-6.9585	4.0585	-1.2521	0.85804	0.092252	1.0993	2.3176	-3.6716	1.5884	0.24447	-57.209	-447.94	-323.86	371.7	16.689	103.6	-18.585	-47.948	95.403	-62.379	16.686	-19.606	51.947	-74.824
-4.9986	-17.181	-16.306	13.08	-4.2329	8.2813	-0.70657	1.084	0.27731	-0.32508	1.591	-2.0045	3.7414	-0.84414	-109.53	-720.33	-617.43	4.8075	109.02	168.91	21.821	9.0387	7.4025	-56.973	-29.066	66.685	86.119	-43.544
-5.4634	-36.972	-25.378	9.6054	-8.4426	6.7971	0.031675	2.79	0.52941	-0.74758	2.209	-0.10422	3.0003	-1.5068	-18.593	-791.65	-362.88	-138.97	-168.39	-59.369	29.53	68.24	10.084	-16.9	24.722	76.011	-29.643	-26.505
-5.7291	-41.352	-27.044	10.867	-9.7011	5.9126	-0.4604	0.51191	0.71493	-1.0027	2.1218	0.47725	3.6961	-0.7761	-10.627	-175.16	-66.657	50.45	-50.34	-35.379	-19.683	-91.124	7.4206	-10.205	-3.4865	23.259	27.83	29.226
-5.1325	-37.444	-27.564	10.457	-7.9637	4.9394	-0.95753	1.0585	1.5427	-0.67022	2.2097	-0.56665	2.9786	0.77019	23.867	156.32	-20.798	-16.403	69.497	-38.926	-19.885	21.863	33.109	13.3	3.5149	-41.756	-28.698	61.852
-4.5625	-26.785	-30.706	10.479	-7.2555	4.3133	-0.63966	-0.031045	1.3423	-2.3931	2.646	-0.53336	3.4486	0.67749	22.798	426.35	-125.69	0.89975	28.33	-25.045	12.715	-43.581	-8.0142	-68.914	17.452	1.3316	18.797	-3.708
-4.7245	-18.742	-30.294	6.486	-2.9745	1.0496	4.6293	-0.87945	-0.28428	-0.79739	2.5845	-1.9462	3.4773	-0.49255	-6.4805	321.73	16.469	-159.73	171.24	-130.55	210.76	-33.936	-65.063	63.827	-2.4615	-56.513	1.15	-46.802
-6.0659	-37.572	-19.797	4.1165	2.4123	-0.10591	4.2827	1.7699	-1.7418	-0.34323	2.3665	-2.5289	2.9037	-1.1289	-53.656	-753.21	419.92	-94.778	215.47	-46.221	-13.863	105.97	-58.301	18.166	-8.7204	-23.31	-22.946	-25.454
-8.9164	-52.027	-12.687	4.9911	-6.6927	1.5053	4.4909	-1.9017	4.7071	-0.19037	-1.1584	-1.5785	1.8033	-2.4413	-114.02	-578.21	284.36	34.982	-364.2	64.449	8.3271	-146.86	257.95	6.1144	-141	38.016	-44.015	-52.496
-5.4402	-50.267	-2.3673	13.395	0.36428	7.2876	4.2268	-1.0722	3.4749	-0.97835	0.61927	-2.3132	-0.25417	-0.17289	139.05	70.386	412.81	336.14	282.28	231.29	-10.566	33.178	-49.288	-31.519	71.107	-29.388	-82.298	90.736
-4.1715	-46.609	9.3716	15.196	0.72341	7.1403	2.9884	0.34258	-0.77939	1.2509	-1.2937	-0.9181	1.5727	0.68285	50.748	146.33	469.56	72.077	14.365	-5.8895	-49.533	56.592	-170.17	89.17	-76.518	55.805	73.073	34.23
-3.6484	-42.657	12.106	12.781	0.58392	6.0473	2.263	3.1431	-0.98139	0.14178	-0.83504	1.0026	1.9839	-0.22045	20.925	158.09	109.37	-96.62	-5.5796	-43.72	-29.016	112.02	-8.0803	-44.365	18.346	76.828	16.448	-36.132
-2.9467	-15.684	5.597	8.1044	0.46596	6.3462	2.1877	-1.6557	0.51208	0.77216	1.5088	-1.3408	2.3746	0.031572	28.066	1078.9	-260.35	-187.06	-4.7185	11.956	-3.012	-191.95	59.739	25.215	93.755	-93.734	15.629	10.081
-2.4357	-1.1672	6.5685	2.9773	3.8349	4.8972	-1.3629	-1.8712	2.0719	0.69242	-0.72217	-1.065	2.8904	0.43938	20.441	580.68	38.86	-205.08	134.76	-57.96	-142.03	-8.6173	62.393	-3.1894	-89.24	11.029	20.631	16.312
-2.0689	5.0687	2.3989	2.9564	8.5592	-0.81092	-2.8151	1.5108	0.53335	-0.83467	-2.1129	2.1634	1.638	1.1973	14.67	249.43	-166.78	-0.83372	188.97	-228.33	-58.091	135.28	-61.543	-61.084	-55.628	129.14	-50.096	30.317
-1.7916	14.385	-3.7832	6.2819	7.441	-2.6464	-2.0212	1.5091	-0.42574	-0.70535	-3.1156	3.5692	-0.15181	1.4445	11.093	372.64	-247.28	133.02	-44.731	-73.419	31.759	-0.068713	-38.364	5.1726	-40.109	56.231	-71.592	9.8865
-1.91	16.427	-4.8979	6.6002	6.3988	-1.8557	-1.8219	0.020664	0.55288	-1.0678	-4.0448	3.9635	-1.2691	1.6345	-4.7331	81.694	-44.587	12.733	-41.689	31.628	7.9723	-59.538	39.145	-14.498	-37.168	15.771	-44.69	7.6036
-2.5496	1.3691	-2.6139	6.3526	6.6274	0.57598	-0.96324	-1.5557	2.0766	-1.0752	-4.0609	3.6915	-1.7931	1.1028	-25.588	-602.32	91.358	-9.9076	9.1452	97.267	34.345	-63.054	60.95	-0.29655	-0.6436	-10.881	-20.962	-21.271
-4.3547	-24.216	-1.3434	6.6407	8.6082	5.3919	-2.3225	-0.2578	2.6355	-0.92601	-1.0072	1.6512	-0.4354	0.47311	-72.201	-1023.4	50.821	11.525	79.231	192.64	-54.371	51.915	22.355	5.9682	122.15	-81.609	54.308	-25.186
-5.5939	-33.8	-3.3226	6.5126	8.0205	7.838	-3.2954	1.3373	2.0577	-1.4018	-0.73814	-0.13009	0.48338	0.63166	-49.569	-383.34	-79.166	-5.1247	-23.505	97.844	-38.914	63.805	-23.112	-19.031	10.761	-71.253	36.751	6.342
-5.3841	-24.164	-4.6955	-0.22043	4.0645	2.9391	1.4149	4.0572	-0.012762	0.21807	-0.49795	-0.9503	1.6954	-1.3823	8.3928	385.42	-54.916	-269.32	-158.24	-195.96	188.41	108.79	-82.82	64.794	9.6077	-32.808	48.483	-80.559
-2.2143	8.7843	-4.8227	2.5953	5.7343	0.89973	-1.7824	-0.0057677	0.20631	-2.3322	-1.1475	1.0812	1.1832	-0.59904	126.79	1317.9	-5.0885	112.63	66.791	-81.574	-127.89	-162.52	8.763	-102.01	-25.983	81.258	-20.488	31.331
-1.0542	21.977	-3.7556	3.598	10.564	-3.9279	-3.1246	-1.322	-0.69169	-2.1622	-2.412	2.3952	-1.1036	0.95072	46.406	527.72	42.684	40.107	193.19	-193.1	-53.688	-52.648	-35.92	6.7991	-50.58	52.563	-91.474	61.991
-0.64739	21.949	-0.91057	2.0575	11.386	-4.3116	-3.0713	-1.2207	-0.59218	-2.36	-2.1656	3.1017	-2.296	1.1523	16.273	-1.1246	113.8	-61.617	32.895	-15.35	2.1337	4.0501	3.9802	-7.9102	9.8568	28.26	-47.696	8.0612
-0.8475	16.803	1.1008	2.5437	10.869	-2.6812	-3.5515	-0.54206	-0.54244	-3.0017	-1.5985	3.3352	-2.1052	0.35227	-8.0044	-205.87	80.454	19.447	-20.689	65.215	-19.21	27.146	1.9898	-25.67	22.684	9.3398	7.6323	-31.999
-1.5123	5.0716	2.6371	7.6512	7.8195	-1.3506	-2.4757	0.81958	-0.63354	-2.9878	-2.1693	2.46	-1.8229	0.80016	-26.594	-469.24	61.452	204.3	-121.99	53.224	43.033	54.466	-3.6441	0.55626	-22.833	-35.009	11.294	17.915
-2.7877	-17.131	0.83146	14.476	5.2631	0.1445	-1.3827	0.58234	1.9416	-4.2862	-0.85778	0.36417	-0.26801	1.0302	-51.016	-888.12	-72.225	272.98	-102.25	59.805	43.72	-9.4894	103	-51.936	52.461	-83.833	62.194	9.2003
-5.8088	-48.931	-4.6755	11.231	5.5175	3.2389	-0.13326	-0.65682	2.2027	-3.4767	1.9041	0.59245	0.92673	-0.44775	-120.84	-1272	-220.28	-129.79	10.177	123.78	49.979	-49.567	10.445	32.383	110.47	9.131	47.79	-59.117
-9.556	-61.575	-24.729	8.5278	0.66367	7.7663	3.1995	0.07741	4.3255	-5.749	0.4379	-0.90377	-0.42052	-1.4454	-149.89	-505.78	-802.12	-108.13	-194.15	181.1	133.31	29.369	84.91	-90.895	-58.646	-59.849	-53.89	-39.907
-9.7753	-85.088	-21.685	6.2547	-2.4258	5.5503	3.5601	0.63035	3.4859	-5.7635	0.75869	-0.23054	0.62583	-1.2165	-8.774	-940.51	121.74	-90.926	-123.58	-88.638	14.424	22.117	-33.582	-0.57752	12.832	26.929	41.854	9.1568
-10.787	-90.205	-18.692	0.71247	-0.88543	2.3762	1.5716	1.8499	0.58145	-3.836	1.4236	0.68848	2.3682	-0.9994	-40.469	-204.67	119.71	-221.69	61.613	-126.97	-79.539	48.78	-116.18	77.101	26.597	36.761	69.697	8.6846
-5.2148	-17.173	-20.666	-3.0962	4.5357	1.0929	-2.0569	-3.9402	2.3916	-4.5917	3.1565	-1.2802	0.73782	0.11003	222.89	2921.2	-78.944	-152.35	216.85	-51.334	-145.14	-231.6	72.405	-30.228	69.315	-78.747	-65.217	44.377
-4.4622	-1.8925	-18.918	-0.67862	2.0852	0.23523	0.68248	-1.0417	2.2121	-3.7806	4.108	0.025311	1.8098	0.032823	30.104	611.24	69.917	96.703	-98.021	-34.305	109.58	115.94	-7.1778	32.443	38.062	52.22	42.881	-3.0884
-4.1383	5.2576	-14.166	2.7048	-0.81711	-0.50336	0.20396	0.30452	2.1239	-2.3285	4.6023	-0.42438	0.71495	-0.55102	12.957	286	190.08	135.34	-116.09	-29.544	-19.141	53.851	-3.5309	58.084	19.77	-17.988	-43.795	-23.354
-3.8238	9.5954	-11.173	4.6445	0.11997	0.40578	-2.4107	-0.92739	0.50746	-3.2782	3.3592	-1.4592	2.2228	0.40158	12.578	173.52	119.7	77.589	37.483	36.366	-104.59	-49.276	-64.656	-37.986	-49.723	-41.394	60.315	38.104
-3.8463	4.1466	-10.709	3.1595	1.3518	1.654	-0.86	0.57729	3.8025	-0.99979	4.9277	1.5993	5.068	0.7078	-0.89997	-217.96	18.549	-59.403	49.273	49.929	62.029	60.187	131.8	91.135	62.741	122.34	113.81	12.249
-4.3343	-1.106	-7.5343	4.1301	2.3253	1.3394	0.074336	2.0835	2.1432	-3.6551	2.2443	0.48437	3.7339	0.60171	-19.518	-210.1	127.01	38.827	38.94	-12.583	37.373	60.249	-66.371	-106.21	-107.34	-44.596	-53.365	-4.2435
-4.5648	2.1416	-11.889	2.269	-0.86851	0.91582	0.31407	2.3859	1.7591	-4.875	0.58763	-2.3333	2.1858	-1.5881	-9.2236	129.9	-174.18	-74.446	-127.75	-16.945	9.5894	12.095	-15.364	-48.794	-66.265	-112.71	-61.925	-87.592
-4.2667	3.3692	-13.803	2.6193	-0.24424	2.3364	1.8976	4.6181	5.5033	-1.8331	1.3192	-1.483	3.2669	-0.93787	11.926	49.104	-76.567	14.011	24.971	56.825	63.343	89.288	149.77	121.68	29.261	34.01	43.246	26.009
-3.2738	5.5173	-3.1086	2.1853	3.2788	1.001	2.5004	3.498	2.2756	-3.1404	2.0521	-0.98268	1.6776	0.093209	39.716	85.923	427.78	-17.358	140.92	-53.417	24.112	-44.804	-129.11	-52.291	29.32	20.015	-63.57	41.243
-2.001	10.279	4.5776	0.55902	1.9233	-1.5188	-0.65672	1.4857	5.1547	-0.084543	0.0049257	-0.076478	0.41124	1.026	50.913	190.45	307.45	-65.052	-54.219	-100.79	-126.29	-80.491	115.16	122.23	-81.889	36.248	-50.657	37.311
-0.80527	19.458	7.6575	-4.0497	-0.7354	-0.82871	-1.8359	2.0295	3.3147	0.69841	-0.74343	0.31841	-0.16209	1.3834	47.828	367.18	123.19	-184.35	-106.35	27.605	-47.168	21.751	-73.599	31.318	-29.934	15.796	-22.933	14.297
0.1593	29.765	5.8567	-7.9701	-0.72175	-3.1673	0.070747	-0.32746	2.8203	1.6045	-0.81503	0.33357	-1.3469	0.82187	38.583	412.28	-72.03	-156.81	0.54593	-93.543	76.267	-94.278	-19.779	36.243	-2.864	0.60636	-47.39	-22.462
0.55195	35.954	2.5068	-8.1484	-2.0139	-2.5079	-1.8077	-0.45677	2.8031	2.8587	-1.2989	0.30697	-2.4309	1.0022	15.706	247.55	-133.99	-7.1337	-51.684	26.376	-75.137	-5.1725	-0.68488	50.169	-19.353	-1.0639	-43.361	7.2152
0.67806	36.802	0.59009	-6.3351	-1.8594	-1.7291	-2.2017	-0.52513	2.5551	3.3857	-1.2612	0.13671	-2.3483	0.75451	5.0445	33.92	-76.67	72.533	6.1777	31.15	-15.762	-2.7345	-9.9203	21.081	1.5073	-6.8104	3.3021	-9.9093
0.66427	36.691	2.0253	-6.5647	-2.2446	-0.47656	-2.6225	0.21313	2.2623	4.0981	-1.6765	0.3612	-2.3063	0.67459	-0.55132	-4.4374	57.408	-9.1846	-15.409	50.103	-16.83	29.531	-11.713	28.495	-16.615	8.9795	1.6815	-3.197
0.71488	34.424	2.8903	-7.1488	-3.4033	-0.35227	-2.8594	0.035585	1.882	4.3572	-1.9287	0.24801	-2.2755	0.47507	2.0241	-90.663	34.601	-23.365	-46.348	4.9719	-9.4777	-7.1019	-15.215	10.365	-10.084	-4.5276	1.233	-7.9808
0.83407	33.959	4.1091	-7.7418	-4.3335	0.67993	-2.9341	0.33298	1.4478	4.5857	-2.0812	-0.030135	-1.5845	-0.2423	4.7678	-18.623	48.754	-23.72	-37.205	41.288	-2.9857	11.896	-17.366	9.1377	-6.1035	-11.126	27.637	-28.695
0.94309	32.533	5.7975	-8.3497	-4.9716	1.4403	-3.138	0.58672	0.87773	5.1254	-2.2046	0.039976	-0.85147	-0.91958	4.3606	-57.025	67.535	-24.315	-25.526	30.416	-8.1561	10.15	-22.803	21.588	-4.9332	2.8044	29.322	-27.091
0.97325	31.228	6.9354	-9.0573	-5.7212	2.0564	-3.2708	0.24581	-0.21577	5.9804	-2.5348	0.19414	-0.55198	-1.153	1.2063	-52.202	45.514	-28.303	-29.984	24.644	-5.3126	-13.637	-43.74	34.203	-13.209	6.1668	11.98	-9.3359
0.97077	31.243	8.2171	-9.0638	-6.1888	3.4572	-2.9226	-0.040377	-0.90277	6.4046	-1.8101	0.17633	0.3337	-1.3943	-0.098887	0.57792	51.268	-0.2625	-18.703	56.03	13.927	-11.447	-27.48	16.967	28.989	-0.71257	35.427	-9.6519
0.89641	30.248	8.2588	-8.7848	-6.4509	3.7067	-2.5518	-1.8626	-1.5964	6.8305	-1.6154	0.44726	0.53262	-1.0849	-2.9745	-39.783	1.6682	11.162	-10.486	9.9807	14.832	-72.891	-27.747	17.037	7.7891	10.837	7.957	12.374
0.7969	28.274	8.3895	-8.6355	-5.4575	3.8294	-2.7005	-3.313	-1.8659	6.4568	-1.4476	1.1895	0.14845	-0.67343	-3.9803	-78.966	5.23	5.9705	39.738	4.908	-5.9473	-58.013	-10.779	-14.948	6.7108	29.688	-15.367	16.46
0.53597	28.305	7.3278	-7.5736	-3.7757	3.7197	-2.8927	-4.2313	-0.96946	5.5005	-0.75655	1.0893	-0.20928	-0.21775	-10.437	1.2415	-42.468	42.476	67.273	-4.3883	-7.6893	-36.735	35.858	-38.252	27.642	-4.0053	-14.309	18.227
0.2345	26.9	6.0591	-7.117	-1.045	2.455	-3.6547	-4.9218	-0.41701	5.082	-1.3747	1.2563	-0.66718	0.2282	-12.059	-56.216	-50.749	18.263	109.23	-50.586	-30.48	-27.619	22.098	-16.742	-24.726	6.6782	-18.316	17.838
-0.10111	25.485	4.7524	-5.6508	2.5397	0.18147	-3.9899	-4.8224	0.93687	3.5185	-1.7381	1.7945	-0.36915	0.60048	-13.424	-56.588	-52.268	58.651	143.39	-90.943	-13.406	3.9784	54.155	-62.542	-14.535	21.527	11.921	14.891
-0.22801	25.138	3.2767	-4.0666	5.5171	-2.0304	-4.8977	-3.8224	1.2871	1.6357	-1.7615	1.7058	0.38218	0.76239	-5.076	-13.89	-59.026	63.367	119.1	-88.474	-36.314	39.998	14.009	-75.312	-0.93634	-3.5455	30.053	6.4766
-0.21572	21.775	3.3362	-2.8028	8.7244	-4.2373	-5.2211	-2.665	0.30414	-0.14668	-1.758	2.5838	0.3198	1.0463	0.49138	-134.52	2.38	50.55	128.29	-88.278	-12.934	46.296	-39.319	-71.294	0.1382	35.12	-2.4953	11.356
-0.30844	18.284	2.6638	-0.76365	9.8575	-5.2845	-4.1196	-2.8287	0.00060983	-2.8011	-0.21337	1.9906	0.97402	0.6989	-3.7085	-139.61	-26.895	81.568	45.321	-41.887	44.059	-6.5454	-12.141	-106.18	61.786	-23.729	26.169	-13.896
-0.56543	18.917	-1.1264	1.9898	10.346	-5.5314	-2.8906	-2.9675	0.23295	-4.2156	0.9474	1.9279	0.40123	0.34805	-10.28	25.314	-151.61	110.14	19.552	-9.876	49.16	-5.5523	9.2935	-56.579	46.431	-2.5078	-22.912	-14.034
-1.0214	18.49	-3.153	4.4753	9.5559	-5.5181	-2.7871	-2.2551	-0.010321	-3.91	1.2372	1.4375	0.29113	-0.409	-18.237	-17.085	-81.065	99.419	-31.614	0.53059	4.1397	28.496	-9.7308	12.224	11.593	-19.614	-4.4042	-30.282
-1.4219	17.292	-4.7418	4.7864	8.0359	-6.7598	-2.6012	-0.84304	1.3608	-2.7796	1.4844	1.6119	-0.33657	0.11148	-16.022	-47.925	-63.549	12.445	-60.798	-49.667	7.4365	56.481	54.844	45.215	9.8888	6.9727	-25.108	20.819
-1.8072	17.231	-5.721	3.6061	7.623	-6.9939	-2.1105	-0.28826	2.3039	-2.5001	1.2156	1.7981	-0.7495	0.31394	-15.412	-2.4283	-39.171	-47.212	-16.52	-9.3614	19.626	22.191	37.726	11.178	-10.754	7.4482	-16.517	8.0987
-1.8647	17.808	-6.0834	3.6068	7.0849	-6.3216	-2.0754	0.10046	2.6214	-2.331	1.4462	1.3428	-1.0322	-0.11913	-2.2982	23.069	-14.495	0.026964	-21.521	26.89	1.4065	15.549	12.698	6.7637	9.2238	-18.211	-11.308	-17.323
-1.7566	17.752	-4.8332	2.1192	7.1627	-6.1756	-1.5976	0.1539	2.475	-1.9118	1.2799	0.8325	-0.58004	-0.77974	4.3241	-2.2192	50.009	-59.503	3.1117	5.8389	19.11	2.1378	-5.853	16.77	-6.6524	-20.412	18.086	-26.424
-1.71	17.816	-3.713	1.4091	6.3125	-5.7819	-1.0766	0.033992	2.2457	-1.1129	0.36213	0.96526	-0.53583	-0.882	1.8628	2.5255	44.809	-28.403	-34.007	15.751	20.838	-4.7964	-9.1726	31.956	-36.709	5.3104	1.7682	-4.0904
-1.8916	20.332	-4.7253	1.7894	4.9313	-3.5523	-2.2217	0.48945	1.5002	-0.54582	0.44037	0.18889	-0.074248	-1.2227	-7.2631	100.65	-40.494	15.21	-55.25	89.182	-45.802	18.218	-29.82	22.683	3.1298	-31.055	18.463	-13.627
-2.5134	13.078	-1.1722	-1.1465	7.5158	-3.7673	-1.3963	0.15438	-0.0084133	1.9159	-1.0744	0.67511	-0.7828	0.14379	-24.874	-290.14	142.12	-117.43	103.38	-8.598	33.017	-13.403	-60.346	98.469	-60.59	19.449	-28.342	54.659
-3.9086	-14.398	0.54857	3.4328	7.9053	0.71213	-0.99718	-0.50708	-1.8316	1.8133	-0.20279	-0.72519	-1.1151	1.2733	-55.807	-1099	68.831	183.17	15.58	179.18	15.964	-26.458	-72.929	-4.1031	34.864	-56.012	-13.29	45.182
-4.4904	-22.245	2.0766	3.9923	3.589	4.2369	0.20276	-4.519	0.46737	1.3629	-1.9945	1.4844	-2.3071	1.4573	-23.272	-313.91	61.122	22.38	-172.65	140.99	47.998	-160.48	91.96	-18.015	-71.668	88.385	-47.683	7.3594
-3.4951	-9.5071	4.1117	-2.8851	2.0744	4.9593	-0.61255	-3.4695	0.4794	2.5358	-1.5037	1.171	-1.2346	0.98565	39.813	509.53	81.404	-275.09	-60.583	28.894	-32.612	41.981	0.48109	46.914	19.632	-12.536	42.899	-18.867
-2.7597	5.8579	4.7119	-4.7215	-0.3031	4.8898	-2.3104	-0.43107	-0.84433	2.0015	-0.063979	0.090077	-0.045595	-1.3406	29.416	614.6	24.007	-73.458	-95.101	-2.7814	-67.914	121.54	-52.949	-21.37	57.588	-43.239	47.562	-93.051
-2.0986	8.4656	7.87	-6.4962	-1.0807	1.8599	0.1747	2.021	-3.9455	1.424	1.0436	2.0399	-1.8288	-2.317	26.444	104.31	126.32	-70.986	-31.106	-121.19	99.404	98.084	-124.05	-23.103	44.304	77.994	-71.327	-39.054
-1.741	4.1235	10.371	-4.5569	-2.588	-1.6935	3.1825	3.4869	-5.4033	0.63412	1.1816	2.4774	-1.0506	-2.2775	14.302	-173.68	100.03	77.574	-60.289	-142.14	120.31	58.636	-58.31	-31.594	5.5201	17.5	31.127	1.5777
-1.5081	1.1423	11.507	-2.2846	-4.0485	-3.8499	4.6548	3.9603	-4.5272	0.083659	0.14099	2.4561	0.74212	-1.7944	9.3173	-119.25	45.448	90.89	-58.421	-86.257	58.889	18.934	35.043	-22.018	-41.626	-0.85122	71.709	19.326
-1.4679	0.43472	11.57	-1.0377	-5.0878	-5.5624	4.8908	4.62	-4.1763	-0.060284	-0.63855	2.3081	1.4741	-1.1475	1.6066	-28.303	2.5201	49.878	-41.571	-68.498	9.4425	26.39	14.037	-5.7577	-31.182	-5.9222	29.278	25.877
-1.3805	0.85765	11.229	-0.29872	-5.0056	-6.8034	5.4242	3.5986	-2.9753	-0.98498	0.12759	2.4951	1.0079	-0.89095	3.4959	16.917	-13.646	29.557	3.2861	-49.643	21.337	-40.856	48.038	-36.988	30.646	7.4809	-18.647	10.261
-1.1385	3.5939	10.356	0.045892	-4.6844	-6.9372	5.3207	3.1436	-2.5296	-1.1861	0.37539	3.0292	0.56984	-0.62821	9.6812	109.45	-34.926	13.785	12.848	-5.3522	-4.1429	-18.202	17.828	-8.0433	9.9119	21.364	-17.522	10.51
-0.87994	6.176	9.5481	0.093695	-5.64	-6.2524	4.7007	3.4755	-3.0613	-1.6017	0.29403	3.8353	0.69969	-0.81569	10.343	103.28	-32.301	1.9121	-38.224	27.393	-24.8	13.277	-21.268	-16.626	-3.2542	32.245	5.194	-7.4992
-0.81972	8.5445	9.5055	-1.0395	-5.2592	-5.4858	4.8634	2.7666	-3.3723	-1.5165	0.32354	4.6553	0.3711	-0.9362	2.4089	94.738	-1.7039	-45.327	15.233	30.665	6.5112	-28.356	-12.439	3.4065	1.1801	32.797	-13.144	-4.8205
-0.88732	11.103	8.3649	-1.8981	-4.0518	-4.875	4.5685	1.0352	-3.2402	-0.85242	0.65963	4.9535	-0.76228	-0.93077	-2.704	102.34	-45.626	-34.346	48.296	24.433	-11.795	-69.256	5.2852	26.565	13.444	11.931	-45.335	0.21739
-0.98028	13.578	7.2873	-2.5555	-3.2488	-4.3537	4.2698	-0.15696	-3.3476	-0.11686	0.93924	4.9014	-1.7819	-0.86233	-3.7187	99.014	-43.104	-26.296	32.12	20.849	-11.951	-47.687	-4.2959	29.422	11.185	-2.0867	-40.786	2.7375
-0.87892	15.338	6.252	-2.5899	-3.1287	-3.4783	4.0985	-1.2142	-3.6064	0.33914	1.3355	4.4652	-2.3292	-0.82524	4.0547	70.372	-41.411	-1.3754	4.8056	35.018	-6.8521	-42.291	-10.354	18.24	15.851	-17.447	-21.889	1.4838
-0.90563	17.372	4.9781	-1.8518	-2.0517	-3.8274	3.8969	-2.2387	-3.2239	0.56578	1.6648	3.3363	-2.1026	-0.6706	-1.0688	81.377	-50.957	29.523	43.08	-13.965	-8.063	-40.978	15.299	9.0653	13.171	-45.154	9.0647	6.1852
-0.95061	20.816	3.3194	-1.4622	-1.5847	-3.0115	2.8567	-2.4756	-3.0079	0.42416	1.6529	3.0174	-2.0877	-0.29735	-1.7992	137.75	-66.346	15.586	18.678	32.636	-41.608	-9.4766	8.6429	-5.6649	-0.47725	-12.756	0.59391	14.93
-0.82511	22.035	2.9243	-1.0056	-1.1447	-3.641	2.6221	-2.6702	-2.7138	0.12793	1.5423	2.8569	-2.2304	0.50388	5.0202	48.768	-15.805	18.264	17.6	-25.179	-9.3835	-7.7856	11.761	-11.849	-4.4227	-6.4194	-5.7063	32.049
-0.60252	21.662	3.3113	0.037246	-1.2942	-4.0182	2.0956	-2.0978	-2.8771	-0.54383	2.322	2.8408	-2.3856	0.35726	8.9036	-14.917	15.479	41.713	-5.9785	-15.087	-21.059	22.899	-6.5307	-26.87	31.186	-0.64714	-6.208	-5.8652
-0.5559	20.608	3.9154	0.84586	-1.9482	-4.4393	1.7345	-1.1229	-3.7672	-1.1572	2.4285	3.1562	-2.1674	0.2072	1.8648	-42.149	24.165	32.345	-26.163	-16.845	-14.447	38.994	-35.602	-24.535	4.2602	12.617	8.7273	-6.0023
-0.78748	14.328	6.2984	2.5636	-2.0598	-5.1392	2.6506	-0.737	-4.224	-1.9202	1.4134	3.2883	-1.4415	0.50014	-9.2633	-251.2	95.322	68.709	-4.4614	-27.998	36.645	15.437	-18.273	-30.519	-40.604	5.2857	29.034	11.717
-1.3765	2.4561	9.6709	4.4111	-3.0293	-3.2706	3.9525	-0.28629	-4.7523	-3.1334	0.29289	3.0728	-0.27675	-0.06046	-23.563	-474.89	134.9	73.899	-38.782	74.744	52.078	18.028	-21.131	-48.528	-44.819	-8.6206	46.592	-22.424
-2.1405	-3.7344	8.5909	6.1227	-3.8753	-1.1345	4.6346	0.15296	-4.7688	-2.6092	-0.019085	1.8846	-0.17598	-0.58102	-30.56	-247.62	-43.199	68.466	-33.841	85.445	27.283	17.57	-0.66191	20.966	-12.479	-47.527	4.0306	-20.823
-2.6751	-6.0024	6.7034	5.9177	-2.7771	-0.18808	4.6692	0.98701	-4.8156	-2.0348	0.16471	0.96952	-1.3086	-0.37012	-21.384	-90.721	-75.5	-8.202	43.929	37.857	1.384	33.362	-1.8719	22.977	7.3518	-36.605	-45.304	8.436
-2.2204	-2.7896	4.9932	4.6958	-1.6031	0.79225	4.2209	0.42021	-4.0227	-1.3655	0.23912	-0.069497	-2.1917	-1.0504	18.19	128.51	-68.409	-48.876	46.961	39.213	-17.931	-22.672	31.716	26.772	2.9763	-41.561	-35.324	-27.212
-1.3786	17.736	0.83357	3.4584	0.7059	2.1147	-0.31706	-3.9346	-2.8522	-0.2278	0.72262	-0.59629	-0.19633	-0.52966	33.671	821.01	-166.38	-49.495	92.36	52.898	-181.52	-174.19	46.82	45.509	19.34	-21.072	79.813	20.83
-1.0312	19.888	0.47821	2.7557	4.3724	0.22542	-2.9212	-3.8971	-1.4419	-0.55571	-1.3972	2.1213	-0.078752	0.48257	13.896	86.112	-14.214	-28.11	146.66	-75.572	-104.17	1.5018	56.411	-13.116	-84.794	108.7	4.7033	40.489
-1.0912	17.677	-0.72243	3.6637	7.0111	-1.8944	-2.5314	-2.565	-1.1243	-1.945	-1.9179	4.0166	-1.603	0.85601	-2.399	-88.471	-48.026	36.319	105.55	-84.794	15.59	53.284	12.707	-55.572	-20.826	75.814	-60.968	14.938
-1.3157	17.591	-3.2774	4.6184	9.0285	-3.0852	-1.6191	-1.6244	-1.4264	-2.4937	-1.7782	4.1236	-2.5805	1.0581	-8.9812	-3.4282	-102.2	38.189	80.696	-47.632	36.493	37.624	-12.085	-21.949	5.5897	4.2776	-39.103	8.0824
-1.5217	14.651	-3.7825	4.7138	10.309	-4.0199	-0.57198	-1.1712	-1.8631	-2.9351	-1.6828	3.7111	-3.1086	1.1815	-8.2407	-117.58	-20.202	3.8175	51.232	-37.389	41.885	18.127	-17.469	-17.653	3.815	-16.498	-21.122	4.9379
-1.7911	11.438	-3.2108	4.2874	10.994	-3.968	-0.54581	-0.83151	-1.6928	-3.5238	-1.7299	3.1333	-2.5481	0.77469	-10.774	-128.52	22.866	-17.058	27.406	2.0764	1.0468	13.588	6.812	-23.549	-1.8863	-23.111	22.42	-16.273
-2.0143	8.2595	-0.91765	1.4949	11.787	-2.664	-1.0567	-1.5687	-0.43586	-3.9256	-2.4139	3.0776	-1.8787	-0.0060886	-8.9282	-127.15	91.727	-111.7	31.709	52.16	-20.434	-29.486	50.278	-16.073	-27.357	-2.2299	26.775	-31.231
-2.2285	4.7176	3.0291	-0.91245	10.077	-0.49531	0.35635	-3.146	-0.12232	-3.3646	-2.1181	2.44	-1.1667	-0.78829	-8.5661	-141.68	157.87	-96.294	-68.426	86.748	56.52	-63.093	12.542	22.439	11.831	-25.502	28.482	-31.288
-2.5673	-3.8121	7.8166	-0.38741	5.604	1.2607	3.2188	-1.9831	-1.4211	-3.1677	-1.1627	1.5033	-0.9845	-1.2906	-13.555	-341.19	191.5	21.001	-178.9	70.242	114.5	46.517	-51.952	7.8787	38.217	-37.47	7.2866	-20.094
-3.202	-15.995	7.2488	3.5257	1.5305	4.046	3.658	0.98109	-0.67348	-4.5766	-1.4049	-1.7295	2.1853	-1.7253	-25.385	-487.32	-22.716	156.52	-162.94	111.41	17.566	118.57	29.906	-56.357	-9.688	-129.31	126.79	-17.386
-3.6744	-19.166	7.9577	5.0782	-0.64153	2.8582	2.2221	2.9281	-0.42782	-3.9799	-0.071358	-3.2064	1.9783	-1.8654	-18.898	-126.82	28.358	62.104	-86.883	-47.514	-57.434	77.878	9.8263	23.868	53.34	-59.074	-8.2797	-5.6018
-3.564	-20.163	9.5277	4.6191	-1.8912	2.9126	2.7881	3.2318	-0.60326	-2.9024	-0.51501	-2.703	0.39263	-1.0729	4.4184	-39.875	62.8	-18.367	-49.987	2.1776	22.639	12.151	-7.0176	43.1	-17.746	20.134	-63.426	31.696
-3.1727	-19.241	11.699	3.958	-2.9742	2.9186	4.343	2.3271	-0.35663	-2.7715	-0.60272	-4.4363	1.0642	-0.31841	15.651	36.88	86.845	-26.443	-43.321	0.23836	62.198	-36.188	9.8654	5.2365	-3.5085	-69.333	26.864	30.181
-2.5657	-15.52	13.577	3.2854	-3.5987	2.9138	4.2213	3.8046	-0.50133	-4.5325	-2.546	-3.2057	2.3512	-0.42696	24.279	148.82	75.114	-26.904	-24.977	-0.1931	-4.8701	59.098	-5.7881	-70.441	-77.733	49.227	51.48	-4.342
-1.8567	-1.4921	12.055	2.5874	-4.9595	4.0075	2.6121	2.7815	-3.5246	-4.426	-1.0465	-1.2926	3.4057	-1.9721	28.36	561.12	-60.868	-27.92	-54.433	43.751	-64.367	-40.923	-120.93	4.2597	59.981	76.524	42.177	-61.807
-1.3018	3.0219	13.154	-0.98361	-3.0903	5.0151	0.62386	-0.17296	-6.1308	-1.5678	0.02264	-0.55454	2.9866	-1.4973	22.196	180.56	43.958	-142.84	74.767	40.304	-79.53	-118.18	-104.25	114.33	42.766	29.521	-16.764	18.993
-0.9128	8.2474	12.925	-4.3362	-0.29841	5.7464	-1.8281	-1.8212	-7.0081	1.5104	0.16635	-0.39778	1.3787	0.019465	15.561	209.02	-9.1684	-134.11	111.68	29.25	-98.079	-65.931	-35.091	123.13	5.7482	6.2704	-64.314	60.671
-0.38127	12.013	11.399	-6.1455	3.1176	4.0637	-4.1764	-3.1697	-5.2095	2.0438	-0.62271	-0.65942	1.616	1.7012	21.261	150.64	-61.021	-72.371	136.64	-67.309	-93.933	-53.939	71.945	21.336	-31.562	-10.466	9.4904	67.269
-0.031939	16.419	9.1454	-5.9959	5.4885	1.5052	-6.2144	-2.5281	-2.5374	1.0155	-0.93974	-0.9696	2.8184	2.0303	13.973	176.23	-90.151	5.983	94.835	-102.34	-81.52	25.666	106.88	-41.13	-12.681	-12.407	48.098	13.166
-0.038086	22.65	4.6511	-4.8282	6.3634	-1.4775	-7.2112	-1.4136	-0.7897	-0.27996	-0.13956	-0.75263	2.5335	1.5001	-0.2459	249.22	-179.77	46.709	34.995	-119.31	-39.872	44.578	69.908	-51.819	32.007	8.6785	-11.395	-21.21
-0.27078	24.346	3.043	-4.7746	7.2794	-2.7725	-6.5952	-0.55561	-0.078406	-0.065606	-0.3598	-0.19829	1.2849	1.4257	-9.3078	67.843	-64.325	2.1465	36.641	-51.799	24.641	34.32	28.452	8.5743	-8.8096	22.174	-49.945	-2.9767
-0.40797	25.675	1.5115	-4.2754	7.4236	-4.6057	-5.2998	-0.93207	0.68596	-0.35531	0.25965	-0.5368	1.2137	0.58765	-5.4874	53.184	-61.259	19.966	5.7692	-73.326	51.818	-15.058	30.575	-11.588	24.778	-13.54	-2.849	-33.521
-0.27605	27.383	0.69739	-3.7992	5.7204	-5.2868	-3.8662	-1.66	0.41553	0.64483	-0.027114	0.24932	0.77271	0.47704	5.2767	68.29	-32.566	19.05	-68.127	-27.246	57.345	-29.116	-10.817	40.006	-11.471	31.445	-17.639	-4.4243
-0.11399	28.904	0.56074	-4.1311	4.9122	-5.3645	-3.3833	-2.6005	1.5202	0.54023	-0.0029801	0.62846	0.64886	0.15677	6.4822	60.873	-5.466	-13.277	-32.33	-3.1091	19.315	-37.621	44.188	-4.184	0.96537	15.166	-4.954	-12.811
0.12576	29.822	0.73704	-4.2341	4.8467	-5.526	-3.3908	-2.5149	1.816	0.61689	0.25042	0.72701	0.73959	-0.11673	9.5901	36.716	7.0521	-4.1201	-2.6204	-6.4596	-0.30059	3.4234	11.829	3.0665	10.136	3.942	3.6292	-10.94
0.30429	32.222	-0.52821	-2.6078	4.041	-5.0553	-3.4393	-1.5813	1.1471	1.5764	0.16026	1.0872	0.86246	-0.097955	7.1414	96.005	-50.61	65.05	-32.226	18.83	-1.9411	37.346	-26.755	38.382	-3.6064	14.408	4.9148	0.75119
0.31544	32.334	-0.47671	-3.5422	3.7037	-5.0625	-4.6052	-0.50006	0.17898	1.8415	-0.11061	0.95887	0.83173	-0.44562	0.44602	4.4573	2.06	-37.376	-13.493	-0.29052	-46.635	43.248	-38.724	10.602	-10.835	-5.1339	-1.2293	-13.907
0.46782	33.289	-0.1325	-3.5686	3.2858	-4.9556	-4.3531	-0.31623	0.6285	1.5959	0.42608	0.43734	1.1263	-0.56154	6.095	38.21	13.769	-1.0558	-16.715	4.2762	10.082	7.353	17.981	-9.8232	21.467	-20.861	11.783	-4.6368
0.59554	35.044	-0.1153	-3.5007	2.456	-4.6567	-3.6175	-0.60181	1.8892	0.93001	1.1886	-0.27455	1.4257	-0.36858	5.1087	70.178	0.68771	2.7164	-33.191	11.956	29.426	-11.423	50.428	-26.636	30.5	-28.476	11.975	7.7184
0.55235	34.106	0.66285	-3.8521	1.7242	-4.6044	-3.7451	-0.29841	2.2672	0.8438	1.2142	-0.77239	1.4175	-0.13978	-1.7276	-37.515	31.126	-14.057	-29.273	2.0927	-5.1056	12.136	15.121	-3.4484	1.0243	-19.913	-0.32933	9.1519
0.48876	33.306	0.8188	-4.2692	1.2551	-4.5623	-4.0601	-0.080057	1.8529	0.89556	1.2614	-1.1225	1.3483	-0.22252	-2.5435	-31.997	6.2382	-16.683	-18.764	1.6841	-12.598	8.7343	-16.574	2.0707	1.8883	-14.003	-2.7666	-3.3093
0.44798	32.303	1.4145	-4.5094	1.4269	-4.1741	-3.527	-0.65077	1.8752	0.8948	1.4542	-1.0189	1.215	-0.030346	-1.6312	-40.096	23.827	-9.6086	6.8727	15.53	21.322	-22.829	0.89296	-0.030493	7.7142	4.1441	-5.3316	7.6868
0.26002	32.44	-0.3172	-3.2247	1.3384	-2.8034	-4.2915	-1.464	2.3639	-0.59986	2.5087	-1.0932	1.7601	0.048412	-7.5184	5.4429	-69.267	51.391	-3.5409	54.827	-30.58	-32.53	19.549	-59.786	42.177	-2.9752	21.803	3.1503
-0.30824	31.487	-3.2654	-0.60753	0.63515	-0.67188	-4.2852	-3.2004	1.8407	-1.1116	2.022	-0.17466	2.0193	-0.3856	-22.73	-38.117	-117.93	104.69	-28.13	85.261	0.25386	-69.455	-20.927	-20.469	-19.465	36.743	10.368	-17.36
-1.0794	23.425	-1.6818	0.62042	2.3769	-0.37573	-2.5623	-4.6325	1.5272	-0.4493	-0.068742	0.93978	1.034	0.74252	-30.846	-322.47	63.347	49.118	69.668	11.846	68.915	-57.286	-12.542	26.492	-83.631	44.578	-39.412	45.125
-2.0103	9.001	-0.61915	3.9527	2.6327	1.111	-1.541	-5.1731	0.54219	-1.6123	-0.41067	-0.53526	1.2952	1.6418	-37.236	-576.95	42.504	133.29	10.232	59.471	40.853	-21.622	-39.4	-46.518	-13.677	-59.002	10.45	35.97
-3.359	-23.981	2.6767	5.4604	3.0527	3.3317	-0.70413	-3.0543	-0.23188	-3.4432	0.5956	-1.5101	1.359	2.4925	-53.947	-1319.3	131.83	60.306	16.803	88.826	33.474	84.753	-30.963	-73.236	40.251	-38.995	2.5525	34.029
-7.2743	-67.872	4.0681	9.5295	1.7303	6.5837	0.32692	1.1371	-1.253	-2.3483	2.3494	-2.2054	-0.16713	0.33852	-156.62	-1755.6	55.656	162.76	-52.899	130.08	41.242	167.65	-40.846	43.795	70.153	-27.81	-61.046	-86.16
-9.1816	-80.184	-3.6782	11.087	1.0374	7.9171	1.3839	2.5893	-0.71167	-1.9305	2.1389	-0.94484	1.4914	-1.2286	-76.29	-492.45	-309.85	62.317	-27.716	53.336	42.279	58.087	21.654	16.711	-8.4215	50.422	66.342	-62.686
-10.659	-85.139	-13.765	11.83	0.28374	7.6981	1.139	-0.083683	0.96558	-1.0952	2.1253	-1.7313	2.3985	-0.51312	-59.113	-198.23	-403.48	29.689	-30.145	-8.7621	-9.7946	-106.92	67.09	33.411	-0.54325	-31.458	36.285	28.62
-8.2606	-62.07	-13.973	9.9316	-4.6978	7.4007	2.0653	-1.1855	4.655	-0.87041	1.389	-3.7047	0.38941	-0.21303	95.953	922.77	-8.3253	-75.921	-199.26	-11.893	37.052	-44.075	147.58	8.9929	-29.454	-78.935	-80.365	12.004
-7.2537	-45.005	3.2516	7.7604	-10.721	-0.095498	1.2459	-0.076621	1.7796	-1.3266	0.57292	-1.2856	0.93298	-1.1422	40.275	682.59	689	-86.848	-240.94	-299.85	-32.777	44.357	-115.02	-18.25	-32.642	96.764	21.743	-37.165
-5.7473	-47.212	1.781	8.474	-10.466	2.8381	0.79205	-0.3805	1.9255	-1.23	1.3992	-1.4559	1.5815	-0.46272	60.255	-88.276	-58.824	28.542	10.198	117.34	-18.154	-12.155	5.8334	3.8654	33.05	-6.8147	25.94	27.177
-3.2176	-19.599	12.522	8.1665	-6.3178	-2.8801	6.023	1.4989	-0.99039	-4.0449	-0.89955	1.8224	0.56904	0.61473	101.19	1104.5	429.62	-12.299	165.94	-228.73	209.24	75.176	-116.63	-112.6	-91.949	131.13	-40.498	43.098
-2.2003	-5.9572	10.294	4.809	-5.105	-3.3944	5.0822	0.47956	-2.2052	-4.0178	-0.30361	2.1573	0.47468	0.64616	40.69	545.68	-89.111	-134.3	48.511	-20.574	-37.634	-40.773	-48.593	1.0866	23.838	13.397	-3.7743	1.2573
-1.5207	11.64	4.4682	3.1765	-6.448	-1.2614	2.5936	0.25591	-2.6982	-2.581	1.8235	1.0613	1.6004	-0.64032	27.186	703.89	-233.03	-65.298	-53.72	85.319	-99.542	-8.9459	-19.718	57.469	85.086	-43.841	45.028	-51.459
-0.62827	21.646	5.1946	-2.0244	-6.4831	-4.702	5.3345	-0.35753	-3.5841	0.77145	1.5921	2.2295	-2.1679	-0.47686	35.696	400.26	29.057	-208.04	-1.4038	-137.62	109.63	-24.538	-35.437	134.1	-9.2565	46.731	-150.73	6.5384
-0.11079	26.591	4.2022	-4.0172	-5.8119	-5.1214	5.9402	-0.53305	-2.4235	2.389	1.0457	1.8212	-3.6547	0.28012	20.699	197.77	-39.695	-79.71	26.847	-16.777	24.231	-7.0206	46.422	64.702	-21.856	-16.335	-59.473	30.279
0.11283	29.352	2.7619	-5.1606	-5.178	-3.8474	5.4841	-0.799	-2.4535	3.6479	0.40135	1.2541	-3.9964	1.0864	8.9449	110.47	-57.614	-45.738	25.357	50.959	-18.245	-10.638	-1.2003	50.357	-25.775	-22.682	-13.669	32.25
0.056447	31.877	1.0408	-6.0079	-4.5965	-3.3253	4.2611	-1.2263	-2.2286	3.9768	-0.11429	0.59866	-3.9146	1.2227	-2.2553	101	-68.844	-33.89	23.26	20.886	-48.921	-17.091	8.9963	13.155	-20.626	-26.218	3.2739	5.453
0.01358	32.117	0.25634	-5.3414	-3.4745	-2.9535	2.9551	-2.0917	-1.2967	4.2429	-0.02212	-0.23454	-2.8543	1.3019	-1.7147	9.5865	-31.378	26.661	44.878	14.872	-52.238	-34.618	37.277	10.643	3.687	-33.328	42.413	3.1706
-0.039149	32.894	-0.84912	-4.8187	-0.89739	-3.412	0.86453	-2.1417	-0.3047	4.3118	-0.013501	-0.75611	-1.87	1.6229	-2.1092	31.074	-44.218	20.908	103.09	-18.34	-83.624	-1.9971	39.68	2.7564	0.34477	-20.863	39.369	12.839
-0.29114	30.028	-1.0266	-2.8929	0.14514	-4.215	-0.82476	-2.404	-0.044838	3.9718	-0.89077	0.27752	-0.72379	1.4868	-10.079	-114.64	-7.0974	77.03	41.701	-32.119	-67.572	-10.495	10.394	-13.597	-35.091	41.345	45.85	-5.4451
-0.62433	28.06	-1.8087	-2.0794	3.0196	-4.5891	-1.9996	-2.7388	-0.053647	1.8451	-0.67878	1.4499	0.2797	1.035	-13.328	-78.731	-31.288	32.542	114.98	-14.967	-46.995	-13.392	-0.35235	-85.068	8.4795	46.896	40.14	-18.072
-1.1644	19.757	-1.9347	0.90439	5.805	-4.0576	-2.6567	-1.827	-0.013489	-0.4546	-0.041077	1.9159	0.30801	-0.11096	-21.601	-332.09	-5.0401	119.35	111.41	21.261	-26.283	36.474	1.6063	-91.99	25.508	18.64	1.1324	-45.838
-2.1612	7.7688	-0.85083	2.6595	8.1276	-4.0267	-2.2157	-1.2407	-0.42096	-3.0812	-1.102	2.1878	-0.61245	0.018403	-39.875	-479.54	43.357	70.206	92.905	1.2351	17.64	23.449	-16.299	-105.07	-42.437	10.875	-36.818	5.1746
-3.3751	-14.168	0.43622	6.1562	7.4107	-1.2263	-2.6138	0.9467	-0.77618	-5.7307	0.0092732	1.389	0.39295	-0.68776	-48.553	-877.49	51.482	139.87	-28.676	112.02	-15.924	87.497	-14.209	-105.98	44.451	-31.953	40.216	-28.247
-5.801	-48.341	-1.1338	9.1188	6.3645	2.8295	-3.6748	1.2403	1.1759	-5.7502	1.0394	0.077394	1.1044	-0.92843	-97.039	-1366.9	-62.802	118.5	-41.849	162.23	-42.44	11.746	78.083	-0.77812	41.203	-52.463	28.458	-9.6268
-9.5533	-86.697	-5.0788	9.5927	3.676	8.72	0.26009	2.5777	0.53277	-2.8522	0.75827	-0.17127	0.96154	-1.9262	-150.09	-1534.3	-157.8	18.959	-107.54	235.62	157.4	53.492	-25.725	115.92	-11.244	-9.9464	-5.7143	-39.912
-12.021	-97.849	-11.202	7.3961	-1.1036	8.0168	0.89685	1.4898	-1.4502	-2.5663	-0.70403	-3.8811	1.6608	-2.078	-98.706	-446.05	-244.94	-87.867	-191.18	-28.128	25.47	-43.512	-79.318	11.434	-58.492	-148.39	27.971	-6.0694
-12.506	-87.395	-8.2305	5.6604	-5.9747	3.2725	1.9875	1.9871	-2.2894	-2.022	2.4614	-2.4383	1.7204	-0.3688	-19.417	418.16	118.88	-69.425	-194.84	-189.77	43.626	19.892	-33.568	21.774	126.62	57.712	2.3832	68.367
-12.401	-92.051	-8.8538	5.8583	-4.5812	4.595	0.83366	1.5706	-0.3949	-1.3385	0.083785	-2.3901	1.6249	-0.97444	4.197	-186.26	-24.935	7.9153	55.739	52.9	-46.154	-16.661	75.779	27.34	-95.105	1.9285	-3.8212	-24.225
-13.197	-102.95	-15.723	3.4546	-3.1352	4.7558	1.7814	3.9227	0.27391	-2.1115	1.0905	-1.7883	1.7472	-1.8118	-31.812	-435.98	-274.76	-96.148	57.841	6.4314	37.908	94.085	26.753	-30.919	40.268	24.071	4.8921	-33.495
-13.382	-105.43	-17.689	5.3698	-2.3251	6.7263	2.3109	2.9829	1.3104	-1.8086	0.21023	-2.0018	3.0924	0.15982	-7.4158	-99.291	-78.669	76.607	32.401	78.818	21.182	-37.592	41.458	12.116	-35.21	-8.5385	53.807	78.866
-13.444	-104.38	-17.18	5.5263	-2.71	5.9737	0.13594	1.1132	0.58556	-0.55305	1.5926	-0.25759	2.2438	-1.5738	-2.4607	41.97	20.381	6.2602	-15.393	-30.104	-86.998	-74.791	-28.992	50.221	55.295	69.769	-33.943	-69.343
-13.453	-102.57	-15.712	3.3081	-2.7775	6.1039	1.5653	2.482	-1.1984	-2.1941	0.29954	-1.4199	3.5487	-0.97878	-0.3803	72.587	58.702	-88.729	-2.7023	5.2104	57.175	54.753	-71.36	-65.643	-51.723	-46.492	52.195	23.799
-5.8825	-34.169	-13.506	-1.4268	-3.9993	2.9551	1.1847	-0.4375	2.1024	-2.553	2.0012	-2.5322	2.3463	-1.673	302.83	2736	88.243	-189.39	-48.872	-125.95	-15.224	-116.78	132.03	-14.354	68.065	-44.492	-48.096	-27.769
-4.9501	0.89183	-12.67	-0.42314	-3.7994	3.2821	1.2336	-0.29973	2.6479	-2.031	2.3363	-2.3706	2.7787	-1.5607	37.294	1402.4	33.453	40.146	7.9955	13.08	1.9547	5.5107	21.821	20.881	13.404	6.4639	17.296	4.4925
-1.9619	0.74832	6.439	4.0629	-3.0263	2.0963	-0.27992	-2.0397	-1.2976	0.50242	2.6975	-2.9099	2.4927	-0.51594	119.53	-5.7405	764.36	179.44	30.924	-47.434	-60.541	-69.6	-157.82	101.34	14.45	-21.573	-11.438	41.79
-1.2719	13.204	7.2287	-0.18446	-0.54436	-0.92551	-1.2577	-1.6876	-2.7024	2.0901	1.1975	-1.3827	1.0547	1.0773	27.602	498.22	31.586	-169.89	99.278	-120.87	-39.11	14.087	-56.193	63.507	-60.002	61.09	-57.519	63.729
-0.79403	15.862	6.7655	-2.011	-0.82638	-2.0716	-2.0539	0.085811	-1.3045	1.8435	1.766	-2.0473	1.3856	0.04125	19.115	106.34	-18.527	-73.062	-11.281	-45.842	-31.85	70.935	55.916	-9.865	22.743	-26.586	13.235	-41.441
-0.40549	19.185	5.6952	-2.1175	-2.884	-3.0203	-0.92026	-0.22454	-0.32437	2.9153	0.94485	-1.8483	0.72544	0.86126	15.542	132.88	-42.811	-4.2577	-82.306	-37.952	45.346	-12.414	39.205	42.872	-32.847	7.9598	-26.407	32.8
-0.23054	20.786	5.6833	-3.4844	-2.6198	-3.0698	-0.58925	0.16707	0.49026	4.0671	-0.35426	-1.0249	-0.41709	1.612	6.9977	64.062	-0.47883	-54.678	10.567	-1.9796	13.241	15.665	32.585	46.073	-51.965	32.938	-45.701	30.029
-0.36144	22.569	4.4979	-4.7619	-2.9041	-2.0929	-0.43405	-0.99079	1.0602	3.7519	-0.9158	-0.88209	-0.93579	1.4954	-5.2359	71.332	-47.415	-51.098	-11.372	39.078	6.2079	-46.315	22.799	-12.608	-22.461	5.7108	-20.748	-4.6655
-0.28691	25.588	2.912	-4.8851	-3.7223	-1.6472	-0.045372	-1.4578	1.9111	2.871	-0.52842	-1.3542	-0.71858	1.3662	2.9813	120.75	-63.436	-4.9283	-32.728	17.829	15.547	-18.679	34.035	-35.236	15.495	-18.883	8.6881	-5.1663
-0.1482	26.145	2.9925	-4.8221	-4.8468	-0.22574	-0.53281	-0.99183	1.7236	2.9841	-0.67913	-1.1828	-1.0946	1.4921	5.5484	22.27	3.2198	2.5171	-44.98	56.858	-19.498	18.637	-7.5022	4.5255	-6.0286	6.8563	-15.039	5.0362
-0.2034	26.355	3.4035	-6.6173	-3.801	-1.1958	0.17383	-1.4056	1.9003	2.8228	-0.90384	-0.99537	-1.4005	1.8986	-2.2083	8.3952	16.44	-71.806	41.832	-38.803	28.266	-16.552	7.0711	-6.4548	-8.9884	7.4953	-12.237	16.26
-0.060883	27.3	3.1062	-6.1536	-4.3325	-0.91677	0.26435	-1.2594	1.9973	3.046	-1.2982	-0.8069	-1.4437	1.6289	5.7008	37.821	-11.889	18.549	-21.258	11.162	3.6208	5.8499	3.8797	8.9311	-15.776	7.5389	-1.7307	-10.788
0.13328	28.365	3.2176	-6.4153	-4.536	-0.35627	0.47772	-1.6065	2.8515	2.7414	-1.1472	-0.47761	-1.7491	1.5857	7.7665	42.597	4.456	-10.469	-8.1397	22.42	8.5348	-13.886	34.168	-12.186	6.0397	13.171	-12.214	-1.7262
0.121	29.497	2.6169	-6.5382	-5.6657	0.38825	-0.10524	-1.709	2.6967	2.408	-0.91925	-0.92071	-1.2928	1.1564	-0.491	45.282	-24.029	-4.9145	-45.188	29.781	-23.318	-4.0972	-6.1935	-13.333	9.1199	-17.724	18.253	-17.173
0.19382	29.196	3.5158	-7.8402	-4.5744	-0.21935	-0.22277	-1.0261	2.3599	1.907	-0.29273	-1.2817	-1.3181	1.4801	2.9125	-12.057	35.956	-52.081	43.652	-24.304	-4.7013	27.314	-13.471	-20.043	25.061	-14.44	-1.0136	12.949
0.23534	28.228	4.5582	-7.2244	-5.4535	0.29715	0.18187	-0.9782	2.0842	2.6866	-1.3555	-0.41874	-1.4208	1.384	1.6611	-38.697	41.694	24.632	-35.163	20.66	16.185	1.9157	-11.031	31.184	-42.512	34.519	-4.1061	-3.8457
0.21179	26.678	5.5376	-7.7544	-5.1436	-0.26777	0.057545	-0.68867	1.5976	3.1524	-1.6556	-0.030788	-2.0013	1.6904	-0.94209	-62.019	39.178	-21.201	12.396	-22.597	-4.9728	11.581	-19.462	18.633	-12.004	15.518	-23.223	12.255
0.13315	28.885	4.0881	-6.0204	-6.4879	0.034093	0.27785	-0.86099	1.6838	2.7987	-0.81201	-0.79195	-1.3747	1.1108	-3.1456	88.297	-57.983	69.36	-53.772	12.075	8.8124	-6.8929	3.4465	-14.149	33.745	-30.446	25.067	-23.181
0.23568	25.58	5.2204	-5.3128	-5.8361	-2.0014	0.40567	0.27282	0.31434	4.4847	-1.0912	-0.75637	-2.3556	2.5189	4.1013	-132.22	45.293	28.303	26.069	-81.42	5.1127	45.352	-54.778	67.442	-11.167	1.423	-39.238	56.323
0.37521	23.993	5.7789	-4.7928	-4.9986	-3.2247	0.017884	1.8894	0.82496	3.3362	0.18433	-1.4239	-2.3992	2.3109	5.5812	-63.465	22.342	20.803	33.503	-48.931	-15.512	64.664	20.425	-45.941	51.02	-26.702	-1.7435	-8.3189
0.37492	21.713	7.556	-5.7689	-4.826	-2.9686	-0.67438	2.6614	1.5887	2.0534	0.49353	-1.7501	-1.6202	1.6241	-0.011636	-91.193	71.085	-39.045	6.9027	10.242	-27.691	30.878	30.549	-51.313	12.368	-13.048	31.16	-27.472
0.22839	21.469	7.327	-5.9199	-5.3564	-2.1763	-0.4777	2.534	1.5317	1.7989	0.46468	-1.3095	-2.094	2.3432	-5.8613	-9.7564	-9.1605	-6.0394	-21.215	31.693	7.867	-5.0947	-2.2774	-10.18	-1.1543	17.623	-18.951	28.763
-0.085529	23.579	4.4807	-5.6729	-6.2885	-1.405	0.90619	0.37374	1.3288	3.0606	-0.32959	-0.82553	-1.8198	2.1217	-12.557	84.37	-113.85	9.8797	-37.286	30.852	55.356	-86.41	-8.1165	50.469	-31.771	19.361	10.967	-8.859
-0.65873	20.454	2.8821	-7.5125	-3.5651	-1.5098	0.028126	-0.38885	2.0592	2.8214	0.33752	-0.31936	-1.9351	2.2898	-22.928	-124.98	-63.947	-73.584	108.94	-4.1924	-35.123	-30.503	29.215	-9.5674	26.684	20.247	-4.6108	6.7215
-1.4084	11.685	0.81719	-5.1572	-2.3968	-2.0839	-0.081496	-1.2451	1.8563	2.904	0.78931	-0.52157	-2.6751	2.0735	-29.988	-350.77	-82.596	94.213	46.728	-22.964	-4.3849	-34.25	-8.1167	3.3031	18.072	-8.0885	-29.601	-8.6519
-2.3046	15.325	-3.0146	-6.5168	-2.2584	-3.5873	-0.037773	-2.8554	2.0594	2.71	1.9208	-1.1413	-2.992	1.6039	-35.846	145.59	-153.27	-54.387	5.537	-60.137	1.7489	-64.411	8.1245	-7.7607	45.259	-24.79	-12.676	-18.782
-2.6866	-32.735	-0.30811	4.089	-2.0305	0.86445	-2.4744	-3.7255	4.6785	6.1435	6.8618	-3.3781	-3.325	1.5301	-15.281	-1922.4	108.26	424.24	9.1183	178.07	-97.467	-34.805	104.76	137.34	197.64	-89.471	-13.321	-2.9547
-7.1209	-73.935	-4.6628	4.9455	-3.236	1.2989	-2.8303	-0.8172	2.1626	4.2252	6.8503	-0.75416	2.4539	-0.075686	-177.37	-1648	-174.19	34.259	-48.223	17.378	-14.234	116.33	-100.63	-76.733	-0.45991	104.96	231.16	-64.23
-11.827	-93.844	-11.537	5.3288	-2.3816	4.539	1.5455	2.8707	-0.64426	-0.62706	2.9495	-0.30441	3.7177	-0.40063	-188.25	-796.37	-274.96	15.333	34.178	129.61	175.03	147.52	-112.28	-194.09	-156.03	17.99	50.552	-12.998
-12.015	-81.45	-15.017	4.7519	2.5881	4.5555	-1.1528	-0.83074	0.17443	-3.818	-0.42212	-1.5074	1.3925	0.94127	-7.5204	495.74	-139.22	-23.078	198.79	0.65873	-107.93	-148.06	32.748	-127.64	-134.87	-48.12	-93.005	53.676
-12.032	-86.653	-12.282	7.2233	2.3201	4.8272	-0.93304	-0.58369	-1.0141	-2.9809	-1.6824	-2.512	0.43879	0.19092	-0.66301	-208.12	109.4	98.856	-10.723	10.867	8.7904	9.882	-47.541	33.485	-50.411	-40.184	-38.15	-30.014
-10.551	-81.174	-4.8825	4.6821	-2.0064	5.3406	1.7544	1.164	-1.0074	-0.71746	2.3839	-3.7808	-0.11723	-0.992	59.215	219.19	295.99	-101.65	-173.06	20.536	107.5	69.909	0.26964	90.537	162.65	-50.754	-22.241	-47.317
-10.081	-65.853	-1.1904	2.1928	1.0232	3.2325	1.4312	2.0084	-0.12423	1.2767	1.9458	-4.1359	-1.2829	-0.032094	18.827	612.81	147.68	-99.574	121.18	-84.324	-12.929	33.774	35.325	79.765	-17.525	-14.201	-46.627	38.396
-9.6285	-63.219	-9.2276	0.27164	3.0183	2.9181	4.1957	1.4639	-0.6434	1.8873	-0.068288	-4.6579	0.77709	-0.12518	18.082	105.36	-321.49	-76.845	79.803	-12.576	110.58	-21.778	-20.767	24.427	-80.562	-20.879	82.4	-3.7236
-9.5288	-55.487	-12.129	-0.23417	0.46656	-1.8245	3.2282	2.9839	0.91025	-0.045503	0.27975	-2.0051	3.6085	-0.64652	3.9888	309.3	-116.06	-20.232	-102.07	-189.7	-38.7	60.799	62.146	-77.313	13.922	106.11	113.26	-20.853
-9.4201	-57.688	-4.4215	1.2596	-0.40713	1.6583	3.6272	3.6088	-0.86392	-0.16447	0.39637	-1.6176	2.2492	-0.94431	4.3466	-88.039	308.31	59.753	-34.947	139.31	15.959	24.995	-70.967	-4.7587	4.6649	15.501	-54.372	-11.911
-9.909	-66.588	-4.2455	5.1711	0.57358	2.3443	2.334	1.077	-1.4764	1.3826	2.5291	-1.5495	1.446	-1.2069	-19.557	-356.02	7.0388	156.46	39.228	27.443	-51.727	-101.27	-24.501	61.882	85.31	2.7236	-32.126	-10.505
