-4.3935	-12.015	6.8504	5.7344	8.3504	0.83166	-3.1004	1.2348	0.79107	0.22154	-1.8645	0.01683	0.01962	2.0172	0	0	0	0	0	0	0	0	0	0	0	0	0	0
-4.5238	-29.433	14.573	13.342	2.1998	1.0795	-1.1088	-0.23981	1.6372	-2.0285	-3.3064	3.4876	-0.86201	0.64184	-5.2125	-696.69	308.9	304.32	-246.02	9.9125	79.661	-58.985	33.845	-90.001	-57.675	138.83	-35.265	-55.013
-4.4745	-32.496	13.131	12.026	4.4507	2.0346	-1.1682	0.28037	0.9047	-2.4204	-2.7997	2.6364	-2.103	2.1158	1.9721	-122.51	-57.695	-52.642	90.035	38.207	-2.3739	20.807	-29.299	-15.676	20.268	-34.05	-49.638	58.957
-4.6971	-32.216	10.674	11.903	3.6596	4.9979	-0.35184	-1.5756	0.86821	-1.2104	-2.9705	1.4175	-1.9827	1.9884	-8.9044	11.189	-98.268	-4.9219	-31.642	118.53	32.653	-74.241	-1.4596	48.401	-6.8346	-48.753	4.8098	-5.0939
-5.1719	-32.145	9.0546	12.63	0.53115	4.3442	3.0364	-1.1691	1.5147	-1.5114	-1.0408	-1.8029	-2.5094	1.6917	-18.993	2.8275	-64.77	29.07	-125.14	-26.147	135.53	16.263	25.859	-12.044	77.19	-128.82	-21.068	-11.869
-5.9392	-36.951	7.1819	14.168	0.67378	1.7342	1.6528	-1.173	3.3043	-1.2266	-1.08	-1.353	-1.6601	0.5416	-30.691	-192.24	-74.904	61.511	5.7052	-104.4	-55.343	-0.15842	71.583	11.395	-1.5694	17.997	33.971	-46.003
-6.5937	-15.762	2.0949	1.9416	-3.2812	1.5172	2.2739	1.2875	3.2521	-0.77747	-0.58452	-1.6239	-2.4206	-0.14818	-26.181	847.55	-203.48	-489.05	-158.2	-8.6783	24.843	98.422	-2.0869	17.964	19.82	-10.835	-30.42	-27.591
-6.5081	-6.7491	-12.091	4.1803	-4.2562	0.25267	1.1474	0.11405	0.81932	0.72297	-1.2215	-2.6363	-0.28616	-1.1425	3.4238	360.53	-567.42	89.547	-39.001	-50.583	-45.06	-46.939	-97.311	60.018	-25.477	-40.498	85.378	-39.772
-5.9786	-0.53608	-17.179	3.0232	-4.4806	1.9741	0.40017	-1.1929	0.43405	0.31697	0.56368	-2.164	1.1078	-0.47911	21.183	248.52	-203.53	-46.284	-8.9769	68.857	-29.887	-52.276	-15.411	-16.24	71.405	18.894	55.759	26.534
-5.6739	0.19967	-21.665	-1.2961	-4.7518	1.1951	0.81956	0.75317	0.49698	-0.77031	0.58324	-1.1798	0.013425	-1.5387	12.187	29.43	-179.46	-172.77	-10.846	-31.159	16.776	77.841	2.5171	-43.491	0.78235	39.367	-43.775	-42.383
-5.6679	-0.50609	-20.244	-0.043172	-5.6353	2.1177	0.75448	-1.3721	-1.213	-1.0598	0.25154	-0.55562	1.4362	-0.82144	0.23777	-28.23	56.858	50.119	-35.342	36.902	-2.6035	-85.009	-68.399	-11.578	-13.268	24.966	56.911	28.69
-5.333	2.9231	-19.819	-2.1154	-5.0819	3.1388	0.58039	-1.3077	1.1576	-0.39314	0.076908	-2.1497	-0.16966	-0.43622	13.398	137.17	16.976	-82.89	22.137	40.844	-6.9634	2.5752	94.823	26.665	-6.9854	-63.763	-64.234	15.409
-5.0012	8.4937	-20.674	-4.6651	-5.2249	2.0467	1.3796	-1.3962	-0.36232	-0.9632	0.81174	-1.5243	-0.079567	0.17242	13.272	222.83	-34.179	-101.99	-5.7198	-43.683	31.969	-3.5392	-60.796	-22.803	29.393	25.017	3.6036	24.346
-4.5566	17.154	-17.647	-1.2785	-6.1587	1.2291	1.4584	0.23379	0.42558	-0.2661	0.82876	0.0014188	-0.13975	-1.1885	17.785	346.41	121.09	135.46	-37.353	-32.704	3.1527	65.198	31.516	27.884	0.68077	61.028	-2.4075	-54.439
-4.4883	20.212	-14.746	1.4187	-5.0334	-0.17943	-0.28206	0.57706	2.7757	-1.6965	0.75211	-0.49257	1.1245	-0.32369	2.7306	122.34	116.03	107.89	45.011	-56.341	-69.62	13.731	94.004	-57.218	-3.0658	-19.759	50.568	34.594
-1.8688	26.352	3.9766	5.5849	-2.76	-0.48327	-1.1557	-2.674	2.6834	0.66356	0.11939	-0.70111	1.0902	-0.61096	104.78	245.6	748.91	166.65	90.94	-12.153	-34.944	-130.04	-3.6922	94.404	-25.309	-8.3418	-1.3717	-11.491
-0.49604	35.166	14.519	-3.9643	-1.1797	-1.923	-2.9638	-0.58622	0.35851	1.4152	0.45531	1.0564	0.054387	0.95953	54.911	352.56	421.7	-381.97	63.212	-57.587	-72.328	83.51	-92.995	30.064	13.437	70.3	-41.431	62.819
0.29927	37.412	13.751	-4.7224	-2.8172	-4.1518	-3.4398	-0.66891	1.2851	1.039	1.1493	1.7029	-1.2738	1.9054	31.813	89.838	-30.726	-30.325	-65.499	-89.153	-19.037	-3.3075	37.065	-15.045	27.758	25.86	-53.126	37.836
0.54053	42.901	11.744	-5.4661	-4.191	-4.9082	-3.8084	0.3495	1.5498	1.9362	-0.13309	1.6236	-1.939	2.2315	9.6504	219.54	-80.265	-29.745	-54.952	-30.256	-14.746	40.736	10.587	35.888	-51.294	-3.1721	-26.609	13.043
0.81359	47.975	8.3753	-5.3317	-4.1831	-5.1963	-1.6418	1.5366	0.76917	2.8737	-1.1857	0.43968	-1.6083	0.91761	10.922	202.96	-134.75	5.3739	0.31555	-11.524	86.666	47.486	-31.226	37.499	-42.106	-47.356	13.226	-52.555
1.2548	55.628	5.7929	-8.0288	-5.943	-4.387	-0.52306	1.0657	0.21315	4.8746	-2.749	0.83867	-2.7221	1.0017	17.649	306.13	-103.3	-107.88	-70.399	32.373	44.748	-18.837	-22.241	80.035	-62.532	15.96	-44.551	3.3642
1.5326	59.093	5.6335	-10.249	-7.358	-3.3645	0.52912	0.53111	0.14285	5.3378	-3.786	1.3557	-3.5148	1.3735	11.111	138.59	-6.3771	-88.804	-56.597	40.898	42.087	-21.384	-2.812	18.527	-41.477	20.682	-31.708	14.87
1.5925	58.344	6.8359	-10.671	-7.8235	-2.7631	1.1128	0.88636	-0.068711	5.2545	-3.7336	1.48	-3.399	1.4768	2.3951	-29.958	48.095	-16.883	-18.621	24.057	23.348	14.21	-8.4626	-3.3306	2.0939	4.9724	4.6304	4.133
1.5921	58.035	7.3666	-11.27	-7.7581	-3.3196	1.9481	0.035743	0.049039	5.3714	-4.0492	1.3744	-3.2217	1.6312	-0.015177	-12.324	21.229	-23.97	2.6142	-22.259	33.411	-34.025	4.71	4.6757	-12.624	-4.2269	7.0941	6.1771
1.56	57.315	7.3846	-10.416	-7.0471	-3.4249	0.86873	0.25885	0.27514	4.7853	-3.2338	0.88851	-2.9085	1.2291	-1.2855	-28.828	0.71972	34.153	28.44	-4.2118	-43.174	8.9243	9.044	-23.442	32.617	-19.434	12.528	-16.084
1.3846	54.92	7.5041	-8.7711	-5.8442	-4.2583	-0.39813	-0.14616	1.1953	3.9675	-1.5192	0.13596	-2.2401	0.89217	-7.016	-95.774	4.7783	65.81	48.116	-33.335	-50.675	-16.2	36.807	-32.715	68.585	-30.102	26.735	-13.477
0.99153	47.483	10.005	-6.6106	-4.5312	-5.2169	-0.91786	-1.4668	1.8405	3.4471	-0.87337	0.22779	-1.6774	1.7211	-15.721	-297.49	100.04	86.422	52.523	-38.348	-20.789	-52.826	25.806	-20.814	25.833	3.6733	22.508	33.156
0.22208	36.697	15.453	-6.0129	-4.7862	-3.3883	-1.7309	-2.9881	0.46075	3.069	-0.58959	0.64257	-1.2365	2.9158	-30.778	-431.44	217.92	23.907	-10.203	73.144	-32.52	-60.852	-55.189	-15.125	11.351	16.591	17.636	47.788
-0.91089	18.805	17.889	-5.3092	-1.2555	-1.0131	-1.3755	-4.1066	-1.0324	0.83762	1.4465	0.06287	0.20154	0.98301	-45.319	-715.67	97.422	28.15	141.23	95.009	14.216	-44.739	-59.727	-89.255	81.445	-23.188	57.523	-77.31
-4.0687	-24.468	14.815	2.5256	0.5798	1.9337	1.9719	1.2247	-2.6842	-0.47473	2.6	-0.68061	-0.63666	-1.8128	-126.31	-1731	-122.92	313.39	73.412	117.87	133.89	213.25	-66.069	-52.494	46.139	-29.739	-33.528	-111.83
-6.1461	-40.927	12.471	6.5552	0.19616	3.4876	3.377	1.6797	-3.3406	-0.87467	3.4993	-0.45039	1.2174	-1.7974	-83.098	-658.35	-93.762	161.18	-15.346	62.156	56.205	18.2	-26.257	-15.998	35.97	9.2086	74.163	0.61814
-6.4778	-46.729	12.097	7.7289	0.54718	3.7607	2.1208	2.8598	-1.2396	-2.0335	2.6196	0.35015	0.96277	-0.93259	-13.268	-232.07	-14.966	46.949	14.041	10.925	-50.249	47.206	84.039	-46.352	-35.187	32.022	-10.186	34.591
-6.6324	-48.684	11.847	8.1912	1.3277	3.4101	0.79748	3.2145	0.17387	-1.9083	2.3443	-0.61394	0.93583	-0.37537	-6.1844	-78.213	-9.9984	18.492	31.219	-14.025	-52.931	14.185	56.539	5.0077	-11.014	-38.564	-1.0776	22.289
-6.7875	-47.946	9.4598	9.0825	2.4056	2.604	0.040045	3.3247	1.0569	-1.3512	1.9933	-1.4531	0.63366	0.13005	-6.2026	29.543	-95.499	35.653	43.118	-32.247	-30.297	4.4109	35.321	22.283	-14.037	-33.565	-12.087	20.217
-6.697	-38.033	3.7475	6.8035	4.2823	2.9472	1.1306	1.6223	1.3954	-0.93396	0.90024	-0.65426	0.88736	-0.42853	3.6209	396.5	-228.49	-91.159	75.07	13.731	43.621	-68.096	13.538	16.689	-43.723	31.952	10.148	-22.343
-4.9146	-4.2881	-1.2887	2.5864	7.249	4.3475	-2.2106	-2.241	0.98629	1.0008	-0.08837	-0.84698	1.5641	0.25607	71.294	1349.8	-201.45	-168.69	118.67	56.009	-133.65	-154.53	-16.363	77.39	-39.544	-7.7085	27.069	27.384
-3.7345	9.9345	-0.27592	1.7752	9.7271	-0.67535	-2.3414	1.0607	0.12923	-1.17	-0.72181	0.83838	1.6187	1.4366	47.206	568.9	40.511	-32.446	99.126	-200.91	-5.2317	132.07	-34.282	-86.831	-25.338	67.414	2.1858	47.222
-3.0255	15.958	-0.2274	3.0348	10.021	-3.6624	-0.67319	-0.1201	-1.5117	-0.061433	-0.64174	3.1353	0.49116	0.85016	28.359	240.92	1.9405	50.383	11.742	-119.48	66.729	-47.231	-65.636	44.342	3.2026	91.876	-45.102	-23.459
-2.3653	18.649	1.6819	2.9623	8.9656	-4.2162	-0.33125	-1.2932	-2.1472	1.382	-1.9741	5.0929	-1.4791	1.9865	26.411	107.67	76.372	-2.9008	-42.201	-22.155	13.678	-46.924	-25.422	57.737	-53.296	78.305	-78.809	45.453
-1.9978	18.98	3.7646	2.7698	6.4507	-3.8855	0.31702	-2.5979	-2.2526	1.4565	-1.9001	5.6734	-1.2027	2.089	14.699	13.227	83.306	-7.7018	-100.6	13.23	25.931	-52.187	-4.2158	2.9808	2.9629	23.22	11.055	4.0999
-1.7036	18.576	4.6926	4.737	3.1608	-3.6437	1.5265	-3.4396	-2.6897	0.1012	-0.68845	4.2592	0.62837	1.6487	11.765	-16.172	37.122	78.69	-131.6	9.6696	48.38	-33.67	-17.482	-54.212	48.465	-56.568	73.242	-17.611
-1.871	12.898	8.3314	5.9021	0.48569	-4.541	3.57	-2.4648	-3.6727	-2.7996	1.1799	2.8851	1.2367	2.3772	-6.6948	-227.1	145.55	46.603	-107	-35.889	81.74	38.991	-39.321	-116.03	74.732	-54.965	24.334	29.139
-2.3594	3.5932	10.818	8.1955	-2.5361	-5.3963	4.8072	-0.19197	-2.1036	-4.7316	0.81768	1.3099	1.8389	0.96258	-19.534	-372.2	99.454	91.736	-120.87	-34.213	49.49	90.915	62.762	-77.281	-14.487	-63.005	24.086	-56.585
-3.0871	2.6235	6.6162	9.9574	-4.4608	-1.4763	4.9023	-2.2499	1.1937	-5.2151	-0.80785	-1.4733	2.6811	1.646	-29.108	-38.79	-168.06	70.475	-76.988	156.8	3.8009	-82.319	131.89	-19.342	-65.021	-111.33	33.691	27.338
-2.9461	-5.6654	12.812	9.742	-4.7539	-5.9312	7.7544	-0.40583	-1.1521	-4.2228	-1.3039	-0.061514	1.7104	1.8192	5.6399	-331.56	247.83	-8.6161	-11.727	-178.2	114.09	73.765	-93.831	39.694	-19.843	56.471	-38.831	6.9277
-2.5517	-2.7139	13.482	9.3701	-5.123	-6.0338	7.5362	-1.0438	-1.184	-4.003	-1.6523	0.83984	0.8382	2.6264	15.777	118.06	26.797	-14.876	-14.761	-4.104	-8.7301	-25.52	-1.2767	8.7931	-13.934	36.054	-34.887	32.289
-1.9741	3.6795	13.076	8.6551	-4.7738	-6.8372	6.6314	0.38163	-3.7545	-3.7939	-1.5471	1.5013	0.065967	2.2745	23.102	255.73	-16.246	-28.599	13.965	-32.136	-36.192	57.018	-102.82	8.3623	4.2066	26.46	-30.889	-14.078
-1.2202	16.35	10.59	7.0221	-4.9478	-7.2964	5.8952	0.16597	-4.9406	-4.9126	0.30773	1.2657	-0.66864	1.9655	30.159	506.82	-99.415	-65.319	-6.9589	-18.371	-29.446	-8.6264	-47.442	-44.748	74.194	-9.4246	-29.384	-12.358
-0.72913	31.661	10.893	2.1983	-7.0405	-6.1621	4.1164	-3.6101	-4.7979	-0.88528	0.8148	1.9114	-1.8965	1.4208	19.641	612.42	12.096	-192.95	-83.705	45.372	-71.155	-151.04	5.7097	161.09	20.283	25.828	-49.115	-21.79
-0.21998	36.572	9.3281	-0.071884	-6.7302	-4.531	2.8128	-5.9187	-2.6171	2.1111	1.319	1.663	-2.7342	1.4106	20.366	196.47	-62.591	-90.808	12.409	65.244	-52.142	-92.343	87.229	119.86	20.168	-9.9365	-33.505	-0.40598
0.10555	38.765	8.3718	-0.67214	-4.2238	-4.4354	-0.28037	-6.0292	-1.4567	3.6371	0.32213	1.3691	-1.4995	1.8716	13.021	87.723	-38.249	-24.01	100.26	3.8243	-123.73	-4.4223	46.417	61.041	-39.875	-11.755	49.386	18.438
0.13843	39.77	7.1592	-0.39723	-2.626	-4.6474	-1.9322	-6.4375	0.45986	2.8305	-1.7256	2.6112	-0.6675	1.2861	1.3153	40.189	-48.506	10.997	63.912	-8.4807	-66.074	-16.329	76.662	-32.265	-81.909	49.683	33.28	-23.42
-0.17521	39.081	5.8611	0.72388	-0.24748	-6.0601	-2.4626	-4.7514	-0.0039508	2.3729	-2.8253	2.6758	-0.46958	1.0721	-12.545	-27.577	-51.924	44.844	95.139	-56.506	-21.213	67.443	-18.552	-18.306	-43.99	2.5815	7.9165	-8.5606
-0.61274	37.383	3.9627	2.8394	2.2813	-8.0819	-2.4862	-1.965	-1.2901	1.0599	-2.8687	2.7391	-2.2384	2.3247	-17.501	-67.908	-75.935	84.621	101.15	-80.873	-0.94654	111.46	-51.447	-52.518	-1.7347	2.5324	-70.751	50.104
-0.83118	34.362	4.6022	3.1446	3.9294	-7.6903	-3.3605	-0.61021	-1.1941	-0.26811	-2.9367	2.1663	-2.6708	2.116	-8.7377	-120.84	25.581	12.206	65.923	15.664	-34.972	54.192	3.8417	-53.121	-2.7204	-22.913	-17.299	-8.3484
-0.81737	29.919	5.6282	4.1848	4.871	-8.0172	-2.5546	-0.54797	-2.4038	-0.32982	-2.2609	0.89528	-2.7228	2.6514	0.55236	-177.71	41.037	41.611	37.664	-13.074	32.236	2.4895	-48.389	-2.4684	27.033	-50.839	-2.0766	21.417
-0.77943	24.509	7.1095	5.5202	5.9329	-7.1291	-3.5268	0.43502	-2.219	-1.9333	-1.7758	0.51492	-2.9393	2.4179	1.5178	-216.39	59.255	53.415	42.477	35.522	-38.887	39.32	7.3944	-64.138	19.405	-15.214	-8.6596	-9.3393
-0.84747	20.634	8.0277	5.2398	8.568	-6.0139	-4.7738	1.9459	-3.1172	-1.7803	-1.9779	0.9768	-3.3092	1.503	-2.7219	-155.01	36.725	-11.217	105.4	44.608	-49.88	60.435	-35.929	6.1198	-8.0838	18.475	-14.798	-36.597
-1.2094	19.028	6.2953	6.3743	9.5843	-4.4389	-3.8438	2.4741	-2.8965	-2.6459	-1.6385	-0.17494	-1.2802	1.718	-14.478	-64.253	-69.295	45.382	40.654	63	37.2	21.127	8.8265	-34.627	13.576	-46.07	81.16	8.5992
-2.0001	28.237	-1.8353	6.1321	8.561	-3.0671	-4.119	1.1722	-1.1899	-2.8564	-0.47795	-1.0533	1.1834	0.69107	-31.629	368.35	-325.22	-9.6875	-40.932	54.875	-11.006	-52.076	68.265	-8.4207	46.42	-35.133	98.544	-41.076
-2.9475	26.715	-12.617	2.7389	8.2955	0.32902	-1.2236	0.9818	0.19106	-0.91451	0.90624	-0.080934	0.87488	-0.37688	-37.895	-60.88	-431.26	-135.73	-10.622	135.84	115.82	-7.615	55.239	77.677	55.368	38.894	-12.342	-42.718
-2.6604	27.491	-19.566	-2.5492	5.7078	-1.083	-1.4014	1.5929	0.38369	-0.89134	0.77187	-0.571	2.2494	-0.4263	11.484	31.075	-277.96	-211.53	-103.51	-56.482	-7.1157	24.443	7.7051	0.92671	-5.3746	-19.603	54.981	-1.9771
-2.551	27.886	-21.276	-2.7368	5.0569	-1.3326	-1.5017	2.6879	1.3645	-0.75329	1.3717	-0.099705	1.204	-0.98769	4.3764	15.77	-68.428	-7.5007	-26.037	-9.9845	-4.0103	43.8	39.232	5.5222	23.992	18.852	-41.815	-22.455
-2.4959	27.416	-22.329	-0.97415	3.3534	-0.89151	-1.0666	0.92078	1.0026	-0.65493	0.15493	0.3532	0.84569	-1.3161	2.205	-18.784	-42.119	70.504	-68.141	17.645	17.404	-70.684	-14.474	3.9346	-48.67	18.116	-14.334	-13.137
-2.4989	28.106	-23.877	-2.1046	3.1188	-1.5758	-1.5312	1.5252	0.86108	0.11755	1.1285	-1.1033	0.47118	-0.28095	-0.12288	27.595	-61.925	-45.219	-9.3817	-27.373	-18.583	24.175	-5.6625	30.899	38.943	-58.26	-14.981	41.407
-2.4416	27.014	-23.342	-0.40605	3.8816	-0.71838	-1.6819	1.66	1.2508	0.49211	1.9471	-1.9997	0.5603	-1.0103	2.2933	-43.689	21.407	67.943	30.511	34.298	-6.026	5.3948	15.59	14.983	32.745	-35.855	3.5649	-29.174
-2.5529	24.771	-24.429	1.7276	4.64	-1.1169	-1.2034	1.9829	1.5733	0.79462	1.8157	-0.41583	0.56146	-1.2879	-4.4506	-89.691	-43.477	85.347	30.336	-15.942	19.139	12.915	12.899	12.1	-5.2571	63.355	0.046491	-11.105
-2.4724	26.203	-23.683	-1.0195	2.8185	-2.441	-1.169	1.7328	0.93858	0.51856	1.6876	-0.030428	1.7168	-0.57321	3.2192	57.244	29.862	-109.89	-72.86	-52.964	1.3739	-10.005	-25.389	-11.043	-5.1249	15.416	46.215	28.588
-2.2078	28.349	-23.134	-0.53306	3.7932	-2.712	0.14375	3.17	0.95308	0.33788	0.96398	-1.3415	0.91022	-1.0613	10.583	85.859	21.951	19.459	38.985	-10.838	52.511	57.489	0.58004	-7.2272	-28.944	-52.444	-32.265	-19.522
-2.3513	28.55	-22.863	0.87612	3.8015	-2.8057	0.43146	1.5803	0.44007	1.2335	1.3842	-1.373	2.1896	-0.15459	-5.7396	8.0257	10.839	56.367	0.33305	-3.7499	11.508	-63.59	-20.52	35.826	16.808	-1.2609	51.175	36.267
-3.0938	17.181	-18.274	3.7322	4.2405	-4.2944	0.67143	-0.26461	0.32693	0.69625	0.81388	0.17954	0.52915	-1.9211	-29.702	-454.76	183.55	114.24	17.559	-59.545	9.5988	-73.795	-4.5254	-21.49	-22.812	62.103	-66.418	-70.661
-3.3925	14.258	-5.0665	7.3808	4.033	-1.8807	3.0455	1.452	1.5115	-0.28422	0.43676	-2.3582	1.3214	-0.33461	-11.947	-116.91	528.3	145.95	-8.301	96.547	94.964	68.666	47.384	-39.219	-15.085	-101.51	31.69	63.46
-2.9071	14.951	7.3186	3.2396	6.1223	-5.4624	-0.20873	3.7637	0.33047	2.3684	-1.4263	-0.14843	0.2799	-0.42956	19.415	27.709	495.41	-165.65	83.574	-143.27	-130.17	92.465	-47.243	106.11	-74.523	88.39	-41.66	-3.798
-2.7033	11.756	11.675	0.82478	5.5331	-5.8081	-1.8242	4.7395	-1.3184	1.8283	-1.5707	1.3191	1.2229	0.50644	8.1547	-127.76	174.26	-96.591	-23.569	-13.827	-64.617	39.035	-65.956	-21.605	-5.7769	58.703	37.72	37.44
-3.1023	3.0558	12.234	1.1167	6.5346	-5.11	-2.7184	4.0967	-2.2804	2.6786	-2.8116	0.92739	1.6173	-0.021836	-15.963	-348.03	22.354	11.677	40.061	27.922	-35.769	-25.715	-38.48	34.011	-49.635	-15.67	15.778	-21.131
-3.9701	-13.402	10.529	6.5422	4.8234	-1.5856	-1.5741	1.944	-1.9436	2.2485	-2.8815	1.4814	0.38555	0.66174	-34.71	-658.3	-68.215	217.02	-68.449	140.98	45.774	-86.107	13.474	-17.203	-2.7951	22.16	-49.272	27.343
-4.4436	-18.246	10.394	9.49	1.2665	-0.0070315	-1.0854	0.68249	-0.69461	1.8707	-4.2099	3.055	0.45213	0.45411	-18.939	-193.77	-5.395	117.91	-142.28	63.141	19.546	-50.459	49.959	-15.111	-53.136	62.943	2.6632	-8.3055
-4.5686	-17.737	10.35	8.6131	1.8108	0.37623	-1.5209	0.78469	-0.60099	1.9789	-4.617	2.6724	0.36996	1.0687	-5.0033	20.341	-1.7663	-35.073	21.774	15.33	-17.419	4.0878	3.7447	4.3282	-16.283	-15.303	-3.2867	24.585
-4.5883	-19.143	11.849	7.1775	1.7142	2.047	-1.9337	0.26222	-0.28295	1.6018	-3.189	1.1874	0.15327	1.4184	-0.78545	-56.221	59.959	-57.427	-3.864	66.832	-16.513	-20.899	12.722	-15.086	57.118	-59.397	-8.6676	13.985
-4.5593	-15.421	8.7084	6.277	4.3885	2.6634	-2.7834	-0.19592	0.69348	1.5133	-2.7228	1.0184	-0.41478	1.3049	1.1602	148.87	-125.61	-36.018	106.97	24.655	-33.988	-18.326	39.057	-3.5384	18.651	-6.7626	-22.722	-4.5374
-4.099	5.278	5.2557	2.3495	4.8769	-1.4991	-1.9641	1.4225	0.55701	1.9691	-0.24975	-0.62883	1.0594	0.55001	18.412	827.96	-138.11	-157.1	19.539	-166.5	32.772	64.737	-5.4591	18.229	98.92	-65.889	58.967	-30.197
-3.4929	16.63	3.5123	-0.27899	6.6095	-2.4587	-1.9292	2.5078	2.514	1.977	0.74245	-1.0226	0.50024	-1.1715	24.242	454.08	-69.736	-105.14	69.304	-38.383	1.3968	43.413	78.28	0.31807	39.688	-15.751	-22.367	-68.859
-2.819	17.444	8.2199	-0.1663	6.9712	-4.8004	-3.2327	3.9602	2.8398	2.5671	-1.2641	-1.6405	-0.013935	0.37848	26.957	32.563	188.3	4.5076	14.467	-93.666	-52.141	58.095	13.031	23.602	-80.261	-24.714	-20.567	61.998
-2.2795	21.492	8.5058	0.51538	2.5253	-4.0241	-0.78303	1.644	3.5373	1.6857	-0.88662	-2.0927	0.00014806	2.0257	21.581	161.92	11.437	27.267	-177.83	31.05	97.988	-92.648	27.899	-35.255	15.097	-18.088	0.56332	65.887
-1.7835	28.322	8.5321	-0.8631	-0.35194	-2.6954	-2.3995	2.3961	3.0903	1.3584	-1.1095	-1.2584	-0.25321	1.1427	19.838	273.18	1.0532	-55.139	-115.09	53.148	-64.659	30.083	-17.879	-13.093	-8.9156	33.371	-10.134	-35.32
-1.3309	35.394	7.3311	-1.7293	-2.3233	-3.3576	-2.9161	2.6507	1.8115	1.9493	-0.52741	-1.8963	0.29253	0.66119	18.106	282.88	-48.041	-34.647	-78.852	-26.488	-20.665	10.182	-51.152	23.637	23.284	-25.516	21.829	-19.259
-1.0201	32.148	8.4627	-0.93009	-2.9663	-4.0469	-3.3344	1.3452	2.5668	0.28238	0.3047	-0.20421	-0.25622	1.2039	12.431	-129.83	45.265	31.968	-25.723	-27.57	-16.73	-52.219	30.211	-66.676	33.284	67.684	-21.95	21.71
-1.0882	28.004	10.781	-0.9068	-2.2947	-3.8583	-3.5428	-0.32405	2.1433	-0.57208	0.83285	0.24341	0.39754	1.5366	-2.7223	-165.74	92.732	0.93155	26.866	7.5446	-8.3347	-66.769	-16.94	-34.178	21.126	17.905	26.15	13.306
-1.6073	20.691	11.41	3.1482	-2.647	-1.9512	-4.1175	-0.85785	1.0437	-0.76082	0.54757	-0.91937	0.99298	1.8276	-20.768	-292.52	25.154	162.2	-14.094	76.282	-22.992	-21.352	-43.983	-7.5499	-11.411	-46.511	23.818	11.639
-2.6476	13.975	6.0987	9.9611	-3.5866	1.458	-4.2024	-3.0253	1.7868	-1.1758	1.5939	-3.9758	0.92799	1.5794	-41.611	-268.66	-212.45	272.52	-37.583	136.37	-3.396	-86.696	29.725	-16.6	41.853	-122.26	-2.5999	-9.9267
-3.4725	11.586	-6.1258	14.243	-3.4801	4.5451	-3.8355	-3.1597	2.3531	-1.3409	1.3868	-1.2655	0.8879	0.81327	-32.997	-95.556	-488.98	171.27	4.2613	123.48	14.676	-5.3776	22.65	-6.6052	-8.2827	108.41	-1.6035	-30.646
-3.5826	2.7316	-20.95	9.6831	-7.548	5.2119	-1.7684	1.2397	1.5858	-0.24975	2.4109	-1.9954	0.92172	0.28909	-4.4038	-354.17	-592.99	-182.39	-162.72	26.675	82.688	175.97	-30.691	43.648	40.964	-29.197	1.3529	-20.967
-2.7949	-4.3597	-25.511	9.5948	-9.5625	6.2939	0.40608	1.5951	1.0754	-0.54619	2.3421	-0.6813	0.80256	-1.5124	31.511	-283.65	-182.41	-3.53	-80.581	43.277	86.977	14.218	-20.417	-11.858	-2.7553	52.565	-4.7666	-72.058
-2.843	-5.301	-26.634	9.9326	-9.2218	6.1302	1.6911	1.1091	-0.20927	-0.23992	2.6739	-2.262	0.81362	-0.79868	-1.9265	-37.653	-44.922	13.512	13.626	-6.5459	51.401	-19.441	-51.387	12.251	13.275	-63.23	0.44263	28.547
-3.5529	5.0262	-23.526	7.0123	-7.4509	5.8118	3.0909	1.7648	-0.26457	-2.4478	2.6763	-0.52095	0.7025	-1.0712	-28.394	413.09	124.31	-116.81	70.837	-12.736	55.991	26.228	-2.2121	-88.317	0.094669	69.643	-4.4449	-10.901
-4.7586	-4.2111	-19.966	3.1898	-7.383	5.1054	1.7652	0.76464	0.077324	-3.7191	1.474	-0.24212	0.99648	-1.515	-48.229	-369.49	142.41	-152.9	2.7156	-28.257	-53.028	-40.006	13.676	-50.85	-48.091	11.153	11.759	-17.75
-7.836	-48.019	-13.838	2.3502	-13.611	4.9841	3.1572	1.488	-1.3726	-2.6349	2.2567	1.9909	1.8245	-1.3677	-123.1	-1752.3	245.12	-33.587	-249.11	-4.8501	55.68	28.936	-57.999	43.367	31.306	89.321	33.119	5.8899
-11.25	-74.829	-16.321	5.0347	-6.9199	3.3601	2.228	2.8022	0.11813	-1.1161	1.2728	1.5249	0.16511	-1.2043	-136.56	-1072.4	-99.323	107.38	267.63	-64.962	-37.168	52.566	59.631	60.754	-39.355	-18.639	-66.374	6.535
-12.081	-73.941	-14.58	1.0662	-9.9415	1.9006	1.0429	2.1173	0.011282	-0.033236	0.21923	0.679	0.50663	-0.1425	-33.23	35.533	69.636	-158.74	-120.86	-58.378	-47.405	-27.395	-4.2741	43.313	-42.144	-33.837	13.661	42.474
-12.279	-72.551	-15.032	0.17628	-3.5808	2.6501	2.2255	0.99917	0.14413	0.94905	0.38618	1.0434	1.1343	-1.6422	-7.9158	55.575	-18.097	-35.597	254.43	29.98	47.304	-44.726	5.3138	39.291	6.6779	14.576	25.106	-59.987
-4.8959	1.363	-6.8158	-6.4675	-7.4905	3.2442	1.8873	-2.4584	-0.43516	0.66822	1.1971	-0.51611	-0.47746	0.32729	295.31	2956.6	328.65	-265.75	-156.39	23.764	-13.525	-138.3	-23.171	-11.233	32.435	-62.381	-64.47	78.779
-3.8942	23.254	-5.4226	-3.6723	-6.4605	5.3455	3.2922	-3.774	-0.017825	1.1223	1.4749	-1.0273	0.067643	0.51303	40.067	875.65	55.727	111.81	41.201	84.052	56.195	-52.626	16.693	18.165	11.113	-20.447	21.804	7.4295
-4.0392	18.094	-4.7775	-1.2723	-8.6673	2.9066	1.6699	-5.3435	0.74307	2.8835	2.5658	-1.5254	0.56749	0.23022	-5.8022	-206.39	25.804	96.001	-88.274	-97.556	-64.893	-62.778	30.436	70.447	43.637	-19.924	19.994	-11.312
-4.7674	11.472	-4.5653	0.9753	-3.2901	3.9397	3.5553	-3.8289	-0.17251	-0.36104	1.5008	-0.23445	-0.26166	-0.81592	-29.126	-264.88	8.4895	89.902	215.09	41.322	75.418	60.582	-36.623	-129.78	-42.601	51.638	-33.166	-41.845
-4.8036	10.553	-3.8443	-2.059	-3.6508	1.0906	6.1865	-0.2909	-1.5352	0.064428	2.2879	-1.0587	0.60405	0.036395	-1.4466	-36.789	28.84	-121.37	-14.431	-113.96	105.25	141.52	-54.507	17.019	31.483	-32.969	34.628	34.092
-3.914	11.025	0.80594	-1.6346	-3.6024	1.0486	8.6145	1.6745	-1.4279	1.7493	3.4591	-2.1952	-0.83693	0.3833	35.583	18.878	186.01	16.974	1.9367	-1.6786	97.12	78.614	4.2927	67.394	46.848	-45.46	-57.639	13.876
-3.0365	15.163	9.9559	-0.912	-3.8256	-1.4031	6.2041	2.7932	-0.94625	0.6281	2.3402	-2.9266	0.14109	2.5453	35.098	165.55	366	28.906	-8.9256	-98.069	-96.416	44.751	19.265	-44.847	-44.753	-29.258	39.121	86.48
-2.4099	16.869	14.917	-1.7614	-5.6767	-2.8291	5.049	2.8878	-1.3059	-0.85068	2.9853	-2.3276	0.017289	1.6929	25.065	68.206	198.46	-33.976	-74.044	-57.04	-46.205	3.7822	-14.385	-59.151	25.802	23.963	-4.952	-34.097
-2.1522	18.354	16.218	-5.2718	-4.6803	-4.8455	3.048	4.0749	-2.4203	-1.0592	2.5777	-1.4904	-0.9053	0.55495	10.31	59.404	52.009	-140.41	39.856	-80.656	-80.039	47.484	-44.574	-8.341	-16.304	33.484	-36.903	-45.517
-2.3845	16.307	13.216	-6.9081	-6.0918	-3.8341	2.9296	1.9486	-1.0229	-0.018198	2.6293	0.58949	-1.2258	-0.50627	-9.2911	-81.884	-120.08	-65.455	-56.46	40.454	-4.7386	-85.053	55.892	41.64	2.0639	83.197	-12.82	-42.449
-3.1216	6.5029	12.054	-4.1487	-6.4794	-0.011102	1.5038	1.5437	-1.8022	0.56738	0.59533	2.334	-1.0795	-0.37173	-29.488	-392.15	-46.459	110.38	-15.505	152.92	-57.031	-16.195	-31.168	23.423	-81.359	69.78	5.8516	5.382
-4.5921	-5.4917	11.292	-3.0185	-3.1743	0.47024	5.1911	-0.3294	-1.3412	0.77934	-2.6784	3.4825	0.013401	-1.2221	-58.817	-479.79	-30.502	45.206	132.2	19.254	147.49	-74.924	18.438	8.4782	-130.95	45.939	43.717	-34.013
-5.1774	-13.546	9.0582	1.1888	-1.0852	1.8807	6.1534	-0.18952	-2.9111	0.25116	-3.372	3.8283	-0.24149	-1.6917	-23.414	-322.17	-89.336	168.29	83.565	56.417	38.493	5.5954	-62.796	-21.127	-27.744	13.833	-10.196	-18.784
-5.0035	-13.377	9.5902	2.6313	-1.1708	1.4502	5.3681	1.2495	-3.9391	0.70732	-1.6539	1.8301	0.013414	-0.74072	6.9563	6.7763	21.28	57.702	-3.4217	-17.22	-31.413	57.563	-41.118	18.247	68.726	-79.928	10.196	38.037
-4.8952	-10.578	13.364	0.70593	-3.408	2.925	3.5171	1.0548	-2.9793	0.79665	0.017011	0.42811	0.18881	-0.16714	4.3346	111.93	150.95	-77.016	-89.491	58.994	-74.038	-7.7917	38.389	3.5729	66.836	-56.08	7.0157	22.943
-5.1469	-19.304	16.49	2.3932	-5.759	2.6589	4.0179	0.31351	-0.31711	-0.32064	1.4225	-0.025048	-0.56075	0.1412	-10.069	-349.04	125.05	67.492	-94.038	-10.646	20.031	-29.65	106.49	-44.691	56.22	-18.126	-29.982	12.334
-6.0053	-35.784	9.5194	13.318	-2.4637	0.73794	4.2685	-0.62471	2.8882	-1.7521	-1.571	-0.25553	-0.51184	-1.1468	-34.335	-659.17	-278.83	437	131.81	-76.837	10.026	-37.529	128.21	-57.256	-119.74	-9.2195	1.9564	-51.522
-6.9076	-43.504	4.6153	12.107	0.87435	5.0481	3.0513	-3.9571	1.2697	-2.016	-1.5718	0.18751	-1.4701	-1.3261	-36.093	-308.81	-196.16	-48.455	133.52	172.41	-48.689	-133.29	-64.74	-10.556	-0.030996	17.722	-38.332	-7.1713
-8.0178	-54.916	-1.1866	11.301	1.6114	3.2344	3.2418	-2.6422	1.6918	-4.0663	-3.9376	-2.0187	-0.58186	-1.3267	-44.407	-456.47	-232.08	-32.249	29.483	-72.546	7.619	52.596	16.883	-82.013	-94.633	-88.247	35.532	-0.022378
-9.7772	-62.103	-3.3754	6.652	-0.52895	3.225	2.6327	-1.8838	0.58472	-4.2432	-2.6621	-1.7261	-1.1849	-2.6135	-70.376	-287.5	-87.551	-185.94	-85.616	-0.3767	-24.361	30.333	-44.284	-7.0766	51.019	11.701	-24.12	-51.472
-6.1631	-41.16	-4.4984	-3.162	2.8912	1.6753	2.1239	3.5469	-1.6263	-4.4102	-0.78857	-2.4225	-2.2876	-3.075	144.56	837.72	-44.918	-392.56	136.81	-61.989	-20.354	217.23	-88.443	-6.6809	74.942	-27.853	-44.108	-18.46
-5.3131	15.964	-9.5022	-4.3323	-0.53798	-2.6783	0.55878	1.8357	-1.3509	-3.4681	-0.31745	-0.36614	1.5569	-1.2274	34.003	2285	-200.16	-46.811	-137.17	-174.14	-62.604	-68.446	11.02	37.686	18.845	82.253	153.78	73.904
-4.9728	6.6245	-12.042	0.099685	0.79543	-1.7236	1.9597	0.13903	0.91956	-1.6449	-1.2091	0.15576	2.469	-1.6084	13.609	-373.56	-101.61	177.28	53.336	38.186	56.038	-67.868	90.817	72.927	-35.666	20.876	36.486	-15.24
-3.1431	6.6246	2.2376	5.0695	6.2924	-0.49567	0.047525	-0.20711	0.16866	-1.0552	-1.0523	-0.46545	1.8322	-0.54633	73.191	0.0038871	571.2	198.79	219.88	49.118	-76.488	-13.846	-30.036	23.586	6.2711	-24.848	-25.474	42.482
-2.056	11.861	11.68	2.9765	6.9977	-4.0059	-0.19483	-1.9711	0.45689	-1.6933	-1.699	-0.03834	-0.17713	2.0093	43.482	209.47	377.68	-83.72	28.213	-140.41	-9.6942	-70.559	11.529	-25.521	-25.865	17.084	-80.374	102.22
-1.6324	13.16	12.763	0.36853	8.6344	-4.1041	-1.3239	-1.8625	-0.40139	-1.8298	-1.8441	-0.30711	-0.94617	2.1965	16.946	51.938	43.348	-104.32	65.467	-3.9282	-45.164	4.3436	-34.331	-5.4616	-5.8049	-10.751	-30.762	7.4879
-1.8161	13.955	11.573	-1.1504	9.9354	-3.475	-2.7079	-1.1656	-0.69962	-2.2286	-1.6338	-0.32499	-0.77652	1.3099	-7.349	31.82	-47.604	-60.759	52.04	25.164	-55.358	27.877	-11.929	-15.953	8.4094	-0.71524	6.786	-35.465
-2.5856	10.248	7.8064	1.4955	8.9923	-1.7778	-3.4392	0.70436	-1.4044	-2.1918	-1.3187	-1.1532	0.52512	-0.22295	-30.78	-148.3	-150.68	105.84	-37.721	67.888	-29.254	74.797	-28.191	1.4724	12.606	-33.13	52.066	-61.312
-4.3396	-18.76	3.4862	3.271	8.2495	-1.5591	-2.8666	1.1808	-1.3777	-0.54037	-0.57434	-0.080032	1.1041	-0.73619	-70.16	-1160.3	-172.81	71.022	-29.712	8.7479	22.905	19.058	1.0662	66.058	29.775	42.928	23.157	-20.529
-8.9809	-64.281	2.1533	9.4212	6.1148	3.0292	-1.9533	0.97063	0.021986	0.18235	2.4352	0.0083135	0.047311	-0.48319	-185.65	-1820.9	-53.315	246.01	-85.389	183.53	36.533	-8.4071	55.989	28.909	120.38	3.5338	-42.27	10.12
-9.7564	-70.087	0.79813	9.9379	5.0108	5.7736	0.3549	1.5389	0.23309	-0.90424	0.66242	-2.0801	-0.32427	-0.92753	-31.022	-232.22	-54.206	20.669	-44.16	109.78	92.327	22.731	8.444	-43.464	-70.912	-83.538	-14.863	-17.773
-10.075	-74.417	-0.62712	10.779	2.6551	6.322	2.7985	1.647	0.45677	-0.98827	-1.4384	-2.4343	-0.35059	-2.5214	-12.735	-173.23	-57.01	33.659	-94.227	21.936	97.743	4.3234	8.9475	-3.3611	-84.032	-14.165	-1.0527	-63.755
-10.239	-75.439	-2.7141	9.7217	1.0447	3.9233	1.1707	1.2664	-0.46773	-1.6737	0.35908	-1.2217	-0.61405	-2.5011	-6.5562	-40.862	-83.481	-42.31	-64.416	-95.949	-65.11	-15.225	-36.98	-27.419	71.898	48.5	-10.539	0.81071
-4.4491	14.441	-11.307	-5.0893	2.85	-2.8317	-0.16498	1.2811	1.4345	1.5172	2.2357	1.5885	0.31303	-1.8264	231.59	3595.2	-343.73	-592.44	72.21	-270.2	-53.428	0.59036	76.088	127.64	75.067	112.41	37.084	26.987
-3.0842	21.158	-1.5953	3.3291	6.9477	-2.8664	-1.7273	-1.8659	-0.91433	-1.5908	-1.0781	-0.40247	1.3959	-0.55812	54.594	268.68	388.48	336.74	163.91	-1.3896	-62.494	-125.88	-93.952	-124.32	-132.55	-79.639	43.315	50.733
-2.365	20.519	6.9382	-1.2099	10.953	-5.0715	-3.0775	-2.3849	-0.53902	-3.0097	-1.4027	0.46018	0.063074	1.1149	28.769	-25.529	341.34	-181.56	160.22	-88.203	-54.006	-20.758	15.012	-56.755	-12.984	34.506	-53.313	66.922
-2.1623	19.743	7.3437	-2.6775	13.034	-5.6669	-1.379	-2.5455	-0.042075	-2.6272	-2.6871	0.6555	-0.069522	1.7118	8.1086	-31.043	16.218	-58.706	83.23	-23.816	67.939	-6.4243	19.878	15.3	-51.378	7.8129	-5.3039	23.876
-2.4039	17.455	7.4091	-2.5207	12.979	-5.2851	-1.8777	-1.6449	-0.03187	-3.1781	-2.089	-0.50786	0.31926	1.4558	-9.6656	-91.527	2.6161	6.2731	-2.2037	15.273	-19.949	36.023	0.4082	-22.039	23.924	-46.534	15.551	-10.243
-3.1439	11.95	3.8049	2.8057	8.7077	-1.265	-3.884	-0.79191	-0.30069	-3.0917	0.0085703	-2.9937	1.3284	0.21483	-29.6	-220.21	-144.17	213.05	-170.85	160.8	-80.249	34.12	-10.753	3.4594	83.903	-99.433	40.365	-49.637
-4.7334	-14.124	-0.63846	6.8231	6.9373	-0.46693	-2.3461	-0.85498	0.038663	-3.2554	0.46643	-3.1236	1.003	1.8417	-63.581	-1043	-177.73	160.7	-70.816	31.921	61.515	-2.523	13.574	-6.5481	18.314	-5.1971	-13.015	65.076
-8.242	-63.377	0.59878	8.4452	6.1991	4.9046	0.14168	1.887	-1.3224	-2.3954	0.49155	-3.6546	-0.8607	-0.65621	-140.34	-1970.1	49.49	64.883	-29.53	214.86	99.511	109.68	-54.442	34.399	1.0048	-21.24	-74.549	-99.917
-10.57	-77.268	-3.8689	6.885	0.33346	5.8328	2.3164	1.4239	-0.55245	-3.0306	-0.72704	-1.7765	-2.2667	-2.9567	-93.117	-555.65	-178.71	-62.406	-234.62	37.127	86.988	-18.526	30.797	-25.409	-48.743	75.123	-56.239	-92.019
-12.586	-83.844	-9.4554	4.3572	-1.8252	3.6236	2.3377	2.021	0.94373	-1.7338	-0.79758	-1.4557	-1.1045	-2.7957	-80.624	-263.04	-223.46	-101.11	-86.345	-88.367	0.85204	23.884	59.847	51.873	-2.8215	12.833	46.486	6.4384
-13.527	-85.678	-10.553	2.4615	-2.0323	1.9812	2.1118	1.3661	0.67049	-1.4652	-0.36035	-0.42593	1.1863	-1.8909	-37.668	-73.379	-43.89	-75.827	-8.2872	-65.696	-9.036	-26.194	-10.929	10.744	17.489	41.191	91.632	36.192
-13.166	-88.116	-12.909	3.535	-3.102	1.0681	0.84759	0.97994	0.23724	-0.96812	0.019437	-0.39531	1.7991	-1.3228	14.431	-97.529	-94.26	42.941	-42.786	-36.524	-50.567	-15.448	-17.33	19.883	15.192	1.2251	24.514	22.725
-4.9381	-4.8722	-12.577	-3.3616	1.1716	-2.7526	-0.23086	2.1081	-0.25849	-0.43535	2.3882	-0.15146	1.6586	0.55413	329.13	3329.8	13.301	-275.86	170.94	-152.83	-43.138	45.126	-19.829	21.311	94.749	9.7538	-5.6222	75.078
-3.7942	25.304	-14.759	0.074874	1.8536	-2.8246	0.31784	1.3601	-0.54946	-1.0347	1.9021	0.99843	1.4694	-1.0279	45.756	1207	-87.313	137.46	27.278	-2.8782	21.948	-29.919	-11.639	-23.976	-19.442	45.996	-7.5662	-63.283
-3.5908	27.308	-11.724	2.2479	3.9284	-3.3867	-0.54112	2.678	0.93546	-0.47437	-0.60164	-1.0641	1.1822	-0.79343	8.1355	80.177	121.41	86.92	82.994	-22.484	-34.358	52.716	59.397	22.415	-100.15	-82.5	-11.49	9.3803
-4.1143	19.181	-9.4838	0.16853	3.4398	-0.97898	-3.1895	0.76008	0.98604	-1.2963	0.025942	-1.6268	1.4656	-0.84024	-20.939	-325.09	89.616	-83.174	-19.545	96.307	-105.93	-76.718	2.0234	-32.877	25.103	-22.509	11.337	-1.8722
-4.7795	13.141	-5.8682	-3.8698	1.3448	0.21669	-2.1806	3.0544	3.734	-1.7133	-1.2718	-0.648	2.2922	-0.42543	-26.607	-241.59	144.62	-161.53	-83.801	47.827	40.357	91.774	109.92	-16.68	-51.909	39.151	33.065	16.592
-5.1921	7.5253	-3.7893	-2.9431	-0.7513	-0.20899	-2.4787	0.30877	2.749	-1.0379	0.73187	-0.57593	0.68442	-1.1077	-16.504	-224.64	83.154	37.07	-83.842	-17.027	-11.925	-109.83	-39.399	27.015	80.146	2.8828	-64.312	-27.291
-5.5087	2.6444	-1.0219	-3.493	-1.3942	-0.2624	-2.3808	-0.42081	2.6566	-1.4724	-1.7242	-0.87341	1.3742	-1.7693	-12.663	-195.24	110.7	-21.998	-25.714	-2.1364	3.9131	-29.183	-3.697	-17.377	-98.245	-11.899	27.59	-26.464
-4.2712	-0.17817	6.8594	-2.6325	2.6176	3.4455	-0.40037	0.17833	2.922	0.63842	-1.2618	-1.2369	1.8148	-1.3128	49.5	-112.9	315.25	34.423	160.47	148.31	79.219	23.966	10.614	84.431	18.497	-14.538	17.626	18.259
-3.2624	3.6694	17.24	-4.5923	0.66105	0.44503	-0.66403	1.7567	0.95	2.8119	-0.82499	-1.4324	1.0513	0.45477	40.352	153.9	415.21	-78.392	-78.262	-120.02	-10.547	63.134	-78.879	86.941	17.473	-7.8212	-30.542	70.704
-2.6647	8.337	19.985	-6.3114	-2.3503	0.60684	-1.0769	0.89614	-0.74645	3.9154	-0.77603	-1.9027	0.89601	0.27495	23.907	186.7	109.82	-68.767	-120.46	6.4724	-16.516	-34.422	-67.858	44.14	1.9584	-18.811	-6.21	-7.1927
-2.3246	11.413	19.294	-9.1255	-4.1167	2.386	-1.9257	0.40469	-0.2595	3.5138	-0.39431	-1.3487	0.67893	-0.34797	13.603	123.03	-27.64	-112.56	-70.655	71.167	-33.952	-19.658	19.478	-16.067	15.269	22.16	-8.6834	-24.917
-2.1106	15.733	17.243	-11.023	-2.8261	0.59592	-0.27699	-0.73987	-0.31397	4.6063	-0.41981	-1.0416	0.20769	-0.23931	8.5583	172.81	-82.052	-75.914	51.623	-71.604	65.949	-45.782	-2.1786	43.701	-1.02	12.282	-18.849	4.3463
-2.0318	16.434	16.766	-11.305	-3.1973	0.44976	0.32096	-0.62307	-1.1819	5.7111	-0.71033	-1.2449	0.47779	-0.41609	3.1521	28.047	-19.073	-11.286	-14.847	-5.8466	23.918	4.672	-34.716	44.191	-11.621	-8.1298	10.804	-7.0713
-2.0831	17.466	16.152	-11.921	-3.1582	1.0297	0.21803	-0.85021	-0.81858	4.9408	-0.34295	-1.3142	0.40504	-0.47748	-2.0518	41.287	-24.566	-24.606	1.5647	23.198	-4.1171	-9.0858	14.531	-30.81	14.695	-2.7709	-2.9098	-2.4554
-2.3948	13.449	18.166	-11.756	-3.9538	2.3564	0.2888	-0.76871	-1.8185	5.3863	-0.83197	-0.88885	0.031375	-0.51457	-12.468	-160.71	80.556	6.5962	-31.825	53.069	2.8307	3.2601	-39.998	17.818	-19.561	17.012	-14.947	-1.4837
-2.901	7.6526	18.467	-9.3626	-5.1321	2.4304	1.945	-1.6185	-1.8414	4.1093	-0.29733	-0.30517	-0.045989	-0.94937	-20.246	-231.84	12.052	95.726	-47.133	2.9607	66.25	-33.991	-0.91525	-51.081	21.385	23.348	-3.0946	-17.392
-3.7158	-1.8744	17.356	-5.8958	-4.7765	1.9873	4.1259	-1.6275	-2.6508	3.6142	-0.58336	0.3521	-0.22162	-1.4015	-32.591	-381.08	-44.463	138.67	14.224	-17.727	87.233	-0.36205	-32.375	-19.805	-11.441	26.291	-7.0251	-18.086
-4.6342	-13.998	13.016	0.5372	-3.5518	2.9314	5.2826	-3.7604	-5.0471	4.1223	-1.4632	1.0249	0.96547	-0.12902	-36.736	-484.96	-173.58	257.32	48.989	37.765	46.271	-85.312	-95.852	20.326	-35.194	26.912	47.483	50.899
-5.042	-15.494	11.195	1.468	-2.4371	3.8259	4.7081	-5.3621	-4.7959	4.52	-1.6019	1.8282	1.1405	-0.44849	-16.314	-59.83	-72.86	37.232	44.591	35.782	-22.981	-64.069	10.048	15.909	-5.5475	32.132	6.9996	-12.779
-4.9997	-14.859	11.244	1.2299	-1.9795	3.4711	4.854	-5.9883	-4.2071	4.7808	-1.7822	1.7149	1.2144	-0.50457	1.6918	25.403	1.9817	-9.5235	18.305	-14.193	5.8355	-25.049	23.552	10.432	-7.2142	-4.5317	2.9579	-2.2433
-4.9183	-13.359	10.824	1.5108	-2.2323	3.9848	4.0841	-5.9981	-3.3014	4.1076	-1.4141	1.4856	1.3975	-1.0052	3.2578	60.017	-16.8	11.234	-10.112	20.547	-30.796	-0.39247	36.229	-26.928	14.727	-9.1708	7.3237	-20.026
-4.8438	-13.819	11.812	1.5714	-2.4332	4.3562	3.5839	-5.452	-3.3041	3.9093	-1.0891	1.6302	0.82719	-0.83728	2.9786	-18.401	39.499	2.427	-8.0366	14.856	-20.01	21.846	-0.10914	-7.9334	12.998	5.7806	-22.812	6.718
-4.7925	-12.407	11.731	1.2087	-1.9682	4.2448	3.0145	-4.5643	-3.1285	3.1695	-0.71003	1.7952	0.50015	-0.72258	2.0507	56.482	-3.2114	-14.511	18.599	-4.4549	-22.775	35.507	7.0231	-29.592	15.163	6.5999	-13.081	4.5881
-4.7203	-11.982	11.88	1.8277	-2.4669	3.7674	2.9758	-3.8741	-2.4666	2.121	-0.023267	1.428	0.3767	-0.62433	2.8904	16.997	5.9415	24.76	-19.947	-19.095	-1.5478	27.61	26.478	-41.939	27.471	-14.686	-4.9383	3.9298
-3.7425	5.4353	11.06	-4.725	-0.74405	2.9268	0.1729	-1.931	0.060306	1.3247	1.6387	-0.29911	-0.095941	0.17204	39.111	696.69	-32.793	-262.11	68.913	-33.625	-112.12	77.722	101.08	-31.851	66.48	-69.085	-18.906	31.855
-3.5898	14.238	13.254	-8.9334	2.3693	1.2145	-4.2059	1.0748	-0.64181	2.8225	0.61962	-1.2887	-0.35162	0.5896	6.1093	352.09	87.756	-168.34	124.54	-68.492	-175.15	120.23	-28.085	59.913	-40.764	-39.584	-10.227	16.702
-4.0781	5.8378	9.0936	-3.9639	3.1284	-0.092745	-3.0453	2.2188	-0.53424	1.731	1.1084	-1.5115	-0.44157	2.1649	-19.532	-335.99	-166.41	198.78	30.362	-52.291	46.426	45.76	4.3025	-43.661	19.553	-8.9116	-3.5982	63.014
-4.889	-7.9844	6.8491	1.285	3.8231	1.0067	-1.0282	0.98303	-0.64956	0.32756	0.86926	-1.4861	-0.5222	3.5959	-32.436	-552.89	-89.782	209.95	27.79	43.979	80.685	-49.43	-4.6127	-56.139	-9.5675	1.0175	-3.2253	57.238
-5.0732	-18.132	8.6809	7.5086	1.925	2.3522	-4.5221	-1.8471	3.4017	0.70533	-1.4694	-0.57829	0.50802	2.8258	-7.3699	-405.92	73.272	248.95	-75.928	53.817	-139.76	-113.2	162.05	15.111	-93.548	36.311	41.209	-30.802
-5.1064	-26.004	10.778	10.4	0.24984	3.414	-4.2714	-1.4679	3.145	-0.16606	-1.9007	-0.59473	1.4455	1.5305	-1.3267	-314.89	83.903	115.66	-67.005	42.472	10.028	15.169	-10.27	-34.856	-17.252	-0.6576	37.498	-51.815
-5.4527	-32.592	9.732	12.86	1.6412	1.4771	-2.9661	-0.26782	4.0297	-1.0846	-3.6762	0.47594	0.54261	1.765	-13.851	-263.48	-41.858	98.388	55.654	-77.476	52.21	48.002	35.39	-36.741	-71.017	42.827	-36.114	9.381
-6.1132	-24.09	2.3229	8.6048	4.5868	0.95747	0.34109	1.087	0.13995	-3.7368	-0.84438	-0.47679	0.74888	-0.49082	-26.42	340.05	-296.36	-170.2	117.82	-20.784	132.29	54.195	-155.59	-106.09	113.27	-38.109	8.251	-90.232
-4.2617	-5.8303	-14.264	6.4731	5.1435	-4.1454	2.4397	4.2309	-1.3167	-1.1742	0.41476	-2.5257	0.0866	-2.1148	74.06	730.4	-663.47	-85.268	22.269	-204.11	83.943	125.75	-58.268	102.5	50.366	-81.958	-26.491	-64.96
-2.8017	10.975	-26.43	0.96052	5.436	-4.5775	1.3497	3.5729	-1.7783	-1.4394	1.1424	-0.69578	1.0935	-1.4127	58.399	672.2	-486.66	-220.5	11.701	-17.285	-43.597	-26.319	-18.464	-10.609	29.105	73.198	40.278	28.084
-2.5008	21.189	-24.089	-1.5151	2.8175	-6.7467	0.94587	2.0433	-2.2255	-1.6091	0.20531	-0.6277	0.65997	-0.28542	12.034	408.56	93.648	-99.027	-104.74	-86.768	-16.155	-61.184	-17.886	-6.7871	-37.483	2.7229	-17.343	45.093
-2.8451	18.403	-21.709	0.12749	4.5921	-4.8802	1.1953	2.0128	-0.43725	-0.24085	0.58631	-0.82713	0.76979	-0.43042	-13.77	-111.41	95.186	65.705	70.985	74.658	9.9774	-1.22	71.529	54.731	15.24	-7.9771	4.3927	-5.8
-3.3792	18.308	-17.083	3.366	3.4905	-2.5017	2.5893	2.0554	-0.4923	-1.0365	-0.18114	-0.21221	1.0135	-1.6041	-21.362	-3.8294	185.05	129.54	-44.066	95.141	55.76	1.7051	-2.202	-31.827	-30.698	24.597	9.748	-46.947
-3.8325	17.623	-16.704	1.576	1.2407	-4.9242	0.17875	1.1189	-0.69173	0.16071	0.95248	0.062412	1.2869	-1.3176	-18.134	-27.402	15.173	-71.6	-89.991	-96.9	-96.422	-37.463	-7.9771	47.89	45.345	10.985	10.937	11.46
-3.6187	17.059	-17.96	1.5703	0.65654	-6.6808	0.10022	2.0552	0.82303	-1.2949	1.4909	1.3105	1.5169	0.070534	8.5526	-22.542	-50.256	-0.22662	-23.366	-70.264	-3.1414	37.452	60.59	-58.223	21.535	49.922	9.2016	55.525
-2.9218	15.61	-22.494	1.3874	2.7357	-5.9217	-1.2028	3.9403	0.8923	0.67643	1.552	0.075255	0.29238	-1.0648	27.877	-57.95	-181.35	-7.3153	83.167	30.364	-52.122	75.407	2.7708	78.852	2.4437	-49.408	-48.983	-45.413
-2.3319	15.646	-23.676	0.084914	6.5877	-2.1045	-1.6809	3.7617	1.5317	-2.0887	2.1229	-0.59274	0.10762	-0.29111	23.595	1.4448	-47.291	-52.101	154.08	152.69	-19.123	-7.1448	25.578	-110.61	22.836	-26.72	-7.3905	30.947
-2.2007	10.148	-26.753	-1.5061	8.0325	-1.9962	-3.737	1.5659	2.0079	-1.4071	1.9027	-0.77118	-1.6463	0.47	5.2486	-219.94	-123.09	-63.639	57.791	4.3327	-82.244	-87.832	19.045	27.263	-8.807	-7.1376	-70.156	30.444
-2.6813	-0.44772	-26.593	-4.3029	7.1922	2.0921	-3.5385	3.1676	1.6324	-2.1928	1.7326	-0.75802	-2.3935	-0.010972	-19.223	-423.83	6.4081	-111.87	-33.614	163.53	7.9393	64.066	-15.02	-31.427	-6.8039	0.52646	-29.89	-19.239
-5.0516	-11.876	-19.958	-5.7853	5.0616	6.7134	-1.0925	0.025634	2.5905	-1.1104	-0.41224	0.26329	0.99166	-0.82237	-94.814	-457.14	265.4	-59.298	-85.221	184.85	97.842	-125.68	38.325	43.297	-85.793	40.852	135.41	-32.456
-6.9889	-35.357	-19.49	-9.402	2.396	7.0719	-0.77151	0.92484	1.3015	0.29578	0.80856	-0.5975	0.71444	-2.1629	-77.491	-939.21	18.728	-144.67	-106.63	14.342	12.839	35.968	-51.559	56.246	48.832	-34.431	-11.089	-53.621
-9.7207	-58.164	-17.312	-10.349	-1.8686	4.9283	0.90732	-0.84337	1.911	-0.60002	0.26788	-0.53212	1.4406	-0.33234	-109.27	-912.3	87.134	-37.877	-170.58	-85.745	67.153	-70.729	24.381	-35.832	-21.627	2.6149	29.047	73.222
-9.7508	-62.077	-16.719	-9.7224	-2.0597	7.9068	3.7502	0.23354	1.0087	0.50085	0.75747	-2.1426	-0.49776	-0.53912	-1.2047	-156.5	23.686	25.059	-7.6418	119.14	113.71	43.077	-36.093	44.035	19.583	-64.418	-77.535	-8.2712
-8.0274	-40.808	-16.858	-12.065	-2.7693	2.9635	-0.69015	-1.4916	1.6312	-0.30699	0.82033	-1.2107	0.83966	-0.020422	68.938	850.74	-5.5424	-93.7	-28.385	-197.73	-177.61	-69.006	24.899	-32.313	2.5144	37.276	53.497	20.748
-7.1181	-13.685	-12.332	-9.6956	-5.9841	0.072861	0.26592	-1.4518	0.55734	-0.33281	1.2588	-0.29944	0.80526	0.034189	36.372	1084.9	181.03	94.772	-128.59	-115.63	38.243	1.5929	-42.955	-1.0331	17.539	36.449	-1.376	2.1844
-6.2085	-9.552	-19.543	-8.7658	-2.4387	1.4272	-1.7723	-2.0996	1.6694	-0.33813	0.99428	-0.95693	0.62761	0.03681	36.385	165.33	-288.46	37.194	141.81	54.175	-81.531	-25.914	44.484	-0.2125	-10.58	-26.3	-7.1058	0.10484
-6.0188	-8.6853	-17.63	-10.512	-2.1685	1.9485	-2.3822	-3.7186	-0.16948	1.8134	2.9788	-0.83064	0.68218	0.7782	7.5855	34.669	76.533	-69.851	10.81	20.851	-24.395	-64.76	-73.557	86.063	79.379	5.0515	2.1827	29.656
-3.2166	4.3389	7.9152	-1.0759	-2.7481	2.6909	-0.23757	-2.9819	-0.69927	0.78083	1.8699	-1.6299	0.53334	-0.52922	112.09	520.97	1021.8	377.45	-23.184	29.697	85.786	29.469	-21.191	-41.304	-44.356	-31.97	-5.9538	-52.297
-1.8698	10.79	23.327	-6.3038	-7.4849	3.6106	0.24088	-4.9134	-2.4939	0.73211	1.9077	-1.3156	0.5858	0.92983	53.871	258.04	616.46	-209.12	-189.47	36.787	19.138	-77.259	-71.785	-1.9487	1.514	12.574	2.0985	58.362
-1.2853	17.343	21.792	-10.229	-7.7634	2.6309	-1.127	-4.3574	-1.3433	1.6205	0.90835	0.45178	-0.15554	1.4649	23.381	262.1	-61.399	-157.01	-11.138	-39.19	-54.716	22.238	46.025	35.534	-39.974	70.693	-29.654	21.402
-1.0338	21.944	18.901	-10.181	-7.9867	1.1732	-0.13422	-3.1213	-0.74877	1.6794	0.40199	0.27999	-0.087945	0.55716	10.061	184.05	-115.62	1.9315	-8.9311	-58.308	39.711	49.445	23.78	2.356	-20.254	-6.8718	2.7037	-36.309
-0.95588	24.268	19.086	-11.884	-7.9032	-0.074186	-0.56339	-1.1532	-1.1603	2.3855	-0.96195	1.236	-0.89017	0.82319	3.1156	92.967	7.3797	-68.108	3.3375	-49.894	-17.167	78.723	-16.46	28.247	-54.558	38.241	-32.089	10.641
-0.82417	26.539	16.95	-9.662	-9.5822	-0.012017	-0.81643	-0.49329	0.12726	1.3608	-0.27492	0.28096	-0.042167	-0.36115	5.2683	90.843	-85.429	88.861	-67.158	2.4868	-10.122	26.397	51.501	-40.987	27.481	-38.202	33.92	-47.373
-0.87616	27.203	14.137	-6.2098	-10.9	-0.49293	0.24928	-0.91017	0.85268	0.76124	0.14017	-0.35256	0.61213	-1.791	-2.0794	26.566	-112.51	138.09	-52.731	-19.236	42.628	-16.675	29.017	-23.984	16.603	-25.341	26.172	-57.195
-1.4397	21.323	14.918	-5.2248	-9.8695	-1.4202	0.78352	0.05566	0.15009	0.30786	0.16353	0.75672	-0.52382	-1.798	-22.543	-235.23	31.234	39.399	41.24	-37.091	21.37	38.633	-28.104	-18.135	0.9342	44.371	-45.438	-0.27998
-2.5846	6.5412	17.522	-4.8084	-6.2519	-2.4854	0.80706	1.9978	-1.3055	0.85752	-0.57846	2.514	-1.7481	-0.80036	-45.796	-591.25	104.14	16.657	144.7	-42.607	0.94149	77.686	-58.223	21.986	-29.679	70.291	-48.97	39.907
-5.1181	-13.777	8.7026	0.93486	-5.5477	-0.17314	3.2193	0.12463	-1.4121	1.6323	-0.14254	2.4654	-0.70298	-0.96554	-101.34	-812.74	-352.76	229.73	28.167	92.489	96.488	-74.927	-4.2646	30.991	17.437	-1.9436	41.804	-6.6073
-8.0479	-39.79	-5.0501	-2.9572	-6.4343	2.0539	6.4915	2.7586	-2.1587	3.1078	0.47351	2.4471	-0.96179	-2.5398	-117.19	-1040.5	-550.11	-155.68	-35.461	89.084	130.89	105.36	-29.864	59.022	24.642	-0.73178	-10.352	-62.972
-10.553	-62.421	-13.334	-1.4188	-2.4435	3.8205	3.7762	0.042723	-5.0142	0.57719	0.61292	2.4129	-0.90541	-1.3699	-100.19	-905.26	-331.36	61.535	159.63	70.662	-108.61	-108.63	-114.22	-101.23	5.5762	-1.37	2.2553	46.796
-11.841	-76.998	-15.458	-2.0734	-5.2078	2.0385	4.1554	1.6788	-3.2072	1.7303	0.82121	2.2698	-0.67574	-0.27025	-51.517	-583.06	-84.974	-26.183	-110.57	-71.28	15.166	65.444	72.278	46.125	8.3319	-5.7231	9.1865	43.987
-13.273	-85.699	-13.539	0.095202	-4.9191	1.6857	4.1103	0.71932	-1.2794	0.44675	0.67066	-0.099543	2.2137	-1.1235	-57.303	-348.03	76.764	86.744	11.546	-14.113	-1.8034	-38.38	77.115	-51.342	-6.022	-94.773	115.58	-34.13
-13.226	-83.27	-11.999	-2.0485	-5.1673	1.806	1.0354	2.3835	-0.80315	-2.5152	0.69707	0.87709	2.2049	-1.0578	1.8752	97.137	61.591	-85.748	-9.9249	4.8135	-123	66.569	19.048	-118.48	1.0561	39.065	-0.35141	2.6273
-5.2727	-27.154	-0.84112	-15.299	-3.5015	7.3847	2.3724	5.8276	-0.82432	-2.41	1.67	-0.83123	-3.4836	-0.95977	318.14	2244.6	446.33	-530.01	66.632	223.15	53.479	137.76	-0.84674	4.2062	38.916	-68.333	-227.54	3.9221
-4.9565	3.1364	1.747	-13.876	-4.2609	5.5696	0.13956	3.4398	-1.6268	-2.294	3.5684	1.0795	-2.7452	0.17639	12.649	1211.6	103.52	56.901	-30.377	-72.604	-89.312	-95.509	-32.101	4.641	75.937	76.429	29.535	45.446
-3.7346	11.832	-14.03	-6.9459	-0.10714	2.8482	-1.0557	-1.1022	0.6321	-1.2602	2.1739	0.76221	-0.010641	-1.6186	48.872	347.84	-631.07	277.22	166.15	-108.86	-47.809	-181.68	90.358	41.353	-55.779	-12.692	109.38	-71.8
-2.5844	17.085	-23.09	-6.0221	4.7848	4.7087	-0.87002	0.049251	1.6083	-0.92824	2.4819	0.46177	-0.8615	-1.1449	46.011	210.1	-362.43	36.953	195.68	74.418	7.426	46.058	39.049	13.278	12.319	-12.018	-34.034	18.947
-1.665	16.527	-24.238	-3.9665	7.4991	3.4429	-2.1431	-0.4668	-0.53293	-3.6009	1.7667	1.0239	-0.85437	0.10185	36.774	-22.309	-45.902	82.224	108.57	-50.63	-50.924	-20.642	-85.65	-106.91	-28.607	22.484	0.28538	49.872
-1.2171	19.33	-22.488	-2.8126	8.3016	4.41	-2.4453	0.5987	3.0588	-2.4356	1.5803	1.0111	-1.4445	-0.86414	17.916	112.11	69.983	46.155	32.099	38.682	-12.085	42.62	143.67	46.613	-7.4567	-0.51093	-23.607	-38.64
-0.90354	20.601	-22.62	-2.6602	7.1768	3.6583	-2.6161	1.4962	3.5318	-2.81	1.584	1.6317	-1.3578	-1.4417	12.543	50.837	-5.2518	6.0975	-44.99	-30.066	-6.8348	35.901	18.92	-14.977	0.14958	24.826	3.4701	-23.101
-0.75566	14.662	-23.605	-2.7156	8.2553	3.6331	-4.1837	2.1899	3.7912	-3.5547	1.2044	2.4363	-1.0938	-1.1033	5.9151	-237.58	-39.414	-2.2166	43.138	-1.0094	-62.704	27.747	10.377	-29.788	-15.186	32.181	10.561	13.536
-0.99835	11.313	-25.66	-2.7556	7.6327	2.6074	-4.5217	2.5732	2.534	-5.2872	-0.48896	1.745	-1.9358	-1.0426	-9.7075	-133.94	-82.197	-1.6019	-24.902	-41.026	-13.519	15.332	-50.291	-69.299	-67.734	-27.649	-33.683	2.4277
-1.6123	11.043	-22.41	-2.0573	7.187	2.5186	-4.7258	2.0627	3.647	-3.6405	0.29017	1.8938	-1.2027	-2.238	-24.56	-10.815	130.01	27.933	-17.83	-3.5532	-8.1653	-20.421	44.52	65.869	31.165	5.9507	29.327	-47.818
-2.5574	9.8063	-20.001	-2.1448	7.1232	0.31597	-4.5822	1.8789	4.1891	-2.05	0.89443	0.3872	-0.4508	-1.3414	-37.802	-49.457	96.36	-3.4997	-2.5518	-88.106	5.7467	-7.3503	21.686	63.617	24.17	-60.265	30.075	35.865
-4.0483	5.0553	-19.121	-3.0923	4.8179	1.3843	-2.855	2.0869	2.9268	-2.7045	0.63654	-0.77962	-0.13008	-1.5028	-59.638	-190.04	35.181	-37.901	-92.209	42.732	69.089	8.3206	-50.492	-26.181	-10.316	-46.673	12.829	-6.4539
-4.7765	0.40909	-17.832	-3.4423	5.6681	-0.40018	-3.676	0.54383	1.3435	-1.8972	1.4987	-0.84012	-0.57638	-1.7676	-29.129	-185.85	51.556	-14	34.006	-71.378	-32.844	-61.724	-63.334	32.295	34.485	-2.4202	-17.852	-10.595
-5.4561	-6.7828	-15.051	-4.5447	4.3307	0.11795	-3.6949	0.92711	3.5491	-1.9617	1.5231	0.17288	-0.5662	-0.50036	-27.181	-287.67	111.27	-44.094	-53.494	20.725	-0.75483	15.331	88.227	-2.5801	0.97946	40.52	0.4072	50.691
-6.0606	-19.876	-13.509	-6.8662	3.7011	0.59092	-4.0777	1.1736	3.976	-0.79606	1.3875	0.17947	-1.499	-0.74793	-24.182	-523.72	61.668	-92.861	-25.185	18.918	-15.312	9.8602	17.077	46.624	-5.4243	0.26358	-37.313	-9.9025
-5.2929	-13.177	4.3879	-0.32266	4.4518	2.2213	-5.019	-0.37088	2.3711	-0.41344	1.7611	-0.13588	0.45685	-1.2862	30.709	267.95	715.88	261.74	30.026	65.213	-37.653	-61.78	-64.197	15.305	14.944	-12.614	78.235	-21.53
-4.1686	-7.9912	15.854	-4.1412	0.90816	1.9909	-5.3564	-3.4131	2.3912	-0.2304	1.159	0.050121	-0.65091	0.12532	44.972	207.43	458.64	-152.74	-141.74	-9.213	-13.496	-121.69	0.80263	7.3218	-24.084	7.4399	-44.311	56.459
-3.9788	3.0292	16.951	-9.0847	0.70069	1.1015	-3.994	-4.0369	1.8668	0.18667	-0.065362	1.1831	-1.031	0.75391	7.5901	440.82	43.879	-197.74	-8.2988	-35.577	54.499	-24.949	-20.976	16.683	-48.976	45.319	-15.204	25.144
-3.6683	-3.763	16.698	-8.942	-1.5718	2.5915	-2.5612	-3.4042	1.2233	1.1728	1.007	0.75444	-0.054274	0.55667	12.42	-271.69	-10.137	5.7081	-90.901	59.601	57.311	25.307	-25.741	39.445	42.895	-17.146	39.07	-7.8895
-3.5261	2.4677	17.056	-9.6187	-2.3316	2.3722	-3.1496	-4.0953	0.12383	1.7071	0.73781	-0.0047154	-0.16997	0.47186	5.6913	249.23	14.343	-27.07	-30.392	-8.7747	-23.535	-27.646	-43.978	21.372	-10.768	-30.366	-4.628	-3.3924
-3.7908	2.9943	17.581	-8.2188	-3.6299	1.4229	-2.5394	-3.3489	-0.74709	2.1942	0.14204	-0.11271	-0.33052	0.30456	-10.588	21.066	20.987	55.996	-51.932	-37.969	24.407	29.856	-34.837	19.487	-23.831	-4.3199	-6.4219	-6.6922
-3.5804	-6.3001	18.658	-6.6551	-4.0572	2.4343	-2.7087	-2.7291	-0.25487	2.5224	1.4335	-0.90885	0.68934	0.55151	8.4153	-371.78	43.105	62.548	-17.09	40.454	-6.7724	24.795	19.689	13.128	51.659	-31.846	40.795	9.8779
-3.8618	-3.9001	18.61	-7.9737	-4.9267	2.3495	-3.6675	-3.3907	-1.2319	3.0856	1.1531	-1.1037	0.35725	0.64254	-11.259	95.999	-1.9389	-52.745	-34.78	-3.3936	-38.352	-26.465	-39.081	22.528	-11.216	-7.7929	-13.284	3.6413
-4.6882	-11.058	21.052	-3.135	-6.5396	2.2235	-2.823	-2.107	-0.017851	1.7143	2.0008	-2.1806	0.90476	-0.048094	-33.056	-286.3	97.687	193.55	-64.517	-5.0396	33.78	51.348	48.562	-54.853	33.906	-43.078	21.901	-27.625
