-3.3972	5.7598	9.5991	-1.7151	2.321	0.054499	-2.3628	-4.1616	-2.7073	4.2153	-0.14677	0.56204	-0.012956	1.3335	0	0	0	0	0	0	0	0	0	0	0	0	0	0
-3.2418	13.638	8.6542	-0.56631	0.11828	0.85773	-2.864	-4.9282	-1.6031	2.3489	1.2925	1.918	0.44982	-0.70387	6.2147	315.12	-37.796	45.953	-88.11	32.129	-20.045	-30.665	44.17	-74.658	57.57	54.24	18.511	-81.496
-3.2449	10.37	10.024	-0.47055	-2.2783	1.3885	0.72833	-2.9619	-1.2668	1.0385	1.3396	2.0106	-0.63925	-0.95733	-0.12448	-130.73	54.8	3.8306	-95.862	21.23	143.69	78.653	13.45	-52.416	1.8827	3.7023	-43.563	-10.138
-2.9912	18.291	8.9822	-1.1111	-1.2896	-1.4648	0.28366	-1.2158	-1.0805	0.28507	1.2764	2.5713	0.98749	-2.4418	10.147	316.84	-41.678	-25.623	39.548	-114.13	-17.787	69.841	7.4539	-30.136	-2.5261	22.429	65.07	-59.381
-2.3124	22.317	10.942	-2.7208	-1.8728	-4.217	1.5295	-0.18374	-1.1443	-0.50372	-0.20702	4.4146	1.9733	-2.0367	27.153	161.06	78.373	-64.387	-23.33	-110.09	49.835	41.284	-2.5547	-31.552	-59.337	73.731	39.431	16.206
-2.0555	22.91	10.418	-0.11926	-2.1015	-6.184	-0.23882	2.2675	-0.2606	-3.0571	-0.14205	4.9403	1.9478	-1.9361	10.277	23.737	-20.94	104.06	-9.1481	-78.68	-70.734	98.05	35.349	-102.13	2.5988	21.03	-1.0196	4.0244
-2.0689	19.672	11.439	0.92108	0.024011	-9.0305	-1.0206	3.0217	-0.052732	-1.6158	-0.25401	2.0348	1.258	0.92211	-0.53713	-129.52	40.818	41.614	85.021	-113.86	-31.271	30.165	8.3146	57.65	-4.4786	-116.22	-27.589	114.33
-2.2827	15.505	12.818	1.9768	0.22934	-8.8729	-3.3734	4.7283	1.1761	-2.466	-1.0164	1.447	1.7803	0.51882	-8.5513	-166.68	55.161	42.23	8.2133	6.3045	-94.11	68.267	49.152	-34.006	-30.497	-23.512	20.89	-16.132
-2.685	9.5073	12.643	4.2599	0.36995	-9.1433	-2.5887	4.167	1.4018	-2.5793	-0.87669	1.1245	1.1119	1.0109	-16.093	-239.92	-6.9741	91.321	5.6242	-10.817	31.388	-22.454	9.0312	-4.532	5.5902	-12.901	-26.735	19.684
-3.4077	8.6266	11.643	1.8005	-1.0183	-5.5553	-1.8636	3.0667	2.1901	-2.5794	-0.15861	0.12252	-0.32485	1.5527	-28.908	-35.229	-39.994	-98.375	-55.531	143.52	29.001	-44.011	31.53	-0.0035767	28.723	-40.077	-57.47	21.67
-4.4447	1.8757	3.5193	1.3397	-5.995	-3.8707	-0.84834	3.7242	2.0458	-1.3249	1.6109	0.34284	0.91173	1.4473	-41.478	-270.03	-324.96	-18.432	-199.07	67.386	40.612	26.299	-5.7732	50.179	70.781	8.8127	49.463	-4.2133
-5.9061	0.63727	-13.726	-0.4138	-4.1156	-1.0074	1.0001	1.134	2.7461	0.22474	0.64155	0.88383	0.16245	1.6085	-58.457	-49.539	-689.82	-70.14	75.178	114.53	73.937	-103.61	28.012	61.986	-38.775	21.64	-29.971	6.4456
-5.9914	4.4225	-15.334	-0.32828	-5.2891	-0.49832	0.55028	0.15196	-1.181	0.086118	1.2352	-0.3179	0.17331	-0.1565	-3.4112	151.41	-64.332	3.421	-46.941	20.362	-17.992	-39.28	-157.08	-5.5447	23.745	-48.069	0.43442	-70.598
-5.8609	12.564	-12.537	-0.82056	-4.4096	0.52323	-0.054954	-0.75676	-0.45707	-0.44631	1.5668	-1.0968	0.057801	-0.64488	5.2171	325.66	111.9	-19.691	35.181	40.862	-24.209	-36.349	28.958	-21.297	13.267	-31.154	-4.6204	-19.535
-6.0627	4.5912	-16.975	-2.2197	-1.3151	0.60882	-0.080058	2.6459	2.9299	0.16252	-0.55474	-1.547	0.0047806	0.095875	-8.0702	-318.91	-177.54	-55.965	123.78	3.4236	-1.0042	136.11	135.48	24.353	-84.864	-18.008	-2.1208	29.63
-6.4077	-3.8599	-21.209	-4.665	-1.4072	3.338	0.56584	2.1945	2.3239	0.14503	-0.45429	-1.3842	1.2142	1.015	-13.8	-338.04	-169.33	-97.812	-3.6842	109.17	25.836	-18.059	-24.244	-0.69968	4.018	6.5119	48.378	36.767
-6.7698	-7.9053	-20.355	-4.8126	-2.8293	2.4952	-0.12166	1.8057	2.1427	-0.9502	0.43781	-1.0742	0.16636	0.76459	-14.485	-161.82	34.149	-5.9048	-56.881	-33.716	-27.5	-15.55	-7.2443	-43.809	35.684	12.397	-41.915	-10.018
-6.8298	-8.6202	-21.367	-3.8133	-1.4454	2.5559	-0.97807	0.81006	2.2398	0.34066	-0.85748	-3.7064	-0.64629	0.68635	-2.4003	-28.595	-40.502	39.974	55.356	2.4281	-34.256	-39.826	3.883	51.634	-51.811	-105.29	-32.506	-3.1297
-6.643	-5.4193	-19.894	-5.3665	-2.4474	0.55261	-0.61844	0.7091	1.2855	-0.39702	-0.14832	-1.3951	0.87063	0.89528	7.4727	128.04	58.927	-62.131	-40.082	-80.13	14.385	-4.0384	-38.172	-29.507	28.366	92.451	60.677	8.357
-6.7192	-1.505	-16.643	-4.7503	-2.5221	1.5556	-0.36697	0.51398	-0.39195	-0.20206	0.52123	-1.1417	-0.017253	0.49103	-3.0452	156.57	130.07	24.65	-2.986	40.12	10.059	-7.8048	-67.099	7.7983	26.782	10.138	-35.515	-16.17
-6.7069	-5.7489	-9.8924	-3.5679	-1.1775	1.8903	-1.0502	-0.046241	1.4192	0.52103	0.50714	-0.4812	-0.92512	0.42912	0.48836	-169.75	270.01	47.294	53.784	13.388	-27.328	-22.409	72.447	28.924	-0.56367	26.42	-36.315	-2.4765
-3.2112	2.7596	7.0823	1.8637	1.3504	2.2076	0.97943	-3.3749	-0.82107	0.16785	0.94293	1.0727	-0.3824	0.036378	139.83	340.34	678.99	217.27	101.11	12.69	81.184	-133.15	-89.612	-14.127	17.432	62.157	21.709	-15.71
-2.3355	22.205	10.707	-4.1089	5.4767	0.98271	-1.52	-3.7457	-4.4263	0.55695	1.9583	0.63208	1.7808	-1.0682	35.03	777.81	145	-238.91	165.05	-48.994	-99.978	-14.834	-144.21	15.564	40.616	-17.626	86.53	-44.184
-1.8483	26.089	9.3168	-4.0174	4.1827	-0.08235	-1.2862	-3.0522	-5.8952	1.8001	1.5776	1.0282	1.2767	-0.64251	19.489	155.35	-55.619	3.6621	-51.762	-42.602	9.3521	27.741	-58.758	49.728	-15.228	15.845	-20.165	17.029
-1.6528	27.688	10.053	-4.4606	2.5738	-0.92421	-0.60231	-3.2148	-4.7612	2.0032	1.6932	0.9078	1.4423	-2.0358	7.8163	63.971	29.44	-17.729	-64.354	-33.674	27.356	-6.5029	45.36	8.1209	4.6241	-4.8164	6.6243	-55.733
-1.5535	27.178	10.821	-3.3507	1.3418	-2.9308	0.25601	-2.4143	-5.624	3.4189	1.9999	0.96937	1.0253	-2.5423	3.9758	-20.382	30.747	44.394	-49.281	-80.264	34.333	32.018	-34.514	56.629	12.265	2.4631	-16.682	-20.258
-1.5094	25.918	11.787	-2.7742	-0.62104	-3.3236	-0.16463	-0.63994	-5.5324	3.1292	1.845	1.2314	1.8113	-3.7174	1.7609	-50.406	38.637	23.063	-78.514	-15.713	-16.826	70.976	3.6649	-11.586	-6.1923	10.482	31.44	-47.003
-1.464	26.883	11.809	-2.8379	-1.0632	-4.9005	-0.26265	0.51439	-3.3803	1.6967	0.50289	2.6391	1.4211	-3.453	1.8185	38.588	0.87022	-2.549	-17.686	-63.074	-3.9206	46.173	86.086	-57.303	-53.686	56.308	-15.606	10.573
-1.4141	26.468	12.139	-1.3954	-2.0679	-6.8212	-1.0695	1.553	-1.1811	0.73028	-0.69993	2.455	1.4868	-1.5587	1.9938	-16.6	13.197	57.698	-40.188	-76.829	-32.275	41.543	87.968	-38.655	-48.113	-7.3657	2.6268	75.775
-1.3434	22.281	13.877	-1.0294	-1.9362	-8.3121	-0.58293	2.1465	-1.1809	0.31191	-0.64189	2.6357	1.5587	-1.2099	2.8269	-167.48	69.529	14.639	5.2664	-59.637	19.463	23.741	0.0089487	-16.735	2.3216	7.2296	2.8756	13.95
-1.2456	18.608	15.252	-0.72691	-0.73718	-8.9532	-1.4928	2.4013	-0.47122	-0.61905	-0.40403	2.4597	1.4354	-0.58729	3.9145	-146.92	54.968	12.101	47.962	-25.644	-36.395	10.192	28.385	-37.238	9.5144	-7.0427	-4.9307	24.905
-1.2359	16.493	15.46	0.57402	0.35175	-10.133	-2.1102	1.9417	1.1905	-1.5427	-0.98025	3.1379	1.0456	0.12711	0.38788	-84.619	8.359	52.037	43.557	-47.207	-24.696	-18.384	66.469	-36.945	-23.049	27.129	-15.595	28.576
-1.4047	11.163	17.456	1.0535	1.6388	-11.292	-3.324	3.4141	0.35492	-1.3307	-0.4293	2.3693	1.3912	-0.55072	-6.7514	-213.18	79.81	19.18	51.481	-46.347	-48.55	58.897	-33.423	8.4804	22.038	-30.743	13.827	-27.113
-1.5323	7.8479	18.172	2.5896	0.1121	-9.3898	-3.2529	2.7395	0.29792	-0.75961	-0.90823	2.7817	0.56776	-0.43398	-5.107	-132.6	28.641	61.445	-61.067	76.089	2.8431	-26.983	-2.28	22.842	-19.157	16.494	-32.938	4.6697
-1.9075	18.31	14.003	0.65825	-1.5856	-7.1099	-2.9904	3.6187	0.38339	-1.3559	-1.9873	2.1175	1.0365	1.0711	-15.008	418.5	-166.76	-77.256	-67.906	91.196	10.5	35.166	3.4191	-23.853	-43.163	-26.566	18.748	60.201
-2.5799	6.7419	15.262	2.8133	-2.5245	-5.8522	-3.1852	4.3629	1.821	-1.6708	-1.9984	1.8816	0.9048	1.382	-26.895	-462.74	50.36	86.203	-37.556	50.31	-7.7908	29.767	57.503	-12.594	-0.44389	-9.4358	-5.2661	12.436
-3.906	5.7459	9.697	3.0078	-4.8843	-3.4621	-3.0124	3.1614	4.2217	-1.7164	0.51553	1.4574	-0.94529	1.9823	-53.043	-39.839	-222.59	7.7803	-94.395	95.601	6.9121	-48.061	96.028	-1.8246	100.56	-16.969	-74.004	24.014
-4.5615	3.1282	-1.0972	3.1249	-4.5561	-1.8181	0.43846	2.931	4.2506	2.6741	2.7625	0.18807	-0.39459	-0.17879	-26.218	-104.71	-431.77	4.6832	13.129	65.76	138.03	-9.2156	1.1566	175.62	89.879	-50.773	22.028	-86.443
-5.7805	5.9791	-14.191	-2.2654	-3.5034	-1.6396	0.99985	3.9662	4.6294	2.4258	0.28406	-1.1491	0.86166	1.0377	-48.763	114.04	-523.75	-215.61	42.11	7.1404	22.456	41.409	15.152	-9.9318	-99.138	-53.487	50.25	48.658
-5.9656	4.2819	-17.227	-6.1661	-5.6932	-1.0717	-1.5166	1.4217	3.7811	1.9138	0.82998	-0.90637	-0.10267	0.29339	-7.4018	-67.889	-121.43	-156.03	-87.593	22.718	-100.66	-101.78	-33.93	-20.478	21.837	9.7093	-38.573	-29.771
-6.13	3.6599	-14.491	-5.7651	-4.533	0.82658	-0.73998	1.4459	0.86446	-0.90577	0.24547	-1.4891	-0.2337	-0.08847	-6.5775	-24.881	109.44	16.041	46.407	75.93	31.066	0.96909	-116.67	-112.78	-23.381	-23.311	-5.2413	-15.275
-6.1751	3.3178	-17.382	-4.5157	-3.9982	0.037537	-1.1819	1.7492	2.9042	0.77591	1.4091	-1.0013	0.13741	-0.14762	-1.8044	-13.684	-115.64	49.978	21.391	-31.562	-17.677	12.13	81.589	67.267	46.545	19.512	14.844	-2.3659
-6.0765	3.1855	-18.658	-5.8551	-4.2042	1.4626	-0.30955	3.6501	3.1975	-0.76018	-0.21068	-1.6622	0.18656	0.0067887	3.9435	-5.2925	-51.067	-53.578	-8.2382	57.004	34.894	76.037	11.733	-61.444	-64.791	-26.434	1.9662	6.1763
-6.2222	5.6974	-13.669	-4.7911	-2.4442	0.73291	0.26177	1.1295	1.0325	-1.1964	1.6127	-1.7677	0.40296	1.1113	-5.8257	100.47	199.59	42.559	70.397	-29.189	22.853	-100.82	-86.603	-17.45	72.937	-4.2214	8.6559	44.179
-6.578	-5.367	-15.395	-6.5552	-4.49	-1.2484	2.4055	1.0797	1.067	0.9633	3.0484	-0.86857	0.29471	0.10214	-14.234	-442.57	-69.073	-70.562	-81.83	-79.252	85.749	-1.9901	1.381	86.389	57.427	35.967	-4.3301	-40.365
-7.2737	-8.7062	-8.784	-3.3351	-5.4092	-2.042	1.3518	3.3483	1.6105	2.2124	1.1483	-1.8063	-1.1656	0.35654	-27.828	-133.57	264.45	128.81	-36.766	-31.746	-42.148	90.742	21.742	49.964	-76.003	-37.51	-58.412	10.176
-4.8062	-17.004	4.0482	2.9815	-2.8349	1.3478	0.55664	3.4247	2.5029	0.19518	-0.28833	-0.34011	1.0066	1.2969	98.701	-331.89	513.29	252.66	102.97	135.59	-31.807	3.0557	35.694	-80.689	-57.466	58.649	86.889	37.613
-3.405	0.20591	16.502	3.9842	-1.635	-1.7806	-3.1548	1.5749	2.6412	-3.2921	-1.4744	0.97203	2.5609	0.48378	56.05	688.38	498.15	40.11	47.996	-125.14	-148.46	-73.993	5.5314	-139.49	-47.442	52.485	62.17	-32.524
-2.856	7.4663	13.26	4.8743	-2.2789	-3.251	-2.4698	1.2365	1.1084	-2.6296	-1.3334	1.3118	1.4514	0.35377	21.959	290.41	-129.68	35.601	-25.757	-58.817	27.399	-13.532	-61.312	26.499	5.6389	13.589	-44.378	-5.2004
-2.4724	9.1918	14.241	4.5616	-4.4124	-3.3908	-0.52261	-0.60091	0.28679	-1.7607	-0.65558	0.73034	2.3377	-0.055528	15.345	69.021	39.227	-12.504	-85.341	-5.5904	77.887	-73.498	-32.863	34.758	27.113	-23.257	35.448	-16.372
-2.3692	9.6425	14.268	2.7837	-2.1612	-3.5408	-0.47642	-0.33762	-2.1747	-2.133	0.81366	2.2976	2.2283	-1.1665	4.1262	18.03	1.0923	-71.117	90.05	-5.9982	1.8474	10.531	-98.46	-14.893	58.77	62.691	-4.3745	-44.438
-2.4144	9.6132	14.179	2.1727	-1.6033	-3.4921	-0.037322	-0.97955	-2.1035	-2.6464	1.311	2.4403	2.6936	-1.3601	-1.8086	-1.1723	-3.5688	-24.443	22.317	1.9462	17.564	-25.677	2.8495	-20.535	19.894	5.7093	18.612	-7.7439
-2.3702	9.4251	13.669	1.3682	-0.55803	-2.6037	-0.24164	-0.94625	-3.1823	-2.5082	1.4899	3.7401	1.6822	-1.6312	1.7688	-7.5248	-20.397	-32.177	41.81	35.536	-8.1727	1.332	-43.154	5.5263	7.1548	51.991	-40.456	-10.845
-2.5038	9.6165	12.761	0.62039	1.2507	-1.9656	-1.3473	-2.3246	-2.9928	-0.98622	1.309	3.4333	0.032721	-1.6558	-5.3444	7.6541	-36.307	-29.914	72.349	25.525	-44.227	-55.133	7.5834	60.881	-7.2371	-12.273	-65.979	-0.98366
-2.6794	5.8746	12.788	1.7192	1.7642	-0.87655	-2.235	-4.3071	-1.423	-1.1742	1.2179	2.5525	-0.29998	-1.7425	-7.0226	-149.67	1.0634	43.951	20.542	43.56	-35.509	-79.3	62.792	-7.5184	-3.6405	-35.231	-13.308	-3.4664
-2.9115	7.5339	10.55	-0.2622	4.9328	-1.7274	-2.53	-5.7315	-1.0445	0.20125	-0.89001	2.3445	-0.21683	-1.3735	-9.2835	66.373	-89.503	-79.254	126.74	-34.035	-11.8	-56.977	15.14	55.017	-84.318	-8.3195	3.3262	14.757
-3.5041	5.4897	8.7361	-2.4029	5.5626	-1.7298	-1.6261	-6.1395	-0.77879	0.035698	-1.5038	1.9916	-0.70151	-1.0632	-23.707	-81.77	-72.565	-85.627	25.191	-0.096795	36.156	-16.319	10.627	-6.6223	-24.552	-14.117	-19.387	12.412
-4.8169	-7.1727	7.0239	0.59663	6.1308	3.2181	1.133	-4.0591	-1.5824	-1.4703	0.5504	1.0119	-1.3355	-0.30616	-52.509	-506.49	-68.486	119.98	22.727	197.92	110.37	83.217	-32.144	-60.242	82.169	-39.189	-25.358	30.283
-5.7796	-14.921	1.2966	-3.5571	4.2608	1.5708	-0.68243	-5.2233	-2.1312	-2.8285	-1.6512	-1.7301	-1.0564	0.27023	-38.508	-309.95	-229.09	-166.15	-74.798	-65.89	-72.618	-46.567	-21.954	-54.327	-88.065	-109.68	11.164	23.056
-7.2571	-26.553	-7.6281	-0.98913	4.5006	3.1683	0.42887	-4.0852	-1.7819	-2.6906	-0.027443	-2.41	-0.63883	-1.0415	-59.102	-465.27	-356.99	102.72	9.5911	63.899	44.452	45.523	13.973	5.5182	64.951	-27.199	16.701	-52.469
-8.4874	-25.656	-11.071	-3.4255	3.6163	3.0208	-1.3989	-5.7214	-0.51615	-2.2872	-0.23535	-1.3503	-1.4897	0.058891	-49.21	35.891	-137.72	-97.455	-35.37	-5.9012	-73.112	-65.45	50.63	16.135	-8.3164	42.388	-34.033	44.016
-8.4778	-31.251	-14.018	-6.4977	3.0066	4.175	-0.51316	-5.0958	-0.39643	-2.2702	-1.0236	-3.1758	-1.6157	-0.98739	0.38383	-223.81	-117.89	-122.89	-24.388	46.166	35.431	25.026	4.7888	0.678	-31.529	-73.017	-5.0398	-41.851
-7.6469	-27.647	-6.9324	-1.6443	5.7307	7.3621	2.0645	-3.5616	2.1094	0.65896	-0.65595	-2.4952	-2.1839	0.46548	33.236	144.16	283.43	194.14	108.96	127.48	103.11	61.368	100.23	117.17	14.705	27.222	-22.731	58.115
-6.1849	-18.026	3.2638	2.8593	7.5947	5.4279	2.2193	-4.0995	1.2947	0.4225	-0.99504	0.68984	-1.2715	-0.87517	58.478	384.86	407.85	180.14	74.561	-77.365	6.1919	-21.517	-32.588	-9.4585	-13.564	127.4	36.497	-53.626
-5.3941	-15.884	5.5584	2.1434	9.5035	5.5173	0.45365	-4.0102	-0.17067	1.1468	-2.0141	-0.53274	-2.7548	-1.0221	31.634	85.676	91.782	-28.637	76.349	3.5762	-70.626	3.5723	-58.616	28.974	-40.762	-48.903	-59.334	-5.8764
-4.9345	-10.858	7.1471	3.599	8.0291	2.7625	0.95053	-3.7362	0.18904	0.90886	-3.6062	-0.20701	-1.6083	-0.25688	18.383	201.01	63.548	58.227	-58.974	-110.19	19.875	10.958	14.389	-9.5195	-63.685	13.029	45.86	30.608
-4.674	-6.625	7.7015	2.3725	8.2911	2.1901	1.1775	-3.0732	-0.58701	-0.25285	-2.12	-0.61069	-2.7546	0.52122	10.418	169.34	22.175	-49.062	10.48	-22.895	9.0777	26.523	-31.042	-46.468	59.447	-16.147	-45.849	31.124
-4.4155	-0.62658	2.474	5.1919	6.8133	3.3073	-0.4922	-1.5484	-0.27344	-0.7142	-1.262	-1.4319	-1.7717	-1.3153	10.341	239.93	-209.1	112.78	-59.113	44.686	-66.787	60.989	12.543	-18.454	34.322	-32.847	39.315	-73.459
-4.3677	20.222	-6.4767	4.343	4.9274	3.9664	0.76792	0.35679	-1.6657	-1.9398	-1.3198	-3.0242	0.62852	-1.412	1.9135	833.94	-358.03	-33.954	-75.436	26.363	50.405	76.209	-55.69	-49.025	-2.3145	-63.692	96.008	-3.8677
-4.3823	3.7744	0.7078	6.0431	5.8138	2.3549	0.61508	-0.90309	-1.4478	-2.1263	-0.7753	-1.393	-0.70624	-2.4531	-0.58655	-657.9	287.38	68.003	35.457	-64.458	-6.1134	-50.395	8.7154	-7.4606	21.782	65.247	-53.39	-41.644
-4.7733	-3.0736	1.9361	7.2426	4.851	1.1479	1.3433	-0.66956	-0.58347	-2.0589	-0.55651	-0.57026	-1.8554	-3.3456	-15.638	-273.92	49.134	47.979	-38.511	-48.279	29.129	9.341	34.573	2.6967	8.7516	32.91	-45.967	-35.704
-5.2509	6.5546	-5.8859	9.4642	2.2934	1.3548	0.90439	-1.282	-0.24514	-1.4004	-0.41986	-1.8993	0.78233	-1.1203	-19.103	385.13	-312.88	88.863	-102.31	8.2738	-17.557	-24.496	13.533	26.34	5.4661	-53.162	105.51	89.016
-5.2075	4.8943	-13.117	8.8083	-0.092088	1.25	1.7158	-2.2397	0.89218	-1.0923	0.5853	-1.6049	0.19235	-0.14115	1.7344	-66.413	-289.25	-26.236	-95.418	-4.1922	32.456	-38.31	45.493	12.326	40.206	11.775	-23.599	39.164
-4.4449	2.486	-22.816	8.7275	-1.1297	0.54403	2.1345	-0.32849	1.99	-0.99037	1.1334	0.12048	0.0872	0.63731	30.503	-96.33	-387.97	-3.2307	-41.506	-28.238	16.749	76.45	43.911	4.0763	21.923	69.016	-4.2062	31.138
-4.0792	0.80747	-27.401	6.0727	-5.0837	-0.84712	1.8805	-0.34465	3.0729	-1.3041	0.034504	-1.3811	0.11412	-0.034116	14.631	-67.141	-183.39	-106.19	-158.16	-55.646	-10.163	-0.64643	43.317	-12.548	-43.954	-60.064	1.0767	-26.857
-3.6492	-0.11439	-26.381	6.3849	-4.9609	0.59031	3.5654	0.13923	3.4696	-0.22545	1.1578	-1.7769	1.3701	-0.04884	17.2	-36.874	40.794	12.488	4.9113	57.497	67.398	19.355	15.87	43.144	44.934	-15.831	50.24	-0.58894
-2.97	9.0625	-23.962	10.332	-5.1734	2.919	3.6016	-0.29612	4.1111	0.74958	1.6341	-2.7495	1.505	-1.0544	27.169	367.08	96.761	157.89	-8.5005	93.148	1.4479	-17.414	25.659	39.002	19.051	-38.903	5.3938	-40.22
-2.4593	6.9236	-28.966	8.2438	-5.3155	4.2193	3.3382	0.83263	3.7019	-1.9746	0.39488	-2.7366	1.6465	-0.52954	20.426	-85.556	-200.15	-83.533	-5.6844	52.01	-10.538	45.15	-16.369	-108.97	-49.57	0.51519	5.6627	20.992
-2.4577	12.297	-28.555	8.4533	-4.7624	1.8496	2.9394	-0.30258	3.3256	-1.9131	-1.1507	-1.5941	2.0372	-1.0214	0.064823	214.95	16.427	8.3815	22.123	-94.788	-15.951	-45.408	-15.052	2.4583	-61.824	45.702	15.625	-19.674
-2.8784	15.356	-27.157	4.5974	-5.6256	-1.8979	-0.34905	-0.93834	3.4796	-0.30028	1.4048	-0.88108	1.1601	-0.73362	-16.828	122.34	55.946	-154.24	-34.527	-149.9	-131.54	-25.43	6.1607	64.514	102.22	28.52	-35.083	11.511
-3.8023	17.885	-21.114	4.8853	-2.214	-1.1859	-0.23937	0.22794	0.96099	-0.65117	1.5678	-2.5086	0.69601	-0.15102	-36.955	101.17	241.7	11.515	136.46	28.479	4.3873	46.651	-100.74	-14.036	6.5195	-65.102	-18.563	23.304
-4.6866	16.053	-14.243	0.24074	-3.3848	0.26565	-0.2549	0.67732	0.56811	-0.631	0.10668	-1.6354	0.81819	-1.94	-35.376	-73.263	274.83	-185.78	-46.832	58.061	-0.62106	17.975	-15.715	0.80697	-58.445	34.927	4.8869	-71.56
-5.9361	7.3763	-5.9746	-0.25994	-2.0024	0.33575	-0.37925	1.5078	0.39155	-0.26449	-0.50306	-1.0571	-0.74505	-1.8979	-49.978	-347.08	330.75	-20.027	55.296	2.8038	-4.9743	33.219	-7.0623	14.661	-24.39	23.134	-62.529	1.6834
-6.0492	-0.011912	-3.5178	-1.3325	-1.1134	-2.3913	0.62983	2.5917	2.6477	1.451	0.98943	0.68268	-2.762	-2.1882	-4.5221	-295.53	98.271	-42.904	35.561	-109.08	40.363	43.357	90.246	68.62	59.7	69.591	-80.678	-11.612
-5.8339	1.2345	-3.7259	-7.2383	-2.2699	-2.5159	2.1829	1.6621	4.3221	2.8437	0.24854	1.909	-2.6191	-1.5577	8.6117	49.856	-8.3245	-236.23	-46.258	-4.9852	62.123	-37.187	66.974	55.709	-29.636	49.054	5.7177	25.222
-3.3141	13.003	5.1457	-1.9145	0.23273	-1.4648	0.23058	1.4458	0.4103	-0.99751	-0.037473	2.7424	-0.15206	0.26597	100.79	470.73	354.87	212.95	100.1	42.046	-78.093	-8.6489	-156.47	-153.65	-11.44	33.336	98.68	72.946
-2.1171	25.338	10.638	-2.0139	-1.6969	-4.1212	-0.90541	3.435	-3.3156	-1.5572	1.1865	2.5519	0.85196	-0.57328	47.881	493.41	219.7	-3.9738	-77.183	-106.26	-45.44	79.567	-149.03	-22.386	48.96	-7.6183	40.161	-33.57
-1.8313	24.696	12.471	-1.4681	-3.2038	-5.2882	-2.0532	2.9591	-0.87878	-1.4872	1.1571	3.7904	1.5882	-1.4178	11.432	-25.668	73.319	21.829	-60.277	-46.681	-45.911	-19.036	97.471	2.797	-1.1789	49.537	29.45	-33.78
-1.8423	25.461	8.9276	1.5698	-2.2457	-5.851	-0.54276	1.9937	-0.88198	-0.67094	0.40909	3.9769	0.16875	-1.0217	-0.44255	30.577	-141.74	121.52	38.321	-22.513	60.417	-38.618	-0.12801	32.652	-29.919	7.4635	-56.778	15.841
-1.854	22.864	11.035	1.6703	-1.0722	-8.2164	-0.60884	2.6472	-1.0945	-0.46187	-0.0068041	3.1832	0.24463	-0.24145	-0.46607	-103.89	84.281	4.0195	46.943	-94.614	-2.6434	26.142	-8.5002	8.3628	-16.636	-31.752	3.0349	31.212
-1.8303	22.208	10.093	4.7454	-2.6742	-8.0934	-1.3076	4.0175	-1.325	-0.97408	-0.95934	2.7803	1.0587	0.24006	0.94509	-26.223	-37.667	123	-64.082	4.9178	-27.949	54.812	-9.2188	-20.488	-38.102	-16.114	32.563	19.26
-1.9273	21.156	9.1527	7.003	-2.861	-9.2913	-1.1621	3.8082	-1.1297	-0.9192	-1.9628	2.3673	0.84301	1.8055	-3.8771	-42.102	-37.611	90.304	-7.4712	-47.914	5.8174	-8.3731	7.8084	2.1955	-40.14	-16.519	-8.6276	62.616
-2.2096	12.653	10.343	9.1886	-1.8106	-9.3773	-1.2976	3.1839	-0.80974	-1.4389	-1.5262	2.1627	0.12213	1.7354	-11.292	-340.11	47.611	87.425	42.016	-3.4394	-5.4192	-24.971	12.8	-20.787	17.467	-8.186	-28.835	-2.8021
-2.7166	2.3353	10.928	12.349	-0.31669	-10.231	-2.4378	5.0546	-2.0841	-0.88946	-1.0302	0.40311	0.038861	1.2738	-20.281	-412.7	23.407	126.39	59.756	-34.167	-45.607	74.826	-50.976	21.976	19.84	-70.382	-3.3306	-18.466
-3.4864	-3.686	10.998	10.946	2.2615	-8.7898	-3.4328	4.6428	-1.5874	-0.39658	-0.36842	-1.4244	0.536	0.50598	-30.792	-240.85	2.8	-56.107	103.13	57.666	-39.801	-16.471	19.872	19.715	26.469	-73.101	19.885	-30.711
-4.7173	-10.14	9.2279	9.2589	-0.90383	-4.3735	-1.7626	3.429	1.8832	-1.1126	0.0069606	-3.8008	-0.36951	1.1039	-49.237	-258.14	-70.811	-67.477	-126.61	176.65	66.81	-48.552	138.82	-28.642	15.015	-95.056	-36.22	23.917
-6.3376	-13.44	2.7868	6.9987	0.68336	-1.7011	-0.57855	3.0639	2.0023	-0.64656	0.58851	-3.5003	-1.0105	0.11369	-64.809	-132.04	-257.64	-90.408	63.488	106.89	47.361	-14.603	4.7654	18.643	23.262	12.022	-25.639	-39.609
-7.2722	-11.291	-7.0586	6.024	0.080194	-0.74091	0.49051	3.2835	3.1167	0.545	-0.55525	-2.7951	-1.0789	0.30674	-37.385	85.985	-393.82	-38.99	-24.127	38.409	42.762	8.7853	44.577	47.662	-45.75	28.207	-2.7348	7.7218
-7.4067	-10.415	-13.065	2.322	-0.57517	1.4278	1.5144	1.8849	3.4455	0.90002	0.022114	-0.7483	0.60677	1.2868	-5.381	35.044	-240.27	-148.08	-26.215	86.75	40.958	-55.946	13.151	14.201	23.095	81.872	67.425	39.202
-7.1112	-7.5769	-13.086	2.6381	-0.43445	0.89035	1.5158	1.651	3.9379	1.3911	1.147	-0.88249	-0.51278	0.60943	11.822	113.51	-0.82994	12.644	5.6289	-21.5	0.053062	-9.3547	19.696	19.645	44.994	-5.3676	-44.782	-27.094
-7.038	-8.3166	-15.422	2.0628	-0.78647	2.6088	2.5066	1.0836	2.7884	0.66382	0.051264	0.91096	1.3241	1.2588	2.9265	-29.587	-93.424	-23.013	-14.081	68.74	39.632	-22.699	-45.983	-29.093	-43.828	71.738	73.476	25.976
-7.0511	-6.32	-14.486	1.5233	-1.397	3.7059	3.3315	1.4702	3.0926	0.16858	1.6468	-0.96163	0.45844	0.36193	-0.52176	79.861	37.436	-21.579	-24.423	43.882	32.997	15.466	12.169	-19.809	63.821	-74.904	-34.628	-35.876
-7.2145	-11.896	-14.821	3.3795	-2.1735	2.5729	3.139	1.3563	3.6781	0.40357	1.1007	-1.6821	0.21095	-0.2432	-6.5382	-223.03	-13.412	74.246	-31.059	-45.318	-7.7006	-4.555	23.421	9.3994	-21.844	-28.82	-9.8997	-24.205
-7.7177	-13.096	-13.387	1.9666	-3.6204	2.1454	1.2253	-0.10558	1.3805	-0.57761	1.1778	-1.3307	-0.036054	-0.80791	-20.128	-48.028	57.358	-56.514	-57.874	-17.103	-76.547	-58.477	-91.906	-39.247	3.0843	14.055	-9.88	-22.588
-7.5098	-16.554	-9.3625	0.75168	-1.6968	2.7625	0.67716	-1.3658	1.052	-1.043	0.12739	-1.6593	-0.86044	-1.0814	8.3184	-138.29	160.98	-48.597	76.945	24.685	-21.926	-50.41	-13.137	-18.616	-42.016	-13.142	-32.975	-10.938
-4.9474	-10.315	1.9946	9.2228	1.1492	5.8074	0.50909	-3.3883	1.0458	-0.2273	0.34661	-2.1078	0.10075	-0.60575	102.5	249.55	454.29	338.84	113.84	121.8	-6.723	-80.9	-0.25009	32.629	8.769	-17.939	38.447	19.024
-4.2771	3.396	4.3605	1.4521	10.158	5.5384	-0.71008	-4.6048	-1.7432	1.0511	-2.6472	-0.50306	-1.0894	-0.85814	26.811	548.44	94.637	-310.83	360.34	-10.761	-48.767	-48.659	-111.56	51.134	-119.75	64.189	-47.608	-10.095
-4.0788	1.5164	2.6776	1.1345	13.941	4.7741	-2.3172	-5.6395	-1.9701	2.0217	-3.7971	-0.19652	-2.1219	-0.53795	7.9311	-75.185	-67.316	-12.706	151.32	-30.572	-64.286	-41.385	-9.0767	38.827	-45.994	12.261	-41.298	12.807
-4.2202	-1.8681	2.8314	-0.012892	14.354	5.8304	-0.94826	-6.403	-1.8565	2.176	-4.1249	-0.2855	-1.2416	-0.37645	-5.654	-135.38	6.1496	-45.894	16.512	42.251	54.759	-30.543	4.541	6.1719	-13.112	-3.5592	35.21	6.4601
-4.6203	-6.4165	4.6616	-1.5415	13.58	7.0078	0.65576	-3.9588	-3.7536	2.0501	-3.8411	-2.1861	-0.55727	0.78349	-16.003	-181.94	73.209	-61.143	-30.958	47.098	64.161	97.768	-75.881	-5.039	11.352	-76.025	27.374	46.397
-5.0988	-9.1687	5.8432	-1.8803	11.201	7.1152	-1.0476	-1.4967	-1.6512	2.1746	-3.4568	-1.9051	-1.4898	0.97978	-19.141	-110.09	47.262	-13.556	-95.129	4.2974	-68.135	98.486	84.096	4.9822	15.374	11.24	-37.303	7.8517
-5.7798	-9.8316	4.7601	-2.2194	7.2564	5.7761	-2.8758	-0.49754	-1.4773	2.4629	-0.91919	-1.0386	-1.1616	0.82171	-27.24	-26.517	-43.322	-13.564	-157.8	-53.568	-73.127	39.966	6.9535	11.531	101.5	34.661	13.13	-6.3226
-6.672	-12.003	-3.9544	1.3262	1.5168	5.5342	-0.23676	0.79012	-2.6048	-0.44857	0.90605	-0.69695	0.16817	-0.12391	-35.69	-86.866	-348.58	141.83	-229.59	-9.6733	105.56	51.507	-45.099	-116.46	73.01	13.667	53.191	-37.825
-6.9694	-4.4154	-17.062	-4.6117	-1.5798	4.0255	0.072161	2.4875	-0.79152	0.065383	0.67267	-1.005	1.526	-0.42559	-11.894	303.51	-524.31	-237.52	-123.86	-60.35	12.357	67.896	72.531	20.558	-9.3352	-12.322	54.315	-12.067
-6.6844	-3.9107	-16.979	-5.3103	-4.2048	1.8833	0.046858	1.4124	-1.3128	-0.81492	1.624	-0.56953	0.94001	0.24545	11.4	20.189	3.3383	-27.944	-105	-85.686	-1.0121	-43.005	-20.851	-35.212	38.053	17.419	-23.441	26.841
-6.8344	-5.2091	-18.845	-6.0205	-4.135	3.2122	0.922	1.0107	1.159	-0.87977	0.29493	-2.5299	-1.5535	-1.1393	-6.0015	-51.934	-74.652	-28.411	2.7916	53.157	35.006	-16.069	98.873	-2.594	-53.163	-78.415	-99.741	-55.392
-7.0442	-9.3111	-17.428	-6.54	-5.244	1.6239	0.20285	1.4578	1.9654	-1.2686	-0.36648	-1.9937	-0.09606	0.17019	-8.3905	-164.08	56.685	-20.78	-44.36	-63.534	-28.766	17.883	32.254	-15.553	-26.456	21.45	58.298	52.381
-7.1498	-6.4222	-14.998	-4.8796	-3.0119	3.2958	-0.074054	2.5614	1.4159	-2.4922	-0.72856	-2.9388	-0.34593	-0.48044	-4.2237	115.56	97.194	66.417	89.283	66.876	-11.076	44.145	-21.978	-48.946	-14.483	-37.804	-9.995	-26.025
-7.2632	-6.3001	-15.532	-3.631	-3.3446	0.38916	-0.91852	1.0855	2.3012	-1.1478	0.55531	-2.9857	-0.99858	0.19781	-4.5353	4.8805	-21.367	49.946	-13.307	-116.27	-33.779	-59.037	35.412	53.779	51.355	-1.8769	-26.106	27.13
-7.5901	-15.251	-15.922	-7.8213	-5.6899	0.31275	1.3602	2.1166	2.8478	0.48772	0.28088	-2.6283	0.45248	1.9623	-13.078	-358.04	-15.587	-167.61	-93.815	-3.0566	91.148	41.248	21.865	65.419	-10.977	14.295	58.042	70.58
-8.2634	-22.543	-7.9538	-6.226	-5.0493	3.3102	3.1737	2.6268	2.173	0.35149	-1.1792	-2.0446	0.64281	1.2805	-26.934	-291.66	318.72	63.811	25.626	119.9	72.54	20.408	-26.994	-5.4491	-58.405	23.348	7.6133	-27.274
-8.1705	-34.731	3.0034	-3.5072	-6.2049	1.2413	2.4395	4.0647	1.7225	-0.53984	1.0633	0.67608	1.173	2.0896	3.7177	-487.53	438.29	108.75	-46.224	-82.758	-29.367	57.512	-18.019	-35.653	89.702	108.83	21.209	32.366
-5.6242	-32.844	14.943	1.1072	-5.6549	-0.44052	1.8027	2.8622	-0.75656	0.26485	-0.33517	-0.25759	1.6903	1.5644	101.85	75.476	477.6	184.57	21.999	-67.272	-25.473	-48.098	-99.163	32.188	-55.939	-37.347	20.69	-21.006
-4.8353	-9.5194	18.921	-0.365	-5.5798	-2.9393	4.3219	0.38638	-3.4992	1.3374	-1.8409	-0.73141	0.26357	1.6841	31.554	932.99	159.13	-58.887	3.0052	-99.953	100.77	-99.033	-109.7	42.901	-60.23	-18.953	-57.069	4.7845
-4.4268	-11.033	18.328	0.76337	-4.6951	-2.6266	5.1729	0.016904	-4.8704	1.7566	-1.307	-0.9504	1.2366	0.55102	16.34	-60.544	-23.745	45.135	35.388	12.51	34.039	-14.779	-54.849	16.769	21.355	-8.7598	38.921	-45.321
-4.5611	-8.6062	17.057	-0.754	-3.3403	-1.6137	4.7663	-0.17841	-5.1476	0.73373	0.20271	-1.0234	0.20687	1.4106	-5.3727	97.071	-50.826	-60.695	54.191	40.515	-16.265	-7.8127	-11.09	-40.915	60.39	-2.9186	-41.189	34.385
-4.7061	-5.7232	14.241	-2.477	-1.3722	0.40224	5.0722	-1.8569	-5.5162	0.25345	0.69811	-0.28575	0.87338	1.0839	-5.7982	115.32	-112.64	-68.92	78.727	80.638	12.239	-67.141	-14.74	-19.211	19.816	29.505	26.66	-13.071
-4.8891	-8.1375	13.002	-3.2045	0.37712	3.5017	3.9886	-4.4225	-6.8236	2.3578	2.4043	-0.39262	-0.64886	0.61193	-7.3223	-96.573	-49.547	-29.1	69.971	123.98	-43.347	-102.62	-52.299	84.174	68.247	-4.2748	-60.89	-18.878
-5.0594	-7.6526	10.751	-5.3278	2.0544	6.2113	2.549	-4.3007	-6.567	2.5218	0.4716	-1.0482	-0.36073	2.4352	-6.812	19.397	-90.049	-84.931	67.091	108.39	-57.583	4.8713	10.266	6.5587	-77.308	-26.222	11.525	72.931
-5.3101	-8.3643	7.9527	-3.2573	3.2765	4.1474	2.257	-3.2284	-5.9328	3.1609	-0.137	-1.6114	-0.21869	2.4925	-10.026	-28.469	-111.94	82.819	48.884	-82.557	-11.68	42.889	25.369	25.566	-24.344	-22.529	5.6817	2.2924
-5.6969	-2.8254	3.8137	-3.7579	6.0301	3.1707	-0.56536	-1.85	-3.5095	3.5454	-1.1504	-0.69343	-0.68622	2.0241	-15.474	221.56	-165.56	-20.023	110.14	-39.069	-112.89	55.14	96.929	15.381	-40.537	36.719	-18.701	-18.737
-5.9456	-5.8351	1.7579	-2.2105	9.2342	3.3397	-2.4388	-1.4942	-0.20932	1.2008	-1.9545	0.23975	-0.64921	1.5345	-9.947	-120.39	-82.232	61.895	128.16	6.761	-74.936	14.23	132.01	-93.783	-32.164	37.327	1.4807	-19.584
-6.0119	-9.214	1.6396	-2.2372	9.1125	7.0036	-1.5999	-2.0437	-0.45989	1.3641	-2.1381	0.22384	-0.4602	1.0456	-2.6502	-135.16	-4.7312	-1.0662	-4.8653	146.55	33.553	-21.982	-10.023	6.5312	-7.3437	-0.63608	7.5603	-19.557
-5.8109	-4.5759	1.1185	-5.6083	8.1949	8.1657	-0.92987	-1.8731	-1.7746	2.4934	0.22884	-0.31516	-1.4463	1.1038	8.0393	185.53	-20.845	-134.85	-36.703	46.485	26.802	6.8258	-52.59	45.172	94.678	-21.56	-39.444	2.329
-5.8494	-6.6839	2.0796	-4.0699	8.2073	7.384	-0.97204	-1.5115	-3.1593	3.1418	1.2009	-1.6046	-2.3364	2.3015	-1.5404	-84.321	38.442	61.537	0.49616	-31.266	-1.6865	14.464	-55.386	25.935	38.884	-51.577	-35.602	47.91
-6.2706	-11.182	3.6985	-3.4415	7.2588	7.2894	-1.8855	-2.4923	-0.060992	2.4156	-1.6271	0.52238	-1.3023	0.61436	-16.847	-179.9	64.756	25.134	-37.941	-3.7855	-36.539	-39.233	123.93	-29.047	-113.12	85.079	41.363	-67.487
-6.5494	-14.541	1.3163	-2.9406	8.8374	7.4278	-1.7709	-2.024	-3.1482	3.3844	-1.1055	2.0926	-0.33535	0.35816	-11.153	-134.36	-95.289	20.036	63.142	5.5381	4.5826	18.734	-123.49	38.751	20.865	62.808	38.677	-10.248
-6.56	-16.981	3.8889	-2.6928	5.664	6.9678	-3.4601	-1.6992	1.1276	5.2739	-0.57963	0.50194	-2.6242	-0.17718	-0.42311	-97.605	102.91	9.9146	-126.94	-18.4	-67.566	12.992	171.03	75.58	21.035	-63.625	-91.556	-21.414
-6.3444	-13.018	5.7199	-5.738	4.4567	7.2451	-2.327	-2.2643	1.4537	5.0799	0.035898	0.74965	-2.7069	-0.42146	8.6241	158.51	73.237	-121.81	-48.291	11.09	45.323	-22.603	13.043	-7.7596	24.621	9.9082	-3.3057	-9.7715
-6.3198	-10.039	7.0916	-2.41	0.40001	3.5404	0.46139	-2.1939	0.46141	1.7736	0.83503	1.478	-3.135	1.5949	0.98224	119.17	54.868	133.12	-162.27	-148.19	111.54	2.8131	-39.69	-132.25	31.965	29.136	-17.126	80.654
-6.0789	-14.748	7.3045	-2.5415	-1.8502	4.227	1.4149	-0.24376	2.3687	0.70479	0.8353	1.4647	-3.1218	0.76455	9.6361	-188.39	8.5176	-5.2586	-90.008	27.465	38.14	78.007	76.292	-42.754	0.010618	-0.53378	0.52902	-33.214
-6.377	-9.0089	11.747	-3.8286	-4.6271	3.1371	-0.52194	-0.78374	2.0479	-1.3349	0.8528	0.65363	-2.5676	1.984	-11.924	229.57	177.72	-51.483	-111.08	-43.597	-77.473	-21.599	-12.831	-81.588	0.70031	-32.443	22.167	48.779
-6.4735	-28.168	9.1778	-3.0251	-4.3236	3.8079	-0.64136	0.17307	2.1062	0.23811	2.328	1.8765	-2.005	1.0496	-3.8603	-766.38	-102.78	32.139	12.137	26.831	-4.7769	38.273	2.3306	62.921	59.006	48.913	22.505	-37.376
-7.9548	-31.291	6.8207	-4.4183	-6.3391	2.9072	3.3551	0.037152	-0.32305	-2.047	2.3542	0.2768	-0.20073	2.2684	-59.251	-124.9	-94.287	-55.73	-80.62	-36.026	159.86	-5.4368	-97.17	-91.405	1.0489	-63.986	72.171	48.75
-8.4289	-35.095	4.8183	-3.9368	-5.8353	0.64587	3.0772	0.76367	1.4578	-2.7105	0.48759	0.27111	-2.2127	0.45963	-18.962	-152.18	-80.096	19.262	20.153	-90.455	-11.114	29.061	71.235	-26.537	-74.663	-0.2277	-80.478	-72.349
-9.2409	-37.86	2.3743	-4.192	-4.554	0.25934	0.1101	-0.50781	1.5111	-1.0973	1.1662	0.74431	0.37586	0.40565	-32.48	-110.58	-97.759	-10.21	51.252	-15.461	-118.68	-50.859	2.1313	64.527	27.144	18.928	103.54	-2.1594
