-9.4475	-26.905	-16.873	0.56746	0.85231	-1.6201	1.2163	0.4309	1.1489	0.55531	2.1896	0.31904	1.9354	0.45986	0	0	0	0	0	0	0	0	0	0	0	0	0	0
-8.0491	-20.103	-22.17	3.4713	-1.6511	-2.0584	1.9858	0.82632	-0.29723	-0.42327	2.8	-0.16917	1.7209	0.50453	55.936	272.08	-211.88	116.15	-100.13	-17.534	30.782	15.817	-57.846	-39.143	24.418	-19.528	-8.58	1.7868
-7.0164	-7.8559	-25.801	0.079662	-2.623	-3.7016	-0.38007	0.85145	0.032122	-0.892	0.81981	-0.33474	1.4876	-0.24703	41.309	489.88	-145.23	-135.66	-38.877	-65.728	-94.637	1.0054	13.174	-18.749	-79.209	-6.6228	-9.335	-30.062
-6.1479	2.7462	-25.849	1.0741	-0.91896	-1.6939	1.0967	2.9344	0.27255	-1.4809	1.4742	-0.69497	0.56594	1.1035	34.739	424.09	-1.9566	39.779	68.161	80.308	59.072	83.319	9.6173	-23.557	26.177	-14.409	-36.865	54.021
-5.3996	9.1137	-26.98	1.118	-2.0292	-1.8751	0.67692	2.8673	0.57557	-0.62003	2.6093	-0.70381	0.99561	-1.0139	29.931	254.7	-45.238	1.754	-44.411	-7.2457	-16.792	-2.6853	12.121	34.436	45.404	-0.35381	17.187	-84.697
-4.742	14.3	-30.445	0.34879	0.10925	-1.7069	1.1444	0.62546	1.5022	-1.0228	1.5574	0.76875	2.3472	-0.1484	26.303	207.44	-138.59	-30.768	85.539	6.7269	18.7	-89.674	37.064	-16.11	-42.077	58.902	54.064	34.621
-4.1771	22.275	-28.428	0.99865	-1.3042	-2.4254	-0.69159	0.49261	0.17395	-0.79285	2.0925	-1.0589	3.1288	-0.36886	22.596	319.03	80.687	25.994	-56.54	-28.741	-73.44	-5.3137	-53.129	9.1974	21.403	-73.108	31.263	-8.8182
-3.842	27.912	-27.057	1.8607	0.50568	-2.3835	-0.051062	2.1429	0.49122	-0.96101	1.5217	-0.57925	0.13936	-1.5514	13.406	225.48	54.856	34.48	72.397	1.6781	25.621	66.01	12.691	-6.7261	-22.829	19.188	-119.58	-47.302
-3.5054	34.496	-26.011	2.4879	1.3367	-2.2946	0.463	1.8537	1.1954	-0.6192	1.9241	0.020813	0.5878	-0.8867	13.465	263.34	41.826	25.091	33.242	3.5534	20.562	-11.567	28.168	13.672	16.094	24.003	17.938	26.588
-3.1537	35.999	-27.589	0.95577	2.3185	-2.1594	-1.8041	0.92661	-0.57206	-2.2266	-0.35301	-2.024	0.21875	-1.6852	14.069	60.117	-63.132	-61.287	39.269	5.4088	-90.684	-37.083	-70.699	-64.295	-91.084	-81.791	-14.762	-31.942
-3.2144	36.598	-25.862	1.2234	3.7607	0.28158	-1.1684	1.4093	-0.11335	-1.1189	1.9207	-1.2552	0.80801	-2.3303	-2.4297	23.976	69.101	10.703	57.691	97.64	25.426	19.307	18.349	44.307	90.95	30.752	23.57	-25.802
-3.5493	31.108	-26.657	0.059841	2.9078	0.5643	-1.529	-0.41949	-1.2986	-2.6541	-0.069992	-0.66069	0.77607	-1.1176	-13.396	-219.6	-31.808	-46.541	-34.116	11.309	-14.422	-73.151	-47.411	-61.41	-79.629	23.779	-1.2774	48.508
-4.3621	21.899	-23.645	2.6116	5.2756	0.010964	-0.35804	0.25473	-0.070714	-1.2012	1.6166	-2.6351	1.1821	-0.12262	-32.512	-368.35	120.49	102.07	94.712	-22.133	46.838	26.969	49.116	58.12	67.462	-78.977	16.242	39.8
-3.8475	22.15	-8.4213	7.1057	7.1689	-1.8191	-1.0732	1.1731	0.7615	-3.1547	1.2305	-0.31817	0.75534	-1.6486	20.583	10.023	608.94	179.76	75.731	-73.204	-28.606	36.735	33.289	-78.14	-15.444	92.678	-17.071	-61.039
-3.0424	31.727	-2.448	2.0543	11.135	-4.3461	-1.5906	0.36462	-1.6465	-0.81252	-1.9912	2.1002	-0.50272	0.72759	32.203	383.1	238.93	-202.06	158.66	-101.08	-20.697	-32.34	-96.321	93.686	-128.86	96.735	-50.322	95.047
-2.666	28.586	-3.6299	2.8591	12.161	-5.0495	-1.3848	-0.34017	-1.3367	-1.163	-1.1556	3.2767	-0.66446	2.1668	15.059	-125.65	-47.276	32.195	41.028	-28.136	8.2337	-28.191	12.392	-14.019	33.424	47.06	-6.4695	57.568
-2.6503	28.055	-3.0011	3.8132	11.353	-4.7389	-1.3739	0.57855	-2.4282	-0.84113	-1.4314	3.5391	-1.4023	2.5618	0.62724	-21.251	25.152	38.16	-32.308	12.423	0.43301	36.749	-43.658	12.874	-11.032	10.495	-29.514	15.801
-2.5643	27.859	-2.4154	3.9786	11.344	-4.8972	-1.5402	1.4491	-1.9747	-1.3182	-2.4207	3.8369	-1.4918	2.5767	3.4399	-7.8396	23.426	6.6199	-0.36779	-6.3327	-6.6508	34.82	18.14	-19.081	-39.574	11.911	-3.5787	0.59423
-2.5443	24.815	-1.1604	4.4617	11.856	-4.179	-2.1004	0.90641	-0.71144	-1.8247	-2.2359	2.0226	-0.74473	2.2351	0.79923	-121.77	50.202	19.322	20.468	28.73	-22.407	-21.706	50.529	-20.26	7.3918	-72.572	29.882	-13.664
-2.8327	22.426	-1.0186	5.3854	10.735	-3.6591	-1.0614	0.17187	-1.0747	-1.1714	-2.1044	1.7375	-1.0637	1.815	-11.537	-95.552	5.6706	36.947	-44.842	20.794	41.559	-29.381	-14.532	26.129	5.2622	-11.403	-12.759	-16.804
-3.3504	18.136	-2.1817	6.1459	10.516	-3.5508	-1.0802	2.6241	0.013807	-1.8759	-0.81648	-0.034708	-1.7058	0.58453	-20.706	-171.58	-46.526	30.421	-8.7386	4.3349	-0.75161	98.088	43.542	-28.178	51.515	-70.889	-25.685	-49.218
-4.0358	14.283	-4.069	6.0711	10.945	-2.1972	-0.045264	2.8329	0.52667	-3.6707	-0.40894	-1.0559	0.16568	0.61336	-27.417	-154.15	-75.49	-2.9931	17.138	54.143	41.397	8.3542	20.515	-71.792	16.302	-40.849	74.861	1.1533
-4.3715	14.599	-2.5042	4.5274	8.5095	-1.9983	-2.1958	1.6719	0.84376	-1.3555	0.63948	0.17508	-1.2241	0.003005	-13.428	12.66	62.591	-61.746	-97.41	7.9579	-86.023	-46.44	12.683	92.607	41.937	49.24	-55.592	-24.414
-4.467	15.925	-1.6783	2.5331	6.4874	-1.5836	-1.4077	1.7538	0.65044	-1.0112	0.091324	1.6092	-0.90182	-0.51506	-3.8195	53.029	33.034	-79.773	-80.881	16.586	31.525	3.273	-7.733	13.774	-21.926	57.363	12.893	-20.723
-4.4408	17.794	-0.74313	1.4003	6.5511	-2.1858	-2.1163	0.8309	3.2843	1.0104	0.59656	-0.10573	-0.42071	-0.85045	1.0465	74.775	37.408	-45.314	2.5464	-24.087	-28.342	-36.915	105.35	80.863	20.21	-68.596	19.244	-13.416
-4.2674	17.707	-0.53161	1.1133	5.7756	-1.7384	-0.96228	2.4444	2.6058	1.7632	0.29594	-1.505	-0.60529	-0.25796	6.9367	-3.4789	8.4606	-11.478	-31.02	17.896	46.16	64.539	-27.137	30.11	-12.025	-55.969	-7.3833	23.7
-3.7323	22.758	-0.84562	1.8048	5.0841	-1.3824	-0.16213	-0.21242	3.1871	1.6222	0.080901	-0.3571	1.0564	-0.18331	21.403	202.02	-12.561	27.66	-27.658	14.242	32.006	-106.27	23.251	-5.6408	-8.6015	45.914	66.468	2.9859
-3.0561	30.936	3.5339	-2.4059	2.5151	-3.9079	0.11507	-0.31883	4.7745	1.3216	1.0656	0.91264	-0.72617	0.50049	27.048	327.12	175.18	-168.43	-102.76	-101.02	11.088	-4.2562	63.495	-12.023	39.387	50.79	-71.303	27.352
-2.5652	34.211	3.7628	-4.0543	3.0818	-3.88	0.051201	-1.5351	2.5232	1.5517	1.4011	1.3228	-0.43875	1.7398	19.636	131.01	9.1576	-65.937	22.671	1.1169	-2.5548	-48.652	-90.051	9.2067	13.421	16.405	11.496	49.571
-2.3443	34.307	4.1023	-3.1707	1.6411	-2.771	-2.625	-1.3384	2.3063	3.4484	0.019098	0.22305	-0.1976	1.3545	8.8355	3.8472	13.58	35.344	-57.628	44.362	-107.05	7.8685	-8.6746	75.867	-55.28	-43.989	9.6462	-15.41
-2.2789	35.855	4.1255	-3.5461	1.7484	-2.8062	-3.3736	-1.5919	2.897	2.6531	-0.59495	1.4639	-1.3604	1.314	2.6159	61.928	0.92716	-15.013	4.2889	-1.4079	-29.942	-10.14	23.628	-31.811	-24.562	49.635	-46.51	-1.6215
-2.2639	35.871	4.8492	-4.6442	3.3891	-3.7215	-3.5778	-1.9071	3.3017	0.94807	0.62489	0.39222	-0.38353	1.1154	0.59909	0.62797	28.95	-43.927	65.631	-36.613	-8.1692	-12.609	16.188	-68.203	48.794	-42.869	39.073	-7.9427
-2.4243	33.977	3.9196	-2.3399	3.7582	-3.1269	-3.3607	-2.6592	2.7044	0.97133	-0.50723	1.0985	-0.15177	1.214	-6.4142	-75.767	-37.186	92.172	14.762	23.784	8.6846	-30.085	-23.894	0.93035	-45.285	28.25	9.2706	3.9425
-2.8199	28.58	3.5543	-0.046237	5.531	-3.0193	-1.391	-3.4069	1.4138	1.0235	-1.6308	1.4935	-1.2222	1.7737	-15.823	-215.89	-14.611	91.748	70.915	4.3038	78.787	-29.907	-51.623	2.0874	-44.943	15.801	-42.817	22.39
-3.6209	19.639	-0.60738	4.397	5.0085	-0.044085	-0.75871	-3.2595	1.0423	-0.020996	-2.1377	0.36053	-0.65856	0.5956	-32.041	-357.63	-166.47	177.73	-20.902	119.01	25.292	5.8959	-14.858	-41.78	-20.274	-45.318	22.546	-47.125
-5.4037	-16.772	-2.9668	7.5406	1.9041	2.408	1.9942	-1.3689	1.5959	-1.1197	-0.66893	-0.82599	0.43298	-0.54869	-71.311	-1456.4	-94.377	125.74	-124.17	98.081	110.12	75.625	22.144	-43.947	58.75	-47.461	43.662	-45.771
-8.8654	-50.83	-6.5456	8.2053	4.8562	4.1218	1.9611	0.49722	2.061	-1.2324	0.58303	-0.30249	1.7512	-0.53242	-138.47	-1362.3	-143.15	26.591	118.08	68.554	-1.3239	74.645	18.603	-4.5101	50.078	20.94	52.73	0.65073
-10.557	-37.583	-17.784	4.7543	1.8827	5.8736	5.0825	-1.7576	1.6725	-0.84608	-0.21882	-0.75925	1.3166	-1.5909	-67.65	529.86	-449.53	-138.04	-118.94	70.071	124.85	-90.194	-15.539	15.454	-32.074	-18.271	-17.386	-42.339
-10.908	-55.033	-18.96	-0.6136	1.2484	-0.69042	0.94016	0.67102	-1.4174	-2.8653	1.8634	-0.63031	0.51404	-0.2346	-14.054	-697.97	-47.06	-214.71	-25.371	-262.56	-165.69	97.146	-123.6	-80.768	83.288	5.1576	-32.102	54.251
-8.9494	-32.215	-21.538	-4.2365	-1.5931	-1.632	-0.38394	1.6412	-0.70685	-2.2518	1.7103	-0.66675	1.0435	-0.072403	78.344	912.69	-103.13	-144.92	-113.66	-37.662	-52.964	38.806	28.423	24.538	-6.1224	-1.4576	21.179	6.4879
-6.492	-0.37869	-24.426	-4.922	-2.6126	-0.30224	-3.5227	3.605	1.8945	-1.1889	1.4799	-0.72277	0.31053	-0.072775	98.298	1273.5	-115.49	-27.421	-40.779	53.189	-125.55	78.553	104.05	42.519	-9.2185	-2.2406	-29.319	-0.014865
-5.6991	13.363	-24.628	-4.4855	-0.43475	-1.132	-1.7591	3.6783	3.0076	0.38561	0.75605	-2.4995	-1.0399	-1.7211	31.715	549.67	-8.0842	17.462	87.113	-33.19	70.543	2.9316	44.522	62.979	-28.952	-71.071	-54.015	-65.934
-5.4614	17.077	-20.223	-4.6716	1.7644	-0.46103	-5.3363	1.5435	1.4405	-2.446	0.98818	0.032258	-0.55856	-1.314	9.5096	148.54	176.2	-7.4434	87.968	26.839	-143.09	-85.391	-62.683	-113.26	9.2848	101.27	19.252	16.283
-5.017	13.3	-12.585	-1.3799	5.3659	4.2435	-4.0971	2.3601	4.061	-1.4039	-0.069266	-1.3841	0.95842	-1.2681	17.776	-151.09	305.52	131.67	144.06	188.18	49.571	32.665	104.82	41.684	-42.298	-56.653	60.679	1.8397
-3.1855	24.022	5.6856	-2.0565	3.8887	3.5884	-2.4419	-4.049	1.7151	0.29812	-1.8074	-0.44417	2.146	-1.0627	73.258	428.9	730.82	-27.065	-59.087	-26.204	66.208	-256.36	-93.835	68.08	-69.526	37.596	47.504	8.2138
-2.5218	26.946	9.5279	-7.4566	6.6972	1.774	-2.3724	-4.1197	-0.84864	2.6172	-5.3799	0.72698	0.5582	0.80903	26.55	116.94	153.69	-216.01	112.34	-72.574	2.7805	-2.8295	-102.55	92.765	-142.9	46.846	-63.512	74.87
-2.3535	24.428	10.221	-8.1298	6.1953	2.1654	-1.7041	-3.955	-0.67996	2.6752	-5.311	-0.30486	0.28149	0.08114	6.7316	-100.69	27.729	-26.925	-20.077	15.657	26.73	6.5876	6.7473	2.3191	2.7557	-41.274	-11.069	-29.116
-2.523	22.366	10.217	-7.6622	6.5676	1.8482	-1.0386	-4.6665	-0.017869	1.5878	-3.9509	-1.2173	0.46219	-0.073932	-6.7826	-82.477	-0.15928	18.704	14.894	-12.691	26.62	-28.458	26.483	-43.498	54.407	-36.498	7.2282	-6.2029
-2.9459	20.727	8.936	-7.3492	7.3039	2.5661	-1.5792	-3.5508	-0.041971	1.0661	-3.8535	-1.812	0.74389	-0.062477	-16.915	-65.573	-51.246	12.518	29.454	28.719	-21.623	44.624	-0.96408	-20.865	3.8942	-23.786	11.268	0.45818
-3.808	13.47	2.9239	-1.6664	5.0737	5.6452	-1.44	-2.1327	0.81882	-0.86012	-2.4102	-3.6527	1.234	-0.46839	-34.482	-290.27	-240.48	227.31	-89.208	123.16	5.568	56.727	34.432	-77.051	57.733	-73.628	19.603	-16.237
-5.347	-7.8247	1.088	-0.53355	4.0614	5.8045	-2.7862	-1.5552	2.9822	-0.10778	-1.7631	-2.7036	0.64899	-1.0641	-61.561	-851.81	-73.436	45.316	-40.493	6.3735	-53.846	23.099	86.535	30.094	25.883	37.962	-23.398	-23.828
-8.3471	-47.969	-1.3815	3.8083	2.6685	7.2644	-1.827	0.43885	2.4502	0.34455	1.3454	-0.21801	0.52305	-1.1256	-120	-1605.8	-98.78	173.67	-55.716	58.397	38.365	79.762	-21.278	18.093	124.34	99.424	-5.0378	-2.4584
-10.131	-59.889	-4.6119	7.2644	2.3416	6.3876	1.2729	1.3368	1.5809	0.36081	2.0549	0.57662	-0.44969	-1.0586	-71.357	-476.81	-129.22	138.24	-13.074	-35.075	124	35.92	-34.775	0.65027	28.38	31.785	-38.91	2.678
-10.768	-61.563	-5.7905	6.4191	0.52411	6.3074	2.6536	2.6538	1.4657	0.64178	2.6102	-1.2688	-0.39922	-0.76819	-25.464	-66.968	-47.144	-33.809	-72.701	-3.2078	55.225	52.679	-4.6065	11.239	22.209	-73.816	2.0188	11.616
-11.639	-65.573	-10.105	3.8324	-0.023029	6.4314	4.2011	3.592	2.7724	0.36847	2.5871	-0.21059	0.53109	-1.4197	-34.866	-160.4	-172.59	-103.47	-21.886	4.9608	61.901	37.529	52.266	-10.932	-0.92252	42.328	37.212	-26.061
-13.04	-72.311	-13.253	0.77921	-2.8635	4.409	3.5956	3.4655	1.5804	-0.026884	2.3793	-0.28951	1.4047	-0.39414	-56.034	-269.53	-125.93	-122.13	-113.62	-80.896	-24.219	-5.062	-47.678	-15.814	-8.3118	-3.1567	34.945	41.023
-13.834	-70.145	-14.454	-0.92292	-4.6943	2.9163	2.6739	2.0927	0.94262	-2.1273	1.0278	-1.3113	1.0057	-0.29311	-31.757	86.661	-48.018	-68.085	-73.229	-59.709	-36.868	-54.91	-25.511	-84.016	-54.061	-40.871	-15.96	4.0411
-5.1179	21.337	-8.3888	-10.021	-2.2195	-0.030703	-3.3466	0.77395	-0.50057	-2.4576	0.25143	-1.7201	0.26745	-1.4737	348.64	3659.3	242.61	-363.92	98.992	-117.88	-240.82	-52.752	-57.728	-13.211	-31.054	-16.354	-29.531	-47.224
-4.0028	36.844	-9.5647	-4.7162	-1.1019	2.1068	-2.2396	2.3828	0.39091	-1.4988	0.66309	-1.3337	0.84869	-1.0301	44.606	620.27	-47.036	212.19	44.703	85.498	44.282	64.353	35.659	38.35	16.466	15.456	23.249	17.744
-2.7931	32.545	5.6941	-3.1201	0.60925	2.8448	-3.3841	-1.3941	-2.4625	2.1751	-0.11264	0.080751	-0.50698	0.51214	48.385	-171.95	610.35	63.842	68.446	29.522	-45.781	-151.07	-114.14	146.96	-31.029	56.58	-54.227	61.69
-2.0816	35.886	8.9774	-7.8408	0.10277	0.52133	-3.4126	-0.88879	-4.1827	4.7428	-2.2	2.5348	-2.1774	1.0918	28.462	133.63	131.33	-188.83	-20.259	-92.939	-1.1405	20.212	-68.807	102.71	-83.493	98.162	-66.818	23.187
-1.8161	35.012	9.7906	-6.6969	-2.3304	-0.55842	-2.0146	-2.3549	-2.9146	4.5288	-2.2736	3.6358	-1.8865	0.41235	10.621	-34.953	32.526	45.756	-97.327	-43.19	55.921	-58.643	50.722	-8.5613	-2.946	44.039	11.636	-27.179
-1.919	34.024	10.813	-6.783	-4.6935	-0.065102	-1.6147	-1.7424	-2.5266	4.2164	-2.3529	3.5802	-0.9599	-0.88344	-4.1193	-39.526	40.899	-3.4453	-94.523	19.733	15.995	24.501	15.521	-12.496	-3.1733	-2.2255	37.064	-51.832
-2.0775	30.167	12.689	-7.2076	-5.5409	0.29548	-1.3663	-0.74284	-2.7937	4.6986	-2.9481	3.154	-0.67757	-0.71874	-6.3401	-154.26	75.024	-16.983	-33.898	14.423	9.9361	39.981	-10.684	19.29	-23.805	-17.044	11.294	6.588
-2.1406	28.706	13.995	-7.4602	-6.4687	0.46683	-0.87713	-0.57626	-1.9659	3.7611	-2.1551	2.3184	-0.16855	-0.26834	-2.5214	-58.458	52.238	-10.104	-37.111	6.8539	19.566	6.663	33.111	-37.502	31.718	-33.427	20.361	18.016
-2.1246	27.195	13.823	-6.3118	-7.8912	0.44826	-0.021262	-1.5005	-1.1584	3.5493	-2.0004	1.1843	0.38673	0.71853	0.63797	-60.452	-6.884	45.938	-56.901	-0.74284	34.235	-36.969	32.299	-8.4699	6.186	-45.365	22.211	39.474
-2.1695	25.935	13.993	-5.6781	-9.0374	0.46552	1.3494	-3.3901	0.59138	1.9474	-0.70547	0.36719	0.58911	1.5338	-1.7932	-50.376	6.8126	25.345	-45.845	0.69023	54.828	-75.585	69.992	-64.078	51.799	-32.682	8.095	32.609
-2.2468	22.964	15.64	-6.581	-8.6723	-0.43099	2.5618	-3.8195	0.275	1.8979	-0.30991	0.60192	-0.1852	1.682	-3.0931	-118.87	65.869	-36.113	14.602	-35.86	48.493	-17.175	-12.655	-1.9796	15.823	9.3891	-30.972	5.9309
-2.3742	22.682	14.964	-5.8789	-9.4124	-0.10005	3.4426	-5.0609	0.98327	1.0055	0.50568	0.44571	-0.50012	1.913	-5.0949	-11.243	-27.025	28.083	-29.603	13.238	35.234	-49.655	28.331	-35.695	32.624	-6.2484	-12.597	9.2376
-2.5357	21.295	14.58	-5.1363	-9.4317	-0.5105	4.2595	-5.2188	0.63782	0.83977	0.72431	0.76276	-0.79157	1.6621	-6.4627	-55.508	-15.358	29.702	-0.77305	-16.418	32.676	-6.319	-13.818	-6.63	8.7453	12.682	-11.658	-10.035
-2.7679	18.688	14.726	-5.1953	-8.8235	-0.54283	4.8985	-5.4714	-0.42988	1.2641	0.82046	0.73883	-0.94536	1.5266	-9.2882	-104.26	5.852	-2.3573	24.327	-1.2932	25.56	-10.101	-42.708	16.974	3.8456	-0.95711	-6.1512	-5.4199
-3.1376	15.72	14.674	-5.2767	-7.8015	-0.1578	5.8222	-6.3031	-1.0919	1.4288	1.8878	0.021277	-1.5498	1.9881	-14.785	-118.73	-2.099	-3.2586	40.882	15.401	36.948	-33.271	-26.482	6.5863	42.692	-28.702	-24.176	18.461
-3.7662	9.6724	14.252	-4.7806	-7.2972	1.4987	6.0145	-6.4532	-1.8956	2.1399	1.9421	-1.0215	-1.2473	1.6952	-25.144	-241.91	-16.856	19.843	20.171	66.261	7.6911	-6.002	-32.149	28.446	2.175	-41.709	12.096	-11.716
-4.8498	-0.96558	10.21	-2.0594	-6.7358	3.1587	6.0326	-6.9614	-1.8816	2.239	3.1625	-2.4539	-1.3401	1.603	-43.347	-425.52	-161.7	108.85	22.455	66.4	0.72312	-20.327	0.56205	3.9645	48.814	-57.297	-3.7116	-3.6877
-6.8553	-25.741	0.27806	2.9192	-3.1328	3.8659	5.5265	-6.6629	-1.0405	0.87311	3.2549	-1.8218	-2.4909	2.5511	-80.218	-991	-397.28	199.14	144.12	28.287	-20.242	11.94	33.643	-54.636	3.6968	25.284	-46.031	37.923
-11.035	-60.716	-11.469	1.5496	-2.0869	4.1328	3.4901	-2.0704	0.10774	-0.35739	1.2793	-0.61343	-0.61709	0.97737	-167.17	-1399	-469.88	-54.784	41.834	10.677	-81.457	183.7	45.931	-49.22	-79.024	48.334	74.953	-62.948
-13.761	-72.037	-16.415	-1.1382	-4.7329	3.7715	1.8015	2.1566	1.7313	-1.2868	1.1293	-1.0472	1.7035	0.043035	-109.05	-452.86	-197.85	-107.51	-105.84	-14.454	-67.542	169.08	64.941	-37.176	-6.0018	-17.35	92.822	-37.374
-14.064	-73.141	-17.25	-1.0118	-4.6146	1.6977	-0.34635	1.8586	1.6767	-1.8319	0.83321	-1.4434	0.29762	-0.85522	-12.12	-44.147	-33.388	5.0577	4.7347	-82.952	-85.916	-11.923	-2.1811	-21.802	-11.842	-15.851	-56.233	-35.93
-13.981	-75.545	-18.085	-1.6503	-5.4421	2.1583	0.58689	0.74775	0.4853	-1.217	0.63884	-0.70298	0.47612	-0.12516	3.3138	-96.156	-33.42	-25.542	-33.101	18.424	37.33	-44.432	-47.658	24.596	-7.7747	29.619	7.1399	29.202
-13.875	-72.35	-16	-0.27769	-3.2058	2.8896	-0.17839	0.66965	0.68159	-0.78784	1.9617	-0.93939	0.79092	0.35625	4.2558	127.78	83.404	54.904	89.453	29.252	-30.611	-3.124	7.8513	17.165	52.916	-9.4563	12.592	19.256
-6.9673	1.5744	-5.854	-11.559	-3.6071	0.56087	2.3496	-2.5933	0.60872	0.19455	1.0327	-0.54533	0.73935	-0.59788	276.29	2957	405.85	-451.26	-16.054	-93.149	101.12	-130.52	-2.9145	39.295	-37.162	15.762	-2.0627	-38.165
-6.5821	9.6174	-8.1173	-11.016	-3.0778	0.048135	1.7215	-2.6406	0.32734	-0.22049	1.3662	-0.38233	0.5726	0.39263	15.412	321.72	-90.534	21.749	21.174	-20.509	-25.127	-1.892	-11.255	-16.601	13.342	6.5202	-6.67	39.62
-5.9952	10.924	-19.45	-2.9005	-3.9156	2.217	-0.37893	-2.1366	3.8405	-0.93107	0.89917	-0.95514	0.32994	0.69856	23.473	52.281	-453.3	324.6	-33.514	86.753	-84.016	20.162	140.53	-28.423	-18.682	-22.913	-9.7065	12.237
-5.2456	20.297	-21.002	0.60106	-5.3379	0.77007	-2.6204	-2.3042	4.8675	-0.0028773	2.1374	-0.76039	1.4168	0.97046	29.985	374.9	-62.09	140.06	-56.889	-57.875	-89.657	-6.7063	41.077	37.128	49.528	7.7901	43.473	10.876
-5.0028	20.776	-22.058	4.106	-3.2904	1.3713	0.0053938	-2.4086	3.4716	-1.2144	1.5578	-1.4124	1.174	1.055	9.7121	19.168	-42.215	140.2	81.898	24.05	105.03	-4.1752	-55.835	-48.462	-23.184	-26.081	-9.7123	3.3815
-4.9806	10.663	-25.693	3.525	-5.5101	2.6061	0.56182	-2.8175	1.9087	-2.7078	0.521	-3.2971	1.2474	-0.029873	0.89003	-404.54	-145.41	-23.237	-88.79	49.39	22.257	-16.356	-62.514	-59.736	-41.47	-75.388	2.9352	-43.395
-5.0548	12.814	-24.991	3.6972	-4.3835	1.153	-1.4725	-1.6415	1.7881	-2.5206	0.79004	-3.0982	2.0928	-0.69073	-2.9682	86.048	28.071	6.8869	45.066	-58.124	-81.374	47.039	-4.8246	7.489	10.761	7.9545	33.82	-26.434
-5.019	11.508	-26.327	4.2424	-3.8058	2.4815	-0.40527	0.18686	1.4424	-3.6086	0.52703	-4.1238	1.2592	-1.7903	1.4312	-52.246	-53.436	21.807	23.108	53.142	42.69	73.135	-13.829	-43.521	-10.521	-41.023	-33.347	-43.981
-5.1065	10.1	-26.856	2.955	-5.1048	2.866	2.7912	3.379	2.1041	-2.6595	0.92612	-4.477	-0.15756	-1.4983	-3.5004	-56.313	-21.175	-51.493	-51.96	15.38	127.86	127.69	26.466	37.964	15.964	-14.125	-56.669	11.68
-5.2882	10.641	-25.826	1.7462	-6.7728	2.6257	1.6043	2.7451	4.6001	-1.4854	2.7549	-3.0444	1.6929	-0.62317	-7.2671	21.64	41.209	-48.354	-66.719	-9.6144	-47.478	-25.355	99.841	46.966	73.152	57.301	74.02	35.004
-5.3455	8.4884	-25.374	2.8824	-5.3351	1.8374	-0.22419	2.034	3.7611	-1.2825	2.1935	-3.8995	1.1016	-1.9775	-2.2909	-86.104	18.077	45.448	57.507	-31.53	-73.138	-28.444	-33.558	8.1133	-22.455	-34.204	-23.653	-54.172
-5.0857	7.6888	-24.672	3.5475	-6.7169	2.2891	-1.3694	-0.61629	4.1316	-2.1519	2.9722	-2.7158	1.3671	-2.1735	10.39	-31.982	28.099	26.603	-55.27	18.069	-45.808	-106.01	14.817	-34.775	31.145	47.348	10.619	-7.8394
-5.085	10.811	-26.431	2.4882	-4.9124	2.7318	0.28567	-0.35399	1.6652	-3.8603	3.3442	-2.205	2.2703	-0.54876	0.028991	124.88	-70.36	-42.371	72.178	17.705	66.202	10.492	-98.653	-68.336	14.883	20.432	36.126	64.988
-5.4497	12.979	-25.326	-1.1746	-5.4476	1.1607	-0.079318	1.7593	3.7292	-1.1988	2.7152	-3.3103	1.3607	-0.0079514	-14.59	86.74	44.178	-146.51	-21.409	-62.843	-14.6	84.533	82.559	106.46	-25.163	-44.21	-36.38	21.632
-6.2843	5.5867	-22.511	-3.9822	-4.1012	0.83403	-3.0017	1.1807	4.9184	-2.7861	2.9534	-2.6487	1.4573	-0.16462	-33.384	-295.7	112.62	-112.31	53.857	-13.066	-116.9	-23.147	47.568	-63.491	9.5281	26.463	3.8619	-6.2667
-5.5057	-4.1263	-7.9193	1.1642	-1.2677	3.9714	1.6961	-1.0344	5.0648	-0.43905	0.98293	-2.113	1.6259	0.37025	31.142	-388.52	583.66	205.86	113.34	125.49	187.91	-88.603	5.8543	93.882	-78.817	21.428	6.7434	21.395
-3.634	14.253	3.9758	0.7761	7.071	1.4629	-1.9385	-1.8335	-1.3449	1.2608	-2.202	1.0233	-0.7391	2.2743	74.868	735.16	475.8	-15.523	333.55	-100.34	-145.38	-31.964	-256.39	67.995	-127.4	125.45	-94.599	76.161
-2.9399	27.363	1.3827	-0.37914	7.5938	0.038081	-2.1821	-2.4376	-1.8876	0.28131	-3.2635	0.55266	-1.664	2.7493	27.764	524.42	-103.73	-46.209	20.911	-56.994	-9.7461	-24.163	-21.708	-39.181	-42.458	-18.825	-36.997	19.001
-2.7499	26.475	1.7599	-1.4321	8.5713	-1.2546	-1.7429	-1.6214	-2.1866	1.1825	-3.884	0.3344	-1.7564	1.9727	7.602	-35.526	15.089	-42.118	39.102	-51.707	17.567	32.648	-11.959	36.048	-24.82	-8.7304	-3.6957	-31.065
-2.8131	23.566	2.9575	-2.3564	9.1455	-0.9489	-2.0929	-1.3978	-2.1387	1.2814	-4.6682	1.3428	-2.3014	2.4367	-2.5284	-116.38	47.903	-36.972	22.967	12.228	-13.996	8.944	1.9135	3.9567	-31.368	40.334	-21.798	18.564
-2.9112	21.766	3.2134	-2.0212	9.368	-1.0196	-1.9766	-0.73151	-2.3938	1.5981	-4.5739	0.81147	-1.846	1.6383	-3.9227	-71.988	10.238	13.408	8.8984	-2.8268	4.6485	26.651	-10.201	12.668	3.7731	-21.251	18.215	-31.938
-2.9931	18.723	4.5485	-2.0014	8.9478	0.005158	-2.4286	-0.11692	-2.7143	1.7956	-4.5992	0.61294	-1.6693	1.3598	-3.2783	-121.73	53.401	0.7913	-16.807	40.989	-18.078	24.583	-12.822	7.9001	-1.0148	-7.9415	7.0695	-11.141
-3.089	16.852	4.7564	-2.1361	9.8396	0.32118	-2.4416	-0.28418	-2.4919	2.0446	-4.6964	0.17037	-1.0404	0.65733	-3.8359	-74.83	8.317	-5.3889	35.671	12.641	-0.51969	-6.6903	8.8959	9.9576	-3.8877	-17.703	25.154	-28.097
-3.2097	13.956	4.9222	-1.7951	10.4	0.033183	-1.8675	-0.30634	-2.5631	1.9928	-4.8693	0.44936	-1.4159	0.85044	-4.8288	-115.83	6.633	13.643	22.434	-11.52	22.964	-0.88655	-2.8454	-2.071	-6.9148	11.16	-15.02	7.7246
-3.376	11.407	5.4743	-1.8596	9.8992	0.52464	-1.3102	-0.65711	-2.4601	1.6463	-4.3015	-0.040329	-1.4142	0.5901	-6.6492	-101.98	22.083	-2.5799	-20.047	19.658	22.293	-14.031	4.1183	-13.86	22.71	-19.588	0.068274	-10.414
-3.6164	9.8636	5.6255	-2.2641	9.1539	0.56607	-0.91384	-0.49891	-3.2544	2.3272	-5.0102	0.44474	-1.6334	1.2019	-9.6171	-61.727	6.0497	-16.181	-29.813	1.6573	15.853	6.3282	-31.773	27.237	-28.348	19.403	-8.7678	24.471
-4.0642	6.578	6.1939	-3.0057	8.1341	1.7666	-1.7284	-1.243	-3.3702	1.8003	-3.8267	0.43884	-1.4595	1.2089	-17.913	-131.42	22.737	-29.665	-40.792	48.02	-32.581	-29.762	-4.6318	-21.077	47.342	-0.236	6.9542	0.2797
-4.7607	-2.6523	6.5139	-1.8358	8.0315	1.6326	-2.2132	-2.319	-1.4154	0.72406	-3.669	0.27039	-0.89058	-0.059418	-27.859	-369.21	12.8	46.795	-4.1052	-5.3577	-19.393	-43.043	78.193	-43.05	6.3093	-6.7381	22.758	-50.731
-5.8603	-4.8882	5.6893	-1.6962	8.6325	0.67113	-2.344	-1.1473	-0.7637	0.65968	-2.0459	-0.38516	-0.84822	-1.5077	-43.983	-89.436	-32.986	5.5865	24.043	-38.46	-5.2337	46.871	26.068	-2.5751	64.921	-26.222	1.6944	-57.932
-6.9264	-34.904	-0.64424	4.4436	6.2511	3.9759	-3.1268	-1.4238	-0.34225	-1.1415	-2.2964	-0.94939	-0.81701	-1.7608	-42.646	-1200.7	-253.34	245.59	-95.257	132.19	-31.312	-11.061	16.858	-72.047	-10.017	-22.569	1.2485	-10.125
-11.95	-68.244	-10.893	3.1858	1.1608	6.6001	1.8879	0.64001	0.66304	-2.1242	-0.40003	-2.1718	-1.6269	-2.1853	-200.95	-1333.6	-409.95	-50.313	-203.61	104.97	200.59	82.552	40.211	-39.307	75.854	-48.896	-32.398	-16.978
-13.771	-74.711	-16.772	-0.57243	-2.3377	4.0111	1.329	1.0411	-0.2627	-2.2339	0.3521	-1.9026	0.42842	-1.1167	-72.822	-258.68	-235.18	-150.33	-139.94	-103.56	-22.358	16.043	-37.03	-4.3885	30.085	10.769	82.215	42.745
-12.087	-56.259	-10.308	-0.76595	-2.7813	2.493	-1.4487	-0.50369	0.77743	-1.6995	-0.056656	-0.72352	0.10677	-2.3708	67.337	738.06	258.58	-7.7407	-17.746	-60.725	-111.11	-61.791	41.605	21.374	-16.35	47.162	-12.866	-50.163
-9.7374	-44.72	-7.1134	1.6119	-1.871	2.3371	-1.2142	-1.8995	2.1806	-1.0357	0.83069	0.47184	-0.024199	-2.1859	94	461.57	127.77	95.112	36.413	-6.2355	9.3804	-55.831	56.126	26.554	35.494	47.815	-5.2386	7.3925
-6.8552	-22.31	-1.8411	14.138	-1.8596	0.58005	3.0998	-3.5728	3.7491	-0.44945	0.54122	-0.5641	-0.78114	-0.77442	115.29	896.39	210.89	501.06	0.45908	-70.281	172.56	-66.933	62.741	23.45	-11.579	-41.438	-30.278	56.461
-6.2061	-14.334	6.8221	7.6292	-0.94012	-0.83552	2.4963	-2.5758	2.478	0.23021	-1.519	0.36804	-1.1736	-0.63225	25.963	319.04	346.53	-260.36	36.777	-56.623	-24.14	39.88	-50.843	27.187	-82.407	37.285	-15.698	5.6871
-5.8601	-13.886	7.8594	3.8524	0.46972	-1.0446	2.7409	-1.939	2.8492	0.92349	-2.8114	2.2284	-1.7906	-1.8451	13.84	17.91	41.495	-151.07	56.394	-8.3626	9.7826	25.473	14.845	27.731	-51.699	74.416	-24.683	-48.516
-5.7496	-12.437	7.5441	4.7344	-1.5397	0.16558	1.4619	-1.1676	2.8005	1.3934	-2.694	2.5218	-2.1867	-1.304	4.4184	57.981	-12.615	35.281	-80.377	48.406	-51.158	30.857	-1.9465	18.796	4.6977	11.734	-15.844	21.648
-5.8219	-12.553	5.8905	5.2037	-0.3021	-0.12261	2.346	-2.2505	3.1895	1.4392	-1.1909	2.2628	-3.3105	-0.37478	-2.893	-4.6455	-66.142	18.769	49.504	-11.528	35.363	-43.319	15.558	1.8339	60.123	-10.36	-44.949	37.167
-6.0107	-14.495	4.9259	5.6362	-0.25039	0.54794	2.5917	-1.5981	3.1543	1.7209	-1.7633	3.3719	-3.1708	-0.43142	-7.5515	-77.676	-38.583	17.301	2.0682	26.822	9.8283	26.096	-1.4065	11.267	-22.897	44.365	5.5867	-2.2655
-6.2578	-15.633	4.027	5.8963	-0.93658	0.80853	2.8687	0.57488	2.029	0.90889	-0.9334	3.6094	-3.125	-0.49095	-9.8845	-45.509	-35.958	10.404	-27.448	10.423	11.079	86.92	-45.01	-32.481	33.197	9.4987	1.8316	-2.3813
-6.4928	-19.581	3.1915	7.847	-1.3612	1.3447	1.1826	1.9034	2.8678	-0.19893	-0.21544	2.6363	-1.7139	-0.99095	-9.3966	-157.93	-33.42	78.025	-16.984	21.446	-67.443	53.142	33.551	-44.313	28.719	-38.924	56.444	-20
-5.9297	-2.3212	-2.6008	-5.4774	10.222	2.1286	-2.7409	2.4633	1.8867	1.1556	1.033	-0.39568	1.183	-0.57011	22.522	690.4	-231.69	-532.97	463.31	31.359	-156.94	22.392	-39.244	54.18	49.936	-121.28	115.88	16.834
-6.0653	5.8492	-7.5753	-9.8576	13.03	2.9454	-2.1493	1.4229	2.0464	0.83159	2.1412	-0.71981	2.1338	-1.297	-5.4223	326.82	-198.98	-175.21	112.33	32.672	23.664	-41.613	6.386	-12.959	44.33	-12.965	38.032	-29.077
-6.439	-23.131	0.38067	-1.9228	5.0432	3.1373	-0.60795	1.702	2.4135	0.99113	1.3844	-0.47271	2.9055	-0.48365	-14.948	-1159.2	318.24	317.39	-319.46	7.6735	61.653	11.165	14.687	6.3816	-30.271	9.8839	30.87	32.535
-9.1786	-47.32	-4.5378	3.1995	0.65691	6.4589	3.0521	0.42934	-0.12272	0.99668	2.2662	-0.036339	0.69153	-0.52625	-109.58	-967.54	-196.74	204.89	-175.45	132.87	146.4	-50.908	-101.45	0.22211	35.27	17.455	-88.56	-1.7039
-6.4793	-12.554	-7.0202	-12.423	-5.8828	1.0722	4.3637	-3.8955	-0.56657	0.32005	0.6525	0.45965	-0.0016927	0.61394	107.97	1390.6	-99.295	-624.88	-261.59	-215.47	52.462	-172.99	-17.754	-27.065	-64.547	19.84	-27.729	45.608
-6.3457	8.0874	-5.7472	-12.206	-6.7829	0.94483	4.3894	-4.1255	0.05214	1.8927	1.6161	0.76449	0.015149	1.5092	5.3446	825.66	50.92	8.6638	-36.005	-5.0962	1.0301	-9.1986	24.748	62.906	38.545	12.193	0.67367	35.812
-6.6378	-17.412	-6.6893	-7.2511	-5.9315	4.5454	3.2988	-4.6454	1.0395	1.9383	2.8133	-0.54232	-0.74914	1.1998	-11.686	-1020	-37.686	198.19	34.056	144.02	-43.623	-20.797	39.493	1.8228	47.887	-52.272	-30.572	-12.379
-5.5332	-20.537	3.5539	-0.56524	-0.13815	7.7509	4.3767	-3.4231	1.3201	-0.13597	1.7892	-0.87806	-0.54723	0.98705	44.185	-124.98	409.73	267.43	231.73	128.22	43.115	48.893	11.225	-82.97	-40.963	-13.43	8.0764	-8.5087
-4.358	3.985	12.97	-1.3505	-2.2094	5.9232	2.9807	-6.2934	-0.89176	1.0689	-0.35081	-0.7853	-0.50826	0.46253	47.008	980.86	376.64	-31.409	-82.849	-73.107	-55.839	-114.81	-88.474	48.195	-85.602	3.7104	1.5588	-20.981
-3.769	8.4453	11.331	-2.565	-1.9507	4.1226	3.217	-7.5523	-0.7418	1.446	-1.2491	-0.55567	-0.40948	0.90431	23.562	178.41	-65.551	-48.582	10.347	-72.022	9.4523	-50.355	5.9983	15.085	-35.932	9.1854	3.9514	17.671
-3.6505	10.298	10.851	-2.9292	-1.3472	4.0444	2.9292	-7.2945	-0.89346	1.761	-1.6106	-0.42906	-1.0181	0.89553	4.7406	74.106	-19.188	-14.567	24.14	-3.1279	-11.511	10.308	-6.0664	12.598	-14.459	5.0645	-24.345	-0.35122
-3.6686	11.882	9.9781	-3.7234	0.098819	4.2683	2.081	-7.8747	-0.33288	2.3068	-2.2543	-0.76612	-0.4252	0.70563	-0.72549	63.375	-34.932	-31.769	57.841	8.9561	-33.931	-23.205	22.423	21.833	-25.748	-13.482	23.716	-7.596
-3.7041	12.426	8.3826	-3.5015	1.3592	4.6051	0.75367	-7.8696	0.4065	2.2689	-2.8762	-0.88753	0.076231	0.70529	-1.4194	21.735	-63.822	8.8785	50.417	13.47	-53.092	0.20105	29.575	-1.5172	-24.876	-4.8563	20.057	-0.013617
-3.6896	11.71	8.0042	-4.0622	4.1727	3.5583	-0.12092	-6.9189	1.4414	1.4513	-3.7084	-0.27976	0.58633	0.18095	0.57821	-28.615	-15.136	-22.43	112.54	-41.873	-34.984	38.028	41.398	-32.703	-33.29	24.311	20.404	-20.973
-3.6706	11.254	6.687	-3.3231	5.8004	3.2108	-0.76726	-6.3433	2.4583	0.30205	-4.8035	0.77157	0.45072	-0.23621	0.76246	-18.232	-52.689	29.563	65.105	-13.897	-25.854	23.026	40.674	-45.97	-43.805	42.053	-5.4245	-16.687
-3.6727	11.483	4.9155	-2.6484	8.1073	2.1019	-1.3512	-4.9383	2.6627	-0.93179	-4.8691	1.5859	0.37442	-0.95529	-0.085283	9.1452	-70.858	26.99	92.277	-44.358	-23.358	56.2	8.175	-49.353	-2.623	32.575	-3.052	-28.763
-3.7171	12.831	3.3138	-3.0668	10.432	1.583	-2.8546	-2.799	1.9487	-1.5557	-4.762	2.2096	-0.42566	-0.60933	-1.7772	53.93	-64.068	-16.734	92.982	-20.754	-60.136	85.57	-28.558	-24.956	4.284	24.947	-32.003	13.838
-3.8347	11.811	0.8095	-0.29876	11.427	-0.23057	-1.6151	-2.6544	2.3281	-3.0334	-3.5892	2.6335	-1.8791	0.46765	-4.7035	-40.821	-100.17	110.72	39.812	-72.544	49.582	5.7869	15.177	-59.11	46.912	16.955	-58.136	43.079
-4.174	11.36	-3.1704	4.1242	10.561	-0.92692	-1.5842	-0.29843	0.90459	-2.6645	-3.1172	1.0941	-1.4583	0.96209	-13.57	-18.04	-159.2	176.92	-34.635	-27.854	1.2328	94.238	-56.942	14.758	18.882	-61.573	16.829	19.777
-4.7949	5.9507	-9.1008	9.3268	9.5954	-0.31861	-1.0758	0.074652	0.70127	-2.1944	-1.045	-1.5787	0.01484	-0.13051	-24.837	-216.37	-237.21	208.1	-38.633	24.333	20.337	14.923	-8.1329	18.805	82.885	-106.91	58.927	-43.704
-5.722	7.3375	-13.79	9.8928	2.0169	0.35811	0.96473	1.8761	1.0772	-2.8279	1.5044	-1.1844	0.74074	-0.99816	-37.085	55.474	-187.56	22.643	-303.14	27.069	81.622	72.059	15.036	-25.341	101.98	15.771	29.036	-34.706
-6.2714	9.0721	-18.214	5.6092	-4.2147	-1.6999	0.79885	2.5919	2.2513	-0.96835	4.5992	-0.9673	0.15429	-1.2669	-21.977	69.382	-176.96	-171.35	-249.26	-82.319	-6.6349	28.63	46.964	74.382	123.79	8.6851	-23.458	-10.751
-6.1863	3.4887	-23.81	2.7794	-7.149	0.65076	-1.5553	3.1829	1.7601	-2.2788	1.9595	-2.1249	0.81109	-0.85659	3.4038	-223.34	-223.85	-113.19	-117.37	94.024	-94.167	23.638	-19.646	-52.418	-105.59	-46.303	26.272	16.413
-6.044	2.3103	-24.364	1.52	-6.1608	1.3277	-2.9696	1.8326	1.7843	-3.1443	1.0262	-2.1678	1.9204	-1.933	5.6924	-47.134	-22.164	-50.375	39.528	27.076	-56.57	-54.01	0.967	-34.622	-37.332	-1.7185	44.371	-43.056
-6.113	7.9046	-24.898	-2.3172	-8.9291	-0.77395	-4.5519	0.36144	0.93769	-3.4212	1.4367	-2.2134	1.8333	-1.0953	-2.7592	223.77	-21.344	-153.49	-110.73	-84.064	-63.293	-58.847	-33.864	-11.072	16.422	-1.8223	-3.4838	33.508
-6.0004	8.9702	-21.5	-1.0839	-7.1453	2.0576	-2.584	0.5033	0.49144	-3.6032	1.2838	-0.85939	0.36667	-1.0677	4.5028	42.626	135.9	49.331	71.353	113.26	78.718	5.6745	-17.85	-7.2813	-6.1171	54.161	-58.664	1.1042
-5.9064	12.492	-22.282	-0.67086	-8.5873	0.46027	-4.0184	0.46765	-0.15621	-3.4221	1.4122	-2.1259	0.098146	-1.1894	3.7606	140.87	-31.266	16.523	-57.682	-63.891	-57.377	-1.426	-25.906	7.2439	5.1337	-50.66	-10.741	-4.8697
-5.7959	12.472	-21.492	1.441	-7.2327	1.9564	-2.1479	1.3063	1.3103	-1.3843	1.7002	-1.3556	1.9965	-1.3738	4.4195	-0.80153	31.606	84.473	54.187	59.844	74.82	33.548	58.66	81.511	11.521	30.812	75.933	-7.3737
-6.1886	8.9412	-22.104	1.6804	-6.3858	1.0461	-1.5143	1.8652	0.93171	-1.0463	2.7431	-1.0806	1.4894	-1.0527	-15.708	-141.23	-24.493	9.5795	33.876	-36.41	25.342	22.355	-15.143	13.522	41.718	11	-20.282	12.843
-6.9403	2.6896	-19.43	-0.86396	-3.6096	-0.38956	0.3684	2.5937	1.7475	-2.8805	2.7121	-2.5658	0.38099	-3.2643	-30.066	-250.06	106.97	-101.78	111.05	-57.427	75.309	29.139	32.63	-73.372	-1.2392	-59.407	-44.337	-88.464
-6.4187	-11.002	-9.6277	4.5368	0.90931	0.082983	1.0642	3.2289	2.4751	-3.5882	1.9495	-0.26221	1.1303	-1.8022	20.864	-547.64	392.08	216.03	180.76	18.902	27.834	25.41	29.107	-28.304	-30.505	92.143	29.974	58.483
-4.9341	3.9718	-1.4139	6.7722	9.1468	-1.6379	-1.5507	0.90398	-0.39496	-1.0301	-1.3143	1.7973	-1.4156	0.69882	59.385	598.93	328.56	89.415	329.5	-68.835	-104.6	-92.998	-114.8	102.32	-130.55	82.381	-101.84	100.04
-4.405	9.4405	-2.5779	5.0088	12.069	-3.9533	-1.2029	0.020681	-1.4955	-1.9142	-1.9861	1.4582	-2.5389	1.5909	21.161	218.75	-46.56	-70.537	116.9	-92.618	13.912	-35.332	-44.02	-35.366	-26.875	-13.564	-44.93	35.683
-4.3328	6.5664	-1.9437	2.1806	14.233	-3.1633	-1.9184	0.89161	-0.92631	-2.6182	-2.349	2.7655	-2.8374	1.0983	2.8878	-114.97	25.368	-113.13	86.55	31.602	-28.619	34.837	22.766	-28.16	-14.514	52.293	-11.94	-19.702
-4.407	3.9837	0.22275	1.2185	12.351	-0.81692	-2.5352	0.53867	0.24903	-2.6047	-2.9732	2.3956	-2.0093	0.30261	-2.9664	-103.31	86.657	-38.486	-75.264	93.854	-24.674	-14.118	47.013	0.54188	-24.967	-14.796	33.124	-31.829
-4.5536	-1.1213	4.0521	-0.03486	10.509	0.81806	-0.39992	-1.9257	-0.048916	-0.16862	-3.6722	1.1522	-1.6569	0.76397	-5.8648	-204.2	153.17	-50.134	-73.718	65.399	85.413	-98.573	-11.918	97.441	-27.961	-49.736	14.094	18.455
-4.8392	-8.8079	7.4582	2.5631	5.6786	1.1731	1.716	-0.40632	-2.4262	-0.37207	-1.3288	0.17276	-2.2079	0.55439	-11.424	-307.46	136.24	103.92	-193.2	14.2	84.636	60.773	-95.092	-8.1383	93.735	-39.18	-22.041	-8.3833
-5.3813	-18.651	9.0053	5.4582	1.9995	0.27734	3.5634	2.2386	-2.7153	-1.6451	-1.4811	-0.035127	-0.90041	-0.87337	-21.684	-393.73	61.883	115.8	-147.17	-35.829	73.897	105.8	-11.565	-50.921	-6.0891	-8.3153	52.301	-57.11
-6.1021	-29.265	10.362	7.5838	-2.0512	1.9601	2.3191	3.763	-0.11656	-2.847	-1.9698	-1.7584	0.57494	-0.48911	-28.833	-424.55	54.252	85.023	-162.03	67.309	-49.771	60.979	103.95	-48.075	-19.55	-68.932	59.014	15.37
-6.6247	-32.856	9.8246	8.0475	-2.811	3.0058	0.94546	2.0452	0.20248	-2.3031	0.14034	-1.6413	0.69052	-0.58077	-20.902	-143.64	-21.477	18.548	-30.394	41.827	-54.947	-68.713	12.761	21.754	84.406	4.6849	4.6231	-3.6665
-6.5689	-31.648	7.8779	7.5983	-1.4954	4.0275	1.6676	1.1441	-1.053	-2.0364	0.73619	-1.2749	0.097359	-0.38097	2.2326	48.297	-77.87	-17.967	52.626	40.868	28.887	-36.044	-50.22	10.668	23.834	14.656	-23.726	7.9917
-6.1428	-23.218	9.5335	5.9492	-3.2986	2.4201	1.2802	1.5093	-0.64535	-1.4992	-0.23677	-0.22042	0.1897	-0.01882	17.043	337.23	66.224	-65.963	-72.128	-64.293	-15.499	14.61	16.307	21.487	-38.919	42.179	3.6936	14.486
-5.3227	-19.429	12.124	7.2541	-4.5807	-0.32191	0.97775	1.4218	-0.65069	0.63313	-1.1442	0.068857	-0.44597	-0.2037	32.805	151.54	103.61	52.195	-51.284	-109.68	-12.096	-3.5023	-0.21376	85.295	-36.298	11.571	-25.427	-7.395
-4.8055	-12.907	14.879	6.2364	-3.4367	-3.1215	-1.0879	3.0099	0.57853	-1.5846	-0.38655	0.18237	-0.3166	-0.20177	20.688	260.91	110.19	-40.707	45.758	-111.98	-82.624	63.524	49.169	-88.708	30.307	4.5404	5.1746	0.077103
-4.1547	-5.6749	14.736	6.3656	-3.5545	-5.479	-0.98934	3.4789	-0.22538	-0.2067	-1.3247	0.66075	0.26983	-0.46814	26.031	289.27	-5.6969	5.1679	-4.7125	-94.301	3.9407	18.761	-32.157	55.115	-37.526	19.135	23.457	-10.655
-3.4624	1.8675	14.892	3.4581	-2.6112	-6.8971	-1.5417	3.7486	-0.031459	-0.89032	-1.1507	1.3458	0.59681	0.16082	27.694	301.69	6.2433	-116.3	37.732	-56.724	-22.096	10.786	7.7569	-27.345	6.9589	27.401	13.079	25.158
-2.9417	7.5768	14.864	1.3188	-3.1274	-7.3578	-1.978	4.578	-1.4681	-0.58876	-1.0658	1.9582	0.83957	0.44438	20.828	228.37	-1.1471	-85.572	-20.644	-18.427	-17.449	33.178	-57.466	12.062	3.3956	24.497	9.7106	11.342
-2.7712	12.356	15.429	-1.8286	-4.4638	-6.391	-3.1142	6.8493	-3.0439	0.27816	-1.2054	2.1949	1.0269	-0.28534	6.8207	191.16	22.606	-125.89	-53.459	38.671	-45.449	90.851	-63.031	34.677	-5.5827	9.4662	7.4913	-29.189
-2.8509	15.176	14.472	-4.5616	-4.0295	-5.5557	-2.18	6.5483	-2.6902	0.77328	-0.57199	1.407	0.64637	-0.60786	-3.188	112.79	-38.269	-109.32	17.372	33.411	37.37	-12.041	14.146	19.804	25.337	-31.515	-15.219	-12.901
-3.0064	17.679	13.522	-6.2386	-3.8598	-5.3553	-1.6002	6.4927	-2.2604	0.70653	-0.54267	1.9849	0.15808	-1.3018	-6.2202	100.13	-38.012	-67.08	6.7902	8.0158	23.191	-2.223	17.192	-2.6696	1.173	23.115	-19.531	-27.759
-2.9018	18.506	13.736	-7.2257	-4.4117	-5.1014	-1.1783	6.8407	-2.1967	0.15784	0.4088	1.1459	0.83865	-2.2384	4.1816	33.1	8.5653	-39.482	-22.076	10.158	16.874	13.922	2.5482	-21.948	38.059	-33.559	27.223	-37.463
-2.6918	19.22	14.136	-9.0226	-4.0579	-5.4663	-0.19475	6.1544	-1.4699	-0.26641	0.010172	1.4767	0.51115	-2.1365	8.4003	28.533	16.006	-71.877	14.148	-14.595	39.343	-27.451	29.072	-16.97	-15.945	13.232	-13.1	4.0767
-2.6653	20.41	13.938	-9.9711	-3.776	-4.6509	-0.2094	5.6704	-1.1603	-0.22801	0.65418	0.75788	0.56095	-2.2342	1.0602	47.611	-7.925	-37.939	11.279	32.616	-0.586	-19.362	12.385	1.5361	25.76	-28.752	1.992	-3.9093
-2.7456	22.584	12.504	-9.7812	-4.2771	-3.7525	-0.15744	4.4584	0.11293	-1.0464	1.457	0.40749	0.73021	-2.4313	-3.2135	86.961	-57.357	7.5944	-20.043	35.936	2.0785	-48.479	50.929	-32.735	32.112	-14.015	6.7704	-7.8846
-2.9623	22.321	12.378	-9.7758	-3.9828	-3.2367	-0.41591	3.5477	0.16874	0.026487	1.265	0.3131	-0.052025	-1.8262	-8.667	-10.523	-5.0321	0.21816	11.77	20.63	-10.339	-36.429	2.2324	42.915	-7.6808	-3.776	-31.289	24.203
-3.2681	22.232	11.634	-9.73	-3.0771	-3.2482	1.6411	0.80503	0.77837	0.78217	0.70637	0.6516	-0.3391	-1.5877	-12.231	-3.5394	-29.778	1.8302	36.228	-0.45799	82.282	-109.71	24.385	30.227	-22.344	13.54	-11.483	9.5433
-3.6019	16.729	11.168	-8.0998	-3.0239	-1.0106	1.096	-0.45801	0.87351	1.6843	1.0305	-0.14412	0.03036	-2.1302	-13.351	-220.15	-18.619	65.206	2.1299	89.505	-21.804	-50.521	3.8058	36.086	12.966	-31.829	14.778	-21.703
-4.4437	8.084	10.395	-7.1439	-1.4839	0.48082	0.50379	-0.46899	1.0838	1.1155	0.94948	0.075154	-0.61763	-0.53142	-33.673	-345.78	-30.918	38.238	61.599	59.655	-23.69	-0.43945	8.4112	-22.754	-3.2417	8.771	-25.92	63.953
-5.5503	-2.2678	7.3253	-4.3813	1.1275	0.54355	1.093	-0.24119	2.0978	2.5783	1.8265	-1.1235	-1.1346	-0.20738	-44.265	-414.07	-122.8	110.5	104.46	2.5091	23.568	9.1121	40.562	58.512	35.08	-47.947	-20.679	12.961
-6.593	-0.86618	-4.0318	-4.0362	2.8916	2.5171	1.4335	1.2634	2.3236	1.8634	3.3749	-2.6887	0.15924	0.39501	-41.705	56.063	-454.29	13.805	70.563	78.942	13.621	60.185	9.0307	-28.595	61.935	-62.609	51.754	24.096
-6.8614	6.3786	-13.257	-4.3236	1.256	1.2653	-0.1171	0.51273	1.5039	0.82889	4.513	-1.3804	-0.1047	-0.1182	-10.737	289.79	-369.01	-11.495	-65.423	-50.071	-62.025	-30.028	-32.787	-41.379	45.524	52.332	-10.558	-20.528
-6.6091	11.692	-14.033	-1.7292	1.4188	2.0118	-1.0031	0.5836	0.36492	-1.2675	1.6962	-1.4342	-1.5942	0.13994	10.092	212.52	-31.04	103.78	6.5098	29.859	-35.44	2.8347	-45.561	-83.856	-112.67	-2.1487	-59.578	10.325
-6.5597	13.452	-14.944	-1.447	0.55018	2.023	-1.068	1.6684	1.0053	-0.17735	1.9205	-2.623	-1.3765	-0.667	1.9772	70.42	-36.434	11.29	-34.744	0.45042	-2.5951	43.393	25.614	43.606	8.9717	-47.553	8.7069	-32.277
-6.4427	12.199	-16.866	-3.0615	1.1793	3.3453	0.17414	1.6406	1.4302	-3.1946	0.29992	-2.2152	-0.39377	-1.4271	4.6775	-50.131	-76.872	-64.581	25.166	52.891	49.685	-1.1144	16.998	-120.69	-64.824	16.313	39.309	-30.403
-6.3618	16.181	-13.433	-2.0732	0.89051	1.2127	-0.14438	0.5152	1.9301	-0.61643	0.030595	-1.9092	0.055532	-0.93086	3.2351	159.28	137.29	39.531	-11.553	-85.304	-12.741	-45.014	19.997	103.13	-10.773	12.239	17.972	19.849
-6.4585	14.857	-11.845	-3.9166	-1.9035	0.91266	-1.8511	-2.9418	-0.85209	-0.96493	1.7254	-2.7331	-1.1727	-0.91542	-3.8673	-52.94	63.546	-73.736	-111.76	-12.002	-68.269	-138.28	-111.29	-13.94	67.793	-32.956	-49.131	0.61773
-6.5762	11.535	-9.019	-6.4116	-2.8389	1.2568	0.3449	-1.0693	-0.25455	-0.30224	0.82675	-0.55037	-0.20467	-2.1074	-4.7072	-132.9	113.03	-99.8	-37.416	13.768	87.84	74.898	23.902	26.507	-35.947	87.309	38.723	-47.677
-6.8346	6.1602	-6.267	-5.5032	-3.0191	3.2829	2.1385	-1.5712	-1.3681	-0.98081	2.3851	-0.68931	-0.37295	-2.1938	-10.336	-214.98	110.08	36.336	-7.2097	81.041	71.744	-20.076	-44.541	-27.143	62.334	-5.5578	-6.7315	-3.4589
-7.0008	-0.93465	-1.6256	-5.687	-6.8458	-0.1674	2.3705	-1.8327	-0.95725	-1.361	3.0504	0.36571	0.74226	-1.0148	-6.6463	-283.79	185.65	-7.3529	-153.07	-138.01	9.2792	-10.458	16.433	-15.209	26.613	42.201	44.608	47.16
-7.4565	-13.273	-0.34725	-8.35	-8.7417	-2.8116	-0.52913	0.2544	0.73621	-1.1307	2.6072	-0.12734	1.1185	-1.218	-18.228	-493.53	51.136	-106.52	-75.837	-105.77	-115.98	83.483	67.738	9.2119	-17.728	-19.722	15.049	-8.1267
-8.2987	-31.893	-2.1122	-7.6465	-9.0177	-0.3545	-0.45391	0.87322	0.54681	-1.2451	2.3136	1.8963	2.5574	0.055343	-33.691	-744.81	-70.597	28.143	-11.038	98.284	3.0089	24.753	-7.576	-4.5734	-11.744	80.946	57.556	50.934
-9.4926	-44.568	-0.45793	1.889	-7.3863	1.5407	1.5104	4.5965	2.5963	-0.34885	0.27483	1.0147	0.6141	-0.45108	-47.755	-506.98	66.17	381.42	65.257	75.809	78.571	148.93	81.98	35.849	-81.551	-35.265	-77.731	-20.257
-5.8083	-34.259	7.8622	11.781	-2.3347	-0.62805	-0.62797	2.7888	1.8181	-1.1529	0.36987	0.31546	-0.1229	-0.67275	147.37	412.36	332.81	395.66	202.06	-86.75	-85.533	-72.307	-31.127	-32.163	3.8019	-27.969	-29.48	-8.8665
-4.6316	-10.942	15.663	7.7513	-1.5957	-5.5494	-2.7257	3.5594	0.052963	-0.057449	-1.196	-0.25704	-0.64393	-0.28402	47.071	932.66	312.03	-161.17	29.559	-196.85	-83.91	30.821	-70.607	43.819	-62.633	-22.9	-20.841	15.549
-4.0191	-8.2977	14.752	6.3897	-1.0442	-7.4736	-3.1303	3.179	0.89985	-0.77247	0.20112	-0.44056	-1.2973	0.22198	24.498	105.78	-36.427	-54.464	22.059	-76.97	-16.182	-15.214	33.875	-28.601	55.883	-7.3409	-26.136	20.24
-3.9753	-5.9852	13.708	7.0985	-1.4047	-7.6933	-3.1572	2.613	-0.28574	0.74095	-0.37216	0.20961	-1.5091	0.47713	1.7529	92.498	-41.773	28.354	-14.422	-8.7863	-1.0765	-22.642	-47.423	60.537	-22.931	26.007	-8.4697	10.206
-3.8893	-5.7282	14.288	6.58	-1.5257	-7.9298	-3.8347	3.7663	-1.0848	0.44557	0.022504	0.053279	-0.9673	0.96963	3.4401	10.28	23.196	-20.74	-4.8384	-9.4599	-27.099	46.133	-31.961	-11.815	15.786	-6.2534	21.671	19.7
-3.7963	-5.655	14.7	5.8838	-2.1142	-6.5777	-4.8937	4.7706	-1.3916	-0.34191	0.39269	0.088439	-0.50787	1.3092	3.7183	2.9282	16.491	-27.851	-23.539	54.083	-42.361	40.174	-12.274	-31.499	14.808	1.4064	18.377	13.584
-3.603	-3.3708	14.364	4.8145	-2.9612	-6.4642	-4.6436	5.5412	-1.1305	-0.80482	0.070748	0.22681	-0.17709	1.2278	7.7343	91.368	-13.447	-42.771	-33.881	4.5393	10.002	30.824	10.443	-18.516	-12.878	5.5349	13.231	-3.2556
-3.7265	-1.134	14.561	3.7546	-3.7025	-6.2284	-4.2121	6.0498	-1.1738	-0.66993	-0.67491	0.89522	-0.53167	1.5083	-4.9421	89.472	7.8785	-42.397	-29.651	9.4303	17.26	20.343	-1.7288	5.3956	-29.826	26.736	-14.183	11.219
-3.5854	3.1668	14.578	1.5061	-4.1734	-6.1365	-3.3536	7.0028	-1.1684	-1.0426	-0.76802	0.92577	-0.10561	0.96339	5.6444	172.03	0.66538	-89.939	-18.836	3.6767	34.341	38.119	0.21243	-14.907	-3.7246	1.2222	17.042	-21.796
-3.2844	8.7803	15.117	-1.0172	-4.1954	-5.7404	-2.3937	7.144	-1.6629	-1.0036	-0.62887	1.087	0.68495	0.3961	12.042	224.54	21.584	-100.93	-0.88115	15.845	38.395	5.6496	-19.78	1.5616	5.5659	6.4476	31.622	-22.692
-3.0128	15.469	13.864	-3.0794	-4.6054	-4.1016	-2.7452	7.946	-3.4756	-0.28069	-0.88615	2.6171	-0.08777	0.10347	10.863	267.54	-50.113	-82.488	-16.399	65.55	-14.058	32.08	-72.507	28.915	-10.291	61.206	-30.909	-11.705
-3.078	18.936	13.602	-5.3738	-4.1193	-3.5154	-1.7069	6.6863	-4.1758	0.22712	-0.63093	3.1562	0.27688	-1.0961	-2.6072	138.69	-10.484	-91.775	19.443	23.449	41.531	-50.388	-28.008	20.312	10.209	21.565	14.586	-47.981
-3.1293	20.155	12.857	-5.9988	-4.2441	-1.7558	-2.4214	6.3047	-5.3899	1.5927	0.14618	2.2129	0.7655	-2.1627	-2.0531	48.761	-29.821	-24.999	-4.9913	70.386	-28.58	-15.262	-48.561	54.625	31.084	-37.734	19.545	-42.666
-3.1748	21.156	11.914	-7.2884	-2.7832	-1.228	-2.1634	5.4636	-5.6143	2.0651	0.55927	2.0367	0.35722	-2.1745	-1.822	40.036	-37.688	-51.586	58.437	21.109	10.32	-33.647	-8.9765	18.895	16.524	-7.0471	-16.331	-0.47274
-3.776	19.576	11.048	-7.4829	-2.7732	1.9352	-3.2047	2.1906	-3.1831	0.914	1.1096	1.6619	-0.44001	-0.78063	-24.048	-63.188	-34.644	-7.779	0.39987	126.53	-41.653	-130.92	97.248	-46.045	22.011	-14.993	-31.889	55.756
-5.1562	-2.8425	5.1944	-3.3929	-2.3923	3.9003	-1.145	-1.3328	-0.44492	0.34657	2.7902	-0.039119	0.49238	-0.60464	-55.204	-896.75	-234.16	163.6	15.235	78.606	82.389	-140.93	109.53	-22.697	67.224	-68.039	37.295	7.0394
-9.1545	-41.843	-11.072	-1.8816	2.4898	6.3907	2.5582	1.8956	-0.55644	-0.89303	2.1397	-1.4378	-0.74862	0.70409	-159.93	-1560	-650.65	60.452	195.29	99.618	148.13	129.14	-4.4607	-49.584	-26.02	-55.948	-49.64	52.349
-7.3836	5.915	-10.841	-6.4653	-3.9937	1.0204	1.7304	1.9538	-0.52215	-0.34637	2.4999	0.78738	1.2949	1.7073	70.834	1910.3	9.2137	-183.35	-259.34	-214.81	-33.114	2.3264	1.3714	21.866	14.41	89.008	81.742	40.127
-7.2245	2.3611	-7.1193	-7.0345	-3.7711	0.66004	0.20505	2.8183	-0.10206	0.60688	3.4801	0.60627	1.1915	1.1257	6.3654	-142.15	148.88	-22.766	8.9034	-14.415	-61.013	34.579	16.804	38.13	39.209	-7.2444	-4.1348	-23.263
-5.8462	-20.988	6.1471	1.7037	0.66125	4.6325	0.13848	0.56668	-1.6115	1.9652	1.689	-0.36358	0.36818	-1.0974	55.13	-933.97	530.66	349.53	177.29	158.9	-2.6627	-90.064	-60.378	54.333	-71.644	-38.794	-32.935	-88.926
-4.642	-0.80191	15.724	-2.5211	-4.3271	1.6884	2.2723	-3.1597	-2.9393	2.9717	0.77381	-0.78015	1.372	-0.20746	48.169	807.45	383.09	-168.99	-199.54	-117.77	85.353	-149.06	-53.11	40.259	-36.609	-16.663	40.155	35.6
-4.3167	3.6991	14.779	-5.0143	-4.3764	1.3623	2.7166	-4.5657	-2.9744	3.6459	-0.39611	-0.191	1.419	-0.21049	13.012	180.04	-37.8	-99.727	-1.9709	-13.042	17.771	-56.239	-1.4053	26.968	-46.797	23.566	1.8767	-0.12146
-4.4211	0.50637	15.459	-4.0622	-6.4846	2.9338	3.2726	-5.0114	-2.3805	2.2635	0.83073	-0.99151	1.5312	-0.040182	-4.1738	-127.71	27.169	38.085	-84.327	62.858	22.242	-17.827	23.754	-55.294	49.073	-32.02	4.4889	6.8124
-4.5563	-2.2894	15.932	-3.3514	-7.5185	2.6854	4.5588	-6.0616	-1.5275	2.0863	0.56504	-0.38215	0.78957	0.32678	-5.4088	-111.83	18.955	28.431	-41.356	-9.9344	51.445	-42.009	34.12	-7.0898	-10.627	24.374	-29.665	14.678
-4.5097	-2.5142	15.153	-2.4317	-7.9729	1.4893	6.2592	-6.595	-1.564	2.3324	0.18331	0.18597	-0.15531	1.0781	1.8634	-8.9925	-31.185	36.787	-18.178	-47.846	68.019	-21.335	-1.4597	9.8447	-15.27	22.725	-37.795	30.053
-4.7156	-4.4863	16.497	-2.2072	-8.9757	1.7117	5.8184	-5.5881	-1.9422	2.2064	0.9846	-0.11158	-0.00046001	0.58622	-8.2375	-78.885	53.78	8.9808	-40.109	8.8973	-17.632	40.275	-15.128	-5.0421	32.052	-11.902	6.1939	-19.675
-4.7752	-5.9513	16.247	-1.0643	-9.6983	1.7879	5.977	-4.7931	-2.2125	1.3903	1.7234	-0.58478	0.56986	0.39016	-2.3834	-58.601	-10.024	45.714	-28.907	3.0466	6.3407	31.799	-10.811	-32.643	29.553	-18.928	22.813	-7.8421
-4.6064	-5.3046	17.141	-1.5458	-10.814	2.5836	5.5323	-4.296	-2.269	1.5288	1.4905	-0.26853	-0.18999	1.6971	6.7513	25.868	35.789	-19.258	-44.645	31.831	-17.785	19.887	-2.2597	5.5417	-9.316	12.65	-30.394	52.279
-4.6859	-5.5944	16.509	-0.59146	-10.773	1.7746	5.9633	-4.6753	-1.2442	0.57321	2.1345	-0.42895	0.23416	1.1826	-3.1772	-11.592	-25.311	38.173	1.6635	-32.359	17.24	-15.173	40.994	-38.224	25.759	-6.4168	16.966	-20.58
-4.7622	-6.4596	18.363	-2.7233	-10.327	2.4135	4.3539	-3.4929	-1.1772	0.83745	1.7157	-0.68408	0.99879	0.41924	-3.051	-34.607	74.161	-85.274	17.855	25.553	-64.379	47.295	2.6764	10.57	-16.751	-10.205	30.585	-30.535
-4.7255	-4.4206	16.51	-1.7393	-11.221	3.1458	4.6641	-4.5694	-0.53243	1.4383	0.72655	0.58997	-0.33331	1.4345	1.4646	81.558	-74.116	39.361	-35.768	29.294	12.409	-43.06	25.793	24.032	-39.566	50.962	-53.284	40.612
-4.7247	-4.9089	16.74	-1.5493	-10.013	1.5006	3.3504	-2.9315	0.065636	0.96504	0.50032	0.26266	0.76008	0.4955	0.033455	-19.532	9.2232	7.5975	48.314	-65.807	-52.548	65.517	23.923	-18.929	-9.0489	-13.093	43.736	-37.562
-4.7319	-5.3075	16.847	-1.7513	-9.8319	1.5579	3.3125	-3.4411	1.0728	1.2677	-0.45954	0.82882	0.55723	-0.05631	-0.28601	-15.944	4.277	-8.0781	7.2404	2.291	-1.5155	-20.384	40.285	12.107	-38.394	22.646	-8.1139	-22.072
-4.6034	-2.8628	16.415	-2.1421	-9.6954	1.1581	2.5793	-1.911	0.46793	1.4217	-0.79523	0.95549	1.4874	-0.88153	5.1386	97.79	-17.302	-15.635	5.4569	-15.993	-29.328	61.203	-24.193	6.1618	-13.428	5.0668	37.207	-33.009
-4.4451	-3.1056	16.545	-2.2779	-9.3931	0.91461	1.4048	-0.62197	1.1165	-0.16055	-0.33038	1.6703	1.6483	-1.5057	6.3305	-9.7112	5.2206	-5.4316	12.093	-9.7396	-46.979	51.561	25.943	-63.292	18.594	28.591	6.4342	-24.968
-4.5816	-1.9748	15.536	-2.1075	-8.2817	-0.41091	0.71649	0.49983	1.553	-1.2817	0.82053	1.5922	0.32008	-1.0195	-5.4592	45.231	-40.386	6.8161	44.458	-53.021	-27.534	44.872	17.461	-44.847	46.036	-3.1209	-53.127	19.45
-4.6571	-2.0499	13.825	-0.74007	-7.1591	-2.3134	0.25821	2.6331	1.7254	-2.5455	1.1794	2.3539	-0.59208	-1.0641	-3.0186	-3.004	-68.442	54.699	44.904	-76.098	-18.331	85.33	6.8944	-50.55	14.354	30.464	-36.487	-1.7833
-4.7129	-3.2103	13.326	-0.58282	-6.0511	-4.1565	0.59788	3.7974	1.9751	-3.1918	1.2343	1.7961	-0.08382	-0.71195	-2.235	-46.415	-19.957	6.2899	44.318	-73.726	13.587	46.573	9.9894	-25.851	2.1966	-22.311	20.331	14.084
-4.9271	-7.6116	12.889	2.5994	-6.6756	-4.781	0.30114	4.2466	0.93687	-2.1468	2.5977	-0.55797	0.52693	0.56355	-8.5665	-176.05	-17.454	127.29	-24.977	-24.978	-11.869	17.969	-41.53	41.798	54.538	-94.162	24.43	51.02
-4.938	-7.5978	12.919	2.4506	-4.9437	-6.7271	0.41074	5.9751	-0.61614	-1.9785	2.6776	0.019156	-0.046195	0.23258	-0.43434	0.55107	1.1796	-5.9533	69.277	-77.845	4.3842	69.14	-62.121	6.7326	3.1962	23.085	-22.925	-13.239
-4.7467	-8.1531	12.945	3.4993	-6.0446	-7.9788	2.9745	4.6094	-0.72125	-0.77575	1.2452	0.81429	0.03694	0.22011	7.6488	-22.21	1.0661	41.951	-44.037	-50.067	102.55	-54.629	-4.2044	48.111	-57.298	31.805	3.3254	-0.49852
-4.7567	-7.7374	13.555	3.4258	-6.1105	-8.3516	2.0338	6.1216	-1.1428	-1.285	2.1546	-0.46758	0.32732	0.96727	-0.39617	16.627	24.394	-2.9418	-2.6375	-14.916	-37.628	60.489	-16.861	-20.372	36.378	-51.275	11.615	29.886
-4.6262	-5.0908	13.794	1.9766	-6.1321	-8.7565	3.6056	4.6771	-1.116	-0.83419	1.6507	-0.026973	-0.059619	1.7746	5.22	105.87	9.5395	-57.969	-0.86379	-16.196	62.873	-57.78	1.0719	18.034	-20.159	17.624	-15.478	32.292
-4.3843	-2.3083	12.27	2.7707	-6.0698	-8.8302	4.345	3.6574	-0.81225	-0.60765	1.3337	-0.39516	0.53337	1.3207	9.6735	111.3	-60.962	31.764	2.4933	-2.9454	29.575	-40.788	12.149	9.0619	-12.678	-14.728	23.72	-18.155
-4.3885	0.47097	12.988	1.0109	-6.3403	-7.6928	3.8753	5.0335	-3.5257	0.14261	2.1616	-0.45684	0.4084	0.79292	-0.16648	111.17	28.739	-70.39	-10.82	45.494	-18.789	55.043	-108.54	30.01	33.116	-2.4672	-4.9987	-21.111
-4.3478	4.5363	12.592	-0.48393	-5.7559	-7.3068	4.2199	4.2902	-3.936	-0.43362	2.9758	-0.38325	0.69102	0.021313	1.6287	162.61	-15.854	-59.794	23.373	15.443	13.786	-29.732	-16.415	-23.049	32.566	2.9438	11.305	-30.864
-4.2909	4.2994	10.951	0.18077	-5.9633	-4.3759	4.8493	1.2345	-4.204	1.1041	2.673	0.72247	-1.0893	0.25185	2.2761	-9.4774	-65.625	26.588	-8.2929	117.23	25.174	-122.23	-10.72	61.51	-12.111	44.229	-71.212	9.2214
-4.6036	6.7494	8.0951	0.63361	-3.0812	-4.3462	5.3913	-1.5719	-3.8655	2.7173	1.5277	0.28923	-0.99585	0.35581	-12.508	98.001	-114.24	18.113	115.28	1.1904	21.679	-112.26	13.54	64.528	-45.811	-17.33	3.7376	4.1584
-4.716	5.5519	6.6731	0.69531	0.80962	-3.4597	3.218	-1.9779	-4.5881	4.376	-0.11435	-0.20356	-0.30189	1.4989	-4.4966	-47.901	-56.881	2.468	155.63	35.458	-86.929	-16.239	-28.901	66.347	-65.683	-19.712	27.758	45.725
-4.7372	4.8499	3.2889	2.0444	3.1037	-1.3873	0.64226	-2.2143	-2.7316	2.8385	-2.0106	0.73559	-0.40899	3.0933	-0.84956	-28.079	-135.37	53.962	91.763	82.897	-103.03	-9.4574	74.26	-61.5	-75.85	37.566	-4.284	63.775
-5.092	-0.18792	0.645	4.8673	6.1585	-1.5883	-0.76026	-1.768	-1.2071	0.73972	-2.3948	1.3606	0.44028	1.8005	-14.191	-201.51	-105.76	112.92	122.19	-8.0387	-56.101	17.852	60.98	-83.951	-15.366	24.999	33.971	-51.71
-5.6114	-2.7497	-1.8895	5.6236	8.5499	-2.5591	-2.0717	1.3683	-1.2943	-0.077747	-2.7946	2.5826	-0.53095	0.49492	-20.776	-102.47	-101.38	30.253	95.655	-38.833	-52.457	125.45	-3.4884	-32.699	-15.993	48.883	-38.849	-52.225
-6.0223	-10.694	-4.0479	9.1353	8.9184	-3.8247	-0.016834	2.2531	-1.3351	-1.0558	-1.3683	1.5359	-0.84994	0.67262	-16.436	-317.78	-86.336	140.47	14.742	-50.623	82.195	35.393	-1.6325	-39.121	57.053	-41.87	-12.76	7.108
-6.4789	-18.315	-3.2954	9.8587	9.3216	-3.089	-0.51172	1.805	-0.16059	-0.74217	-1.5383	1.5668	-1.8113	0.33783	-18.267	-304.81	30.102	28.935	16.124	29.427	-19.795	-17.925	46.98	12.544	-6.8024	1.2366	-38.453	-13.392
-6.6621	-17.54	-5.1139	9.2057	10.119	-2.8656	0.074445	3.0305	-1.7454	-0.29997	-1.6023	1.6347	-1.024	-0.62643	-7.3275	30.961	-72.743	-26.119	31.879	8.9354	23.446	49.021	-63.393	17.688	-2.5582	2.7157	31.491	-38.57
-6.4853	-19.732	-4.0464	9.381	10.602	-3.0518	-0.54369	3.7343	-1.8178	-0.073075	-2.4957	1.6669	-0.73168	-0.85533	7.0752	-87.669	42.701	7.0119	19.346	-7.448	-24.725	28.153	-2.8962	9.0758	-35.737	1.2873	11.693	-9.1559
-6.4151	-16.767	-3.9448	9.3537	9.9118	-2.6716	0.061938	2.92	-1.9698	-0.36356	-2.1282	1.6975	-0.9565	-0.2035	2.8047	118.61	4.0624	-1.0921	-27.618	15.208	24.225	-32.572	-6.078	-11.619	14.701	1.2238	-8.9929	26.073
-6.2108	-12.889	-3.1531	7.1361	11.016	-2.9549	-0.8409	3.3672	-1.9926	-0.23564	-1.586	1.0187	-0.84863	-0.40523	8.1716	155.12	31.67	-88.706	44.186	-11.331	-36.114	17.888	-0.91515	5.1166	21.686	-27.15	4.3146	-8.0691
-5.8774	-10.249	-2.4129	6.9307	9.9074	-2.6624	-0.50994	3.2868	-2.3324	0.15265	-1.824	1.2258	-1.4587	-0.07443	13.336	105.62	29.608	-8.2126	-44.362	11.699	13.239	-3.2161	-13.592	15.532	-9.5196	8.2832	-24.403	13.232
-5.7672	-8.2814	-2.4033	7.0585	10.169	-2.189	-1.7257	3.7805	-3.1855	0.80708	-1.7467	1.2692	-1.4146	-0.2515	4.411	78.689	0.38388	5.1122	10.475	18.937	-48.629	19.745	-34.121	26.177	3.0938	1.7366	1.7643	-7.0829
-5.6176	-5.9209	-1.1701	6.1671	9.0332	-1.3677	-2.7068	3.9378	-2.373	0.16144	-2.0498	1.1355	-0.6441	-0.26412	5.9837	94.42	49.329	-35.659	-45.443	32.854	-39.246	6.2919	32.5	-25.826	-12.125	-5.3496	30.82	-0.50471
-5.3648	-2.5424	-1.2031	5.418	9.3543	-1.6768	-2.6574	3.2894	-2.3787	-0.23951	-1.7054	1.8668	-1.2391	0.14466	10.11	135.14	-1.3207	-29.963	12.846	-12.365	1.9751	-25.937	-0.22856	-16.038	13.774	29.254	-23.801	16.351
-5.2758	-1.3567	0.12105	4.1258	9.5023	-2.0556	-2.5098	2.9416	-2.0664	-0.36538	-2.3406	2.5488	-1.3298	0.81222	3.5626	47.426	52.966	-51.688	5.9203	-15.153	5.904	-13.91	12.493	-5.0349	-25.405	27.278	-3.6272	26.703
-5.1861	2.0607	-0.27724	3.5342	8.6536	-1.0415	-3.7636	2.5831	-1.5496	-1.2244	-1.0719	1.7025	-0.43589	0.28629	3.5884	136.69	-15.932	-23.664	-33.947	40.564	-50.151	-14.341	20.673	-34.36	50.745	-33.851	35.756	-21.037
-5.0459	0.44358	0.97569	3.274	9.0858	-2.1175	-3.2547	1.7672	-1.845	-0.48983	-1.7261	2.454	-1.1177	1.2969	5.6077	-64.683	50.117	-10.407	17.288	-43.042	20.358	-32.636	-11.816	29.382	-26.164	30.058	-27.272	40.426
-4.9897	-0.010936	2.2123	1.8593	9.2719	-2.5283	-2.8632	0.60481	-1.1705	-0.2733	-1.4269	1.6621	-0.21734	1.1989	2.2462	-18.181	49.465	-56.588	7.4438	-16.429	15.658	-46.495	26.979	8.6615	11.965	-31.673	36.014	-3.9233
-4.8252	-1.2418	4.5962	1.4047	7.1052	-0.29841	-4.3478	0.30352	-1.6389	-0.21262	-1.0208	1.6778	0.28808	0.69787	6.5798	-49.236	95.356	-18.187	-86.667	89.194	-59.384	-12.052	-18.737	2.4269	16.245	0.62479	20.217	-20.04
-4.7228	-2.4194	6.5734	-0.24337	6.6534	0.64148	-4.5121	-0.75916	-2.2828	1.4067	-0.82356	0.086381	1.3165	1.1434	4.0951	-47.102	79.088	-65.921	-18.074	37.596	-6.5699	-42.507	-25.758	64.773	7.8897	-63.655	41.135	17.819
-4.9057	-4.6882	7.0553	-0.47066	6.4376	1.2312	-4.7624	-1.6929	-0.68137	0.90525	-0.50549	-0.98405	2.4603	0.97594	-7.3145	-90.754	19.275	-9.0916	-8.63	23.59	-10.013	-37.348	64.059	-20.058	12.723	-42.817	45.752	-6.6965
-5.1769	-8.5389	7.9894	1.0934	2.8279	2.4463	-3.4218	-2.4488	0.094888	1.1638	-1.0271	-0.93762	3.0272	0.15872	-10.849	-154.03	37.362	62.564	-144.39	48.601	53.625	-30.236	31.05	10.343	-20.866	1.8573	22.676	-32.689
-5.3532	-11.582	9.2285	1.3975	0.64642	3.4855	-1.924	-4.3107	0.83538	2.1289	-1.4299	0.0032015	1.5996	0.25945	-7.0497	-121.71	49.565	12.163	-87.259	41.568	59.911	-74.479	29.62	38.604	-16.112	37.633	-57.103	4.0295
-5.4744	-13.13	10.152	3.9324	-3.1607	4.3837	-1.8872	-3.2592	-0.032683	1.8423	-1.198	-0.1201	2.1847	-0.25932	-4.8497	-61.927	36.936	101.39	-152.28	35.928	1.4701	42.063	-34.723	-11.465	9.2755	-4.9321	23.404	-20.751
-5.6415	-15.16	11.763	0.41444	-2.0544	5.2226	-0.66658	-5.4315	0.56123	2.7317	-0.87291	-0.84688	1.6144	0.65168	-6.6853	-81.212	64.459	-140.72	44.25	33.557	48.827	-86.896	23.757	35.577	13.005	-29.071	-22.814	36.44
-5.8036	-17.606	12.159	1.551	-3.9754	5.2668	0.36934	-5.0505	0.45801	2.4662	0.38521	-2.926	1.7603	1.5774	-6.4812	-97.812	15.813	45.462	-76.84	1.7698	41.437	15.242	-4.1289	-10.622	50.325	-83.165	5.839	37.027
-6.039	-19.823	11.802	0.99692	-2.9564	6.6334	-0.25896	-5.2935	-0.26268	1.8965	1.6346	-1.1813	-0.058415	1.1033	-9.418	-88.681	-14.266	-22.163	40.762	54.66	-25.132	-9.7188	-28.827	-22.786	49.976	69.787	-72.75	-18.964
-6.1543	-21.969	11.765	1.938	-4.9248	7.0447	2.0004	-7.0383	-0.093084	2.7669	1.0454	-1.4816	0.7741	1.0282	-4.6116	-85.842	-1.4822	37.642	-78.737	16.453	90.376	-69.792	6.7838	34.817	-23.566	-12.012	33.301	-3.002
-6.2551	-22.393	12.198	1.4351	-3.5647	5.977	1.1553	-5.3775	-1.2999	2.7088	2.4373	-1.9982	-0.16266	0.94826	-4.0326	-16.971	17.33	-20.117	54.404	-42.708	-33.807	66.431	-48.274	-2.3249	55.672	-20.661	-37.471	-3.1982
-6.4172	-26.545	10.093	5.0916	-2.6285	4.5698	2.5666	-6.4393	-1.6224	2.2915	3.0177	-2.3161	0.20064	1.7839	-6.4833	-166.09	-84.194	146.26	37.45	-56.289	56.454	-42.472	-12.9	-16.691	23.219	-12.718	14.532	33.427
-6.5781	-29.411	9.2565	4.4008	-0.85861	6.6444	1.0107	-4.4415	-1.348	1.3537	2.2838	-1.9867	0.52924	1.3317	-6.4342	-114.65	-33.475	-27.633	70.794	82.984	-62.235	79.91	10.976	-37.514	-29.358	13.176	13.144	-18.089
-7.1536	-25.813	7.3669	2.9357	-1.2361	5.4381	2.5903	-3.6955	-0.88233	2.2579	1.9486	-1.3633	0.71481	1.0952	-23.022	143.92	-75.584	-58.603	-15.1	-48.252	63.183	29.841	18.629	36.17	-13.408	24.935	7.4225	-9.4597
