-2.3018	11.134	17.158	-5.3317	-8.7135	1.3528	-2.3147	2.1805	-0.72349	-0.65274	1.3104	0.0036054	0.62774	1.5314	0	0	0	0	0	0	0	0	0	0	0	0	0	0
-1.322	22.9	14.075	-8.2434	-7.5106	-0.66439	-3.115	3.3803	-0.72057	0.1503	0.28492	1.0662	0.4173	1.8897	39.192	470.63	-123.28	-116.47	48.116	-80.689	-32.014	47.993	0.1165	32.122	-41.02	42.504	-8.4176	14.333
-0.82466	31.366	10.092	-10.074	-5.6433	-3.6081	-2.4901	4.8501	-0.18619	1.0098	-0.94947	2.4016	-0.14693	1.4625	19.892	338.62	-159.34	-73.225	74.69	-117.75	24.997	58.793	21.375	34.38	-49.375	53.416	-22.569	-17.087
-0.49743	36.022	6.7912	-11.1	-4.6447	-5.7456	-1.1983	5.9158	-0.2377	1.166	-0.79237	2.5117	-0.81554	0.49181	13.089	186.23	-132.03	-41.043	39.946	-85.5	51.672	42.627	-2.0604	6.2478	6.284	4.4038	-26.744	-38.828
-0.33936	39.47	4.7307	-12.405	-4.0266	-7.3511	0.97313	4.9507	-0.20759	1.1029	-0.6663	2.3633	-0.84673	-0.54872	6.3227	137.95	-82.422	-52.21	24.724	-64.22	86.857	-38.604	1.2044	-2.5222	5.0426	-5.9366	-1.2475	-41.621
-0.29168	41.934	3.8912	-13.698	-3.3511	-7.6851	2.9877	3.5544	0.61945	0.62651	-0.69033	2.2233	-0.88331	-0.9358	1.9069	98.562	-33.578	-51.702	27.017	-13.359	80.584	-55.849	33.081	-19.057	-0.96107	-5.6002	-1.4633	-15.483
-0.45554	42.548	3.9496	-13.87	-3.2336	-6.5058	3.7061	2.7578	1.0014	0.44233	-0.49381	1.9423	-0.80944	-1.0964	-6.5541	24.548	2.333	-6.8986	4.7013	47.17	28.734	-31.867	15.28	-7.3671	7.8609	-11.24	2.9549	-6.4236
-0.93222	37.525	5.757	-13.166	-2.977	-5.0584	3.7385	1.6418	1.7613	0.061567	-0.02356	1.2026	-0.74608	-0.89346	-19.068	-200.93	72.298	28.189	10.262	57.899	1.2948	-44.64	30.393	-15.231	18.81	-29.588	2.534	8.1173
-1.8045	24.029	8.6197	-8.658	-4.4473	-1.6753	2.6317	0.084663	3.1432	0.42862	-0.28853	1.0605	-0.77444	-0.56192	-34.89	-539.82	114.51	180.31	-58.811	135.32	-44.271	-62.284	55.278	14.682	-10.599	-5.6837	-1.1343	13.262
-3.1103	10.314	7.3698	-2.7373	-3.3624	-0.089671	0.36551	0.41553	3.2457	1.8472	-0.41645	-0.17303	-0.16552	-0.64442	-52.233	-548.6	-49.996	236.83	43.398	63.426	-90.647	13.235	4.1003	56.743	-5.1171	-49.34	24.357	-3.3003
-4.9015	-4.7427	-1.4045	-0.18914	-0.44084	2.7801	2.2796	-0.77622	1.9489	3.3768	-0.53655	0.043517	-1.5075	0.86034	-71.649	-602.28	-350.97	101.93	116.86	114.79	76.563	-47.67	-51.873	61.185	-4.8037	8.6619	-53.677	60.191
-6.8376	-24.15	-18.088	-7.4594	-0.11273	5.6363	5.076	-0.19983	3.236	3.8352	-0.67668	0.058082	-0.22022	0.18417	-77.443	-776.29	-667.35	-290.81	13.124	114.25	111.86	23.056	51.484	18.334	-5.6053	0.58262	51.489	-27.047
-7.1445	-20.158	-24.383	-13.687	-1.6547	9.5975	0.14528	-3.4082	3.4656	3.9019	-0.85939	0.57693	-1.1307	-1.3461	-12.278	159.69	-251.8	-249.08	-61.679	158.45	-197.23	-128.33	9.1841	2.6678	-7.3082	20.754	-36.421	-61.209
-7.1331	-35.57	-19.98	-11.085	-5.7338	3.472	2.9366	-0.90865	1.9389	2.7982	-0.95594	0.68355	0.66074	1.2874	0.45875	-616.48	176.15	104.05	-163.16	-245.02	111.65	99.982	-61.068	-44.145	-3.8623	4.2648	71.659	105.34
-8.4417	-26.896	-22.352	-7.4601	-6.2127	0.78237	3.4365	-1.6293	0.26807	3.5655	0.89486	0.12767	0.88817	-0.010024	-52.347	346.96	-94.913	145	-19.158	-107.58	19.995	-28.825	-66.834	30.69	74.032	-22.236	9.0973	-51.896
-8.3984	-14.864	-24.567	-3.1615	-3.1752	0.29368	3.2062	-0.22618	0.90445	3.7052	1.6807	0.085521	0.70054	-0.76654	1.7328	481.27	-88.569	171.94	121.5	-19.548	-9.2144	56.124	25.455	5.5896	31.434	-1.6858	-7.5054	-30.261
-5.4101	-16.717	-6.1234	-1.4334	2.7881	2.5015	2.3142	2.9893	0.57944	-0.051839	1.61	-0.045814	-2.4505	-0.45604	119.53	-74.109	737.73	69.127	238.53	88.313	-35.678	128.62	-13	-150.28	-2.8281	-5.2534	-126.04	12.42
-4.2322	-1.7435	12.322	-1.8724	-2.1452	2.1449	-2.1499	3.2943	1.6364	-3.3592	2.0449	2.0552	-2.0322	-0.84957	47.116	598.92	737.8	-17.56	-197.33	-14.265	-178.57	12.199	42.277	-132.3	17.396	84.041	16.731	-15.741
-3.6998	-3.2611	13.924	-0.43753	-6.5433	2.094	1.4142	0.59354	0.18276	-2.1141	1.5624	1.6788	-1.0198	0.91405	21.293	-60.704	64.086	57.394	-175.92	-2.0362	142.56	-108.03	-58.144	49.806	-19.299	-15.057	40.496	70.545
-3.6239	-4.7115	13.449	0.25401	-8.4892	1.716	2.7987	1.4591	-1.5363	-2.9963	1.4384	2.2522	-1.4346	1.3124	3.036	-58.017	-19.006	27.662	-77.835	-15.118	55.383	34.624	-68.761	-35.287	-4.963	22.935	-16.59	15.934
-3.5569	-3.297	12.439	0.93782	-7.8576	0.2652	1.9849	2.656	-1.461	-3.6796	1.5123	1.3452	-0.90228	1.3544	2.6809	56.58	-40.386	27.352	25.266	-58.033	-32.553	47.874	3.0089	-27.332	2.9581	-36.28	21.292	1.6807
-3.3204	-2.4548	12.455	0.75712	-6.9343	0.11244	0.21043	3.7671	-1.1132	-3.3371	1.323	-0.13209	-0.19457	1.258	9.4601	33.687	0.62814	-7.228	36.93	-6.1105	-70.979	44.443	13.915	13.699	-7.5723	-59.09	28.309	-3.8556
-3.144	0.021169	12.918	-0.26787	-6.3355	-1.1081	0.65396	3.7313	-0.93416	-3.2142	0.68311	0.79961	-1.6871	2.1869	7.0564	99.038	18.52	-41	23.952	-48.821	17.742	-1.4319	7.1603	4.9164	-25.595	37.268	-59.702	37.154
-3.0179	2.3488	12.868	-0.36576	-6.6259	-1.9128	2.3768	2.4047	-0.67695	-3.2839	1.2035	0.56006	-2.2245	2.9832	5.0435	93.106	-2.0039	-3.9157	-11.616	-32.187	68.915	-53.064	10.289	-2.7882	20.815	-9.5817	-21.493	31.853
-2.8653	3.7577	13.625	-1.882	-7.4244	-0.94554	2.3416	1.8637	-1.4245	-3.3716	2.3802	-0.086714	-2.5279	3.5098	6.106	56.357	30.315	-60.65	-31.939	38.689	-1.4116	-21.641	-29.902	-3.5057	47.069	-25.871	-12.139	21.063
-2.6568	6.3804	14.149	-3.6253	-7.8492	-0.19876	2.9221	0.45094	-1.9262	-2.2042	2.8076	-0.50106	-2.4947	3.7034	8.3403	104.91	20.954	-69.733	-16.992	29.871	23.22	-56.509	-20.067	46.695	17.095	-16.574	1.3315	7.7432
-2.3948	10.171	14.228	-5.7334	-8.0002	0.81671	2.0514	-0.359	-1.6136	-1.3348	2.2675	-0.85318	-1.036	3.1985	10.479	151.6	3.1626	-84.323	-6.0398	40.619	-34.827	-32.398	12.502	34.774	-21.603	-14.085	58.346	-20.194
-2.0952	16.789	12.77	-7.9513	-6.4644	0.85448	0.102	-0.118	-0.72042	-0.58544	1.3919	-1.0272	0.70741	2.8956	11.985	264.75	-58.336	-88.716	61.431	1.5108	-77.976	9.6399	35.728	29.975	-35.025	-6.9595	69.737	-12.118
-1.7531	24.213	9.7938	-8.4921	-4.6209	-0.6345	-1.7632	1.501	-0.33269	-0.066217	0.22092	0.74434	0.73678	2.2905	13.684	296.95	-119.04	-21.632	73.743	-59.559	-74.607	64.76	15.509	20.769	-46.839	70.86	1.1747	-24.201
-1.3685	28.458	7.8406	-8.0306	-3.6273	-2.5508	-2.2954	3.4063	-0.56292	0.015053	-0.050912	2.2068	0.40557	1.0467	15.382	169.81	-78.13	18.46	39.741	-76.652	-21.288	76.212	-9.2093	3.2508	-10.873	58.498	-13.248	-49.752
-1.1319	30.112	7.2733	-8.0333	-2.5338	-5.1836	-1.7951	5.1772	-1.5745	0.29545	0.079573	2.8965	-0.16017	0.46261	9.4651	66.133	-22.69	-0.10787	43.74	-105.31	20.011	70.836	-40.463	11.216	5.2194	27.59	-22.63	-23.365
-0.97595	32.958	5.5664	-6.5247	-2.3697	-7.4657	-0.010675	5.3866	-1.9201	0.61768	-0.085466	3.0529	0.034258	-0.11103	6.2376	113.84	-68.279	60.346	6.5647	-91.285	71.377	8.3748	-13.823	12.889	-6.6015	6.2529	7.7772	-22.946
-0.95918	34.951	3.1963	-4.9626	-2.9452	-9.5907	1.3639	4.977	-2.0031	0.38724	-0.48499	3.4104	0.022619	-0.20894	0.67074	79.734	-94.802	62.484	-23.019	-85.002	54.982	-16.38	-3.3198	-9.2173	-15.981	14.302	-0.46554	-3.9162
-1.0093	33.939	2.6807	-2.0643	-4.1512	-10.251	2.4343	4.4876	-1.1654	-0.44371	0.2303	2.8407	0.10947	0.17243	-2.0052	-40.497	-20.624	115.93	-48.242	-26.409	42.818	-19.58	33.506	-33.238	28.611	-22.79	3.4741	15.255
-1.1185	32.67	2.084	-1.1886	-3.7933	-11.265	2.6676	3.6633	-0.47491	-1.0414	0.96725	1.9122	-0.064962	0.54266	-4.3669	-50.734	-23.867	35.029	14.319	-40.556	9.3318	-32.97	27.621	-23.908	29.478	-37.137	-6.9773	14.809
-1.2703	29.97	2.1443	0.23671	-4.1031	-11.6	2.6864	3.0271	-0.14727	-0.85877	1.1758	0.60215	0.38642	0.79357	-6.072	-108.03	2.4121	57.012	-12.393	-13.393	0.7534	-25.447	13.106	7.305	8.3438	-52.404	18.055	10.036
-1.4229	26.641	2.7238	1.546	-3.7997	-12.327	2.9246	3.0595	-0.27747	-0.40644	1.2246	-0.50449	0.57846	1.1234	-6.1056	-133.13	23.18	52.373	12.136	-29.1	9.5277	1.2967	-5.2082	18.093	1.951	-44.265	7.6814	13.192
-1.5391	23.236	3.8828	1.598	-3.0465	-13.24	3.3336	2.659	-0.023132	-0.042779	0.98396	-1.3535	0.76173	1.3224	-4.6472	-136.2	46.359	2.0776	30.129	-36.515	16.36	-16.021	10.174	14.546	-9.6264	-33.961	7.3309	7.9609
-1.6631	19.234	5.3868	2.4468	-3.1125	-14.044	3.7285	2.9006	-0.45694	1.1483	0.24476	-2.1711	1.0375	1.5198	-4.9595	-160.09	60.161	33.954	-2.641	-32.171	15.795	9.6627	-17.352	47.643	-29.568	-32.704	11.032	7.8948
-1.9031	13.302	7.5053	3.2814	-2.4753	-14.319	3.2941	2.6218	-0.27059	2.0882	0.061079	-2.9263	0.91818	1.3681	-9.6007	-237.28	84.739	33.384	25.488	-10.981	-17.376	-11.151	7.4541	37.597	-7.3471	-30.206	-4.7742	-6.0669
-2.3661	6.1912	9.1547	4.5074	-1.7817	-13.042	2.8467	1.2471	0.0081709	2.842	0.08853	-3.1474	0.65712	1.1987	-18.52	-284.42	65.977	49.04	27.746	51.093	-17.895	-54.987	11.15	30.151	1.098	-8.8448	-10.442	-6.7753
-3.1242	-2.3339	9.6603	6.0496	-2.65	-9.5807	2.807	0.11612	0.1629	2.8223	-0.43516	-2.5073	0.42992	0.12934	-30.322	-341	20.223	61.686	-34.734	138.43	-1.589	-45.24	6.1893	-0.78667	-20.947	25.603	-9.0881	-42.775
-4.0982	-11.725	9.8758	4.4855	-3.3048	-2.4162	1.4357	0.24557	0.16446	1.3783	-1.314	-1.2568	0.52721	-1.4163	-38.96	-375.66	8.6214	-62.563	-26.189	286.58	-54.853	5.1778	0.062336	-57.763	-35.155	50.019	3.8915	-61.824
-4.6727	-16.22	4.8163	8.2867	-1.0278	1.0845	1.3297	-0.66104	0.77734	-2.4343	-1.4244	-0.27302	0.44372	-0.64967	-22.983	-179.79	-202.38	152.05	91.08	140.03	-4.2411	-36.264	24.515	-152.5	-4.4166	39.353	-3.3394	30.664
-4.6369	-18.225	7.2289	6.3257	-0.86513	1.641	1.5364	-1.1899	0.19689	-1.9547	-1.8194	1.6329	-0.052493	-1.6964	1.4319	-80.197	96.503	-78.44	6.5059	22.261	8.2709	-21.153	-23.218	19.184	-15.798	76.236	-19.849	-41.871
-4.6204	-20.778	9.093	6.0085	-0.57494	2.4261	-0.061877	-0.3147	-0.40534	-1.1118	-2.0292	2.2675	0.43064	-3.0023	0.66165	-102.11	74.564	-12.688	11.608	31.404	-63.933	35.006	-24.09	33.717	-8.3915	25.384	19.325	-52.234
-4.6188	-21.54	9.1733	6.3634	-0.88111	3.4445	-0.51892	-0.38893	-0.63097	-0.75103	-1.0355	0.96716	0.96307	-3.5625	0.064828	-30.491	3.213	14.195	-12.247	40.734	-18.282	-2.9689	-9.0249	14.431	39.748	-52.012	21.297	-22.408
-4.6242	-22.98	9.2645	7.0215	-1.5593	5.3089	-1.228	-0.88827	-0.52943	0.072017	-1.5519	0.58993	1.0464	-3.2379	-0.21495	-57.585	3.6491	26.323	-27.13	74.576	-28.363	-19.974	4.0613	32.922	-20.657	-15.089	3.3339	12.984
-4.6126	-21.996	7.412	8.8821	-2.56	6.7753	-1.5683	-1.2679	-0.60373	0.07987	-1.6006	0.37463	1.3705	-2.6282	0.46129	39.342	-74.103	74.427	-40.028	58.659	-13.61	-15.186	-2.972	0.31414	-1.9502	-8.6117	12.961	24.389
-3.9599	-12.978	7.6159	2.2171	1.4264	6.5199	-2.4149	-2.0021	-0.56494	-0.76515	-0.4278	0.40396	0.95848	-1.6548	26.111	360.72	8.1564	-266.6	159.46	-10.217	-33.867	-29.367	1.5517	-33.801	46.914	1.1732	-16.479	38.933
-3.4902	3.1107	5.4547	-0.027372	7.9169	2.038	-4.3365	-2.7544	0.21808	1.1401	-4.2556	2.2744	0.45326	-1.5927	18.788	643.55	-86.447	-89.78	259.62	-179.27	-76.864	-30.094	31.321	76.208	-153.11	74.817	-20.209	2.4847
-3.1893	-0.25585	1.6597	3.9147	11.295	-2.902	-3.3833	-1.2026	1.0153	0.37525	-5.4912	2.2777	0.36676	-0.52373	12.035	-134.66	-151.8	157.68	135.11	-197.6	38.131	62.072	31.89	-30.592	-49.424	0.13113	-3.4602	42.76
-3.1961	-1.7285	1.4702	5.3976	10.701	-3.2516	-2.1164	-2.0114	1.2647	-0.48742	-5.3695	2.4836	0.54882	-0.63335	-0.27261	-58.907	-7.5805	59.315	-23.746	-13.983	50.674	-32.348	9.9736	-34.507	4.8696	8.2368	7.2825	-4.3847
-3.1491	0.55738	-0.32433	4.9784	12.483	-3.9374	-2.5191	-1.0185	0.38945	-1.13	-4.476	2.3641	-0.34917	0.11313	1.8807	91.436	-71.779	-16.769	71.298	-27.431	-16.109	39.712	-35.009	-25.703	35.738	-4.7805	-35.92	29.859
-3.0657	0.45033	-0.45302	5.7158	11.395	-3.2608	-2.5382	-1.7734	0.78603	-1.1674	-4.8789	3.1038	-1.1652	0.081848	3.3367	-4.2818	-5.1477	29.498	-43.521	27.063	-0.76282	-30.196	15.863	-1.4978	-16.116	29.589	-32.643	-1.2511
-2.9533	1.006	0.30668	5.2432	9.978	-1.3659	-3.184	-2.1906	1.6432	-2.149	-4.4735	3.3453	-1.5244	-0.24996	4.4953	22.226	30.388	-18.907	-56.695	75.795	-25.83	-16.687	34.285	-39.263	16.214	9.658	-14.365	-13.272
-2.8741	2.4621	1.3488	4.5091	9.4494	-1.1394	-2.5799	-2.7954	2.2168	-2.2155	-4.8588	3.5999	-1.4169	-0.055093	3.168	58.243	41.683	-29.363	-21.144	9.0598	24.16	-24.189	22.946	-2.6573	-15.409	10.186	4.2974	7.7948
-2.8433	3.4965	2.4523	3.6391	8.9192	-0.089309	-2.8581	-3.1246	2.4084	-1.1827	-5.3823	3.4096	-1.6887	0.51511	1.2334	41.379	44.14	-34.798	-21.207	42.004	-11.127	-13.17	7.6625	41.31	-20.942	-7.6106	-10.87	22.808
-2.8866	4.6103	1.6434	4.9026	7.9533	0.4284	-2.5976	-2.8603	1.6304	0.69025	-5.8562	1.945	-0.96067	1.0383	-1.7345	44.553	-32.357	50.539	-38.638	20.708	10.421	10.571	-31.121	74.918	-18.955	-58.587	29.121	20.93
-3.1086	2.8575	0.52172	8.2877	5.609	1.3323	-1.6518	-3.0203	1.2511	0.6827	-3.6554	-0.27772	-0.85047	1.3529	-8.8806	-70.112	-44.865	135.4	-93.771	36.157	37.83	-6.3993	-15.17	-0.30202	88.031	-88.907	4.4079	12.582
-3.622	-0.11928	-2.078	10.549	5.2188	3.2205	-1.5288	-2.9875	1.3365	-0.41073	-0.30484	-2.6932	-0.87577	1.4981	-20.533	-119.07	-103.99	90.466	-15.609	75.528	4.9232	1.3133	3.4169	-43.737	134.02	-96.618	-1.0121	5.8093
-4.5052	-0.041561	-9.8153	15.531	2.3117	3.7226	0.5868	-3.4915	2.1665	-1.3121	1.4063	-3.9608	0.086107	1.3638	-35.329	3.1087	-309.49	199.27	-116.28	20.082	84.623	-20.16	33.199	-36.056	68.444	-50.703	38.475	-5.3723
-5.2989	-3.0147	-17.545	16.305	-1.4677	3.9494	1.1162	-1.8726	2.1929	-0.58937	2.3704	-3.2038	0.56985	-0.41322	-31.747	-118.93	-309.19	30.964	-151.17	9.072	21.175	64.756	1.0546	28.911	38.564	30.277	19.35	-71.082
-5.4447	-3.0604	-25.856	11.676	-6.5665	4.1628	-0.049918	0.35165	4.4385	0.15578	3.177	-2.2777	3.38	-0.79904	-5.8322	-1.8281	-332.44	-185.15	-203.95	8.5383	-46.644	88.97	89.824	29.806	32.266	37.045	112.4	-15.433
-5.3017	-3.4611	-26.81	5.8211	-9.8696	2.4862	-0.76719	-0.43705	4.3956	2.4261	2.8686	-1.8902	3.4869	0.81785	5.7173	-16.027	-38.164	-234.21	-132.12	-67.064	-28.691	-31.548	-1.7137	90.812	-12.336	15.503	4.2795	64.675
-5.7772	-4.0867	-27.492	7.4046	-7.9804	2.3305	-1.4406	0.15195	2.7433	-0.52208	1.3359	-3.3097	0.96401	-1.6158	-19.018	-25.025	-27.283	63.34	75.57	-6.2292	-26.938	23.56	-66.095	-117.93	-61.309	-56.781	-100.92	-97.347
-5.9704	-3.1426	-25.845	7.1767	-6.9492	1.6164	-0.17437	0.62627	3.0661	-0.097692	1.5647	-2.8387	0.15766	-0.59731	-7.73	37.763	65.898	-9.1192	41.246	-28.564	50.65	18.973	12.912	16.975	9.1536	18.839	-32.254	40.741
-6.656	-4.6459	-26.202	5.6095	-2.7939	3.7989	-0.93934	0.6916	2.2564	-1.5433	0.79698	-2.9246	0.90907	-0.60247	-27.424	-60.13	-14.303	-62.688	166.21	87.3	-30.599	2.6131	-32.388	-57.823	-30.71	-3.436	30.056	-0.20647
-6.9767	-6.4822	-20.627	5.9252	-1.0157	2.2277	-1.3303	-0.72144	1.8757	-0.33205	3.7696	-2.3799	1.9403	0.97816	-12.826	-73.454	223.01	12.629	71.125	-62.849	-15.638	-56.522	-15.224	48.448	118.91	21.788	41.248	63.225
-4.4795	-1.1086	-6.0553	8.7762	2.5081	4.3759	-0.93219	-1.3816	1.6061	-1.0403	1.436	-2.4467	1.4311	0.82102	99.888	214.95	582.86	114.04	140.95	85.928	15.924	-26.408	-10.785	-28.33	-93.346	-2.6719	-20.368	-6.2857
-3.6758	15.662	-0.32386	2.2771	5.4641	0.73487	-2.3156	-3.8798	0.62931	-0.34155	-0.45131	-1.105	-0.89602	1.9849	32.147	670.83	229.26	-259.96	118.24	-145.64	-55.338	-99.928	-39.072	27.951	-75.491	53.669	-93.084	46.557
-3.348	14.411	-0.68928	0.32025	5.6739	1.0656	-3.6826	-3.1645	0.88251	-0.58808	-1.2231	0.10493	-0.687	0.57253	13.111	-50.043	-14.617	-78.274	8.3926	13.23	-54.678	28.615	10.128	-9.8614	-30.873	48.397	8.3607	-56.496
-3.5967	15.322	-3.1461	-0.57	8.9507	-0.78263	-3.2056	-3.493	2.153	-1.6981	-1.9088	0.94754	-0.9647	-0.083587	-9.9465	36.43	-98.274	-35.61	131.07	-73.93	19.081	-13.142	50.819	-44.402	-27.426	33.704	-11.108	-26.245
-4.1872	10.234	-4.3774	0.046225	10.634	-1.1627	-3.227	-3.2336	3.5923	-2.7468	-2.498	1.4921	-1.3843	-0.94084	-23.62	-203.51	-49.25	24.649	67.348	-15.201	-0.85998	10.375	57.571	-41.946	-23.569	21.782	-16.784	-34.29
-5.1728	-8.6791	-4.6146	3.8278	10.453	0.47383	-4.9272	-2.2245	4.4847	-3.5296	-2.7893	0.94299	-1.1491	-1.725	-39.424	-756.53	-9.4872	151.26	-7.2485	65.459	-68.006	40.364	35.697	-31.315	-11.649	-21.965	9.4086	-31.366
-6.7623	-28.396	-8.3083	9.0974	9.9692	1.1949	-1.5742	-1.8759	2.6195	-2.4249	-0.12506	-0.17083	1.2056	-1.0572	-63.582	-788.69	-147.75	210.78	-19.358	28.842	134.12	13.944	-74.608	44.188	106.57	-44.553	94.188	26.712
-8.5731	-40.576	-17.296	5.7862	11.343	4.3158	1.1117	-0.58908	1.5166	-4.7151	-0.81844	1.5638	2.972	-1.451	-72.43	-487.17	-359.52	-132.45	54.966	124.84	107.44	51.474	-44.116	-91.608	-27.735	69.386	70.654	-15.752
-9.4994	-47.612	-29.844	-0.30757	8.3733	2.6206	0.81645	0.74585	4.3724	-3.4695	1.2221	1.3365	2.2272	-1.4588	-37.054	-281.44	-501.9	-243.75	-118.8	-67.808	-11.811	53.397	114.23	49.826	81.623	-9.0948	-29.792	-0.31247
-8.747	-35.941	-28.905	-0.34668	7.2446	-0.30916	0.31852	0.52666	4.8641	-0.90048	1.4817	0.074156	1.0398	-1.3871	30.098	466.84	37.561	-1.5644	-45.151	-117.19	-19.917	-8.7676	19.671	102.76	10.382	-50.492	-47.496	2.8671
-7.498	-9.346	-19.039	1.1186	1.597	-3.1795	-1.1267	-0.89155	4.0391	-1.8453	3.0893	0.18542	1.5848	-0.75656	49.959	1063.8	394.62	58.612	-225.9	-114.81	-57.808	-56.728	-33.004	-37.794	64.307	4.4506	21.801	25.223
-7.2989	-8.6964	-20.107	1.6428	4.591	-5.287	-4.5252	-0.92185	6.3089	-2.304	1.9807	1.2614	2.4975	-0.9858	7.9651	25.984	-42.692	20.967	119.76	-84.297	-135.94	-1.2121	90.795	-18.346	-44.345	43.04	36.509	-9.1696
-7.6709	-16.577	-16.697	-0.62407	5.264	-2.5955	-2.7825	-1.5737	3.717	-1.3352	-0.14324	0.038245	2.001	0.3871	-14.882	-315.23	136.39	-90.674	26.924	107.66	69.705	-26.073	-103.68	38.751	-84.959	-48.927	-19.861	54.916
-7.7883	-16.099	-12.722	-3.1702	2.3546	-2.7602	-2.4405	-1.1467	1.989	-0.29839	-0.58306	0.12606	-0.76706	0.60049	-4.6938	19.111	159.01	-101.85	-116.38	-6.59	13.681	17.079	-69.118	41.474	-17.593	3.5125	-110.72	8.5354
-7.3982	-11.107	-13.642	-5.7742	2.1509	-3.1791	-2.3895	0.28755	4.7011	-0.33579	0.88247	0.81263	-0.015114	0.8815	15.603	199.71	-36.815	-104.16	-8.1469	-16.756	2.0398	57.37	108.49	-1.4961	58.621	27.463	30.078	11.241
-7.217	-9.7565	-18.43	-6.8338	1.082	-3.559	-2.2762	-0.24365	8.2938	2.4105	0.77212	-0.36415	-0.7116	0.34246	7.247	54.009	-191.54	-42.386	-42.758	-15.194	4.531	-21.248	143.71	109.85	-4.414	-47.071	-27.859	-21.562
-7.1757	-9.7989	-15.75	-7.8674	0.50349	-1.7294	0.57525	1.5441	6.3887	1.8834	0.35944	-0.034763	0.1135	0.34926	1.6527	-1.6965	107.23	-41.343	-23.14	73.185	114.06	71.511	-76.205	-21.085	-16.507	13.175	33.004	0.27219
-6.9954	-9.456	-10.761	-6.9471	1.8263	3.1316	0.47996	0.51757	7.5851	3.2838	0.91216	-0.23235	-0.6245	2.3408	7.2144	13.718	199.56	36.811	52.912	194.44	-3.8116	-41.063	47.854	56.014	22.109	-7.9033	-29.52	79.66
-4.526	-3.2416	0.74541	-0.67443	1.6598	2.2258	0.23756	0.95354	3.5691	3.4843	0.37675	-1.22	-1.1724	1.5227	98.773	248.57	460.25	250.91	-6.6583	-36.233	-9.6959	17.439	-160.64	8.0235	-21.416	-39.504	-21.914	-32.724
-2.8296	19.215	7.8526	-3.6858	-2.7416	0.40983	-1.9283	-0.057507	2.6643	3.4751	0.59688	-0.60234	-2.7247	1.8426	67.855	898.25	284.29	-120.46	-176.05	-72.638	-86.636	-40.442	-36.193	-0.37095	8.8051	24.705	-62.095	12.796
-1.8514	31.798	3.7717	-7.5153	-1.8494	-2.3334	-1.5037	-0.099702	0.93073	3.2006	0.75281	-0.0070922	-2.8859	0.89943	39.13	503.35	-163.23	-153.18	35.685	-109.73	16.987	-1.6878	-69.342	-10.977	6.2373	23.81	-6.4468	-37.726
-1.5024	38.769	2.5597	-9.8251	-0.26962	-4.1921	-1.1633	-0.22421	0.27331	3.3953	1.5264	0.031247	-3.0385	0.82282	13.961	278.83	-48.481	-92.391	63.193	-74.349	13.615	-4.9804	-26.297	7.7867	30.944	1.5336	-6.1033	-3.0643
-1.3562	41.665	0.41729	-8.6741	-0.77942	-4.8125	-0.35176	-0.82288	0.2097	2.5235	2.3462	0.46325	-3.8693	1.3522	5.8469	115.86	-85.696	46.04	-20.392	-24.816	32.461	-23.947	-2.5444	-34.874	32.791	17.28	-33.231	21.175
-1.4085	40.037	0.68676	-6.3512	-1.5839	-4.3013	0.1462	-1.1835	-0.15778	1.2771	3.2343	0.83898	-3.9935	1.7801	-2.0925	-65.135	10.779	92.916	-32.179	20.449	19.918	-14.427	-14.699	-49.855	35.524	15.029	-4.969	17.116
-1.6923	35.217	1.2951	-4.2588	-1.5697	-3.4156	0.39176	-1.2715	-1.1362	0.24681	3.4098	1.0085	-4.2807	2.4387	-11.353	-192.8	24.333	83.695	0.56634	35.428	9.8221	-3.5179	-39.137	-41.212	7.0206	6.7792	-11.488	26.343
-2.5352	22.148	3.4844	0.51844	-3.5461	-0.29064	0.32349	-1.0918	-2.1868	-1.4009	3.7545	-0.14533	-3.0294	1.9465	-33.716	-522.77	87.573	191.09	-79.057	125	-2.7305	7.1862	-42.025	-65.909	13.787	-46.152	50.05	-19.687
-3.6869	4.8944	-0.80669	10.481	-5.9745	1.6819	1.3727	-0.0014824	-4.3361	-0.4217	2.2608	-1.1042	-0.19414	0.24467	-46.066	-690.14	-171.64	398.49	-97.136	78.904	41.97	43.614	-85.971	39.169	-59.747	-38.355	113.41	-68.074
-5.1918	-6.6871	-13.847	16.563	-1.6564	1.7198	-0.77783	0.31814	-2.4425	0.96557	0.12731	-0.080846	1.7678	-0.14712	-60.198	-463.26	-521.63	243.29	172.73	1.5147	-86.023	12.785	75.744	55.491	-85.339	40.935	78.476	-15.672
-6.0804	-11.468	-26.369	12.195	-3.5033	4.0072	0.85481	2.2663	0.98656	0.70331	0.17189	-1.7544	0.87827	0.083337	-35.544	-191.24	-500.88	-174.71	-73.875	91.495	65.306	77.927	137.16	-10.49	1.783	-66.944	-35.58	9.2184
-5.5386	-11.004	-32.678	9.7062	-4.3937	3.4057	0.74582	2.1784	-0.11457	-0.30766	0.956	-0.41808	1.7388	-0.63226	21.671	18.568	-252.35	-99.563	-35.618	-24.061	-4.3594	-3.5184	-44.045	-40.439	31.365	53.454	34.423	-28.624
-5.4773	-7.3378	-32.942	9.6453	-5.9314	3.262	2.2614	0.27015	-0.37615	0.29435	1.8209	0.37937	1.5034	-0.94041	2.4536	146.64	-10.558	-2.4367	-61.509	-5.7472	60.622	-76.329	-10.463	24.081	34.594	31.898	-9.4189	-12.326
-5.7513	-5.4346	-27.894	9.3325	-6.6933	2.3387	1.5005	-0.46035	0.9191	1.5008	3.7511	0.24854	2.1559	-0.98668	-10.961	76.131	201.91	-12.513	-30.476	-36.931	-30.435	-29.22	51.81	48.26	77.21	-5.2331	26.101	-1.8506
-5.5296	0.93583	-18.083	13.629	-2.8216	2.675	2.5521	-0.99956	2.3703	-0.57259	2.4474	-2.1972	0.47534	0.39966	8.8683	254.82	392.46	171.86	154.87	13.453	42.065	-21.568	58.047	-82.937	-52.15	-97.83	-67.222	55.453
-4.1215	15.88	-5.838	6.2877	-2.07	1.4192	0.84909	-3.3437	-0.15331	-1.3158	3.9427	-2.2391	-0.62926	0.85616	56.325	597.78	489.8	-293.66	30.064	-50.235	-68.121	-93.767	-100.94	-29.727	59.815	-1.6739	-44.184	18.26
-3.5699	19.597	-2.5726	-1.4105	4.6229	-0.94333	0.4289	-4.8081	-0.39412	-0.14995	0.048237	0.56438	-1.8992	0.89879	22.063	148.69	130.62	-307.93	267.72	-94.5	-16.808	-58.576	-9.6323	46.632	-155.78	112.14	-50.798	1.7052
-3.7097	21.988	-5.6758	-1.5995	6.7448	-0.40162	-0.3936	-5.6285	0.85776	0.60942	-1.6026	0.58846	-1.1458	-0.39058	-5.5899	95.625	-124.13	-7.5602	84.877	21.668	-32.9	-32.814	50.075	30.375	-66.034	0.96303	30.136	-51.575
-4.5278	5.6344	-2.1667	-3.9962	9.7794	0.050527	-0.79328	-4.4241	0.61975	1.9733	-3.3584	0.6414	-0.4127	-1.507	-32.726	-654.15	140.37	-95.867	121.38	18.086	-15.987	48.175	-9.5202	54.557	-70.23	2.1179	29.325	-44.658
-5.7501	-12.896	-2.5849	-2.1292	9.5162	1.7233	-1.7708	-1.8592	-0.46771	2.0682	-2.8981	-0.11251	0.5172	-2.7009	-48.889	-741.23	-16.729	74.682	-10.529	66.909	-39.099	102.6	-43.499	3.793	18.413	-30.156	37.196	-47.755
-7.0645	-22.829	-6.5494	2.6898	5.6461	4.514	-2.9479	0.24672	-1.0777	1.51	-2.8519	-1.1493	0.91525	-1.3547	-52.579	-397.31	-158.58	192.76	-154.8	111.63	-47.084	84.237	-24.401	-22.327	1.8467	-41.47	15.922	53.849
-7.7713	-32.391	-3.9329	2.6691	5.9828	4.3654	-2.6563	0.34648	-1.8117	1.1842	-1.4727	-1.314	0.014236	-1.5304	-28.269	-382.46	104.66	-0.82612	13.468	-5.9449	11.663	3.9908	-29.36	-13.034	55.169	-6.5884	-36.041	-7.0283
-7.6467	-36.171	-1.9148	5.0825	3.0279	5.2665	-1.2244	0.17301	-2.5636	-1.2174	0.49088	-0.96738	0.13501	-1.4084	4.9834	-151.21	80.725	96.537	-118.2	36.045	57.274	-6.9389	-30.076	-96.064	78.542	13.864	4.8309	4.8795
-7.3804	-39.648	2.1366	7.4505	1.4498	4.1842	-0.74185	1.6941	-2.0328	-3.6758	-0.14197	0.29091	0.47438	-1.5903	10.651	-139.08	162.06	94.716	-63.121	-43.29	19.303	60.842	21.232	-98.336	-25.314	50.331	13.575	-7.2773
-7.0778	-42.233	3.3776	9.8181	-0.25244	4.0875	1.6953	0.96067	-1.3487	-3.7699	-0.37364	-0.48443	2.0713	0.019331	12.104	-103.38	49.64	94.705	-68.091	-3.8698	97.484	-29.335	27.364	-3.7607	-9.2668	-31.013	63.879	64.387
-5.7164	-24.798	7.9336	2.834	-3.3653	5.0625	1.5056	1.1305	-0.21967	-2.4673	-0.53037	0.095705	1.7556	-1.162	54.458	697.38	182.24	-279.36	-124.51	39.001	-7.5856	6.7924	45.163	52.103	-6.2692	23.205	-12.632	-47.252
-4.2292	-6.7591	13.311	-1.1679	-4.7277	4.512	-1.6016	0.89654	1.7919	-3.1417	-1.2783	0.17445	1.4015	-0.58929	59.488	721.56	215.1	-160.07	-54.495	-22.021	-124.29	-9.3575	80.464	-26.978	-29.917	3.15	-14.161	22.907
-3.2604	-0.47137	15.157	-4.6988	-3.7614	4.3612	-2.8292	0.58436	0.15395	-2.8793	-0.98283	0.40342	2.1897	-0.7034	38.752	251.51	73.824	-141.24	38.651	-6.031	-49.104	-12.488	-65.519	10.5	11.818	9.1584	31.527	-4.5642
-2.5316	6.6693	15.652	-7.1393	-3.8299	3.6003	-2.5685	0.95271	-1.2144	-2.9811	0.12668	0.086104	1.8291	-0.47066	29.151	285.63	19.804	-97.619	-2.7391	-30.438	10.425	14.734	-54.735	-4.0756	44.38	-12.692	-14.423	9.3093
-2.1262	13.954	15.283	-9.0433	-3.0778	2.8419	-3.1406	1.0557	-2.8064	-1.6449	0.88599	-0.14643	1.6002	0.22126	16.215	291.4	-14.755	-76.158	30.084	-30.337	-22.881	4.119	-63.68	53.451	30.372	-9.3014	-9.1571	27.677
-1.7799	20.307	13.253	-10.645	-2.144	1.3052	-2.6244	0.34756	-3.4454	-0.39142	1.6127	0.10591	0.69209	0.84744	13.853	254.13	-81.193	-64.083	37.351	-61.467	20.648	-28.325	-25.561	50.138	29.068	10.094	-36.324	25.047
-1.5966	25.125	11.691	-11.804	-0.4635	0.51006	-1.7341	-0.30389	-3.7016	1.2913	1.7907	0.10413	0.68162	0.41563	7.3327	192.68	-62.486	-46.343	67.219	-31.805	35.612	-26.058	-10.248	67.307	7.122	-0.071276	-0.4188	-17.272
-1.4924	28.364	9.2928	-12.189	1.3491	-1.7019	-0.63866	-1.7995	-3.1792	2.4202	1.6938	-0.29099	0.49657	-0.051585	4.1668	129.58	-95.93	-15.402	72.505	-88.48	43.817	-59.823	20.898	45.158	-3.8786	-15.805	-7.4018	-18.689
-1.5765	33.637	6.3969	-12.523	2.7284	-2.4922	-0.01305	-3.7087	-1.8651	3.4621	0.80953	-0.34802	0.33636	-0.54293	-3.3613	210.92	-115.84	-13.351	55.172	-31.609	25.024	-76.369	52.562	41.676	-35.369	-2.2811	-6.4084	-19.654
-1.7102	35.974	4.6661	-12.47	4.6097	-2.7847	-0.51508	-4.6217	-1.108	4.2798	-0.82079	0.069015	0.40086	-0.74434	-5.3508	93.479	-69.233	2.1201	75.251	-11.703	-20.081	-36.521	30.285	32.709	-65.213	16.681	2.5799	-8.0564
-1.7403	37.408	1.4181	-10.722	6.0843	-2.9818	-0.86723	-5.239	-0.60486	4.5384	-2.3059	0.73434	0.046811	-0.33689	-1.2027	57.359	-129.92	69.926	58.984	-7.8826	-14.086	-24.692	20.126	10.343	-59.406	26.613	-14.162	16.298
-1.8879	33.658	0.74724	-9.9592	7.6238	-2.9814	-1.0861	-6.4859	0.10588	4.1736	-3.8458	1.1746	0.072391	0.64604	-5.9057	-150	-26.836	30.494	61.58	0.017666	-8.7563	-49.877	28.43	-14.591	-61.595	17.61	1.0232	39.317
-2.4187	25.704	0.77838	-8.3057	9.0812	-2.5201	-1.3303	-6.7832	0.31623	3.3137	-4.6537	0.71492	1.3797	-0.015375	-21.232	-318.16	1.2458	66.142	58.297	18.449	-9.7658	-11.89	8.4138	-34.397	-32.316	-18.387	52.292	-26.457
-3.1697	12.327	2.6077	-6.4314	8.9988	-0.055847	-3.4896	-5.5782	-0.18279	3.0058	-4.3922	-0.262	1.9424	-0.91667	-30.037	-535.07	73.173	74.973	-3.2963	98.571	-86.374	48.199	-19.961	-12.317	10.459	-39.077	22.509	-36.052
-4.0614	10.89	1.4097	-7.9281	9.0486	1.102	-4.1172	-4.1594	-0.68848	2.4065	-4.4124	-1.7478	1.3944	-1.2338	-35.67	-57.49	-47.921	-59.871	1.9907	46.314	-25.102	56.75	-20.228	-23.97	-0.8061	-59.433	-21.919	-12.687
-4.5938	-4.4593	4.5838	-5.4357	5.1046	5.7265	-4.3162	-2.5064	-1.0815	-1.4109	-0.80238	-1.6068	0.039254	-0.86884	-21.295	-613.98	126.97	99.698	-157.76	184.98	-7.9596	66.122	-15.721	-152.7	144.4	5.643	-54.207	14.6
-5.5779	-21.241	3.5761	-3.2622	4.5311	7.8051	-4.3775	-2.676	-1.3797	-2.205	-0.43897	-1.4326	-0.29872	-1.1206	-39.366	-671.28	-40.312	86.941	-22.939	83.144	-2.4519	-6.7849	-11.927	-31.762	14.536	6.9655	-13.519	-10.07
-7.3251	-32.54	6.444	2.0673	-1.7074	6.4202	0.47295	-0.39338	-0.7095	-2.2832	-0.33588	-1.3207	0.099459	-2.8008	-69.885	-451.94	114.72	213.18	-249.54	-55.398	194.02	91.305	26.807	-3.1284	4.1233	4.4783	15.927	-67.209
-7.7555	-45.354	1.0768	6.456	-2.3891	3.4538	2.4026	1.1105	-1.6511	-2.6344	-0.9416	-2.7683	0.3521	-1.3533	-17.217	-512.58	-214.69	175.55	-27.27	-118.66	77.185	60.157	-37.664	-14.05	-24.229	-57.905	10.106	57.902
-7.4353	-41.009	5.5643	7.7833	-3.3635	3.6425	3.0934	2.6765	-0.82893	-0.03516	-0.85197	-3.3422	-0.28852	-0.54285	12.808	173.82	179.5	53.092	-38.974	7.5479	27.631	62.638	32.886	103.97	3.5853	-22.957	-25.625	32.416
-6.4258	-29.058	10.11	6.8089	-4.9021	2.7339	2.2765	2.359	-0.59904	-0.79204	-0.31453	-2.1006	0.36728	-0.94847	40.379	478.03	181.84	-38.978	-61.543	-36.344	-32.674	-12.698	9.1956	-30.275	21.497	49.663	26.232	-16.225
-5.4883	-26.799	10.875	5.8267	-4.7832	3.4065	2.8769	1.5699	0.0032723	-0.90652	0.022311	-2.5393	-0.46221	-0.49403	37.5	90.352	30.584	-39.285	4.7541	26.905	24.014	-31.564	24.092	-4.5791	13.474	-17.548	-33.18	18.177
-4.8647	-17.145	15.603	1.4244	-7.0754	4.3554	2.4677	1.888	-0.65591	-1.541	-0.52384	-4.1901	0.1065	0.72708	24.944	386.16	189.11	-176.09	-91.686	37.957	-16.365	12.723	-26.367	-25.38	-21.846	-66.029	22.748	48.845
-4.3617	-13.599	14.291	0.69782	-5.7462	4.9522	1.6357	2.4752	-1.0893	-1.6622	-0.84653	-2.8483	0.9951	0.70584	20.121	141.84	-52.459	-29.061	53.165	23.87	-33.28	23.487	-17.335	-4.8457	-12.908	53.672	35.544	-0.84984
-4.0389	-10.467	14.568	-1.2364	-3.5499	5.2849	1.6232	0.32226	-1.0631	-2.0288	0.1129	-1.5266	1.2538	0.87779	12.913	125.3	11.069	-77.368	87.851	13.311	-0.49973	-86.116	1.0458	-14.664	38.377	52.866	10.349	6.8781
-3.7501	-6.1678	14.754	-2.5144	-2.625	6.5609	-0.19168	0.22602	-1.1995	-1.405	0.33989	-1.0361	1.9492	-0.52034	11.552	171.96	7.4248	-51.12	36.999	51.039	-72.597	-3.8496	-5.4558	24.953	9.0799	19.62	27.816	-55.925
-3.4765	-2.9551	14.988	-3.5953	-0.056482	6.0493	-2.0514	-0.11363	-0.89427	-1.2585	1.0165	-0.10892	0.84531	-1.4743	10.945	128.51	9.3895	-43.238	102.74	-20.463	-74.387	-13.586	12.211	5.8568	27.065	37.089	-44.156	-38.156
-3.281	2.3282	13.786	-5.4426	1.9959	5.8826	-3.8598	-0.27	-0.73268	-1.5588	1.9892	0.47721	-0.23049	-1.6668	7.8176	211.33	-48.099	-73.891	82.096	-6.669	-72.338	-6.2547	6.4637	-12.011	38.907	23.445	-43.032	-7.7
-2.9914	6.2103	11.816	-5.9971	4.1778	2.5808	-3.9596	0.94627	-3.1336	-0.52736	3.4988	-0.43171	-1.3626	-0.42116	11.585	155.28	-78.779	-22.178	87.274	-132.07	-3.9906	48.651	-96.037	41.258	60.386	-36.357	-45.284	49.824
-2.5983	8.6078	10.694	-5.0653	4.6452	-0.015031	-2.6539	0.20538	-4.3176	0.69925	3.262	-1.3048	-0.72893	-0.018912	15.725	95.902	-44.877	37.271	18.699	-103.83	52.228	-29.636	-47.359	49.064	-9.4735	-34.924	25.347	16.09
-2.2918	8.9578	10.747	-3.9601	4.4592	-2.0068	-1.3834	-0.79182	-4.4929	1.1583	1.8032	-0.41878	-0.55143	0.60788	12.261	13.996	2.0952	44.206	-7.4398	-79.672	50.818	-39.888	-7.0112	18.361	-58.354	35.441	7.0999	25.072
-2.1399	10.591	9.9714	-2.121	1.963	-1.2471	-0.65459	-2.0843	-4.4305	1.6341	1.2799	0.47215	-1.6384	1.8488	6.0759	65.336	-31.019	73.566	-99.849	30.388	29.153	-51.7	2.4958	19.035	-20.928	35.637	-43.48	49.638
-2.1523	12.26	8.6029	-1.1946	0.95473	-1.1345	-0.76642	-2.2249	-4.3483	1.395	1.1054	1.1912	-2.5659	2.3742	-0.49857	66.761	-54.739	37.054	-40.332	4.5053	-4.4731	-5.6229	3.2867	-9.5655	-6.9803	28.761	-37.099	21.014
-2.5028	11.183	7.4029	0.84459	-0.86949	1.2243	-2.3497	-0.21881	-4.9689	0.11901	2.1118	0.55247	-2.592	2.3898	-14.019	-43.07	-48	81.569	-72.969	94.353	-63.333	80.243	-24.826	-51.039	40.254	-25.548	-1.0436	0.62377
-3.2896	-1.1139	5.5497	3.2443	-0.25772	1.6729	-0.088772	0.496	-4.6947	-0.96945	1.143	0.87629	-2.3382	2.1436	-31.47	-491.89	-74.127	95.989	24.471	17.943	90.439	28.593	10.968	-43.539	-38.753	12.953	10.151	-9.8463
-5.4797	-27.606	2.94	7.509	0.069509	1.9568	0.46313	0.63113	-2.9158	0.076547	0.40506	0.64121	-0.40424	-0.26072	-87.606	-1059.7	-104.39	170.59	13.089	11.355	22.076	5.4051	71.159	41.84	-29.517	-9.4033	77.359	-96.174
-8.3359	-49.538	-0.12421	9.5479	1.3392	4.349	2.0094	0.69451	-2.1341	-0.72021	2.79	-0.10255	-1.1201	-1.1222	-114.25	-877.29	-122.57	81.557	50.786	95.691	61.85	2.5352	31.266	-31.87	95.398	-29.75	-28.636	-34.458
-9.3994	-63.333	-8.3743	9.3473	3.4916	5.5519	2.3638	2.0982	0.55258	-0.50747	0.83063	-0.80322	0.13195	-2.9374	-42.542	-551.78	-330.01	-8.0251	86.097	48.113	14.176	56.147	107.47	8.5097	-78.375	-28.027	50.084	-72.608
-10.739	-54.812	-12.349	6.8479	-0.33725	4.1935	1.5548	2.3266	1.9054	2.0602	1.1879	-1.5665	0.76142	-1.4982	-53.575	340.84	-158.99	-99.975	-153.15	-54.335	-32.359	9.1382	54.112	102.71	14.289	-30.531	25.179	57.566
-8.2903	-27.178	-17.55	7.0484	0.60628	1.121	0.4265	2.9124	1.6074	0.18154	2.6335	0.50038	1.2414	-0.91105	97.94	1105.3	-208.02	8.0218	37.741	-122.9	-45.132	23.43	-11.919	-75.145	57.825	82.675	19.198	23.487
-4.3209	1.0521	-1.1868	5.0017	-1.1955	0.75331	0.24981	0.56767	-2.1466	1.1667	2.9801	-0.8877	-1.1366	0.49466	158.78	1129.2	654.52	-81.869	-72.072	-14.708	-7.0678	-93.789	-150.16	39.405	13.864	-55.523	-95.118	56.228
-3.8554	14.365	5.6679	-3.157	-0.30216	-2.3327	0.038431	-0.5312	-3.1976	1.7963	2.1936	-0.37898	-2.0998	1.0642	18.622	532.51	274.19	-326.35	35.734	-123.44	-8.455	-43.955	-42.04	25.187	-31.458	20.349	-38.529	22.782
-3.5596	17.771	1.9365	-2.6639	-0.40942	-3.7684	1.5078	-0.068936	-3.5884	2.34	1.5304	-0.24976	-1.7419	0.11765	11.829	136.23	-149.26	19.723	-4.2906	-57.427	58.776	18.491	-15.629	21.745	-26.53	5.1687	14.317	-37.862
-3.7933	16.68	-0.3206	-0.12162	-2.1809	-3.7317	3.0483	-0.47566	-2.9058	0.47234	2.99	-1.2102	-1.0466	-0.40211	-9.346	-43.612	-90.283	101.69	-70.86	1.4645	61.621	-16.269	27.303	-74.705	58.385	-38.416	27.811	-20.79
-4.2797	9.0998	3.3404	-1.9814	-0.29741	-4.4404	2.9746	0.88707	-5.4519	2.2392	0.70851	0.13147	-0.45773	-0.67971	-19.458	-303.22	146.44	-74.39	75.341	-28.346	-2.95	54.509	-101.84	70.675	-91.26	53.666	23.555	-11.104
-5.0406	1.0615	3.173	0.4156	-1.5361	-3.5148	3.9173	0.48386	-4.7415	2.3081	-1.6326	0.31895	1.0956	-0.66356	-30.436	-321.53	-6.6953	95.879	-49.547	37.023	37.709	-16.129	28.412	2.7567	-93.646	7.4992	62.133	0.64572
-5.458	-6.5658	0.90428	1.4493	0.17206	-1.4614	4.1533	-0.59573	-3.4818	1.5864	-3.051	1.1455	1.6308	-1.454	-16.693	-305.09	-90.75	41.348	68.325	82.139	9.4389	-43.184	50.389	-28.87	-56.735	33.061	21.41	-31.619
-6.1484	-11.211	1.203	2.5878	1.4853	0.12455	4.2057	0.54567	-3.5322	0.91038	-2.7093	1.098	1.3583	-1.1199	-27.617	-185.81	11.949	45.539	52.528	63.436	2.0948	45.656	-2.014	-27.04	13.67	-1.8996	-10.903	13.364
-6.24	-16.816	1.4468	3.5572	1.2367	1.36	4.3829	0.74769	-3.5868	0.49306	-1.9697	-0.070555	1.8701	-0.81376	-3.6635	-224.21	9.7504	38.777	-9.9417	49.418	7.0909	8.0806	-2.1843	-16.693	29.582	-46.742	20.474	12.247
-6.5996	-21.406	1.8054	3.6101	0.92649	1.9621	4.6551	0.81085	-3.356	0.084077	-1.9107	-0.54077	2.0262	-0.79973	-14.386	-183.6	14.345	2.1161	-12.409	24.083	10.888	2.5265	9.2325	-16.359	2.3603	-18.809	6.2448	0.56113
-7.0694	-26.77	3.7313	4.742	-0.85123	2.6065	3.5253	1.8707	-3.1487	0.36346	-1.7091	-1.443	1.9917	-0.64032	-18.792	-214.56	77.039	45.275	-71.109	25.779	-45.194	42.394	8.2911	11.175	8.064	-36.09	-1.3825	6.3765
-7.7436	-37.688	1.5259	8.1496	1.2357	3.2011	2.5492	3.0395	-0.61729	-1.642	-0.85607	-0.86508	1.9618	-0.92751	-26.968	-436.71	-88.218	136.3	83.476	23.782	-39.043	46.752	101.26	-80.217	34.121	23.117	-1.1946	-11.488
