-5.22760108108108 -2.28090135135135 -7.32850189189189 2.29505697297297 -1.25220148648649 0.0741437837837839 0.113891513513514 0.470770027027027 -0.247108891891892 -0.349943243243243 -0.116354432432432 -0.252145135135135 -0.152951756756757 -0.0746813513513514 2.06080810810811 -1.53781540540541 -26.8383 79.7635405405405 3.2545027027027 1.00604972972973 9.92190613513513 20.3244351351351 11.6044413513513 -1.99080856756757 -16.3495340540541 -21.6358108108108 -4.79884135135135 3.1891127027027
-3.87324285714286 9.54925571428572 4.65754285714286 0.259141428571429 -4.21558714285714 -0.952345714285714 0.580195057142857 0.501841428571429 -2.17061714285714 -0.507402857142857 0.357829 0.00802142857142859 -0.412052285714286 -0.100737571428571 110.457428571429 1085.88714285714 674.085714285714 -83.8214285714286 -131.524885714286 -133.976628571429 23.5865714285714 -34.3885714285714 -54.1035714285714 13.6553428571429 -11.9381428571429 35.6478428571429 -11.1437142857143 28.5098714285714
-9.10812692307692 -42.7600084615385 -16.6524269230769 4.74441423076923 -2.37910276923077 3.08839769230769 0.929724611538461 1.17805553846154 0.088363923076923 -0.463854615384615 0.470657538461538 -0.150012346153846 0.195020534615385 -0.347670807692308 -25.1630907692308 -166.992461538462 -117.666961538462 -59.3971634615385 -55.3102692307692 -39.5471115384615 -39.9982923076923 -16.7055230769231 6.85693461538462 0.976303846153846 4.15605 13.5777615384615 9.6253 13.1863730769231
-5.11441538461539 14.5348384615385 -4.34610307692308 -0.98403923076923 1.07935846153846 -0.639113076923077 -0.435092307692308 -0.846431538461539 0.379124846153846 -0.0365538461538462 -0.445691692307692 -0.584747692307692 0.367437923076923 0.687112307692308 56.6299230769231 1448.84615384615 -50.0442307692308 -158.846984615385 11.1837769230769 -109.475692307692 -66.2244230769231 -41.6538769230769 -37.6393846153846 18.0276076923077 -9.43728461538461 7.643 4.46646153846154 22.7106307692308
-6.24012857142857 -0.820868571428571 -9.59813142857143 2.15154285714286 -2.82871571428571 0.115313428571429 1.75333142857143 -0.5033 0.0763528571428571 0.482453714285714 0.195898571428571 -1.03041157142857 0.252587142857143 0.288982857142857 24.5291428571429 400.954285714286 -184.065142857143 54.3704428571428 -118.5917 -42.6851428571429 -13.9266 -18.5838571428571 -11.3325142857143 -5.03098957142857 -4.23955714285714 -7.51864285714286 1.40029428571429 -18.4941428571429
-7.08242222222222 -21.0267777777778 -7.0788 5.50785555555556 0.152836666666667 2.66943555555556 2.55663222222222 1.91572222222222 -0.0772104444444444 -0.398628888888889 -0.308477555555556 -0.829485555555556 0.395257222222222 0.0547444444444444 -67.8967888888889 -507.853333333333 -257.177777777778 53.1638888888889 -43.8155666666667 96.5543333333333 54.7751155555556 32.3364 -6.65677777777777 -1.71134444444445 4.98706666666667 -13.7894566666667 20.5108666666667 1.39633333333333
-4.19448695652174 1.15381086956522 5.43479 -1.03804091304348 1.58257159130435 -0.530950695652174 -1.2175252173913 -1.08594652173913 -0.353656304347826 -0.291822391304348 -0.146836260869565 -0.194494130434782 0.195054347826087 -0.484448782608696 -31.0241465217391 -529.930434782609 -2.73969130434782 70.9020608695652 7.24827391304348 61.7412347826087 -19.1300091304348 6.20196086956522 1.60418608695652 -8.12574347826087 1.17308695652174 2.33708565217391 -2.12344652173913 -9.75503913043478
-4.1380912 3.79714 3.8987744 1.502092 1.2675136 -1.9301036 -0.1214072 -0.5282444 0.40012356 -0.0438165199999999 -0.348414 0.1469406 0.20498148 0.04493068 26.2016628 307.0312 9.32688 -59.7457136 -7.7664692 -54.586328 3.529884 -22.917856 -3.811876 12.5959028 1.006876 13.230676 -5.531908 12.532656
-8.22968148148148 -37.3220925925926 -12.0405981481481 3.73617555555556 -0.66416537037037 3.14979007407407 1.49508366666667 0.176041259259259 -0.27430562962963 -0.332068074074074 0.103319444444444 -0.342907925925926 0.388211111111111 -0.311745444444444 -8.96273814814815 -32.4803507407407 -70.085762962963 -67.3088851851852 -35.52 -11.0859259259259 49.1404925925926 -7.82959259259259 -19.7293333333333 -14.3447185185185 0.640185185185186 12.1616592592593 9.99998518518519 2.73031729629629
-4.926475 -3.4855945 -1.806842 1.9246298 2.035140185 1.162691 -0.0695185499999998 -0.2207015 0.59469735 -0.91539915 -0.65285535 -0.07890625 -0.52055635 -0.54402575 -19.76637 -279.1145 67.091705 21.141935 -75.256715 70.412645 15.7252245 -31.625597 -0.853754999999999 3.742415 -2.466485 2.6341075 5.3679825 3.703935
-5.53941428571429 -7.29314285714286 -5.48649 4.68596571428571 2.76633 0.197747142857143 1.12817142857143 0.439441571428571 0.0918624285714286 -0.793615571428571 -0.259075714285714 -0.933175714285714 0.232124142857143 -0.221122857142857 -8.17007571428571 -39.7557714285714 -353.927142857143 135.760428571429 -42.2595571428571 -35.0315714285714 124.774428571429 77.1407142857143 -2.88057142857143 -42.9025714285714 16.96895 -22.2085857142857 -9.57175714285714 -2.90598571428571
-5.01342647058823 -9.80555352941176 0.323605 4.83999705882353 1.40896764705882 -0.292332493235294 -0.870596852941177 -0.768562352941176 0.225218852941176 0.0755307352941178 -0.462171176470588 -0.362453588235294 0.00115926470588234 0.154833323529412 -17.6170352941176 -264.137058823529 -74.1960391176471 75.7614117647059 58.8391917647059 24.0791911764706 -6.84474852941177 -5.10502647058824 -1.96247647058824 -13.4526764705882 -0.132994117647062 -4.6527994117647 -2.30669117647059 -7.41843823529412
-6.57181764705882 -12.9434470588235 -7.287366 3.27825882352941 1.28130552941176 2.15174 0.914189411764706 0.505329411764706 1.47189882352941 -0.119492676470588 -0.0866202352941176 0.0981276470588235 0.462404117647059 -0.232165647058824 18.2205352941176 235.781235294118 185.105058823529 31.8333176470588 78.6488235294118 15.3713 34.67313 34.8085941176471 21.1390117647059 6.10828764705882 5.94232941176471 24.8605352941176 5.83533529411765 -7.95824705882353
-4.58324047916667 2.28892916666667 3.12655166666667 -0.809733125 -1.64244435416667 -0.778678583333333 -0.151330625 0.44764875 0.315713333333333 0.378088252083333 0.0273530791666666 -0.191185625 0.432515541666667 -0.021767875 4.882391875 165.269375 -3.53759166666667 -62.9488625 -49.4227791666667 -4.55537291666667 7.168870625 5.35876041666667 -0.859401666666669 16.5478245833333 1.34380208333334 -3.64936223958333 7.14492916666667 5.813093
-3.96802542307692 6.66319807692307 4.44240126923077 -0.0641696153846153 -0.638155884615385 -1.31316017307692 0.363136057692308 0.887201301923077 -0.949020653846154 -0.0871401346153846 0.0522142307692307 -0.155677826923077 -0.262441384615385 -0.365007442307692 -6.51145807692308 -153.822076923077 38.8653415384615 32.8943605769231 -5.39623038461538 3.52241942307692 -4.58200442307692 16.3384436538462 -3.22682153846154 -6.89944807692308 2.962145 0.358128332692308 -0.230122423076923 -6.15637019230769
-5.94080833333333 -7.54929166666667 0.650605833333334 1.18686333333333 0.195887166666667 0.32295 0.95342 -0.689216666666667 0.61997 -0.10894 -0.564525833333333 -0.0582725 0.405833166666667 -0.145379166666667 46.8873833333333 860.965833333333 35.7731666666667 -59.0919333333333 -25.12525 -63.2673333333333 -20.9398775 -42.24541 2.94444666666667 -13.5295916666667 -14.0711666666667 13.429525 4.93871666666667 16.8808966666667
-4.68141818181818 4.11915636363636 -2.81422727272727 2.34534954545455 1.99297818181818 2.37949181818182 1.21347090909091 0.0446427272727273 0.934661 -0.671154909090909 -0.32158 -0.577133636363636 -0.38442 -0.0769727272727273 42.5274545454545 41.1069727272727 269.439181818182 102.435090909091 132.072954545455 30.1211818181818 -6.65023636363636 -13.183 7.49648181818181 -11.8028181818182 13.4734181818182 -20.3405454545455 -16.2481272727273 -10.0953727272727
-3.49094630434783 12.7631602173913 3.05620086956522 -2.32506284130435 1.00404589782609 -0.647875652173913 -1.62247130434783 -0.61983175 -0.228001304347826 0.856304108695652 -0.343815652173913 0.159604863043478 0.248360673913044 0.255154847826087 -7.33862739130435 -77.8558782608695 -27.6951673913043 20.6409739130435 71.3397630434783 -9.28389347826087 -39.1913173913044 -5.35018043478261 9.488555 -17.9073010869565 -17.206585 15.1520023913043 8.19049934782609 -7.8758
-6.2563 -6.78902333333333 -6.37008 -0.954666666666667 1.92708555555556 0.797556333333333 0.114744222222222 0.161913333333333 0.523055555555556 0.0255933333333333 1.21876 -0.827555555555556 0.279641222222222 -0.0482775111111111 -40.4595088888889 -450.891111111111 249.248444444444 -100.379444444444 2.98066666666667 32.3284444444444 -25.5453777777778 5.55037777777778 3.20524444444445 10.6850888888889 9.14077777777778 -10.0461111111111 -0.0787999999999987 -29.3186777777778
-4.24046 5.503306 2.5278002 1.22739 -0.488162 0.765184 0.706352 0.711795 -1.3491093 -1.0366619 -0.133035 0.13814 0.3032201 -0.4670349 62.71819 307.36 511.498 68.0602 -8.003 -59.15081 -44.33256 -20.6937 -34.623967 -23.63267 -37.2172 -6.18109 -9.39063 13.1507
-2.77873028571429 22.27074 4.57291971428571 -4.06074511428571 -0.371906285714286 -1.032922 -1.09907091428571 -0.664857428571429 -1.21105894285714 0.975005714285714 -0.433179142857143 0.814468285714286 -0.323085657142857 -0.127812914285714 4.13928868285714 93.3814971428571 -68.1908285714286 -18.7572514285714 42.7554571428571 -22.0484097142857 -12.4744662857143 -36.5257514285714 31.4443085714286 -3.11397428571429 10.1339885714286 3.50672174285714 -15.1530542857143 6.12946857142857
-8.41184166666667 -28.3750908333333 -12.519865 0.907748333333333 1.857848625 2.90904166666667 0.0858375 1.18977083333333 0.335979166666667 -0.697436 -0.457543333333333 -0.586381666666667 -0.0405249166666666 -0.222994166666667 -29.9498916666667 -231.845833333333 -254.778333333333 -123.054583333333 71.25605 88.3268333333333 25.3732083333333 31.9019166666667 36.8892 16.3166666666667 -30.570675 -29.0562533333333 -28.4676833333333 5.80995
-5.34457692307692 -13.6357907692308 7.05913692307692 1.6582 0.141994615384615 0.587040769230769 0.00834615384615387 -0.611007692307692 -0.841733153846154 -1.09015107692308 0.500293615384615 -0.0389184615384616 0.613747692307692 -0.0190773076923077 -55.8241538461538 -828.681538461538 -7.68569230769231 195.253615384615 -26.0783615384615 87.7372153846154 47.3968461538462 40.2455461538461 -11.2258084615385 -47.0464169230769 -43.4744538461538 -11.2075769230769 33.719 -3.40808461538462
-4.47180555555556 5.33167777777778 1.75633833333333 0.0739923444444445 1.76021222222222 -0.261411666666667 -0.174009444444444 -1.38815377777778 1.46989277777778 -0.197391666666667 0.923297222222222 -0.5024455 0.226250811111111 0.569446277777778 32.9033277777778 502.22 41.6902055555556 -114.916501111111 37.7497944444444 -70.0394097777778 -7.69975 1.17837611111111 -4.476505 2.77964772222222 36.1072055555556 1.98180666666667 3.86162222222222 0.928650000000001
-6.25448181818182 -7.34913545454545 -6.93885454545455 -2.83521727272727 -0.951782727272727 -0.284370909090909 -0.229862818181818 -0.162061818181818 -0.0303556363636364 0.105069090909091 -0.652902727272727 -0.0993299727272727 0.192142727272727 0.142477727272727 242.617 2575.45454545455 163.034272727273 -187.157181818182 14.1931818181818 -161.632187272727 -45.5073636363636 -69.7824545454545 8.59061818181818 8.17841818181818 -49.2279090909091 8.34504545454545 -0.812154545454547 19.8379554545455
-9.34527777777778 -48.9203222222222 -7.30221111111111 1.52266666666667 -0.125025555555556 5.28248888888889 1.76840555555556 0.406931111111111 0.216182222222222 0.0928577777777778 0.667505555555556 -0.501384444444445 0.112062222222222 -0.741824444444445 -71.0538888888889 -867.903333333333 -241.577777777778 -60.704 16.8256555555556 102.587855555556 10.9596666666667 3.05292222222222 38.7692444444444 11.5881111111111 64.9643666666667 -42.6143222222222 -10.5554522222222 -19.7064444444444
-2.52569613333333 22.6495406666667 7.10304217333333 -4.5400868 -0.848319066666666 -1.03963706666667 0.283711626666667 -0.124508133333333 0.122623093333333 0.25107412 0.3908388 0.26525172 -0.155285706666667 0.402144288 3.3704712 48.8959524 0.876914686666666 -24.1422201333333 0.8362748 0.6926776 2.031104 -4.13648066666667 -6.3826316 11.8482834666667 1.53114666666667 -2.39934101333333 -4.90838306666667 -2.4819976
-7.32362380952381 -24.9855019047619 -3.76032380952381 5.10245714285714 -3.11806766666667 0.734272380952381 0.320849209523809 1.21883826190476 -0.283378380952381 -0.27934780952381 0.100789047619048 -0.232961952380952 0.517388238095238 0.0798360952380952 8.57701857142857 101.067047619048 127.832666666667 29.7514047619048 -22.9959333333333 -27.5051238095238 2.47339047619048 -18.317680952381 -27.189550952381 -3.74481190476191 -4.51967285714286 13.2096904761905 7.69421428571429 -3.25998571428571
-7.0468 -9.1895 -15.602 2.57315 -3.39135 2.99805 1.81755 -0.61655 0.787294 0.161925 1.66125 0.2885775 -0.55602 -1.51508 -18.339 101.6285 -695.895 -85.309 53.16565 98.612 49.65 17.259 38.842 -3.23 37.9125 44.125 -35.0525 -64.1045
-7.25436 -38.84388 -3.0900742 3.90328 2.72009 3.712847 0.2770064 0.293715 0.704916 -0.571063 0.1356683 0.711964 -0.689015 -0.696982 -94.8246 -1334.31 -90.0062 136.3021 -64.8726 120.472 39.46625 56.94747 11.25386 32.95514 35.557846 -30.21051 -1.251437 -14.9515
-8.86031 -57.575 -3.11378 3.658114 0.335476 3.379874 -1.105133 0.122536 0.3670813 -0.248318 0.5983657 0.8390901 0.285775 -0.720318 -145.8559 -1976.08 -252.2974 326.3572 14.3978 67.37625 44.11013 79.96238 41.63893 -13.114031 31.45809 26.93013 28.81541 -5.77062
-3.15636306122449 17.0983903979592 3.37591898979592 -2.9000398877551 0.667344530612245 -1.41470346938775 -0.306317785714286 -0.214442212244898 0.194136173469388 0.204578469387755 0.0733674857142858 0.509363676632653 -0.489977255102041 0.349118117346939 -1.50174063265306 -36.8977155408163 23.7322617142857 -14.6132620408163 -14.3833573469388 12.7472310918367 0.413643469387756 5.86475655612245 -6.55423275510204 7.90516897959184 3.93242640816327 -2.71878459183674 -3.30497959183674 0.489195612244898
