WSS
513739.676901789
182633.182462514
1694034.08156258
979572.181494219
921654.964573471
1700536.86377939
2959205.08668203
1532242.35856388
317106.647904433
1792161.48003
1293985.58770161
1182403.49161557
782347.13727943
875287.436802741
1458369.35713742
2191734.53672621
1221936.69283861
1363274.00683855
1568821.90620082
1059238.28462904
1187799.64124349
843478.979753885
421333.633392021
658490.763758278
1224644.18861029
952029.162999451
488969.904999305
568881.463677054
760852.759287078
486394.270981626
1568025.34743534
1160157.15012396
35911342.2279861
275143659.833467
