-4.6732	2.9106	-3.4864	4.175	3.9516	-1.1373	1.6603	0.38321	0.59418	-1.7589	1.5309	0.83905	0.358	-0.94782	0	0	0	0	0	0	0	0	0	0	0	0	0	0
-4.4199	14.786	0.85421	2.8595	1.6962	-1.4353	1.81	-0.64525	-2.701	1.3803	-1.72	1.7733	1.1626	-2.1119	10.13	475	173.62	-52.619	-90.217	-11.918	5.9864	-41.138	-131.81	125.57	-130.04	37.368	32.183	-46.565
-2.8637	24.643	4.1984	2.2238	-3.142	-1.4395	1.8001	0.48138	0.54892	-0.51581	-1.1261	1.0146	1.9736	-1.6305	62.248	394.31	133.77	-25.427	-193.53	-0.16735	-0.39567	45.065	130	-75.846	23.754	-30.348	32.443	19.26
-1.9376	25.25	9.4066	1.3572	-4.3071	-3.3758	2.2792	1.6721	-1.5006	1.2508	-2.8692	2.5805	0.81278	-0.86992	37.047	24.257	208.33	-34.666	-46.604	-77.455	19.163	47.63	-81.981	70.664	-69.723	62.636	-46.435	30.421
-1.7831	25.625	10.185	-0.12579	-2.035	-5.5498	0.55317	3.1777	-0.41665	0.44444	-2.7087	1.5169	0.69073	0.49866	6.1777	14.985	31.12	-59.319	90.885	-86.961	-69.04	60.221	43.359	-32.254	6.4217	-42.542	-4.8818	54.743
-1.6886	22.197	10.573	0.82161	-2.0659	-6.3482	-0.73592	3.7813	0.42509	0.71987	-2.8354	0.14614	0.92518	0.46933	3.7826	-137.1	15.551	37.896	-1.2352	-31.935	-51.564	24.147	33.669	11.017	-5.0694	-54.831	9.3777	-1.1734
-1.6605	17.898	11.274	1.7263	-1.668	-6.6575	-2.5432	5.3631	0.15958	1.5556	-2.5981	-0.46165	-0.24415	0.81515	1.1247	-171.95	28.01	36.187	15.913	-12.371	-72.29	63.27	-10.62	33.429	9.4913	-24.312	-46.773	13.833
-1.7149	17.047	10.452	2.8362	-2.0779	-6.6222	-3.007	5.6636	0.77775	1.0405	-1.536	-0.85996	-0.9649	0.73037	-2.1768	-34.041	-32.88	44.396	-16.396	1.4135	-18.552	12.02	24.727	-20.605	42.485	-15.932	-28.83	-3.3911
-1.8139	15.419	11.22	2.4553	-2.1284	-6.7673	-3.3331	5.4422	1.5085	0.36447	-1.354	-1.2934	-1.6462	1.3183	-3.9597	-65.146	30.72	-15.236	-2.0192	-5.807	-13.045	-8.8569	29.23	-27.04	7.2791	-17.339	-27.251	23.516
-2.014	14.62	11.36	2.2733	-2.1607	-7.3311	-2.2846	4.8759	2.0988	-0.051996	-1.4875	-1.0242	-1.6952	1.547	-8.0044	-31.954	5.6364	-7.278	-1.294	-22.552	41.941	-22.65	23.611	-16.659	-5.34	10.77	-1.9608	9.1489
-2.2553	17.714	8.3243	2.883	-2.2863	-6.7539	-1.6545	4.9437	1.5026	-1.7042	-1.3249	-1.3876	-1.45	2.5164	-9.6513	123.77	-121.45	24.387	-5.0215	23.09	25.204	2.7112	-23.846	-66.087	6.5053	-14.537	9.8063	38.776
-2.8321	16.206	6.9583	0.01819	-1.4959	-6.5147	-0.3999	4.123	1.8274	-2.9145	-1.2878	-0.50956	-2.5317	2.3265	-23.075	-60.312	-54.639	-114.59	31.614	9.5659	50.183	-32.828	12.993	-48.412	1.4848	35.122	-43.267	-7.5971
-3.7263	12.372	5.5165	-0.64006	-0.96835	-6.305	-0.1229	3.2301	0.96232	-3.4566	-1.4536	1.1545	-3.2514	2.4187	-35.765	-153.38	-57.671	-26.33	21.103	8.3883	11.08	-35.714	-34.605	-21.685	-6.6319	66.561	-28.789	3.6873
-5.2055	-5.0252	5.794	4.3686	-3.2647	-1.1535	2.2117	-0.15871	2.0698	-2.3969	-1.5548	1.8569	-2.6699	-0.35663	-59.171	-695.88	11.097	200.34	-91.854	206.06	93.384	-135.55	44.3	42.389	-4.0492	28.098	23.26	-111.01
-5.7051	-18.082	4.9784	6.7063	-2.3037	1.2156	-0.43836	1.3981	3.4567	-3.9143	0.11028	1.0361	-2.545	0.7569	-19.981	-522.26	-32.623	93.51	38.441	94.765	-106	62.274	55.474	-60.695	66.603	-32.832	4.9973	44.541
-4.4663	-15.867	6.5958	3.0625	-3.7575	0.85993	1.7022	1.8116	0.53288	-3.7017	-1.1134	0.74334	-1.4571	1.2278	49.548	88.578	64.696	-145.75	-58.153	-14.227	85.622	16.538	-116.95	8.5039	-48.947	-11.712	43.517	18.836
-4.2234	7.3821	11.053	-1.9005	-5.2734	0.47016	1.0318	2.403	-0.78933	-3.7511	-0.66249	0.79659	0.16058	0.81842	9.7166	929.97	178.27	-198.52	-60.634	-15.591	-26.816	23.656	-52.888	-1.9763	18.036	2.1301	64.706	-16.376
-3.527	16.905	8.3338	-5.1237	-1.1006	0.51046	-0.25925	3.449	-3.103	-0.49674	0.2401	0.24369	-0.34142	-0.56145	27.859	380.92	-108.75	-128.93	166.91	1.6122	-51.643	41.839	-92.546	130.17	36.104	-22.116	-20.08	-55.195
-3.1715	19.9	7.109	-4.0051	-1.2934	-0.1532	1.364	1.42	-2.8477	0.49352	0.053721	0.92566	-0.91765	-0.059517	14.219	119.79	-48.993	44.744	-7.7086	-26.546	64.932	-81.159	10.21	39.61	-7.455	27.279	-23.049	20.077
-2.7632	23.236	6.3046	-1.9407	-1.8409	-1.5018	3.5184	-1.5439	-0.60547	-0.095183	1.0104	0.56699	-1.7231	0.12052	16.331	133.45	-32.176	82.576	-21.901	-53.946	86.176	-118.56	89.69	-23.548	38.267	-14.347	-32.219	7.2014
-2.697	25.819	5.251	-0.98133	-1.3935	-2.3209	3.3652	-1.8793	0.41273	1.0501	0.71018	0.23744	-1.7007	0.1619	2.6501	103.33	-42.142	38.375	17.895	-32.762	-6.1299	-13.415	40.728	45.813	-12.009	-13.182	0.89585	1.6553
-2.6881	27.752	3.2651	-0.25154	-0.34885	-2.3453	2.9338	-1.0327	-0.08894	1.5283	0.75357	-0.31849	-1.6262	0.12311	0.35595	77.301	-79.436	29.192	41.786	-0.97532	-17.258	33.865	-20.067	19.126	1.7356	-22.237	2.9791	-1.5515
-2.5643	27.552	3.5623	0.7969	-0.93033	-1.4824	0.77965	-0.85098	0.12845	2.3836	0.36928	-0.017552	-1.9055	0.022705	4.9504	-8.01	11.889	41.938	-23.259	34.515	-86.164	7.2681	8.6958	34.213	-15.372	12.037	-11.172	-4.0163
-2.405	31.593	3.0549	-0.69508	-1.0207	-2.2716	2.0101	-1.599	0.064784	3.0793	-0.6709	1.1536	-2.5577	0.24539	6.3721	161.67	-20.297	-59.679	-3.6132	-31.568	49.218	-29.919	-2.5468	27.829	-41.607	46.847	-26.087	8.9072
-2.2425	34.374	2.4703	-2.6119	-0.046653	-1.635	1.3369	-2.5248	1.9135	1.8298	-0.45776	1.349	-2.9906	0.94971	6.501	111.21	-23.384	-76.673	38.96	25.464	-26.927	-37.034	73.95	-49.979	8.5253	7.8164	-17.317	28.173
-2.0982	35.891	2.8168	-3.7239	-0.094506	-1.2443	1.2488	-3.215	1.9603	2.0608	-0.20325	1.3348	-2.4664	0.80968	5.7711	60.667	13.86	-44.481	-1.9141	15.626	-3.5248	-27.609	1.8695	9.2378	10.18	-0.5684	20.971	-5.6012
-2.1365	35.818	4.209	-4.7482	-0.78375	0.39025	-0.25016	-2.935	2.7342	0.83173	0.45577	1.5413	-2.5538	0.6562	-1.5315	-2.889	55.687	-40.971	-27.57	65.383	-59.959	11.201	30.958	-49.162	26.361	8.2585	-3.4957	-6.1393
-2.1852	36.754	3.5849	-4.1077	-1.0128	0.46761	-0.21667	-2.8853	2.5198	1.1346	0.36682	2.0552	-2.9233	0.56434	-1.9491	37.436	-24.964	25.619	-9.1622	3.0947	1.3396	1.9887	-8.5767	12.114	-3.5579	20.555	-14.782	-3.6744
-2.0568	36.24	4.0199	-4.6823	-0.64459	0.60466	-0.77433	-1.7377	1.3801	0.60396	1.4232	1.8058	-2.6021	0.41169	5.1363	-20.586	17.402	-22.981	14.729	5.4817	-22.306	45.905	-45.59	-21.225	42.255	-9.9748	12.849	-6.1059
-2.1041	34.508	3.7308	-2.8732	-0.021242	-1.2155	1.281	-3.1544	1.5807	0.99398	0.38604	2.8685	-3.2584	0.48654	-1.8916	-69.281	-11.564	72.363	24.934	-72.805	82.212	-56.669	8.0252	15.601	-41.487	42.509	-26.251	2.9941
-2.5166	29.116	2.5601	2.0027	-1.1673	-3.0476	2.8638	-3.24	0.92312	1.3344	-0.27638	3.5785	-3.9746	0.99871	-16.499	-215.66	-46.829	195.04	-45.844	-73.287	63.312	-3.4259	-26.303	13.618	-26.497	28.398	-28.65	20.487
-3.2146	17.452	1.6532	4.8611	2.0516	-4.1582	1.788	-0.87833	0.14897	-0.10825	1.589	2.6826	-4.0431	0.48997	-27.923	-466.56	-36.276	114.34	128.76	-44.423	-43.032	94.468	-30.966	-57.707	74.615	-35.834	-2.7405	-20.349
-4.3502	9.2314	-3.6326	6.9547	3.6785	-4.0357	1.7524	-0.31509	0.16058	-1.0709	2.9945	1.6322	-2.816	-0.57011	-45.423	-328.82	-211.43	83.742	65.075	4.8995	-1.4213	22.53	0.46434	-38.505	56.219	-42.015	49.083	-42.404
-4.9597	9.8489	-15.1	7.1344	3.9027	-2.9723	2.2364	1.2141	0.86124	-0.68383	2.1066	0.41673	-0.51749	-2.5687	-24.378	24.701	-458.71	7.1898	8.9664	42.539	19.357	61.166	28.027	15.481	-35.515	-48.62	91.942	-79.944
-4.6566	11.098	-26.559	4.1474	1.5021	-4.9843	2.8686	4.6911	3.1297	0.064594	0.99543	0.11034	0.92332	-1.3501	12.121	49.955	-458.36	-119.48	-96.025	-80.481	25.29	139.08	90.738	29.937	-44.447	-12.256	57.632	48.743
-4.1672	17.137	-27.766	6.3897	2.5207	-4.4897	1.4973	2.359	1.8112	-0.54946	2.9939	-0.66873	0.65394	-0.24098	19.578	241.58	-48.293	89.691	40.744	19.784	-54.854	-93.282	-52.74	-24.562	79.937	-31.163	-10.775	44.366
-3.8397	16.888	-30.594	5.445	0.22344	-3.2536	3.6788	3.5418	1.1518	-0.57171	1.9827	-1.1173	0.39273	0.73462	13.099	-9.9763	-113.09	-37.787	-91.889	49.443	87.263	47.312	-26.376	-0.89006	-40.445	-17.943	-10.448	39.024
-3.6396	18.477	-30.388	4.0475	1.7874	-5.0439	1.2107	2.2901	-0.37254	-2.5787	-0.11552	-1.1897	0.746	-1.4218	8.0034	63.551	8.2223	-55.901	62.557	-71.613	-98.727	-50.07	-60.973	-80.281	-83.93	-2.8971	14.131	-86.258
-3.5999	15.351	-31.586	3.0285	2.6362	-4.3899	0.42279	0.92585	-1.8946	-2.6872	2.206	-0.92684	1.9551	-0.76507	1.5887	-125	-47.901	-40.758	33.955	26.162	-31.515	-54.569	-60.883	-4.3405	92.863	10.515	48.364	26.27
-3.978	13.408	-31.622	1.0517	3.5792	-5.4847	0.52461	3.4974	-0.14645	-1.5976	2.7128	-0.90883	2.1891	0.94467	-15.121	-77.749	-1.4646	-79.074	37.718	-43.794	4.0726	102.86	69.927	43.585	20.271	0.7205	9.3613	68.389
-4.5986	9.7642	-26.827	-0.018144	3.0829	-1.5552	-0.79251	4.1785	1.6932	-2.7913	2.4726	-1.5648	0.10987	-0.68147	-24.825	-145.74	191.82	-42.792	-19.853	157.18	-52.685	27.247	73.586	-47.747	-9.6089	-26.239	-83.17	-65.045
-6.3845	-1.9368	-22.417	-2.7621	2.1533	0.028033	-1.7851	1.3808	4.5319	-1.0366	2.3397	0.066789	1.4873	0.33015	-71.435	-468.04	176.41	-109.76	-37.183	63.328	-39.705	-111.91	113.55	70.188	-5.316	65.264	55.096	40.464
-8.3684	-33.052	-18.004	-1.2968	2.4887	1.7742	-1.1304	-0.7359	1.8049	-0.7126	1.941	-1.1272	2.0767	2.0072	-79.356	-1244.6	176.5	58.613	13.416	69.847	26.191	-84.668	-109.08	12.959	-15.95	-47.761	23.575	67.082
-9.9371	-45.529	-16.541	0.54912	-1.2901	-1.1719	2.1183	-1.8784	2.291	-2.6004	0.50629	2.3028	2.4772	-0.4859	-62.747	-499.07	58.538	73.837	-151.15	-117.84	129.95	-45.701	19.442	-75.513	-57.387	137.2	16.022	-99.724
-8.515	-34.144	-11.089	5.181	1.8894	-0.81529	1.3486	-2.7753	2.7132	-2.7476	2.1752	3.764	2.5235	-1.2249	56.881	455.4	218.06	185.27	127.18	14.263	-30.79	-35.873	16.89	-5.8882	66.756	58.447	1.8505	-29.559
-6.0973	-26.909	3.9403	9.6186	2.3747	2.0234	-0.18459	-1.0157	1.6821	-0.51831	0.05944	1.0624	0.31061	0.42931	96.71	289.4	601.18	177.51	19.412	113.55	-61.327	70.383	-41.243	89.173	-84.629	-108.06	-88.514	66.168
-4.8272	-4.9259	9.6327	1.8455	-0.68537	2.9389	0.74448	0.17628	0.99497	-2.8438	0.060607	0.73991	0.1351	0.74873	50.804	879.32	227.7	-310.92	-122.4	36.62	37.163	47.678	-27.487	-93.02	0.046706	-12.899	-7.0204	12.777
-4.0403	5.1932	8.8121	-0.97572	1.6433	3.2322	-0.44054	0.73765	-1.5986	-1.5063	0.48298	0.33217	0.60245	0.2061	31.477	404.76	-32.822	-112.85	93.148	11.734	-47.401	22.455	-103.74	53.502	16.895	-16.31	18.694	-21.705
-3.5302	9.9821	8.9791	-2.3724	3.0306	4.1361	-0.63909	-1.1972	-1.7591	-0.032563	-0.1857	-0.16947	0.50219	0.035761	20.402	191.56	6.6809	-55.866	55.49	36.157	-7.942	-77.395	-6.4226	58.948	-26.747	-20.065	-4.0102	-6.8134
-3.2309	12.045	8.0131	-2.5669	4.462	4.3755	-2.009	-2.4865	-0.88045	1.6729	-1.9276	-0.43924	0.51717	-0.13355	11.972	82.532	-38.642	-7.7804	57.259	9.5744	-54.798	-51.572	35.148	68.218	-69.677	-10.791	0.59887	-6.7723
-3.0879	12.475	7.416	-2.5765	6.7333	3.6564	-3.1239	-3.127	0.64344	1.8549	-3.1312	-0.25832	0.7872	0.37326	5.7212	17.175	-23.883	-0.38381	90.851	-28.762	-44.596	-25.619	60.956	7.2804	-48.141	7.2367	10.801	20.272
-2.9966	12.601	7.5388	-2.77	8.1462	2.7866	-3.9034	-2.1195	0.51056	1.5276	-3.7341	0.45916	0.62859	-0.080088	3.6519	5.0484	4.9106	-7.7395	56.514	-34.794	-31.18	40.3	-5.3151	-13.092	-24.12	28.699	-6.3443	-18.134
-2.9501	13.697	6.8467	-1.8531	8.0738	3.1148	-5.1424	-0.51235	-1.2256	2.1897	-3.5085	-0.076149	1.0929	-0.88091	1.8591	43.829	-27.683	36.673	-2.8942	13.129	-49.56	64.286	-69.446	26.483	9.0274	-21.413	18.573	-32.033
-2.9422	13.355	6.9337	-1.5766	7.1926	4.2123	-5.7354	-0.14108	-0.76788	0.87841	-2.5434	-0.41479	0.76701	-0.72213	0.31492	-13.658	3.4816	11.061	-35.248	43.899	-23.718	14.851	18.309	-52.451	38.603	-13.546	-13.036	6.3512
-3.0603	13.257	7.1422	-3.5702	7.9424	5.219	-5.8658	-0.25119	-0.48432	-0.24409	-1.2629	-0.84584	-0.11443	0.18721	-4.7226	-3.9463	8.3402	-79.743	29.991	40.268	-5.217	-4.4041	11.342	-44.9	51.22	-17.242	-35.257	36.374
-3.201	13.418	5.5368	-6.0609	10.132	5.4183	-6.0181	1.0014	-1.0347	-0.7264	-0.39655	-1.3013	-0.404	0.23347	-5.6283	6.4604	-64.217	-99.627	87.588	7.9744	-6.0936	50.105	-22.017	-19.292	34.654	-18.218	-11.583	1.8503
-3.2942	13.659	5.7789	-7.7937	11.338	4.9881	-6.0152	1.3	-1.1605	-0.61258	-0.58572	-2.0835	0.52833	-0.6734	-3.7263	9.6404	9.6825	-69.315	48.231	-17.209	0.11766	11.941	-5.0319	4.553	-7.5668	-31.29	37.293	-36.274
-3.2334	13.439	5.9018	-7.9148	11.219	5.7496	-6.1857	1.1552	-1.0159	-0.18382	-1.1799	-2.336	0.49959	-0.37343	2.4314	-8.7877	4.9159	-4.8438	-4.7452	30.46	-6.8189	-5.7917	5.787	17.15	-23.769	-10.1	-1.1493	11.999
-3.3459	13.999	5.0084	-7.61	11.545	5.6905	-5.3925	0.48394	-0.56102	-0.12414	-1.5826	-2.8758	1.1027	-0.30992	-4.5001	22.398	-35.734	12.192	13.026	-2.3623	31.725	-26.849	18.194	2.3869	-16.108	-21.59	24.124	2.5401
-3.7748	7.7082	3.6767	-4.4846	9.5942	7.4076	-5.6197	0.67358	0.077305	0.26003	-2.1814	-3.0758	1.9608	-0.18584	-17.158	-251.64	-53.27	125.02	-78.028	68.684	-9.0846	7.5854	25.533	15.367	-23.951	-7.9986	34.323	4.9632
-4.7556	-7.3238	-2.3263	1.1829	8.079	7.5234	-3.5169	-0.17795	1.6408	0.78109	-3.0963	-3.0838	1.975	0.80019	-39.23	-601.28	-240.12	226.7	-60.61	4.6295	84.109	-34.061	62.54	20.842	-36.594	-0.32121	0.57135	39.442
-6.8373	-30.933	-8.0505	3.8663	9.908	5.9013	-4.6569	-1.8144	2.713	-0.64393	-2.0043	-2.4658	1.6957	2.3081	-83.268	-944.37	-228.97	107.33	73.16	-64.882	-45.597	-65.46	42.886	-57.001	43.68	24.719	-11.173	60.316
-10.652	-67.287	-15.489	5.6358	8.4335	4.1367	-0.95768	2.6058	3.7873	-0.62872	0.65592	-0.57384	0.94055	0.78496	-152.59	-1454.2	-297.55	70.783	-58.98	-70.585	147.97	176.81	42.975	0.6084	106.41	75.679	-30.207	-60.926
-13.878	-82.797	-19.816	4.1155	1.4743	0.31261	-0.94286	2.2596	3.4989	-0.063725	2.7705	-0.75363	0.59558	1.1273	-129.05	-620.39	-173.07	-60.813	-278.37	-152.96	0.59266	-13.849	-11.538	22.6	84.583	-7.1916	-13.799	13.695
-13.58	-82.031	-20.681	3.8455	0.058161	0.21582	-0.24899	1.8367	2.6075	-0.77593	2.4781	-1.3679	0.70293	0.37744	11.95	30.646	-34.596	-10.801	-56.646	-3.8717	27.755	-16.915	-35.657	-28.488	-11.695	-24.571	4.294	-29.996
-7.1498	-44.813	-15.422	-5.1046	2.2515	-1.6686	-0.85568	0.96195	3.2174	-0.42542	0.36802	0.30297	0.52655	-0.55169	257.19	1488.7	210.38	-358	87.734	-75.375	-24.268	-34.99	24.397	14.021	-84.405	66.835	-7.0554	-37.165
-6.6544	3.8755	-15.028	-6.777	2.6985	-3.3451	-1.5493	-0.15736	2.5744	-0.90344	-0.92945	0.52161	0.20759	-0.42671	19.815	1947.5	15.732	-66.898	17.88	-67.062	-27.745	-44.772	-25.719	-19.121	-51.899	8.7453	-12.758	4.9989
-5.7957	1.7891	-16.043	-1.6168	2.7468	-3.1404	-2.9996	-2.3054	2.698	-0.58353	-1.2604	0.2223	-0.12889	-0.14387	34.346	-83.453	-40.59	206.41	1.9311	8.1877	-58.013	-85.922	4.9434	12.797	-13.239	-11.972	-13.459	11.314
-5.9861	9.3664	-15.289	-2.6435	3.1517	-1.3004	-2.677	-4.1173	1.2392	-0.24332	-0.16791	2.1869	3.1915	0.95313	-7.6162	303.09	30.145	-41.066	16.198	73.6	12.906	-72.475	-58.352	13.608	43.701	78.585	132.81	43.88
-5.7574	2.481	-18.237	-0.96056	3.0599	-1.2403	-0.49975	-2.1342	2.5148	-0.2909	0.30778	-1.6712	1.5064	2.0522	9.1495	-275.41	-117.89	67.316	-3.6721	2.4042	87.089	79.322	51.026	-1.9032	19.028	-154.32	-67.404	43.961
-6.2887	8.3278	-12.643	-2.1996	3.2228	-1.5979	1.4077	-2.121	2.9365	-1.3536	-0.63412	-1.8827	-0.1433	0.49435	-21.25	233.87	223.74	-49.563	6.5148	-14.303	76.299	0.52816	16.867	-42.507	-37.676	-8.4625	-65.987	-62.313
-6.6274	-1.7867	-12.692	-2.2017	2.754	-1.0249	2.1874	-1.2248	3.0312	1.1188	0.97301	-1.3126	-0.28046	-0.4251	-13.55	-404.58	-1.9396	-0.082563	-18.753	22.921	31.187	35.849	3.786	98.894	64.285	22.803	-5.4864	-36.778
-6.4585	-8.5123	-10.627	-4.2769	4.3612	1.5107	3.6938	-1.2799	1.7673	1.0679	0.21767	-1.5299	0.12855	1.6493	6.7567	-269.03	82.571	-83.009	64.287	101.42	60.257	-2.2048	-50.554	-2.0337	-30.214	-8.69	16.36	82.975
-3.7023	4.8617	2.953	0.15066	2.1995	0.12855	3.8714	-3.4514	-1.6611	2.726	-0.40133	-2.0777	-0.11403	0.23068	110.25	534.96	543.22	177.1	-86.467	-55.287	7.1014	-86.857	-137.14	66.323	-24.76	-21.911	-9.7034	-56.744
-2.7038	17.59	8.12	-1.0653	-1.9817	3.9324	3.4563	-5.3266	-3.5962	4.53	-0.79684	-1.7188	-0.38236	-0.55345	39.94	509.15	206.68	-48.636	-167.25	152.16	-16.603	-75.011	-77.404	72.16	-15.821	14.353	-10.733	-31.365
-2.0091	24.289	8.5521	-3.357	-1.7939	2.4744	4.0875	-4.0361	-5.8697	4.8136	-0.9464	-1.5325	-0.3278	-0.92345	27.791	267.93	17.283	-91.669	7.5101	-58.323	25.247	51.622	-90.939	11.343	-5.9824	7.453	2.1823	-14.8
-1.6405	27.625	9.709	-6.3589	-0.43504	0.25682	5.1256	-3.8337	-7.219	4.6551	-0.73272	-1.3249	-0.29623	-1.0537	14.742	133.47	46.277	-120.07	54.356	-88.702	41.525	8.0969	-53.973	-6.3402	8.5472	8.3049	1.2625	-5.2085
-1.4336	28.026	10.1	-7.1979	-0.563	-0.05011	5.2767	-3.3349	-8.0438	5.0916	-1.0351	-1.1528	-0.10356	-1.1959	8.276	16.02	15.649	-33.561	-5.1186	-12.277	6.0439	19.951	-32.992	17.462	-12.095	6.8848	7.7072	-5.6913
-1.4022	28.731	9.0014	-5.4145	-3.2352	2.3766	4.0883	-3.2562	-7.5458	4.4633	-0.36372	-1.4066	-0.090637	-1.0368	1.2552	28.204	-43.95	71.337	-106.89	97.068	-47.534	3.1492	19.917	-25.132	26.855	-10.155	0.51672	6.3663
-1.5731	24.896	10.936	-4.7483	-4.2817	3.3881	4.623	-5.2961	-4.9963	3.3288	0.14813	-1.1752	-0.33996	-1.0461	-6.8353	-153.41	77.365	26.647	-41.86	40.459	21.387	-81.596	101.98	-45.383	20.474	9.2572	-9.9729	-0.37419
-1.7727	23.428	10.824	-4.4248	-3.4535	2.3661	5.6372	-6.4156	-4.6895	4.2758	-0.71157	-1.2142	-0.097113	-1.0478	-7.9839	-58.708	-4.4779	12.938	33.127	-40.879	40.568	-44.78	12.273	37.88	-34.388	-1.5612	9.7139	-0.065251
-2.09	22.367	9.8185	-3.8203	-2.1373	1.565	6.2028	-7.1341	-4.524	5.2262	-1.1794	-1.4511	0.1844	-0.50896	-12.69	-42.436	-40.206	24.18	52.648	-32.045	22.626	-28.74	6.62	38.016	-18.715	-9.4733	11.26	21.552
-2.4073	21.78	7.7255	-3.1817	-1.4045	1.5822	5.1951	-6.5894	-4.2762	5.5192	-1.0454	-2.0675	0.80943	-0.30429	-12.692	-23.473	-83.72	25.546	29.31	0.69011	-40.309	21.786	9.9116	11.724	5.3615	-24.657	25.001	8.1868
-2.6997	20.733	6.2018	-2.2748	-0.38544	2.2364	3.1984	-5.9571	-3.4854	6.0047	-1.7639	-1.8996	1.7188	-0.042007	-11.698	-41.911	-60.946	36.274	40.764	26.167	-79.868	25.292	31.632	19.419	-28.74	6.7181	36.374	10.492
-2.9121	21.16	5.1059	-2.4893	0.20681	3.0561	1.6	-5.6074	-2.075	5.1324	-1.9627	-2.1505	2.007	0.24892	-8.494	17.08	-43.836	-8.578	23.69	32.788	-63.936	13.987	56.416	-34.894	-7.9494	-10.037	11.531	11.637
-3.0871	18.482	6.3066	-4.1959	2.2975	3.0714	0.32557	-4.4079	-1.7813	4.8546	-2.8459	-1.6299	1.8264	0.67145	-7.0013	-107.11	48.029	-68.266	83.627	0.61171	-50.977	47.98	11.745	-11.109	-35.329	20.822	-7.2243	16.901
-3.2396	18.298	5.73	-4.2281	3.2119	3.145	-1.0346	-3.0592	-1.3871	4.1067	-2.5136	-2.0726	2.2771	0.28677	-6.1005	-7.3565	-23.064	-1.2861	36.577	2.9447	-54.406	53.95	15.771	-29.92	13.289	-17.709	18.028	-15.387
-3.2672	18.539	5.2233	-4.0436	3.4875	3.1939	-2.0924	-1.8545	-1.6035	3.8835	-2.5091	-1.816	2.2302	0.071557	-1.102	9.646	-20.27	7.3784	11.025	1.9562	-42.313	48.188	-8.6582	-8.9272	0.18349	10.268	-1.8779	-8.6084
-3.2927	17.223	6.88	-5.3123	4.0003	2.7038	-2.1758	-1.3265	-1.6311	3.0597	-1.4569	-2.3022	2.1499	0.085234	-1.0224	-52.665	66.269	-50.749	20.513	-19.606	-3.3359	21.12	-1.1052	-32.952	42.088	-19.448	-3.2131	0.54709
-3.2887	17.29	6.8723	-5.0872	4.4038	2.4157	-2.8202	0.023956	-2.8103	3.2296	-1.1392	-2.315	1.746	-0.16601	0.1632	2.702	-0.3084	9.0067	16.137	-11.523	-25.777	54.017	-47.166	6.7971	12.706	-0.51321	-16.155	-10.05
-3.3229	19.675	5.2779	-4.6624	4.0536	2.7825	-2.4872	-1.0312	-0.98189	0.73988	0.096414	-1.7412	0.51027	0.53754	-1.3699	95.396	-63.776	16.99	-14.008	14.674	13.32	-42.205	73.136	-99.588	49.424	22.951	-49.428	28.142
-3.46	15.99	7.5656	-5.8484	3.1488	5.072	-3.4928	-1.1865	0.12089	-0.41904	-0.031136	-0.079343	-0.86118	0.31803	-5.485	-147.4	91.507	-47.442	-36.191	91.577	-40.222	-6.2153	44.111	-46.357	-5.102	66.474	-54.858	-8.7804
-3.6881	12.965	5.8401	-2.377	-0.46944	6.7362	-1.1958	-3.8623	1.0608	0.12892	-1.186	1.668	-1.5509	-0.69044	-9.1217	-121	-69.019	138.86	-144.73	66.571	91.88	-107.03	37.595	21.918	-46.194	69.895	-27.59	-40.339
-3.7014	7.9869	5.965	0.034312	-2.6019	5.7559	1.7937	-4.9486	0.41244	0.13296	-0.94933	2.2147	-2.0021	-1.243	-0.53465	-199.12	4.9958	96.452	-85.298	-39.213	119.58	-43.455	-25.933	0.16179	9.4661	21.866	-18.045	-22.103
-3.5929	10.53	8.1279	-1.4343	-3.0639	5.4318	1.4663	-3.8025	-0.30843	-0.37407	-0.66115	2.0163	-1.7415	-0.75942	4.3403	101.73	86.514	-58.744	-18.48	-12.966	-13.096	45.845	-28.835	-20.281	11.527	-7.936	10.421	19.343
-3.3138	9.5235	10.085	-0.95215	-1.7938	1.4344	0.77247	-0.020006	-0.67755	-2.2861	-0.25266	2.6113	-1.2418	-0.8848	11.167	-40.265	78.297	19.285	50.805	-159.89	-27.754	151.3	-14.765	-76.479	16.34	23.8	19.987	-5.015
-3.1418	13.023	9.7819	-0.49043	-3.2846	0.07752	-0.073262	2.9867	-0.9966	-2.787	-1.1128	2.2951	0.82341	-1.0713	6.8792	139.96	-12.135	18.469	-59.633	-54.275	-33.829	120.27	-12.762	-20.036	-34.407	-12.647	82.61	-7.4616
-2.9367	11.301	10.769	0.91206	-3.191	-3.7396	0.65033	5.5195	-2.3691	-1.5082	-1.61	0.98173	1.2777	-0.085549	8.202	-68.846	39.494	56.1	3.7424	-152.69	28.944	101.31	-54.9	51.151	-19.887	-52.535	18.172	39.432
-2.7703	12.01	10.57	2.6205	-4.5003	-4.2088	-0.6676	5.8446	-0.74069	-0.31593	-2.7869	-0.68705	1.9776	0.35964	6.6559	28.354	-7.983	68.336	-52.372	-18.767	-52.717	13.003	65.137	47.69	-47.076	-66.751	27.997	17.808
-2.6847	11.694	10.243	3.5878	-4.1026	-5.2932	-1.2876	5.805	-0.26463	1.0913	-3.5131	-1.1546	1.8792	0.22783	3.4246	-12.661	-13.06	38.692	15.91	-43.376	-24.801	-1.5843	19.042	56.287	-29.047	-18.7	-3.9352	-5.2726
-2.7286	9.9468	10.074	4.4307	-3.3209	-6.1962	-1.4825	5.096	0.32818	1.3681	-3.4304	-0.49626	1.0202	-0.2787	-1.7556	-69.877	-6.7801	33.718	31.269	-36.118	-7.7954	-28.36	23.712	11.074	3.3077	26.332	-34.362	-20.261
-2.7732	7.4906	10.092	5.9814	-2.8996	-7.143	-2.0539	5.4542	0.23143	1.8795	-2.956	-0.97405	0.71688	-0.3874	-1.7856	-98.245	0.73793	62.027	16.851	-37.876	-22.854	14.331	-3.87	20.457	18.977	-19.111	-12.133	-4.348
-2.7966	9.9878	8.7094	5.1265	-1.7298	-7.8868	-0.96221	4.2333	1.813	0.036655	-1.6876	-1.1698	0.41378	0.13001	-0.93419	99.889	-55.312	-34.195	46.793	-29.751	43.666	-48.835	63.262	-73.716	50.734	-7.8307	-12.124	20.696
-2.8055	10.128	7.9783	6.333	-2.1749	-8.0351	-1.3624	4.9156	1.8661	-0.56133	-1.661	-0.90875	-0.15325	0.68532	-0.3561	5.6159	-29.244	48.26	-17.805	-5.9301	-16.009	27.29	2.1263	-23.92	1.0635	10.443	-22.681	22.213
-2.716	10.341	8.8989	5.5796	-3.1984	-6.8633	-1.9626	5.863	0.90899	0.2364	-2.6249	-0.63758	0.27044	0.44177	3.5792	8.5152	36.826	-30.135	-40.94	46.873	-24.007	37.897	-38.286	31.909	-38.553	10.847	16.948	-9.7423
-2.676	14.186	7.611	6.3645	-4.3852	-6.1141	-1.53	5.3604	1.925	-1.8076	-1.3433	-1.1257	0.48466	0.99682	1.6018	153.81	-51.518	31.393	-47.473	29.967	17.305	-20.105	40.639	-81.761	51.261	-19.524	8.5688	22.202
-2.7456	15.242	4.8292	8.9373	-5.3972	-5.1532	-0.69074	4.2295	2.0396	-2.0716	-0.64447	-2.7401	1.9262	-0.21899	-2.7832	42.206	-111.27	102.91	-40.478	38.436	33.571	-45.237	4.5839	-10.56	27.955	-64.576	57.662	-48.632
-2.946	13.42	6.5172	6.6989	-4.1732	-3.9499	-1.4628	4.2931	2.2182	-2.4601	-1.8625	-1.3426	1.8222	-0.28769	-8.016	-72.884	67.518	-89.537	48.96	48.133	-30.881	2.5441	7.1455	-15.541	-48.719	55.9	-4.159	-2.7479
-3.0959	13.585	6.4847	5.4074	-3.3096	-4.1243	0.52328	3.4402	1.2469	-2.2652	-2.9885	0.87671	0.89601	-0.29372	-5.9995	6.6261	-1.3011	-51.661	34.543	-6.9766	79.441	-34.116	-38.851	7.798	-45.043	88.772	-37.048	-0.24128
-3.2252	14.238	6.8787	3.4464	-3.8132	-1.5746	0.74512	2.4517	0.55765	-2.426	-2.413	1.2753	1.5838	-1.9285	-5.1708	26.127	15.761	-78.439	-20.145	101.99	8.8738	-39.54	-27.57	-6.432	23.02	15.943	27.512	-65.392
-3.1999	16.613	5.9445	1.9789	-2.5029	-1.4308	2.735	0.79694	-0.4218	-2.1925	-1.6467	2.2249	0.88221	-2.1459	1.0137	94.994	-37.368	-58.699	52.413	5.7537	79.594	-66.189	-39.178	9.341	30.651	37.986	-28.064	-8.6938
-3.1295	21.377	5.3388	-0.99999	-0.80388	1.9062	-0.14113	0.69471	-1.5003	-1.5383	0.65991	0.77286	0.3969	-2.1936	2.8134	190.54	-24.226	-119.16	67.96	133.48	-115.04	-4.0893	-43.141	26.167	92.266	-58.083	-19.413	-1.9073
-3.1324	25.683	3.4616	-2.2621	1.9572	1.851	-1.0366	-0.2021	-1.7972	0.25366	-0.10565	0.72795	-0.64143	-1.1464	-0.11373	172.23	-75.09	-50.484	110.44	-2.2064	-35.819	-35.872	-11.876	71.679	-30.622	-1.7963	-41.533	41.886
-3.1207	23.816	3.9855	-3.5329	3.8899	1.8712	-1.407	-0.1633	-2.9153	1.9283	-0.53989	-0.33149	0.011936	-1.1226	0.46536	-74.674	20.957	-50.833	77.308	0.80749	-14.817	1.5521	-44.722	66.984	-17.37	-42.378	26.135	0.9511
-3.1857	22.079	4.5189	-4.1683	3.6841	2.8968	-1.0263	-1.0866	-2.8369	2.3762	-0.61137	-1.077	0.43519	-0.6562	-2.5982	-69.462	21.338	-25.417	-8.2319	41.025	15.232	-36.934	3.1363	17.917	-2.8593	-29.82	16.93	18.657
-3.2512	17.448	6.6598	-4.3047	2.7837	3.3298	-0.36805	-1.1811	-3.5642	2.6931	-0.23241	-1.8376	0.83331	-0.52788	-2.6214	-185.26	85.634	-5.4537	-36.013	17.317	26.328	-3.7774	-29.092	12.675	15.158	-30.423	15.925	5.1328
-3.2802	14.109	9.3149	-4.8351	1.3778	3.5663	0.80247	-0.51956	-4.9627	2.4934	0.44837	-2.2568	0.83616	-0.13242	-1.1579	-133.55	106.2	-21.218	-56.239	9.4618	46.821	26.461	-55.944	-7.9851	27.231	-16.768	0.11418	15.818
-3.2683	10.324	12.234	-5.099	0.012461	2.5153	2.1301	0.34782	-5.3994	0.79578	1.7731	-2.7539	1.3422	0.11651	0.47722	-151.39	116.77	-10.554	-54.612	-42.039	53.106	34.695	-17.467	-67.906	52.989	-19.884	20.243	9.957
-3.3486	5.8693	14.301	-2.9146	-3.1069	2.4574	2.7449	1.0795	-5.52	-0.27384	2.2836	-2.9743	1.3852	0.52167	-3.2147	-178.2	82.653	87.377	-124.77	-2.3157	24.591	29.269	-4.8217	-42.785	20.421	-8.8191	1.7198	16.207
-3.4726	0.46667	16.147	0.48048	-6.763	2.1611	3.9212	0.69097	-4.1333	-1.5425	1.8852	-2.3898	0.52669	1.135	-4.9579	-216.1	73.838	135.8	-146.24	-11.853	47.052	-15.543	55.467	-50.747	-15.936	23.38	-34.342	24.533
-3.6098	-5.2916	18.333	2.3624	-7.6503	-0.24198	5.5283	1.5022	-3.9175	-1.8413	1.4873	-1.7432	-0.46146	1.1445	-5.4899	-230.33	87.44	75.275	-35.492	-96.123	64.285	32.448	8.6344	-11.952	-15.917	25.867	-39.526	0.37872
-3.5984	-4.787	17.395	3.3335	-7.4442	-1.1093	5.2706	1.5857	-3.0603	-2.2966	1.1736	-1.062	-0.72018	1.1271	0.45513	20.185	-37.498	38.845	8.2423	-34.692	-10.308	3.3411	34.285	-18.212	-12.545	27.248	-10.349	-0.69588
-3.2225	-5.9745	19.114	3.5166	-8.5941	-1.0558	5.0005	1.5603	-2.9089	-2.5622	1.4061	-0.93638	-0.37045	0.65897	15.037	-47.498	68.757	7.3236	-45.996	2.1407	-10.805	-1.0148	6.0579	-10.622	9.3005	5.0232	13.989	-18.724
-2.7974	-1.9967	20.248	2.3382	-11.045	1.3284	3.7415	2.2535	-3.8061	-2.1749	2.0178	-1.1165	-0.35589	1.0204	17.004	159.11	45.348	-47.133	-98.017	95.365	-50.36	27.728	-35.89	15.492	24.464	-7.2043	0.58243	14.457
-2.3582	9.2611	18.968	-3.7054	-5.478	-2.4063	5.1899	2.2333	-5.4309	-1.5676	3.0875	-1.533	-0.30908	1.382	17.569	450.31	-51.175	-241.74	222.66	-149.39	57.935	-0.80883	-64.991	24.29	42.788	-16.662	1.8723	14.466
-2.0207	15.967	16.807	-4.7333	-4.6783	-2.1911	4.3645	1.3034	-5.3858	-0.62018	2.7399	-0.92188	-0.5295	1.6823	13.5	268.22	-86.462	-41.116	31.989	8.606	-33.017	-37.196	1.8036	37.899	-13.903	24.446	-8.8167	12.009
-1.8249	22.539	14.879	-6.8055	-3.0668	-2.2785	4.0749	-0.39359	-4.4726	0.14397	2.2336	-0.23524	-0.92835	2.0806	7.8319	262.91	-77.107	-82.891	64.458	-3.4974	-11.583	-67.879	36.528	30.566	-20.253	27.465	-15.954	15.933
-1.8278	26.582	13.736	-8.7755	-1.1182	-1.4292	2.5036	-0.81009	-3.6351	0.98794	1.5406	0.092501	-0.5499	1.8571	-0.1158	161.69	-45.725	-78.798	77.946	33.972	-62.853	-16.66	33.501	33.759	-27.72	13.11	15.138	-8.9384
-1.9111	25.97	14.429	-10.51	0.77558	-1.5958	1.1925	-0.75122	-2.6531	0.91899	1.1093	0.57663	-0.23567	1.1895	-3.3323	-24.481	27.737	-69.361	75.75	-6.6624	-52.441	2.3548	39.278	-2.7583	-17.25	19.365	12.569	-26.707
-1.908	27.254	13.498	-11.097	1.9422	-1.943	0.50857	-0.64171	-2.243	0.88545	1.2134	0.78907	0.20999	0.10533	0.12372	51.386	-37.237	-23.491	46.665	-13.888	-27.359	4.3804	16.405	-1.3414	4.1631	8.4976	17.827	-43.365
-1.8628	29.814	11.474	-11.281	3.365	-3.4539	1.0757	-1.1565	-1.6491	0.9265	1.3321	1.0673	0.079173	-0.37926	1.8089	102.4	-80.988	-7.3559	56.912	-60.435	22.683	-20.593	23.755	1.6419	4.7499	11.13	-5.2328	-19.384
-1.8653	30.063	9.9432	-9.4793	1.6405	-1.8132	-0.53442	-0.60362	-1.7906	1.5448	1.0752	1.3157	-0.0058763	-0.82161	-0.10056	9.9619	-61.225	72.057	-68.98	65.628	-64.403	22.116	-5.6583	24.732	-10.279	9.9356	-3.402	-17.694
-1.8875	34.014	6.2566	-7.9086	2.1176	-2.1053	-0.33779	-1.6217	-0.778	1.2112	1.5735	1.0053	-0.38073	-0.31725	-0.888	158.04	-147.46	62.827	19.083	-11.683	7.8652	-40.725	40.503	-13.345	19.935	-12.418	-14.994	20.174
-1.9211	32.974	6.7678	-8.0802	2.2899	-2.428	-0.43649	-1.4305	-1.3628	2.261	0.84848	1.5576	-0.98239	0.050556	-1.3435	-41.626	20.451	-6.8654	6.8933	-12.909	-3.948	7.6496	-23.39	41.993	-29.002	22.094	-24.066	14.712
-2.0044	35.426	3.9887	-6.2485	1.6302	-1.907	-0.82811	-1.7433	-1.0475	2.456	0.70634	1.3481	-0.94056	0.084551	-3.3327	98.077	-111.16	73.267	-26.387	20.84	-15.665	-12.514	12.61	7.7998	-5.6859	-8.3831	1.6729	1.3598
-2.0831	35.059	3.7484	-6.3762	2.3304	-2.0738	-0.93088	-1.8643	-1.4703	3.2654	0.19629	1.4169	-1.2007	0.38434	-3.1479	-14.682	-9.6128	-5.105	28.007	-6.6747	-4.111	-4.8397	-16.912	32.375	-20.402	2.7534	-10.407	11.992
-2.1385	36.771	1.8975	-4.6995	1.5078	-0.53094	-2.0744	-1.9437	-1.2095	2.8085	0.75228	0.28641	-0.32132	-0.11202	-2.2151	68.48	-74.037	67.065	-32.903	61.717	-45.741	-3.1739	10.433	-18.274	22.239	-45.22	35.177	-19.855
-2.1883	35.98	2.3764	-5.5969	2.8133	-0.56183	-1.7269	-2.741	-0.47625	2.5475	0.11793	0.3563	-0.55059	0.19095	-1.9931	-31.63	19.157	-35.897	52.221	-1.2358	13.9	-31.892	29.33	-10.44	-25.374	2.7957	-9.1707	12.119
-2.2585	34.947	2.2091	-4.7005	2.7858	0.11369	-1.0347	-3.6026	-0.22701	2.4302	-0.45426	-0.028916	-0.19669	0.3916	-2.8055	-41.298	-6.6936	35.858	-1.1034	27.021	27.688	-34.465	9.9695	-4.693	-22.888	-15.409	14.156	8.0261
-2.6613	28.496	2.0979	-1.3283	1.3095	3.2372	-2.6297	-2.5501	-0.58902	2.2481	-1.1952	-0.54203	-0.056666	0.057993	-16.116	-258.05	-4.448	134.89	-59.05	124.94	-63.798	42.1	-14.48	-7.2839	-29.637	-20.524	5.601	-13.344
-3.4908	13.892	3.1194	0.96462	1.1288	5.5398	-0.68584	-2.7953	-0.2082	1.5319	-1.5166	-0.27346	-0.84142	-0.23759	-33.177	-584.18	40.86	91.718	-7.2267	92.104	77.753	-9.8061	15.233	-28.646	-12.855	10.743	-31.39	-11.823
-4.7916	-12.035	-1.0129	5.0812	2.3817	6.5475	0.46352	-4.1845	-0.87881	1.5054	-1.9164	-0.46354	-1.1031	-0.52799	-52.032	-1037.1	-165.29	164.66	50.115	40.307	45.974	-55.569	-26.825	-1.0608	-15.992	-7.6032	-10.467	-11.616
-7.4561	-38.383	-1.1291	6.7399	3.4318	5.0029	2.3991	-4.342	-1.5618	-0.022745	-1.3538	1.045	-0.38201	-0.8481	-106.58	-1053.9	-4.6473	66.349	42.004	-61.782	77.423	-6.3012	-27.318	-61.126	22.505	60.342	28.843	-12.804
-10.647	-66.678	-8.2187	9.3595	5.6232	7.0731	2.3716	1.1748	-0.20945	-2.7188	0.67782	0.69279	0.82767	-0.64726	-127.65	-1131.8	-283.58	104.78	87.657	82.805	-1.1014	220.67	54.093	-107.84	81.263	-14.089	48.387	8.0338
-12.211	-72.104	-17.339	1.6725	-1.3184	2.5211	4.0444	2.9281	1.6462	-2.3296	2.2854	-0.52163	1.0689	-1.073	-62.556	-217.01	-364.8	-307.48	-277.66	-182.08	66.916	70.132	74.225	15.567	64.302	-48.577	9.6473	-17.031
-10.892	-57.756	-14.488	-2.1644	-6.2428	0.81498	3.2102	2.1508	1.7694	-3.2995	1.8335	0.38941	1.8481	0.22693	52.784	573.93	114.01	-153.48	-196.98	-68.245	-33.369	-31.091	4.9275	-38.797	-18.076	36.441	31.169	51.999
-8.2943	-39.188	-10.249	2.2246	-7.0819	-2.0965	1.4577	1.0712	3.1271	-3.1472	1.4088	0.0062151	2.1275	-1.3336	103.89	742.68	169.57	175.56	-33.565	-116.46	-70.102	-43.184	54.309	6.0919	-16.989	-15.328	11.177	-62.422
-8.0537	-14.668	-16.98	-0.23392	-9.7966	-2.0434	1.8288	2.0072	6.4575	-3.806	-1.6754	2.0198	1.6632	-1.0135	9.6239	980.83	-269.25	-98.342	-108.59	2.1251	14.847	37.441	133.22	-26.353	-123.37	80.545	-18.572	12.805
-5.1068	-21.995	-4.8588	5.1188	-4.5645	2.2862	1.2756	-0.26421	3.6926	-3.2644	0.17822	2.7259	0.98731	-1.8038	117.87	-293.08	484.87	214.11	209.28	173.18	-22.132	-90.858	-110.6	21.663	74.144	28.242	-27.036	-31.613
-3.8079	4.5714	5.2251	5.2868	-3.3414	-2.4464	1.4422	-0.3449	0.71872	-2.0969	-1.018	3.7936	0.98904	-2.0666	51.954	1062.6	403.35	6.7181	48.922	-189.3	6.6655	-3.2274	-118.95	46.701	-47.849	42.71	0.069184	-10.511
-3.5388	19.917	4.3786	3.3225	-3.4595	-4.654	0.19081	1.26	3.2488	-2.9905	-1.3068	5.6864	-2.1242	-0.078162	10.764	613.84	-33.858	-78.569	-4.7212	-88.302	-50.055	64.195	101.2	-35.744	-11.553	75.709	-124.53	79.537
-2.9666	20.394	2.6115	1.1295	-4.47	-3.9939	2.0661	0.36138	2.2786	-1.6544	-0.4682	3.738	-0.61331	-0.81737	22.888	19.051	-70.687	-87.72	-40.423	26.401	75.013	-35.944	-38.806	53.447	33.546	-77.935	60.437	-29.568
-2.8196	22.41	2.9	0.98279	-3.9961	-4.524	1.121	0.64557	2.3308	-1.8209	-0.97062	4.7993	-0.61302	-1.6757	5.8831	80.657	11.544	-5.8701	18.956	-21.202	-37.804	11.368	2.0893	-6.6597	-20.097	42.451	0.01149	-34.335
-2.6949	22.302	3.7466	0.18982	-1.5373	-5.0695	-0.98041	-0.085038	2.5738	-0.25179	-0.89521	4.1615	-1.057	-1.4872	4.988	-4.3113	33.861	-31.719	98.354	-21.82	-84.058	-29.225	9.7185	62.762	3.0161	-25.511	-17.759	7.5425
-2.6896	26.705	6.5663	-5.624	-1.5639	-3.3493	0.12597	0.36725	0.67465	-0.17582	-0.35485	4.1245	-0.65058	-2.0045	0.21164	176.1	112.79	-232.55	-1.0628	68.806	44.255	18.091	-75.966	3.0388	21.615	-1.4791	16.256	-20.693
-2.5407	24.317	3.2649	0.61955	-0.33376	-5.0899	-0.43621	-0.9473	2.2498	0.58859	-1.3351	4.4224	-1.5866	-1.0614	5.9556	-95.492	-132.05	249.74	49.204	-69.624	-22.487	-52.582	63.006	30.577	-39.21	11.916	-37.44	37.726
-2.9725	21.79	2.9799	1.5659	-0.75978	-4.9813	1.786	-0.73461	-0.31621	1.2254	0.56087	2.5913	-1.4752	-0.8048	-17.273	-101.11	-11.404	37.854	-17.041	4.3454	88.887	8.5074	-102.64	25.474	75.838	-73.247	4.4563	10.263
-3.5713	13.902	2.6082	1.8793	1.3949	-0.67456	-1.5085	-2.7989	1.864	2.2322	-0.76118	1.0405	-0.21756	-0.31335	-23.95	-315.53	-14.868	12.535	86.187	172.27	-131.78	-82.573	87.21	40.272	-52.882	-62.03	50.304	19.658
-4.3497	3.5084	2.5621	2.8128	2.6709	1.8829	-0.69421	-4.4691	0.55855	3.352	-0.55765	0.67785	-0.78294	-0.045223	-31.139	-415.73	-1.8439	37.34	51.04	102.3	32.57	-66.807	-52.219	44.792	8.1412	-14.506	-22.615	10.725
-5.4321	-12.347	1.3052	6.2327	1.3388	3.9989	-0.52379	-4.6567	-0.90089	2.8946	-0.62482	-0.16114	-0.81073	-0.019508	-43.296	-634.2	-50.277	136.8	-53.284	84.638	6.8169	-7.5027	-58.378	-18.299	-2.687	-33.56	-1.1118	1.0286
-7.9659	-45.179	-1.9539	6.8333	4.3071	6.9466	-0.78158	-3.2108	-0.10914	0.36183	0.8074	-2.2004	-0.27917	0.6917	-101.35	-1313.3	-130.36	24.026	118.73	117.91	-10.312	57.833	31.67	-101.31	57.289	-81.572	21.263	28.448
-11.559	-76.483	-15.83	3.7669	2.0575	2.2848	0.44763	-0.33013	1.4937	0.79005	2.0586	-1.8587	0.10361	1.1304	-143.73	-1252.2	-555.05	-122.66	-89.986	-186.47	49.169	115.23	64.114	17.129	50.048	13.669	15.311	17.548
-13.729	-81.098	-18.606	2.1042	1.0629	2.5628	1.1557	1.1391	3.2077	-1.2148	2.7665	-1.9404	-1.3225	-0.097588	-86.806	-184.57	-111.03	-66.509	-39.782	11.12	28.324	58.769	68.561	-80.192	28.315	-3.2691	-57.043	-49.12
-13.735	-79.31	-19.384	3.1903	0.3515	1.8783	2.3389	2.9062	1.9527	-1.8593	2.8774	-0.82309	0.68094	0.59221	-0.21933	71.486	-31.134	43.444	-28.457	-27.382	47.328	70.683	-50.204	-25.78	4.4381	44.693	80.136	27.592
-13.63	-79.904	-17.474	4.1775	-0.59326	1.8117	1.4795	2.2349	2.9825	-0.73476	2.7667	0.018734	0.27569	0.63091	4.1823	-23.754	76.413	39.488	-37.79	-2.6657	-34.376	-26.853	41.192	44.98	-4.4299	33.673	-16.21	1.5481
-7.411	-26.766	-2.255	2.9208	-10.285	-1.9187	-2.4013	-0.69178	2.1493	-5.2338	3.0653	-1.2326	2.0136	-0.53388	248.77	2125.5	608.76	-50.27	-387.65	-149.21	-155.23	-117.07	-33.325	-179.96	11.945	-50.054	69.515	-46.592
-7.4049	-23.994	0.04997	2.9522	-9.6608	-1.2024	-1.3214	0.020138	2.1811	-4.355	3.5673	-1.2251	2.525	-0.51652	0.24365	110.88	92.197	1.2586	24.95	28.653	43.196	28.477	1.2709	35.153	20.079	0.30138	20.458	0.69449
-9.6096	-51.32	-12.866	3.1639	-4.3025	-2.0203	1.2665	2.0757	3.6141	-1.9873	0.54395	-0.92143	0.88871	0.39015	-88.188	-1093.1	-516.62	8.4657	214.33	-32.718	103.51	82.222	57.32	94.709	-120.93	12.146	-65.452	36.267
-8.664	-36.996	-18.654	3.6236	0.0090644	0.35506	-0.48895	0.86569	5.266	0.40558	1.5782	-0.95636	-0.39885	0.74207	37.823	572.97	-231.52	18.388	172.46	95.015	-70.218	-48.4	66.074	95.714	41.372	-1.3972	-51.503	14.077
-8.1039	-7.9311	-16.585	1.018	-1.0539	1.5887	-1.0653	1.6656	4.5155	0.30891	1.7445	-2.6133	-0.16078	1.7679	22.407	1162.6	82.758	-104.23	-42.518	49.346	-23.056	31.995	-30.017	-3.8667	6.6518	-66.277	9.5228	41.035
-5.355	-15.129	-10.838	5.023	1.2901	4.6097	-0.84743	-1.3599	2.552	-2.195	1.2425	-2.0258	-0.75054	0.74625	109.95	-287.92	229.88	160.2	93.758	120.84	8.7167	-121.02	-78.542	-100.16	-20.083	23.501	-23.591	-40.868
-3.549	7.1493	1.3931	3.2212	1.2421	5.4521	-4.9612	-3.1508	0.76042	-1.4765	0.42941	0.064204	-1.0467	-0.083314	72.239	891.13	489.22	-72.072	-1.9184	33.696	-164.55	-71.633	-71.663	28.741	-32.522	83.599	-11.845	-33.182
-3.2649	29.11	0.90627	-1.0165	0.5737	3.8732	-3.6619	-2.1136	-0.31225	0.68797	-0.076658	1.2189	-0.96461	-0.15999	11.364	878.43	-19.471	-169.51	-26.737	-63.156	51.973	41.485	-42.907	86.578	-20.243	46.187	3.2823	-3.0669
-2.9571	29.244	-0.38132	-2.4341	3.011	2.0348	-2.8498	-2.1016	-0.45993	0.75785	0.22356	0.9646	-0.90043	0.27637	12.315	5.3486	-51.504	-56.704	97.492	-73.536	32.483	0.48203	-5.907	2.7951	12.009	-10.171	2.5674	17.454
-2.8304	25.839	-0.14506	0.87682	0.96197	0.48183	-1.7829	-2.1273	-1.3084	1.4732	-0.24912	0.70651	-0.46384	0.069111	5.0676	-136.2	9.4501	132.44	-81.961	-62.12	42.675	-1.0281	-33.94	28.616	-18.907	-10.324	17.464	-8.2905
-2.6424	27.388	0.21832	-0.81444	1.0311	1.7173	-3.2846	-1.9099	-1.8748	1.7199	-0.45617	1.0641	-0.32096	0.37161	7.5184	61.982	14.535	-67.65	2.7666	49.42	-60.066	8.6967	-22.656	9.8645	-8.2818	14.303	5.7151	12.1
-2.4639	28.348	1.5002	-2.9865	-0.10097	4.1218	-5.9105	-1.0294	-2.1352	1.0804	1.0677	-0.20312	0.26467	0.32957	7.1394	38.398	51.273	-86.884	-45.285	96.178	-105.04	35.22	-10.413	-25.579	60.955	-50.688	23.425	-1.6816
-2.385	30.225	2.7931	-3.864	-0.68676	3.8278	-5.4867	-1.4899	-1.9396	1.0538	0.76687	0.21904	-0.069621	0.50697	3.1571	75.091	51.719	-35.097	-23.432	-11.759	16.954	-18.42	7.8221	-1.0615	-12.034	16.886	-13.372	7.096
-2.2148	31.974	2.9327	-4.9378	0.28249	2.2235	-4.1726	-1.7759	-1.7543	1.4298	0.29677	0.68032	-0.42097	0.51298	6.8067	69.928	5.583	-42.955	38.77	-64.172	52.564	-11.442	7.412	15.04	-18.804	18.451	-14.054	0.24055
-2.4715	29.618	3.1418	-3.0333	-2.5879	4.2319	-4.5577	-2.1525	0.027475	-0.064689	1.0078	1.0682	-1.0295	0.92235	-10.268	-94.217	8.3662	76.18	-114.81	80.336	-15.407	-15.063	71.272	-59.781	28.441	15.514	-24.341	16.375
-2.6837	24.436	0.62017	-0.39745	0.48114	-0.98823	-2.5336	-0.52262	-2.8372	2.4466	0.41774	1.1985	-0.46346	0.38655	-8.4859	-207.3	-100.87	105.43	122.76	-208.8	80.967	65.195	-114.59	100.45	-23.602	5.2135	22.641	-21.432
-2.9688	16.896	0.40903	0.95607	-0.12271	-1.9452	-3.1775	-0.77238	-3.4618	2.0208	0.52784	1.532	-0.42231	0.36226	-11.404	-301.57	-8.4457	54.141	-24.154	-38.279	-25.758	-9.9905	-24.984	-17.029	4.4038	13.341	1.6459	-0.9716
-3.6671	20.241	2.8526	-0.14979	-1.7537	0.82292	-4.4341	-1.1993	-1.1071	0.71371	-0.028312	2.2083	-1.0612	0.059347	-27.933	133.77	97.742	-44.234	-65.24	110.72	-50.265	-17.078	94.185	-52.285	-22.246	27.051	-25.554	-12.116
-3.4033	12.37	0.5962	1.6066	-1.8182	1.4705	-3.8641	-0.15021	-0.57686	0.018505	1.2148	0.79866	-0.090794	-0.86764	10.551	-314.83	-90.256	70.255	-2.5809	25.904	22.803	41.965	21.21	-27.808	49.724	-56.386	38.815	-37.08
-4.2753	2.078	6.0094	-0.40852	-1.2219	-0.39059	-4.8023	-1.4962	-0.51487	-0.54998	0.84996	1.9895	-0.5703	-0.92203	-34.877	-411.69	216.53	-80.604	23.853	-74.445	-37.531	-53.839	2.4794	-22.74	-14.594	47.635	-19.18	-2.1756
-5.7806	-9.0667	-2.363	0.81752	-0.91899	1.1584	-2.1511	-0.96808	1.4029	1.0361	0.6542	1.9143	-0.57037	-0.83477	-60.215	-445.79	-334.9	49.042	12.116	61.961	106.05	21.124	76.713	63.442	-7.8302	-3.0082	-0.0028675	3.4905
-6.0969	-5.7543	0.47437	0.86787	-2.6599	0.19317	-2.7726	-0.91076	1.1334	0.87729	0.95722	2.7842	0.042932	-0.52604	-12.652	132.49	113.49	2.0142	-69.637	-38.61	-24.861	2.2929	-10.78	-6.351	12.121	34.794	24.532	12.349
-6.5217	-42.231	-4.4117	1.2512	-2.2634	-0.86581	-4.3708	-3.1988	-2.0624	-2.3011	2.5468	3.3496	1.1115	0.1888	-16.99	-1459.1	-195.44	15.332	15.86	-42.359	-63.925	-91.521	-127.83	-127.14	63.582	22.617	42.743	28.594
-9.7496	-53.299	-7.6772	2.1017	0.75066	4.0166	1.1283	0.38959	-1.0887	-1.7889	2.1617	1.6766	-1.0645	-0.50159	-129.12	-442.68	-130.62	34.02	120.56	195.3	219.96	143.54	38.946	20.486	-15.403	-66.922	-87.042	-27.615
-9.6456	-47.992	-0.12862	7.1414	-0.34471	0.88206	1.1858	-0.70129	-0.99295	-2.7938	0.40377	-0.087199	-0.67409	-0.50626	4.1582	212.25	301.94	201.59	-43.815	-125.38	2.3023	-43.635	3.8307	-40.193	-70.316	-70.55	15.618	-0.18677
-9.7358	-58.278	-4.3945	6.6572	-0.97692	-0.094012	-0.59105	-1.4831	-2.0957	-4.6409	0.51424	-2.4147	-1.0795	-1.9476	-3.6089	-411.44	-170.63	-19.369	-25.289	-39.043	-71.075	-31.273	-44.111	-73.886	4.4188	-93.1	-16.217	-57.655
-11.437	-67.826	-12.097	2.0272	-4.8902	-1.1246	-0.27598	1.4385	1.7368	-5.6603	-2.3944	-2.7694	-0.020577	3.3628	-68.065	-381.9	-308.12	-185.2	-156.53	-41.225	12.603	116.86	153.3	-40.776	-116.35	-14.187	42.358	212.42
-12.155	-75.804	-15.479	1.6187	-4.7378	-0.87848	3.0068	6.2253	4.4246	-3.0371	-2.6231	-3.0296	2.8106	3.0535	-28.714	-319.12	-135.26	-16.341	6.0973	9.8462	131.31	191.48	107.51	104.93	-9.1487	-10.408	113.25	-12.371
-12.779	-70.264	-13.625	2.3735	-2.9764	-1.0766	1.9238	2.7216	0.72626	-2.7639	0.57814	0.087814	1.4299	-0.27731	-24.945	221.6	74.177	30.194	70.455	-7.9262	-43.323	-140.15	-147.93	10.928	128.05	124.7	-55.227	-133.23
-13.232	-73.872	-15.222	3.9363	-1.1293	0.93058	1.4194	2.131	2.3962	-1.6893	1.9525	0.18868	0.20332	-1.8743	-18.126	-144.34	-63.905	62.513	73.885	80.289	-20.173	-23.624	66.797	42.985	54.975	4.0346	-49.063	-63.879
-13.662	-80.394	-18.16	2.6384	-1.0671	0.67409	1.7031	3.4733	4.0621	-1.4768	1.09	-0.83679	-0.10382	-1.013	-17.177	-260.89	-117.52	-51.916	2.4884	-10.26	11.345	53.689	66.638	8.4993	-34.5	-41.019	-12.285	34.453
-13.534	-82.456	-19.666	5.1284	0.12226	0.99932	0.27562	3.2824	3.867	-1.74	2.0432	-0.66936	0.21231	-0.20541	5.0883	-82.47	-60.247	99.598	47.574	13.009	-57.099	-7.6349	-7.8071	-10.531	38.128	6.6972	12.645	32.302
-13.434	-82.408	-19.872	3.0086	1.0271	1.2782	0.42174	2.9403	3.4957	-2.6025	1.5014	-1.0076	-0.45986	-0.96554	4.0052	1.9396	-8.2196	-84.79	36.195	11.154	5.8452	-13.683	-14.851	-34.499	-21.671	-13.531	-26.887	-30.405
-13.273	-82.965	-20.37	2.997	0.81405	1.3106	0.52603	2.4822	2.6048	-1.2913	1.6846	-1.5381	0.7678	0.23205	6.4608	-22.312	-19.945	-0.46616	-8.523	1.2962	4.1714	-18.325	-35.633	52.45	7.3277	-21.22	49.106	47.904
-13.363	-80.979	-18.158	5.119	0.29333	1.9635	0.13558	3.0211	3.9332	-0.67934	1.3233	-1.5649	1.1686	-0.062036	-3.6323	79.466	88.493	84.881	-20.829	26.117	-15.618	21.555	53.135	24.478	-14.455	-1.0697	16.032	-11.764
-13.675	-82.751	-19.827	3.869	-1.0536	0.76954	-0.052027	3.0101	3.0701	-1.9932	0.91799	-1.3906	-0.30863	-0.40193	-12.449	-70.901	-66.738	-50	-53.878	-47.758	-7.5045	-0.44047	-34.524	-52.553	-16.211	6.9726	-59.09	-13.596
-13.807	-83.577	-20.36	3.2209	1.2048	2.9764	2.2816	2.8983	4.0825	-0.81598	1.577	-0.11241	0.50536	0.70064	-5.3038	-33.017	-21.335	-25.925	90.337	88.274	93.346	-4.4712	40.494	47.087	26.36	51.126	32.559	44.103
-13.907	-84.81	-18.445	4.8987	1.4816	2.1472	1.3716	2.3474	1.6907	-2.5637	2.1268	-0.94816	-0.051007	-0.033483	-4.0073	-49.333	76.593	67.112	11.071	-33.169	-36.402	-22.034	-95.67	-69.909	21.991	-33.43	-22.255	-29.365
-13.295	-80.738	-18.984	3.1372	-0.75125	1.2118	-0.040395	1.5953	1.6906	-1.3877	2.8689	-0.41065	0.53831	-0.28945	24.497	162.88	-21.544	-70.459	-89.314	-37.414	-56.479	-30.084	-0.006557	47.039	29.684	21.501	23.573	-10.239
-12.366	-61.227	-12.975	8.3504	0.044892	0.83442	-0.78108	0.096875	0.90606	-2.1331	1.7815	-0.84836	-0.25711	-0.19228	37.143	780.45	240.34	208.53	31.846	-15.096	-29.627	-59.938	-31.38	-29.813	-43.496	-17.509	-31.817	3.8867
