-3.4402	13.234	-1.7881	-0.67567	1.4711	1.3712	3.5843	-1.3164	0.53258	-0.77928	1.196	-0.42824	-0.3152	0.67078	0	0	0	0	0	0	0	0	0	0	0	0	0	0
-0.83945	39.916	10.052	-1.6665	-0.84559	-1.3264	-1.2654	-2.559	-4	1.2197	0.43722	0.4127	-1.3011	0.83414	104.03	1067.3	473.59	-39.632	-92.667	-107.9	-193.99	-49.706	-181.3	79.959	-30.35	33.638	-39.437	6.5343
-0.45641	54.065	8.1329	-3.4427	-0.9238	-0.6199	-2.9347	-3.5169	-3.2781	1.5403	-0.71665	1.2624	-1.0242	1.8417	15.322	565.94	-76.745	-71.049	-3.1281	28.26	-66.77	-38.312	28.876	12.822	-46.155	33.986	11.076	40.303
-0.65527	47.294	8.015	-3.5891	2.224	-0.14606	-1.9896	-3.3139	-1.178	1.9956	-2.8298	0.26262	-1.1895	1.9435	-7.9547	-270.84	-4.7187	-5.8582	125.91	18.954	37.806	8.12	84.004	18.215	-84.526	-39.99	-6.6104	4.0693
-1.4609	37.078	7.1916	-0.36859	4.1751	0.14134	-1.4944	-3.8556	-1.0541	1.8319	-2.7975	-1.0359	-0.6949	1.537	-32.225	-408.64	-32.935	128.82	78.043	11.496	19.806	-21.67	4.9531	-6.5481	1.2934	-51.939	19.783	-16.256
-2.6277	21.9	5.7854	-1.4183	1.2006	3.2338	0.79474	-4.5549	-0.95226	-2.0011	-0.34998	-0.37765	-0.39994	2.1409	-46.671	-607.12	-56.249	-41.99	-118.98	123.7	91.566	-27.973	4.0748	-153.32	97.899	26.328	11.798	24.156
-5.7862	-21.758	8.0419	-4.3418	-3.004	6.1422	1.0612	-3.3309	1.0378	1.4441	0.30645	0.14741	1.3681	2.5358	-126.34	-1746.3	90.261	-116.94	-168.18	116.33	10.659	48.962	79.601	137.81	26.257	21.002	70.722	15.795
-10.394	-69.288	0.16644	4.3439	1.1608	5.9534	3.8479	-0.37748	0.99025	-1.5097	-0.32836	0.19375	0.58377	0.78784	-184.33	-1901.2	-315.02	347.43	166.59	-7.549	111.47	118.14	-1.9007	-118.15	-25.392	1.8537	-31.373	-69.919
-10.93	-65.805	-17.331	6.2907	-0.52204	-0.1064	8.6268	-1.2797	2.4283	-0.93452	-1.7264	1.1342	-0.52841	0.75619	-21.414	139.34	-699.89	77.87	-67.313	-242.39	191.16	-36.089	57.522	23.006	-55.923	37.62	-44.488	-1.2664
-10.959	-69.928	-21.042	4.107	-0.94684	-0.15695	8.2721	-2.1032	2.7971	0.36677	-1.1414	1.4066	-0.4289	0.32928	-1.1873	-164.91	-148.44	-87.346	-16.992	-2.0219	-14.191	-32.941	14.752	52.052	23.402	10.892	3.9806	-17.076
-4.5265	-2.5891	1.4586	-9.8099	-10.298	7.1535	7.5166	-1.7047	-1.4514	-1.0245	0.73847	-4.5623	0.91229	0.94801	257.32	2693.5	900.02	-556.68	-374.06	292.42	-30.219	15.942	-169.94	-55.651	75.194	-238.76	53.647	24.749
-4.2471	13.379	-1.7819	-5.8272	-12.056	5.9184	5.21	-3.291	-2.0011	-0.25385	0.5753	-2.1556	-1.4909	1.2523	11.177	638.71	-129.62	159.31	-70.3	-49.404	-92.263	-63.454	-21.985	30.826	-6.5269	96.269	-96.127	12.173
-4.4748	16.007	-3.9391	1.2561	-12.491	1.7973	3.5934	-5.4875	-0.80663	-2.0454	1.9647	0.18176	-2.0273	0.45168	-9.1077	105.12	-86.285	283.33	-17.401	-164.84	-64.663	-87.858	47.777	-71.661	55.575	93.494	-21.457	-32.026
-4.6163	18.213	-1.8485	0.51003	-9.5902	1.8612	5.1001	-2.9218	-1.4464	-1.6047	1.4782	2.5857	0.55941	0.89688	-5.6609	88.272	83.621	-29.843	116.03	2.5531	60.267	102.63	-25.589	17.628	-19.461	96.158	103.47	17.808
-5.2742	10.869	-2.2632	-0.95975	-7.342	3.1021	6.1159	0.32902	-0.019435	-2.4894	1.2483	1.9533	0.68928	-1.2774	-26.315	-293.79	-16.587	-58.791	89.927	49.639	40.631	130.03	57.077	-35.389	-9.193	-25.296	5.1948	-86.971
-5.5925	7.8217	-5.6205	-5.2907	-4.3236	1.6714	2.5312	1.4493	1.274	-1.2297	1.6366	1.0965	0.71241	-1.3748	-12.734	-121.88	-134.29	-173.24	120.74	-57.231	-143.39	44.812	51.738	50.389	15.53	-34.274	0.92547	-3.8947
-6.1052	2.4992	-5.3161	-6.0522	-4.523	-0.11802	5.4109	3.6156	0.80971	-1.013	1.5561	0.239	2.6226	-0.90308	-20.508	-212.9	12.175	-30.46	-7.9791	-71.575	115.19	86.651	-18.572	8.6671	-3.219	-34.298	76.406	18.868
-5.998	-2.571	-1.5695	-4.3034	-4.7631	-2.8029	5.3286	3.8104	1.6928	-0.79922	0.087336	-0.70846	2.0951	-1.4693	4.2896	-202.81	149.86	69.952	-9.6032	-107.4	-3.2923	7.7942	35.324	8.5513	-58.751	-37.899	-21.097	-22.648
-2.9599	9.4391	10.755	2.2674	-1.3095	-1.5976	4.2857	2.1722	-1.9051	-2.0661	-0.98097	0.042366	0.15887	-1.3677	121.52	480.4	492.97	262.83	138.14	48.211	-41.713	-65.531	-143.92	-50.674	-42.732	30.033	-77.45	4.0622
-1.4546	26.954	15.855	-0.14709	-2.0329	-6.0702	-0.49456	5.9652	-2.7358	-0.44794	-1.5641	1.3543	-1.9231	0.25893	60.212	700.59	204.03	-96.581	-28.937	-178.9	-191.21	151.72	-33.229	64.725	-23.325	52.479	-83.279	65.066
-0.67693	36.91	13.515	-1.9105	-2.7847	-7.6439	-0.70375	6.2657	-3.1815	0.23838	-1.4561	3.3566	-1.9041	-0.54669	31.108	398.26	-93.636	-70.537	-30.072	-62.945	-8.3675	12.018	-17.825	27.453	4.3179	80.089	0.75966	-32.225
-0.34445	42.39	12.972	-4.0659	-3.0834	-8.4939	0.34655	7.1814	-4.236	1.5605	0.2242	2.7286	-1.3334	-0.97221	13.299	219.19	-21.708	-86.217	-11.947	-34.003	42.012	36.63	-42.182	52.885	67.214	-25.121	22.827	-17.021
0.14594	47.067	10.937	-3.7118	-5.0771	-6.9671	2.091	6.0769	-4.2667	3.1152	1.1188	2.1148	-1.1682	-0.28671	19.616	187.07	-81.401	14.167	-79.749	61.073	69.778	-44.182	-1.2275	62.187	35.784	-24.553	6.6115	27.42
0.42731	52.265	10.086	-5.7217	-5.9044	-5.4262	2.1639	4.7149	-4.5101	2.7822	2.1545	2.0847	-0.23916	-0.80948	11.255	207.91	-34.036	-80.398	-33.089	61.635	2.9175	-54.478	-9.735	-13.317	41.428	-1.2027	37.16	-20.911
0.58945	52.861	10.577	-6.3934	-5.8057	-4.0658	1.0604	5.1961	-5.7816	3.0155	2.5525	2.3021	0.16933	-0.65932	6.4856	23.847	19.637	-26.866	3.9483	54.419	-44.142	19.248	-50.862	9.3291	15.921	8.6973	16.34	6.0063
0.56678	54.28	9.9496	-6.3648	-4.7173	-4.1783	0.99889	5.2667	-6.251	3.202	2.6492	2.437	0.0036219	-0.44226	-0.90698	56.765	-25.091	1.1437	43.534	-4.5023	-2.4608	2.8212	-18.774	7.4624	3.8652	5.3958	-6.6284	8.6827
0.38337	51.718	10.501	-6.9991	-4.011	-3.8719	0.52853	5.242	-6.1043	2.8872	3.1346	2.1583	-0.19695	-0.41636	-7.3363	-102.47	22.046	-25.372	28.254	12.259	-18.814	-0.98752	5.8659	-12.595	19.417	-11.15	-8.0227	1.036
0.013869	49.337	11.255	-5.4024	-3.7321	-3.2741	0.98617	4.7363	-5.8328	2.9263	2.8892	1.5266	0.21671	-0.89817	-14.78	-95.268	30.164	63.867	11.154	23.909	18.305	-20.228	10.862	1.5668	-9.815	-25.266	16.546	-19.273
-0.52312	43.355	12.096	-3.8742	-4.6359	-3.0082	0.68962	4.4024	-5.8552	2.5316	2.3514	0.92222	0.63002	-1.2508	-21.48	-239.26	33.667	61.13	-36.154	10.637	-11.862	-13.356	-0.89696	-15.79	-21.514	-24.175	16.532	-14.104
-1.2953	30.072	13.297	-1.2797	-3.5303	-3.0281	1.4873	3.4725	-4.9634	1.7293	1.3554	0.84056	1.2803	-1.3113	-30.888	-531.31	48.033	103.78	44.224	-0.79551	31.908	-37.195	35.672	-32.092	-39.837	-3.2667	26.013	-2.4203
-2.8001	14.081	9.9242	3.5058	-1.5098	0.21917	1.961	2.4879	-3.2864	0.93226	-0.53727	1.4103	1.1137	-1.6441	-60.192	-639.65	-134.93	191.42	80.823	129.89	18.946	-39.383	67.081	-31.881	-75.708	22.791	-6.664	-13.314
-3.4137	2.9432	8.2995	8.1127	1.5804	0.54183	0.8431	1.2295	2.3275	-0.21455	-2.952	1.6426	0.96359	-3.5126	-24.542	-445.51	-64.985	184.28	123.61	12.907	-44.714	-50.336	224.56	-45.873	-96.59	9.2899	-6.0056	-74.74
-3.5394	-3.2211	7.2013	9.6119	3.4154	2.4015	-1.7312	0.40582	3.5772	1.5598	-3.3276	-0.35188	-0.8614	-3.363	-5.0266	-246.57	-43.93	59.965	73.399	74.385	-102.97	-32.949	49.988	70.974	-15.022	-79.779	-73	5.9878
-3.7283	-9.5306	6.8334	10.163	1.2713	3.4976	0.58893	0.19689	2.9364	3.0649	-4.0278	-2.1966	-3.1491	-3.5798	-7.5582	-252.38	-14.716	22.039	-85.762	43.844	92.805	-8.3571	-25.634	60.204	-28.011	-73.79	-91.508	-8.6721
-4.1137	-20.613	6.3222	10.978	-0.42215	4.9723	3.3875	1.7465	0.74466	1.8866	-4.4033	-2.9705	-5.7822	-2.5137	-15.416	-443.3	-20.446	32.616	-67.739	58.99	111.94	61.983	-87.668	-47.13	-15.02	-30.957	-105.32	42.644
-4.572	-20.718	4.3507	9.5235	1.6677	4.216	2.6955	2.3188	-0.20228	0.38263	-3.5213	-4.1133	-5.7449	-1.5278	-18.331	-4.2069	-78.862	-58.191	83.593	-30.252	-27.677	22.893	-37.877	-60.16	35.28	-45.713	1.4896	39.436
-5.1903	2.8756	-2.4231	7.2689	0.95677	-3.8378	3.348	1.617	-0.027587	-3.2072	-0.29343	-3.3657	-2.1413	-1.5422	-24.733	943.76	-270.95	-90.182	-28.437	-322.15	26.1	-28.069	6.9876	-143.59	129.12	29.906	144.14	-0.57636
-5.7585	-3.8432	-7.52	8.8856	-1.0524	2.5143	2.1537	-0.043596	1.7259	-2.0654	-0.37861	-2.7527	-3.1593	-1.6626	-22.73	-268.75	-203.87	64.67	-80.365	254.08	-47.774	-66.426	70.14	45.671	-3.4072	24.52	-40.721	-4.8172
-5.6776	-12.534	-9.2252	7.9158	-5.1151	2.1194	-0.98483	2.0696	2.8567	0.19283	-0.47614	-1.7081	-1.8244	-0.23048	3.2365	-347.63	-68.209	-38.792	-162.51	-15.793	-125.54	84.529	45.233	90.331	-3.9015	41.783	53.396	57.285
-5.3653	-10.528	-14.115	5.5113	-4.5758	3.9568	0.44603	0.92646	2.4003	2.0897	-0.33062	0.47854	-0.99232	0.16232	12.492	80.248	-195.59	-96.182	21.574	73.495	57.234	-45.727	-18.259	75.875	5.821	87.467	33.285	15.712
-5.1151	-6.1506	-17.286	2.9081	-5.2431	1.6026	-0.65951	2.414	1.7432	0.43446	-0.97737	0.079049	-0.38118	0.40236	10.011	175.09	-126.85	-104.13	-26.694	-94.167	-44.222	59.503	-26.284	-66.21	-25.87	-15.98	24.445	9.6013
-5.4543	7.0187	-11.52	2.832	-3.5165	1.0681	-0.75251	0.54282	-0.53688	-0.93317	-0.32842	0.45577	-0.51231	0.51017	-13.571	526.77	230.65	-3.041	69.065	-21.379	-3.7201	-74.849	-91.202	-54.705	25.958	15.069	-5.2452	4.3124
-4.113	4.7104	-5.5128	5.8586	0.68823	2.2069	0.47015	-1.923	-1.9067	-2.4909	-1.878	-2.106	-1.1397	-0.65224	53.652	-92.333	240.28	121.06	168.19	45.551	48.906	-98.631	-54.792	-62.31	-61.984	-102.47	-25.094	-46.496
-2.7017	16.524	1.2125	6.3093	3.3309	3.5885	-3.0066	-4.54	-1.48	-2.5091	-1.5694	-6.1137	-1.3911	-1.0176	56.455	472.54	269.01	18.027	105.71	55.264	-139.07	-104.68	17.067	-0.7273	12.346	-160.31	-10.059	-14.613
-2.1391	19.692	0.96077	3.1409	5.3323	0.92523	-3.3299	-4.0182	-1.7689	-0.086398	-3.8548	-5.0049	-2.8362	-2.4108	22.503	126.71	-10.068	-126.74	80.056	-106.53	-12.933	20.871	-11.555	96.908	-91.417	44.351	-57.804	-55.728
-2.058	25.68	-2.6905	5.3035	4.6006	-0.020464	-2.4585	-4.9972	1.5029	-2.7989	-2.9593	-5.0521	-2.1671	-2.9066	3.2419	239.52	-146.05	86.502	-29.268	-37.828	34.857	-39.157	130.87	-108.5	35.82	-1.888	26.765	-19.834
-2.0791	19.673	1.8	1.3954	8.5252	-1.2303	-2.0234	-4.2303	0.73999	-1.481	-4.5148	-3.7164	-1.9556	-3.3946	-0.84226	-240.27	179.62	-156.32	156.98	-48.395	17.405	30.676	-30.515	52.717	-62.221	53.43	8.4592	-19.52
-2.2196	15.268	4.2307	-0.39181	10.724	-1.7551	-1.7454	-3.4352	0.24132	-1.3698	-5.2939	-1.9372	-2.8123	-3.8327	-5.6188	-176.2	97.227	-71.487	87.969	-20.992	11.117	31.801	-19.947	4.4478	-31.163	71.166	-34.269	-17.522
-2.6281	12.438	3.2131	0.91786	11.526	0.025247	-2.0691	-1.4231	0.24447	-3.303	-3.9308	-0.35538	-3.1874	-3.1418	-16.342	-113.21	-40.701	52.387	32.078	71.215	-12.945	80.484	0.12627	-77.33	54.526	63.274	-15.004	27.634
-3.5098	4.9682	4.719	1.9346	8.5876	-0.8913	-2.5368	-3.3215	2.4123	-4.5282	-1.5335	1.6255	-3.8486	-2.7571	-35.269	-298.78	60.235	40.672	-117.55	-36.662	-18.711	-75.934	86.714	-49.007	95.892	79.234	-26.445	15.39
-5.5636	-0.24245	-1.0793	-3.9823	3.1765	-2.5264	0.72392	-1.9313	4.5359	-6.5044	-0.0075565	0.67522	-1.9121	0.89197	-82.151	-208.43	-231.93	-236.68	-216.45	-65.404	130.43	55.607	84.944	-79.048	61.036	-38.011	77.46	145.96
-7.2472	-11.007	-1.0307	-4.7471	-0.34603	-2.0625	-1.1581	-2.6519	3.8944	-3.7066	0.4909	0.84485	-0.48371	0.85495	-67.342	-430.6	1.9439	-30.59	-140.9	18.556	-75.28	-28.823	-25.66	111.91	19.938	6.7854	57.134	-1.4806
-8.1605	-18.672	-7.2749	-4.5251	-0.24391	-1.3093	1.3688	-1.2901	3.934	-4.2801	-0.33367	0.39367	-0.87805	0.063359	-36.534	-306.56	-249.77	8.8796	4.0849	30.13	101.07	54.473	1.5844	-22.94	-32.983	-18.047	-15.774	-31.664
-7.0993	-23.034	-11.636	-1.0061	2.7584	-1.2652	1.4431	-1.2275	5.1284	-3.764	1.0471	0.95653	-0.49721	-0.4206	42.45	-174.49	-174.43	140.76	120.09	1.7607	2.9744	2.5018	47.777	20.643	55.232	22.514	15.234	-19.358
-4.834	12.785	-8.7212	-1.4683	-1.2239	-6.4072	-1.1263	-1.7964	3.2403	-3.3093	0.0070791	0.80801	-0.15776	1.2003	90.612	1432.8	116.58	-18.49	-159.29	-205.68	-102.78	-22.753	-75.524	18.19	-41.602	-5.9406	13.578	64.836
-4.5785	24.105	-4.9708	-2.3652	-0.60593	-5.5819	-1.0995	-2.871	4.2185	-3.7611	-0.3332	0.92846	0.89121	2.0937	10.218	452.79	150.01	-35.877	24.717	33.013	1.0727	-42.986	39.126	-18.075	-13.611	4.818	41.959	35.738
-4.9336	12.341	-4.2491	-2.1968	2.7085	-0.59872	0.61385	-0.9541	5.258	-2.5256	0.71314	1.1138	1.6604	2.5233	-14.203	-470.55	28.87	6.7349	132.58	199.33	68.533	76.676	41.581	49.421	41.854	7.4139	30.767	17.182
-5.2462	9.4198	-4.8685	-6.7659	2.1933	-0.7407	2.5305	0.68903	4.705	-0.12875	-0.60977	-1.0169	-1.0564	1.2415	-12.505	-116.85	-24.777	-182.76	-20.606	-5.6794	76.667	65.725	-22.12	95.875	-52.917	-85.226	-108.67	-51.273
-4.2756	17.985	0.25003	-4.8528	4.0669	0.39614	1.1784	1.5488	3.0224	-0.07229	-0.31877	-2.5113	-2.1226	-0.11521	38.822	342.63	204.74	76.522	74.942	45.474	-54.084	34.39	-67.304	2.2585	11.64	-59.778	-42.647	-54.267
-3.3881	21.645	4.2381	-2.7755	3.7548	-0.13446	2.0289	0.52227	0.62844	2.5919	-0.1107	-4.4772	-2.4062	0.36067	35.503	146.38	159.52	83.095	-12.481	-21.224	34.019	-41.06	-95.758	106.57	8.3228	-78.637	-11.345	19.035
-2.5285	25.82	8.1619	-2.8304	1.276	-0.79467	0.99969	0.82107	-1.1715	1.0256	0.13138	-2.8204	-3.3344	0.15497	34.384	166.98	156.95	-2.199	-99.154	-26.408	-41.168	11.952	-71.997	-62.65	9.6834	66.271	-37.126	-8.2279
-1.7911	31.503	8.3128	-3.4216	1.7557	-2.2245	-1.6369	2.5112	-2.1838	1.8257	-1.2364	-2.1736	-3.3182	0.24628	29.493	227.33	6.0391	-23.645	19.189	-57.191	-105.46	67.607	-40.493	32.001	-54.71	25.873	0.64677	3.6523
-1.1239	38.269	9.63	-4.4241	0.4169	-3.6161	-2.1157	1.9101	-2.5407	2.8238	-0.55485	-0.93948	-4.8085	0.43042	26.689	270.64	52.686	-40.102	-53.553	-55.668	-19.153	-24.044	-14.274	39.924	27.261	49.364	-59.612	7.3655
-0.73935	41.777	8.2354	-2.4295	-1.2949	-5.6564	-2.7835	2.3516	-1.5016	2.271	-0.27825	-0.50806	-3.4311	-0.80357	15.383	140.33	-55.785	79.786	-68.472	-81.61	-26.711	17.659	41.564	-22.112	11.064	17.257	55.097	-49.359
-0.51024	43.214	8.2982	-3.0247	-0.66478	-6.4406	-2.8082	3.0264	-2.5874	2.2844	1.4701	-0.31292	-2.9906	-1.3751	9.1641	57.473	2.5141	-23.809	25.204	-31.37	-0.99008	26.992	-43.433	0.53505	69.935	7.8054	17.619	-22.861
-0.56946	42.489	8.5161	-2.3957	-1.1141	-5.8692	-2.4765	2.2089	-2.9765	2.4236	2.3868	-0.45462	-2.6456	-1.4175	-2.3688	-28.983	8.713	25.161	-17.972	22.858	13.266	-32.7	-15.565	5.5701	36.666	-5.6679	13.8	-1.6963
-0.81484	37.339	8.812	0.49208	-0.19082	-5.9984	-2.634	0.98941	-2.0704	2.3724	1.5379	0.095049	-2.2139	-1.2425	-9.8151	-206	11.839	115.51	36.931	-5.167	-6.3	-48.781	36.245	-2.049	-33.954	21.987	17.266	7.0003
-1.2106	29.783	10.077	3.0579	-0.98219	-3.2871	-2.5433	-0.034008	-2.7751	1.7195	1.6693	0.21562	-1.5578	-1.7064	-15.83	-302.24	50.609	102.63	-31.655	108.45	3.6295	-40.937	-28.186	-26.115	5.2535	4.8228	26.247	-18.556
-2.1317	16.402	8.0092	6.5524	0.88511	0.34438	-1.762	-1.9776	-4.6938	1.5246	2.8163	0.61562	-2.601	-0.63831	-36.842	-535.26	-82.724	139.78	74.692	145.26	31.252	-77.743	-76.75	-7.7978	45.882	16	-41.729	42.723
-3.8179	9.9836	-0.044742	8.5279	-0.022504	1.0218	0.42732	-2.3711	-1.369	0.21302	1.7573	-0.22432	-0.61007	0.75955	-67.451	-256.73	-322.16	79.023	-36.305	27.096	87.573	-15.743	132.99	-52.462	-42.363	-33.598	79.637	55.914
-4.9183	3.8808	-12.366	2.4522	-3.5002	1.2393	1.0597	1.8487	0.79878	0.82189	-0.61352	-0.57829	-0.7647	0.84447	-44.017	-244.11	-492.87	-243.03	-139.11	8.702	25.294	168.79	86.712	24.355	-94.831	-14.159	-6.1851	3.397
-4.4233	1.0209	-17.079	-1.0564	-8.1235	-0.078688	0.75972	0.42904	-0.70037	-2.2695	-1.8277	-0.020991	-0.044363	1.377	19.803	-114.4	-188.49	-140.34	-184.93	-52.72	-11.998	-56.787	-59.966	-123.66	-48.568	22.292	28.814	21.3
-4.378	6.0152	-17.649	0.063998	-6.1957	-0.94693	-1.6427	-0.37291	-0.93658	-3.1734	-2.9734	0.25908	-0.041429	1.6465	1.8087	199.77	-22.831	44.815	77.112	-34.73	-96.099	-32.078	-9.4487	-36.153	-45.828	11.203	0.11735	10.781
-4.4604	7.965	-17.401	-0.6842	-6.5711	0.070373	0.36413	1.3289	1.5284	-1.3494	-2.1472	0.14887	0.68438	-0.00085179	-3.2946	77.992	9.9215	-29.928	-15.016	40.692	80.275	68.071	98.599	72.958	33.047	-4.4087	29.032	-65.893
-4.7082	7.2773	-17.064	-0.94214	-6.2352	-0.54597	-0.16617	-0.94652	0.24093	-1.8574	-1.3851	-0.73185	0.49493	-0.18094	-9.9125	-27.51	13.497	-10.318	13.433	-24.654	-21.212	-91.015	-51.499	-20.321	30.486	-35.229	-7.5778	-7.2035
-4.8559	2.8529	-16.847	1.7632	-9.1363	-0.59637	-1.0372	-0.42881	0.92313	-1.5819	-0.16956	-0.3389	0.10452	-0.14299	-5.9081	-176.97	8.6856	108.21	-116.04	-2.0161	-34.841	20.708	27.288	11.021	48.622	15.718	-15.617	1.5181
-4.7068	-8.7677	-22.438	2.8483	-5.228	2.0271	1.7636	1.9379	0.56954	-0.25448	0.02321	-0.93447	-1.1591	0.9778	5.9645	-464.82	-223.63	43.405	156.33	104.94	112.03	94.667	-14.144	53.097	7.7108	-23.822	-50.544	44.831
-4.789	-13.897	-27.359	4.2921	-4.2225	0.85633	2.1343	1.223	1.12	-0.34223	0.12535	0.72289	-0.1241	1.3298	-3.2882	-205.19	-196.86	57.754	40.22	-46.831	14.829	-28.595	22.017	-3.5098	4.0857	66.294	41.399	14.08
-4.7982	-17.679	-29.192	6.6924	-2.7912	-2.0971	2.9172	-0.91626	3.1617	-1.7604	0.19256	2.5411	-0.52225	2.1417	-0.36585	-151.27	-73.305	96.01	57.253	-118.14	31.315	-85.57	81.67	-56.726	2.6884	72.73	-15.926	32.477
-4.4692	-12.523	-28.353	6.0131	-2.4561	-4.3813	1.6338	-2.5603	5.1459	-0.38683	0.37652	0.64586	0.41508	1.854	13.16	206.24	33.567	-27.171	13.404	-91.369	-51.336	-65.761	79.368	54.942	7.3585	-75.811	37.493	-11.509
-3.7331	-4.2989	-26.241	9.1502	0.24182	-2.9694	6.3965	-0.92158	3.1129	-2.1138	-1.1006	0.68885	-0.56311	0.91362	29.442	328.96	84.471	125.48	107.92	56.476	190.51	65.548	-81.321	-69.078	-59.086	1.7199	-39.127	-37.615
-3.1238	16.882	-21.602	5.4507	-2.514	-7.0851	3.9386	-2.5512	2.3962	-0.65813	-0.95302	1.301	0.003654	-0.6472	24.371	847.22	185.56	-147.98	-110.23	-164.63	-98.317	-65.187	-28.669	58.226	5.9042	24.487	22.67	-62.433
-3.2595	19.69	-18.32	3.296	-2.0689	-7.4984	2.9897	-3.6673	0.85668	-1.0219	0.76711	0.55945	-0.14522	-0.50279	-5.4258	112.34	131.27	-86.188	17.805	-16.533	-37.956	-44.642	-61.579	-14.552	68.805	-29.664	-5.9551	5.7764
-4.1058	8.5636	-10.01	6.3262	6.9855	-3.3833	3.8007	-0.8945	-2.7259	-2.5183	0.53872	-0.86744	-2.456	-2.3177	-33.854	-445.06	332.42	121.21	362.18	164.6	32.44	110.91	-143.3	-59.856	-9.1355	-57.075	-92.431	-72.596
-4.0647	13.415	9.6706	-2.3494	4.9547	-2.6707	-0.47494	0.097169	-0.77288	-3.1343	0.66163	-1.4738	-2.7804	-1.4228	1.6427	194.07	787.21	-347.02	-81.235	28.503	-171.03	39.667	78.119	-24.641	4.9162	-24.254	-12.975	35.796
-4.195	3.8069	14.737	-6.5813	3.9182	-0.43709	-0.22337	-0.079018	-0.73145	-2.52	0.70746	2.0868	-1.3716	-0.48521	-5.2116	-384.34	202.66	-169.28	-41.457	89.346	10.063	-7.0475	1.6571	24.573	1.8335	142.42	56.353	37.503
-5.1774	-18.662	12.405	0.0045826	0.47792	3.7889	1.2981	0.034875	-0.30361	-0.53856	0.52784	1.294	-0.17689	0.013802	-39.294	-898.77	-93.291	263.43	-137.61	169.04	60.859	4.5557	17.113	79.258	-7.1849	-31.715	47.787	19.96
-5.1019	-10.263	8.0077	7.7042	-1.8079	2.2185	-0.12666	3.2639	1.7646	0.89222	-2.1516	0.219	1.0771	-1.2353	3.0181	335.95	-175.89	307.99	-91.434	-62.818	-56.991	129.16	82.73	57.231	-107.18	-42.999	50.159	-49.965
-4.5487	-12.038	11.041	7.6138	-1.4326	2.9027	1.0531	2.5494	-0.87779	0.92601	-2.0921	1.3113	2.1357	-0.44567	22.129	-70.991	121.32	-3.619	15.011	27.368	47.192	-28.58	-105.7	1.3518	2.3796	43.694	42.347	31.586
-4.3714	-9.2357	11.705	5.4864	-1.1057	2.8314	2.0912	1.7678	-0.62569	0.68095	-1.9562	1.0945	3.127	-0.28666	7.0935	112.1	26.57	-85.095	13.079	-2.8501	41.523	-31.262	10.084	-9.8025	5.4347	-8.6724	39.652	6.3603
-4.2999	-7.5738	11.746	4.7088	-1.754	4.2878	1.3183	2.1432	-1.0085	0.63543	-2.1601	0.74234	3.6993	0.14106	2.8579	66.477	1.6364	-31.102	-25.933	58.254	-30.916	15.015	-15.314	-1.8206	-8.1553	-14.088	22.89	17.109
-4.3235	-7.7725	12.614	3.3353	-1.6389	4.6693	1.2825	1.7314	-0.47951	0.58082	-2.2741	0.67489	3.3327	1.1439	-0.94458	-7.9454	34.719	-54.94	4.6026	15.263	-1.4333	-16.472	21.161	-2.1844	-4.5606	-2.6982	-14.664	40.112
-3.9732	4.5623	8.6626	0.78156	-0.15846	2.7994	2.3751	0.90402	-0.049545	-0.7212	-1.3511	1.6923	1.8414	1.5652	14.014	493.39	-158.05	-102.15	59.219	-74.798	43.706	-33.096	17.199	-52.081	36.919	40.698	-59.652	16.855
-2.8516	17.244	12.259	-3.1098	-2.3468	0.70515	0.22195	-0.28272	-1.6184	-0.60607	-0.42976	1.8702	1.7063	1.3957	44.864	507.26	143.85	-155.65	-87.535	-83.77	-86.128	-47.469	-62.754	4.6054	36.855	7.1149	-5.4036	-6.7799
-2.2541	17.737	16.504	-8.7107	0.32975	-0.81393	-2.3262	0.94646	-3.9541	1.4558	-0.24825	2.2216	2.6402	-0.073834	23.9	19.74	169.8	-224.04	107.06	-60.763	-101.93	49.167	-93.427	82.474	7.2605	14.056	37.357	-58.783
-1.8931	21.379	16.039	-10.292	1.8168	-2.0732	-1.0389	-0.31866	-3.8941	2.2634	-0.37012	3.1164	1.3922	0.56755	14.44	145.68	-18.596	-63.26	59.481	-50.372	51.495	-50.605	2.4007	32.303	-4.8746	35.792	-49.919	25.655
-1.7944	24.033	14.892	-10.228	2.5021	-2.42	-1.0073	-0.7708	-4.1707	2.877	-0.54663	2.7241	0.99314	0.64923	3.9455	106.17	-45.866	2.5671	27.412	-13.872	1.2618	-18.086	-11.064	24.545	-7.0605	-15.694	-15.964	3.2671
-1.7245	24.064	15.115	-9.7976	1.7413	-0.31382	-2.9931	-0.21568	-4.5327	3.1208	-0.38721	2.1475	0.67917	0.94132	2.7961	1.2319	8.8956	17.217	-30.431	84.248	-79.431	22.205	-14.482	9.7544	6.3766	-23.061	-12.559	11.683
-1.7285	21.575	17.164	-9.9636	2.356	0.055878	-2.6002	-1.2267	-3.8172	3.47	-1.1494	2.983	-0.26749	1.2902	-0.15742	-99.567	81.993	-6.6399	24.586	14.788	15.717	-40.441	28.619	13.967	-30.489	33.42	-37.867	13.956
-1.8305	19.442	16.992	-9.0154	4.6032	-1.5094	-1.4103	-2.55	-3.7434	3.8494	-1.6841	2.834	-0.9471	1.5285	-4.0795	-85.321	-6.8999	37.928	89.89	-62.61	47.594	-52.929	2.9514	15.176	-21.385	-5.9597	-27.184	9.5309
-2.3501	14.555	14.651	-5.2947	6.7362	-0.36882	-2.168	-2.7863	-2.958	2.5638	0.1754	1.3228	-0.85721	1.3587	-20.786	-195.47	-93.621	148.83	85.319	45.622	-30.307	-9.4541	31.419	-51.426	74.378	-60.45	3.5956	-6.7898
-3.1027	13.921	5.4824	-0.58646	8.0871	1.4483	-1.5391	-3.3691	-1.166	0.60986	1.5645	0.95474	-1.4283	0.66144	-30.102	-25.379	-366.76	188.33	54.036	72.686	25.155	-23.314	71.681	-78.156	55.565	-14.721	-22.843	-27.892
-4.3579	16.136	-6.4925	3.979	7.0519	-1.1273	-0.14875	-0.38505	1.3111	-0.49753	1.7068	-0.32888	-0.36606	0.049273	-50.208	88.604	-478.99	182.62	-41.406	-103.02	55.615	119.36	99.084	-44.296	5.6925	-51.345	42.489	-24.487
-4.1036	8.8793	-17.968	5.0535	7.2313	-2.6578	3.2756	1.1887	2.0875	0.37862	0.19345	-0.64591	0.30173	-0.62283	10.168	-290.26	-459.03	42.98	7.1755	-61.22	136.97	62.951	31.053	35.046	-60.535	-12.681	26.711	-26.884
-4.0121	7.6716	-21.777	4.6337	2.9051	-4.1465	4.726	-0.72218	2.0022	0.5582	-0.83891	0.11062	1.2046	-0.16012	3.6615	-48.305	-152.36	-16.79	-173.05	-59.55	58.014	-76.435	-3.411	7.1832	-41.295	30.261	36.116	18.508
-4.2757	4.6795	-21.351	6.6273	-2.4974	0.3772	4.3979	-0.16835	0.82455	-0.82673	-0.17119	-0.45434	0.076658	-0.043875	-10.545	-119.68	17.027	79.741	-216.1	180.95	-13.122	22.153	-47.105	-55.398	26.709	-22.598	-45.119	4.6499
-4.5928	0.63799	-18.525	6.7975	-4.9798	-0.6382	1.2896	1.2754	-0.028587	0.81233	0.072812	-1.547	0.53069	0.60424	-12.681	-161.66	113.04	6.8106	-99.294	-40.616	-124.33	57.75	-34.126	65.563	9.7601	-43.707	18.161	25.925
-4.9892	-9.3643	-19.839	5.3547	-7.6583	1.3698	1.5328	2.1892	2.4999	-0.68024	-0.93411	-0.70811	-0.34539	0.73212	-15.86	-400.09	-52.549	-57.711	-107.14	80.319	9.7264	36.551	101.14	-59.703	-40.277	33.556	-35.043	5.115
-4.9996	-8.4623	-19.279	4.143	-8.0053	2.892	2.1028	1.0097	2.1084	-0.97567	0.9604	0.621	-0.50103	0.67615	-0.41275	36.078	22.407	-48.47	-13.879	60.889	22.802	-47.179	-15.661	-11.817	75.78	53.164	-6.2254	-2.2385
-4.893	-7.4968	-21.123	2.1445	-7.4539	2.9746	1.4824	0.43032	0.95756	-1.2885	0.92756	0.54029	1.2678	0.080635	4.2612	38.621	-73.77	-79.938	22.056	3.3059	-24.816	-23.175	-46.034	-12.514	-1.3134	-3.2282	70.751	-23.821
-4.7206	-7.652	-23.417	1.3357	-6.7793	2.8467	-0.22541	0.62063	1.9699	1.3916	2.2738	-0.96726	-0.56264	0.81825	6.8978	-6.2079	-91.757	-32.355	26.982	-5.1188	-68.314	7.6124	40.495	107.21	53.851	-60.302	-73.216	29.504
-4.8433	-12.347	-25.341	0.77052	-7.2679	3.4241	0.92124	0.25118	0.96575	0.26321	1.8405	-0.64981	-0.58789	0.5121	-4.9075	-187.79	-76.934	-22.606	-19.545	23.098	45.866	-14.778	-40.168	-45.137	-17.334	12.698	-1.0097	-12.246
-5.3804	-14.013	-21.14	1.323	-9.4803	0.8143	0.099024	1.0004	2.5817	0.33873	2.4404	0.95494	0.31006	0.35741	-21.487	-66.65	168.02	22.098	-88.496	-104.39	-32.889	29.967	64.638	3.0207	23.996	64.19	35.918	-6.1876
-5.7231	-8.5568	-20.557	2.1574	-7.987	-0.10039	3.0685	0.24135	4.1579	-2.2486	2.3925	-1.0173	1.2108	0.56495	-13.707	218.24	23.337	33.379	59.734	-36.587	118.78	-30.36	63.049	-103.49	-1.9151	-78.891	36.029	8.3015
-6.0817	-10.055	-20.587	0.50865	-0.77253	-1.1109	4.9926	-0.32466	3.9837	-2.3888	0.8585	-0.97525	0.6609	1.1501	-14.345	-59.931	-1.2298	-65.952	288.58	-40.422	76.966	-22.64	-6.9709	-5.6067	-61.36	1.6831	-21.996	23.406
-7.8113	-42.46	-15.883	0.91894	-0.73018	-4.4787	3.9677	0.86269	2.4878	-1.5354	0.93368	0.73927	-0.15934	1.3401	-69.183	-1296.2	188.18	16.412	1.6939	-134.71	-40.995	47.494	-59.835	34.135	3.0074	68.581	-32.81	7.6002
-11.882	-80.847	-11.181	1.1386	-1.955	0.78695	4.0145	0.34474	1.9213	-2.7581	-0.49392	0.99139	0.076085	1.4516	-162.84	-1535.5	188.07	8.7878	-48.993	210.63	1.8694	-20.718	-22.66	-48.91	-57.104	10.085	9.4171	4.4585
-13.865	-83.69	-9.2889	0.68474	0.067038	2.4979	2.6058	-0.64897	0.99994	-1.7496	-0.39114	1.4557	1.1913	1.4838	-79.29	-113.69	75.695	-18.156	80.881	68.438	-56.344	-39.749	-36.853	40.342	4.111	18.572	44.61	1.2892
-13.821	-84.337	-10.23	0.93684	-0.61724	0.66466	2.4024	1.1477	1.2012	-2.5496	-0.33646	-0.64213	-1.4607	-0.061673	1.7234	-25.908	-37.643	10.084	-27.371	-73.33	-8.1387	71.866	8.0494	-32.002	2.1873	-83.913	-106.08	-61.818
-13.822	-81.893	-8.7232	0.073234	-2.8079	1.0764	2.9093	0.53906	1.7519	-1.4836	1.1034	-0.3699	0.16243	0.62546	-0.019603	97.767	60.272	-34.544	-87.627	16.468	20.278	-24.344	22.03	42.64	57.595	10.889	64.926	27.485
-6.7621	-15.114	-11.597	-2.6989	-1.9576	-1.5118	1.9175	-0.84184	1.9394	-1.8258	0.038461	-0.23698	-0.067359	0.75181	282.4	2671.2	-114.94	-110.89	34.011	-103.53	-39.673	-55.236	7.4992	-13.688	-42.598	5.3168	-9.1918	5.054
-6.1923	12.027	-5.9623	-2.8667	-2.9613	-3.144	0.034977	-3.3771	0.58926	-1.616	0.39236	-0.77845	0.34582	3.059	22.789	1085.6	225.38	-6.7121	-40.147	-65.287	-75.301	-101.41	-54.005	8.3926	14.156	-21.659	16.527	92.287
-3.6104	3.3963	8.5726	0.12597	2.5448	-0.35652	1.2306	-3.6607	-0.48043	-1.6435	-0.73358	-1.6603	-2.3975	0.14712	103.28	-345.22	581.39	119.71	220.24	111.5	47.826	-11.345	-42.788	-1.1003	-45.038	-35.275	-109.73	-116.47
-2.5963	21.824	12.9	-4.51	5.5918	-1.4151	-2.5174	-2.2774	-4.6018	0.87352	-1.6602	-1.3393	0.12581	-1.0581	40.564	737.11	173.1	-185.44	121.88	-42.342	-149.92	55.331	-164.86	100.68	-37.066	12.84	100.93	-48.209
-1.9198	26.252	8.4012	-5.5734	6.499	-1.5661	-3.9686	-2.2278	-3.1885	1.2973	-0.44963	0.32622	0.81766	0.51196	27.061	177.11	-179.96	-42.538	36.288	-6.0425	-58.05	1.9858	56.534	16.953	48.424	66.622	27.674	62.802
-1.4678	28.097	7.266	-5.0398	7.1429	-2.5022	-3.5093	-3.4225	-3.1384	1.4448	0.32445	0.84857	1.5717	0.75897	18.078	73.831	-45.41	21.344	25.754	-37.444	18.374	-47.787	2.0034	5.8986	30.963	20.894	30.163	9.8807
-1.1203	29.567	8.4974	-5.2503	6.5182	-3.2603	-3.4667	-3.2661	-3.3123	1.4217	0.573	1.0988	1.8278	1.1967	13.9	58.797	49.258	-8.419	-24.987	-30.321	1.7028	6.2564	-6.9554	-0.9251	9.9417	10.011	10.243	17.51
-0.91722	32.239	9.2655	-6.4268	5.6355	-4.0165	-3.5281	-2.3389	-4.1074	2.1428	0.53795	1.049	1.5395	0.88556	8.1239	106.86	30.724	-47.059	-35.305	-30.252	-2.456	37.085	-31.805	28.846	-1.4021	-1.9939	-11.533	-12.447
-0.90384	33.95	9.0125	-6.2099	4.3751	-4.8058	-3.4615	-1.797	-4.1239	1.9991	0.71852	1.2268	0.8032	1.0971	0.53534	68.428	-10.121	8.6728	-50.419	-31.57	2.6649	21.679	-0.65833	-5.748	7.223	7.1141	-29.451	8.4637
-1.0535	35.398	7.8743	-4.9948	3.1414	-4.8137	-2.4346	-1.4219	-3.3059	0.65892	2.3134	0.32065	0.99967	0.1876	-5.986	57.923	-45.527	48.607	-49.347	-0.31588	41.076	15.002	32.718	-53.609	63.796	-36.248	7.859	-36.382
-1.2777	35.297	7.8083	-4.9205	1.6636	-5.1352	-1.583	-0.40029	-4.1448	0.9395	2.6109	0.87339	-0.036905	-0.084784	-8.9696	-4.0463	-2.6422	2.969	-59.113	-12.862	34.064	40.865	-33.556	11.223	11.898	22.11	-41.463	-10.895
-1.3983	33.024	7.2865	-2.9755	0.11201	-5.7294	-1.3257	0.62264	-4.8032	0.77985	2.7216	1.0688	-0.18813	-0.41577	-4.8208	-90.918	-20.872	77.802	-62.063	-23.768	10.293	40.917	-26.335	-6.3859	4.4291	7.8152	-6.049	-13.239
-1.5089	34.588	7.8308	-3.3404	-0.12027	-6.5136	-1.282	2.1932	-4.8651	-0.022872	2.9359	1.401	0.45114	-1.1265	-4.4272	62.59	21.772	-14.596	-9.2911	-31.368	1.7478	62.822	-2.4746	-32.109	8.5723	13.288	25.571	-28.43
-1.4796	31.391	8.3982	-2.4302	-1.2132	-6.7759	-1.3134	3.0236	-5.2443	-0.50311	2.5874	1.5843	0.89033	-1.5191	1.1742	-127.89	22.697	36.408	-43.717	-10.49	-1.2572	33.217	-15.168	-19.209	-13.938	7.3328	17.568	-15.703
-1.5037	31.561	9.1092	-2.2823	-1.1447	-7.4346	-0.64119	3.5192	-5.315	-1.0527	2.7597	1.1688	1.5583	-1.6137	-0.96367	6.7799	28.44	5.9158	2.7403	-26.35	26.888	19.822	-2.8309	-21.985	6.8888	-16.621	26.717	-3.7863
-1.4412	30.298	9.3499	-1.6025	-1.1114	-8.1122	-1.3724	3.9712	-5.2102	-1.2858	2.129	0.63423	2.3028	-1.8771	2.4997	-50.508	9.6295	27.191	1.3329	-27.102	-29.246	18.081	4.1911	-9.3237	-25.227	-21.381	29.781	-10.532
-1.4299	27.975	10.17	-1.0153	-1.1457	-8.1954	-1.3386	4.3938	-5.4895	-1.8785	2.3114	0.35411	2.8907	-1.8811	0.4492	-92.908	32.8	23.488	-1.372	-3.3282	1.3491	16.905	-11.171	-23.708	7.2962	-11.205	23.517	-0.16253
-1.4645	24.923	11.551	-0.40149	-1.5312	-7.504	-1.0141	4.1313	-5.8448	-1.6286	1.8221	0.84517	3.1185	-1.5189	-1.3836	-122.08	55.253	24.554	-15.424	27.656	12.98	-10.502	-14.212	9.996	-19.572	19.642	9.1116	14.49
-1.785	16.918	13.897	0.78263	-2.3216	-5.6623	-0.89495	4.3734	-6.2529	-2.874	2.402	1.1693	3.3169	-1.6635	-12.817	-320.2	93.846	47.365	-31.612	73.667	4.7665	9.6872	-16.324	-49.813	23.195	12.967	7.9361	-5.784
-2.5987	5.5176	14.36	3.6642	-2.4015	-3.9486	-0.39898	4.0457	-4.7422	-3.0129	1.96	1.1804	2.4206	-0.43856	-32.55	-456.03	18.517	115.26	-3.1965	68.547	19.839	-13.111	60.428	-5.5571	-17.681	0.44369	-35.853	48.996
-4.2678	-11.134	7.1213	8.1399	-3.19	-2.1315	1.4899	0.12786	-1.3982	-2.2683	1.3234	1.1498	1.7618	-0.067453	-66.761	-666.05	-289.56	179.03	-31.54	72.686	75.557	-156.71	133.76	29.785	-25.461	-1.2235	-26.349	14.844
-7.4497	-27.716	-7.1651	7.5324	-1.0787	-0.64021	3.1761	-0.30315	2.9344	-0.7794	0.71277	2.3347	-0.38837	0.71849	-127.28	-663.3	-571.46	-24.298	84.452	59.651	67.448	-17.241	173.3	59.554	-24.427	47.395	-86.008	31.438
-8.9819	-35.571	-15.153	3.5721	-1.0742	3.0413	4.5875	-0.13937	3.3196	-1.1128	0.76173	1.0745	0.90385	-0.086083	-61.289	-314.18	-319.51	-158.41	0.17788	147.26	56.454	6.5516	15.411	-13.337	1.9586	-50.409	51.689	-32.183
-9.2247	-44.408	-18.303	1.9679	-3.6871	0.16467	1.4276	-2.0696	1.7032	-1.0359	0.97441	1.6908	0.83897	0.73698	-9.712	-353.47	-126	-64.169	-104.52	-115.06	-126.39	-77.209	-64.656	3.0788	8.5072	24.652	-2.5955	32.922
-9.1322	-43.751	-16.818	2.2507	-4.059	0.28716	2.4403	-0.80786	2.2145	0.067944	-1.0574	0.18578	0.64291	0.62393	3.6985	26.255	59.404	11.312	-14.874	4.8994	40.505	50.47	20.449	44.152	-81.273	-60.2	-7.8423	-4.5217
-8.052	-37.758	-18.426	3.286	-4.3065	1.0721	0.92288	0.82685	1.4308	-0.60957	0.3088	1.7245	1.3948	1.0075	43.207	239.72	-64.327	41.411	-9.9012	31.397	-60.695	65.388	-31.347	-27.101	54.649	61.548	30.074	15.341
-7.1213	-30.093	-19.009	2.7539	-4.7793	1.025	1.4319	2.061	1.5163	-0.63225	0.60594	1.1236	0.001668	1.2661	37.231	306.6	-23.322	-21.28	-18.911	-1.8822	20.359	49.366	3.4223	-0.90694	11.886	-24.034	-55.724	10.345
-6.5108	-19.089	-21.764	0.62959	-4.8321	1.7907	0.92826	1.3426	2.2228	-1.3647	0.50199	1.7177	0.5098	0.12039	24.418	440.16	-110.19	-84.974	-2.1147	30.629	-20.144	-28.737	28.259	-29.297	-4.158	23.761	20.325	-45.828
-6.1299	-15.863	-20.755	-0.80077	-8.4502	0.46518	0.7856	0.034352	0.48022	-0.71859	0.65362	0.38973	-0.011806	0.7283	15.238	129.05	40.35	-57.214	-144.72	-53.022	-5.7066	-52.33	-69.704	25.843	6.0651	-53.117	-20.864	24.317
-5.855	-9.5762	-19.406	-0.14073	-5.7786	0.46253	1.3992	1.3892	1.0384	-1.3811	0.11266	1.2556	-0.55752	0.66441	10.994	251.48	53.946	26.401	106.86	-0.10605	24.545	54.193	22.326	-26.5	-21.638	34.634	-21.829	-2.5559
-5.5066	2.0897	-13.915	2.2149	-5.1863	-1.1569	-0.89124	1.2833	1.842	-0.59704	0.92787	1.9341	0.76172	1.0135	13.936	466.63	219.66	94.226	23.695	-64.779	-91.618	-4.2337	32.144	31.362	32.609	27.141	52.77	13.964
-5.4004	3.3407	-13.621	1.1366	-5.9076	-0.64747	-1.0138	1.168	-0.31541	-1.0713	-1.4416	0.019367	0.15584	0.69332	4.2486	50.04	11.768	-43.132	-28.855	20.379	-4.903	-4.6132	-86.295	-18.97	-94.778	-76.59	-24.235	-12.807
-6.001	5.0957	-7.3376	3.2552	-2.8011	-0.39364	-0.48446	0.085461	0.27383	-0.36934	0.45992	-0.58182	-0.59808	-0.15069	-24.025	70.2	251.33	84.742	124.26	10.153	21.174	-43.302	23.57	28.079	76.06	-24.047	-30.157	-33.76
-3.6107	1.3334	6.8662	4.877	-1.9445	-1.2939	1.43	0.29793	-0.48524	-1.4843	0.99308	0.2601	-0.61161	-0.62631	95.613	-150.49	568.15	64.875	34.261	-36.01	76.578	8.4986	-30.363	-44.598	21.326	33.677	-0.54117	-19.025
-2.7348	20.857	11.157	3.3351	-1.9993	-4.6355	-0.16557	1.1584	-2.9924	0.24543	2.893	-0.28141	0.022262	-0.76679	35.035	780.93	171.63	-61.677	-2.1933	-133.66	-63.822	34.419	-100.29	69.188	75.998	-21.661	25.355	-5.6192
-2.3558	22.433	10.895	1.6764	-2.2044	-3.8157	-0.23049	2.4162	-3.7435	0.43902	3.7798	0.14229	0.26291	0.097184	15.159	63.059	-10.477	-66.35	-8.2008	32.792	-2.5971	50.312	-30.047	7.7436	35.469	16.948	9.626	34.559
-2.672	22.425	12.262	-2.2936	-0.067282	-3.7318	0.30777	3.301	-4.8596	0.85405	2.5186	0.69356	0.075062	-0.090327	-12.648	-0.31636	54.682	-158.8	85.483	3.354	21.531	35.394	-44.64	16.601	-50.447	22.051	-7.5141	-7.5005
-3.3182	17.548	8.7897	-0.25395	-0.88638	-1.7052	0.94594	1.6904	-1.9931	-1.4634	2.9681	-0.11056	-0.13902	0.68064	-25.848	-195.08	-138.9	81.584	-32.764	81.066	25.527	-64.425	114.66	-92.697	17.979	-32.165	-8.5632	30.839
-4.4458	-2.6429	10.316	2.2743	-0.34867	4.0154	1.1988	2.5198	-0.98313	-0.41174	-0.55008	-0.71669	1.1614	-0.23499	-45.103	-807.64	61.063	101.13	21.508	228.82	10.116	33.175	40.4	42.065	-140.73	-24.245	52.018	-36.625
-4.6938	-9.6699	11.945	3.4206	0.22493	5.3821	0.11847	2.0304	-1.4314	0.8313	-0.55738	-1.3107	2.1002	-1.7946	-9.9214	-281.08	65.165	45.852	22.944	54.669	-43.215	-19.574	-17.93	49.722	-0.29202	-23.759	37.551	-62.386
-4.748	-7.0707	10.272	3.8872	0.071832	4.6971	0.79451	1.4895	-1.2362	1.0341	-0.44118	-1.1774	2.0503	-1.9233	-2.1667	103.97	-66.946	18.666	-6.1238	-27.4	27.041	-21.636	7.8068	8.1128	4.6482	5.3294	-1.9979	-5.1447
-4.803	-6.8206	10.095	3.1812	0.085315	4.735	0.22847	1.8413	-0.5388	0.48921	0.27148	-2.2898	3.0356	-2.4779	-2.2003	10.001	-7.0715	-28.242	0.53934	1.5161	-22.641	14.071	27.897	-21.796	28.506	-44.495	39.412	-22.187
-4.623	-2.6354	9.4467	1.4769	1.2978	3.285	0.79422	0.81232	1.0823	-0.70872	-0.013932	-1.3116	1.2316	-1.3602	7.1989	167.41	-25.931	-68.17	48.499	-58.001	22.63	-41.16	64.843	-47.917	-11.416	39.128	-72.159	44.709
-4.1381	15.102	8.6337	-2.0542	1.1281	0.69161	-0.43489	-0.79008	0.11549	-0.18419	2.6131	-1.0044	-1.0122	-0.40664	19.397	709.49	-32.519	-141.25	-6.7855	-103.74	-49.165	-64.096	-38.672	20.981	105.08	12.288	-89.75	38.142
-3.8352	16.64	8.3357	-5.1692	5.0136	0.11057	-2.9626	-0.46521	-1.6154	2.4726	1.3029	-1.1992	-0.21373	0.38165	12.116	61.543	-11.92	-124.6	155.42	-23.241	-101.11	12.995	-69.237	106.27	-52.409	-7.7902	31.937	31.532
-3.8697	14.899	8.4397	-4.41	6.5657	-1.7472	-4.2268	-0.4429	-0.66795	2.4806	-0.56516	-0.98112	-0.33384	1.3263	-1.38	-69.654	4.1575	30.368	62.084	-74.31	-50.569	0.89231	37.9	0.31954	-74.721	8.7226	-4.8044	37.784
-4.0686	14.115	8.1548	-4.0547	7.7146	-2.6895	-5.0769	-0.79348	-0.72517	3.2854	-1.933	-0.60314	0.22389	0.86498	-7.9557	-31.366	-11.395	14.213	45.956	-37.694	-34.005	-14.023	-2.289	32.193	-54.715	15.119	22.309	-18.451
-4.1965	8.6645	6.6374	-2.3774	9.4395	-2.4448	-4.7744	-1.5679	0.24379	2.0319	-3.0657	0.29435	0.58756	-0.14269	-5.1149	-218.02	-60.697	67.092	68.994	9.7898	12.102	-30.978	38.759	-50.141	-45.308	35.899	14.547	-40.307
-4.5126	6.1993	6.5496	-2.0112	10.152	-2.0584	-5.6578	-0.46233	2.0324	1.4964	-3.8255	1.0382	-0.044697	-0.59475	-12.645	-98.607	-3.5086	14.647	28.497	15.456	-35.337	44.224	71.543	-21.42	-30.392	29.753	-25.29	-18.082
-4.6494	1.9381	7.4849	-0.49637	10.992	-1.1968	-5.4003	-2.3045	2.7676	1.1192	-4.7245	2.6202	-0.22798	-1.3665	-5.4725	-170.45	37.409	60.594	33.615	34.465	10.3	-73.688	29.409	-15.087	-35.961	63.282	-7.3315	-30.872
-5.0404	-8.9756	4.8269	3.1446	10.077	2.0393	-3.2347	-1.8924	3.9663	-0.69614	-4.008	2.4321	-0.38206	-1.0331	-15.641	-436.55	-106.32	145.64	-36.608	129.44	86.623	16.484	47.948	-72.614	28.663	-7.5243	-6.1631	13.338
-6.1099	-18.485	2.501	2.2267	6.4898	4.9165	2.3031	-0.70238	6.3972	-2.6398	-2.1735	0.80562	-0.39501	-0.53464	-42.778	-380.37	-93.035	-36.715	-143.49	115.09	221.51	47.602	97.235	-77.745	73.379	-65.06	-0.51799	19.938
-7.1048	-21.408	-1.133	4.5007	3.6655	3.1727	-0.63278	-1.8234	6.8852	-0.60892	1.0595	0.69973	0.073884	-1.4447	-39.795	-116.92	-145.36	90.959	-112.97	-69.749	-117.43	-44.842	19.522	81.233	129.32	-4.2358	18.756	-36.402
-7.2794	-11.884	-6.1572	2.8699	-0.5942	2.3994	-0.59881	-3.2456	3.4585	-0.30424	0.056876	-0.37428	0.55679	-0.28618	-6.984	380.94	-200.97	-65.232	-170.39	-30.934	1.3587	-56.888	-137.07	12.187	-40.105	-42.96	19.316	46.34
-5.9479	-2.1898	-11.596	3.8326	-2.8406	3.0964	-0.77278	1.3603	3.8556	0.32684	-0.88784	-2.2483	-1.3318	-0.74084	53.262	387.78	-217.55	38.507	-89.857	27.881	-6.9589	184.24	15.887	25.243	-37.789	-74.962	-75.544	-18.187
-5.6826	-5.3141	-15.97	5.6135	-2.8533	3.5578	0.33657	1.5914	3.281	1.1423	-0.70713	-1.4131	-1.7795	0.070489	10.609	-124.97	-174.95	71.237	-0.5058	18.457	44.374	9.2437	-22.985	32.617	7.2286	33.408	-17.908	32.453
-5.6948	-10.634	-16.419	3.1881	-5.3662	2.7794	0.72011	0.44091	0.97533	1.4267	-1.1117	-2.3473	0.063234	0.34235	-0.48479	-212.79	-17.96	-97.017	-100.52	-31.135	15.342	-46.018	-92.228	11.375	-16.184	-37.369	73.709	10.875
-5.6919	-15.432	-19.225	1.29	-6.2652	2.3771	-0.21942	0.96822	1.0209	0.7795	-1.369	-0.85958	0.47044	1.0301	0.11476	-191.91	-112.24	-75.923	-35.958	-16.095	-37.581	21.093	1.8245	-25.886	-10.292	59.511	16.288	27.511
-5.5931	-14.743	-17.747	1.672	-4.9832	1.4347	-1.0529	-0.17732	-0.86782	0.10266	-2.1925	-0.64555	-0.96615	1.3467	3.9509	27.558	59.12	15.282	51.279	-37.696	-33.34	-45.822	-75.551	-27.074	-32.938	8.5611	-57.464	12.663
-5.5255	-14.516	-17.292	0.19467	-7.6507	1.5557	-0.68242	1.6189	0.10053	-0.84453	-0.29482	0.21814	-0.035145	1.3852	2.7033	9.0797	18.193	-59.094	-106.7	4.84	14.819	71.849	38.734	-37.888	75.906	34.547	37.24	1.5386
-5.5943	-12.836	-20.991	0.89239	-7.7131	0.15923	-0.57727	3.1044	2.5655	0.24679	-0.8111	-0.85579	0.45869	0.19285	-2.7518	67.195	-147.98	27.909	-2.4942	-55.858	4.2063	59.421	98.599	43.653	-20.651	-42.957	19.753	-47.693
-5.7609	-10.578	-23.092	0.4414	-5.5413	0.35182	-0.80119	-1.4487	3.5511	-2.0811	1.3337	-0.62486	1.1003	1.6454	-6.6618	90.313	-84.032	-18.04	86.871	7.7036	-8.9569	-182.13	39.424	-93.117	85.793	9.2373	25.663	58.101
-6.4593	-10.791	-18.225	2.2501	-2.6522	-1.8064	3.0921	-1.849	2.8632	-2.3579	0.59563	-1.1037	-0.59225	0.52238	-27.939	-8.5348	194.67	72.349	115.57	-86.329	155.73	-16.008	-27.518	-11.073	-29.524	-19.154	-67.701	-44.919
-8.2285	-34.348	-11.629	-2.4629	-1.8263	-2.6422	4.213	0.81553	1.0692	-1.1599	-1.0253	0.13096	0.051886	0.88604	-70.764	-942.26	263.84	-188.52	33.034	-33.431	44.836	106.58	-71.758	47.921	-64.839	49.387	25.765	14.546
-12.105	-81.486	-9.9813	1.8377	-1.6673	0.70918	2.9784	-0.05018	1.6134	-1.5137	1.1893	0.79476	-0.12528	-0.27928	-155.06	-1885.5	65.928	172.02	6.3594	134.05	-49.385	-34.629	21.767	-14.151	88.586	26.552	-7.0868	-46.613
-13.635	-87.967	-11.462	0.85704	-0.55712	3.8892	3.8038	0.74503	2.6466	-1.5908	1.8037	-0.2117	-1.639	0.24572	-61.22	-259.26	-59.248	-39.227	44.409	127.2	33.017	31.808	41.33	-3.0827	24.578	-40.258	-60.55	21
-13.456	-85.914	-9.9887	-0.51639	-1.417	3.7416	3.7028	0.2925	1.733	-2.8466	0.94564	-0.21721	-0.23166	0.45541	7.1565	82.118	58.949	-54.937	-34.394	-5.9057	-4.0402	-18.101	-36.545	-50.232	-34.324	-0.22019	56.295	8.3876
-6.3811	5.1494	-9.2925	-3.6381	-1.947	0.37822	3.2465	-1.9229	0.59343	-2.9207	-0.64134	-1.6601	-0.98385	0.14777	283.02	3642.5	27.85	-124.87	-21.203	-134.53	-18.253	-88.615	-45.583	-2.9655	-63.479	-57.717	-30.088	-12.306
-5.7241	6.9027	-7.0335	-3.3394	0.75968	0.98413	2.4193	-4.0225	0.19185	-1.1245	-0.079051	-1.6209	-0.23497	1.0721	26.279	70.134	90.357	11.948	108.27	24.236	-33.086	-83.983	-16.063	71.849	22.491	1.5707	29.955	36.972
-3.1376	13.853	10.571	-0.53003	1.391	-0.66657	1.0175	-4.5996	-2.3526	-1.092	0.010469	-1.3888	-1.4947	0.77743	103.46	278.01	704.18	112.37	25.254	-66.028	-56.074	-23.085	-101.78	1.2976	3.5808	9.2834	-50.388	-11.786
-1.9059	27.215	8.8003	-3.0206	4.423	-2.1533	-2.258	-2.2394	-4.617	-0.34909	0.73527	-1.0403	0.42074	0.41161	49.267	534.49	-70.822	-99.623	121.28	-59.469	-131.02	94.407	-90.573	29.718	28.992	13.941	76.616	-14.633
-1.4588	32.156	6.9622	-3.9434	4.8018	-2.2019	-2.9972	-2.3438	-5.3187	-0.53466	1.0808	-1.9354	0.96707	1.0306	17.882	197.64	-73.526	-36.91	15.153	-1.9434	-29.568	-4.1751	-28.069	-7.423	13.822	-35.805	21.853	24.759
-1.4521	30.441	7.5392	-4.325	5.9445	-3.0977	-2.5906	-2.7742	-4.9272	-0.095128	0.54855	-1.6813	0.39312	1.0407	0.27149	-68.628	23.081	-15.267	45.708	-35.832	16.267	-17.215	15.659	17.581	-21.291	10.165	-22.958	0.40278
-1.565	28.451	6.6448	-1.8441	4.8896	-2.1222	-2.72	-2.525	-5.0883	0.65302	0.22799	-1.3265	0.4966	0.80083	-4.5197	-79.581	-35.773	99.239	-42.197	39.018	-5.1769	9.9656	-6.4453	29.926	-12.822	14.189	4.139	-9.5933
-1.7029	25.269	8.7467	-2.431	4.7102	-1.1341	-3.0569	-2.1415	-5.426	0.68256	0.67796	-1.5668	0.59778	0.84269	-5.5154	-127.3	84.073	-23.475	-7.1756	39.526	-13.478	15.34	-13.506	1.1816	17.999	-9.6113	4.0474	1.6742
-2.0209	19.654	9.8268	-1.2102	4.084	0.3315	-3.3661	-1.9485	-5.4847	0.72515	1.6299	-1.3822	0.64502	1.0566	-12.719	-224.59	43.204	48.831	-25.047	58.624	-12.368	7.721	-2.348	1.7038	38.079	7.3858	1.8896	8.5558
-2.7482	11.391	10.765	0.32857	3.3458	0.82235	-2.8419	-1.3567	-4.9235	1.098	1.6801	-1.191	0.88543	0.94057	-29.09	-330.51	37.536	61.55	-29.53	19.634	20.969	23.672	22.447	14.913	2.0058	7.6485	9.616	-4.6405
-3.8168	0.64744	8.4223	2.8663	2.7574	-0.054596	0.089504	-2.5331	-2.0509	0.48228	2.3393	-0.14211	-0.20671	1.849	-42.747	-429.74	-93.714	101.51	-23.533	-35.078	117.26	-47.055	114.91	-24.628	26.369	41.954	-43.685	36.336
-5.1723	-15.515	5.4772	9.9123	-0.76777	2.7724	0.82083	-1.2125	1.6479	0.42748	1.2242	-1.0147	-0.40841	-0.025743	-54.22	-646.51	-117.8	281.84	-141.01	113.08	29.253	52.825	147.95	-2.1919	-44.603	-34.904	-8.0682	-74.988
-5.5242	-22.346	6.56	10.661	1.5425	3.2026	2.3974	-0.64486	1.4178	2.0917	-0.85923	-0.41745	-1.5937	-0.9112	-14.073	-273.21	43.312	29.965	92.411	17.21	63.061	22.705	-9.2046	66.57	-83.339	23.891	-47.413	-35.418
-5.7813	-31.247	5.4414	11.023	1.6379	4.4692	3.2449	-0.45011	3.2409	1.7548	-0.65465	-1.0013	-1.4232	-0.27202	-10.286	-356.05	-44.745	14.48	3.8152	50.661	33.904	7.7901	72.927	-13.476	8.1834	-23.352	6.8217	25.567
-6.5626	-27.825	0.55454	9.3676	0.96457	4.0429	2.1255	0.89995	6.4241	1.1928	-0.96927	-1.496	-1.3639	-0.7868	-31.253	136.87	-195.47	-66.231	-26.933	-17.05	-44.776	54.002	127.33	-22.481	-12.585	-19.79	2.3705	-20.591
-7.2295	-19.298	-5.3221	9.6354	-0.37027	2.9249	1.7833	0.29106	4.7083	0.34981	-0.17027	-0.00093903	-0.7402	0.070781	-26.673	341.09	-235.07	10.712	-53.394	-44.719	-13.688	-24.355	-68.634	-33.72	31.96	59.803	24.95	34.303
-7.349	-16.206	-12.717	3.1157	-2.4711	0.61655	0.90731	1.4515	4.232	0.8182	0.99974	1.6996	-0.86048	-0.20083	-4.7812	123.68	-295.8	-260.79	-84.032	-92.336	-35.042	46.418	-19.05	18.736	46.8	68.02	-4.8112	-10.864
-6.9542	-11.872	-12.853	5.4366	-1.8677	-0.57467	1.9312	0.72721	4.1014	2.5235	0.32378	0.52894	-1.2922	-0.32915	15.791	173.36	-5.4162	92.835	24.134	-47.649	40.958	-28.972	-5.2229	68.213	-27.038	-46.824	-17.268	-5.1327
-6.6319	-5.5406	-12.234	4.802	-0.78651	2.3167	3.3926	1.408	4.4042	-0.1835	-0.17943	-0.35676	-1.8056	-0.45107	12.895	253.25	24.757	-25.385	43.248	115.65	58.456	27.233	12.111	-108.28	-20.128	-35.428	-20.539	-4.8771
-6.3064	-3.3677	-11.645	3.5866	-2.6406	1.0664	2.446	1.6222	2.9009	-1.0506	-0.58186	0.216	-0.66814	0.88367	13.016	86.915	23.558	-48.615	-74.163	-50.013	-37.865	8.5662	-60.132	-34.685	-16.098	22.91	45.5	53.39
-6.0869	-2.3231	-14.634	-0.13161	-3.6475	0.33568	1.028	-1.5488	-0.23838	-1.9868	-1.55	0.70751	-1.0207	0.0028789	8.7807	41.785	-119.57	-148.73	-40.278	-29.227	-56.722	-126.84	-125.57	-37.448	-38.726	19.66	-14.101	-35.232
-5.8293	-1.1703	-16.234	-0.85166	-5.3463	-0.89233	0.057254	-1.3035	0.6701	-0.067882	-0.092468	-0.6282	-1.65	-0.054193	10.307	46.111	-63.988	-28.802	-67.951	-49.12	-38.829	9.8103	36.339	76.757	58.302	-53.428	-25.175	-2.2829
-5.8917	4.2261	-13.408	0.81811	-5.5691	-1.3326	-2.4885	-1.5699	1.7445	-1.3334	-1.1119	0.99214	-0.14688	1.7541	-2.4989	215.86	113.04	66.791	-8.9118	-17.612	-101.83	-10.656	42.978	-50.622	-40.777	64.814	60.126	72.334
-5.4844	1.3692	-5.608	3.2519	-1.4787	-0.43112	-1.0665	-2.1844	-0.53292	-1.9265	0.3152	0.47134	-0.43638	1.5854	16.294	-114.27	311.99	97.351	163.62	36.06	56.879	-24.578	-91.098	-23.722	57.083	-20.832	-11.58	-6.7501
-3.2841	10.745	7.9124	5.1889	0.12922	-0.31514	-2.3406	-0.38945	-3.0162	-0.59527	1.5808	-2.328	-1.4211	-0.96467	88.013	375.05	540.82	77.481	64.317	4.6391	-50.963	71.797	-99.331	53.248	50.623	-111.97	-39.389	-102
-2.4757	21.218	8.0547	1.5057	-0.69854	-0.7193	-1.836	-1.0731	-5.4258	1.9559	2.3477	-1.022	-0.72112	-0.26344	32.334	418.9	5.692	-147.33	-33.11	-16.166	20.183	-27.348	-96.386	102.05	30.678	52.239	28	28.049
-1.8374	19.693	9.2396	-0.27054	-0.31571	-0.73588	-1.799	-2.2295	-4.6381	1.6466	3.1564	1.0425	-0.69825	1.5235	25.531	-61.004	47.398	-71.049	15.313	-0.66323	1.4812	-46.253	31.509	-12.372	32.345	82.581	0.91461	71.478
-1.5954	21.464	9.8683	-0.85151	-0.6221	-1.4296	-2.2245	-2.0114	-5.1771	2.1589	3.3718	0.60201	-0.098459	1.2301	9.682	70.846	25.145	-23.239	-12.255	-27.749	-17.023	8.721	-21.559	20.492	8.6187	-17.62	23.992	-11.738
-1.469	20.624	10.986	-0.71557	-0.078747	-1.9093	-2.6888	-1.207	-5.1604	1.6348	3.5899	-0.036808	0.779	0.56643	5.0558	-33.608	44.723	5.4377	21.734	-19.189	-18.569	32.179	0.66617	-20.963	8.7244	-25.553	35.098	-26.545
-1.7953	19.718	10.574	-1.3375	1.7533	-2.4531	-1.6399	-1.3298	-4.8726	0.49845	3.8593	-0.21715	0.86069	0.41257	-13.053	-36.248	-16.48	-24.878	73.28	-21.753	41.956	-4.9135	11.514	-45.454	10.775	-7.2137	3.2678	-6.1542
-2.4809	11.717	11.406	-2.3722	3.7174	-1.0029	-0.01449	-1.6038	-4.4379	0.28904	1.9648	0.61297	0.85327	0.5996	-27.425	-320.01	33.277	-41.389	78.567	58.01	65.015	-10.959	17.39	-8.3765	-75.781	33.205	-0.29674	7.4812
-3.7857	1.7953	8.6738	-0.35667	3.9179	-0.057891	0.98542	-0.9291	-1.4143	-2.1159	1.646	0.5466	0.96512	-0.061408	-52.19	-396.89	-109.3	80.623	8.0175	37.8	39.996	26.987	120.94	-96.199	-12.75	-2.6551	4.4738	-26.44
-5.3381	-6.7762	5.5047	0.49626	2.3108	1.6696	0.85877	0.65644	-0.60656	-2.066	1.5555	0.48037	0.46536	-0.88692	-62.098	-342.86	-126.76	34.117	-64.281	69.099	-5.066	63.422	32.31	1.9988	-3.6215	-2.6488	-19.99	-33.021
-7.2437	-19.472	-2.0326	0.56453	1.262	2.0251	3.5291	1.4342	2.5089	-0.55709	0.65259	-0.3766	-0.53365	-0.47517	-76.221	-507.81	-301.49	2.7308	-41.955	14.219	106.81	31.11	124.62	60.355	-36.117	-34.279	-39.961	16.47
-8.9756	-29.366	-8.8279	-1.8304	0.47767	1.8606	3.6113	1.6313	2.1216	-0.18063	1.7488	0.091852	-0.5906	1.2052	-69.278	-395.78	-271.81	-95.796	-31.372	-6.5788	3.2852	7.8862	-15.49	15.059	43.849	18.738	-2.2779	67.213
-9.6902	-36.156	-9.4238	1.4007	-0.53975	-0.92776	0.95702	-1.9756	1.1015	-1.2179	0.53691	-0.17006	0.22679	1.4151	-28.584	-271.62	-23.836	129.24	-40.697	-111.53	-106.17	-144.28	-40.805	-41.49	-48.476	-10.476	32.696	8.3978
-9.9556	-39.987	-14.516	-0.54633	-0.85769	0.18781	1.5803	-0.06926	2.0698	-0.72115	-0.15038	-0.85353	0.18982	0.585	-10.618	-153.22	-203.7	-77.881	-12.717	44.623	24.931	76.253	38.731	19.869	-27.492	-27.339	-1.4789	-33.204
-10.402	-47.033	-13.587	-3.8832	0.43924	-0.066667	2.6936	-1.5634	1.5849	-0.45166	-0.87736	-1.0552	-1.1812	0.15348	-17.853	-281.86	37.18	-133.47	51.877	-10.179	44.532	-59.765	-19.394	10.78	-29.079	-8.0673	-54.842	-17.261
-12.446	-74.681	-5.2311	3.4422	0.1175	0.037697	-0.41838	-1.8127	-0.34912	-3.1098	-0.23332	0.51442	-0.47625	-1.1202	-81.746	-1105.9	334.23	293.01	-12.869	4.1746	-124.48	-9.9742	-77.362	-106.33	25.762	62.785	28.199	-50.947
-13.56	-82.219	-9.6854	0.40567	-1.1228	2.4126	3.1845	0.12216	1.5703	-2.5072	0.1087	0.60248	-0.53151	-0.6837	-44.576	-301.5	-178.17	-121.46	-49.611	94.998	144.12	77.396	76.775	24.104	13.681	3.5223	-2.2104	17.46
-13.57	-85.084	-11.253	-0.22812	-1.375	2.6022	1.8522	0.080105	2.2438	-1.8156	-0.19358	-0.36865	-0.0075589	0.10794	-0.416	-114.63	-62.722	-25.352	-10.09	7.584	-53.294	-1.6823	26.942	27.664	-12.091	-38.845	20.958	31.666
-6.3729	-27.962	-8.0236	-6.0434	-2.4954	-3.0257	0.91916	-1.9293	1.8783	-1.6641	1.1726	1.9047	0.9475	2.172	287.9	2284.9	129.19	-232.61	-44.815	-225.12	-37.32	-80.375	-14.62	6.0628	54.648	90.933	38.202	82.563
-6.0693	14.808	-4.0413	-5.6435	-3.5573	-2.6959	1.381	-1.8241	1.4471	-1.6124	1.5545	1.8132	0.76388	1.843	12.142	1710.8	159.29	15.994	-42.477	13.193	18.472	4.2084	-17.25	2.0651	15.275	-3.6583	-7.3451	-13.159
-5.906	0.54549	-0.63261	-4.1932	-1.4189	-0.82043	2.1966	-0.50328	1.4154	-2.4156	0.72097	1.1133	-0.11892	0.42125	6.5346	-570.5	136.35	58.011	85.536	75.018	32.625	52.831	-1.2658	-32.128	-33.34	-27.999	-35.312	-56.871
-6.6927	-11.214	3.3805	-9.0866	-4.6218	-0.61666	1.0447	2.0079	1.9775	-0.72015	-0.81163	0.77328	-0.69771	1.6297	-31.47	-470.37	160.52	-195.73	-128.12	8.1509	-46.074	100.45	22.484	67.82	-61.304	-13.599	-23.152	48.338
-6.4587	-13.008	-0.052573	-15.109	-8.1361	-2.1263	-0.17707	1.3479	0.48633	0.85321	-1.2039	2.6276	-0.7652	0.040036	9.3604	-71.788	-137.32	-240.91	-140.57	-60.387	-48.873	-26.397	-59.648	62.935	-15.693	74.172	-2.6993	-63.587
-5.0373	-2.9605	5.5289	-8.4505	-2.3688	4.2379	0.011526	3.7012	1.3766	0.92702	-2.0288	1.7765	-2.9627	-1.2719	56.855	401.92	223.26	266.36	230.69	254.57	7.5438	94.129	35.609	2.9524	-32.995	-34.044	-87.901	-52.477
-2.3044	20.382	14.611	-3.842	-2.3215	1.3891	-4.1256	2.685	-1.3427	2.3138	-2.4006	0.75551	-0.14295	-1.7371	109.32	933.71	363.26	184.34	1.8901	-113.95	-165.48	-40.646	-108.77	55.471	-14.87	-40.839	112.79	-18.608
-1.573	29.57	16.467	-5.6616	-4.8337	-0.46209	-3.4838	3.2065	-3.0393	4.1713	-0.68349	1.3595	-0.10737	-1.6068	29.255	367.53	74.243	-72.784	-100.49	-74.048	25.672	20.86	-67.864	74.299	68.683	24.16	1.4232	5.2131
-1.159	30.348	16.603	-8.7754	-5.3432	1.3397	-3.558	1.8752	-3.1711	4.2122	0.47545	1.6411	0.7167	-1.0973	16.56	31.101	5.4629	-124.55	-20.378	72.07	-2.9668	-53.253	-5.2731	1.6365	46.357	11.262	32.963	20.378
-1.1628	30.981	16.533	-11.739	-3.0223	0.86551	-4.332	1.8946	-4.5113	4.6015	-0.51486	2.7738	0.65291	-1.2052	-0.15398	25.324	-2.8155	-118.56	92.836	-18.966	-30.962	0.7772	-53.608	15.571	-39.612	45.311	-2.5514	-4.3158
-1.3665	29.669	15.879	-10.029	-3.0963	1.0112	-3.7102	1.0018	-4.3375	3.7809	-0.42539	2.417	0.56418	-0.4964	-8.1458	-52.476	-26.168	68.423	-2.96	5.8276	24.873	-35.712	6.9501	-32.823	3.5787	-14.273	-3.5493	28.352
-1.5477	25.601	18.029	-10.924	-2.5429	1.227	-3.4893	0.64259	-4.5628	3.3364	-0.40013	2.1671	0.53453	-0.0045925	-7.2507	-162.73	86.016	-35.822	22.136	8.6315	8.8369	-14.369	-9.0127	-17.779	1.0103	-9.9967	-1.1858	19.672
-1.7123	21.012	19.496	-11.204	-2.1443	1.2573	-2.7097	-0.1669	-5.2216	3.5357	-0.78923	1.5886	0.64114	0.30395	-6.5821	-183.56	58.666	-11.184	15.943	1.211	31.183	-32.38	-26.35	7.972	-15.564	-23.14	4.2643	12.342
-2.028	17.089	21.164	-10.519	-2.7136	2.1177	-1.5719	-1.6078	-4.5674	3.32	-0.98181	0.98391	0.97877	0.64641	-12.627	-156.9	66.738	27.385	-22.771	34.418	45.513	-57.637	26.169	-8.6299	-7.7032	-24.186	13.505	13.698
-2.3776	13.583	20.445	-7.9293	-3.0428	2.1272	0.022849	-2.4195	-4.9546	3.798	-1.3961	0.86791	0.81128	0.83226	-13.986	-140.24	-28.759	103.6	-13.167	0.37817	63.789	-32.465	-15.491	19.122	-16.571	-4.6401	-6.6996	7.4342
-3.0564	5.9764	18.281	-5.6301	-1.5071	1.6398	1.6109	-2.6343	-3.5537	1.5052	-0.16448	0.77396	0.24809	1.9229	-27.151	-304.28	-86.561	91.967	61.428	-19.494	63.521	-8.5938	56.037	-91.714	49.265	-3.7579	-22.528	43.627
-4.5044	-2.369	11.844	-2.3099	-0.51205	3.6784	3.1585	-2.8622	-0.84751	-0.37113	1.0403	-0.86427	0.56931	1.084	-57.922	-333.82	-257.46	132.81	39.801	81.543	61.904	-9.1155	108.25	-75.053	48.19	-65.529	12.849	-33.558
-6.0315	-10.981	3.4025	2.3106	0.75404	2.2814	3.2255	-1.4309	2.1484	-0.36299	0.53528	-0.65828	0.51673	-0.31668	-61.084	-344.5	-337.68	184.82	50.643	-55.88	2.6801	57.251	119.84	0.3256	-20.2	8.2396	-2.1034	-56.026
-7.3083	-16.822	-3.958	2.8533	1.3703	1.9278	3.6073	1.2874	2.7988	-1.4472	-0.59613	0.36664	-0.18341	-0.045058	-51.071	-233.63	-294.42	21.71	24.652	-14.145	15.272	108.73	26.019	-43.368	-45.257	40.997	-28.005	10.865
-7.9154	-18.039	-11.253	-1.36	1.5395	0.41604	2.4745	0.51943	2.8022	-0.03866	-0.91991	0.58634	-0.77874	1.6299	-24.282	-48.656	-291.81	-168.53	6.767	-60.469	-45.311	-30.718	0.1327	56.342	-12.951	8.7877	-23.814	66.998
-7.7348	-13.756	-13.935	-2.5115	-0.84581	-0.44244	-1.3335	-0.87032	2.1315	-1.7978	-0.19483	-0.053379	-0.14955	1.0788	7.2239	171.31	-107.26	-46.06	-95.413	-34.339	-152.32	-55.59	-26.828	-70.365	29.003	-25.589	25.168	-22.042
-7.521	-15.348	-17.19	-3.7968	-1.6213	0.44031	0.4055	-0.59353	2.8671	-0.453	0.54607	-1.2352	-1.597	0.61713	8.5508	-63.706	-130.2	-51.414	-31.018	35.31	69.56	11.072	29.427	53.791	29.636	-47.274	-57.898	-18.468
-7.193	-14.373	-17.856	-2.61	-0.48485	-1.7142	-0.42218	-1.6521	3.6062	-1.095	-0.048917	0.18644	-0.3353	-0.58081	13.12	39.031	-26.625	47.473	45.456	-86.179	-33.107	-42.345	29.562	-25.678	-23.799	56.867	50.469	-47.918
-6.8638	-9.2411	-18.752	-4.5785	-0.69229	-1.6293	1.1738	-1.4955	-0.0075752	-3.7466	0.096878	1.1247	0.036991	0.66131	13.167	205.26	-35.863	-78.739	-8.2978	3.394	63.841	6.2673	-144.55	-106.07	5.8318	37.531	14.892	49.685
-6.3804	-8.0249	-20.152	-2.1998	0.93992	0.19961	0.8717	-2.2114	1.5575	-2.0123	-1.2467	-0.42753	-0.15365	1.1878	19.338	48.649	-55.985	95.147	65.289	73.157	-12.086	-28.638	62.604	69.371	-53.743	-62.09	-7.6254	21.059
-6.1706	-6.8995	-22.157	-2.4926	0.91484	-3.1231	0.20946	-2.2093	1.2932	-2.2297	-0.5112	-1.41	-0.19281	2.1755	8.39	45.014	-80.191	-11.712	-1.0035	-132.91	-26.49	0.083219	-10.575	-8.6955	29.42	-39.3	-1.5667	39.51
-6.0411	-1.6614	-18.353	-3.2004	1.7097	-2.6423	-0.046347	-1.7176	3.3249	-0.53104	1.1371	0.1175	-0.70143	-0.027496	5.1819	209.52	152.16	-28.314	31.796	19.234	-10.232	19.667	81.269	67.947	65.933	61.101	-20.345	-88.122
-6.1735	-3.3454	-18.375	-6.4303	0.35745	-3.0375	-0.33534	-1.1518	2.2259	-1.2885	1.1009	0.66985	-1.2614	0.95726	-5.2979	-67.358	-0.88901	-129.19	-54.092	-15.809	-11.56	22.634	-43.958	-30.299	-1.4492	22.094	-22.4	39.39
-6.4046	-6.9904	-16.02	-4.9646	1.6003	-4.1676	0.50352	0.81257	3.4122	-2.4159	-2.0341	-0.91112	-0.62462	1.8644	-9.2432	-145.8	94.178	58.625	49.714	-45.203	33.554	78.575	47.451	-45.097	-125.4	-63.239	25.472	36.285
-6.8735	-11.466	-14.27	-5.1639	3.4591	-2.5355	-0.26345	-0.47186	3.4397	-1.4456	-0.99642	0.32306	0.010618	1.1683	-18.756	-179.04	70.021	-7.9727	74.353	65.284	-30.679	-51.377	1.0996	38.813	41.507	49.367	25.409	-27.844
-6.9114	-13.535	-7.4156	0.71084	7.1564	-2.0693	0.55308	-1.3597	2.9624	-1.5435	-0.40256	-0.47151	0.54391	-0.45668	-1.5182	-82.747	274.17	234.99	147.89	18.649	32.661	-35.513	-19.093	-3.9152	23.754	-31.783	21.332	-64.998
-5.2095	-6.3257	1.8743	5.1364	7.6927	0.44661	0.81533	-1.365	3.1523	-3.0196	-1.1993	0.35059	-1.3655	0.15679	68.078	288.37	371.59	177.02	21.451	100.64	10.49	-0.2131	7.598	-59.045	-31.871	32.884	-76.375	24.539
-4.5854	1.1685	6.7797	1.311	11.728	-1.0768	-1.6648	-1.8061	0.98891	-1.1192	-2.7815	0.86081	0.068191	0.42057	24.964	299.77	196.22	-153.02	161.41	-60.937	-99.204	-17.644	-86.536	76.018	-63.286	20.409	57.346	10.551
-4.2916	2.6258	6.9003	-0.768	11.38	-0.75171	-2.0351	-0.23698	-1.2325	0.19843	-3.3459	1.0036	1.5944	0.33717	11.751	58.291	4.8251	-83.159	-13.92	13.004	-14.814	62.765	-88.855	52.704	-22.576	5.7101	61.048	-3.3363
-4.0916	4.6384	5.6264	0.34558	10.961	-0.17737	-2.6859	0.2082	-1.6049	0.59101	-4.0605	1.4842	1.6815	0.28896	7.9986	80.505	-50.957	44.543	-16.75	22.973	-26.03	17.807	-14.897	15.703	-28.585	19.224	3.4828	-1.9282
-3.8871	4.6196	6.0878	1.2238	10.017	0.24522	-2.9626	0.29021	-1.9596	0.61408	-3.7018	0.80231	1.7674	0.13934	8.1796	-0.7499	18.454	35.129	-37.772	16.904	-11.068	3.2803	-14.187	0.92282	14.348	-27.274	3.4373	-5.9849
-3.7558	4.1681	7.3278	1.0713	9.647	0.3152	-3.9894	0.96849	-2.1656	0.86197	-3.9539	0.71591	1.4854	0.089214	5.2523	-18.06	49.6	-6.0983	-14.798	2.7992	-41.072	27.131	-8.2396	9.9159	-10.085	-3.4557	-11.282	-2.005
-3.7296	6.1645	6.8558	0.74501	9.8161	-0.31429	-4.6497	1.6787	-1.7574	0.31216	-3.3737	0.21138	1.5948	-0.31139	1.0515	79.853	-18.879	-13.053	6.7665	-25.18	-26.413	28.409	16.326	-21.993	23.209	-20.181	4.377	-16.024
-3.7767	7.5865	6.3588	0.95365	9.4072	-0.84846	-4.6407	1.382	-0.6896	0.27409	-2.7631	-0.95021	2.3147	-1.2034	-1.8851	56.883	-19.88	8.3457	-16.358	-21.367	0.36051	-11.871	42.712	-1.5227	24.423	-46.464	28.794	-35.68
-3.9212	8.1409	5.8066	1.637	7.3653	0.57897	-5.7132	1.94	-0.32155	0.64629	-2.2759	-1.173	1.8698	-1.2092	-5.7812	22.174	-22.087	27.336	-81.673	57.097	-42.897	22.321	14.722	14.888	19.492	-8.91	-17.795	-0.23284
-4.0512	7.4678	6.5017	0.74648	7.6971	0.071224	-6.2058	2.4101	-0.42089	1.7388	-2.2559	-1.2961	1.6454	-1.2175	-5.2001	-26.925	27.805	-35.623	13.271	-20.31	-19.705	18.805	-3.9736	43.7	0.79823	-4.9271	-8.9773	-0.33381
-4.1568	7.4757	6.7739	-0.016307	7.4222	0.48993	-6.8199	2.8011	-0.68566	2.3046	-2.1496	-1.4527	2.0217	-1.3465	-4.2216	0.31925	10.885	-30.511	-10.997	16.748	-24.565	15.64	-10.591	22.631	4.2502	-6.2609	15.055	-5.1566
-4.298	6.7665	6.7544	-0.81359	7.9526	-0.3419	-6.0489	2.4983	-0.71236	2.6305	-1.5968	-1.1277	1.389	-0.86404	-5.648	-28.369	-0.78057	-31.891	21.216	-33.273	30.839	-12.11	-1.0681	13.036	22.113	12.999	-25.31	19.297
-4.4885	4.1071	7.639	-0.53079	6.8579	0.27437	-6.3688	2.4895	-0.42633	2.5327	-1.0394	-1.6302	2.0449	-1.2971	-7.6225	-106.38	35.385	11.312	-43.789	24.651	-12.796	-0.35321	11.441	-3.911	22.296	-20.102	26.239	-17.323
-4.6563	3.5961	7.4157	-0.47728	6.223	0.74242	-6.9747	2.5014	0.39559	1.6449	-0.19891	-2.1921	2.5817	-1.3246	-6.7129	-20.44	-8.9307	2.1404	-25.394	18.722	-24.234	0.47455	32.877	-35.513	33.62	-22.475	21.471	-1.1009
-4.7383	2.1842	7.6641	-0.21306	5.2936	1.4993	-7.1659	2.3518	0.4852	1.6472	-0.20602	-1.7974	2.2142	-0.94826	-3.2798	-56.475	9.9367	10.569	-37.178	30.275	-7.6503	-5.9809	3.5843	0.093511	-0.2842	15.788	-14.699	15.055
-4.7465	0.90817	7.7597	-0.035599	4.8103	1.056	-6.2357	1.8627	0.92178	1.1088	0.13144	-1.5393	1.936	-0.45922	-0.32681	-51.042	3.8215	7.0985	-19.333	-17.733	37.208	-19.567	17.463	-21.538	13.498	10.325	-11.129	19.561
-4.7963	2.3744	7.7354	-0.71517	4.8472	2.2081	-7.9844	3.1705	-0.048764	2.1324	-0.73394	-1.5661	1.8376	-0.51884	-1.9923	58.651	-0.97182	-27.183	1.4761	46.085	-69.948	52.312	-38.822	40.946	-34.615	-1.0721	-3.9372	-2.3847
-4.8218	0.27944	9.5701	-2.31	5.1018	3.2819	-8.1311	1.4789	2.0685	0.46617	0.51112	-1.8361	1.4348	0.14366	-1.0189	-83.8	73.39	-63.793	10.186	42.952	-5.8645	-67.662	84.689	-66.65	49.803	-10.8	-16.113	26.5
-4.8583	-0.71346	9.8739	-2.1483	4.5369	3.7149	-7.9574	1.1071	2.2738	0.61615	0.39884	-1.8549	1.5835	0.22456	-1.4593	-39.716	12.153	6.4687	-22.594	17.319	6.9444	-14.873	8.2141	5.9995	-4.4914	-0.7527	5.95	3.2359
-4.9285	-2.5037	9.8853	-1.676	3.9412	4.5875	-8.0268	1.2236	2.095	1.4433	-0.057723	-1.7163	1.609	-0.10179	-2.8105	-71.608	0.4546	18.892	-23.832	34.903	-2.7759	4.6613	-7.1526	33.084	-18.262	5.5452	1.0205	-13.054
-5.0033	-5.7253	10.795	-1.7355	3.8914	4.8251	-7.2949	0.48864	2.6824	1.1998	0.51196	-1.7288	1.3321	0.17533	-2.9904	-128.87	36.401	-2.3817	-1.9881	9.5059	29.279	-29.399	23.497	-9.7361	22.787	-0.50019	-11.076	11.085
-5.129	-8.573	11.777	-1.3693	3.6591	5.0165	-7.0043	-0.15964	3.1475	1.3534	0.22967	-1.3235	0.7872	0.56362	-5.0267	-113.91	39.282	14.649	-9.2942	7.6549	11.622	-25.931	18.603	6.1429	-11.291	16.214	-21.796	15.532
-5.3491	-11.252	11.728	-0.37029	3.0752	4.2485	-5.1026	-0.13055	1.9859	2.2519	0.55563	-2.1282	0.99666	1.1792	-8.8076	-107.17	-1.9795	39.96	-23.354	-30.719	76.07	1.164	-46.464	35.941	13.038	-32.192	8.3784	24.624
-5.598	-14.289	12.196	0.22059	2.2956	4.3016	-5.0028	0.15187	2.1819	1.8931	0.61099	-1.3324	0.97885	0.23994	-9.9552	-121.47	18.712	23.635	-31.186	2.1259	3.9898	11.297	7.8384	-14.354	2.2144	31.835	-0.71234	-37.571
-5.7213	-16.28	11.245	1.8378	1.6259	3.5119	-2.5328	-2.3189	3.0704	2.0118	0.85691	-1.7686	0.98756	1.0781	-4.931	-79.655	-38.037	64.687	-26.789	-31.59	98.803	-98.829	35.542	4.7494	9.8367	-17.447	0.3481	33.526
-5.5776	-14.949	13.042	0.73853	0.24778	3.8636	-2.4985	-1.7362	2.4841	2.1938	0.87303	-1.5323	0.52169	1.3986	5.746	53.233	71.872	-43.969	-55.123	14.068	1.3694	23.308	-23.452	7.2803	0.64496	9.4483	-18.635	12.822
-5.5867	-15.79	12.135	1.7463	-1.2901	5.0025	-2.4602	-1.668	2.1078	2.6977	1.9908	-2.275	0.3928	1.6163	-0.36357	-33.64	-36.259	40.309	-61.516	45.555	1.5309	2.726	-15.051	20.153	44.71	-29.706	-5.1556	8.7044
-5.7554	-18.187	12.2	2.3755	-1.6081	4.5634	-1.4819	-2.0819	2.3268	2.2091	2.0366	-1.8835	0.51331	1.0835	-6.7448	-95.866	2.5795	25.17	-12.721	-17.56	39.133	-16.554	8.7607	-19.541	1.8331	15.658	4.8202	-21.312
-5.927	-20.036	13.486	1.835	-2.2163	4.1522	0.39155	-2.8475	2.3586	1.6746	2.6298	-2.3842	1.1909	0.13299	-6.8662	-73.969	51.45	-21.621	-24.326	-16.449	74.939	-30.625	1.2722	-21.384	23.727	-20.028	27.104	-38.019
-6.0776	-24.062	13.206	3.6192	-3.3479	4.4597	1.3666	-3.1609	2.7674	1.5445	2.1574	-1.721	1.1906	-0.35036	-6.0251	-161.04	-11.201	71.369	-45.264	12.299	39.003	-12.538	16.35	-5.2016	-18.897	26.531	-0.011561	-19.334
-6.3257	-28.556	12.995	4.7064	-3.8261	4.169	1.91	-1.6562	2.0261	1.6546	1.757	-0.86288	1.2035	-0.029272	-9.9229	-179.74	-8.4183	43.488	-19.127	-11.628	21.734	60.19	-29.651	4.4042	-16.015	34.323	0.51704	12.844
-6.6173	-24.148	7.7755	4.4501	-2.9575	3.731	3.9606	-2.5372	3.2693	0.77002	1.8544	0.58618	1.9273	-2.0956	-11.662	176.3	-208.79	-10.251	34.742	-17.521	82.027	-35.24	49.725	-35.384	3.8954	57.962	28.949	-82.653
-6.8641	-27.007	6.7709	3.8952	-2.0973	3.8607	4.2178	-1.6915	4.195	1.0987	1.4022	0.90903	1.339	-2.3012	-9.8743	-114.35	-40.184	-22.197	34.41	5.1886	10.286	33.827	37.028	13.145	-18.086	12.914	-23.528	-8.223
-6.8939	-30.826	5.7378	5.3003	-1.6437	4.4747	4.714	-1.1254	4.9106	-0.27985	0.99302	0.71708	2.0131	-1.6966	-1.1932	-152.78	-41.323	56.204	18.142	24.56	19.85	22.643	28.628	-55.14	-16.368	-7.678	26.963	24.184
-6.8407	-35.065	5.0211	5.093	0.72158	6.0706	4.3431	-0.53967	5.9123	0.8818	-0.055446	0.8169	1.3781	-1.9773	2.1309	-169.56	-28.667	-8.2918	94.612	63.838	-14.836	23.429	40.066	46.466	-41.939	3.9927	-25.399	-11.229
-6.815	-36.425	3.608	6.0408	1.3524	6.1648	4.9357	-0.34809	5.2213	0.51408	0.6193	0.90604	0.80918	-2.0994	1.0287	-54.372	-56.527	37.911	25.234	3.7659	23.703	7.6629	-27.639	-14.709	26.99	3.5657	-22.758	-4.8829
-6.8837	-38.665	3.3526	4.6491	0.59039	7.1667	5.4933	1.0669	6.1496	0.70941	0.53775	0.8139	0.71729	-1.9112	-2.7518	-89.628	-10.215	-55.665	-30.481	40.078	22.305	56.6	37.129	7.8135	-3.2621	-3.6857	-3.6756	7.5279
-6.9693	-44.105	2.9299	6.8572	1.993	8.1101	5.4019	0.49451	4.771	-0.72429	1.7952	1.4645	1.6843	-2.2063	-3.4203	-217.56	-16.907	88.325	56.103	37.735	-3.6577	-22.896	-55.143	-57.348	50.298	26.025	38.68	-11.804
-7.3233	-40.702	3.8043	6.1287	2.9785	6.225	5.0924	1.4656	4.8899	-1.1386	-0.25287	1.5755	0.39595	-1.6485	-14.164	136.11	34.977	-29.142	39.423	-75.405	-12.381	38.844	4.7588	-16.574	-81.922	4.4396	-51.533	22.311
