-5.7657375 -15.3477125 -12.1729625 -3.137385 1.07767875 3.803325 0.032305 0.713067375 0.32606125 -1.018985 1.05202 0.48809375 -1.018653125 0.4853125 67.309925 1568.2125 -251.45825 -144.555625 -19.153625 -70.515625 -53.08956 -63.972875 -5.047 -8.0694625 15.93632625 -12.7193875 -29.83075 11.34060875
-2.74580734375 5.60854625 1.59161921875 -0.78624921875 -0.03118859375 -1.43364909375 -0.0807090625 0.258500859375 -0.0590926718749999 -0.39293065625 -0.3442501 0.22777696875 0.421713328125 0.4118605 17.19459046875 260.23453125 26.433775625 -66.811190625 10.1408203125 -27.27961234375 -4.1735375 -10.42056171875 -15.75004484375 -4.7397625 -1.56454675 3.65834953125 10.0929384375 5.95474984375
-2.32514601461988 9.03062647368421 4.02998216374269 -1.67516715789474 -0.388033294736842 -1.59247549707602 -0.24128834502924 -0.57267452631579 0.0760529064327485 0.46129183497076 0.185554122807017 0.256519831578947 0.201976719298246 0.0227233538011696 2.68994925672515 16.9188173099415 13.5340665497076 -17.3640919298246 -11.3058137368421 -3.47756081871345 -2.45443232163743 -5.01263923391813 0.345163157894738 0.452516801169591 0.197844093567251 2.62523532163743 -0.584862865497076 4.0728567251462
-7.5679 -52.663 -7.94683 5.44518 0.65944 4.33844 1.205042 1.703277 0.9353853 -0.71296 0.116644 -0.5344698 -0.6478158 0.5599954 -73.99561 -1134.99 188.70603 73.263667 -71.9587 74.8761 -21.796707 36.4897653 25.83656 -59.77618 3.90968 0.440550000000001 11.456267 8.64299
-7.26217857142857 -50.4069285714286 -2.72137357142857 3.33123571428571 1.38485285714286 5.054645 1.913755 2.60460071428572 -0.215767857142857 -0.316281571428571 0.103346 -0.512835214285714 -0.707062564285714 -0.368481071428571 -117.2935 -1500.47142857143 -174.835071428571 77.8724285714286 -50.0490571428571 131.332571428571 61.5887142857143 87.16709 38.6803785714286 -0.28606642857143 11.8057071428571 12.6445285714286 -7.24166214285714 8.91979285714286
-4.59398333333333 -4.54596666666667 -8.07137375 -0.842087916666666 0.402970454166667 1.0742795 -1.36519375 0.723036233333333 0.708311779166667 -1.00031904166667 0.336792416666667 -0.144728583333333 -0.475976041666667 0.08842875 40.2044041666667 645.276666666667 -51.3805375 12.0530641666667 -15.9972833333333 -42.2479641666667 3.59725416666666 -5.18634166666667 -18.5171 4.18616666666667 6.41148333333333 -11.11642 -7.31482083333334 -8.33265416666666
-2.53365621780822 7.81369109589041 -4.5884301369863 -0.589103698630137 -0.191601095890411 0.205679452054795 0.728955901369863 -0.283340630136986 0.225120136986301 0.279833410958904 0.327217712328767 -0.159553374931507 0.423898715068493 0.193529123287671 0.993542273972602 43.2278853424658 3.74720808219178 13.0422506849315 76.1250917808219 12.1025930136986 11.6269534246575 9.06190616438356 -17.9412971232877 3.6167598630137 3.94672260273973 -5.88824917808219 0.421017808219178 -8.48119589178082
-4.18672222222222 0.358 1.22998622222222 -2.00401111111111 -1.36644 2.11530444444444 -0.325968888888889 -0.276105 0.220187777777778 -1.03735 1.04251555555556 0.408547333333333 -0.330666666666667 0.04343 63.0876666666667 752.416666666667 359.617444444444 -212.922222222222 -11.2431 -10.2068888888889 -63.9336111111111 -55.9112222222222 -31.4152 -24.3206666666667 -18.7351222222222 -8.50351111111111 -10.7662222222222 -1.28177777777778
-3.99454193548387 3.52714193548387 -3.48855909677419 2.72015709677419 1.21111870967742 3.21631612903226 0.253258809677419 -0.315125 -1.10777412903226 -0.649580161290322 0.782857419354839 0.0969577741935484 -0.778574516129032 -0.282647129032258 17.1410925806452 123.761948387097 381.905806451613 10.8272258064516 43.5413258064516 -4.62937741935484 -25.8923 -13.0971612903226 -21.0210474193548 -3.83955806451613 -17.1016616129032 3.41049677419355 6.36829258064516 -15.9394235483871
-5.2433 -18.1517333333333 -9.12781666666667 -3.68066666666667 -2.44611666666667 1.32357 0.72695 0.450647166666667 1.03355216666667 -0.59463 0.7700335 0.611895 -0.191185 -0.215105166666667 265.873333333333 2986.31666666667 111.910166666667 -259.623666666667 75.6643333333333 -219.4425 -10.2663333333333 -127.0795 15.639 22.4386666666667 6.5525 -3.028 -7.98063333333333 -32.33105
-3.79119780487805 -4.18378804878049 4.08431390243902 -0.402130975609756 1.57236146341463 1.59572702439024 -0.653785390243903 0.779316463414634 -0.877873780487805 0.0568060731707317 -0.714062936585366 -0.284012097560976 0.218391804878049 -0.351999243902439 -18.9197268292683 -317.546097560976 144.418870731707 20.8502170731707 -2.54445707317073 23.4620853658537 -6.82585878048781 11.170953902439 5.48220170731707 10.2865536585366 -13.4922341463415 6.3573 3.78114634146341 -10.8978080487805
-4.97790416666667 -14.795275 -15.0548833333333 3.53056541666667 -2.94003558333333 2.47902208333333 1.96767083333333 0.103939583333333 1.62384 0.45717 0.5846175 -0.00795524999999999 -1.06490866666667 0.472494791666667 -7.84533166666667 -102.4745 -291.399166666667 -127.728208333333 -32.341375 1.5808625 12.3191541666667 10.4336416666667 26.2147625 16.1582745833333 11.8635541666667 -9.04463333333334 14.2775145833333 21.9009666666667
-2.99196542253521 2.70101690140845 2.9681985915493 -0.458727640845071 0.220812204929578 -1.15669552816901 -0.44454203943662 0.138407478873239 -0.36343275 0.15591910528169 -0.336514546478873 -0.223706167605634 0.089762311971831 0.0309474647887324 -5.54732633098591 -121.046492957747 12.6153204225352 21.85783 0.667723732394366 -2.65463499295775 -5.66439429577465 8.11654711267606 -0.162583309859156 4.94460605633803 -8.45275866197183 1.69355612676056 -3.97529042253521 -1.79402654929577
-6.06237142857143 -34.2937666666667 -5.25396714285714 2.28418095238095 0.764830952380953 1.79801252380952 0.268403666666667 0.532201904761905 0.232893266666667 -0.55044 -1.02141338095238 0.252532952380952 0.346759857142857 -0.00468585714285716 -55.8467142857143 -666.997619047619 -72.1822428571429 7.14178571428571 -37.0134333333333 32.9588245714286 -6.95063285714285 -7.4603619047619 -1.67065238095238 -12.9235138095238 -11.9898142857143 27.2202857142857 11.2786480952381 -3.01923428571429
-5.034335 -13.89373775 -3.53827875 4.29291715 -0.14646075 2.06019125 0.37984675 -0.0319011 0.538284875 -0.06806775 0.102671625 -0.29477855 -0.977426875 -0.3111515 -31.1936525 -354.33625 -214.4657 123.645345 -38.5736525 44.0803275 18.85852 19.763045 27.14014 2.358445 18.6134775 -9.572785 -10.5216 11.51120625
-2.97971963380282 5.71786225352113 1.81289028169014 0.802830563380282 -0.112308478873239 -0.406015605633803 -0.00743423943661974 -0.407563676056338 -0.0455498169014085 -0.261446943661972 -0.149250450704225 0.0709047605633804 0.104358943661972 -0.421344447887324 3.14147478873239 117.488377633803 -115.077173239437 54.115514084507 -10.8556842253521 -9.70918309859155 14.256178028169 -14.1233987323944 14.1769746478873 -6.47303571830986 8.76735492957747 -7.48016521126761 -2.61046197183099 -2.24925661971831
