Log_Energy MFCC_1 MFCC_2 MFCC_3 MFCC_4 MFCC_5 MFCC_6 MFCC_7 MFCC_8 MFCC_9 MFCC_10 MFCC_11 MFCC_12 MFCC_13 Log_Energy_D MFCC_1_D MFCC_2_D MFCC_3_D MFCC_4_D MFCC_5_D MFCC_6_D MFCC_7_D MFCC_8_D MFCC_9_D MFCC_10_D MFCC_11_D MFCC_12_D MFCC_13_D
-2.67711619230769 14.7089811538461 7.16960384615385 -1.03210538461538 0.25840125 -1.02736625 -0.958981076923077 0.283368288461539 -1.28937063846154 0.261471334615385 -0.22846925 -0.232883942307692 0.635440788461539 -0.537166465384615 -13.9391846153846 -215.801730769231 40.3385426923077 40.1266342307692 -0.787167307692307 9.41196730769231 8.69914423076923 1.50771538461539 5.10133653846154 -3.62409173076923 -10.7310669230769 -1.16873730769231 -8.0605925 10.2208082692308
-5.54444611111111 -16.4958444444444 -3.16258333333333 1.26655611111111 -0.738823333333333 1.2829745 1.19427711111111 -1.50748055555556 0.572295 0.362763111111111 -0.391234166666667 0.992179722222222 -0.855116444444444 -0.0791844444444444 -38.3473888888889 -770.063888888889 107.869277777778 82.8855166666667 59.4216277777778 40.2594055555556 -0.373944444444446 -28.1708777777778 15.2406944444444 -19.0756888888889 -10.1228444444444 33.9653538888889 -5.90695 -20.0706611111111
-5.77394166666667 -9.65993833333333 -7.55091666666667 -4.2170615 -1.9467525 0.0920991666666667 1.62895666666667 -0.445881666666667 0.292808333333333 0.73379 -0.0644216666666667 1.24988666666667 -1.34837116666667 0.962580833333333 188.229833333333 2325.16666666667 227.311916666667 -180.164316666667 -5.64008333333333 -25.9775 -32.27875 -53.6659166666667 -28.7007666666667 26.25025 1.11303333333333 18.9040833333333 -12.1722666666667 -1.81253166666667
-5.7187 -11.8320875 -12.97116125 3.849305 0.50085125 1.49307625 1.88450375 -1.50661125 2.83313625 1.323485 -0.79558325 1.031621 -2.23838875 0.92423125 -17.4327875 58.16575 -414.035 -90.907875 -39.9955 -75.58545 -28.93025 13.7325 104.6301875 72.781 -20.047925 22.1047625 6.6834375 -6.1494
-6.6886 -27.8303 3.80318142857143 2.34904285714286 -1.90502857142857 -0.997408571428571 1.42164571428571 1.07254142857143 -0.164948571428571 -1.64469428571429 -0.585311142857143 1.25413714285714 -0.69154 -0.130598571428571 82.4954285714286 815.791428571429 600.495714285714 -32.2661285714286 -2.24885714285714 -36.3460142857143 -79.7585714285714 26.1792857142857 -50.3182857142857 -89.6341428571428 -29.9547285714286 -10.1582742857143 0.226671428571428 -51.8334714285714
-4.26399476470588 7.77592470588235 0.626399588235294 -0.717291764705882 -0.540549411764706 -0.905340588235294 0.510429411764706 -0.0886811764705882 -0.352264705882353 -0.461089647058823 0.368219411764706 -0.529604647058823 -0.0475549705882353 0.845104764705882 45.4806470588235 940.582941176471 107.916182352941 -84.1361117647059 8.59171764705882 -81.7579647058823 -57.8228823529412 -3.51631176470588 -45.6107235294118 -21.322 4.82711176470588 -12.6499211764706 31.4733182352941 7.89468235294118
-4.89860307692308 -7.26433461538461 0.127809615384616 1.74064419230769 -0.0844122307692308 0.119653846153846 0.599070384615385 -0.152219230769231 0.538379423076923 -0.0707237576923077 -0.177648192307692 0.0857051307692308 -0.737469038461539 -0.0549312692307692 -39.7077230769231 -583.840769230769 -43.2462884615384 90.3865576923077 -24.9234653846154 36.79245 30.0539038461538 -7.26637692307692 29.7909076923077 -20.5011653846154 -6.83747423076923 -2.54249230769231 -16.8043923076923 -2.78922505
-3.05508111111111 9.16277777777778 6.60513333333333 0.355421111111111 0.0955977777777777 0.338238266666667 -0.898240222222222 -0.489874444444444 -0.645734444444444 0.554192222222222 0.00801133333333338 -0.427676555555556 -0.0345714444444445 -0.481841666666667 148.489555555556 1371.46666666667 566.764444444444 -83.7212222222223 -40.1807777777778 -49.9885555555556 -82.0975555555556 26.8220666666667 -106.367042222222 -1.07393333333333 -5.21027777777778 -59.8321811111111 58.5632222222222 -72.2321111111111
-6.72349285714286 -34.6834035714286 0.96329 2.23422214285714 0.772708642857143 2.46255778571429 2.02205804285714 -0.981199285714286 1.00933142857143 0.1876125 -1.49112 0.294708857142857 -0.912105 1.17622357142857 -81.5339785714286 -1109.17642857143 -30.1922142857143 132.04 0.127364285714286 22.9472357142857 44.7114142857143 29.4072857142857 42.9367285714286 -18.8937857142857 -11.4025714285714 9.69661857142857 -30.0497428571429 26.1894092857143
-4.54821677142857 -3.96069428571429 4.21883385714286 0.613931142857143 -0.664672857142857 -0.816000171428572 -0.0500128571428571 1.16075344285714 0.329100471428571 -0.521686428571428 -0.362761714285714 0.140424285714286 -0.0804606 -0.299243657142857 18.7916457142857 248.620857142857 46.5084085714286 -97.8636028571428 -5.93157114285714 -16.1674285714286 -9.19544285714286 7.79710085714286 -19.4724171428571 14.9305642857143 -7.14185285714286 -5.3337864 11.8068171428571 -0.180082857142857
-11.4144285714286 -72.9405571428571 -11.46055 3.35388214285714 -0.862165 2.9434 3.36583928571429 0.947266285714286 2.24333928571429 0.265021714285714 0.00649464285714287 1.10511571428571 -0.873251571428571 0.741363571428571 -53.8947857142857 -296.857857142857 -216.296428571429 -99.3485714285714 -67.8278142857143 -27.9330142857143 -7.07061 -2.64484428571429 15.8442071428571 20.8404735714286 18.0223178571429 20.3013357142857 20.8847 7.01334221428571
-1.51398308333333 28.4855832142857 6.76886786904762 -2.80723464285714 1.13495686904762 -1.09883130952381 -1.87675283333333 0.314833738095238 -1.40094732142857 0.254697857142857 0.260401119047619 -1.0051295102381 1.63286077380952 -1.05320867857143 -2.2489069047619 -73.2220714285714 44.619881547619 -17.7990421428571 2.6491 5.47271428571429 3.82225595238095 2.17853547619047 -3.90277527380952 8.39141666666667 2.41058190476191 -2.36802397619048 0.828402857142857 -1.87649166666667
-3.77555473684211 2.87329263157895 0.56278947368421 3.068206 1.93363789473684 -1.8942552631579 -0.515094736842105 1.46294263157895 0.383652631578947 -0.616279263157895 -0.94998447368421 0.132107368421053 -0.252392631578947 0.743136 -8.71437894736842 -62.9802368421053 -105.881207368421 61.3305789473684 14.6044421052632 -33.9981342105263 49.6383921052632 -14.2372631578947 31.4057263157895 -24.2798142105263 0.144930157894738 10.4946105263158 -11.6021 22.8982152631579
-5.37176842105263 -5.27527263157895 -7.18323368421053 2.82977263157895 -0.431021052631579 -0.415871052631579 2.05802736842105 -0.526160421052632 0.779744736842105 -0.514564578947369 -0.614698842105263 1.02044694736842 -1.70692526315789 0.357890684210526 26.0222726315789 274.787368421053 168.411631578947 48.7969947368421 7.94087210526316 -15.4190210526316 -29.2934526315789 -8.08645263157895 -30.1239631578947 -37.6828736842105 -4.98031052631579 -3.08016315789474 -3.89818263157895 -27.3672631578947
-7.12312105263158 -50.632052631579 -0.165184736842105 3.17548736842105 0.102057368421052 4.40106657894737 3.52875210526316 -0.0834336842105263 0.0128411052631579 0.344371789473684 -0.743065473684211 0.767528736842105 -0.536822684210526 1.00079915789474 -128.055 -1836.78421052632 -137.085842105263 114.550336842105 0.825215789473686 122.477773684211 99.7647842105263 97.7885736842105 56.6002947368421 -28.0378078947368 14.6226842105263 8.53413684210526 3.11071578947368 23.4834394736842
-1.5990758989899 29.0702904040404 5.82966151515152 -3.08841494949495 -0.27076202020202 -1.08837875757576 -1.76135614141414 0.417907674747475 -0.925872808080808 -0.157864060606061 0.79169790909091 -0.853872060606061 1.51828813131313 -0.894275747474747 1.90455878787879 20.3787031222222 -15.3915875757576 10.1251493939394 -12.1516374747475 -0.404641414141415 4.75267414141414 1.36973686868687 1.18097427272727 -2.24619363636364 6.6941295959596 -5.2113905050505 -0.553730565656565 -0.691577676767677
-4.90636363636364 0.472945454545454 -5.92691818181818 -3.33673454545455 -0.718095454545454 0.235922727272727 1.76286363636364 0.0714427272727274 0.717358181818182 -0.0362706363636363 -0.574188181818182 1.05059490909091 -1.38280281818182 0.882536363636364 93.6489090909091 1586.38181818182 -92.6046363636364 -153.458727272727 -52.3805090909091 -62.4867272727273 -32.9582181818182 -37.1123636363636 -30.6344818181818 19.2641181818182 -12.9738727272727 0.784893636363638 -6.81641818181818 -6.06537272727272
-7.5774 -33.27372 -16.0503333333333 -0.203733333333333 -2.68986666666667 6.2684 4.5392 -1.22684666666667 2.73698333333333 -0.64083 -1.57443333333333 0.83149 -1.04763333333333 0.763233333333333 -29.5253 -355.593333333333 -504.926666666667 -265.943333333333 -266.43 120.115 141.516666666667 49.78 47.947 -38.0343666666667 39.5633333333333 37.0376666666667 10.5256333333333 -12.3686666666667
-2.65556533898305 18.480759661017 -0.161209491525424 -1.56522711864407 0.0519693220338983 -0.290869 -1.10725459322034 -0.454031050847458 -0.11159793220339 0.476465813559322 0.623108357627119 -0.315989593220339 0.269731694915254 -0.236931915254237 2.92019830508475 72.7701237288136 31.882793220339 -40.7089050847458 13.2845933898305 -2.28635559322034 -9.91939779661017 -3.78035593220339 2.48744593220339 19.0340340677966 4.16692305084746 -8.5332220338983 2.62415542372881 -3.17448423728814
-2.94639107692308 15.0885769230769 1.67626153846154 -1.76847592307692 -0.103933269230769 -0.471540576923077 -1.35401961538462 0.0542330769230768 -0.300842490384615 0.121511438461538 0.216559230769231 -0.163626307692308 0.655366538461538 -0.154611346153846 10.1621482692308 161.360153846154 -61.57515 -1.20434673076923 3.73849807692308 -7.97815673076923 1.13792634615385 -5.10835615384616 12.5960592307692 4.65305788461538 2.05969711538461 4.69894807692308 -4.99688634615384 2.31717846153846
-8.43469444444445 -38.8983022222222 -16.1314611111111 2.11276666666667 -1.491219 1.84511111111111 2.47015111111111 -0.713481666666667 1.75593277777778 0.755372777777778 0.244798888888889 1.32895277777778 -0.936029444444444 1.32226222222222 -4.90423111111111 12.0340111111111 -104.86285 -89.5313888888889 -79.0618888888889 -37.7178333333333 -13.2112777777778 -1.75393333333333 -3.85629444444445 17.7234333333333 28.2563444444444 30.5169566111111 23.0029944444444 9.14926111111111
-6.9056002173913 -26.729982 -3.57326869565217 3.24818065217391 -0.0322796304347826 0.478912173913044 0.177891695652174 0.741412173913043 1.42878586956522 -0.539168043478261 -0.522672739130435 0.234674213043478 -0.425447086956522 0.188875560869565 -6.74093804347826 -68.473132173913 -11.8895904347826 32.9104434782609 24.644097826087 13.1005197826087 -4.40786347826087 6.73383260869565 -17.9367730434783 -8.73691086956522 -16.9444043478261 -3.39921584948261 2.11909130434783 3.80156254347826
-4.34265767857143 0.918525357142856 -1.81976314285714 -0.150861785714286 -0.266530714285714 0.452281142857143 -0.459541321428572 -0.383028214285714 -0.589778775 0.0605067857142856 0.388450903571429 -0.835939071428571 -0.385428646428572 0.261522642857143 38.8560178571429 434.071428571428 -31.3675928571428 -34.5114142857143 -8.61824642857143 -22.6500651785714 -31.2377771428571 -1.32155 -18.8032328571429 12.7850042857143 5.79498214285714 -1.98137571428571 13.7756132142857 -3.54887142857143
-5.11832439130435 -6.7258752173913 -2.51057391304348 -0.318335652173913 -0.567088260869565 0.0713447826086957 1.09989413043478 -1.39386526086957 -0.886613043478261 0.808070043478261 -0.220898608695652 0.312384782608696 -0.960056086956522 0.557452173913044 -21.9194 -399.524782608696 104.999913043478 30.8300217391304 14.1761652173913 21.3016765217391 1.23448260869565 -27.1829826086957 -14.6011291304348 27.0411913043478 -23.1209 17.222952173913 -1.89804495652174 4.27675652173913
-8.493815 -46.47498 -4.512378 3.431949155 0.28828085 1.91788895 2.727647 0.60882445 1.20680585 -0.600803 -0.5993825 0.547299 -0.82845475 1.02628805 -87.57041 -587.962 -323.0905 18.0041 77.000885 32.014805 19.464395 5.566225 26.79967 20.5554895 -1.7689 3.476555 -26.21753 4.33392
-8.0547 -42.00031 -7.43793777777778 6.78411111111111 0.909664444444444 1.78952666666667 2.61112777777778 -0.449422 2.25693625555556 -0.365384444444444 -0.115235555555556 1.03301 -1.84297888888889 0.146584555555556 -13.9423222222222 -218.607777777778 -189.105555555556 60.4537666666667 128.102777777778 34.6551666666667 37.1271111111111 4.40644444444444 27.25407 11.8045277777778 -8.03674444444445 -31.4345888888889 -2.80892666666667 15.3281111111111
-5.35383571428571 -5.84600785714286 -7.24577857142857 2.25391428571429 1.77681428571429 1.11075285714286 0.375935771428571 -0.876470714285714 1.1121315 -0.0705098571428571 -0.433226 0.769236428571429 -1.30407556428571 1.10164042857143 -10.82185 -178.265714285714 189.677857142857 -4.54043142857143 79.8359285714286 38.1304428571429 -7.37571428571429 34.9847857142857 -20.7523642857143 3.99957142857143 -14.5398621428571 8.54665714285714 22.7546785714286 -20.4354285714286
-4.94345947368421 -7.58268947368421 -2.38813684210526 4.49332105263158 0.780777247368421 0.6606163 0.324888 -1.24881263157895 0.711997894736842 -0.0936321578947369 -0.143429736842105 1.25879136842105 -1.70342021052632 0.499981578947368 -24.9871894736842 -313.184210526316 -77.0883421052632 140.419421052632 -5.41526315789474 2.8766 -11.5565789473684 -13.7815736842105 44.9707684210526 -9.99822631578948 20.7292442105263 8.02959736842105 -14.8512894736842 9.11538947368421
-9.96425 -54.7860083333333 -14.681 2.12637 -2.838569 0.588355 2.73823333333333 0.100533333333333 1.89480583333333 -0.0609366666666666 0.907955833333333 0.66095475 -1.37105666666667 1.31356333333333 -24.3983916666667 -169.6535 9.63295 -39.7115833333333 -108.902083333333 -74.6016833333333 -28.8025333333333 -17.6464916666667 2.88921666666666 -49.2332666666667 40.9062416666667 0.0549999999999994 -16.4894666666667 3.31046666666667
-3.9921 -3.42167272727273 3.60139 2.96924 1.73255363636364 2.56846454545455 1.07701181818182 -1.50959454545455 -0.327298818181818 -0.0220481818181818 -0.0798018181818182 0.153079727272727 -1.03930627272727 0.708655909090909 88.1137272727273 296.111363636364 507.05 96.0794545454546 75.6586 89.1122181818182 -7.30368181818182 -4.00836363636364 -33.3570090909091 -11.4402272727273 -28.1698181818182 -47.3956363636363 21.8072727272727 -12.4807981818182
-6.00871363636364 -14.9795545454545 -9.02853636363636 -0.499384727272727 0.638327272727273 -1.48454 1.93246818181818 0.180338181818182 0.686381818181818 -0.342993909090909 0.0503918181818182 0.278846 -1.49785545454545 0.400719090909091 40.1264545454545 659.768181818182 -192.390154545455 -133.756854545455 5.32675454545455 -89.5092636363636 5.09656363636364 -0.896375454545452 -59.6464818181818 26.8058272727273 21.1763527272727 -23.5757454545455 -18.2847727272727 0.0782000000000005
-5.11394041176471 -2.02642176470588 -5.88366823529412 0.813985882352941 -0.586507058823529 -0.242182941176471 0.694414705882353 -0.138201352941177 0.289850588235294 -1.21085752941176 -0.375303470588235 0.459351176470588 -0.286462941176471 0.357384705882353 15.4256370588235 332.408823529412 -239.481764705882 92.4840588235294 -51.2883235294118 4.24485882352941 0.903577647058824 -8.46910588235294 18.7382058823529 -20.7341270588235 0.3201 16.5598529411765 -0.560619999999999 11.0552058823529
