-5.3772 -12.946 -9.16126666666667 -4.421 -0.846200333333333 -2.72821333333333 0.745916666666667 1.30503333333333 -1.08104333333333 -0.0476473333333333 -0.45495 -0.411277333333333 0.73276 -0.45128 301.743333333333 3040.86666666667 -11.0911333333333 -232.666 54.769 -234.803333333333 -14.9599666666667 -24.47 -37.7926666666667 2.31653333333333 -51.1959 -27.2753333333333 2.92166666666667 43.448
-2.40374922567568 11.6090025675676 1.71574641891892 -1.73108912162162 -0.329603716216216 -0.472964013513514 -0.386653175675676 -0.482782716216216 0.0993264932432433 0.385876878378378 0.0395181959459459 0.0296278621621622 -0.0163582905405406 0.161516587837838 4.55631104054054 88.7678378378378 -12.7278441216216 -16.8458642567568 2.88906081081081 0.081655472972972 -1.05128493243243 -5.24459743243243 6.35853972972973 2.12147399594595 1.13481657432432 -4.10122148648649 1.31039283783784 3.26086668918919
-5.61706764705882 -22.7448194117647 -2.83360058823529 1.79349892941176 1.65946323529412 1.04055520588235 0.577998941176471 -0.321237823529412 -0.3847192 -0.409110382352941 -0.418517647058824 0.278327794117647 -0.0982503235294118 -0.173309058823529 -42.6289617647059 -571.976176470588 -53.63345 63.5851088235294 -6.48513235294118 20.2068470588235 21.3264588235294 6.38774705882353 -6.71085882352941 -9.50304705882353 3.63057617647059 -0.728885294117648 -10.3999676470588 -6.65859117647059
-4.12024180722892 -7.85179528915662 -2.68688469879518 2.49872084337349 -0.17987813253012 0.692371060240964 0.528521578313253 0.0669458915662651 -0.226033626506024 -0.113818168674699 0.125757734939759 0.0128636710843373 0.0907346253012048 -0.150395265060241 -20.2055673493976 -244.009518072289 33.2947797590361 27.8634373493976 18.6426807228916 3.1343078313253 5.8088186746988 6.62030361445783 -5.313 1.46799048192771 -11.9865063855422 0.0572037349397602 -7.5987334939759 -8.58983373493976
-4.29468888888889 -12.6033666666667 -12.7931155555556 7.02216666666667 -1.05556 1.14386 1.22274555555556 1.95607222222222 -0.618234444444445 -0.316554111111111 -0.551892555555555 -3.09999999999932e-05 -0.0521155555555556 -1.19591855555556 64.8188111111111 423.364444444444 272.09 167.234333333333 77.3266666666667 12.0913333333333 49.0102 32.9536666666667 31.6328888888889 -24.1792222222222 -64.2853333333333 -30.4444444444444 -4.59505555555555 -12.1846222222222
-8.16276666666667 -55.09925 -4.72613333333333 3.56494916666667 3.179725 2.40848666666667 1.28556525 0.977369583333333 -0.450359 -0.06762 -0.97230775 0.0302716666666665 -0.822997666666667 -0.7155625 -139.412416666667 -1705.825 -106.571083333333 53.1573666666667 -57.48075 111.718166666667 61.0387083333333 54.1360833333333 -26.9339916666667 2.58316666666667 21.8847833333333 0.659474999999998 -10.6381583333333 -14.3049675
-3.3536 5.36807333333333 7.73281111111111 3.48548555555556 -0.522115555555555 0.27846 0.555268888888889 -1.339863 -0.635465555555556 -1.10220888888889 -0.0446774444444444 -0.753971111111111 -0.837358888888889 -0.308414444444444 40.6823333333333 292.444444444444 575.573333333333 -20.9704444444444 -23.3791111111111 -73.0831888888889 -9.05213333333333 -39.2649666666667 -2.67 3.9497 29.6899433333333 -2.40901111111111 12.9721111111111 56.1631111111111
-3.96619289130435 -3.24541304347826 3.35838934782609 -0.951960630434782 -0.0287423913043478 -0.233911239130435 0.593994956521739 -0.141519130434783 -0.554776413043478 -0.520202917391305 0.290940869565217 -0.135431391304348 -0.1915475 0.341723369565217 18.6227086956522 337.987391304348 -27.7118586956522 -75.4064413043478 -13.2563622608696 -14.8399763043478 -1.98297608695652 -14.7263434782609 1.7490152173913 17.9333089130435 13.8693393478261 -6.7095152173913 4.28999084782609 14.8155208695652
-4.44097 -0.184097 -1.80564 2.15393 4.030258 1.126291 -0.196646 0.343994 0.4795574 -1.177476 -1.505165 -1.010474 -1.008225 -1.680986 22.59389 -20.00854 417.259 141.1793 147.449 71.18872 -18.40673 -30.79871 -5.9462 -55.5329 -59.75576 -24.55739 -33.60871 -31.98954
-3.87048764705882 3.47239823529412 -7.40958529411765 6.79962352941176 -1.23298117647059 2.36616823529412 0.553723529411765 0.473195882352941 0.795294117647059 0.93042 0.831912941176471 -0.913948941176471 -0.313927058823529 -0.561843411764706 -9.12505294117647 68.2431764705883 -395.564117647059 125.521917647059 -83.4714941176471 59.0043294117647 4.03067058823529 52.5305 24.4214129411765 -10.9240529411765 2.25285294117647 -13.4063294117647 -3.25014117647059 -31.4851764705882
-3.44326296296296 4.35261851851852 -0.684899259259259 0.536465555555555 2.35318518518518 -0.466242592592593 -1.17715351851852 0.184852407407407 -0.070708074074074 -0.0684598148148148 -0.301946592592593 0.687396074074074 0.38631962962963 0.203347525925926 19.2459481481481 103.023618518518 173.642111111111 -85.5573333333333 23.0502666666667 -24.7541407407407 -36.9498992592593 -11.69347 -1.99216296296296 28.0599925925926 13.1892185185185 25.497297037037 24.5728074074074 17.2861055555556
-5.61294838709677 -17.2260409677419 -13.4948741935484 5.03648177419355 -1.73248387096774 1.83797774193548 0.797789096774194 1.24461280645161 0.904154225806452 0.185582161290323 0.164217648387097 0.0640238387096776 0.407508596774194 -0.496084774193548 -6.90174838709677 -130.998751612903 -230.40464516129 -35.3469415806452 -23.296653483871 0.257077419354835 12.1817574193548 6.93970322580645 10.7407096774194 2.84736129032258 -5.38538709677419 1.24751290322581 10.0045296774194 -5.18723225806452
-4.90944066666667 -8.76927933333333 0.109775333333334 0.374235 -0.416825866666667 -0.793378333333333 0.688037 0.3532419 -0.90050432 -0.395818 0.204468166666667 0.229091666666667 0.0721668666666667 -0.111692666666667 59.6236366666667 777.664 69.4616166666667 -50.7280966666667 -22.3382366666667 -83.8900633333333 -40.7784366666667 -27.0137666666667 -17.0197366666667 -12.7171366666667 15.2489033333333 10.6522616666667 6.41755333333334 14.95923
-7.25189523809524 -45.0412714285714 -2.77365761904762 3.38668680952381 1.59747857142857 2.46000619047619 0.651254761904762 0.301731428571429 0.119415952380952 -0.176234 -0.36712 0.532456190476191 0.208809476190476 -0.691613619047619 -89.9994285714286 -1058.63619047619 -207.144571428571 128.780857142857 9.90481428571429 80.7660714285714 44.1430047619048 42.6275714285714 27.9756190476191 -10.9562428571429 -0.014333333333334 0.189180952380952 11.2603380952381 1.76757666666667
-5.30585 -11.7377166666667 -6.03120166666667 -0.626608333333333 -1.65837916666667 -1.69920333333333 1.0175525 0.3929325 -0.000935583333333351 -0.699755 -0.3885884 0.378639166666667 0.281189166666667 -0.907375 105.459166666667 1563.625 115.19155 -123.07075 -89.884025 -92.3813333333333 -7.11394166666667 -53.1217258333333 -6.87366666666667 -10.687025 5.64516666666667 10.6291416666667 21.8232833333333 -18.6291558333333
-2.61842955895196 10.1764991746725 3.27013301310044 -2.07442580174672 -0.18830540349345 -0.650433337991266 -0.498726494672489 -0.0636228930131005 0.186353107423581 0.0870107780349345 0.0575157903930131 -0.0809136161572052 0.0225159290829694 0.293642541484716 -3.34399384279476 -43.1897054585152 2.8614176419214 2.54662423580786 0.49132545414847 2.76970349344978 -1.74061672489083 2.20433936244542 -3.04702824017467 -0.47536310043668 0.695402397379913 2.87629031441048 -0.841029650655023 -1.05399192139738
