-4.2474	-25.779	17.113	6.597	-1.9471	-3.2135	0.65505	-0.93272	0.67943	0.36813	-3.1043	-1.7811	0.73269	0.48393	0	0	0	0	0	0	0	0	0	0	0	0	0	0
-3.6367	-13.267	16.983	4.2514	-1.6377	-2.7627	-0.056955	-0.91601	0.29667	-0.11704	-2.9115	-2.5451	2.3842	0.65322	24.425	500.49	-5.225	-93.827	12.375	18.031	-28.48	0.66859	-15.31	-19.407	7.7111	-30.558	66.062	6.7716
-3.0259	-2.887	16.701	1.1997	-4.5718	-2.116	0.61216	0.26507	-1.2381	-0.11553	-0.37731	-3.46	2.3842	1.0685	24.434	415.2	-11.273	-122.07	-117.36	25.867	26.765	47.243	-61.39	0.060735	101.37	-36.598	-0.0025868	16.613
-2.0963	19.377	9.4222	-0.81279	-5.6596	-0.084488	-0.16552	-1.079	-0.11429	0.47832	-0.94806	-0.65627	2.6892	0.41018	37.181	890.55	-291.15	-80.5	-43.511	81.262	-31.108	-53.762	44.952	23.754	-22.83	112.15	12.201	-26.335
-1.2697	27.659	9.2027	-2.3333	-7.7958	0.62329	-0.653	-0.85445	-0.22325	0.74276	0.57973	-0.43559	3.5638	-1.2045	33.066	331.3	-8.7773	-60.821	-85.448	28.311	-19.499	8.9805	-4.3585	10.577	61.112	8.8269	34.983	-64.587
-0.81728	32.284	8.6963	-4.0213	-7.7003	0.83417	-1.9316	0.27721	0.86113	-0.28325	1.2328	0.41235	2.0971	-0.94266	18.096	185.01	-20.256	-67.52	3.8216	8.4352	-51.142	45.266	43.375	-41.04	26.122	33.918	-58.669	10.473
-0.59089	35.138	8.6534	-5.2051	-7.9683	2.3035	-4.2745	2.3499	-0.35025	-0.34228	2.7797	-0.22378	1.6799	-0.90859	9.0557	114.12	-1.7152	-47.349	-10.723	58.774	-93.717	82.909	-48.455	-2.3613	61.875	-25.445	-16.686	1.3628
-0.4659	39.15	6.9005	-6.0681	-7.4694	1.3997	-3.077	2.0066	-0.74744	-0.28161	3.4915	-0.16608	0.9507	-1.2244	4.9993	160.49	-70.118	-34.52	19.956	-36.151	47.9	-13.732	-15.887	2.4268	28.471	2.308	-29.169	-12.631
-0.16806	43.843	5.0958	-6.9262	-6.5772	0.82292	-1.6185	1.8881	-1.3107	0.6236	4.2268	-1.123	1.6729	-2.2301	11.914	187.71	-72.19	-34.324	35.689	-23.073	58.341	-4.7427	-22.529	36.208	29.412	-38.279	28.887	-40.228
-0.086108	46.42	5.2633	-8.8301	-6.9282	2.5375	-1.9678	0.90174	-0.81732	1.05	3.8921	-1.3486	1.473	-2.2051	3.278	103.09	6.7007	-76.158	-14.04	68.583	-13.975	-39.452	19.733	17.056	-13.388	-9.0227	-7.9964	0.99996
-0.21335	46.919	4.4473	-9.6524	-6.7846	2.8189	-1.7682	-1.1232	1.8126	-1.6785	5.0514	-1.1879	0.078554	-1.3585	-5.0897	19.971	-32.638	-32.892	5.7443	11.257	7.9867	-80.997	105.2	-109.14	46.375	6.4287	-55.776	33.864
-0.37297	41.88	5.791	-8.4377	-8.1808	3.9408	-2.212	-0.98599	0.35582	0.505	3.4344	-1.4412	0.88897	-1.9587	-6.3848	-201.58	53.749	48.588	-55.846	44.875	-17.753	5.4882	-58.272	87.342	-64.681	-10.134	32.417	-24.01
-0.49178	38.555	7.2571	-10.213	-6.529	3.9569	-2.7575	-0.62989	0.61966	0.49947	3.2171	-1.4309	0.6874	-1.5409	-4.7526	-132.98	58.642	-71.003	66.07	0.64462	-21.822	14.244	10.554	-0.22122	-8.6929	0.41465	-8.0628	16.71
-1.0014	34.676	6.9613	-8.6261	-7.0832	4.0217	-2.444	-1.1721	1.5372	1.1165	2.3368	-0.43401	-0.25626	-1.2591	-20.386	-155.17	-11.83	63.466	-22.166	2.5907	12.541	-21.688	36.701	24.682	-35.213	39.875	-37.746	11.275
-1.2971	30.323	7.6569	-8.0768	-4.2888	0.4261	-2.0611	-0.90972	0.53062	2.6386	2.7156	-0.89794	-0.19557	-0.57719	-11.825	-174.1	27.824	21.976	111.77	-143.82	15.314	10.495	-40.262	60.884	15.152	-18.557	2.4277	27.276
-1.4112	32.037	6.6421	-8.3629	-2.349	-0.60766	-2.1152	-1.4448	0.25867	1.0556	3.1154	-1.7239	0.40197	-0.18307	-4.5641	68.562	-40.593	-11.445	77.592	-41.35	-2.1628	-21.405	-10.878	-63.321	15.992	-33.038	23.902	15.765
-1.5082	23.912	6.8949	-4.2163	-2.1853	-0.27846	-1.519	-1.7306	1.1319	1.1134	2.2579	-0.44543	-0.040714	-0.91114	-3.8803	-325	10.111	165.86	6.5492	13.168	23.848	-11.43	34.927	2.314	-34.298	51.139	-17.707	-29.123
-1.2767	27.369	7.3457	-3.1551	-2.9345	-0.75304	-2.2495	-2.3876	1.5946	0.87096	2.2938	0.74612	0.50764	-1.5423	9.2574	138.26	18.034	42.447	-29.97	-18.983	-29.218	-26.28	18.511	-9.6991	1.4338	47.662	21.934	-25.247
-1.2969	36.36	7.4416	-8.5378	-4.6113	1.563	-1.2883	-4.2294	0.7543	2.5227	1.1437	0.017495	0.47579	-0.29384	-0.80658	359.64	3.8355	-215.31	-67.072	92.642	38.445	-73.673	-33.613	66.068	-46.004	-29.145	-1.2742	49.939
-1.0401	29.562	9.1856	-7.8802	-0.075687	-0.055536	-3.7501	0.021874	-0.4814	2.8122	1.9684	-1.2015	1.2138	-0.93608	10.27	-271.91	69.761	26.305	181.43	-64.742	-98.471	170.05	-49.428	11.581	32.989	-48.761	29.519	-25.69
-1.0917	29.657	7.274	-6.4301	-1.1811	0.10584	-3.0998	-1.1068	1.0251	2.7996	2.0909	-0.27339	0.42605	-1.3234	-2.0642	3.8109	-76.467	58.004	-44.216	6.4549	26.012	-45.147	60.262	-0.50241	4.8987	37.126	-31.509	-15.492
-1.3016	33.185	7.4359	-7.4538	-5.9733	4.3031	-4.6224	-2.7116	1.4699	0.84735	2.7945	0.066191	-0.2889	-0.23956	-8.3951	141.1	6.477	-40.951	-191.69	167.89	-60.905	-64.191	17.79	-78.092	28.146	13.583	-28.598	43.353
-1.1936	34.587	6.8488	-6.8645	-2.7112	0.23083	-1.1251	-0.62361	-0.7556	1.9709	1.7721	-0.070423	-0.23915	-0.1474	4.3212	56.07	-23.482	23.571	130.48	-162.89	139.89	83.519	-89.02	44.943	-40.896	-5.4646	1.9901	3.6864
-1.2913	29.039	6.2631	-4.667	-4.0357	1.5947	-1.5528	-0.65042	-0.29058	3.1699	1.2461	0.049572	0.28417	-1.4354	-3.9076	-221.92	-23.428	87.903	-52.979	54.553	-17.108	-1.0723	18.601	47.957	-21.039	4.7998	20.933	-51.521
-1.5675	34.628	4.9785	-5.5941	-4.0968	1.0265	-2.2387	-1.5044	-0.77333	3.4652	1.3299	0.12077	0.76995	-1.8161	-11.048	223.56	-51.387	-37.087	-2.4445	-22.725	-27.435	-34.158	-19.31	11.813	3.3487	2.8478	19.431	-15.227
-2.1489	22.944	7.4366	-3.3047	-2.735	-0.11884	-1.2981	0.2801	-0.64672	2.0156	1.0441	0.52405	-0.76541	-1.5762	-23.256	-467.33	98.324	91.577	54.471	-45.815	37.622	71.378	5.0644	-57.982	-11.429	16.131	-61.414	9.5966
-3.182	3.2406	9.6139	-2.0151	-2.1023	-0.56717	-1.3722	-1.1947	0.61852	1.1089	1.0017	1.5946	-1.0669	-0.99561	-41.326	-788.15	87.092	51.585	25.309	-17.933	-2.9607	-58.993	50.609	-36.27	-1.6987	42.821	-12.061	23.223
-5.3784	-20.036	2.1197	1.2679	-2.7618	0.21325	1.7885	-2.5384	1.1886	2.0902	0.72502	2.7888	-1.3407	-0.95121	-87.853	-931.05	-299.77	131.32	-26.382	31.217	126.43	-53.747	22.804	39.254	-11.066	47.769	-10.952	1.7763
-7.4478	-14.608	-10.852	-1.5865	-2.9546	-0.51243	3.3254	-0.61703	0.47887	-0.69357	-0.7101	1.0611	-1.6776	0.14847	-82.777	217.12	-518.85	-114.17	-7.7118	-29.027	61.477	76.855	-28.39	-111.35	-57.405	-69.108	-13.474	43.987
-7.4819	-15.372	-12.864	-1.1031	-2.0938	-1.3065	3.4731	-1.2002	0.26565	-0.24935	-1.1145	0.5288	-1.6774	0.047369	-1.3638	-30.55	-80.479	19.336	34.433	-31.764	5.9062	-23.326	-8.5289	17.769	-16.175	-21.291	0.0092348	-4.0441
-8.105	-17.634	-14.512	-1.2647	-0.62758	-1.5241	2.6931	-3.1981	0.55618	-0.22325	-0.84817	1.7358	-0.90265	-0.16077	-24.924	-90.482	-65.922	-6.4651	58.648	-8.7039	-31.199	-79.917	11.621	1.044	10.652	48.282	30.989	-8.3256
-8.4969	-39.291	-16.33	-0.92492	-2.5395	1.3084	3.5235	-0.19441	0.19218	-0.88696	-1.916	3.1046	1.2042	1.1562	-15.675	-866.29	-72.748	13.591	-76.479	113.3	33.217	120.15	-14.56	-26.548	-42.715	54.749	84.275	52.681
-10.487	-60.357	-10.889	0.20703	-0.93497	0.66329	4.4239	0.5166	-0.032693	1.4141	-1.3368	1.3167	-0.95386	1.223	-79.603	-842.65	217.66	45.278	64.183	-25.806	36.013	28.441	-8.9949	92.044	23.168	-71.514	-86.324	2.6705
-12.643	-82.71	-13.441	1.7448	-2.3102	0.48966	5.5556	1.8773	2.9973	1.0935	0.37889	1.6198	-0.29391	1.2789	-86.253	-894.11	-102.09	61.511	-55.01	-6.9453	45.269	54.429	121.2	-12.825	68.628	12.124	26.398	2.236
-13.659	-84.896	-13.66	0.90901	-3.2544	-0.51702	5.3227	2.3711	1.7576	-0.11337	-1.7501	0.42224	-0.68036	1.1834	-40.621	-87.467	-8.7552	-33.431	-37.767	-40.267	-9.3149	19.75	-49.587	-48.276	-85.161	-47.903	-15.458	-3.8195
-13.405	-90.445	-14.549	2.78	0.090649	3.1461	6.148	2.0882	2.849	0.89462	-1.6156	0.53593	-0.8458	0.38872	10.16	-221.93	-35.563	74.84	133.8	146.53	33.012	-11.315	43.654	40.319	5.3829	4.5477	-6.6177	-31.788
-10.766	-83.357	-6.6274	8.0924	2.2928	5.9002	8.3117	2.5919	1.9656	0.09536	-1.0648	-0.065614	-2.286	0.1095	105.55	283.49	316.86	212.5	88.085	110.16	86.548	20.149	-35.336	-31.97	22.031	-24.062	-57.609	-11.168
-9.6394	-72.59	-0.67208	8.502	4.1296	8.1244	7.3052	0.33237	-1.3967	-0.67559	1.341	1.0717	-2.3745	-1.2418	45.071	430.7	238.21	16.381	73.472	88.971	-40.258	-90.381	-134.49	-30.838	96.231	45.494	-3.5393	-54.051
-9.1193	-67.56	2.6295	8.2698	4.0256	7.0897	6.5341	-1.7229	-1.2023	0.38368	1.9418	1.5961	-2.8391	-2.1807	20.802	201.19	132.06	-9.2875	-4.1589	-41.391	-30.845	-82.209	7.7795	42.371	24.031	20.974	-18.584	-37.558
-8.7451	-66.376	3.46	7.1599	4.762	7.4159	5.7859	-3.1553	-1.4176	1.9344	1.6846	2.2619	-1.5302	-1.174	14.969	47.363	33.22	-44.396	29.457	13.049	-29.928	-57.297	-8.6118	62.028	-10.287	26.633	52.355	40.27
-8.5473	-64.508	3.72	6.513	4.9991	8.5339	4.5065	-2.5353	0.3001	1.6009	0.39942	3.4971	-1.5006	-0.88041	7.9095	74.739	10.4	-25.878	9.4847	44.72	-51.176	24.8	68.706	-13.34	-51.407	49.409	1.1857	11.743
-8.5352	-62.049	3.0901	5.6411	5.7524	8.2055	3.5668	-1.2713	0.85679	-0.10472	0.59818	4.062	-1.0601	-1.6967	0.48793	98.344	-25.196	-34.873	30.131	-13.134	-37.587	50.561	22.268	-68.225	7.9503	22.594	17.618	-32.653
-6.3765	-32.539	-3.8534	3.7082	2.0401	3.5078	1.5038	2.5403	1.1742	2.6959	-0.043661	2.3439	-1.0358	-0.7966	86.346	1180.4	-277.74	-77.316	-148.49	-187.91	-82.521	152.46	12.695	112.03	-25.674	-68.723	0.97246	36.006
-3.4585	3.0294	5.2691	-4.2378	6.2128	1.5644	1.1669	1.5001	-2.553	-0.80438	-2.1492	0.71531	-2.6923	-0.28763	116.72	1422.7	364.9	-317.84	166.9	-77.737	-13.478	-41.609	-149.09	-140.01	-84.221	-65.143	-66.257	20.359
-1.7012	21.958	5.1191	-0.27145	6.661	1.4215	-3.8646	-1.0595	-2.8258	-1.67	0.374	0.3213	0.70148	-1.0118	70.29	757.15	-5.9994	158.65	17.932	-5.7151	-201.26	-102.38	-10.912	-34.626	100.93	-15.761	135.75	-28.965
-0.92637	34.568	3.895	-1.4515	4.8767	1.9185	-4.0714	-3.9566	-2.4575	0.89263	2.8577	-1.4959	1.8792	-1.4377	30.994	504.39	-48.963	-47.202	-71.376	19.881	-8.2694	-115.89	14.731	102.51	99.348	-72.688	47.11	-17.039
-0.71285	35.057	4.1665	-0.96859	3.471	1.122	-3.0914	-5.8863	-0.79002	1.1915	3.7527	-2.3952	2.1734	-0.15163	8.5406	19.558	10.86	19.317	-56.226	-31.863	39.198	-77.188	66.701	11.956	35.799	-35.971	11.768	51.444
-0.70743	34.854	4.1428	-1.4554	2.8753	0.87988	-3.8661	-3.6302	-0.8342	0.75727	3.4509	-2.7741	2.2965	0.34505	0.21698	-8.1041	-0.9502	-19.472	-23.829	-9.6831	-30.988	90.247	-1.7673	-17.371	-12.07	-15.158	4.9239	19.867
-0.84402	34.699	4.6171	-3.2088	4.1841	1.782	-6.0563	-1.6145	-1.7236	1.7233	2.7354	-2.9456	2.0745	0.77889	-5.4634	-6.2194	18.975	-70.137	52.354	36.085	-87.608	80.628	-35.577	38.639	-28.621	-6.859	-8.8804	17.354
-0.82569	36.574	3.8216	-3.3019	4.2916	1.2495	-6.7151	-0.51824	-1.8147	1.511	1.7816	-2.4274	2.32	0.80455	0.73303	75.025	-31.822	-3.7251	4.2986	-21.301	-26.35	43.849	-3.6433	-8.4916	-38.15	20.728	9.8216	1.0263
-0.78152	35.83	4.6338	-4.1845	5.0901	0.7194	-7.0422	-0.53402	-0.9466	0.57631	1.3825	-1.4314	1.3152	1.238	1.7669	-29.793	32.488	-35.303	31.939	-21.204	-13.084	-0.6312	34.725	-37.386	-15.964	39.838	-40.192	17.338
-0.5701	38.441	3.3793	-3.9586	4.7454	0.00012647	-6.0094	-1.4022	0.85359	-1.5919	2.453	-2.1155	1.4837	1.6765	8.4568	104.45	-50.18	9.0365	-13.785	-28.771	41.311	-34.727	72.007	-86.73	42.817	-27.361	6.7402	17.539
-0.62303	38.578	3.9542	-4.1149	3.3879	1.2363	-6.7205	-0.86536	0.2106	-1.3702	2.2197	-2.1837	1.9504	0.95439	-2.1172	5.4844	22.996	-6.2509	-54.303	49.449	-28.446	21.474	-25.719	8.8685	-9.3317	-2.7303	18.666	-28.883
-0.64431	38.791	3.5731	-3.6375	3.0063	0.46474	-5.6446	-0.79078	-0.58476	-0.83222	1.4137	-1.6825	1.9051	0.87513	-0.85117	8.508	-15.245	19.093	-15.261	-30.865	43.039	2.983	-31.814	21.52	-32.24	20.048	-1.8132	-3.1704
-0.44697	42.37	1.4377	-4.3266	2.9892	0.84477	-5.2175	-1.6006	-1.0088	-0.059471	0.84472	-1.6737	1.9962	0.88467	7.8933	143.17	-85.415	-27.563	-0.68557	15.201	17.084	-32.392	-16.962	30.91	-22.758	0.35399	3.6441	0.38146
-0.52722	42.781	0.79255	-4.2686	3.2599	0.57344	-5.1865	-1.6294	-1.0095	-0.22366	1.3701	-2.2709	2.4003	0.97762	-3.2099	16.46	-25.806	2.3197	10.83	-10.853	1.2405	-1.1533	-0.027842	-6.5676	21.014	-23.888	16.164	3.718
-0.49994	44.295	-0.33369	-4.8165	3.2588	1.4183	-5.7218	-1.4746	-0.97102	-0.19678	1.2719	-1.8006	2.0875	0.98775	1.0913	60.567	-45.05	-21.914	-0.047382	33.796	-21.413	6.1918	1.5395	1.0754	-3.9286	18.812	-12.512	0.40519
-0.40934	45.932	-1.0731	-5.5861	3.5998	1.2953	-5.1083	-2.0899	-0.62578	-0.18149	1.1617	-1.5742	1.9377	0.82134	3.6238	65.459	-29.577	-30.785	13.64	-4.9205	24.54	-24.612	13.81	0.61153	-4.4077	9.0555	-5.9919	-6.6562
-0.57975	44.756	-0.22122	-5.8042	2.5505	1.42	-4.1733	-2.6829	-0.24383	-0.02802	1.0158	-1.0844	1.5041	1.0082	-6.8164	-47.031	34.076	-8.7257	-41.968	4.9884	37.399	-23.72	15.278	6.1387	-5.8353	19.592	-17.344	7.4727
-0.52024	45.456	0.13035	-6.4104	1.6571	1.3935	-3.5826	-2.294	-0.94353	0.37724	1.3248	-1.0816	1.4254	0.7122	2.3805	27.98	14.063	-24.248	-35.738	-1.0616	23.63	15.557	-27.988	16.21	12.36	0.11297	-3.1455	-11.839
-0.66177	45.083	0.28863	-6.3779	0.94646	1.3673	-3.6002	-1.8328	-0.80307	-0.29204	1.9771	-1.4081	1.4832	0.25689	-5.6611	-14.913	6.3313	1.2995	-28.426	-1.0473	-0.70486	18.445	5.6185	-26.771	26.092	-13.06	2.3107	-18.212
-0.83708	42.702	1.9993	-5.9574	-0.37327	0.74292	-2.3399	-1.3921	-2.1084	0.50216	2.0839	-1.4127	1.3947	0.03928	-7.0124	-95.253	68.426	16.819	-52.789	-24.975	50.41	17.629	-52.213	31.768	4.2741	-0.18411	-3.5397	-8.7044
-0.83572	39.215	4.4554	-6.4916	-0.75382	-0.14177	-1.2502	-1.0741	-3.2049	1.3254	2.1519	-1.7405	2.2731	-1.2833	0.054437	-139.47	98.245	-21.364	-15.222	-35.388	43.59	12.72	-43.86	32.929	2.718	-13.112	35.136	-52.905
-1.2141	37.303	4.2135	-4.9545	-1.2338	-0.32524	-0.24402	-1.1318	-3.8831	2.1446	1.5389	-1.3403	2.5515	-2.0932	-15.136	-76.477	-9.6757	61.484	-19.198	-7.3388	40.246	-2.3058	-27.129	32.767	-24.519	16.007	11.134	-32.393
-1.8365	31.494	4.3884	-3.7351	-0.027992	-1.2839	-0.14949	-1.3133	-4.1914	2.4046	1.119	-0.76637	2.6305	-2.9062	-24.896	-232.34	6.9932	48.775	48.231	-38.345	3.7811	-7.261	-12.331	10.402	-16.797	22.957	3.162	-32.522
-2.7313	2.5344	4.1667	-0.57338	4.3127	-2.2156	2.4165	-2.4889	-3.5972	1.0783	1.2547	0.64378	1.9701	-2.397	-35.789	-1158.4	-8.8667	126.47	173.63	-37.269	102.64	-47.022	23.767	-53.055	5.4286	56.406	-26.417	20.368
-6.8073	-37.765	4.5875	2.3074	5.2185	-0.55289	2.0056	0.86242	1.1633	1.7385	-1.3408	1.2558	-0.37774	-2.9192	-163.04	-1612	16.832	115.23	36.231	66.508	-16.435	134.05	190.42	26.41	-103.82	24.48	-93.914	-20.89
-8.4688	-50.426	1.689	2.9102	0.85901	-1.4929	0.093083	-0.96995	1.8925	0.97214	-1.0394	2.9475	0.13259	-1.1245	-66.459	-506.45	-115.94	24.111	-174.38	-37.601	-76.5	-73.295	29.165	-30.654	12.059	67.669	20.413	71.788
-8.2287	-36.777	-5.1876	4.2035	-0.92293	-4.8139	-1.0727	-3.9493	2.084	1.4135	-1.089	3.286	-0.41731	-1.3815	9.602	545.96	-275.07	51.733	-71.277	-132.84	-46.632	-119.17	7.661	17.656	-1.9847	13.541	-21.996	-10.277
-7.4086	-30.055	-15.28	6.342	-2.2095	-4.3776	1.7693	-4.0834	2.5933	2.5138	0.18601	3.2737	-0.67989	-0.81349	32.804	268.9	-403.71	85.539	-51.462	17.453	113.68	-5.3644	20.372	44.01	50.999	-0.49396	-10.503	22.718
-5.4579	-10.869	-19.329	5.4839	0.18073	-2.8008	4.5101	-2.4221	-0.073885	0.98772	-1.067	1.9535	-1.5018	0.68283	78.03	767.44	-161.96	-34.323	95.609	63.07	109.63	66.454	-106.69	-61.043	-50.12	-52.809	-32.877	59.853
-4.6458	15.777	-15.853	6.256	0.68679	-3.0404	4.901	-2.6678	-0.55094	0.65175	-1.2827	1.0031	-1.537	2.4917	32.483	1065.8	139.07	30.886	20.242	-9.5822	15.636	-9.8283	-19.082	-13.439	-8.6286	-38.015	-1.4055	72.356
-4.2969	6.8577	-23.121	5.5569	-0.1297	-2.119	6.6677	-1.5215	-0.97634	1.5767	-1.4006	0.68272	0.24923	0.87449	13.954	-356.76	-290.73	-27.967	-32.66	36.858	70.668	45.851	-17.016	36.999	-4.7147	-12.815	71.447	-64.689
-4.4787	2.9853	-25.835	1.8218	-0.45779	-2.3707	4.9499	-1.8599	0.64656	3.1402	-2.4921	-0.4106	-0.29846	0.58834	-7.27	-154.9	-108.58	-149.4	-13.124	-10.071	-68.712	-13.537	64.916	62.54	-43.66	-43.733	-21.908	-11.446
-4.7476	2.0494	-22.697	1.9394	-0.4885	-3.7845	6.3354	-2.253	-1.5535	2.6791	-2.101	0.29042	-0.95134	0.33831	-10.757	-37.435	125.53	4.7018	-1.2282	-56.549	55.42	-15.723	-88.001	-18.443	15.645	28.041	-26.115	-10.001
-4.5067	4.9026	-12.751	9.8916	4.2405	-1.314	7.2545	-3.6577	-3.1353	0.40445	-1.423	2.0304	-1.4937	0.17369	9.6362	114.13	397.83	318.09	189.16	98.819	36.766	-56.189	-63.275	-90.988	27.119	69.599	-21.696	-6.585
-3.7956	5.4133	-2.8044	11.008	6.0971	-1.9731	3.4477	-2.5062	-2.4424	0.16339	-2.4104	1.6427	-2.3304	-1.013	28.442	20.427	397.88	44.665	74.266	-26.364	-152.27	46.059	27.718	-9.6423	-39.495	-15.507	-33.467	-47.469
-3.3699	15.306	1.4704	1.9458	5.1895	1.4282	3.3304	-3.2435	-3.5469	-0.86847	0.495	0.0070906	-0.36116	-0.70437	17.029	395.71	170.99	-362.5	-36.305	136.05	-4.6904	-29.492	-44.178	-41.275	116.21	-65.426	78.771	12.347
-3.2389	12.974	4.2486	0.39492	6.0877	1.9057	1.5466	-2.4012	-5.0605	0.23134	1.5233	-0.77395	0.55598	-1.5215	5.2395	-93.295	111.13	-62.034	35.926	19.101	-71.351	33.693	-60.548	43.993	41.131	-31.242	36.685	-32.687
-3.3561	7.6819	6.9066	0.33374	5.1649	1.4994	1.4229	-1.3892	-5.6009	1.3129	1.025	-0.41885	0.3196	-1.7368	-4.6865	-211.67	106.32	-2.4473	-36.911	-16.253	-4.9505	40.479	-21.616	43.262	-19.932	14.204	-9.4553	-8.6087
-3.6695	2.1401	9.1887	-0.059287	3.4549	2.5119	-0.033732	0.36146	-3.8392	-0.086925	1.2805	-0.1372	0.55664	-3.0429	-12.536	-221.67	91.286	-15.721	-68.401	40.499	-58.264	70.027	70.47	-55.993	10.222	11.266	9.4818	-52.247
-4.3299	-5.8211	11.987	0.035353	2.0635	3.5135	1.2037	-0.72162	-1.2775	-0.4763	-0.79921	1.5984	-0.10219	-3.986	-26.418	-318.45	111.93	3.7856	-55.653	40.063	49.499	-43.323	102.47	-15.575	-83.188	69.424	-26.353	-37.724
-4.7623	-11.763	11.267	0.52636	4.1426	2.0967	1.2671	-0.94948	-1.336	0.019074	-1.3695	2.9879	-0.9337	-4.3087	-17.293	-237.66	-28.795	19.64	83.161	-56.669	2.5352	-9.1144	-2.3396	19.815	-22.812	55.582	-33.26	-12.905
-5.6602	-15.363	2.8137	4.2662	6.726	-1.1897	3.9794	-2.2013	-1.1995	0.17421	-2.0212	3.5204	-1.7835	-2.8803	-35.917	-144.01	-338.14	149.59	103.34	-131.46	108.49	-50.074	5.459	6.2054	-26.066	21.299	-33.992	57.136
-7.0381	-20.372	-12.114	8.2474	5.9375	-1.3675	3.502	-0.3572	-1.1243	0.53208	-0.78035	2.0639	-1.0189	-0.33137	-55.117	-200.38	-597.12	159.25	-31.542	-7.1112	-19.095	73.766	3.0081	14.315	49.632	-58.262	30.583	101.96
-5.5638	-12.19	-20.001	6.642	4.0976	-4.244	3.2034	-1.9775	-1.7889	1.4763	-0.99521	1.8523	-0.44561	0.602	58.97	327.28	-315.46	-64.216	-73.594	-115.06	-11.942	-64.813	-26.587	37.77	-8.5945	-8.4649	22.933	37.335
-4.5188	11.674	-18.686	1.6149	-2.5398	-6.6805	4.0395	-1.4502	-0.99417	0.3871	-1.2865	1.3055	0.39502	1.3247	41.803	954.57	52.587	-201.09	-265.5	-97.46	33.442	21.095	31.791	-43.569	-11.652	-21.868	33.625	28.909
-4.1478	19.484	-16.5	2.8513	-3.456	-6.534	3.0076	-1.7764	-0.043682	0.55805	-1.8889	0.88087	-0.53103	1.4073	14.837	312.41	87.456	49.458	-36.647	5.8597	-41.276	-13.05	38.019	6.8381	-24.097	-16.987	-37.042	3.3023
-3.866	21.091	-18.878	2.8761	-2.4782	-2.7229	4.6584	-0.92471	-0.17575	1.633	-2.503	0.81975	-0.19566	0.8534	11.274	64.254	-95.15	0.99075	39.11	152.45	66.034	34.068	-5.2826	42.997	-24.561	-2.4444	13.415	-22.156
-3.6516	11.098	-24.808	5.4381	1.3139	-3.3309	6.6849	-2.0487	0.12127	1.3516	-1.6736	0.89939	-1.2344	0.29775	8.5757	-399.7	-237.19	102.48	151.68	-24.319	81.057	-44.961	11.88	-11.255	33.174	3.1854	-41.548	-22.226
-3.5468	8.6191	-26.402	2.6463	0.13225	-4.4204	7.4851	-1.0311	-0.36055	3.4233	-0.98796	1.9761	-1.4949	0.023766	4.1912	-99.163	-63.746	-111.67	-47.265	-43.58	32.01	40.704	-19.273	82.866	27.426	43.07	-10.421	-10.959
-3.6021	6.0642	-26.678	4.5118	0.84118	-4.3934	6.4717	-0.66742	-0.9616	2.3415	-2.8306	1.0528	-1.5725	-0.25743	-2.2098	-102.2	-11.041	74.619	28.357	1.0804	-40.539	14.549	-24.042	-43.272	-73.704	-36.935	-3.1026	-11.248
-3.5599	9.9819	-24.474	6.5631	-0.94886	-6.0476	6.2172	-1.4385	-1.9551	0.82805	-0.73538	1.0889	-2.3435	-0.47752	1.6845	156.71	88.169	82.052	-71.602	-66.17	-10.177	-30.845	-39.74	-60.536	83.807	1.4457	-30.842	-8.8037
-3.3276	7.2454	-27.404	4.6222	0.57238	-3.9624	8.2829	-0.54038	-1.234	0.60159	-1.2041	2.8989	-1.6898	-0.0092343	9.2929	-109.46	-117.22	-77.635	60.85	83.409	82.628	35.927	28.845	-9.0582	-18.748	72.401	26.15	18.731
-3.3889	9.4247	-28.474	3.5799	0.72334	-4.831	6.8414	-0.92817	-1.6006	1.1594	-0.50705	3.4893	-0.23959	1.1138	-2.4518	87.175	-42.789	-41.69	6.0385	-34.744	-57.66	-15.512	-14.666	22.312	27.881	23.613	58.006	44.921
-3.399	11.953	-26.685	2.604	-1.8753	-2.561	6.6279	-1.4736	-0.2938	1.0552	-2.4196	2.1408	-1.4693	0.56337	-0.40227	101.12	71.578	-39.036	-103.95	90.801	-8.5415	-21.816	52.273	-4.168	-76.504	-53.938	-49.187	-22.017
-3.4472	12.066	-24.664	5.5275	0.11587	-3.6008	7.9431	-2.5593	-2.0692	1.8429	-2.2609	-0.87773	-2.2548	-0.28531	-1.9276	4.5231	80.824	116.94	79.647	-41.593	52.609	-43.43	-71.014	31.509	6.3494	-120.74	-31.421	-33.947
-3.5559	11.19	-24.596	4.0371	-0.11612	-5.0243	6.9393	-3.4561	-1.6115	1.9156	-1.3398	0.45821	-2.2815	1.1148	-4.3492	-35.035	2.7151	-59.619	-9.2796	-56.94	-40.153	-35.871	18.307	2.9062	36.846	53.438	-1.0677	56.006
-4.3739	7.1897	-19.107	2.5466	0.91331	-3.7186	8.7043	-0.81473	0.31744	3.3733	-1.3674	2.0893	-1.2152	1.0285	-32.719	-160.01	219.55	-59.619	41.177	52.225	70.601	105.66	77.157	58.308	-1.1073	65.244	42.652	-3.4518
-2.5041	12.452	1.9351	5.986	3.2208	-2.2792	3.6221	-1.7364	-3.5827	1.1623	-0.72088	3.0239	-0.033483	-1.5733	74.792	210.47	841.7	137.58	92.299	57.579	-203.29	-36.869	-156.01	-88.44	25.862	37.385	47.268	-104.07
-1.5071	23.881	10.154	-1.6418	-0.56049	0.36381	-2.7199	1.1522	-5.3857	-0.75836	1.4932	0.050522	1.8688	-1.8944	39.881	457.19	328.75	-305.11	-151.25	105.72	-253.68	115.55	-72.12	-76.825	88.562	-118.94	76.091	-12.843
-0.89675	24.765	10.217	-1.8113	-1.3281	2.3444	-4.2569	-1.0386	-2.7872	-1.838	3.4095	-1.6777	1.7884	-1.0831	24.412	35.344	2.5092	-6.7837	-30.705	79.224	-61.482	-87.635	103.94	-43.187	76.655	-69.131	-3.2167	32.451
-0.59566	31.709	8.4115	-4.1566	-1.255	3.6669	-4.8262	-2.2679	-1.3206	-1.5281	2.5134	-0.23882	0.053056	0.30491	12.044	277.77	-72.207	-93.808	2.9241	52.899	-22.771	-49.168	58.661	12.396	-35.847	57.557	-69.413	55.521
-0.56367	39.08	4.7652	-4.7625	1.0899	0.78835	-3.3661	-2.3291	-1.0825	-2.0329	3.8247	-1.7348	0.29542	1.2742	1.2797	294.82	-145.85	-24.239	93.796	-115.14	58.406	-2.4481	9.5265	-20.189	52.452	-59.839	9.6945	38.773
-0.39991	39.671	3.8635	-5.0548	2.3445	0.94333	-4.5809	-1.6945	-1.8743	-1.1575	3.7096	-2.0403	0.57894	1.1527	6.55	23.647	-36.069	-11.689	50.185	6.1989	-48.594	25.382	-31.674	35.013	-4.6033	-12.221	11.341	-4.8628
-0.53815	42.972	0.39061	-3.1174	2.0328	0.75218	-4.7801	-1.047	-2.9668	-0.41971	2.7337	-1.7493	0.67972	0.77944	-5.5295	132.05	-138.92	77.492	-12.469	-7.6458	-7.9658	25.901	-43.697	29.513	-39.035	11.64	4.0312	-14.929
-0.55435	42.808	0.38487	-4.4011	3.5379	0.62176	-4.8286	-0.6935	-4.0003	0.64067	2.0756	-1.9292	1.0211	0.80963	-0.64793	-6.56	-0.22937	-51.345	60.206	-5.2168	-1.9428	14.139	-41.34	42.415	-26.325	-7.1948	13.656	1.2077
-0.66969	41.824	0.29427	-4.7186	5.0428	0.8469	-5.5616	0.065242	-4.639	1.6215	0.92995	-1.1026	0.66552	1.1989	-4.6135	-39.376	-3.6239	-12.7	60.194	9.0056	-29.317	30.35	-25.55	39.232	-45.825	33.061	-14.224	15.571
-0.9013	40.163	-0.074907	-3.9592	5.6181	0.47425	-5.8216	0.54504	-4.8542	2.1935	-0.051363	-0.61933	0.55124	1.3139	-9.2646	-66.415	-14.767	30.376	23.011	-14.906	-10.402	19.192	-8.6072	22.88	-39.253	19.332	-4.571	4.6006
-0.87348	38.688	-0.29626	-4.1267	6.5688	0.57507	-6.3089	1.1786	-5.3559	2.2425	-0.6981	-0.41343	0.66652	1.2287	1.1128	-59.028	-8.8542	-6.7024	38.03	4.033	-19.493	25.343	-20.067	1.9612	-25.87	8.2363	4.6113	-3.4111
-1.144	39.105	-1.3587	-3.7976	7.1212	0.74853	-6.561	1.0319	-4.5592	1.5715	-0.68862	-0.93584	1.7323	-0.05145	-10.82	16.711	-42.498	13.164	22.095	6.9383	-10.084	-5.8673	31.865	-26.841	0.37942	-20.896	42.629	-51.204
-1.3526	35.996	-1.6307	-1.5548	7.2496	0.74514	-7.192	1.8676	-3.5687	-0.22794	0.72587	-2.1442	2.805	-0.71281	-8.3459	-124.37	-10.878	89.714	5.1356	-0.13561	-25.24	33.428	39.621	-71.977	56.58	-48.334	42.909	-26.454
-1.3519	33.099	-1.2866	-1.2214	7.8367	0.70106	-7.8236	2.3716	-2.5529	-0.71928	0.18024	-1.9502	2.8144	-0.98567	0.02966	-115.9	13.762	13.336	23.484	-1.7631	-25.261	20.156	40.631	-19.653	-21.825	7.759	0.37763	-10.914
-1.645	32.091	-1.2086	-0.86664	8.4914	-0.12552	-8.0069	3.1534	-2.3949	-0.84001	0.14813	-2.1563	2.8737	-0.83789	-11.723	-40.3	3.1216	14.189	26.187	-33.063	-7.3335	31.272	6.3193	-4.8294	-1.2845	-8.2416	2.3731	5.911
-1.8692	28.782	-1.4827	-0.11234	9.4029	-0.19055	-8.6739	2.7805	-1.1888	-0.86471	0.071384	-2.6509	3.3985	-1.4997	-8.9679	-132.39	-10.966	30.172	36.463	-2.6014	-26.679	-14.915	48.247	-0.98779	-3.0699	-19.786	20.988	-26.472
-2.0941	24.927	-0.25153	-0.92729	9.435	-0.39541	-7.7452	3.1029	-1.8025	0.3814	-0.89617	-1.9687	2.9257	-1.6892	-8.9969	-154.18	49.247	-32.598	1.2847	-8.1945	37.149	12.897	-24.55	49.845	-38.702	27.29	-18.911	-7.5825
-2.5171	20.241	0.38766	0.43207	9.6452	-0.44721	-8.617	3.4001	-0.26493	0.67803	-1.8143	-2.0125	2.7724	-1.2784	-16.923	-187.42	25.568	54.375	8.4051	-2.0718	-34.872	11.888	61.503	11.865	-36.724	-1.7523	-6.1316	16.434
-3.002	13.454	3.3356	0.21392	9.5302	-0.35331	-9.1633	3.1803	0.67279	1.7413	-1.7536	-4.0368	3.4066	-1.2646	-19.392	-271.48	117.92	-8.7259	-4.6002	3.7558	-21.853	-8.7912	37.509	42.531	2.4286	-80.974	25.367	0.55076
-3.4163	3.1141	6.9666	0.79584	7.986	0.74969	-9.3939	2.7784	1.6153	3.2139	-3.7415	-3.1001	2.0288	-0.38673	-16.575	-413.61	145.24	23.277	-61.766	44.12	-9.2238	-16.079	37.699	58.906	-79.516	37.468	-55.112	35.116
-3.7489	-5.6232	10.488	0.96466	6.7643	0.60718	-5.5395	-0.67636	3.5812	1.7467	-4.0281	-1.7073	2.0962	-1.9088	-13.301	-349.49	140.84	6.7526	-48.868	-5.7005	154.18	-138.19	78.638	-58.691	-11.468	55.714	2.6978	-60.884
-3.8886	-7.1894	11.183	0.99312	6.313	0.54255	-5.1545	-0.13253	2.9132	1.0675	-3.5384	-1.3364	1.7966	-2.1596	-5.5917	-62.645	27.807	1.1384	-18.051	-2.5854	15.399	21.753	-26.719	-27.168	19.591	14.833	-11.984	-10.029
-4.003	-3.5674	9.1521	0.5679	6.9188	1.5921	-5.8656	-0.15701	1.6343	2.2287	-2.8594	-2.8441	2.6936	-1.0812	-4.5732	144.88	-81.229	-17.009	24.229	41.984	-28.443	-0.97942	-51.156	46.447	27.16	-60.306	35.879	43.135
-3.6309	2.2225	7.363	-0.074586	7.4787	3.1762	-7.5629	0.77826	-1.0509	3.7029	-2.3082	-3.0565	1.8851	-0.22938	14.884	231.6	-71.564	-25.7	22.395	63.363	-67.893	37.411	-107.41	58.969	22.046	-8.4967	-32.339	34.072
-3.0262	10.055	5.739	0.45611	6.1827	2.4297	-6.2615	0.14343	-2.1739	3.2374	-2.0864	-1.7292	1.524	-0.50627	24.188	313.3	-64.958	21.228	-51.839	-29.859	52.054	-25.393	-44.918	-18.618	8.8723	53.093	-14.444	-11.076
-2.5627	16.916	4.1127	-1.5957	6.5505	4.658	-7.0196	-1.0434	-3.4534	3.3709	-0.51416	-2.5592	2.1164	-0.60299	18.539	274.46	-65.052	-82.073	14.714	89.13	-30.323	-47.474	-51.18	5.3385	62.89	-33.201	23.694	-3.8686
-2.3072	20.586	3.3682	-1.3515	6.4077	5.1547	-7.7233	-2.6419	-2.6846	2.8544	-0.064035	-2.4093	2.0795	-0.10128	10.221	146.8	-29.782	9.7703	-5.7137	19.867	-28.148	-63.939	30.751	-20.661	18.005	5.9955	-1.4748	20.068
-2.2032	20.97	5.8034	-4.8064	6.5912	4.4163	-6.4331	-2.3888	-3.0836	2.8709	-1.2202	-0.69141	1.7	-0.54741	4.1585	15.351	97.409	-138.2	7.3412	-29.533	51.609	10.122	-15.96	0.66309	-46.247	68.717	-15.18	-17.845
-2.3859	24.262	4.1959	-4.4366	5.6437	1.87	-4.7045	-1.5998	-2.3763	0.6409	1.1841	-1.6288	1.2734	0.10984	-7.3096	131.68	-64.299	14.788	-37.901	-101.85	69.144	31.561	28.295	-89.202	96.172	-37.496	-17.066	26.29
-2.8946	15.788	5.761	-2.6117	2.0259	3.2473	-2.3039	-2.0039	-2.2616	0.57316	0.66804	0.2818	1.0141	-1.1086	-20.348	-338.95	62.603	72.996	-144.71	55.094	96.025	-16.164	4.5851	-2.7095	-20.642	76.424	-10.369	-48.739
-3.9897	-6.6769	7.6809	-0.58582	0.57917	2.5265	-1.1442	-2.3445	-1.5148	0.18335	-0.40884	2.0117	-0.29267	-0.71521	-43.801	-898.61	76.795	81.037	-57.869	-28.834	46.385	-13.624	29.875	-15.592	-43.075	69.195	-52.272	15.737
-6.048	-19.627	-3.1255	2.8227	-0.66321	0.79939	2.3288	-3.7284	-0.70643	-0.79847	0.54693	2.2716	-1.9602	0.10284	-82.334	-517.99	-432.25	136.34	-49.695	-69.084	138.92	-55.354	32.333	-39.273	38.231	10.399	-66.7	32.722
-7.2875	-9.9278	-10.892	1.7814	-2.2342	-1.5209	2.1502	-1.9318	-0.19185	1.3485	0.46825	1.6553	-2.1156	0.61017	-49.579	387.95	-310.67	-41.651	-62.839	-92.813	-7.1455	71.864	20.583	85.878	-3.1471	-24.655	-6.2152	20.293
-7.0994	-14.464	-18.49	-0.48869	0.39465	-0.59535	3.8383	0.50928	-0.84847	0.65982	-0.74401	2.594	0.3997	-0.39704	7.5248	-181.45	-303.9	-90.805	105.15	37.023	67.526	97.642	-26.265	-27.546	-48.49	37.549	100.61	-40.289
-7.4069	-21.25	-22.369	-1.7462	-0.3594	1.3664	6.2252	0.592	0.62621	-0.63052	-1.2234	1.0747	-2.0555	-0.48978	-12.3	-271.46	-155.17	-50.3	-30.162	78.471	95.474	3.3088	58.987	-51.614	-19.176	-60.773	-98.207	-3.7093
-7.5978	-26.226	-24.984	-1.4162	-0.78115	0.68106	3.5987	0.54689	1.4108	0.45109	-1.1905	1.2359	-0.87102	0.91988	-7.6363	-199.03	-104.62	13.2	-16.87	-27.415	-105.06	-1.8044	31.383	43.264	1.316	6.4484	47.379	56.386
-7.6658	-25.296	-23.786	-2.4585	-0.67307	1.3462	4.6469	-0.22419	-0.065807	-0.14379	-0.15001	2.7044	0.33136	-0.012441	-2.7232	37.196	47.93	-41.691	4.3232	26.606	41.926	-30.843	-59.063	-23.795	41.62	58.742	48.095	-37.293
-7.7091	-26.343	-24.182	-1.9336	0.054315	1.9098	5.347	1.0766	1.8263	1.2117	0.063419	2.8453	-0.93317	2.0947	-1.7309	-41.885	-15.847	20.997	29.096	22.544	28.006	52.033	75.682	54.222	8.5372	5.634	-50.581	84.284
-7.7173	-26.941	-23.227	-2.4649	-1.6857	1.24	4.3906	0.053299	1.7915	0.61648	-0.61212	2.6482	-1.4097	0.82139	-0.32541	-23.891	38.199	-21.252	-69.599	-26.793	-38.258	-40.933	-1.39	-23.811	-27.022	-7.8811	-19.063	-50.931
-7.8508	-26.722	-22.28	-0.36854	0.26611	1.117	4.4557	0.27729	0.81395	1.8673	-0.50071	1.3776	-3.1435	-0.036263	-5.3406	8.747	37.874	83.853	78.071	-4.9214	2.6066	8.9596	-39.102	50.033	4.4566	-50.825	-69.352	-34.306
-7.8709	-26.54	-19.748	-1.0279	-0.20251	2.5027	4.0897	-0.54874	-0.8908	0.35727	-1.7933	1.1178	-3.2138	-0.15511	-0.80669	7.301	101.29	-26.375	-18.745	55.431	-14.643	-33.041	-68.19	-60.402	-51.705	-10.393	-2.8085	-4.7538
-7.7551	-22.429	-18.315	-1.7106	-3.1455	-0.39132	2.4071	0.54062	-0.61491	-0.49713	-2.142	0.47026	-1.3002	1.0175	4.632	164.44	57.305	-27.309	-117.72	-115.76	-67.301	43.574	11.035	-34.176	-13.947	-25.901	76.544	46.903
-7.7159	-17.675	-16.895	-1.6896	-4.3382	-0.81399	4.8424	0.92969	0.2539	0.40353	-1.0553	2.4091	-0.3762	0.1407	1.5697	190.15	56.815	0.84157	-47.706	-16.907	97.41	15.563	34.753	36.026	43.468	77.552	36.958	-35.07
-7.9111	-22.542	-10.882	-0.9107	-3.0623	0.068976	3.6481	0.3842	-0.52807	-2.0075	-1.8943	1.9989	0.43936	0.82313	-7.8093	-194.69	240.5	31.156	51.034	35.319	-47.773	-21.82	-31.279	-96.44	-33.559	-16.406	32.622	27.297
-5.1334	-15.893	1.4669	5.4535	0.55358	-0.57716	2.1915	-0.50605	1.0298	1.0091	-2.5172	1.8031	-1.8828	0.80049	111.11	265.95	493.97	254.57	144.64	-25.846	-58.263	-35.61	62.314	120.66	-24.915	-7.8318	-92.888	-0.90576
-3.6974	-14.564	13.266	7.2906	-1.7326	-2.3699	-0.36518	-2.5688	0.71456	0.21097	0.99432	-0.42728	-2.7114	0.88716	57.436	53.173	471.98	73.485	-91.445	-71.71	-102.27	-82.509	-12.609	-31.926	140.46	-89.216	-33.144	3.4671
-2.9544	-9.6037	16.796	6.4023	-4.5349	-1.5296	-2.4616	-3.3783	2.3075	-1.9176	3.9159	-2.9128	-3.0067	1.57	29.722	198.42	141.18	-35.535	-112.09	33.614	-83.855	-32.381	63.717	-85.144	116.86	-99.42	-11.809	27.312
-2.3545	-7.0548	16.97	7.1171	-5.7845	-1.1995	-2.4168	-4.2792	2.1013	-1.6417	5.4522	-2.995	-2.3694	0.81256	23.995	101.95	6.9726	28.594	-49.984	13.202	1.7896	-36.036	-8.2471	11.037	61.453	-3.2904	25.49	-30.296
-1.8984	-2.6413	17.638	6.4737	-7.0932	-0.71065	-3.3214	-2.9449	1.967	-2.3811	5.5837	-2.2447	-2.5955	0.85666	18.244	176.54	26.7	-25.737	-52.348	19.555	-36.182	53.373	-5.3732	-29.575	5.2611	30.012	-9.0422	1.7639
-1.5404	0.73383	17.652	6.0064	-7.6028	-1.2866	-3.1491	-3.2905	2.1383	-2.5631	5.9052	-1.943	-3.4512	1.1642	14.322	135	0.58798	-18.694	-20.386	-23.036	6.8891	-13.822	6.854	-7.2797	12.859	12.07	-34.229	12.304
-1.2063	2.8592	17.955	5.5169	-8.2863	-1.2021	-3.3871	-3.4353	2.4722	-2.1783	5.8035	-1.9819	-3.4869	1.6167	13.362	85.015	12.113	-19.577	-27.338	3.379	-9.5174	-5.7951	13.353	15.39	-4.0683	-1.5551	-1.4286	18.098
-1.1175	6.9127	18.215	4.9348	-10.641	-0.22105	-3.4464	-2.6986	2.9669	-3.14	5.718	-2.1908	-3.1114	1.7295	3.5518	162.14	10.406	-23.285	-94.172	39.241	-2.3729	29.469	19.789	-38.468	-3.419	-8.3566	15.019	4.5101
-1.0039	6.3639	19.05	4.7953	-12.194	1.2097	-2.9393	-2.8657	2.8803	-2.689	4.085	-1.2793	-2.3204	1.2056	4.5463	-21.952	33.378	-5.5798	-62.145	57.23	20.284	-6.682	-3.4628	18.04	-65.32	36.458	31.641	-20.955
-1.028	7.7716	20.536	2.8232	-13.185	1.9068	-2.2409	-2.003	2.521	-2.7052	3.2672	-0.72297	-1.4207	0.67952	-0.96306	56.308	59.468	-78.886	-39.636	27.883	27.936	34.507	-14.373	-0.64923	-32.713	22.254	35.989	-21.042
-1.1896	10.663	18.832	1.7052	-14.4	2.7475	-0.90828	0.65746	0.75686	-3.8182	2.5828	-0.22925	-0.2283	1.3518	-6.4649	115.64	-68.18	-44.72	-48.589	33.627	53.304	106.42	-70.565	-44.517	-27.378	19.749	47.695	26.892
-1.5905	10.744	17.896	1.1174	-13.567	2.4518	0.34053	1.8097	0.2492	-4.5778	2.7692	0.251	-0.065733	0.56918	-16.038	3.2411	-37.441	-23.51	33.295	-11.827	49.952	46.091	-20.306	-30.386	7.4568	19.21	6.5028	-31.305
-2.203	6.8984	17.288	3.5083	-13.832	1.9731	2.7859	0.78445	-2.4461	-2.2108	0.54537	2.6044	0.1222	-1.8151	-24.498	-153.81	-24.321	95.636	-10.588	-19.147	97.814	-41.011	-107.81	94.683	-88.952	94.137	7.5175	-95.369
-2.9808	9.0918	7.0949	-0.27602	-4.9148	1.2597	4.6629	-0.38501	-3.2597	-0.26323	0.53983	2.6949	-1.0861	-1.401	-31.113	87.735	-407.72	-151.37	356.7	-28.535	75.08	-46.778	-32.543	77.901	-0.22146	3.6173	-48.332	16.562
-4.6837	-5.4066	-6.1687	-4.924	-1.1235	5.9303	5.9381	-1.6285	-2.3032	0.36221	0.51942	2.0727	-2.7363	-0.46338	-68.116	-579.93	-530.54	-185.92	151.65	186.82	51.009	-49.74	38.259	25.017	-0.81638	-24.887	-66.009	37.504
-6.7938	-28.84	-10.975	-7.8896	-1.9076	6.899	7.5251	-2.5855	-1.601	0.97128	0.24393	1.8388	-1.4296	-0.4141	-84.405	-937.35	-192.26	-118.62	-31.362	38.75	63.48	-38.282	28.086	24.363	-11.02	-9.3545	52.267	1.9711
-8.888	-46.082	-7.5996	-7.0542	-3.2233	1.3499	4.8058	-0.42923	3.2446	1.587	-1.9851	0.57546	-1.5011	0.11827	-83.77	-689.68	135.03	33.418	-52.63	-221.96	-108.77	86.252	193.83	24.628	-89.162	-50.535	-2.8586	21.295
-9.9441	-51.714	-7.2848	-11.364	-6.3707	-0.77037	1.9818	3.2197	5.2593	1.2636	-1.036	2.4308	-0.98371	-1.5055	-42.244	-225.27	12.592	-172.41	-125.9	-84.812	-112.96	145.96	80.586	-12.936	37.964	74.215	20.696	-64.95
-8.384	-63.146	-16.697	-4.4979	1.2604	0.26196	2.417	0.86705	1.3069	-0.20731	-2.0015	1.5875	-1.5079	0.41859	62.407	-457.27	-376.5	274.66	305.24	41.293	17.407	-94.107	-158.09	-58.835	-38.618	-33.732	-20.966	76.962
-7.5332	-19.368	-16.692	-8.3657	-0.62644	-0.66693	1.2523	0.82008	-1.1385	-1.2133	-2.5339	1.487	-2.4754	0.62291	34.032	1751.1	0.20457	-154.72	-75.472	-37.155	-46.586	-1.8788	-97.818	-40.238	-21.299	-4.0211	-38.702	8.1727
-5.9483	-18.345	-26.331	-0.96839	2.5746	0.46865	2.6543	1.9402	0.6668	-1.6181	-0.87168	1.089	-1.6578	1.4782	63.394	40.906	-385.57	295.89	128.04	45.423	56.08	44.803	72.214	-16.193	66.49	-15.921	32.703	34.213
-4.5561	-7.5011	-32.024	-2.2571	5.2574	-0.7131	2.3106	1.0491	-0.039081	0.24298	0.52231	1.0484	-0.91633	1.4241	55.69	433.76	-227.7	-51.548	107.31	-47.27	-13.748	-35.644	-28.235	74.443	55.76	-1.6228	29.661	-2.1673
-3.6369	4.3635	-31.736	-0.30918	6.4975	-1.2681	1.685	0.59694	0.079653	-0.23829	0.18157	0.16874	-1.4964	0.6984	36.766	474.58	11.501	77.917	49.603	-22.198	-25.025	-18.085	4.7493	-19.251	-13.63	-35.187	-23.203	-29.027
-3.551	13.919	-25.738	2.2453	4.6611	-2.864	0.34959	1.213	-0.00084035	-0.39476	0.47926	2.4726	-1.0297	0.76433	3.4356	382.23	239.95	102.18	-73.456	-63.838	-53.415	24.642	-3.2197	-6.2591	11.908	92.155	18.67	2.6373
-4.1814	7.3028	-24.676	0.47952	4.8855	-0.87194	0.36588	0.22554	0.36006	0.45645	0.94275	1.3528	-1.1542	2.0841	-25.215	-264.66	42.466	-70.632	8.977	79.683	0.65134	-39.499	14.436	34.048	18.539	-44.792	-4.9833	52.792
-4.6949	5.8631	-13.158	4.7508	6.6006	0.53346	-0.2605	-0.63968	-1.0897	-0.83502	0.75528	1.0707	-1.1485	1.1534	-20.54	-57.588	460.71	170.85	68.605	56.216	-25.055	-34.609	-57.991	-51.659	-7.4988	-11.287	0.22971	-37.229
-4.5923	4.4056	-2.4547	3.7706	6.7746	1.6452	-1.5371	-1.8963	-1.5904	0.11433	1.4526	0.14818	-2.2231	0.63012	4.1058	-58.297	428.15	-39.209	6.9609	44.469	-51.063	-50.265	-20.026	37.974	27.893	-36.899	-42.984	-20.931
-4.4204	1.1162	7.1561	-4.7668	6.9334	4.1501	-5.0853	-0.19319	-2.4368	0.22125	2.2075	0.36313	-3.051	0.10074	6.8764	-131.58	384.43	-341.5	6.3523	100.2	-141.93	68.124	-33.856	4.2766	30.195	8.5981	-33.116	-21.175
-4.635	-10.71	9.29	-2.2668	7.0195	0.78959	-4.0559	0.68036	-1.3277	-0.56618	2.585	0.16049	-2.6213	-1.3676	-8.5855	-473.07	85.356	100	3.4425	-134.42	41.179	34.942	44.363	-31.497	15.102	-8.1056	17.188	-58.735
-5.5184	-20.43	11.759	0.23344	3.6689	1.4057	-2.5706	0.94335	-1.2213	0.063815	1.8126	-0.0427	-2.5072	-2.0849	-35.336	-388.79	98.746	100.01	-134.02	24.643	59.411	10.52	4.2572	25.2	-30.899	-8.1277	4.5638	-28.691
-5.7421	-31.051	12.745	3.4974	0.66595	1.7466	0.13367	-2.4966	0.86162	1.0924	0.40962	1.6473	-2.9174	-3.2485	-8.9462	-424.82	39.466	130.56	-120.12	13.638	108.17	-137.6	83.317	41.141	-56.118	67.599	-16.408	-46.542
-6.1785	-28.899	13.53	1.761	-0.029702	3.6213	-1.692	-3.5307	1.9957	0.78552	0.10096	2.2155	-3.512	-3.4063	-17.459	86.06	31.406	-69.456	-27.826	74.986	-73.026	-41.367	45.364	-12.273	-12.347	22.727	-23.783	-6.3115
-6.3585	-39.489	10.418	5.5287	0.80819	2.5459	-0.36791	-3.3244	1.1373	1.3884	0.37819	2.0161	-3.2098	-2.9738	-7.1997	-423.59	-124.48	150.71	33.516	-43.016	52.962	8.2535	-34.338	24.114	11.089	-7.9754	12.087	17.299
-7.1323	-33.015	4.4204	8.1293	3.5686	0.072338	1.2538	-2.7143	-2.5689	1.6237	1.678	1.9383	-2.0647	-2.3643	-30.951	258.97	-239.92	104.02	110.42	-98.941	64.869	24.405	-148.25	9.4122	51.991	-3.1102	45.802	24.381
-7.3786	-32.689	-12.457	6.3414	6.3285	-0.62592	1.8302	1.8257	-2.3037	1.1248	1.0163	0.7473	-1.6522	0.52281	-9.8517	13.041	-675.11	-71.517	110.39	-27.931	23.054	181.6	10.606	-19.957	-26.467	-47.641	16.501	115.48
-6.9547	-25.195	-18.715	4.4751	5.531	-0.90532	2.5113	0.82436	-2.527	1.9175	0.92454	1.5264	-0.27614	1.2622	16.955	299.77	-250.3	-74.652	-31.899	-11.176	27.243	-40.055	-8.9326	31.709	-3.6699	31.163	55.043	29.574
-4.9461	7.5333	-15.563	2.7057	-1.7558	-6.5879	3.1725	-0.9324	-2.9834	0.33252	-2.395	-1.2736	-1.3027	0.089652	80.344	1309.1	126.08	-70.774	-291.47	-227.3	26.452	-70.271	-18.253	-63.399	-132.78	-112	-41.064	-46.901
-4.1648	9.9294	-21.7	4.4389	-0.16915	-6.6936	2.9129	-0.42623	-2.305	0.43	-1.5327	0.44298	-1.3087	0.56159	31.252	95.846	-245.47	69.329	63.466	-4.2266	-10.385	20.247	27.137	3.899	34.492	68.663	-0.24069	18.877
-3.9401	5.7464	-25.864	3.6153	-0.021922	-6.7678	5.2839	1.5797	-2.4405	0.96113	-1.4184	-0.76546	-1.999	0.62278	8.9903	-167.32	-166.56	-32.947	5.889	-2.9708	94.837	80.239	-5.422	21.245	4.573	-48.338	-27.612	2.4477
-3.6499	8.8916	-25.171	3.6684	-0.55018	-7.1012	3.9926	1.1853	-0.65219	3.2703	-1.3795	0.064015	-1.434	1.3137	11.606	125.81	27.722	2.125	-21.13	-13.333	-51.651	-15.778	71.532	92.368	1.5554	33.179	22.604	27.635
-3.3836	13.806	-23.182	4.9356	1.4439	-5.5743	3.9631	-0.40019	-2.1471	3.8496	-0.34542	-0.32105	-1.394	0.97065	10.652	196.59	79.549	50.687	79.764	61.076	-1.178	-63.42	-59.795	23.172	41.363	-15.403	1.5962	-13.72
-3.2869	11.294	-25.742	4.8345	3.4746	-5.4049	3.8019	0.2299	-2.6914	2.0127	-0.60176	1.2331	-1.4156	0.32968	3.8704	-100.49	-102.39	-4.0425	81.227	6.7759	-6.4507	25.204	-21.774	-73.476	-10.254	62.164	-0.86155	-25.639
-3.4391	10.765	-25.615	2.9424	1.9336	-5.7221	3.6398	0.22909	-0.89843	2.6735	0.81427	-0.22856	-1.5017	0.97456	-6.0894	-21.162	5.0637	-75.684	-61.638	-12.69	-6.4837	-0.032018	71.72	26.429	56.641	-58.465	-3.4435	25.795
-3.4774	9.6495	-26.324	0.74361	3.1479	-3.4179	3.5869	1.652	-2.5099	1.2553	0.68289	1.0878	-2.5917	0.74682	-1.5332	-44.619	-28.368	-87.952	48.571	92.169	-2.1149	56.917	-64.458	-56.726	-5.2552	52.653	-43.6	-9.1095
-3.651	7.0793	-27.245	0.22163	3.1305	-4.0931	2.6956	2.8122	-1.3912	-0.63722	-0.10683	0.35502	-2.5278	1.1041	-6.9426	-102.81	-36.819	-20.879	-0.69705	-27.007	-35.651	46.407	44.749	-75.701	-31.589	-29.31	2.5558	14.29
-4.2587	5.6625	-23.73	-2.2019	1.4644	-3.4566	2.3906	2.3361	-1.0641	-1.605	1.8204	1.6326	-2.3378	0.44034	-24.309	-56.674	140.59	-96.942	-66.644	25.46	-12.201	-19.043	13.081	-38.71	77.091	51.102	7.6001	-26.55
-5.2069	3.4001	-16.179	-2.7565	-0.66361	-1.7676	0.83036	-0.044932	-0.86339	-0.039105	1.2198	0.77661	-3.8054	-0.078474	-37.928	-90.494	302.04	-22.184	-85.119	67.559	-62.409	-95.243	8.0295	62.635	-24.028	-34.238	-58.704	-20.753
-6.6191	-12.708	-6.3132	1.9673	2.5361	-0.63884	0.24982	-1.7103	1.3918	0.5746	0.49994	3.1559	-1.2012	-0.3481	-56.487	-644.34	394.63	188.95	127.99	45.151	-23.221	-66.615	90.209	24.548	-28.792	95.172	104.17	-10.785
-7.8192	-34.991	-2.306	2.8501	1.2409	-3.1672	1.0146	-0.58787	-0.27446	3.1271	-1.4844	1.7847	-0.74672	-0.13258	-48.003	-891.29	160.29	35.313	-51.808	-101.14	30.591	44.898	-66.652	102.1	-79.373	-54.849	18.179	8.6207
-7.4079	-33.856	-1.048	4.2025	5.5395	-3.1832	3.3701	0.46378	1.2513	2.2793	-2.2231	0.51965	-0.93341	-0.68462	16.45	45.385	50.319	54.094	171.94	-0.64093	94.22	42.066	61.03	-33.913	-29.55	-50.602	-7.4676	-22.081
-5.7965	-28.097	8.0607	5.2541	7.3256	-0.031422	2.6743	0.31652	0.97116	-0.33612	-4.1073	1.6048	1.3831	-0.091607	64.458	230.36	364.35	42.063	71.445	126.07	-27.831	-5.8904	-11.206	-104.62	-75.367	43.406	92.66	23.72
-4.793	-18.208	11.717	0.37177	4.9502	5.7024	2.0605	-0.054912	2.1596	-1.085	-4.3015	-0.44445	1.4179	-0.13862	40.141	395.56	146.25	-195.29	-95.016	229.35	-24.55	-14.857	47.537	-29.956	-7.7674	-81.97	1.3932	-1.8807
-4.5263	-17.051	13.208	-0.37847	4.6335	6.169	-0.87991	2.52	2.3901	-1.2274	-3.1329	-3.6239	1.0867	0.38024	10.668	46.288	59.653	-30.009	-12.667	18.663	-117.62	102.99	9.2189	-5.6954	46.744	-127.18	-13.248	20.755
-3.9222	-13.151	12.9	-0.98255	4.6622	4.1418	-0.32515	1.892	2.1636	-0.64863	-3.2686	-3.0428	0.57923	1.0503	24.163	156.01	-12.338	-24.163	1.1489	-81.086	22.19	-25.12	-9.0576	23.151	-5.4271	23.244	-20.299	26.8
-2.4506	7.285	14.567	-1.4134	-2.4401	0.10759	-1.9799	-1.2853	2.0375	-0.11342	-2.3911	-0.75376	1.7251	2.2064	58.864	817.43	66.678	-17.233	-284.09	-161.37	-66.19	-127.09	-5.0438	21.408	35.097	91.561	45.835	46.247
-1.543	18.514	13.582	-5.3055	-4.8399	-1.5791	-2.0029	2.0553	2.4188	-2.9137	1.437	-1.2506	2.7847	3.1362	36.304	449.18	-39.392	-155.68	-95.995	-67.469	-0.92144	133.62	15.25	-112.01	153.13	-19.875	42.383	37.192
-1.2497	20.192	12.913	-7.1393	-5.7469	-1.8424	-1.9558	4.4457	3.3608	-4.8765	2.2525	-2.0804	2.6276	3.4182	11.732	67.102	-26.769	-73.353	-36.277	-10.53	1.8878	95.617	37.682	-78.51	32.621	-33.191	-6.2811	11.278
-1.0566	25.799	11.537	-7.3851	-7.1577	-1.6729	-1.9231	5.2801	2.5406	-5.5077	3.5093	-2.363	2.3767	3.1959	7.7232	224.27	-55.034	-9.8334	-56.433	6.7782	1.3072	33.373	-32.808	-25.249	50.271	-11.305	-10.039	-8.8907
-0.92835	28.571	9.9392	-8.0323	-7.308	-2.0283	-0.33131	6.2733	0.76602	-5.457	4.0719	-2.8705	2.8236	2.1676	5.1308	110.9	-63.908	-25.888	-6.0137	-14.215	63.67	39.731	-70.983	2.0304	22.502	-20.298	17.875	-41.133
-0.66051	29.828	9.9011	-8.5	-7.2463	-1.6048	0.84343	4.6029	1.467	-5.351	4.4155	-2.362	2.507	1.8535	10.714	50.293	-1.5238	-18.706	2.4691	16.942	46.99	-66.817	28.038	4.2377	13.744	20.338	-12.66	-12.564
-0.7105	30.622	9.3726	-8.4092	-8.0173	-1.3684	0.42107	5.5891	-0.094291	-4.5855	3.2271	-1.267	1.6035	1.569	-1.9996	31.731	-21.142	3.6334	-30.841	9.4525	-16.894	39.447	-62.451	30.621	-47.535	43.803	-36.142	-11.378
-0.7699	29.495	9.628	-8.7297	-8.1603	-1.663	0.404	6.5123	-0.45007	-4.0583	3.0303	-1.3999	2.2508	0.50627	-2.3758	-45.053	10.217	-12.823	-5.7219	-11.781	-0.68281	36.927	-14.231	21.087	-7.8717	-5.3179	25.893	-42.509
-0.87897	30.94	7.8788	-8.6607	-7.0762	-2.7812	0.66945	6.6432	-0.58884	-3.6401	3.5505	-2.3344	2.7196	0.6575	-4.3632	57.796	-69.969	2.7634	43.366	-44.729	10.618	5.2386	-5.5508	16.728	20.808	-37.378	18.752	6.0492
-0.82221	30.838	7.8251	-8.5426	-5.9699	-3.1403	1.1701	4.7476	1.8878	-4.7202	3.9086	-2.3198	2.7886	0.63517	2.2705	-4.0793	-2.1464	4.7226	44.25	-14.365	20.027	-75.827	99.065	-43.206	14.323	0.58267	2.7587	-0.89351
-1.0111	31.976	7.9456	-8.8573	-6.4141	-2.6089	0.68071	4.4807	1.5002	-3.9378	2.6793	-1.3187	1.6525	1.1105	-7.5563	45.517	4.8197	-12.587	-17.766	21.255	-19.577	-10.673	-15.503	31.297	-49.171	40.045	-45.443	19.013
-1.0078	32.168	7.7747	-8.4548	-6.4095	-2.3896	0.70485	3.9098	1.6883	-3.2091	1.7343	-0.72674	1.6433	1.0782	0.13104	7.6585	-6.8354	16.1	0.18399	8.773	0.96562	-22.839	7.5217	29.148	-37.801	23.678	-0.36827	-1.2903
-1.0606	30.924	7.2025	-7.0962	-7.2504	-2.6954	0.41946	4.3599	2.3925	-3.745	2.4024	-1.2047	1.8706	0.67157	-2.1106	-49.739	-22.89	54.343	-33.635	-12.232	-11.416	18.004	28.17	-21.435	26.727	-19.118	9.0902	-16.267
-1.202	29.042	7.7877	-6.7078	-7.5612	-2.0338	-0.31477	4.4248	2.5727	-2.9549	1.2293	-0.60747	1.8055	0.79847	-5.6555	-75.299	23.408	15.534	-12.432	26.466	-29.369	2.5978	7.2067	31.605	-46.925	23.889	-2.604	5.0758
-1.3983	26.108	9.6253	-5.8955	-6.5876	-2.0557	0.019069	3.6513	3.0302	-2.5663	1.6317	-1.1516	2.2955	0.10676	-7.8511	-117.36	73.507	32.492	38.941	-0.87716	13.354	-30.941	18.302	15.542	16.094	-21.765	19.602	-27.668
-1.2466	23.634	11.185	-6.8069	-6.8085	-2.9299	0.20831	3.6548	2.2131	-2.3411	1.0757	-0.54366	2.1721	0.22012	6.0651	-98.926	62.404	-36.456	-8.8358	-34.969	7.5698	0.13973	-32.686	9.007	-22.241	24.318	-4.9375	4.5343
-1.2198	22.78	13.311	-8.4077	-6.4786	-2.5307	0.047287	3.1762	2.4386	-1.9784	0.71277	-0.73993	1.8734	0.83238	1.0728	-34.195	85.009	-64.032	13.197	15.969	-6.4411	-19.145	9.0231	14.507	-14.516	-7.8507	-11.948	24.491
-1.1954	23.948	11.313	-5.8318	-8.1807	-2.9885	0.096705	3.628	2.3517	-2.5758	1.0035	-0.98745	2.8255	0.32021	0.97759	46.726	-79.913	103.04	-68.083	-18.313	1.9767	18.075	-3.4792	-23.894	11.628	-9.9011	38.085	-20.487
-1.0661	23.345	11.334	-5.7924	-8.1845	-2.3815	-1.2504	3.5086	2.8628	-1.721	0.20293	-1.1328	2.9208	0.54096	5.1716	-24.116	0.84749	1.5756	-0.15163	24.279	-53.883	-4.7783	20.447	34.191	-32.022	-5.8135	3.8108	8.8299
-1.0792	22.881	11.68	-5.1989	-9.3799	-2.889	-1.4195	3.8338	3.2603	-2.3341	0.3205	-1.5442	3.3481	0.97143	-0.5252	-18.536	13.858	23.742	-47.816	-20.299	-6.763	13.009	15.9	-24.522	4.7028	-16.456	17.096	17.219
-1.1573	16.745	13.768	-4.863	-8.4338	-2.5379	-1.7028	2.6574	2.5797	0.36685	0.18975	-3.4741	4.8322	0.2249	-3.1235	-245.46	83.49	13.438	37.842	14.043	-11.334	-47.055	-27.226	108.04	-5.2299	-77.196	59.362	-29.861
-1.4967	9.4852	17.548	-3.9861	-7.5295	-3.4959	-0.85525	2.4618	1.4322	1.9358	-0.68451	-3.086	4.4215	0.50915	-13.575	-290.4	151.22	35.073	36.174	-38.32	33.902	-7.8256	-45.899	62.757	-34.971	15.526	-16.428	11.37
-1.7297	6.8228	17.538	-1.9431	-8.8218	-2.1905	-3.0035	2.6778	0.86216	2.88	-0.27876	-4.1134	5.2393	0.36842	-9.3187	-106.5	-0.40899	81.72	-51.694	52.219	-85.929	8.6405	-22.802	37.768	16.23	-41.099	32.713	-5.6294
-1.8764	2.5353	17.307	2.3106	-10.38	-1.9419	-2.1017	1.4716	-0.0039916	2.5262	1.1272	-3.4969	3.1557	1.0508	-5.8697	-171.5	-9.2466	170.15	-62.347	9.9422	36.069	-48.248	-34.646	-14.151	56.238	24.66	-83.343	27.294
-2.0031	0.85264	17.461	2.6899	-9.8783	-0.41292	-2.6466	1.092	-0.15501	2.9491	0.61189	-2.2371	2.1792	1.4081	-5.0666	-67.306	6.1626	15.173	20.087	61.16	-21.794	-15.183	-6.0408	16.916	-20.612	50.393	-39.064	14.294
-2.3413	-3.4969	18.673	4.1303	-10.125	0.47308	-3.1626	1.753	0.74294	0.69918	-0.95279	-0.56699	1.4214	1.0852	-13.529	-173.98	48.469	57.616	-9.8612	35.44	-20.639	26.437	35.918	-89.996	-62.587	66.805	-30.31	-12.916
-2.6721	-5.2659	19.132	3.9784	-9.5725	0.96604	-1.4451	-1.646	3.3777	1.7896	-5.3692	-0.42831	2.4733	0.70443	-13.231	-70.76	18.381	-6.0762	22.096	19.718	68.7	-135.96	105.39	43.615	-176.66	5.5471	42.075	-15.232
-3.1237	-7.16	17.616	5.1994	-10.312	1.3954	2.153	-3.5001	3.3761	1.0215	-5.408	-1.1866	1.2693	2.2879	-18.068	-75.763	-60.638	48.842	-29.565	17.176	143.92	-74.164	-0.063927	-30.721	-1.5539	-30.33	-48.159	63.339
-3.8196	-11.268	16.064	4.1638	-8.2767	1.2138	2.5393	-2.6503	2.2084	1.9705	-4.8005	-2.3044	1.3114	1.309	-27.834	-164.31	-62.089	-41.426	81.397	-7.2677	15.453	33.991	-46.709	37.958	24.302	-44.715	1.6826	-39.158
-4.8416	-11.1	6.8309	5.069	-5.2872	0.37251	3.285	1.274	0.48701	0.85835	-5.0955	0.82685	-0.2146	0.6069	-40.879	6.717	-369.32	36.207	119.58	-33.65	29.828	156.97	-68.855	-44.485	-11.801	125.25	-61.038	-28.082
-6.0156	-3.7547	-5.7933	1.8971	-4.8278	4.3001	3.7681	1.1032	-0.19233	0.017625	-2.569	0.80099	-2.6091	0.14928	-46.96	293.81	-504.97	-126.87	18.376	157.1	19.324	-6.8315	-27.174	-33.629	101.06	-1.0344	-95.779	-18.305
-6.5308	-12.624	-14.066	6.0801	-3.1304	1.1873	4.5694	1.3206	0.54989	0.82216	-1.5552	0.019754	-1.5089	0.042662	-20.61	-354.77	-330.92	167.32	67.897	-124.51	32.051	8.6967	29.689	32.181	40.549	-31.249	44.009	-4.2648
-6.3126	-4.7905	-17.948	2.7305	-0.32733	0.28174	5.2744	0.55526	-2.833	0.23312	-0.46589	0.82281	-1.6525	-1.2703	8.7268	313.34	-155.29	-133.98	112.12	-36.222	28.202	-30.614	-135.31	-23.562	43.574	32.122	-5.7438	-52.52
-5.8912	-0.83096	-17.313	0.87004	-1.8803	-0.046232	5.2589	0.41174	-0.59727	0.86684	-1.605	1.0967	-1.3934	-1.6033	16.857	158.38	25.424	-74.417	-62.119	-13.119	-0.62176	-5.741	89.428	25.349	-45.564	10.957	10.364	-13.319
-5.6774	0.011588	-18.794	2.0435	-1.848	-1.4006	5.3717	0.18786	-0.67238	1.9322	-1.2489	0.56754	-0.8641	-1.5728	8.5509	33.702	-59.267	46.939	1.2915	-54.176	4.5143	-8.9553	-3.004	42.614	14.242	-21.168	21.171	1.2207
-5.6976	-0.88334	-19.588	2.8407	-0.52902	-2.1072	7.4256	-0.73269	-1.0218	0.97213	-1.8293	1.5737	-0.068632	-0.11624	-0.8056	-35.797	-31.761	31.888	52.76	-28.265	82.157	-36.822	-13.976	-38.402	-23.214	40.247	31.819	58.263
-5.7036	-0.29454	-15.312	3.7329	-1.0082	-1.172	7.6864	0.57543	-1.9063	0.29986	-2.1511	1.631	-1.8063	-1.2509	-0.24102	23.552	171.04	35.687	-19.167	37.408	10.428	52.325	-35.38	-26.891	-12.871	2.2899	-69.506	-45.386
-5.4839	4.5002	-11.172	4.8192	2.548	-3.3813	8.106	1.1048	-3.5728	-0.26634	-1.6914	1.3343	-1.0072	-0.4758	8.787	191.79	165.62	43.454	142.25	-88.37	16.787	21.177	-66.66	-22.648	18.387	-11.867	31.964	31.004
-4.7623	2.7687	-3.8429	6.7523	3.1389	-4.5517	6.8007	1.2287	-3.5524	-1.6166	-1.5802	1.7892	-0.19367	-1.0258	28.864	-69.26	293.16	77.323	23.636	-46.818	-52.212	4.9559	0.81493	-54.009	4.447	18.196	32.541	-22.001
-4.1905	-2.1285	3.3327	7.6113	2.7707	-3.062	3.7317	0.8359	-3.826	-1.6648	-1.9605	2.152	0.48347	-2.2128	22.871	-195.89	287.02	34.358	-14.728	59.588	-122.76	-15.714	-10.943	-1.9297	-15.214	14.512	27.086	-47.478
-3.8924	-3.189	11.615	0.69221	1.9617	0.76641	0.29111	2.0888	-3.7547	-2.0814	-1.3227	1.0188	0.86554	-1.9049	11.926	-42.416	331.31	-276.76	-32.363	153.14	-137.62	50.115	2.8525	-16.664	25.514	-45.328	15.282	12.314
-4.0894	-0.33335	12.162	-2.2522	0.53861	2.0503	0.0011996	2.4502	-2.5357	-3.8592	-1.2227	2.2155	0.25212	-1.0783	-7.8817	114.22	21.881	-117.77	-56.922	51.354	-11.596	14.456	48.759	-71.111	3.9984	47.867	-24.537	33.064
-4.8876	-6.0772	11.488	-4.7254	2.2512	1.0418	0.14713	4.7487	-0.49908	-4.4032	-1.5451	1.229	1.1665	-0.29663	-31.927	-229.75	-26.957	-98.932	68.502	-40.338	5.8373	91.94	81.465	-21.759	-12.894	-39.459	36.576	31.267
-6.5312	-44.321	6.5017	2.0183	0.97024	3.3136	3.9491	1.4267	-0.14562	-2.9415	-1.4089	2.7941	-0.22372	-0.42144	-65.744	-1529.7	-199.47	269.75	-51.237	90.872	152.08	-132.88	14.138	58.464	5.4486	62.603	-55.61	-4.9923
-9.2874	-74.579	-1.8894	9.5658	3.34	3.3386	4.8017	0.95172	1.8543	-0.35634	-2.0102	1.7021	-0.2668	-0.70713	-110.25	-1210.3	-335.64	301.9	94.789	1.0001	34.106	-18.997	79.997	103.41	-24.053	-43.677	-1.7232	-11.428
-12.063	-86.183	-9.2879	6.827	4.0332	4.5443	6.6026	1.4675	0.69896	-1.0806	-1.5507	2.3298	-0.74815	-1.2843	-111.01	-464.16	-295.94	-109.55	27.731	48.23	72.036	20.632	-46.214	-28.971	18.379	25.107	-19.254	-23.087
-13.876	-90.837	-14.823	3.8689	1.0367	4.3183	4.9539	-0.88645	-0.50993	-0.5006	-1.5973	0.04515	-1.2411	-0.53271	-72.525	-186.14	-221.4	-118.32	-119.86	-9.0406	-65.948	-94.159	-48.355	23.201	-1.8638	-91.386	-19.72	30.064
-13.937	-91.982	-15.177	2.124	-1.0154	1.4515	4.2795	0.12804	0.92332	0.15978	-1.7307	0.73787	-1.4314	0.35801	-2.4557	-45.82	-14.156	-69.797	-82.084	-114.67	-26.974	40.579	57.33	26.415	-5.3345	27.709	-7.61	35.629
-13.944	-91.275	-15.386	3.2149	-0.66609	1.5625	3.8455	2.099	1.0845	-1.5057	-2.0288	0.053632	-1.0786	0.2612	-0.25658	28.296	-8.3525	43.636	13.972	4.4423	-17.363	78.839	6.4462	-66.621	-11.925	-27.369	14.11	-3.8725
-13.801	-90.428	-15.451	3.0095	-0.92033	1.4462	5.4919	1.9446	1.2862	0.35058	-1.5592	-0.22308	-1.1975	1.1397	5.7208	33.848	-2.6097	-8.2162	-10.169	-4.6538	65.857	-6.1771	8.0691	74.253	18.786	-11.069	-4.7563	35.14
-6.4034	-23.201	-9.6254	-4.2452	-0.31796	2.7668	6.0362	-1.2122	-1.7333	-2.3399	-1.5286	0.85273	-1.031	0.82634	295.89	2689.1	233.02	-290.19	24.095	52.826	21.773	-126.27	-120.78	-107.62	1.2206	43.033	6.6616	-12.534
-6.2266	5.7421	-6.7557	-3.9914	-2.6447	1.9364	6.0429	-0.75975	-0.57771	-1.6075	-0.38949	1.1083	-2.0135	1.0873	7.0712	1157.7	114.79	10.152	-93.069	-33.218	0.26782	18.099	46.225	29.298	45.566	10.223	-39.299	10.439
-4.8359	-13.612	7.962	4.0954	-2.7349	-2.1335	1.999	-2.5019	1.4137	1.6112	-0.96863	1.9149	0.20971	0.97912	55.627	-774.16	588.71	323.47	-3.6067	-162.8	-161.75	-69.685	79.657	128.75	-23.166	32.263	88.928	-4.3278
-2.9672	-1.4915	17.815	0.75557	-6.4863	-2.5554	0.041665	-1.2133	3.0476	-2.087	0.33709	-1.4647	1.8624	2.4356	74.749	484.81	394.12	-133.59	-150.06	-16.878	-78.295	51.544	65.357	-147.93	52.229	-135.19	66.108	58.258
-2.3671	0.32472	17.247	-0.30345	-6.5444	-1.226	-2.1139	-0.25672	3.2265	-2.8047	2.2498	-1.3696	1.0994	2.6219	24.004	72.651	-22.711	-42.361	-2.3232	53.178	-86.224	38.262	7.1559	-28.711	76.506	3.8047	-30.522	7.4551
-2.116	5.1786	18.493	-4.1739	-7.9714	1.1099	-4.7308	0.83169	4.1076	-2.1492	0.59948	-1.1096	2.0699	2.2101	10.045	194.15	49.835	-154.82	-57.08	93.434	-104.68	43.536	35.241	26.221	-66.011	10.402	38.821	-16.473
-2.0245	5.9998	17.102	-3.2033	-7.1097	-0.46731	-4.0772	1.1845	4.8174	-3.3185	1.0376	-1.3823	1.9091	2.937	3.6606	32.847	-55.652	38.823	34.466	-63.087	26.145	14.114	28.393	-46.77	17.526	-10.91	-6.4315	29.076
-2.2793	6.7896	15.298	-2.5497	-6.3257	-0.36637	-3.521	1.0462	3.4771	-2.8094	1.5225	-1.8477	1.7296	3.266	-10.194	31.595	-72.164	26.147	31.361	4.0378	22.251	-5.5329	-53.612	20.36	19.394	-18.616	-7.1807	13.161
-2.6948	3.3959	13.854	-1.0158	-5.6054	0.18586	-3.8116	1.5625	3.9447	-3.9497	1.2647	-1.5581	2.5031	2.6723	-16.62	-135.75	-57.759	61.355	28.814	22.089	-11.628	20.651	18.704	-45.611	-10.31	11.584	30.941	-23.751
-3.2221	-2.4566	13.706	1.4322	-6.0548	-0.81612	-3.07	1.7605	5.1346	-3.8767	-0.29284	-0.55691	2.2689	1.567	-21.089	-234.1	-5.8926	97.918	-17.978	-40.079	29.664	7.9199	47.597	2.9191	-62.303	40.049	-9.3687	-44.209
-3.3942	-8.488	11.905	6.3609	-3.4224	-2.7428	-4.8213	2.1114	3.8209	-2.5416	1.1004	-1.1663	0.96868	2.6589	-6.8877	-241.25	-72.036	197.15	105.3	-77.069	-70.052	14.036	-52.55	53.407	55.728	-24.375	-52.009	43.677
-3.4648	-8.1118	12.981	4.272	-3.2852	-2.344	-4.0754	2.1462	2.4909	-2.7871	1.3819	-0.29428	0.26593	1.8162	-2.8234	15.048	43.003	-83.557	5.4878	15.953	29.837	1.3916	-53.199	-9.8203	11.262	34.88	-28.11	-33.708
-3.563	-8.8181	13.884	3.5093	-3.3886	-2.7624	-3.4352	1.111	2.4622	-2.0481	0.59008	-0.45789	0.29696	0.94335	-3.9258	-28.253	36.118	-30.509	-4.1351	-16.736	25.608	-41.406	-1.1484	29.558	-31.674	-6.5447	1.241	-34.916
-3.8802	-10.588	11.895	4.9794	-0.10789	-3.2214	-4.777	0.87453	2.2894	-1.9325	0.79877	0.18426	0.10233	0.38715	-12.69	-70.794	-79.529	58.805	131.23	-18.358	-53.671	-9.4597	-6.9094	4.6242	8.3476	25.686	-7.7852	-22.248
-4.1269	-11.89	12.606	5.6735	-1.4509	-4.5306	-3.3746	1.6578	3.3381	-2.5111	-0.35637	0.9315	-0.69849	0.31728	-9.869	-52.062	28.409	27.761	-53.722	-52.37	56.095	31.332	41.945	-23.143	-46.205	29.889	-32.033	-2.7947
-4.3484	-14.013	11.351	4.7078	0.24354	-3.0352	-2.5943	1.7667	2.6323	-2.4416	0.64375	1.1922	-1.9498	0.37607	-8.8565	-84.928	-50.187	-38.626	67.779	59.815	31.211	4.3551	-28.229	2.7797	40.005	10.426	-50.052	2.3515
-4.5605	-10.969	10.033	2.9367	1.4028	-1.27	-3.7382	1.808	4.3189	-2.9668	-0.51647	-0.23729	-1.4026	0.29121	-8.4875	121.74	-52.715	-70.846	46.371	70.61	-45.754	1.6519	67.464	-21.009	-46.409	-57.178	21.889	-3.3946
-4.4186	-15.394	11.023	5.1764	0.79208	-3.1412	-2.4601	2.505	1.6132	-2.3541	0.035166	-1.3636	0.26497	0.36045	5.6779	-177	39.595	89.592	-24.429	-74.848	51.122	27.879	-108.23	24.507	22.066	-45.053	66.702	2.7697
-4.3405	-12.944	12.74	4.7167	0.76902	-2.7893	-2.7998	1.704	2.9594	-3.0194	-1.1389	-0.425	-0.65272	0.82284	3.124	97.981	68.672	-18.388	-0.92228	14.076	-13.585	-32.039	53.849	-26.611	-46.963	37.545	-36.708	18.496
-4.437	-17.126	14.366	4.0661	-0.59841	0.34369	-1.8523	2.2213	0.98111	-4.1071	-1.6574	1.182	0.11238	1.097	-3.8589	-167.28	65.039	-26.024	-54.697	125.32	37.9	20.693	-79.131	-43.507	-20.741	64.28	30.604	10.966
-4.9716	-19.519	11.055	2.3415	2.7499	3.4064	-2.2343	1.0815	1.0435	-3.8455	-2.0794	3.5341	-1.3485	0.70416	-21.385	-95.692	-132.42	-68.988	133.93	122.51	-15.283	-45.594	2.4956	10.464	-16.88	94.083	-58.435	-15.713
-5.7466	-20.301	6.203	1.6472	6.6985	0.898	2.3811	-3.2076	2.2648	-0.53076	-2.7367	2.6556	-2.7485	-0.70475	-31.001	-31.303	-194.09	-27.769	157.94	-100.34	184.62	-171.56	48.851	132.59	-26.29	-35.14	-56	-56.356
-6.1475	-16.984	3.0418	1.806	7.1473	0.64595	3.3358	-3.5859	3.169	0.32284	-2.199	0.53291	-2.5106	-0.72072	-16.034	132.68	-126.45	6.351	17.952	-10.082	38.187	-15.133	36.169	34.144	21.508	-84.907	9.5157	-0.63891
-6.0755	-31.429	7.8313	6.4814	6.5796	-0.46045	-0.73881	0.27316	3.9904	-0.15377	-3.2404	1.1211	-2.0638	-2.1269	2.8797	-577.8	191.58	187.02	-22.707	-44.256	-162.98	154.36	32.858	-19.064	-41.658	23.527	17.87	-56.247
-6.0359	-22.119	1.2101	7.9997	7.7584	-0.21373	-1.6381	1.165	2.7866	-0.18705	-2.3175	0.51859	-3.2714	-1.1688	1.5837	372.4	-264.85	60.733	47.15	9.8685	-35.971	35.672	-48.155	-1.3311	36.916	-24.1	-48.302	38.325
-5.9891	-32.823	9.4784	8.0104	5.4125	-0.17112	-0.64548	1.0672	2.7589	0.17906	-3.8941	1.5806	-2.6825	-2.7821	1.8691	-428.14	330.73	0.42689	-93.834	1.7045	39.705	-3.9101	-1.1078	14.644	-63.061	42.479	23.556	-64.534
-6.0418	-31.196	10.256	7.0173	4.2509	-1.2328	2.011	0.67675	3.3226	0.023778	-2.8843	1.2129	-3.0651	-3.3114	-2.1061	65.066	31.118	-39.726	-46.464	-42.466	106.26	-15.619	22.547	-6.2112	40.389	-14.707	-15.304	-21.174
-5.6053	-31.242	8.5533	5.9924	7.6125	-1.1242	-1.3934	3.5536	2.0784	-0.17248	-3.3137	0.67796	-2.3401	-1.865	17.46	-1.8315	-68.122	-40.997	134.46	4.3438	-136.18	115.08	-49.766	-7.8503	-17.173	-21.397	28.999	57.858
-5.3231	-10.099	4.1078	2.2494	8.8586	-2.9984	-0.5341	4.2589	-2.0581	-0.90669	-1.6841	0.64917	-2.395	0.081597	11.287	845.72	-177.82	-149.72	49.847	-74.968	34.372	28.211	-165.46	-29.369	65.185	-1.1518	-2.196	77.863
-5.3004	-16.353	5.945	3.9257	11.734	-0.89025	-5.6677	2.9881	2.6989	-0.74806	-3.9303	-0.27046	-0.42974	-1.3482	0.90863	-250.17	73.487	67.054	114.99	84.326	-205.34	-50.831	190.28	6.3453	-89.849	-36.785	78.611	-57.191
-5.502	-20.495	5.3398	2.2438	9.0646	4.1856	-5.8319	1.0354	1.7569	0.70186	-3.0008	-0.26325	0.2266	-0.77832	-8.0629	-165.66	-24.208	-67.278	-106.76	203.03	-6.5666	-78.111	-37.677	57.997	37.178	0.28835	26.253	22.794
-5.4897	-13.153	2.7298	-0.464	11.214	2.4791	-7.4255	1.3914	0.48104	1.4904	-3.4002	-0.1612	-0.14898	0.56506	0.49172	293.68	-104.4	-108.31	85.984	-68.259	-63.746	14.241	-51.036	31.54	-15.975	4.0821	-15.023	53.735
-5.1477	-11.132	2.9317	-1.4803	11.304	1.932	-6.6138	-0.10476	0.95131	1.2839	-2.558	-0.87431	0.13511	0.095959	13.681	80.822	8.0778	-40.654	3.5917	-21.883	32.47	-59.847	18.811	-8.2573	33.688	-28.525	11.363	-18.764
-5.2054	-11.121	2.7686	-1.8977	11.007	2.8729	-6.3126	-0.21982	1.4649	1.1458	-2.5708	-1.7929	0.31069	0.59088	-2.3074	0.4309	-6.5243	-16.692	-11.861	37.634	12.047	-4.6026	20.545	-5.5243	-0.51196	-36.745	7.0232	19.797
-5.6462	-13.433	5.176	-3.9299	11.045	3.1464	-6.4847	0.59293	0.67043	2.1563	-3.653	-1.8931	0.060632	0.21147	-17.634	-92.45	96.294	-81.291	1.4974	10.942	-6.8839	32.51	-31.78	40.417	-43.288	-4.0047	-10.002	-15.176
-6.0178	-26.453	5.2101	1.6302	9.7344	5.5535	-4.8677	-1.1238	-0.96554	0.98724	-3.1251	0.78888	0.14823	-0.29369	-14.862	-520.81	1.3669	222.4	-52.42	96.282	64.679	-68.67	-65.439	-46.761	21.115	107.28	3.5039	-20.207
-6.3908	-34.207	3.6308	6.7282	7.6911	3.7613	-2.8393	-2.6454	-0.23942	1.986	-3.8922	0.24041	-1.0103	-0.13763	-14.919	-310.15	-63.171	203.92	-81.733	-71.689	81.136	-60.864	29.045	39.95	-30.683	-21.939	-46.342	6.2425
-6.9126	-24.279	3.8769	0.58275	4.8525	4.7444	-2.0965	-1.4804	0.65196	3.2088	-1.7826	-1.2192	-1.0432	-0.15196	-20.875	397.12	9.8434	-245.82	-113.54	39.325	29.715	46.6	35.655	48.911	84.386	-58.385	-1.3163	-0.57344
