-5.5625	-11.663	-2.3016	7.5409	0.50354	3.2022	1.7906	-0.70947	-0.78275	0.24641	0.23866	1.8449	-0.23881	-0.37472	0	0	0	0	0	0	0	0	0	0	0	0	0	0
-3.5085	15.958	12.445	-5.6749	2.8076	3.7496	-3.3837	1.2664	-3.1874	-3.3834	1.142	-0.64766	2.2171	-1.2954	82.158	1104.9	589.88	-528.63	92.164	21.896	-206.97	79.035	-96.185	-145.19	36.135	-99.704	98.235	-36.829
-2.7244	25.156	13.136	-7.4413	2.8343	3.1098	-4.9628	1.202	-3.9689	-4.4874	1.0302	-1.5456	3.5973	-1.2008	31.364	367.91	27.617	-70.659	1.0653	-25.593	-63.163	-2.5759	-31.26	-44.159	-4.4743	-35.916	55.21	3.7855
-2.2537	27.611	13.682	-7.3458	1.6409	2.5867	-5.3231	1.6651	-3.6155	-4.9767	0.14657	-0.9766	3.5752	-0.73565	18.829	98.199	21.839	3.823	-47.736	-20.924	-14.412	18.522	14.137	-19.573	-35.345	22.758	-0.88239	18.606
-2.3339	26.547	14.515	-6.4683	0.7264	2.1138	-5.8263	2.9176	-2.9687	-5.5961	0.85714	-2.8503	4.6142	-0.64547	-3.2071	-42.556	33.344	35.097	-36.579	-18.914	-20.13	50.103	25.869	-24.777	28.423	-74.948	41.558	3.6069
-2.2416	25.353	14.402	-5.8469	0.79677	2.2432	-6.2244	3.6649	-2.6966	-5.9563	0.30069	-2.9579	4.5404	-0.78975	3.693	-47.782	-4.5183	24.857	2.8148	5.1748	-15.924	29.891	10.884	-14.406	-22.258	-4.3042	-2.9525	-5.7709
-2.3431	25.397	13.327	-5.1133	1.3055	2.1759	-6.0765	3.86	-3.294	-5.341	-0.29917	-2.5465	3.4976	-0.43759	-4.0623	1.7748	-43.015	29.344	20.348	-2.6916	5.9167	7.8038	-23.896	24.611	-23.994	16.454	-41.71	14.086
-2.4274	23.79	13.102	-5.2321	2.636	2.5667	-5.2588	3.3091	-3.3385	-5.46	-0.8478	-2.1634	2.9488	-0.059583	-3.3729	-64.29	-9.0027	-4.7515	53.221	15.633	32.708	-22.038	-1.7793	-4.7595	-21.945	15.324	-21.953	15.12
-2.4626	23.329	10.52	-2.7637	2.3234	3.3445	-4.4584	2.7295	-2.9966	-6.5091	0.23904	-2.6788	2.8998	-0.91257	-1.4051	-18.442	-103.26	98.735	-12.504	31.111	32.016	-23.181	13.677	-41.965	43.474	-20.614	-1.9596	-34.12
-2.8625	20.776	8.9691	-1.4874	2.6902	4.2305	-2.4668	2.5384	-2.8737	-7.7744	1.4973	-2.955	2.8991	-2.2562	-15.996	-102.12	-62.051	51.052	14.672	35.441	79.664	-7.6453	4.9148	-50.612	50.331	-11.048	-0.028129	-53.747
-3.2329	12.529	10.685	-0.15105	4.5644	2.1651	-1.4364	1.6308	-2.2123	-6.8706	1.4836	-2.0225	1.1495	-2.6095	-14.817	-329.86	68.631	53.455	74.969	-82.615	41.217	-36.304	26.458	36.152	-0.54654	37.298	-69.986	-14.128
-3.9763	6.6197	6.6851	3.0017	3.3728	3.0284	0.094298	0.73169	-2.0531	-5.4028	0.66734	-0.066483	-0.55944	-2.1547	-29.737	-236.38	-159.99	126.11	-47.662	34.531	61.227	-35.964	6.3684	58.712	-32.652	78.243	-68.356	18.19
-5.2925	6.4594	-3.5081	4.7907	3.7613	1.1183	3.1696	-1.128	-4.5587	-0.32698	0.32612	-0.32662	-0.25782	-1.9148	-52.647	-6.4128	-407.73	71.559	15.538	-76.406	123.01	-74.387	-100.23	203.03	-13.649	-10.405	12.065	9.597
-6.2813	7.9312	-11.972	4.85	2.3562	-1.0646	4.1718	-0.57655	-3.2504	-0.45358	1.1455	-0.44806	-0.97153	-2.3259	-39.55	58.875	-338.55	2.3742	-56.202	-87.315	40.09	22.058	52.333	-5.0639	32.775	-4.8575	-28.548	-16.443
-6.0544	0.90158	-21.304	5.7158	2.9327	-0.53686	5.9784	-1.7161	-1.9641	0.56002	2.1241	-1.486	0.07382	0.40923	9.0725	-281.19	-373.3	34.632	23.059	21.11	72.262	-45.582	51.454	40.544	39.145	-41.517	41.814	109.4
-5.1094	4.935	-29.424	2.8649	1.5902	-2.4384	5.4872	0.226	0.59663	1.2235	0.6507	-0.43037	1.2474	0.68577	37.802	161.34	-324.78	-114.04	-53.701	-76.062	-19.647	77.684	102.43	26.537	-58.937	42.225	46.944	11.062
-4.6226	11.197	-31.5	2.1526	1.3457	-1.5645	3.3239	-0.9542	0.5995	1.8511	2.0154	-0.96858	1.6585	0.1729	19.469	250.47	-83.034	-28.493	-9.7814	34.956	-86.531	-47.208	0.11468	25.104	54.586	-21.528	16.442	-20.515
-4.4704	15.398	-28.783	2.4674	-0.65479	-3.4217	3.3803	-0.58253	1.5665	2.3072	2.4198	-1.2745	1.8422	0.97649	6.0883	168.05	108.67	12.591	-80.017	-74.289	2.257	14.867	38.679	18.245	16.179	-12.236	7.3494	32.143
-4.886	22.6	-19.849	3.0853	1.6076	-4.4378	1.4491	2.7207	1.1738	-0.37445	1.3816	-1.0445	1.5909	1.6789	-16.623	288.09	357.36	24.715	90.494	-40.643	-77.251	132.13	-15.707	-107.27	-41.53	9.1988	-10.051	28.098
-5.8871	9.8395	-17.512	-0.07232	2.7898	-2.1605	-0.2892	-0.80128	4.5652	-0.5369	-0.12229	0.25282	0.34531	1.143	-40.044	-510.42	93.476	-126.3	47.288	91.093	-69.53	-140.88	135.66	-6.4979	-60.156	51.893	-49.824	-21.436
-7.5198	-9.1782	-15.608	1.158	-0.13241	-1.4632	2.6446	-4.4237	3.1938	-1.1546	-3.5844	0.35543	-1.5333	0.39672	-65.308	-760.71	76.191	49.211	-116.89	27.893	117.35	-144.9	-54.857	-24.707	-138.49	4.1045	-75.143	-29.853
-8.717	-24.864	-20.936	2.4012	-1.8669	-3.7775	2.8003	-3.7491	2.5388	0.012819	-0.79953	2.9978	0.38423	-0.64988	-47.887	-627.43	-213.15	49.73	-69.381	-92.571	6.2257	26.981	-26.199	46.696	111.4	105.69	76.7	-41.864
-9.5447	-35.314	-18.237	3.245	-1.6018	-1.2738	1.694	-2.6623	2.4057	-0.42908	-1.4084	2.6757	0.35696	-0.96616	-33.11	-418.01	107.99	33.749	10.605	100.15	-44.252	43.475	-5.3256	-17.676	-24.356	-12.883	-1.0906	-12.651
-8.9101	-40.318	-14.02	9.0211	0.27435	2.0085	5.8348	-1.1037	2.421	2.1409	-0.20468	2.2713	-0.45486	0.393	25.386	-200.16	168.67	231.05	75.047	131.29	165.63	62.343	0.61206	102.8	48.15	-16.175	-32.473	54.366
-7.7659	-35.787	-2.0458	11.648	0.75898	3.4073	6.1976	-0.98896	3.6498	1.0307	-0.010623	0.51176	-0.18125	-0.17455	45.769	181.24	478.96	105.09	19.385	55.951	14.514	4.5896	49.154	-44.405	7.7622	-70.382	10.945	-22.702
-7.2543	-20.972	1.7825	4.1435	0.35695	4.6725	3.7747	-2.8212	2.0227	0.00038535	0.45944	-0.74032	-0.49898	1.2118	20.462	592.6	153.14	-300.19	-16.081	50.607	-96.916	-73.288	-65.085	-41.214	18.803	-50.083	-12.709	55.453
-7.1511	-24.057	3.9628	4.5084	1.1852	5.4336	2.6145	-2.6298	2.3607	0.55771	0.14031	-2.1456	-0.60058	1.7153	4.1265	-123.39	87.212	14.597	33.129	30.445	-46.407	7.6565	13.523	22.293	-12.765	-56.213	-4.0639	20.14
-6.8321	-21.455	4.542	3.4824	1.6613	5.7757	2.3862	-1.412	1.3246	-0.4161	1.407	-2.406	-0.58393	1.139	12.761	104.07	23.164	-41.039	19.044	13.685	-9.1343	48.708	-41.444	-38.953	50.667	-10.416	0.66621	-23.052
-6.5352	-16.89	3.5747	3.6769	3.8924	7.0173	-2.1629	-0.53575	1.0044	-0.40442	1.4081	-1.9122	-1.2599	0.27384	11.877	182.6	-38.688	7.7774	89.247	49.664	-181.96	35.051	-12.809	0.46712	0.042653	19.754	-27.04	-34.606
-6.2811	-10.229	1.7384	5.0071	5.1995	7.4706	-4.9267	0.32663	1.203	0.066509	0.25014	-2.9107	-0.085403	0.12594	10.164	266.44	-73.455	53.208	52.282	18.13	-110.55	34.495	7.9414	18.837	-46.316	-39.942	46.981	-5.9159
-6.0695	-8.1136	0.70566	6.3407	4.7374	7.4769	-5.7379	0.82079	2.004	-1.1298	1.3347	-3.8059	0.45611	-0.46883	8.4612	84.615	-41.309	53.346	-18.482	0.25432	-32.447	19.766	32.043	-47.853	43.381	-35.804	21.661	-23.791
-5.9382	-6.9186	-0.73516	6.1208	7.304	7.6295	-7.9638	3.2449	0.72421	-0.68198	0.26523	-3.4387	0.13028	-0.0046262	5.2537	47.803	-57.633	-8.7957	102.66	6.1038	-89.035	96.963	-51.193	17.913	-42.777	14.685	-13.033	18.568
-5.8068	-4.1898	-1.4842	6.2659	7.5139	7.9348	-8.8609	2.4269	1.4733	-0.78108	0.66888	-3.788	0.94013	-0.84129	5.2572	109.15	-29.961	5.8041	8.3955	12.21	-35.887	-32.719	29.965	-3.9641	16.146	-13.971	32.394	-33.467
-5.6999	-4.7099	-1.4753	6.4839	9.0901	5.7094	-7.1581	3.3846	-1.3065	0.19062	1.3467	-4.6121	0.41847	-0.8681	4.2764	-20.807	0.35385	8.7207	63.047	-89.018	68.112	38.311	-111.19	38.868	27.113	-32.965	-20.866	-1.0723
-5.6007	-5.664	0.30527	6.4794	8.309	5.0323	-5.8792	3.271	-1.8177	0.17442	0.26092	-3.4945	0.86795	-2.2266	3.9648	-38.162	71.224	-0.18024	-31.243	-27.083	51.159	-4.5464	-20.451	-0.64807	-43.431	44.707	17.979	-54.338
-5.5151	1.4725	-1.1871	2.7679	10.165	5.7452	-6.3198	1.983	-1.8211	1.1475	1.4021	-5.487	0.98667	-2.0417	3.4256	285.46	-59.694	-148.46	74.24	28.516	-17.628	-51.518	-0.1341	38.925	45.646	-79.7	4.7487	7.3942
-5.5993	-3.8139	-0.009693	2.9834	10.393	5.6332	-4.5998	1.7504	-2.5012	0.57289	1.9975	-5.8333	0.97968	-2.478	-3.3688	-211.46	47.095	8.6217	9.1068	-4.4773	68.802	-9.3049	-27.204	-22.986	23.817	-13.852	-0.27956	-17.454
-6.01	-6.7939	-0.83686	4.2291	9.5942	3.2954	-1.6868	1.7651	-3.3543	0.7748	0.7632	-3.3253	0.78676	-2.8003	-16.425	-119.2	-33.087	49.827	-31.94	-93.516	116.52	0.5859	-34.126	8.0766	-49.372	100.32	-7.7168	-12.891
-6.3337	-3.3375	-2.9011	4.1784	5.4653	2.7756	3.0696	-3.234	-1.6922	1.4039	-0.31827	-1.5365	-2.0058	-0.37352	-12.948	138.25	-82.571	-2.0299	-165.16	-20.789	190.25	-199.96	66.487	25.165	-43.259	71.549	-111.7	97.072
-6.6087	1.0987	-9.3952	6.9718	5.3925	0.48001	3.5611	-4.1346	-0.59675	1.2744	-0.58424	0.22699	-2.3569	-1.6422	-11.002	177.45	-259.76	111.74	-2.9117	-91.825	19.661	-36.024	43.816	-5.1821	-10.639	70.541	-14.045	-50.749
-6.5557	2.2276	-12.562	8.5718	3.453	0.019472	3.7656	-3.6865	-1.0252	0.7443	-0.14543	-0.61872	-1.2516	-2.8906	2.1213	45.159	-126.65	63.998	-77.578	-18.421	8.1804	17.925	-17.136	-21.202	17.552	-33.828	44.213	-49.935
-6.3817	3.115	-16.315	10.579	2.7396	-1.4896	4.9594	-4.8143	-0.83017	1.0995	-0.13152	-0.17813	-1.3242	-1.5687	6.9588	35.495	-150.13	80.287	-28.538	-60.363	47.752	-45.111	7.7994	14.207	0.55627	17.624	-2.9045	52.874
-6.3533	1.8864	-18.379	9.5527	1.6065	0.6119	4.3094	-4.2494	-0.70175	-0.027251	-0.096878	0.14814	-0.35317	-1.9031	1.1349	-49.146	-82.576	-41.049	-45.322	84.061	-26	22.594	5.1366	-45.069	1.3858	13.051	38.843	-13.375
-6.0241	5.8766	-20.453	7.8933	2.8463	-0.1229	4.4413	-4.8184	-0.7307	-0.27702	0.6413	-0.40295	-0.39745	-0.13981	13.169	159.61	-82.958	-66.379	49.588	-29.392	5.2764	-22.758	-1.158	-9.9909	29.527	-22.044	-1.771	70.532
-5.5187	7.4153	-22.11	7.333	2.7012	-1.4249	5.112	-3.9337	1.2089	0.8972	0.11361	-0.95106	-1.7873	-0.76576	20.219	61.55	-66.264	-22.411	-5.8006	-52.079	26.826	35.389	77.586	46.969	-21.108	-21.924	-55.593	-25.038
-5.5549	12.175	-20.856	5.7707	0.59424	0.39728	4.6249	-1.9773	-0.67374	1.1787	-1.9111	-0.54188	-0.91132	0.16345	-1.4491	190.38	50.169	-62.493	-84.28	72.886	-19.483	78.253	-75.307	11.258	-80.987	16.367	35.038	37.169
-5.6793	13.592	-18.277	5.7144	1.4184	2.0644	3.9435	-2.8116	0.45041	1.0252	-1.2402	-0.13508	-2.0707	-1.2936	-4.9756	56.678	103.14	-2.2492	32.968	66.684	-27.255	-33.373	44.966	-6.1371	26.837	16.272	-46.374	-58.282
-5.6471	16.593	-14.54	6.9636	1.9634	-0.031769	3.4626	-4.414	1.2662	1.5292	-0.7207	-0.52232	-2.8721	-1.4422	1.2853	120.07	149.47	49.967	21.799	-83.845	-19.235	-64.093	32.63	20.158	20.778	-15.49	-32.056	-5.9433
-5.3099	16.568	-9.6573	6.8049	3.2838	2.3686	2.2667	-3.7278	-0.57347	-0.97528	0.11404	-0.52764	-1.0404	-1.412	13.49	-1.0049	195.31	-6.348	52.817	96.017	-47.836	27.446	-73.585	-100.18	33.39	-0.21316	73.266	1.209
-4.8335	20.368	-4.5624	4.1816	3.4681	2.1731	3.2397	-3.7005	-1.9126	-1.0374	-1.0201	0.42349	-1.4139	-0.88659	19.057	152	203.8	-104.93	7.3707	-7.8206	38.918	1.0941	-53.565	-2.4842	-45.364	38.045	-14.941	21.015
-4.1262	19.346	-0.64493	4.2316	3.7533	4.2092	1.6047	-4.2758	-2.3192	-1.6078	-0.37209	1.1867	-1.2037	-2.3459	28.292	-40.914	156.7	1.9997	11.406	81.444	-65.397	-23.014	-16.265	-22.817	25.919	30.53	8.4101	-58.374
-3.4994	22.862	4.6421	-2.1748	5.2135	4.8206	-0.78129	-1.3354	-1.8889	-2.0049	0.83875	-0.037493	-2.0823	-2.369	25.069	140.67	211.48	-256.26	58.409	24.456	-95.441	117.62	17.212	-15.882	48.434	-48.969	-35.144	-0.92116
-2.867	26.494	7.9051	-5.8406	5.8053	5.3393	-1.6544	-0.71186	-2.1692	-3.3558	1.2633	-0.80137	-2.6063	-2.6213	25.298	145.28	130.52	-146.63	23.674	20.748	-34.925	24.941	-11.213	-54.038	16.981	-30.555	-20.96	-10.093
-2.56	30.086	7.645	-7.6353	6.3139	5.2158	-1.7108	-0.96683	-3.2208	-3.6407	1.858	-1.3956	-3.3212	-1.4551	12.28	143.66	-10.405	-71.79	20.344	-4.9432	-2.2556	-10.199	-42.063	-11.394	23.788	-23.771	-28.596	46.648
-2.5986	27.266	8.1102	-7.5876	7.5006	4.0918	-1.7403	-1.0441	-3.9377	-2.9096	1.3996	-1.7674	-2.3095	-0.6387	-1.5433	-112.77	18.608	1.91	47.469	-44.96	-1.1812	-3.0894	-28.675	29.243	-18.334	-14.87	40.466	32.654
-3.0429	22.383	7.5273	-4.8169	7.2751	3.3329	-1.53	-1.9497	-2.2917	-2.2525	0.5293	-0.37701	-1.9713	-1.7083	-17.772	-195.34	-23.314	110.83	-9.0199	-30.356	8.4133	-36.224	65.842	26.283	-34.813	55.615	13.528	-42.785
-3.9476	18.482	1.7926	0.1833	6.2479	3.3091	-0.22759	-3.6744	-1.7421	-1.14	1.017	0.38694	-1.1334	-1.1017	-36.189	-156.03	-229.39	200.01	-41.089	-0.95153	52.096	-68.988	21.984	44.499	19.506	30.558	33.516	24.263
-5.3658	17.297	-9.498	2.6962	2.9592	0.97716	2.421	-3.2288	-0.43997	0.81748	0.84378	0.81997	0.00064581	0.86162	-56.729	-47.422	-451.62	100.52	-131.55	-93.277	105.94	17.823	52.084	78.301	-6.9273	17.321	45.363	78.535
-5.2456	20.194	-19.827	-3.0977	0.98339	-0.22586	0.98394	-2.5506	0.13928	0.26273	0.42689	0.55766	0.81891	-0.09296	4.8081	115.9	-413.17	-231.76	-79.031	-48.121	-57.481	27.129	23.17	-22.19	-16.676	-10.492	32.73	-38.183
-4.8347	23.618	-21.865	-1.7442	0.35675	-2.2013	-0.2126	-1.6551	-0.22675	1.8531	0.42548	-0.87984	0.40385	-0.65932	16.438	136.95	-81.498	54.141	-25.066	-79.018	-47.862	35.817	-14.641	63.614	-0.056301	-57.5	-16.602	-22.654
-4.401	25.696	-22.814	-0.27395	2.0041	-0.43192	0.054053	-1.3566	0.072682	-0.20748	-0.44537	-0.427	0.51827	-0.2957	17.349	83.137	-37.984	58.809	65.896	70.776	10.666	11.943	11.977	-82.423	-34.834	18.114	4.5766	14.545
-3.935	24.72	-26.271	-0.13477	4.2269	0.6951	0.079258	0.40552	0.0016849	0.51492	1.0799	0.77011	1.6973	-0.23951	18.639	-39.064	-138.26	5.5672	88.909	45.081	1.0082	70.483	-2.8399	28.896	61.01	47.884	47.16	2.2473
-3.8494	26.124	-27.527	-3.2419	2.5557	-2.5205	-0.52124	0.70197	1.356	0.95053	0.12716	-2.166	-0.17778	0.92377	3.4223	56.185	-50.243	-124.28	-66.848	-128.62	-24.02	11.858	54.174	17.424	-38.108	-117.45	-75.002	46.531
-3.6796	25.542	-26.401	-4.6564	1.684	-0.1494	2.4501	1.5254	0.024353	1.0817	-0.12341	-2.8862	0.077352	0.99205	6.7934	-23.297	45.049	-56.582	-34.866	94.843	118.85	32.936	-53.267	5.2476	-10.023	-28.809	10.205	2.7311
-3.849	27.606	-25.211	-3.9852	1.688	-1.8356	0.059635	0.42628	-0.95098	-0.31583	1.7698	-1.8164	0.79345	-0.48578	-6.7779	82.578	47.591	26.85	0.15971	-67.449	-95.619	-43.964	-39.013	-55.902	75.73	42.794	28.644	-59.113
-3.988	27.58	-24.826	-2.0413	2.6587	-0.77497	-0.94561	-1.1485	1.2675	0.39244	0.41458	-1.0525	1.352	-0.30965	-5.5594	-1.039	15.407	77.755	38.828	42.426	-40.21	-62.993	88.739	28.331	-54.211	30.555	22.34	7.0451
-4.4905	28.856	-21.123	-3.9761	1.9143	0.65468	-1.727	-2.4128	0.59013	-0.29541	-0.48065	-0.92242	0.039978	0.44823	-20.101	51.022	148.09	-77.392	-29.777	57.186	-31.255	-50.57	-27.094	-27.514	-35.809	5.2038	-52.479	30.315
-5.4132	16.456	-19.589	-4.5854	4.3021	1.7986	-0.91964	-3.5238	1.678	-0.15245	0.37493	-0.0058786	0.65281	1.0153	-36.905	-496	61.377	-24.372	95.512	45.758	32.294	-44.441	43.514	5.7182	34.223	36.662	24.513	22.683
-6.5289	-0.2088	-17.2	-6.8142	2.6233	2.5349	-0.50236	-1.7989	1.3775	1.2972	3.1697	0.90152	0.22012	0.49692	-44.63	-666.59	95.575	-89.154	-67.153	29.453	16.691	68.996	-12.02	57.986	111.79	36.296	-17.308	-20.735
-6.8496	-13.807	-4.1923	0.024383	7.0064	4.4617	0.042465	-0.70525	1.1064	0.5606	2.2382	0.33491	0.17392	1.2239	-12.828	-543.91	520.29	273.54	175.33	77.07	21.793	43.747	-10.845	-29.464	-37.26	-22.664	-1.8482	29.079
-5.5213	0.065078	10.058	-2.2538	4.2999	5.2718	-4.4516	0.34831	0.001056	-0.73638	2.3437	-0.41107	-0.6819	-0.07769	53.135	554.86	570.01	-91.126	-108.26	32.404	-179.76	42.142	-44.212	-51.879	4.2181	-29.839	-34.233	-52.063
-5.3487	1.4242	7.8704	-1.8368	5.766	3.24	-4.1453	-1.0108	-1.1511	-0.94515	1.2719	-1.07	-0.58086	0.46582	6.9036	54.364	-87.503	16.68	58.646	-81.271	12.251	-54.365	-46.087	-8.351	-42.87	-26.357	4.0418	21.74
-5.802	-7.7448	7.3408	2.3086	3.8677	3.0125	-1.3682	-1.9296	-0.014726	-0.056466	-0.095995	-1.1907	-0.65516	1.115	-18.134	-366.76	-21.181	165.81	-75.933	-9.1007	111.08	-36.752	45.456	35.547	-54.716	-4.8282	-2.9721	25.967
-6.4163	-13.346	1.665	7.3067	3.0985	1.6647	1.4949	-2.768	3.53	-0.70258	-1.6148	0.29623	-0.080232	0.0058443	-24.571	-224.03	-227.03	199.92	-30.766	-53.911	114.52	-33.536	141.79	-25.845	-60.753	59.477	22.997	-44.366
-6.9801	-18.106	-0.53374	9.0386	3.5312	1.9977	1.3388	-0.85443	4.2771	-1.3918	-1.1794	0.42412	0.22233	-1.1863	-22.551	-190.41	-87.95	69.279	17.307	13.316	-6.2425	76.545	29.882	-27.57	17.416	5.1158	12.102	-47.685
-7.0688	-19.468	-1.17	8.7629	3.5486	3.3892	1.0976	-0.28183	3.9005	-0.94135	-1.2879	0.73297	-0.54743	-1.2191	-3.55	-54.481	-25.449	-11.029	0.69492	55.661	-9.6486	22.904	-15.063	18.019	-4.3381	12.354	-30.79	-1.3113
-7.14	-28.611	4.364	4.6674	4.6249	7.0049	-2.3239	1.6874	3.9111	-1.7552	-1.2574	2.2113	-0.86567	-1.3008	-2.8479	-365.73	221.36	-163.82	43.052	144.63	-136.86	78.769	0.42433	-32.556	1.2187	59.134	-12.73	-3.2689
-7.2518	-29.126	3.6641	4.3351	4.4944	7.6205	-2.6198	1.3126	4.8417	-1.4719	-1.2208	2.0894	-0.14911	-2.253	-4.4725	-20.594	-27.994	-13.294	-5.2173	24.624	-11.835	-14.993	37.224	11.334	1.462	-4.8749	28.662	-38.087
-7.5059	-24.833	-2.1467	7.4249	5.8029	4.0447	0.81695	-2.3805	5.8844	-0.64534	-3.0515	3.7935	-2.3108	-1.4348	-10.164	171.73	-232.43	123.59	52.339	-143.03	137.47	-147.72	41.707	33.063	-73.225	68.161	-86.468	32.727
-7.0816	-13.584	-10.834	10.559	4.5535	0.58789	4.1921	-4.0655	3.1092	-0.28639	-0.95678	2.4973	-2.0668	-0.92257	16.972	449.94	-347.5	125.36	-49.976	-138.27	135.01	-67.402	-111.01	14.358	83.788	-51.846	9.7592	20.488
-6.6914	-10.194	-19.32	11.875	3.2716	-0.61607	6.2609	-5.5284	0.33743	1.12	-1.1224	1.6542	-1.1123	0.59634	15.608	135.62	-339.42	52.633	-51.275	-48.158	82.752	-58.516	-110.87	56.256	-6.6245	-33.726	38.18	60.756
-5.6062	-2.7798	-26.483	4.4182	-0.73379	-2.6356	6.5237	-1.303	1.2269	2.6305	0.17104	0.10188	0.10161	0.54305	43.409	296.57	-286.55	-298.26	-160.22	-80.781	10.511	169.02	35.581	60.42	51.737	-62.091	48.558	-2.1315
-5.1326	7.7512	-28.513	0.15384	-1.8146	-3.9838	4.763	-2.4304	-0.86188	0.63766	-0.56899	0.42086	0.46974	-1.7118	18.945	421.24	-81.176	-170.57	-43.233	-53.927	-70.428	-45.094	-83.553	-79.714	-29.601	12.759	14.725	-90.195
-4.9197	11.359	-26.687	0.53932	-1.5369	-4.3799	2.6466	-2.9388	-0.38742	1.3999	0.26707	0.15252	0.22851	-0.83634	8.5175	144.3	73.015	15.419	11.11	-15.845	-84.657	-20.336	18.978	30.489	33.443	-10.734	-9.6491	35.019
-5.2525	13.141	-22.443	-0.1737	0.26873	-4.5506	1.9524	-2.9137	-2.0903	3.0789	1.3673	-1.2175	1.0886	-0.47482	-13.314	71.296	169.77	-28.521	72.224	-6.8261	-27.766	1.0044	-68.117	67.162	44.009	-54.799	34.403	14.461
-5.7485	10.59	-14.307	-1.5546	-0.87531	-4.3636	2.2428	0.13584	-0.56521	2.2265	3.5889	-0.10149	0.26436	-1.019	-19.841	-102.05	325.45	-55.235	-45.762	7.4769	11.616	121.98	61.005	-34.099	88.863	44.639	-32.969	-21.767
-7.2047	-1.9096	-8.8779	-0.97962	-0.94083	-0.1373	1.57	-0.061225	1.5043	0.63623	2.1996	-0.58154	-2.1915	-0.39323	-58.247	-499.98	217.17	22.998	-2.6208	169.05	-26.911	-7.8826	82.78	-63.609	-55.571	-19.202	-98.233	25.031
-7.7426	-9.1575	-1.9067	-7.0151	-1.8236	0.99647	2.5311	0.87342	0.085985	2.2234	1.052	1.6825	-2.0527	-0.96394	-21.517	-289.92	278.85	-241.42	-35.313	45.351	38.441	37.386	-56.732	63.485	-45.903	90.56	5.5485	-22.829
-7.5334	-7.366	-5.1898	-6.646	-5.1008	-1.9204	1.4816	-0.5194	2.1304	1.7409	0.88168	1.4058	-0.87362	-0.75846	8.3702	71.657	-131.33	14.765	-131.09	-116.68	-41.98	-55.713	81.778	-19.296	-6.8148	-11.066	47.165	8.2193
-6.991	-5.453	-8.1225	-11.856	-3.7616	-1.3602	-0.20945	-0.4125	1.1877	-2.1058	1.163	0.78274	-1.7737	1.4137	21.696	76.521	-117.31	-208.4	53.567	22.411	-67.64	4.276	-37.709	-153.87	11.253	-24.923	-36.002	86.888
-6.5914	-0.55838	-7.1809	-13.931	-3.8858	-6.6942	0.24973	2.4067	2.035	-1.839	1.5732	3.1799	-0.54933	3.0234	15.986	195.79	37.666	-83.007	-4.9675	-213.36	18.367	112.77	33.892	10.67	16.409	95.888	48.974	64.388
-6.2747	-2.2004	-8.3587	-13.056	-1.2357	-3.6277	0.021805	1.9739	2.7256	-1.6978	1.0662	3.2757	-0.66251	3.6276	12.665	-65.679	-47.114	35.012	106	122.66	-9.1172	-17.312	27.624	5.6502	-20.282	3.8296	-4.5274	24.168
-6.4496	1.591	-8.4372	-11.227	-3.7438	-4.8232	-0.57979	3.5722	2.8127	-2.4176	0.49682	3.3851	-2.3229	3.6972	-6.9943	151.66	-3.1418	73.138	-100.33	-47.818	-24.064	63.932	3.4846	-28.796	-22.774	4.3768	-66.414	2.7832
-6.4953	1.1863	-6.2163	-9.4419	-3.3326	-3.8788	-0.30671	1.7796	2.1461	-1.0952	0.12977	2.4258	-2.832	2.9799	-1.829	-16.19	88.838	71.418	16.447	37.776	10.923	-71.706	-26.663	52.898	-14.682	-38.374	-20.365	-28.694
-6.9262	-5.2415	-0.58058	-7.7841	-3.9874	-3.4527	1.2442	1.251	1.1118	-2.2327	-1.203	0.20694	-1.8566	3.3304	-17.234	-257.11	225.43	66.312	-26.19	17.045	62.037	-21.142	-41.372	-45.498	-53.311	-88.753	39.014	14.02
-7.3558	-16.482	-2.0071	-9.0911	-4.8105	-4.113	1.9552	1.8217	1.2996	-1.431	-2.2511	-0.010244	-1.1245	2.1315	-17.185	-449.6	-57.06	-52.281	-32.925	-26.416	28.44	22.829	7.5112	32.066	-41.925	-8.6873	29.286	-47.956
-8.2284	-27.713	-1.9501	-8.7854	-4.739	-2.4327	4.0242	5.3896	1.561	0.33283	-0.61136	-1.1049	-0.078284	3.2972	-34.904	-449.27	2.2793	12.229	2.8627	67.213	82.762	142.71	10.456	70.554	65.591	-43.785	41.848	46.63
-6.4046	-23.039	7.0078	0.67559	-2.4426	-1.3056	2.7424	3.0558	1.355	1.7802	0.58231	-0.8568	0.8961	2.4595	72.951	186.95	358.32	378.44	91.853	45.086	-51.275	-93.353	-8.2401	57.895	47.747	9.923	38.975	-33.508
-2.6713	7.9167	20.685	-3.7444	-8.5531	-3.4735	0.18347	1.3513	0.035132	3.3923	0.27101	-1.8094	1.5744	2.9968	149.33	1238.2	547.09	-176.8	-244.42	-86.715	-102.36	-68.181	-52.796	64.486	-12.452	-38.103	27.131	21.492
-1.924	19.27	19.547	-6.9448	-9.4053	-2.8268	-1.6481	2.6965	-0.56983	2.9692	0.80665	-1.8218	2.014	2.6796	29.891	454.14	-45.531	-128.02	-34.088	25.867	-73.263	53.81	-24.198	-16.924	21.426	-0.49778	17.584	-12.689
-1.6655	21.7	19.339	-8.1194	-9.4854	-2.3752	-2.7541	4.0526	-1.8311	3.3458	0.17305	-0.9928	1.5038	1.9807	10.34	97.212	-8.3087	-46.982	-3.203	18.063	-44.238	54.245	-50.451	15.063	-25.344	33.161	-20.406	-27.955
-1.6085	22.958	19.32	-9.0767	-8.8532	-1.8708	-2.7818	3.9956	-1.94	2.4839	1.2442	-1.3269	1.2469	2.5561	2.2796	50.29	-0.76009	-38.292	25.288	20.176	-1.1087	-2.2796	-4.3544	-34.477	42.845	-13.365	-10.279	23.016
-1.5033	22.748	19.273	-8.9708	-8.5887	-1.6001	-2.2347	3.7343	-2.2512	2.5201	1.233	-0.7892	0.67546	2.789	4.21	-8.3793	-1.897	4.2364	10.581	10.83	21.881	-10.454	-12.448	1.4489	-0.4474	21.509	-22.856	9.3127
-1.6286	22.1	18.97	-8.193	-8.9497	-1.8722	-1.9298	3.8393	-2.2381	1.8508	1.6123	-0.76746	0.82337	2.1273	-5.0132	-25.932	-12.09	31.112	-14.44	-10.886	12.196	4.1987	0.52176	-26.772	15.173	0.86944	5.9165	-26.466
-1.9269	20.88	17.973	-6.6117	-8.7238	-2.6573	-1.6085	4.3821	-2.7084	1.4945	2.1199	-1.1702	0.9535	2.277	-11.934	-48.787	-39.886	63.25	9.035	-31.403	12.852	21.712	-18.811	-14.253	20.304	-16.11	5.2052	5.989
-2.4609	16.259	17.053	-3.5483	-9.2152	-2.7332	-1.0427	3.9239	-3.3186	1.9182	2.6183	-2.433	1.1505	2.8	-21.359	-184.86	-36.812	122.54	-19.655	-3.0358	22.633	-18.327	-24.41	16.949	19.934	-50.51	7.8799	20.918
-3.4309	7.6453	15.409	-0.93353	-7.0297	-2.3273	-0.19757	2.0827	-2.6227	2.2717	2.5908	-2.8595	1.2514	2.8188	-38.801	-344.54	-65.748	104.59	87.419	16.236	33.806	-73.645	27.837	14.139	-1.0992	-17.061	4.0377	0.75228
-4.4973	-3.693	14.497	-0.43587	-4.7828	0.011601	1.5918	1.8616	-2.107	3.2411	2.1976	-2.1779	0.62537	2.7224	-42.656	-453.53	-36.508	19.906	89.875	93.555	71.577	-8.8459	20.629	38.774	-15.729	27.264	-25.043	-3.8543
-5.3326	-8.6603	11.635	-0.2992	-2.7941	2.5026	4.8591	1.5866	-0.6742	2.5135	0.61992	-2.6224	1.1796	1.8153	-33.412	-198.69	-114.48	5.4669	79.548	99.641	130.69	-11.001	57.312	-29.104	-63.107	-17.782	22.167	-36.287
-5.5844	-5.5693	9.4406	-0.48887	-1.6728	2.6514	5.1882	1.067	-0.18842	1.0269	-0.074001	-2.3669	1.0843	2.965	-10.072	123.64	-87.763	-7.5866	44.852	5.9498	13.164	-20.785	19.431	-59.461	-27.757	10.22	-3.8101	45.988
-5.6843	-7.771	10.648	-1.5517	-3.1024	4.5234	3.4056	2.2709	0.087152	-0.23307	1.6476	-3.7678	2.3238	2.3899	-3.9957	-88.068	48.296	-42.514	-57.184	74.879	-71.302	48.156	11.023	-50.401	68.865	-56.033	49.579	-23.003
-5.7452	-6.1456	9.8102	-2.3397	-3.4765	5.1673	2.395	2.7586	0.45301	-0.97079	1.4699	-3.3829	3.1334	2.1923	-2.4344	65.018	-33.513	-31.517	-14.962	25.758	-40.427	19.511	14.634	-29.509	-7.1102	15.394	32.384	-7.9046
-5.8479	-6.466	8.9155	-1.7936	-2.9659	4.7418	2.2733	1.9232	0.053259	-0.71059	0.48209	-1.9554	2.9375	3.0693	-4.1065	-12.819	-35.786	21.844	20.422	-17.021	-4.8665	-33.419	-15.99	10.408	-39.511	57.1	-7.8362	35.081
-5.2525	-5.5155	8.7858	-0.86209	-4.0785	3.329	2.7547	1.394	0.5529	-0.41363	-0.39265	-1.9095	2.111	2.6533	23.814	38.022	-5.1886	37.259	-44.503	-56.509	19.255	-21.166	19.986	11.879	-34.99	1.8376	-33.059	-16.641
-4.6764	9.5533	10.328	-0.31637	-4.9805	0.25989	0.0042463	0.0026088	-0.49541	-0.73187	-0.27003	0.049599	1.2332	2.0259	23.045	602.75	61.706	21.829	-36.079	-122.77	-110.02	-55.656	-41.932	-12.73	4.9046	78.362	-35.111	-25.097
-4.4673	9.3768	12.887	-2.1499	-5.1018	3.584	-2.5228	-0.31716	-1.0319	-1.2905	0.66432	1.3224	1.102	-0.22785	8.3628	-7.0603	102.34	-73.339	-4.8539	132.96	-101.08	-12.791	-21.461	-22.343	37.374	50.912	-5.2504	-90.148
-4.6222	6.9437	11.691	-1.4282	-5.3286	4.9628	-3.25	-0.33488	-0.77412	-0.52719	0.088425	2.129	1.2974	-1.9673	-6.1976	-97.322	-47.843	28.867	-9.0729	55.156	-29.088	-0.70886	10.312	30.53	-23.036	32.266	7.8193	-69.579
-5.3449	-1.4015	9.6705	-0.043028	-3.3567	3.8285	-1.7467	-1.0005	-0.21105	0.22283	-1.2419	2.8916	0.94174	-1.7789	-28.907	-333.81	-80.814	55.406	78.876	-45.375	60.133	-26.627	22.523	30.001	-53.212	30.5	-14.228	7.5386
-5.7957	-7.4822	12.207	0.6555	-3.1601	2.9925	-0.68562	-0.078904	0.06492	-1.2161	-1.2291	2.2619	0.46747	-2.0511	-18.032	-243.23	101.45	27.941	7.8652	-33.437	42.443	36.865	11.039	-57.556	0.51028	-25.185	-18.971	-10.89
-5.431	-4.9217	13.547	-0.10803	-2.3993	1.8952	-0.84219	0.93436	0.26809	-2.6251	-1.0986	4.092	-0.27149	-2.23	14.589	102.42	53.626	-30.541	30.434	-43.893	-6.2628	40.53	8.1266	-56.362	5.2193	73.202	-29.558	-7.1578
-4.7661	3.455	12.878	-1.7246	-1.998	1.622	-1.097	1.4234	-0.48299	-0.93504	-0.40786	4.2123	-0.41348	-2.3153	26.596	335.07	-26.786	-64.664	16.051	-10.929	-10.191	19.562	-30.043	67.603	27.632	4.8124	-5.6797	-3.4095
-4.244	11.454	13.366	-2.2871	-3.7085	1.1139	-2.2798	3.2362	-2.2131	0.097339	1.6712	3.1255	-0.78827	-1.88	20.883	319.94	19.513	-22.5	-68.421	-20.324	-47.313	72.512	-69.205	41.295	83.16	-43.473	-14.992	17.41
-3.6518	18.94	11.74	-3.6844	-1.8394	-2.1887	-1.1444	3.4209	-2.1019	0.045754	2.0846	3.282	-0.74594	-2.2842	23.689	299.47	-65.039	-55.891	74.766	-132.1	45.417	7.3893	4.4471	-2.0634	16.54	6.2632	1.6933	-16.167
-3.4102	20.639	12.045	-5.1981	-2.1888	-1.1913	-2.2334	4.4351	-3.4827	1.6052	1.8387	3.0013	-1.4586	-1.636	9.6621	67.934	12.224	-60.549	-13.976	39.895	-43.561	40.565	-55.23	62.38	-9.8379	-11.228	-28.508	25.926
-3.3062	20.183	14.063	-5.3038	-6.1149	1.2676	-2.1462	3.5721	-2.7269	0.97424	2.6933	2.7178	-2.1152	-1.1951	4.1633	-18.209	80.71	-4.2289	-157.04	98.355	3.4858	-34.518	30.23	-25.24	34.185	-11.344	-26.263	17.636
-3.2979	19.516	13.605	-4.6869	-5.0857	-1.0415	-1.6526	4.5409	-3.358	1.0131	2.661	2.8963	-2.2838	-1.0979	0.32819	-26.69	-18.299	24.678	41.166	-92.361	19.746	38.751	-25.242	1.5525	-1.2914	7.142	-6.7418	3.8899
-3.3412	17.615	13.936	-5.2705	-4.4289	-1.737	-0.99863	4.2235	-3.335	0.60568	3.4016	2.8749	-3.3735	-0.3021	-1.7282	-76.059	13.24	-23.343	26.275	-27.822	26.159	-12.694	0.91912	-16.295	29.622	-0.85662	-43.591	31.832
-3.3798	17.602	14.607	-7.7057	-3.3148	-1.8691	-0.43003	3.5271	-2.6617	0.66167	2.6839	2.6337	-2.0436	-0.55718	-1.5464	-0.52312	26.808	-97.41	44.563	-5.282	22.744	-27.859	26.931	2.2397	-28.708	-9.6488	53.199	-10.203
-3.4688	16.658	14.33	-6.2644	-3.5931	-2.6587	-0.30004	3.8088	-2.7379	1.1813	2.2932	3.1294	-2.4402	-0.43939	-3.5609	-37.751	-11.065	57.651	-11.131	-31.584	5.1993	11.269	-3.0466	20.784	-15.628	19.83	-15.864	4.7116
-3.6039	16.179	15.576	-8.1422	-3.5122	-1.3419	-0.66661	3.1172	-2.1622	1.0714	2.6428	1.9827	-1.6242	-0.35218	-5.4039	-19.131	49.832	-75.109	3.2322	52.669	-14.663	-27.664	23.027	-4.3947	13.983	-45.866	32.639	3.4884
-3.7419	18.461	13.26	-8.7817	-1.2719	-2.0181	-0.61769	2.1544	-1.992	1.8668	2.3362	2.1448	-1.5662	-0.9953	-5.5189	91.277	-92.646	-25.582	89.615	-27.047	1.957	-38.512	6.8066	31.816	-12.262	6.4838	2.3183	-25.725
-3.9673	21.43	9.9598	-8.1973	-0.61371	-1.9921	0.083719	1.1806	-1.9361	3.0878	1.2047	2.6011	-2.0777	-0.94213	-9.0149	118.76	-132	23.377	26.327	1.0423	28.056	-38.953	2.2395	48.841	-45.262	18.25	-20.46	2.1267
-4.1488	21.586	8.3577	-7.5563	0.12324	-1.2963	-0.14489	0.38608	-2.2559	3.6966	1.0286	2.8345	-2.5759	-0.84731	-7.2607	6.2255	-64.084	25.641	29.478	27.831	-9.1442	-31.779	-12.794	24.35	-7.0433	9.3377	-19.926	3.793
-4.3297	13.187	9.7344	-5.0173	1.8313	-1.3	-1.9449	-0.010146	-1.0594	2.2459	1.7611	2.6807	-2.6068	-0.67645	-7.2363	-335.97	55.069	101.56	68.321	-0.15024	-72	-15.849	47.861	-58.026	29.299	-6.1513	-1.2362	6.8345
-4.5868	11.03	9.2309	-4.9493	4.2183	-0.61316	-3.6102	0.33911	-1.5177	2.409	1.2975	2.0918	-1.9868	-0.54364	-10.286	-86.287	-20.139	2.7168	95.481	27.475	-66.613	13.97	-18.332	6.523	-18.542	-23.557	24.8	5.3124
-4.6705	8.373	9.6185	-3.6735	4.1265	-0.13531	-3.3546	-1.1235	-0.8166	1.2356	0.50207	3.7409	-2.9105	0.37074	-3.3453	-106.26	15.504	51.032	-3.6708	19.114	10.222	-58.505	28.043	-46.937	-31.818	65.964	-36.946	36.575
-4.7911	7.7116	8.5786	-3.1136	4.9712	0.99123	-3.7747	-1.7912	-1.2259	1.4045	0.02568	3.8065	-2.8687	-0.27393	-4.8256	-26.454	-41.597	22.398	33.788	45.062	-16.804	-26.707	-16.372	6.7548	-19.056	2.6232	1.669	-25.787
-5.1196	3.9205	8.4094	-1.5431	4.8595	1.1957	-2.5601	-1.8248	-1.3369	1.2552	-0.11369	2.6553	-2.6233	-1.4104	-13.14	-151.64	-6.7686	62.821	-4.4694	8.1777	48.586	-1.345	-4.4403	-5.9713	-5.5747	-46.049	9.8157	-45.458
-5.658	-4.9906	8.2954	1.5599	4.1839	2.4212	-2.0013	-1.6001	-1.2453	0.35312	-1.099	2.5914	-2.4586	-0.93817	-21.537	-356.44	-4.5604	124.12	-27.023	49.02	22.351	8.9887	3.6646	-36.083	-39.411	-2.5547	6.5883	18.889
-6.253	-7.0214	0.030893	3.2944	5.6921	2.5969	0.69096	-3.9169	-0.98751	-1.1494	-0.15181	1.6586	-2.2132	-1.174	-23.799	-81.231	-330.58	69.382	60.326	7.0296	107.69	-92.671	10.311	-60.1	37.886	-37.314	9.8186	-9.4322
-6.9079	-2.0168	-10.558	6.5918	3.4343	1.581	2.8671	-4.9124	-2.1433	-0.54282	0.10254	0.49679	-1.4279	-0.11025	-26.196	200.18	-423.55	131.89	-90.31	-40.637	87.047	-39.82	-46.231	24.263	10.174	-46.471	31.409	42.549
-6.5601	0.86598	-18.666	3.6381	2.4157	-2.0543	4.4506	-3.5557	0.71842	1.9533	0.44845	-0.57713	-0.24344	0.94118	13.911	115.31	-324.33	-118.14	-40.743	-145.41	63.338	54.269	114.47	99.846	13.836	-42.957	47.38	42.057
-5.8668	4.1517	-23.573	1.5892	0.09422	-3.6885	3.1723	-2.7225	2.0223	2.5335	1.6587	0.51201	-0.97811	0.094801	27.734	131.43	-196.27	-81.958	-92.861	-65.367	-51.131	33.326	52.157	23.206	48.41	43.566	-29.387	-33.855
-5.4325	7.8664	-25.697	0.38567	-0.51574	-5.218	2.5823	-1.5657	1.024	1.8226	-0.22923	0.86423	-0.032135	-0.3524	17.371	148.59	-84.956	-48.141	-24.398	-61.177	-23.601	46.272	-39.934	-28.437	-75.517	14.089	37.839	-17.888
-5.4818	8.008	-26.191	0.080586	-0.90906	-2.886	4.4654	-2.0747	-0.2621	2.2619	0.98598	-0.21287	0.19411	-0.18439	-1.9715	5.6637	-19.758	-12.203	-15.733	93.279	75.327	-20.358	-51.444	17.575	48.608	-43.084	9.0497	6.7202
-6.0753	5.8681	-22.126	0.5771	0.11691	-3.7095	0.58288	-2.6275	0.75537	1.1143	1.9542	0.28183	-0.33987	-1.2173	-23.741	-85.595	162.57	19.86	41.039	-32.941	-155.3	-22.116	40.699	-45.907	38.729	19.788	-21.359	-41.316
-7.2649	-5.1078	-16.687	-4.2276	2.2675	-2.0789	-0.079481	-2.4196	2.2364	1.3962	1.138	0.96564	-0.91521	0.59701	-47.582	-439.04	217.57	-192.19	86.024	65.224	-26.494	8.3181	59.242	11.275	-32.649	27.353	-23.014	72.572
-9.1428	-31.393	-16.868	-2.7365	-0.88886	-3.5047	3.4609	-0.49497	3.4288	1.616	-1.2767	1.9772	-0.38878	1.0287	-75.118	-1051.4	-7.2375	59.644	-126.26	-57.031	141.61	76.985	47.696	8.7937	-96.587	40.461	21.057	17.269
-10.438	-34.144	-14.09	-3.4068	-3.3441	-4.3305	4.2175	-0.6419	3.2991	1.0771	-2.6906	2.171	-0.16062	1.3263	-51.812	-110.04	111.11	-26.809	-98.211	-33.034	30.267	-5.8772	-5.1876	-21.557	-56.557	7.7537	9.1262	11.902
-10.992	-47.435	-14.507	-0.25035	-2.7631	-3.2343	3.2362	-1.9429	3.6268	0.79639	-2.7374	1.7347	1.268	0.9218	-22.159	-531.62	-16.651	126.26	23.24	43.848	-39.253	-52.039	13.108	-11.227	-1.8717	-17.454	57.145	-16.18
-11.224	-53.432	-10.844	1.2319	-1.0524	3.2464	3.0136	-1.1235	2.087	0.24941	-1.3539	1.4133	1.7244	0.95793	-9.2579	-239.89	146.5	59.289	68.428	259.23	-8.9042	32.773	-61.594	-21.879	55.339	-12.855	18.255	1.4453
-9.2131	-53.927	-6.9903	1.1983	1.7966	6.6987	6.1806	0.63368	1.3918	0.78598	0.28266	1.8218	0.9576	0.6089	80.418	-19.813	154.16	-1.343	113.96	138.09	126.68	70.289	-27.805	21.463	65.464	16.338	-30.67	-13.961
-8.3094	-39.256	2.3484	5.1096	1.9789	4.932	4.4955	1.5025	1.4043	0.61849	-1.8676	1.2165	0.72328	-0.68733	36.147	586.83	373.54	156.45	7.2897	-70.666	-67.402	34.751	0.49977	-6.6999	-86.011	-24.21	-9.3728	-51.85
-7.8414	-26.835	5.5663	1.431	-0.027922	5.7729	1.8529	0.62622	1.2736	-0.28769	-3.007	-0.43936	0.87448	-0.16466	18.72	496.87	128.72	-147.14	-80.272	33.636	-105.71	-35.05	-5.2282	-36.247	-45.576	-66.235	6.0479	20.907
-7.6658	-29.179	3.6675	3.4883	1.3903	5.3015	2.2843	2.467	1.9014	0.042499	-2.7838	-0.45712	0.034377	0.75433	7.0263	-93.768	-75.954	82.294	56.728	-18.857	17.259	73.632	25.112	13.208	8.9292	-0.71017	-33.604	36.76
-7.6859	-34.565	4.467	5.7635	3.6418	3.1844	2.0187	2.368	3.3121	1.2565	-5.0227	-0.18698	0.73228	-0.65318	-0.80731	-215.44	31.984	91.008	90.06	-84.684	-10.627	-3.9595	56.426	48.561	-89.556	10.805	27.916	-56.301
-7.601	-33.547	4.2296	5.1734	3.9813	3.2448	3.003	1.9608	3.671	1.5733	-4.8295	-0.14698	0.11091	-1.1368	3.3963	40.717	-9.4973	-23.605	13.579	2.4171	39.372	-16.289	14.355	12.673	7.7273	1.6002	-24.855	-19.346
-7.447	-32.249	4.3644	5.4153	3.0555	3.9425	2.7074	2.4174	4.0826	0.58968	-4.1811	-0.16158	-0.40229	-0.66217	6.1627	51.917	5.393	9.6743	-37.031	27.905	-11.821	18.264	16.467	-39.347	25.936	-0.58399	-20.528	18.987
-7.1211	-30.183	4.1905	5.7129	4.2372	1.8034	3.6893	2.6031	4.1789	1.6127	-5.7828	-0.38469	0.27703	-1.3478	13.035	82.645	-6.9566	11.906	47.268	-85.561	39.276	7.4253	3.8509	40.922	-64.068	-8.9243	27.173	-27.424
-6.9261	-28.97	6.4944	4.366	3.6766	3.3867	1.7279	3.244	4.6833	0.7562	-5.1249	-0.63378	0.31636	-1.1759	7.8003	48.518	92.156	-53.877	-22.423	63.33	-78.457	25.638	20.175	-34.261	26.314	-9.9637	1.5733	6.8755
-6.7622	-28.554	7.5628	4.4377	3.8405	3.003	2.3337	2.5003	4.4677	0.61497	-4.9147	-0.38401	0.5171	-1.792	6.5556	16.623	42.735	2.8657	6.5557	-15.348	24.231	-29.749	-8.6233	-5.6492	8.4105	9.991	8.0297	-24.646
-4.3623	-6.9858	9.8332	5.007	0.69161	-3.9314	-2.9798	-0.15362	2.4074	2.4258	-0.61831	0.46052	0.11558	-0.49263	95.997	862.75	90.816	22.775	-125.95	-277.38	-212.54	-106.16	-82.413	72.435	171.85	33.781	-16.061	51.975
-3.6709	8.5329	11.267	3.614	-2.7484	-6.9401	-4.6795	-0.48781	2.2829	1.903	-0.092991	-0.14752	0.018744	0.58083	27.656	620.75	57.354	-55.722	-137.6	-120.35	-67.99	-13.368	-4.9779	-20.912	21.013	-24.321	-3.8735	42.939
-3.1072	7.5284	16.184	-2.1449	-2.6535	-7.5987	-3.7253	3.6817	1.4734	2.7523	-0.82564	-0.17879	0.6103	0.12675	22.547	-40.182	196.68	-230.36	3.7953	-26.344	38.167	166.78	-32.383	33.971	-29.306	-1.251	23.662	-18.163
-2.6877	9.4061	17.534	-1.9682	-5.2942	-7.758	-2.3349	4.4219	1.5364	1.4405	-0.1149	-0.47675	0.6638	0.89865	16.782	75.11	54.003	7.0694	-105.63	-6.3742	55.616	29.61	2.5226	-52.471	28.43	-11.918	2.1399	30.876
-2.541	12.552	17.809	-3.7493	-6.0953	-7.6214	-0.78173	3.5591	1.0301	1.8889	-0.83308	-0.33193	0.79268	0.87495	5.8668	125.84	10.984	-71.243	-32.044	5.466	62.128	-34.513	-20.255	17.937	-28.727	5.7925	5.1553	-0.94833
-2.4168	11.74	19.026	-4.6149	-6.8148	-7.5594	-0.30996	3.5005	-0.057069	2.5293	-0.85885	-0.51785	0.69483	1.3429	4.9681	-32.498	48.688	-34.625	-28.778	2.4806	18.871	-2.3425	-43.485	25.613	-1.031	-7.4365	-3.9143	18.719
-2.3872	13.035	18.777	-4.8656	-7.7322	-6.4559	-0.54833	2.233	0.33172	2.5496	-1.0321	-0.66183	0.85199	1.8927	1.1825	51.815	-9.9553	-10.028	-36.696	44.137	-9.5351	-50.702	15.552	0.81229	-6.9299	-5.7595	6.2867	21.992
-2.1103	10.831	21.311	-6.1933	-7.9161	-5.3138	-1.3606	2.0192	-0.15756	2.4125	-0.089611	-1.5179	1.3915	2.9138	11.077	-88.154	101.37	-53.107	-7.3584	45.685	-32.489	-8.5486	-19.571	-5.4842	37.7	-34.242	21.581	40.843
-2.2272	12.471	21.445	-7.1548	-7.6457	-5.6527	-0.55301	0.83186	-0.42219	2.7723	0.039338	-2.1549	2.3196	2.1364	-4.6755	65.587	5.3543	-38.46	10.817	-13.554	32.302	-47.495	-10.585	14.395	5.158	-25.48	37.123	-31.095
-2.0308	13.725	21.503	-7.2895	-8.5337	-4.3617	-0.58015	0.21282	-0.71215	2.76	0.94249	-2.2014	1.611	2.4704	7.8567	50.152	2.3152	-5.3864	-35.521	51.638	-1.0854	-24.762	-11.599	-0.49476	36.126	-1.8624	-28.346	13.361
-2.0863	14.956	20.414	-6.3849	-8.9577	-3.7226	-0.74208	-0.25104	-0.6645	2.5892	1.0725	-1.7564	1.3652	1.3418	-2.2218	49.262	-43.581	36.181	-16.959	25.565	-6.4774	-18.554	1.9062	-6.8308	5.1985	17.801	-9.8298	-45.146
-2.122	12.63	21.879	-5.5201	-10.199	-1.7877	-1.5569	-0.74268	-0.24928	2.4509	0.56725	-0.71314	0.60971	1.2402	-1.4252	-93.04	58.608	34.591	-49.655	77.395	-32.591	-19.666	16.609	-5.5333	-20.208	41.731	-30.22	-4.0659
-2.0707	13.038	21.942	-6.1116	-9.3912	-1.811	-1.7257	-0.85931	-0.41896	1.3657	1.2025	-0.79987	0.28496	0.95569	2.0507	16.31	2.5326	-23.657	32.313	-0.93417	-6.7539	-4.6655	-6.7871	-43.406	25.41	-3.469	-12.99	-11.379
-2.283	13.354	21.561	-4.8633	-8.9927	-1.943	-1.2498	-0.77727	-0.89007	0.41054	1.3615	-1.2558	0.47785	1.2131	-8.4944	12.639	-15.261	49.931	15.942	-5.2778	19.036	3.2817	-18.844	-38.207	6.358	-18.239	7.7156	10.298
-2.4049	10.49	22.147	-4.1042	-8.522	-0.68471	-1.6199	0.27007	-2.737	0.37875	1.0285	-1.8678	0.35946	1.6595	-4.8741	-114.57	23.457	30.365	18.826	50.331	-14.804	41.894	-73.877	-1.2717	-13.317	-24.477	-4.7355	17.854
-2.9808	7.6788	21.859	-2.3532	-8.4641	-0.14697	-0.8189	0.44777	-2.793	-0.56204	0.77108	-2.4881	0.26274	2.68	-23.036	-112.44	-11.502	70.038	2.3193	21.509	32.041	7.1083	-2.2411	-37.632	-10.298	-24.814	-3.8687	40.82
-3.4831	2.2134	20.812	-0.27672	-8.0467	-0.4042	0.075858	-0.034348	-1.784	-1.3785	0.71094	-2.4986	-0.71086	3.4951	-20.09	-218.62	-41.909	83.06	16.694	-10.289	35.79	-19.285	40.359	-32.658	-2.4054	-0.41834	-38.944	32.603
-4.6241	-3.8714	14.618	2.4463	-5.6172	-1.7452	1.7905	-0.78853	-0.22636	-1.0769	-0.65879	-2.2739	-0.37778	3.2366	-45.64	-243.39	-247.74	108.92	97.182	-53.641	68.584	-30.167	62.307	12.063	-54.789	8.989	13.323	-10.336
-5.9871	-7.0749	5.7509	3.5901	-2.9275	-0.50409	1.1911	-0.58555	0.7708	-2.2315	-1.4745	-0.48635	-1.0595	1.7418	-54.522	-128.14	-354.69	45.753	107.59	49.646	-23.975	8.1192	39.886	-46.182	-32.628	71.5	-27.27	-59.794
-6.9623	-8.8734	0.95867	2.1962	-0.15747	-0.94638	0.5921	-0.48555	0.56608	-1.0523	0.48148	-1.9796	0.089464	1.4893	-39.01	-71.941	-191.69	-55.754	110.8	-17.692	-23.959	3.9998	-8.1887	47.166	78.239	-59.732	45.959	-10.102
-7.7961	-10.207	-2.559	1.8644	1.2357	-0.84223	0.71834	-1.0101	1.6755	-0.75472	-0.66179	-0.399	0.86156	0.40591	-33.349	-53.345	-140.71	-13.274	55.725	4.1659	5.0498	-20.98	44.377	11.904	-45.731	63.226	30.884	-43.334
-7.8312	-9.3968	-1.9179	0.4695	-0.32446	0.5414	0.66182	-0.32038	1.5439	-1.3905	0.54612	-0.96773	0.30446	0.28632	-1.4073	32.407	25.645	-55.794	-62.404	55.345	-2.261	27.587	-5.2624	-25.432	48.316	-22.749	-22.284	-4.7835
-7.5022	-9.4352	-0.094843	-0.37108	-0.15215	0.38121	1.3423	-1.7841	0.6507	-0.29265	-0.12321	-0.6177	-0.20226	1.0332	13.161	-1.5333	72.923	-33.624	6.8924	-6.4076	27.22	-58.548	-35.73	43.915	-26.773	14.001	-20.269	29.876
-6.4732	-8.3826	4.2955	2.0273	0.065994	-3.4763	-0.11008	-0.86721	0.87603	0.75913	-0.219	-1.1723	-0.2655	0.91552	41.163	42.101	175.61	95.936	8.7256	-154.3	-58.095	36.675	9.0132	42.071	-3.8315	-22.185	-2.5296	-4.7081
-5.2881	-3.7847	9.3911	1.8443	0.33746	-4.2486	-2.4081	1.5425	0.68544	-1.1835	-0.77396	-1.7496	1.2115	0.0052916	47.4	183.92	203.83	-7.3202	10.859	-30.894	-91.923	96.39	-7.6234	-77.704	-22.198	-23.091	59.079	-36.409
-4.5005	2.7342	11.582	1.9842	0.92574	-7.8105	-2.5394	2.9795	-0.19846	0.20519	-2.7285	-1.0795	2.7516	-0.50425	31.505	260.76	87.622	5.5956	23.531	-142.47	-5.2507	57.478	-35.356	55.546	-78.181	26.804	61.605	-20.382
-4.0663	2.6858	13.056	3.7626	-0.21	-7.9058	-2.5202	2.3051	-0.31564	-0.47189	-2.1156	-1.1662	2.8531	-0.78618	17.369	-1.937	58.973	71.137	-45.429	-3.8103	0.77011	-26.977	-4.6872	-27.083	24.517	-3.4686	4.0605	-11.277
-4.0833	1.5448	12.683	5.6839	-0.866	-6.9062	-3.2999	2.3416	0.18572	-0.63179	-3.2309	-0.71202	2.5797	-1.3017	-0.68103	-45.64	-14.907	76.852	-26.24	39.981	-31.189	1.4599	20.054	-6.3959	-44.612	18.168	-10.937	-20.622
-4.257	-2.3957	10.668	8.3311	0.98212	-7.692	-2.9407	1.8623	0.22714	-0.23128	-3.3696	-1.5026	2.4673	-1.8964	-6.9458	-157.62	-80.607	105.89	73.925	-31.43	14.367	-19.168	1.6571	16.02	-5.5509	-31.623	-4.4965	-23.787
-4.35	-3.1534	10.882	8.7912	0.19223	-6.8553	-2.8285	1.4711	0.53218	-1.277	-1.9588	-2.2688	2.4167	-2.4073	-3.7203	-30.309	8.5381	18.403	-31.596	33.466	4.4896	-15.651	12.202	-41.829	56.432	-30.649	-2.0237	-20.436
-4.3385	-2.4392	11.984	6.981	0.92822	-6.8834	-2.4025	1.4655	-0.010811	-0.91335	-2.6569	-1.771	2.1694	-2.3815	0.45745	28.568	44.099	-72.406	29.439	-1.122	17.04	-0.22253	-21.72	14.546	-27.922	19.911	-9.8924	1.0339
-4.3958	-5.9557	12.9	6.9917	0.70525	-7.2688	-1.9648	2.127	-0.28647	-1.3348	-3.0898	-0.70684	1.4174	-2.4085	-2.2912	-140.66	36.65	0.42538	-8.9186	-15.415	17.507	26.458	-11.026	-16.856	-17.318	42.568	-30.08	-1.0832
-4.5018	-4.1513	11.669	6.2363	0.60155	-6.9158	-1.3187	2.5491	-0.60114	-0.93229	-4.0105	-0.63884	1.2855	-1.5716	-4.241	72.174	-49.263	-30.216	-4.1481	14.12	25.845	16.887	-12.587	16.099	-36.828	2.7199	-5.2735	33.476
-4.537	-3.066	11.505	5.3515	1.6971	-7.0491	-1.6052	1.8551	0.15837	-1.2171	-3.8748	-0.25784	1.8452	-1.8604	-1.4077	43.414	-6.5461	-35.39	43.821	-5.3329	-11.461	-27.761	30.381	-11.393	5.4294	15.24	22.385	-11.552
-4.4061	1.2668	12.062	3.6984	1.087	-7.9227	-1.073	1.2557	0.39184	-2.1069	-2.6935	1.0551	1.3403	-0.98445	5.2373	173.31	22.274	-66.124	-24.404	-34.946	21.287	-23.975	9.3388	-35.592	47.251	52.517	-20.195	35.04
-4.3923	6.3439	10.499	2.3686	0.66782	-8.1132	0.90004	1.5361	-0.25644	-3.4047	-2.6792	3.7352	1.2637	-1.2841	0.55291	203.09	-62.518	-53.193	-16.766	-7.6169	78.922	11.217	-25.931	-51.914	0.57436	107.2	-3.0632	-11.987
-4.3963	1.5442	12.775	1.5128	1.7646	-7.0977	-0.85882	2.1372	-0.099731	-3.6015	-2.0966	4.2887	-0.20708	-0.4009	-0.16069	-191.99	91.038	-34.231	43.872	40.618	-70.355	24.043	6.2684	-7.8682	23.303	22.141	-58.832	35.329
-4.597	4.4932	10.504	2.0536	0.90999	-6.8897	0.9546	1.1992	-0.61289	-3.1669	-1.0714	3.9811	-0.80905	-0.59046	-8.0297	117.96	-90.832	21.631	-34.185	8.3207	72.537	-37.521	-20.526	17.382	41.01	-12.305	-24.079	-7.5825
-4.9585	-2.0068	11.432	1.4166	1.7911	-3.5529	-1.1268	1.2453	-0.54328	-2.5915	0.067677	2.3614	-0.32768	-0.67799	-14.459	-260	37.115	-25.482	35.242	133.47	-83.255	1.8446	2.7845	23.016	45.561	-64.79	19.255	-3.5013
-5.7017	-2.3553	10.015	-0.6747	1.2314	-2.1014	-0.30413	2.3368	-2.0871	-2.7564	0.77627	3.4058	-0.21051	-1.9662	-29.729	-13.941	-56.674	-83.651	-22.386	58.059	32.905	43.659	-61.754	-6.5947	28.344	41.778	4.687	-51.526
-6.7576	-16.026	3.7673	1.1675	-0.60334	-0.95798	1.2733	0.67651	-1.2308	-1.7728	1.6804	3.8599	-0.29999	-1.7651	-42.233	-546.82	-249.91	73.689	-73.389	45.736	63.098	-66.412	34.252	39.343	36.165	18.163	-3.5794	8.0404
-7.9104	-5.9183	-11.615	-0.52249	-3.9738	0.12937	2.362	-3.5899	-0.31017	-0.16075	0.064692	0.72317	0.29869	0.71573	-46.114	404.3	-615.3	-67.6	-134.82	43.494	43.546	-170.66	36.827	64.482	-64.628	-125.47	23.947	99.235
-7.3911	0.30965	-17.551	-1.33	-3.9446	-1.3585	1.7222	-3.1118	0.1276	-0.052163	0.31038	0.26282	-1.5288	-0.35406	20.774	249.12	-237.44	-32.302	1.1691	-59.513	-25.589	19.124	17.511	4.3434	9.8276	-18.414	-73.099	-42.791
-6.4677	-4.6233	-26.552	1.1802	-3.5113	-0.74221	1.3802	-2.8238	-2.4714	0.92324	0.20758	-0.86933	-0.22655	-0.15173	36.935	-197.32	-360.03	100.41	17.332	24.65	-13.681	11.518	-103.96	39.016	-4.1121	-45.286	52.09	8.093
-5.8178	3.1251	-28.244	0.59216	-3.6678	-1.1918	3.1447	-1.0488	-0.72276	2.1412	-0.8905	0.84326	0.73919	-0.65585	25.998	309.94	-67.686	-23.521	-6.2615	-17.985	70.58	71	69.945	48.718	-43.923	68.504	38.63	-20.165
-5.0381	7.0842	-28.464	2.8638	-3.2022	-3.4272	1.4992	-1.4461	-1.521	2.6974	-0.89027	0.81968	-0.94319	0.7572	31.187	158.37	-8.809	90.865	18.627	-89.414	-65.82	-15.89	-31.928	22.249	0.0091971	-0.94357	-67.295	56.522
-4.78	9.7234	-28.508	3.6093	-0.83345	-1.2392	4.1616	0.56703	0.85504	3.6687	-2.3113	0.86433	0.028565	0.54622	10.322	105.57	-1.7688	29.82	94.748	87.518	106.5	80.523	95.041	38.851	-56.841	1.7863	38.87	-8.4389
-4.7357	9.2351	-28.383	2.5775	-1.9264	-1.5571	3.405	0.030476	0.90317	4.241	-1.644	-0.072589	-1.7111	-0.78847	1.7743	-19.532	5.0208	-41.27	-43.718	-12.714	-30.261	-21.462	1.925	22.893	26.691	-37.477	-69.586	-53.388
-4.8775	12	-27.766	1.699	-4.6037	-2.6242	2.21	-2.5446	-1.1853	2.8465	-0.56026	0.43459	-0.65149	-1.0625	-5.6726	110.59	24.687	-35.141	-107.09	-42.684	-47.803	-103	-83.54	-55.778	43.351	20.287	42.383	-10.96
-5.1816	12.988	-26.367	1.0476	-2.9509	-0.46732	1.3232	0.18545	-0.33519	2.0849	0.75734	-1.203	1.169	0.17397	-12.165	39.508	55.948	-26.057	66.111	86.274	-35.469	109.2	34.006	-30.467	52.704	-65.504	72.818	49.457
-5.6201	9.6709	-26.741	-1.3376	-3.4795	-1.1349	1.0141	-1.8312	-0.041825	0.14341	1.2624	-0.25345	0.89	0.73064	-17.54	-132.66	-14.973	-95.405	-21.146	-26.702	-12.366	-80.666	11.735	-77.658	20.204	37.982	-11.158	22.267
-6.4523	6.4274	-22.199	-1.8019	-1.9889	1.0159	1.5563	-2.5886	2.683	-0.5464	1.1421	0.41537	-0.9162	0.14708	-33.288	-129.74	181.68	-18.571	59.624	86.029	21.689	-30.296	108.99	-27.593	-4.8129	26.753	-72.248	-23.342
-7.028	0.54602	-18.44	0.93068	-1.6569	0.32237	1.9587	-2.5696	2.7806	-1.9594	0.33353	0.76123	-0.70561	-0.44828	-23.027	-235.26	150.4	109.3	13.281	-27.739	16.094	0.7603	3.9034	-56.518	-32.343	13.834	8.4236	-23.815
-7.7963	0.84233	-15.434	1.2986	-2.3233	-1.8203	-0.68218	-1.3836	-0.96584	-3.3984	2.1719	-0.64454	0.024724	-0.13203	-30.731	11.852	120.23	14.718	-26.656	-85.705	-105.63	47.44	-149.86	-57.56	73.533	-56.231	29.213	12.65
-8.4674	-22.414	-15.293	1.5465	-4.5168	0.79189	4.6541	-0.66185	2.2518	-2.7299	-0.52717	0.34449	0.8125	-0.020165	-26.847	-930.24	5.6284	9.9148	-87.741	104.49	213.45	28.87	128.71	26.739	-107.96	39.561	31.511	4.4746
-9.5865	-26.836	-14.652	4.1399	-6.1301	0.36599	2.5657	0.047231	2.1868	-1.5675	0.50517	-0.53786	1.6033	1.1832	-44.762	-176.91	25.626	103.74	-64.529	-17.036	-83.535	28.363	-2.5986	46.497	41.294	-35.294	31.631	48.136
-7.1147	-23.507	0.035852	8.7454	-1.3686	-0.69198	2.6026	-0.70473	1.7599	-2.0838	-1.6939	-1.4222	1.3837	0.79131	98.872	133.17	587.53	184.22	190.46	-42.319	1.4775	-30.078	-17.079	-20.655	-87.963	-35.375	-8.7812	-15.677
-6.6267	-17.823	11.224	7.5884	-4.1213	-2.703	1.6253	1.8609	1.4496	-3.6988	-4.1625	0.5038	0.9603	-0.79964	19.519	227.36	447.52	-46.281	-110.11	-80.442	-39.093	102.62	-12.411	-64.6	-98.743	77.042	-16.937	-63.638
-5.79	-8.4989	6.3306	3.4216	-0.087813	-1.047	2.2972	-0.97749	2.3921	-1.2434	-3.9636	0.05719	-0.63265	1.3005	33.467	372.97	-195.73	-166.67	161.34	66.24	26.875	-113.53	37.702	98.216	7.9539	-17.864	-63.718	84.007
-5.4823	-2.8542	10.952	3.3826	-1.386	-3.1658	1.2705	-0.96118	1.7433	-3.2319	-3.625	2.0583	0.74716	1.0276	12.311	225.79	184.85	-1.5567	-51.926	-84.75	-41.067	0.65262	-25.956	-79.538	13.546	80.043	55.193	-10.918
-5.3296	-7.1097	12.578	0.90338	-0.62848	-1.7539	-1.4372	0.35773	-0.11755	-4.2534	-0.75185	2.6076	0.82854	0.33775	6.1082	-170.22	65.029	-99.17	30.299	56.476	-108.31	52.756	-74.432	-40.86	114.93	21.973	3.2551	-27.594
-5.5548	-11.587	12.11	0.81996	-0.49293	0.60599	-2.8865	-0.76085	-0.86181	-2.467	-0.58206	4.0344	-0.033963	-0.73181	-9.0101	-179.08	-18.718	-3.3367	5.4222	94.394	-57.97	-44.743	-29.77	71.456	6.7914	57.073	-34.5	-42.782
-6.0553	-12.906	11.185	-0.24975	-1.5381	2.5493	-2.5159	-2.1739	-1.6709	-2.0201	0.65406	4.0943	-1.0028	-0.8732	-20.02	-52.764	-36.983	-42.788	-41.807	77.734	14.825	-56.521	-32.365	17.874	49.445	2.3952	-38.753	-5.6554
-6.5361	-17.003	8.8332	0.15959	0.87379	1.3671	-2.1955	-2.8307	-1.4531	-0.98879	1.818	3.9385	-1.7991	-1.0077	-19.233	-163.91	-94.073	16.374	96.476	-47.288	12.816	-26.274	8.713	41.254	46.557	-6.2315	-31.852	-5.379
-7.055	-18.068	8.2145	-1.0997	0.22942	3.018	-2.0168	-3.1434	-1.1695	-0.2816	1.8875	4.0714	-2.798	-0.68805	-20.757	-42.599	-24.748	-50.37	-25.775	66.036	7.1461	-12.505	11.346	28.288	2.7802	5.3147	-39.959	12.785
-7.3282	-21.681	7.6206	-1.6505	0.38666	4.1585	-2.6485	-2.5388	-0.37123	0.067988	2.2438	1.8303	-2.0461	-0.5936	-10.926	-144.5	-23.756	-22.033	6.2899	45.617	-25.269	24.182	31.93	13.983	14.253	-89.643	30.08	3.7782
-7.3867	-19.595	6.5014	-1.5808	1.7642	5.0141	-3.7911	-3.1129	-0.01605	-0.54922	1.0683	0.89597	-0.98329	-0.10807	-2.3405	83.428	-44.769	2.7865	55.1	34.226	-45.702	-22.965	14.207	-24.688	-47.019	-37.373	42.511	19.421
-7.3856	-16.781	4.2558	-2.5529	3.9073	5.9569	-5.115	-2.4918	-0.56256	0.50935	0.80219	0.44696	-2.072	0.53221	0.045973	112.56	-89.825	-38.882	85.725	37.71	-52.955	24.844	-21.86	42.343	-10.646	-17.96	-43.55	25.611
-7.2263	-15.571	3.4527	-2.6397	4.0156	5.986	-4.1786	-1.69	-0.89238	0.7657	0.24227	-0.69866	-1.9157	0.61301	6.3709	48.421	-32.124	-3.4728	4.3313	1.1648	37.456	32.071	-13.193	10.254	-22.397	-45.825	6.254	3.232
-6.9719	-11.719	1.9581	-2.267	6.8357	6.4473	-4.9297	-2.8981	-2.2719	1.5887	0.076653	-0.8735	-1.1042	1.4125	10.175	154.06	-59.782	14.909	112.81	18.452	-30.047	-48.322	-55.181	32.92	-6.6245	-6.9935	32.458	31.98
-7.001	-13.847	1.7257	-1.9303	7.0239	6.713	-6.5923	-2.3342	-2.5769	1.149	0.44994	-1.5135	-0.9436	0.46569	-1.1623	-85.118	-9.2978	13.466	7.5262	10.628	-66.502	22.556	-12.202	-17.589	14.931	-25.601	6.4251	-37.873
-7.5249	-16.503	-1.2338	-1.2809	6.9139	7.5302	-6.2553	-1.9434	-0.091703	1.7837	-1.9616	-1.6302	-0.26482	0.93245	-20.958	-106.26	-118.38	25.977	-4.4002	32.688	13.481	15.63	99.41	25.39	-96.46	-4.6668	27.151	18.671
-7.882	-21.402	-1.3497	-2.7109	6.1354	5.1632	-4.8617	-1.1961	0.061789	3.6896	-1.0829	-0.80457	0.36753	1.3487	-14.284	-195.93	-4.6359	-57.199	-31.14	-94.681	55.741	29.891	6.1397	76.235	35.146	33.025	25.294	16.651
-8.6724	-24.752	-1.7535	-2.1965	6.4313	3.9354	-4.8953	-0.23819	1.9074	2.1633	0.12143	-0.95875	-0.03906	0.36164	-31.616	-134.01	-16.151	20.575	11.838	-49.112	-1.3416	38.318	73.825	-61.054	48.173	-6.1672	-16.263	-39.484
-9.6994	-35.038	-6.187	-6.4376	0.97707	0.96237	-4.7873	-1.9048	3.6749	3.2597	1.6956	0.91775	-1.2171	-0.18807	-41.08	-411.42	-177.34	-169.65	-218.17	-118.92	4.3175	-66.664	70.7	43.859	62.969	75.06	-47.121	-21.988
