-5.53806333333333 0.698453153333333 7.74347333333334 -0.380142333333333 -0.371173333333333 -1.28933673333333 -1.20562953333333 0.55769 0.000413999999999885 -0.534336666666667 -0.477646633333333 0.0250066 -0.232949733333333 0.446208166666667 34.03603 577.639 113.177866666667 -118.104033333333 24.8448266666667 -81.0003333333333 -42.8658666666667 34.8037556666667 -55.748819 8.30082 15.68353 -6.15580866666667 4.56747666666667 0.557886666666665
-6.79247692307692 -2.05707153846154 -7.75180769230769 -6.52178461538461 -1.68837538461538 -0.558426153846154 1.26605615384615 -1.35894615384615 2.00889769230769 -0.497068461538462 -0.247226153846154 0.611792307692308 0.0561553846153846 0.127421538461538 151.5609 1967.69230769231 77.1634615384615 -380.761461538462 38.9071538461538 -162.478538461538 -68.6279230769231 -68.703 -31.8710769230769 -31.7685384615385 16.5860461538462 7.65629230769231 -2.08993076923077 11.1608076923077
-8.47805 -42.8039 -5.951578 6.167229 0.4709564 3.0792072 1.882598 -1.146755 1.736793 -0.1822368 -0.8422914 0.185194 -0.1232086 0.0380213 -124.4103 -1431.47 -152.586794 168.9853 -122.4211 83.5462 108.7317 25.4994 94.9463 -13.2384 -11.08781 21.22074 -10.67981 8.14466
-6.30165576923077 -9.64364538461539 4.70657076923077 2.14932826923077 -0.716843653846154 0.830348903846154 0.226472346153846 -0.681782769230769 0.0333916538461539 -0.368791740384615 -0.331426442307692 0.140145038461538 0.0761547075 -0.261018288461538 -28.6679890384615 -425.070961538462 -53.7779326923077 94.4824615384615 -6.33690153846154 33.4284771153846 3.91407884615385 -19.1181923846154 44.6594380769231 -1.96536384615385 -15.9820846153846 -8.80532846153846 0.35594826923077 3.23052769230769
-5.70414705882353 -1.2696856 2.11775788235294 -0.574713141176471 1.24994929411765 0.188860352941177 -0.487110070588235 -0.0884722705882354 -0.651740117647059 0.614300470588235 -0.113283164705882 -0.126025070588235 -0.182713588235294 -0.22563146 -10.0564957647059 -156.457176470588 -44.0627223529412 43.0642077647059 18.7711338823529 1.72695270588235 1.65969647058823 -9.23758564705883 9.98652588235294 0.565200235294118 -12.9974029529412 -2.94515764705882 -2.71082964705882 -1.53100317647059
-6.15567777777778 0.170339259259259 -8.10719259259259 -0.423180740740741 -1.56283296296296 -0.78686837037037 1.35117555555556 -0.759442407407407 1.14437737037037 -0.510126777777778 0.353223703703704 0.180424259259259 -0.626767259259259 0.104870888888889 -22.3473781481481 -408.071111111111 213.648037037037 -7.50752962962963 43.2134333333333 18.0184133333333 9.73797037037037 22.70941 -22.6357539259259 9.74123333333333 4.26624111111111 10.4873592592593 -7.54166666666667 -1.54249774074074
-5.13810973451328 2.51366557522124 0.805662035398229 0.884406115044248 -1.63165002654867 -1.69298861061947 -0.164826415929204 0.883236477876106 0.681079716814159 -0.127958353982301 0.172846097345133 -0.132007162831858 0.0996494690265487 0.231051139469027 9.2901303539823 198.053840707965 29.6292760176991 -45.0068495575221 -9.47522566371681 -19.4835332743363 -9.12864017699115 10.7326192212389 -7.6042178761062 4.13216010619469 7.58642557522124 -1.99990849557522 8.66600752212389 1.27234566371681
-5.89415294117647 -3.45551725490196 1.35624274509804 0.510410588235294 -1.18668966666667 1.62826959411765 0.64545862745098 -1.11959182352941 -0.381427588235294 -0.2466581 -0.557373294117647 -0.199852955882353 0.424690356862745 0.184116549019608 -12.0411537254902 -213.857137254902 64.6643333333333 48.3187117647059 -99.8374588235294 -0.67861019607843 33.0798880392157 -8.69240829411765 -1.13129176470588 -11.2117254901961 -1.80999411764706 8.65748207843137 -1.28123382352941 6.03850352941176
-4.90389672131148 5.70347010928961 0.717158584699453 -0.93626961748634 0.7359236284153 0.160346783606557 -0.599772333333334 0.368288349726776 -0.631119863387978 0.144327138797814 0.0521096939890711 -0.0727477890710382 0.205965169398907 -0.202332120218579 0.559132355191257 -17.5748201092896 35.1954446994536 7.04644387978142 -12.970671420765 10.0245546994535 4.82474715846995 2.44624661202186 -3.63577797978142 -0.100490666666666 1.84938303387978 2.70172502732241 0.747340163934427 2.52008096174863
-7.24058095238095 -21.9627904761905 -1.12021857142857 2.23182904761905 0.368745714285715 2.54511714285714 1.51630885714286 -2.03322571428571 -0.526445238095238 -0.40173380952381 -0.288597619047619 0.197619761904762 0.0191509523809524 0.0657803333333333 -41.0983714285714 -814.417142857143 -133.017305714286 147.164619047619 -10.4745619047619 72.6652571428571 9.65361428571428 -2.83308571428572 33.7322095238095 -32.375380952381 -1.32634761904762 8.55363333333333 0.0974476190476195 -0.277213809523809
-8.27926551724138 -25.3667482758621 -12.7195731034483 3.28386517241379 -3.43721586206897 2.26512206896552 3.83598517241379 0.262640689655172 1.91777403448276 0.525844827586207 0.849870351724138 0.285610827586207 -0.89228275862069 -0.192536 -14.8915806896552 -90.4230310344827 -127.512068965517 -99.7044551724138 -52.9095551724138 -17.5886986206897 3.52098586206897 36.5311937931035 8.92708586206897 10.5263448275862 3.78702 -10.4609427586207 -3.65629310344827 -13.7577551724138
-5.56416875 8.588138125 1.72517125 -2.217826875 0.50599625 0.25704675 -1.397144375 -0.528585 0.248265 0.00829179375000003 0.62202875 -0.377532375 -0.523998125 0.902500625 75.491200625 1142.321875 198.229375 -91.6390625 76.0766625 -68.77083125 -99.17308125 -17.507875 -65.073035625 -12.45108375 20.21943125 -52.0146875 -14.479155 23.16951875
-8.56126470588235 -27.9184235294118 -12.5361882352941 4.33851117647059 -0.206696764705882 1.87902117647059 2.38202364705882 -0.56799 2.7931 0.234625764705882 -0.488941223529412 0.589277058823529 -0.233947058823529 0.184525588235294 -41.4071647058824 -422.075294117647 -382.592352941177 32.6189705882353 -6.65764705882353 48.4546411764706 66.9801411764706 51.1702941176471 60.4431176470588 33.3799235294118 32.4594929411765 14.9405176470588 -3.02576470588235 -7.39664117647059
-4.96788125 13.15795625 -18.60643125 2.5140225 0.0617668125 -1.160266875 1.405048125 -1.776033125 2.161091875 -0.355596875 0.39533495 0.654025 -0.779314375 -0.0286848125000001 34.459160125 362.49125 -383.906875 98.47615 -64.96348125 -42.9128125 7.8691125 -13.26790625 27.6618125 -13.044568125 1.83668125 18.4997575 0.0804437499999988 4.293348125
-5.42917857142857 3.01384285714286 1.89620714285714 1.81508285714286 3.89081142857143 0.580718214285714 -0.540721857142857 -0.318416428571429 -1.07325071428571 -0.357489285714286 0.1567475 -0.0404421428571428 -0.424962357142857 -0.116341357142857 47.522455 317.369571428571 586.490714285714 -19.8928571428571 155.109678571429 27.8245328571429 -83.9942857142857 6.74414285714286 -104.057642857143 1.51442857142857 -9.72552857142857 -14.6819785714286 17.7593357142857 -7.34555714285714
-4.46099902912622 11.3437597087379 2.71589805825243 -2.11272131067961 1.39535365048544 -0.860938844660194 -0.841177380582524 0.50336575145631 -0.760322883495146 0.0527792621359223 0.134984462135922 0.00108508737864082 0.209964194174757 0.0460042815533981 0.827171650485437 60.0487532038835 -64.9752097087379 -6.59917737864078 49.6205694174757 11.9286423300971 2.92510339805825 -16.8775623300971 1.59234912621359 4.16525944660194 -8.61962631067961 0.980861650485437 -4.39174310679612 -7.13649854368932
