-5.91073260869565 -20.0237576086957 -4.88353260869565 1.93466239130435 0.767063260869565 2.15260608695652 1.56096826086956 0.205230695652174 0.880339869565217 -0.0326234804347826 0.029377804347826 -0.245334673913044 -0.138634405652174 -0.187921847826087 -24.981355673913 -238.566673913044 -136.071891304348 21.6098282608696 32.7140352173913 27.7738369565217 0.0753543478260867 -0.267182608695653 8.18825065217391 0.121248260869566 13.1094652173913 11.5048506521739 11.4027806521739 -2.90798391304348
-4.4692896875 1.63699071875 -11.11763890625 2.3088678125 2.10424375 0.12751875 1.1234571875 -0.35592871875 0.7861905625 0.0162731875 0.498511875 0.0973718625 -0.4684728125 -0.394895103125 8.21828 222.12526625 -245.28903125 -33.810675 -19.0492459375 -47.1390509375 -5.390378125 -16.2041203125 5.038303125 18.6289625 21.27881875 -9.554809375 2.712521875 -2.603284375
-3.1903301443299 4.4217862371134 4.62749769072165 -0.62026324742268 0.0995879226804123 -0.53584465257732 -0.969673444845361 -0.0179773123711341 -0.457865242268041 0.408587087628866 -0.437259907216494 -0.0690513865979382 0.219452437113402 -0.0618374690721649 -2.60375825773196 -46.5188831958763 -6.988925 8.96493051546392 10.0449531443299 -6.47689994845361 4.69697371134021 -7.36792927835051 2.0123006185567 0.664013969072164 -4.61984557731959 -3.04139670103093 -3.32580298969072 1.54511190721649
-5.32751 -8.10431 -2.96047 -2.1734343 0.702967 1.139824 0.0258483 0.746531 0.8437295 -1.1677265 0.325595 -0.031165855 0.17874643 -0.1480129 45.786875 781.406 -39.71605 -143.1270655 5.88164 -57.8846795 -10.259405 -13.958165 -35.575478 -11.16867 4.196483 21.285335 2.50307 -7.218705
-7.524335 -37.6012965 -5.10671 2.419275 -1.1683025 2.6089415 0.8364411 0.4110905 1.6873238 -0.71188085 0.927122 -0.528767 -0.6416039 0.100788 -78.5140915 -660.915 -318.985 32.10608 63.50991 29.622674 2.04068 6.65519 16.671531 -10.08171 13.368555 1.73912 8.096086 -6.570825
-3.69577730769231 7.95495653846154 -6.94862019230769 0.270907884615385 -0.418139807692308 -0.827083134615384 0.303141111538461 -0.949939269230769 -0.064183653846154 -0.553714 0.292895519230769 0.086910423076923 0.157348846153846 -0.0918616546153846 9.21265903846154 80.0390190384615 139.096596153846 -7.04297307692307 2.55723846153846 -0.317211538461539 -39.9986069230769 6.21278923076922 -28.1641384615385 3.21982019230769 1.23983044019231 -7.49276923076923 -2.39020384615385 -6.62643576923077
-4.17150952380952 3.99200714285714 -1.70761214285714 2.52657190476191 1.33418776190476 1.5219019047619 0.421087619047619 -0.219113333333333 0.780753142857143 -1.21059542857143 0.198423295238095 0.0375226666666667 -0.314790428571429 0.408824571428571 35.6001857142857 15.9355238095238 406.34 122.739533333333 87.299619047619 68.4127428571428 -4.3826 11.6929552380952 -22.5185857142857 -24.9359238095238 -18.3224142857143 -16.4715285714286 -20.255480952381 -1.45596190476191
-7.15076875 -40.12030625 0.900223125 0.67591 -1.1251 2.505824375 1.44166 1.12156125 1.098493125 -0.37314525 0.951805 -0.962487038125 -0.6927025625 0.626828 -98.1680625 -1257.286875 -31.48933125 106.736775 -42.9995 72.7101625 36.6985125 20.858611875 64.50309375 -0.632881249999999 -24.6035 -19.1782875 -15.750967875 0.19786875
-4.28807058823529 -7.08143823529412 2.80770882352941 0.271057991176471 -0.053904 1.04044970588235 0.220261970588235 0.354278235294118 0.979416676470588 0.0433667647058823 0.367740882352941 -0.130854905882353 -0.817217147058823 0.406995 -33.8689832352941 -520.957941176471 18.9524405882353 50.59305 1.6043294117647 46.5057841176471 19.0362564705882 29.8442941176471 54.7407529411765 -21.9883676470588 19.6902226470588 -12.9382529411765 -19.9410017647059 8.18613911764706
-4.99303846153846 -1.14782246153846 -14.0068307692308 5.33786230769231 1.88586554615385 -0.142207692307692 3.40590076923077 -1.09130153846154 1.00844246153846 -0.540385384615385 0.377963076923077 0.328183846153846 -0.741494615384615 -0.242380307692308 -14.2877230769231 -136.822230769231 -398.607692307692 116.472846153846 -9.31915384615384 -92.0713846153846 24.3267692307692 12.2503692307692 31.7163076923077 11.2178846153846 7.27065384615384 30.13834 4.80091153846154 4.00758461538462
-6.557175 -18.569125 -3.9581125 -1.56250125 -3.67919125 -0.381535 0.75295 0.978636875 0.87671875 -0.63139875 0.6797725 -0.517825 0.61535425 0.771155 119.33925 1405.5125 234.701875 26.4730375 -20.97855 -52.560375 17.2768375 -10.2811625 -32.5305625 11.98495 -8.743875 -13.8387 21.2005125 1.868625
-2.76841511450382 9.7667572519084 3.0196386259542 -1.61136753435115 -0.939016335877862 -1.17681435114504 -0.23477206870229 0.548950067022901 -1.09550145038168 0.235581680152672 0.148057343511451 0.499521511450382 0.107323173587786 0.00784784732824439 4.1592746259542 111.327809160305 -26.1793138167939 -25.2181651908397 -8.59826696183206 -3.98199916030534 6.72208564122137 0.529099541984731 -0.434192548091603 3.47023435114504 1.48187969465649 9.77290151145038 0.304531297709923 -0.365277007633589
-4.77102727272727 0.717209090909092 -1.04462054545455 0.885562727272727 -2.22413636363636 0.731595818181818 0.0264609090909091 -0.259716363636364 0.236131818181818 -1.12654227272727 1.09716090909091 0.510466363636364 0.251633636363636 0.103974545454545 51.3863818181818 661.89 509.420909090909 -50.7145454545454 -100.320909090909 39.4581818181818 -79.5849727272727 -0.553034545454546 -52.9072727272727 -42.7088181818182 4.75880909090909 -4.00572727272727 -1.63269090909091 -19.5148272727273
-3.52388926829268 6.5861687804878 -0.885282682926829 0.20428243902439 0.155156585365854 -0.490877317073171 -0.284515853658537 -0.256222463414634 0.0912636585365853 -0.535432170731707 -0.222453170731707 0.0518718573170732 0.243492341463415 0.0604387317073171 25.5733219512195 350.965609756098 70.4439141463415 -59.8232195121951 -41.0115280487805 -18.321713902439 -3.22799609756098 -11.9545953658537 -32.0304341463415 7.73619609756097 3.59134146341464 7.28186219512195 10.4953153658537 7.79699243902439
-6.245575 -10.47265 -16.677675 -6.924725 -1.840125 -1.4483925 1.4216775 0.2589725 2.027175 0.370175 0.4401075 -0.30605 0.8020625 1.5864925 236.8645 2615.225 -217.215 -303.94075 -31.3672225 -190.588 37.63675 21.08125 36.47375 60.88025 -52.249 -16.205875 22.1275 49.7811
-3.99390651515152 -0.633384242424243 0.969809242424242 0.441535166666667 0.82301451969697 0.581719575757576 -0.0894517878787879 -0.711171242424243 0.265988878787879 0.486307681818182 -0.592648287878788 -0.375352303030303 0.000701575757575726 -0.113141166666667 -9.43056560606061 -212.001666666667 93.016043939394 8.29613333333333 -19.8193585909091 21.6367990909091 0.248760606060606 4.25995045454546 5.33836515151515 -1.42709090909091 -7.7322153030303 -5.774425 0.0123807727272719 -2.93078121212121
