-4.8976	4.3025	3.6011	1.6596	1.5274	-1.3724	3.4698	0.6051	-4.6028	-2.4139	-0.48211	2.1089	-0.39645	-2.232	0	0	0	0	0	0	0	0	0	0	0	0	0	0
-4.4284	7.5755	3.2498	0.8983	1.656	-1.0877	3.4175	-0.067804	-4.0496	-2.3249	-0.88205	2.4578	-0.34087	-2.0812	18.77	130.92	-14.051	-30.452	5.1442	11.386	-2.0914	-26.916	22.126	3.5606	-15.998	13.956	2.2233	6.0303
-4.9989	5.1096	3.143	2.4779	-0.72943	-1.8458	3.8239	-0.79866	-1.1042	-3.0966	-0.6699	2.3338	-0.68803	-0.90412	-22.82	-98.638	-4.27	63.183	-95.419	-30.324	16.253	-29.234	117.82	-30.868	8.486	-4.9608	-13.886	47.083
-5.7017	-1.8889	-4.2019	2.9923	-1.3428	-0.30122	4.4379	-1.0866	-0.91515	-1.0723	0.34583	1.4651	-0.22232	-0.47607	-28.113	-279.94	-293.8	20.578	-24.536	61.784	24.56	-11.517	7.5623	80.973	40.629	-34.746	18.628	17.122
-7.505	-7.9625	-13.704	2.7555	0.14894	0.92628	4.1276	-0.60119	2.138	-0.35196	1.0655	1.3189	-1.1312	1.0256	-72.132	-242.94	-380.07	-9.4741	59.671	49.1	-12.412	19.415	122.13	28.813	28.786	-5.8483	-36.354	60.068
-7.5187	-9.7968	-22.735	-1.0832	-2.8916	2.5796	4.6264	1.3592	3.6071	1.2743	1.4187	0.067652	-1.7525	0.83215	-0.54699	-73.372	-361.26	-153.55	-121.62	66.132	19.954	78.414	58.765	65.049	14.13	-50.051	-24.854	-7.7396
-7.2761	-11.76	-25.759	-2.7316	-4.138	0.83111	3.6885	-0.46309	2.6444	0.15315	0.97791	0.68868	-0.66364	0.11462	9.7026	-78.533	-120.98	-65.936	-49.858	-69.939	-37.517	-72.89	-38.509	-44.845	-17.633	24.841	43.554	-28.701
-7.2242	-10.004	-25.948	-2.7085	-5.3465	0.92468	2.5652	-1.1784	1.4779	-1.9164	-1.3939	-0.14482	-0.46738	1.5054	2.0768	70.241	-7.5352	0.92302	-48.338	3.743	-44.932	-28.614	-46.661	-82.781	-94.873	-33.34	7.8504	55.632
-7.3102	-12.099	-25.558	-0.063386	-3.4198	-0.043493	3.4954	-0.58275	1.1369	-0.11074	0.7641	0.8811	-1.2525	0.076632	-3.4387	-83.81	15.583	105.81	77.068	-38.727	37.209	23.828	-13.638	72.226	86.321	41.037	-31.404	-57.152
-7.5089	-15.627	-26.001	-2.0749	-4.1607	-0.4716	1.1153	-0.49607	1.4241	0.18487	-0.34475	-0.69975	-1.2269	0.82168	-7.9481	-141.11	-17.697	-80.459	-29.639	-17.124	-95.205	3.467	11.487	11.824	-44.354	-63.234	1.0228	29.802
-7.477	-14.916	-25.786	-1.9143	-3.4943	-0.62048	1.9831	-0.99375	0.42442	-0.88343	-0.18813	-0.62391	-2.6644	0.91237	1.2764	28.453	8.5895	6.4236	26.657	-5.955	34.712	-19.907	-39.987	-42.732	6.2648	3.0335	-57.5	3.6276
-7.4892	-14.725	-26.26	-2.2305	-5.8739	0.066434	2.6494	-0.71722	-0.0016773	-1.7404	-0.80428	-0.27849	-2.3136	1.3586	-0.48899	7.6308	-18.974	-12.651	-95.182	27.476	26.651	11.061	-17.044	-34.279	-24.646	13.817	14.032	17.85
-7.4729	-16.621	-25.83	-2.1016	-5.7335	0.020634	2.6095	-1.0397	2.1914	-0.023932	-0.92509	1.0533	-0.27384	0.59271	0.6533	-75.828	17.212	5.159	5.6138	-1.832	-1.5961	-12.898	87.723	68.659	-4.8322	53.271	81.59	-30.636
-7.3188	-13.79	-26.523	-2.7263	-2.7781	0.50343	2.5294	-1.3787	0.87558	0.8696	1.5234	2.2005	-1.2093	0.99569	6.1624	113.23	-27.706	-24.99	118.22	19.312	-3.2017	-13.563	-52.633	35.741	97.941	45.891	-37.419	16.119
-6.9155	-8.9959	-25.352	-0.56099	-2.9107	0.40809	3.3708	0.56802	0.90025	-0.87748	0.58162	0.54524	-1.1729	1.1761	16.131	191.76	46.808	86.613	-5.3038	-3.8133	33.655	77.87	0.9872	-69.883	-37.672	-66.212	1.4585	7.2151
-6.7953	1.6833	-17.92	-1.3814	-7.6207	-0.066255	3.6536	-0.29012	1.4278	0.56646	-0.81681	0.017761	-0.19355	-0.14558	4.8082	427.17	297.31	-32.816	-188.4	-18.974	11.313	-34.325	21.103	57.758	-55.937	-21.099	39.172	-52.866
-6.6532	-4.1237	-24.317	-4.1708	-5.9513	0.56732	4.0001	-0.43185	0.43576	0.53192	0.13817	-0.52399	-1.4271	0.67053	5.684	-232.28	-255.88	-111.58	66.779	25.343	13.857	-5.6691	-39.683	-1.3817	38.199	-21.67	-49.343	32.644
-6.4391	3.5228	-17.474	-2.0825	-7.4539	-1.4615	2.972	-1.3736	1.0843	-0.80165	1.2619	0.3625	-1.0287	1.9197	8.565	305.86	273.72	83.532	-60.103	-81.155	-41.123	-37.671	25.94	-53.343	44.949	35.46	15.936	49.968
-6.5854	3.7859	-12.208	-1.3217	-6.5432	-2.034	1.641	-0.26497	2.2738	-0.44821	-0.27324	1.2579	1.1893	1.5136	-5.8514	10.525	210.64	30.429	36.424	-22.899	-53.241	44.346	47.582	14.138	-61.405	35.817	88.722	-16.245
-4.575	3.2525	-3.5999	6.0141	-0.19499	-0.46396	0.93372	-0.45183	2.0412	0.60123	1.0464	-0.17106	-1.0691	0.73153	80.415	-21.339	344.32	293.43	253.93	62.803	-28.289	-7.4742	-9.3031	41.977	52.784	-57.159	-90.335	-31.282
-2.9374	16.038	3.0929	7.8485	0.96079	-8.4785	-2.2286	3.0214	0.30099	1.2361	-0.86058	-2.5744	0.074849	-0.10102	65.504	511.41	267.71	73.377	46.231	-320.58	-126.49	138.93	-69.61	25.396	-76.278	-96.135	45.756	-33.302
-2.2814	20.602	5.1256	6.12	1.5877	-10.015	-3.575	3.9079	-0.22087	-0.7805	-0.59742	-2.8538	0.40907	-1.4641	26.24	182.57	81.307	-69.142	25.075	-61.465	-53.855	35.46	-20.874	-80.664	10.526	-11.174	13.369	-54.523
-2.1417	20.597	3.7706	8.9617	1.6113	-10.946	-4.4148	4.6084	-0.61244	-1.3204	-1.271	-2.8373	0.84199	-1.7594	5.5903	-0.20294	-54.201	113.67	0.94535	-37.242	-33.593	28.019	-15.663	-21.596	-26.944	0.65706	17.317	-11.811
-2.0848	15.619	4.6238	8.5559	0.9945	-10.039	-1.4426	1.4207	0.31932	-2.105	-0.21498	-1.7531	-0.63928	0.12482	2.2767	-199.13	34.128	-16.233	-24.671	36.273	118.89	-127.51	37.27	-31.384	42.241	43.369	-59.251	75.368
-2.105	20.068	5.5245	6.5942	1.5064	-12.413	-3.0351	2.5922	-1.8935	-1.186	0.85498	-3.0423	0.074568	-1.1949	-0.808	177.97	36.027	-78.47	20.476	-94.946	-63.699	46.862	-88.513	36.76	42.798	-51.566	28.554	-52.789
-2.2584	18.134	6.9247	7.3807	1.377	-11.658	-2.6092	2.6158	-2.2669	-0.017871	1.046	-2.3734	0.23106	-0.83891	-6.1369	-77.346	56.008	31.463	-5.1767	30.203	17.035	0.94225	-14.934	46.724	7.6395	26.756	6.2597	14.24
-2.2294	12.952	7.8208	8.5969	1.299	-11.362	-1.8991	2.3824	-2.5522	0.3178	0.9777	-2.7171	0.45866	-0.2864	1.1578	-207.3	35.846	48.646	-3.1201	11.839	28.407	-9.3377	-11.414	13.427	-2.7307	-13.747	9.1039	22.1
-2.3092	8.7064	7.6898	9.1172	0.91817	-11.484	-2.4422	1.6187	-2.2458	0.56679	1.3667	-3.3549	0.76943	-0.63359	-3.1915	-169.81	-5.2411	20.813	-15.232	-4.8685	-21.727	-30.544	12.255	9.9596	15.562	-25.513	12.431	-13.888
-2.3152	12.776	7.0568	8.5347	0.29464	-11.355	-2.8665	0.77082	-1.7868	-0.068096	1.9251	-3.256	0.91309	-0.72532	-0.23971	162.77	-25.318	-23.3	-24.941	5.1568	-16.971	-33.917	18.362	-25.395	22.333	3.9542	5.7463	-3.6689
-2.4595	13.643	8.2356	6.2489	1.6483	-12.192	-2.0625	0.46034	-1.7519	0.68784	2.0253	-3.1243	0.91833	-0.298	-5.7725	34.677	47.152	-91.435	54.146	-33.503	32.16	-12.419	1.3937	30.238	4.0091	5.2708	0.20956	17.093
-2.3716	-2.2869	12.172	8.3386	-0.29889	-11.89	-1.3714	0.40178	-1.9131	0.41579	1.8182	-2.8365	1.1886	-0.27725	3.5184	-637.18	157.47	83.587	-77.888	12.103	27.645	-2.3423	-6.4446	-10.882	-8.284	11.509	10.811	0.83003
-2.8243	6.4825	9.0069	6.3509	0.41664	-10.293	-2.0263	-0.45764	-1.1074	0.10239	1.8846	-2.7312	1.6157	-0.82558	-18.11	350.77	-126.62	-79.508	28.622	63.869	-26.195	-34.377	32.227	-12.536	2.6563	4.2149	17.084	-21.933
-3.1447	-5.6184	11.09	7.9623	-0.12485	-8.0994	-2.4426	-0.5183	-0.12854	-0.81818	1.0918	-1.7609	1.6488	-0.94675	-12.818	-484.04	83.336	64.456	-21.66	87.749	-16.652	-2.4264	39.154	-36.823	-31.711	38.809	1.324	-4.847
-4.1276	-10.444	9.7661	8.2327	-1.6745	-4.259	-2.7749	-0.072801	1.6999	-1.6129	0.54557	-1.5117	2.7437	-1.0605	-39.315	-193.02	-52.969	10.816	-61.986	153.61	-13.292	17.82	73.138	-31.788	-21.85	9.9706	43.795	-4.5502
-5.1363	-12.602	6.9413	5.9254	-2.1986	0.83076	-1.383	0.90264	3.128	-2.348	-0.14251	-0.27498	1.0853	-1.8529	-40.349	-86.336	-112.99	-92.291	-20.962	203.59	55.673	39.017	57.124	-29.403	-27.523	49.467	-66.335	-31.697
-5.7375	-15.215	5.2563	5.8116	0.1188	2.1772	-2.108	0.98761	4.3172	-1.5296	-0.35446	-1.3458	-0.29299	-1.3753	-24.047	-104.5	-67.401	-4.5511	92.694	53.856	-28.997	3.399	47.568	32.734	-8.4777	-42.834	-55.131	19.106
-5.6932	-14.609	5.9209	4.8291	0.11231	2.5451	-2.7987	1.496	4.5597	-1.8493	-0.15643	-1.4732	0.47959	-1.7331	1.7728	24.242	26.586	-39.299	-0.25984	14.717	-27.63	20.334	9.7006	-12.788	7.9212	-5.0947	30.904	-14.313
-5.6689	-15.266	5.8809	4.7289	0.28996	2.8734	-2.3072	0.95178	4.5802	-1.6276	-0.29591	-0.54696	-0.92938	-0.85809	0.97284	-26.283	-1.6009	-4.0084	7.1063	13.132	19.659	-21.767	0.81774	8.8691	-5.5795	37.049	-56.359	35.001
-5.6418	-12.967	5.8756	4.8578	-0.73972	3.6516	-2.9037	1.8736	3.935	-1.1292	-0.89462	-0.74977	-0.65358	-0.85589	1.0832	91.937	-0.2132	5.1564	-41.187	31.13	-23.858	36.871	-25.808	19.936	-23.948	-8.1125	11.032	0.08819
-5.5218	-12.927	5.6899	4.7706	-0.23219	3.3471	-2.1109	0.66382	4.1548	-1.5417	-0.24718	-0.48937	-0.19743	-1.8695	4.8006	1.6349	-7.4278	-3.4873	20.301	-12.181	31.713	-48.389	8.7934	-16.5	25.898	10.416	18.246	-40.547
-5.6232	-14.33	6.7171	4.7263	-0.6708	3.995	-2.6454	1.0922	3.6821	-1.1683	-0.406	0.11516	-0.92271	-1.2142	-4.0562	-56.149	41.09	-1.7727	-17.544	25.915	-21.384	17.136	-18.908	14.933	-6.3532	24.182	-29.011	26.216
-5.4928	-13.241	6.2556	5.3355	-1.2923	3.8969	-2.6519	0.93981	4.0668	-1.5874	-0.43009	-0.15927	0.24122	-1.9215	5.2156	43.562	-18.461	24.366	-24.86	-3.9225	-0.25912	-6.0969	15.387	-16.761	-0.96351	-10.978	46.557	-28.294
-5.5926	-14.577	8.0613	3.5738	-0.20318	3.8441	-2.4772	0.14341	4.3265	-1.6821	-0.65292	0.3229	-0.25332	-1.1216	-3.993	-53.434	72.229	-70.466	43.565	-2.1133	6.9903	-31.856	10.39	-3.7901	-8.9129	19.287	-19.782	31.996
-5.3906	-11.663	6.5098	4.592	-0.73426	4.1137	-2.664	0.032484	4.1117	-1.7789	-0.72854	0.35289	-0.40478	-0.95336	8.0824	116.56	-62.059	40.727	-21.243	10.785	-7.475	-4.4372	-8.5914	-3.8728	-3.0251	1.1996	-6.0585	6.7299
-5.3628	-3.3826	2.8046	4.4284	0.14212	0.79022	1.371	-1.7103	2.4844	-0.074813	-1.0785	0.219	-0.55307	-0.4647	1.1092	331.22	-148.21	-6.5435	35.055	-132.94	161.4	-69.713	-65.092	68.165	-13.999	-5.3556	-5.9313	19.546
-4.0859	4.1461	7.2191	3.2711	-3.7177	-2.2904	0.16926	-0.61579	2.7888	-0.50279	-0.79249	-1.8123	0.70287	0.49227	51.077	301.15	176.58	-46.293	-154.39	-123.22	-48.071	43.782	12.175	-17.119	11.441	-81.252	50.237	38.279
-3.7068	8.5743	8.2761	3.029	-2.1891	-4.8234	-0.2742	2.8661	0.6807	-1.3186	0.25731	-4.5329	2.4942	0.52397	15.165	177.13	42.28	-9.6854	61.143	-101.32	-17.738	139.28	-84.324	-32.632	41.992	-108.82	71.653	1.268
-3.3558	10.068	8.1674	2.9436	-2.3881	-4.3881	0.011478	3.23	-0.20533	-1.874	-0.0062009	-4.1114	2.8413	0.87926	14.039	59.735	-4.3508	-3.4142	-7.9589	17.41	11.427	14.556	-35.441	-22.215	-10.541	16.86	13.885	14.212
-3.3041	13.113	6.8063	2.9571	-2.9569	-3.0153	-0.49193	3.244	-1.135	-2.4943	0.85479	-3.9395	3.3276	0.46186	2.0681	121.81	-54.444	0.53837	-22.753	54.913	-20.136	0.56097	-37.188	-24.812	34.44	6.8779	19.452	-16.696
-3.2158	16.421	5.3991	2.6668	-2.6747	-2.4223	-0.68486	3.4175	-1.6641	-2.7207	0.55951	-3.9483	3.7413	0.56537	3.5317	132.32	-56.287	-11.61	11.287	23.721	-7.7173	6.9387	-21.164	-9.0564	-11.812	-0.35169	16.548	4.1401
-3.1462	20.769	3.4585	2.2706	-3.3867	-0.75731	-1.0905	3.0734	-1.5874	-2.8675	0.66908	-4.1381	3.7497	0.63934	2.786	173.93	-77.624	-15.848	-28.482	66.599	-16.227	-13.765	3.0686	-5.8745	4.3828	-7.5917	0.33428	2.959
-3.316	22.867	2.6124	0.72638	-1.7635	-1.2083	-1.0813	3.188	-1.7787	-2.5491	-0.0070754	-3.9644	3.6219	0.74601	-6.7925	83.926	-33.843	-61.77	64.932	-18.042	0.36985	4.5842	-7.6528	12.738	-27.046	6.9479	-5.1095	4.2667
-3.1474	23.114	1.7491	1.4924	-2.0571	-0.83984	-1.415	3.3302	-1.8285	-2.9609	-0.025836	-4.4145	4.3509	0.43732	6.7413	9.8796	-34.531	30.64	-11.746	14.74	-13.347	5.6907	-1.9915	-16.473	-0.75041	-18.005	29.159	-12.348
-3.401	20.791	3.1868	0.87221	-2.154	-0.24673	-1.6799	3.0417	-1.6942	-2.4449	-0.72829	-4.1385	4.2595	0.40618	-10.142	-92.924	57.507	-24.806	-3.8753	23.725	-10.598	-11.542	5.3739	20.642	-28.098	11.04	-3.6566	-1.2454
-3.3003	17.65	4.6123	0.72945	-1.9084	0.070925	-1.6576	2.4406	-1.2535	-2.3362	-0.57982	-4.1478	4.0348	0.27445	4.026	-125.64	57.021	-5.7104	9.8222	12.706	0.89138	-24.043	17.629	4.3462	5.9385	-0.37172	-8.9876	-5.2694
-3.5741	16.058	5.8445	-0.13876	-1.1664	0.16309	-2.4311	2.8672	-0.97749	-1.8833	-1.3743	-3.4299	3.4278	0.32636	-10.949	-63.673	49.287	-34.728	29.682	3.6866	-30.938	17.065	11.039	18.118	-31.78	28.712	-24.278	2.0766
-3.5354	14.264	6.7037	-1.6399	-0.36913	0.67755	-2.7809	2.1489	0.2006	-2.1666	-1.0951	-3.6926	3.0026	0.32807	1.5454	-71.788	34.37	-60.047	31.891	20.578	-13.993	-28.733	47.124	-11.332	11.168	-10.507	-17.01	0.068109
-3.6401	11.384	6.8861	0.63291	-2.2643	0.5642	-1.4556	0.92896	1.4375	-2.529	-1.6122	-2.8467	2.4437	0.32979	-4.1886	-115.2	7.2967	90.914	-75.808	-4.534	53.01	-48.797	49.476	-14.499	-20.682	33.835	-22.356	0.068991
-3.9513	10.67	6.8278	0.36307	-2.6678	1.7364	-1.6554	0.53752	1.5396	-2.765	-1.0348	-2.7005	2.0871	0.46969	-12.448	-28.564	-2.3343	-10.794	-16.141	46.889	-7.9887	-15.657	4.0831	-9.4399	23.094	5.8492	-14.262	5.5958
-3.8947	11.391	6.351	-0.78269	-2.0431	2.0147	-1.2082	0.83544	1.1476	-2.7727	-1.2127	-2.2767	2.3804	0.12548	2.2673	28.867	-19.072	-45.831	24.991	11.131	17.888	11.917	-15.681	-0.30451	-7.1148	16.952	11.733	-13.768
-4.317	8.5363	7.0531	-1.5308	-2.4638	3.8153	-1.4214	0.41925	1.6317	-3.8857	-0.47048	-2.1774	2.4877	0.029974	-16.892	-114.2	28.084	-29.924	-16.829	72.024	-8.528	-16.647	19.364	-44.522	29.687	3.9709	4.2898	-3.8201
-4.4245	7.682	6.5477	-2.4671	-1.7346	5.1425	-1.8618	0.36349	1.7654	-3.8712	-0.72457	-1.045	2.0824	-0.90033	-4.302	-34.174	-20.217	-37.452	29.167	53.086	-17.618	-2.2304	5.3488	0.58104	-10.164	45.298	-16.212	-37.212
-4.8708	1.1327	5.7962	-1.9549	-0.23575	5.664	-0.88473	-0.2186	2.6484	-4.0997	-0.47765	-0.28443	2.096	-2.0207	-17.852	-261.97	-30.058	20.486	59.955	20.861	39.084	-23.284	35.32	-9.1418	9.8769	30.423	0.54387	-44.814
-5.1899	-0.73964	4.0291	-0.55094	1.2655	5.2001	-1.1301	-0.88491	2.6434	-2.9631	-1.8444	0.60243	1.7036	-2.4153	-12.762	-74.893	-70.685	56.16	60.052	-18.555	-9.8149	-26.653	-0.20136	45.466	-54.669	35.474	-15.696	-15.785
-5.0875	-2.6508	4.5101	-0.41327	1.0728	6.3712	-1.8585	-0.44014	2.1232	-2.6179	-1.3214	0.011581	1.3547	-2.4828	4.0934	-76.444	19.241	5.5069	-7.7083	46.842	-29.137	17.791	-20.806	13.807	20.917	-23.634	-13.954	-2.701
-5.3659	-5.1187	5.1988	0.60224	0.67345	6.2098	-2.2948	-0.65714	3.1632	-2.8042	-1.2955	-0.37607	0.91114	-1.7067	-11.135	-98.717	27.547	40.62	-15.975	-6.453	-17.453	-8.6798	41.6	-7.4495	1.0356	-15.506	-17.744	31.045
-5.2197	-5.4122	4.356	1.5241	1.4371	4.9056	-1.018	-1.4986	3.4834	-1.2154	-3.1189	0.2906	0.66123	-2.0226	5.8507	-11.74	-33.714	36.875	30.547	-52.17	51.074	-33.657	12.807	63.551	-72.935	26.667	-9.9964	-12.637
-5.553	-11.93	5.7217	3.8546	0.32011	6.032	-2.8148	-0.16509	3.722	-2.2052	-2.4208	-0.25486	0.95039	-1.7419	-13.334	-260.69	54.628	93.219	-44.681	45.058	-71.871	53.339	9.5445	-39.594	27.927	-21.819	11.566	11.231
-5.8497	-21.334	7.0379	6.5277	0.37564	4.5554	-0.97766	-0.21193	4.3753	-2.0941	-1.8757	0.78462	-0.12734	-1.9554	-11.869	-376.19	52.649	106.92	2.2211	-59.064	73.484	-1.8739	26.132	4.4455	21.802	41.579	-43.109	-8.5421
-6.2739	-10.264	-0.19033	1.2169	4.8784	3.2851	-1.7256	-0.094427	3.4679	-1.3454	0.34245	0.63358	-1.1792	0.58936	-16.968	442.82	-289.13	-212.43	180.11	-50.813	-29.917	4.7003	-36.295	29.948	88.726	-6.0416	-42.074	101.79
-5.3885	-0.93634	-16.58	1.2284	6.9593	4.1754	-0.46315	-2.46	3.7833	-0.81087	1.6125	-0.063878	-0.83491	3.1057	35.418	373.09	-655.58	0.46065	83.234	35.609	50.497	-94.623	12.615	21.381	50.803	-27.898	13.771	100.65
-4.4779	6.9725	-31.841	-3.4564	8.3049	5.7204	2.5861	0.16298	2.0208	0.27204	2.1967	-0.47536	-0.6197	1.4389	36.421	316.35	-610.45	-187.39	53.823	61.801	121.97	104.92	-70.502	43.316	23.365	-16.459	8.6082	-66.67
-3.9445	8.785	-34.742	-3.6797	5.3552	1.9473	-1.0674	-1.1871	2.6703	-1.463	0.78292	-0.12265	-1.9022	-1.4687	21.339	72.498	-116.05	-8.9323	-117.99	-150.92	-146.14	-54.002	25.98	-69.403	-56.55	14.109	-51.298	-116.3
-3.4587	10.611	-37.024	-6.7534	4.5879	1.984	-0.8204	-1.8568	3.5427	-0.79144	0.75946	-0.54102	-0.76903	0.40928	19.431	73.049	-91.253	-122.95	-30.691	1.4673	9.8804	-26.789	34.898	26.864	-0.93813	-16.735	45.325	75.118
-3.1063	21.114	-32.593	-1.8215	7.0293	2.5583	-0.07813	-0.46034	4.5665	0.39466	0.85308	0.56876	-1.094	0.34647	14.097	420.1	177.21	197.28	97.655	22.973	29.691	55.859	40.951	47.444	3.7445	44.391	-12.998	-2.5125
-3.0099	23.591	-32.298	-0.52718	8.2117	3.2631	0.95332	-1.2911	4.2676	-1.4672	0.99915	2.1399	-0.59757	-0.39668	3.857	99.087	11.802	51.773	47.298	28.193	41.258	-33.229	-11.956	-74.473	5.8429	62.847	19.856	-29.726
-2.9446	22.058	-34.531	-1.9524	5.4749	2.7393	1.1735	-1.5277	3.7895	-0.060492	1.7571	-0.47171	0.20645	0.25452	2.6081	-61.329	-89.288	-57.007	-109.47	-20.954	8.8082	-9.4663	-19.123	56.267	30.319	-104.47	32.161	26.048
-2.9159	21.745	-36.336	-2.0093	5.6289	0.93809	0.28537	-3.2153	2.8928	1.1469	1.2388	-1.0098	-0.22637	-0.21089	1.1501	-12.515	-72.199	-2.2781	6.1606	-72.047	-35.526	-67.504	-35.867	48.297	-20.732	-21.526	-17.313	-18.616
-2.7298	22.362	-35.654	-1.397	5.8513	1.7843	0.16795	-4.1593	2.1742	-0.44244	0.49226	0.09701	-0.30555	-0.27904	7.4452	24.683	27.262	24.491	8.8955	33.849	-4.6966	-37.757	-28.748	-63.575	-29.863	44.274	-3.1672	-2.7263
-2.7537	25.624	-32.965	0.66629	6.2344	2.1954	1.659	-2.4338	4.7477	-0.071111	1.0725	-0.25471	-0.90425	0.76939	-0.95694	130.47	107.54	82.533	15.321	16.443	59.643	69.02	102.94	14.853	23.209	-14.069	-23.948	41.937
-2.6143	22.863	-34.907	-0.95103	5.8189	-0.71346	-0.57857	-2.1209	4.0644	-1.5722	0.81623	0.57799	0.011547	0.47067	5.5747	-110.44	-77.646	-64.693	-16.62	-116.35	-89.503	12.517	-27.332	-60.044	-10.251	33.308	36.632	-11.949
-2.7822	25.647	-34.066	-2.4011	4.5741	0.37238	-0.57943	-1.9823	4.4552	-2.0412	-0.2231	0.37757	-0.34642	0.047707	-6.7147	111.38	33.603	-58.004	-49.792	43.434	-0.034623	5.5404	15.629	-18.76	-41.573	-8.0168	-14.319	-16.919
-3.172	20.517	-31.185	-0.67257	5.1052	-0.14563	1.3566	-1.2215	3.0662	-0.62687	1.5211	-0.039124	-0.62174	-0.40822	-15.592	-205.2	115.26	69.143	21.244	-20.72	77.442	30.434	-55.56	56.574	69.767	-16.668	-11.013	-18.237
-3.7588	18.4	-31.089	-3.8285	3.5208	0.15536	-0.61296	-2.8377	3.1278	-1.1613	1.5654	0.80764	-0.70438	-1.8847	-23.472	-84.678	3.833	-126.24	-63.373	12.04	-78.783	-64.648	2.4646	-21.377	1.772	33.87	-3.3057	-59.059
-4.388	9.1438	-25.967	-3.5747	3.5119	-0.49845	-0.99166	-0.79154	3.2521	0.25451	1.2367	0.88329	-0.22088	-0.68259	-25.168	-370.25	204.88	10.151	-0.35602	-26.152	-15.148	81.847	4.9726	56.632	-13.147	3.026	19.34	48.084
-3.5757	19.541	-3.7165	-1.1559	1.9547	0.77583	0.36909	-2.8934	0.62041	-1.4581	1.3465	0.38666	-0.045893	0.69754	32.492	415.91	890.03	96.749	-62.291	50.971	54.43	-84.075	-105.27	-68.505	4.3902	-19.865	6.9995	55.205
-2.6694	33.32	3.7318	-8.3239	2.5712	0.40582	-2.3588	0.20204	-4.2959	-0.17929	2.2826	-0.0098472	0.99661	-0.7211	36.253	551.15	297.93	-286.72	24.66	-14.8	-109.12	123.82	-196.65	51.152	37.447	-15.86	41.7	-56.746
-2.2095	32.734	3.0357	-10.251	0.13838	-0.12804	-3.2824	-0.031518	-6.1269	0.02092	2.2546	1.7878	1.3503	-1.1969	18.396	-23.457	-27.846	-77.074	-97.312	-21.354	-36.945	-9.3424	-73.237	8.0086	-1.1228	71.905	14.149	-19.034
-2.293	24.722	9.6036	-11.42	-2.4048	0.80146	-1.6979	-0.1819	-3.6054	-0.67536	1.3628	2.7294	1.2186	-0.6043	-3.3404	-320.48	262.72	-46.785	-101.73	37.18	63.381	-6.0152	100.86	-27.851	-35.67	37.665	-5.269	23.706
-2.2935	23.586	10.495	-11.586	-2.7614	-0.35584	-2.2392	1.7628	-2.3076	-1.3945	1.374	2.1032	1.3076	-0.053119	-0.02155	-45.413	35.659	-6.622	-14.263	-46.292	-21.652	77.787	51.914	-28.767	0.44708	-25.049	3.5594	22.047
-2.1846	24.194	9.9805	-9.7501	-3.0286	-2.0733	-1.9735	3.483	-1.0254	-2.4063	0.28676	1.8847	0.77895	0.72103	4.3582	24.294	-20.583	73.432	-10.686	-68.697	10.629	68.81	51.288	-40.473	-43.489	-8.7409	-21.146	30.966
-2.3074	23.029	9.7969	-6.7398	-4.1554	-3.4972	-1.9829	3.8014	0.45663	-2.6291	0.32839	0.5278	0.78325	1.034	-4.9135	-46.579	-7.3441	120.41	-45.072	-56.955	-0.37605	12.733	59.28	-8.9097	1.665	-54.274	0.17202	12.518
-2.1084	19.461	11.099	-5.1615	-4.5443	-4.3659	-2.4528	4.2432	0.46738	-0.99456	-0.45569	-0.55425	0.54498	1.3127	7.9602	-142.72	52.074	63.133	-15.556	-34.75	-18.795	17.675	0.42996	65.381	-31.363	-43.282	-9.5306	11.15
-2.0125	17.858	11.577	-3.3057	-4.2901	-4.7603	-2.1599	3.6251	1.3724	-0.37901	0.072861	-1.1777	-0.24176	2.2754	3.8362	-64.136	19.146	74.232	10.167	-15.773	11.714	-24.725	36.2	24.622	21.142	-24.938	-31.47	38.506
-2.0039	19.199	10.418	-2.6816	-4.4325	-5.0862	-2.7261	3.7018	1.2958	-0.44545	-0.088802	-1.5959	-0.34204	2.0368	0.34201	53.637	-46.366	24.963	-5.6968	-13.037	-22.648	3.0671	-3.0649	-2.6576	-6.4665	-16.729	-4.011	-9.5431
-1.8874	17.03	11.299	-2.2825	-4.5282	-4.64	-3.0431	4.3365	0.87633	0.19422	-0.39338	-1.5583	-0.1578	1.8905	4.6629	-86.736	35.227	15.963	-3.8258	17.847	-12.68	25.388	-16.778	25.587	-12.183	1.5045	7.3696	-5.8531
-2.2477	12.407	13.487	-2.1816	-5.4199	-3.2248	-2.7504	3.3325	1.3402	0.13931	-0.6324	-1.3405	-0.34526	2.2919	-14.412	-184.92	87.53	4.0366	-35.669	56.607	11.71	-40.159	18.554	-2.1965	-9.5611	8.714	-7.4983	16.058
-2.7191	4.9437	14.024	0.35511	-6.8526	-1.8809	-2.3276	2.5563	1.7415	-0.15569	-1.2816	-1.4605	0.2993	1.6304	-18.857	-298.55	21.469	101.47	-57.307	53.757	16.91	-31.047	16.053	-11.8	-25.969	-4.8008	25.782	-26.461
-3.2712	2.7694	12.212	1.5656	-7.3481	0.1925	-1.9003	1.9967	2.3679	-0.99254	-1.541	-0.72294	0.49716	0.47854	-22.083	-86.974	-72.49	48.419	-19.823	82.936	17.095	-22.385	25.058	-33.474	-10.375	29.501	7.9143	-46.073
-4.4111	-8.4147	11.431	4.0294	-7.6454	1.2722	-0.19843	1.2293	3.8214	-1.0898	-1.4124	-0.30634	0.99274	0.39521	-45.596	-447.37	-31.228	98.553	-11.89	43.189	68.073	-30.698	58.14	-3.8915	5.142	16.664	19.823	-3.3334
-5.4367	-8.1605	7.9191	1.3593	-2.4309	2.9826	-1.7387	1.9697	2.1458	-1.5857	-0.77605	-0.92726	0.46603	-0.79195	-41.025	10.171	-140.48	-106.8	208.58	68.415	-61.61	29.617	-67.026	-19.836	25.456	-24.837	-21.069	-47.486
-5.4143	-8.1691	6.0951	1.4041	-0.18209	4.3261	-1.8326	1.4097	1.2476	-2.2987	-0.61584	0.73632	0.51864	-0.95399	0.89695	-0.3432	-72.959	1.7898	89.953	53.741	-3.758	-22.401	-35.926	-28.518	6.4083	66.543	2.1044	-6.4818
-5.6285	-10.722	6.6149	2.1691	-0.1714	5.321	-1.8887	0.75253	1.9866	-2.3856	-0.96034	0.40511	0.31931	-1.2286	-8.5703	-102.11	20.79	30.6	0.42767	39.796	-2.2432	-26.285	29.561	-3.4787	-13.78	-13.249	-7.9732	-10.984
-5.6275	-11.912	6.2017	3.4544	-0.36566	4.8792	-1.9318	0.39663	2.9298	-2.0986	-1.783	0.57862	-0.55615	-0.92173	0.042059	-47.61	-16.525	51.411	-7.7705	-17.671	-1.7255	-14.236	37.727	11.481	-32.905	6.9403	-35.018	12.275
-5.4216	-12.426	6.0797	4.2478	-0.25108	4.3556	-1.9822	0.68982	3.2321	-2.063	-3.0156	1.5126	-0.2298	-1.6373	8.2325	-20.575	-4.8824	31.737	4.5833	-20.944	-2.0149	11.728	12.092	1.4228	-49.303	37.357	13.054	-28.623
-5.6189	-13.798	5.65	6.0948	-1.4534	5.1426	-1.4975	0.11358	3.5836	-1.7379	-3.5901	2.1962	-0.94132	-1.795	-7.8897	-54.842	-17.187	73.882	-48.094	31.479	19.388	-23.05	14.059	13.006	-22.98	27.348	-28.461	-6.3079
-5.6995	-18.834	9.0371	4.7475	-2.4087	5.027	1.2885	-0.082495	2.814	-1.2333	-1.2764	0.70627	-3.498	-0.85398	-3.2228	-201.46	135.49	-53.894	-38.213	-4.6269	111.44	-7.8431	-30.782	20.183	92.545	-59.599	-102.27	37.641
-5.892	-29.229	9.7421	7.5027	-3.4696	4.3162	3.8363	1.1902	0.96524	0.42051	-0.41945	-1.3503	-2.7696	0.55726	-7.7004	-415.8	28.2	110.21	-42.433	-28.431	101.91	50.909	-73.952	66.153	34.279	-82.263	29.138	56.45
-6.6361	-38.469	8.6639	8.3611	-2.5971	3.4325	5.473	1.2581	2.0535	1.5617	-0.38787	-2.1901	-1.9806	1.6048	-29.764	-369.6	-43.129	34.335	34.897	-35.346	65.469	2.7158	43.531	45.648	1.2632	-33.591	31.559	41.901
-7.2949	-50.142	5.9968	11.179	0.64654	3.1607	4.1034	0.28932	3.1536	2.0512	0.83977	-1.1634	-2.328	0.80447	-26.354	-466.92	-106.69	112.71	129.75	-10.875	-54.784	-38.752	44.004	19.581	49.106	41.066	-13.896	-32.012
-8.2733	-58.02	2.2035	12.562	2.3112	2.4447	4.9825	0.51053	2.1328	1.5291	0.54077	-0.7702	-2.664	0.41994	-39.135	-315.12	-151.73	55.328	66.586	-28.638	35.164	8.8483	-40.832	-20.883	-11.96	15.73	-13.44	-15.381
-7.1751	-39.382	-6.4735	3.2527	1.6222	3.8897	3.9959	0.078454	2.1033	-0.73822	0.52671	-0.4636	-1.0625	0.046633	43.927	745.54	-347.08	-372.37	-27.56	57.802	-39.464	-17.283	-1.1819	-90.695	-0.56225	12.264	64.059	-14.932
-6.9418	8.7745	-13.293	-3.4535	-3.5033	0.28554	2.3709	-1.0265	1.447	-1.315	0.62349	-0.15195	0.13601	0.86437	9.3345	1926.2	-272.76	-268.25	-205.02	-144.17	-65.002	-44.198	-26.252	-23.07	3.8712	12.466	47.942	32.71
-3.7123	5.947	0.72214	4.0281	-2.8811	-0.89722	1.7252	-1.1772	1.5182	-1.1449	0.78904	-0.5616	-0.55451	0.59767	129.18	-113.1	560.59	299.26	24.891	-47.31	-25.828	-6.0282	2.8486	6.8038	6.6218	-16.386	-27.621	-10.668
-2.5059	14.003	13.474	-0.12117	-7.4492	-5.5789	3.7908	2.049	-6.1809	1.3106	0.89564	-2.6496	-1.0189	1.5037	48.257	322.26	510.07	-165.97	-182.73	-187.27	82.623	129.05	-307.96	98.219	4.2642	-83.519	-18.576	36.243
-1.9364	16.955	14.499	-0.94773	-9.1072	-4.8914	3.6482	1.5139	-7.6696	2.5859	0.023426	-2.3525	-0.8971	2.0833	22.781	118.06	41.012	-33.062	-66.32	27.501	-5.701	-21.406	-59.551	51.011	-34.889	11.882	4.873	23.184
-1.512	19.458	14.019	-1.6852	-9.7828	-4.2098	3.4121	1.5049	-7.0801	2.7937	-0.79901	-2.4082	-0.36178	2.7785	16.974	100.1	-19.189	-29.501	-27.021	27.266	-9.4435	-0.35782	23.582	8.3157	-32.897	-2.225	21.413	27.805
-1.4565	20.381	14.402	-2.4968	-9.7441	-4.548	3.4782	1.289	-6.3947	3.0228	-1.2559	-1.8399	-0.15948	2.9552	2.2233	36.932	15.288	-32.461	1.547	-13.53	2.6429	-8.6364	27.415	9.1606	-18.278	22.73	8.0919	7.0696
-1.4151	22.844	14.798	-5.0873	-9.2513	-4.2581	2.7006	1.2528	-6.6104	3.5524	-0.84357	-1.7279	0.2985	2.8553	1.6527	98.538	15.852	-103.62	19.712	11.597	-31.104	-1.4494	-8.6295	21.187	16.495	4.4804	18.319	-3.9974
-1.1156	25.904	13.931	-6.0513	-8.6587	-3.9526	2.3722	0.74747	-5.4736	2.9725	-0.58051	-0.54532	1.1151	2.3688	11.981	122.38	-34.68	-38.558	23.703	12.22	-13.137	-20.212	45.471	-23.196	10.523	47.303	32.663	-19.46
-1.1156	28.984	13.361	-8.053	-8.7003	-2.0046	1.4707	0.49532	-5.4356	2.7979	0.14867	-0.20572	1.588	1.8513	0.0020866	123.22	-22.788	-80.07	-1.6635	77.921	-36.058	-10.086	1.5198	-6.9866	29.167	13.584	18.917	-20.697
-1.0925	32.758	12.062	-10.578	-7.0766	-1.6553	0.44026	1.0639	-6.184	3.1525	0.050287	0.47985	1.5565	1.1533	0.92052	150.94	-51.95	-100.99	64.948	13.972	-41.219	22.744	-29.935	14.184	-3.9353	27.423	-1.2583	-27.92
-0.95003	36.864	9.8823	-11.865	-4.9658	-1.8296	1.3459	-0.59233	-5.6567	2.8435	0.66092	0.7208	1.1494	1.1263	5.7004	164.25	-87.208	-51.468	84.433	-6.9697	36.224	-66.25	21.093	-12.358	24.425	9.6378	-16.285	-1.0815
-1.1107	36.37	10.295	-12.745	-3.4494	-0.42679	0.12399	-0.4987	-6.0811	3.4765	0.87942	0.66381	1.1433	0.47426	-6.426	-19.76	16.525	-35.228	60.655	56.111	-48.875	3.745	-16.976	25.32	8.74	-2.2794	-0.24287	-26.081
-1.3249	40.148	6.1068	-11.663	-1.9089	-0.21349	-0.17361	-1.9886	-6.0575	3.7905	0.89477	0.62214	0.62272	0.43505	-8.5671	151.13	-167.54	43.288	61.619	8.5321	-11.904	-59.597	0.94315	12.56	0.61398	-1.6669	-20.824	-1.5682
-1.4326	35.528	8.4057	-12.415	-0.17147	0.048277	-0.58863	-2.9097	-5.6136	3.5456	1.4362	0.034512	0.47529	0.774	-4.3095	-184.79	91.956	-30.094	69.498	10.471	-16.601	-36.843	17.757	-9.7976	21.659	-23.505	-5.8974	13.558
-1.7339	32.902	6.7494	-11.3	1.2407	0.75021	-1.9129	-3.1098	-5.5669	3.6056	0.72524	-0.1968	0.70753	0.7357	-12.05	-105.08	-66.252	44.629	56.488	28.077	-52.969	-8.0055	1.8654	2.3999	-28.441	-9.2526	9.2898	-1.5317
-2.2756	27.726	6.5778	-9.9553	2.5828	1.4302	-2.5925	-3.4717	-5.1845	3.4222	-0.17996	-0.39843	1.0659	0.61732	-21.668	-207.04	-6.8672	53.774	53.683	27.199	-27.185	-14.474	15.297	-7.3341	-36.208	-8.0651	14.333	-4.7352
-2.8402	20.981	4.4773	-7.2509	2.5886	2.698	-2.7986	-3.2928	-5.2692	2.6663	-1.3904	-0.13078	1.586	0.72905	-22.586	-269.8	-84.02	108.18	0.22988	50.711	-8.2442	7.1562	-3.3899	-30.237	-48.417	10.706	20.805	4.4692
-3.2544	23.2	4.2866	-8.8065	7.0394	0.67955	-2.4995	-2.7799	-5.2001	2.6505	-1.0577	-0.21338	0.052255	0.25865	-16.567	88.773	-7.6263	-62.227	178.03	-80.737	11.966	20.515	2.767	-0.63217	13.309	-3.3039	-61.349	-18.816
-3.6681	8.7987	-0.77782	-5.361	5.7972	0.2771	-3.2508	-6.2585	-5.9361	0.79541	-0.77906	-0.99574	0.39998	1.3499	-16.548	-576.05	-202.58	137.82	-49.688	-16.098	-30.054	-139.14	-29.442	-74.204	11.144	-31.294	13.909	43.649
-5.5094	-3.9375	-6.5018	0.45353	5.8102	1.717	3.7897	-3.5905	-2.4167	0.015158	0.53873	0.82405	-0.97176	1.4337	-73.653	-509.45	-228.96	232.58	0.51898	57.597	281.62	106.72	140.78	-31.21	52.712	72.791	-54.87	3.3512
-6.6757	-9.608	1.7615	-0.81738	5.7819	1.608	2.4213	-3.9923	-4.2285	0.26403	-0.83748	0.34571	-1.5898	-0.77843	-46.652	-226.82	330.53	-50.836	-1.1316	-4.3632	-54.736	-16.074	-72.471	9.9548	-55.048	-19.133	-24.724	-88.484
-7.0878	-50.816	-4.3706	6.8809	2.8077	3.9248	3.3132	-4.4465	-3.6551	-1.5311	-0.64084	0.69026	-2.2814	-0.44152	-16.486	-1648.3	-245.28	307.93	-118.97	92.673	35.674	-18.167	22.935	-71.803	7.8656	13.782	-27.663	13.476
-11.017	-66.764	-18.206	11.763	0.12028	5.1572	7.2063	0.093708	2.1779	3.2846	1.2155	1.1588	-0.8671	0.036656	-157.17	-637.95	-553.42	195.27	-107.5	49.296	155.73	181.61	233.32	192.63	74.253	18.742	56.573	19.127
-8.8418	-24.313	-14.423	2.7676	0.56597	3.1603	-1.411	-3.1857	1.464	-1.4907	-2.2644	2.9855	-1.2455	-0.90208	87.008	1698	151.32	-359.8	17.827	-79.875	-344.69	-131.18	-28.557	-191.01	-139.2	73.066	-15.135	-37.549
-8.8081	-21.212	-12.198	2.3901	1.7759	1.6892	-0.32408	-1.9658	2.7148	-1.1127	-2.888	2.5105	0.87606	0.23228	1.3486	124.05	89.007	-15.098	48.396	-58.845	43.475	48.797	50.032	15.119	-24.943	-18.998	84.861	45.374
-8.4502	-44.343	-4.7377	6.3836	2.1877	1.2385	3.4997	0.97828	1.9255	-0.42818	-0.39003	0.73873	0.12185	1.796	14.316	-925.24	298.41	159.74	16.473	-18.029	152.95	117.76	-31.569	27.381	99.919	-70.871	-30.168	62.547
-5.412	-20.259	7.9046	8.5864	2.7288	-7.0951	-0.60887	2.4435	1.7471	0.79345	-1.8859	-0.78878	-1.6685	0.33988	121.53	963.34	505.69	88.112	21.647	-333.34	-164.34	58.608	-7.1374	48.865	-59.834	-61.1	-71.614	-58.244
-4.6816	1.324	2.1297	6.7775	4.1164	-8.3741	-1.1222	2.6001	0.71902	1.5921	-3.379	-1.4479	-1.9637	0.12462	29.214	863.34	-231	-72.358	55.502	-51.162	-20.534	6.2639	-41.123	31.945	-59.725	-26.364	-11.807	-8.6105
-4.3323	-1.9599	6.7155	6.2439	4.4502	-9.6246	-1.633	4.9043	-0.17157	0.092498	-3.1676	-1.786	-0.85637	-1.1788	13.971	-131.36	183.43	-21.341	13.351	-50.021	-20.43	92.17	-35.624	-59.983	8.4573	-13.523	44.293	-52.136
-3.5172	10.551	8.4389	-1.1206	2.6146	-7.8309	-0.08491	4.9493	-2.4311	-2.7429	-2.7867	0.37275	1.4747	-0.72399	32.605	500.44	68.935	-294.58	-73.425	71.748	61.922	1.7988	-90.382	-113.41	15.235	86.348	93.244	18.192
-3.1354	13.587	8.7561	-1.5433	0.31784	-4.4798	0.30273	4.0492	-4.261	-3.6353	-1.9939	1.8683	1.1035	-0.46853	15.272	121.43	12.689	-16.905	-91.869	134.04	15.505	-36.005	-73.197	-35.698	31.711	59.821	-14.85	10.219
-3.0302	17.253	8.2853	-4.1827	1.2621	-1.2955	-0.23635	2.208	-6.1112	-2.0095	-0.8265	2.4039	0.2034	-1.2245	4.2071	146.65	-18.832	-105.58	37.769	127.37	-21.563	-73.647	-74.008	65.032	46.695	21.424	-36.003	-30.241
-3.0673	17.502	7.6416	-5.0157	2.9776	-0.11837	-0.26567	-0.5611	-5.2936	-1.3774	0.47978	1.0834	-0.39701	-1.3323	-1.4816	9.9581	-25.747	-33.319	68.623	47.084	-1.1728	-110.77	32.705	25.285	52.251	-52.817	-24.016	-4.3115
-3.2498	15.777	6.7426	-4.9776	4.3757	1.2771	-0.53232	-2.9049	-3.7113	-0.57692	0.1725	-0.33261	-0.35661	-0.40135	-7.3008	-69.012	-35.962	1.5237	55.923	55.818	-10.666	-93.751	63.292	32.02	-12.291	-56.642	1.6161	37.24
-3.7008	10.525	6.0857	-3.7456	5.7288	1.683	-0.55474	-3.622	-3.268	0.38542	-0.69603	-0.68718	0.25656	-0.45208	-18.041	-210.06	-26.276	49.281	54.124	16.237	-0.8967	-28.686	17.734	38.493	-34.741	-14.183	24.527	-2.0293
-4.2113	8.5068	3.0641	-2.6055	7.4402	2.5163	-1.9176	-2.5275	-2.7281	0.40825	-1.1826	-1.2921	0.70781	-0.33184	-20.421	-80.739	-120.87	45.605	68.456	33.331	-54.514	43.782	21.595	0.91328	-19.461	-24.195	18.05	4.8097
-4.5699	4.3537	1.6699	-1.7301	8.1722	3.5757	-2.7314	-1.8183	-1.8634	0.95396	-2.143	-1.1182	0.64911	0.24398	-14.342	-166.12	-55.766	35.014	29.28	42.376	-32.554	28.366	34.59	21.829	-38.419	6.9534	-2.3477	23.033
-4.8031	1.097	2.7338	-0.72387	8.586	3.2384	-2.3773	-1.8509	-2.3926	0.91354	-1.1454	-2.39	0.78922	-0.15232	-9.3284	-130.27	42.554	40.25	16.549	-13.492	14.167	-1.3016	-21.172	-1.6168	39.904	-50.871	5.6043	-15.852
-4.7786	-2.9469	4.9031	-0.24134	7.5439	3.3755	-0.93413	-3.1561	-1.3142	0.62382	-0.72816	-2.7117	0.42696	-0.40193	0.98108	-161.76	86.774	19.301	-41.684	5.4857	57.725	-52.207	43.136	-11.589	16.69	-12.87	-14.491	-9.9841
-5.2067	-6.9235	6.0383	0.56459	4.7274	5.461	-0.34685	-3.0588	-0.89064	-0.27198	0.26109	-2.3574	-0.65777	-0.69901	-17.126	-159.06	45.407	32.237	-112.66	83.419	23.491	3.8915	16.944	-35.832	39.57	14.175	-43.389	-11.883
-6.1975	-24.172	3.9407	3.1737	4.1428	6.3694	1.698	-3.1144	-1.2773	-0.59851	0.79326	-2.074	-1.0351	-0.29105	-39.633	-689.95	-83.904	104.36	-23.383	36.339	81.793	-2.2236	-15.465	-13.061	21.287	11.336	-15.094	16.318
-8.0817	-46.427	0.11646	6.555	2.6233	7.1576	3.8211	-0.41785	-0.26511	-0.90108	0.99223	0.57591	-0.029629	-1.0915	-75.365	-890.21	-152.97	135.25	-60.782	31.526	84.924	107.86	40.486	-12.103	7.9588	105.99	40.22	-32.018
-8.8889	-48.848	-0.18071	7.3854	1.0525	6.766	5.1911	-0.11997	0.56866	-0.35408	0.71432	1.0554	0.40939	-0.93998	-32.291	-96.831	-11.887	33.216	-62.829	-15.666	54.802	11.915	33.351	21.88	-11.116	19.179	17.561	6.0604
-8.8176	-57.345	-5.6116	6.7916	-0.37618	6.6083	6.2892	1.7997	2.6613	1.9314	0.49728	0.95857	-0.16458	-0.068697	2.8553	-339.87	-217.24	-23.752	-57.149	-6.3068	43.922	76.788	83.706	91.418	-8.6817	-3.8726	-22.959	34.851
-8.9343	-24.012	-9.7373	3.0975	-8.7427	4.6045	2.0363	-0.40754	5.4326	1.9505	-0.67377	2.4789	2.4267	0.47243	-4.6682	1333.3	-165.03	-147.76	-334.66	-80.153	-170.11	-88.291	110.85	0.76369	-46.842	60.814	103.65	21.645
-8.2924	-36.877	-8.341	9.7334	-2.5036	2.8977	2.7683	-0.20761	4.752	0.78699	-0.38852	1.0753	0.36913	1.0235	25.673	-514.62	55.852	265.44	249.56	-68.27	29.28	7.9974	-27.222	-46.539	11.41	-56.145	-82.304	22.044
-6.0352	-16.442	1.7238	7.1131	-1.1894	3.2309	2.0415	-3.2784	-1.357	-0.092747	0.93662	2.1759	-0.15522	-0.25388	90.291	817.42	402.59	-104.81	52.571	13.327	-29.072	-122.83	-244.36	-35.189	53.005	44.023	-20.974	-51.096
-4.4256	3.229	5.2995	-2.8329	-0.24231	1.2232	-1.6399	-1.5036	-3.624	0.77521	0.66113	0.38743	0.85263	-2.2227	64.383	786.82	143.03	-397.84	37.882	-80.309	-147.26	70.992	-90.683	34.718	-11.02	-71.538	40.314	-78.752
-3.4753	20.032	3.7693	-2.6561	-2.4182	-0.22895	-1.1208	-2.3457	-2.6282	0.739	1.3516	0.81702	1.143	-2.674	38.013	672.14	-61.208	7.0743	-87.037	-58.084	20.765	-33.685	39.834	-1.4483	27.618	17.184	11.615	-18.051
-2.9044	14.923	6.0979	-2.9294	-1.642	-0.84251	-0.38903	-2.5103	-2.9683	1.3395	2.3875	1.438	1.4467	-2.7402	22.835	-204.38	93.144	-10.933	31.049	-24.543	29.271	-6.5863	-13.606	24.02	41.436	24.84	12.148	-2.6499
-2.7294	28.432	6.1712	-9.7493	0.18576	-1.5602	-1.2015	-2.1331	-2.3046	1.303	2.2827	1.1692	0.71136	-2.7053	6.9993	540.35	2.9319	-272.8	73.111	-28.709	-32.498	15.089	26.55	-1.4591	-4.191	-10.753	-29.414	1.394
-2.2765	22.552	7.7165	-6.9804	-2.1861	-0.5138	-1.0321	-2.2562	-1.535	2.3973	2.1764	2.3758	-0.33944	-2.5796	18.114	-235.19	61.812	110.76	-94.876	41.857	6.7742	-4.9225	30.783	43.773	-4.25	48.264	-42.032	5.0284
-2.1956	27.595	7.4792	-7.5892	-3.1359	-0.97882	-1.7059	-1.7997	-1.8068	2.5107	2.3874	1.9664	-0.21846	-2.4832	3.2381	201.74	-9.4919	-24.353	-37.989	-18.601	-26.952	18.261	-10.871	4.5352	8.4383	-16.377	4.8391	3.8584
-2.2056	23.842	7.3021	-6.4495	-2.8493	-1.0442	-2.5552	-0.94525	-2.4462	3.2151	2.6483	1.8341	-0.32391	-2.2057	-0.40056	-150.13	-7.0844	45.588	11.463	-2.6137	-33.969	34.177	-25.575	28.173	10.436	-5.29	-4.2181	11.099
-2.6671	19.611	5.8122	-4.6218	-2.0239	-0.13385	-2.5829	-1.1828	-2.7708	3.932	1.8808	2.5105	-0.76859	-2.337	-18.462	-169.24	-59.596	73.111	33.016	36.413	-1.1091	-9.5006	-12.985	28.678	-30.7	27.053	-17.787	-5.2506
-3.1531	17.482	4.4128	-4.4642	-1.7214	0.060716	-1.8038	-2.0305	-2.013	3.5411	1.7064	3.2171	-0.76656	-2.1905	-19.437	-85.165	-55.975	6.3025	12.101	7.7826	31.162	-33.91	30.311	-15.637	-6.978	28.266	0.081097	5.8589
-3.2901	16.118	4.5794	-5.1747	-1.4392	0.25045	-1.8953	-1.5287	-1.6051	3.1143	1.2829	2.8648	-0.31826	-2.1343	-5.4824	-54.559	6.666	-28.42	11.285	7.5892	-3.6596	20.072	16.315	-17.07	-16.939	-14.094	17.932	2.2459
-3.2292	16.676	5.3355	-5.2932	-1.623	-0.12522	-2.078	-1.2898	-2.8524	3.3096	1.2366	3.164	-0.90092	-1.5465	2.4364	22.325	30.245	-4.7379	-7.3516	-15.027	-7.3056	9.557	-49.892	7.8121	-1.8538	11.97	-23.306	23.512
-3.3102	13.584	6.2028	-5.253	-0.44263	0.25708	-2.1802	-1.9198	-2.982	2.747	1.0035	2.9141	-0.69005	-1.369	-3.2392	-123.68	34.689	1.606	47.216	15.292	-4.09	-25.2	-5.1829	-22.505	-9.3239	-9.9974	8.4345	7.1032
-3.8783	6.2955	6.2128	-4.7087	0.53326	1.0639	-2.5317	-3.6197	-2.546	1.5091	1.3479	3.049	-0.82647	-0.47969	-22.725	-291.54	0.40124	21.773	39.036	32.273	-14.058	-67.997	17.442	-49.518	13.778	5.397	-5.4566	35.571
-5.6043	-23.489	5.3352	-1.0959	2.1574	4.1	-0.57343	-1.629	-0.81494	-0.6966	0.94674	2.4535	-1.5747	-0.020521	-69.039	-1191.4	-35.103	144.51	64.964	121.44	78.33	79.627	69.241	-88.226	-16.046	-23.82	-29.929	18.367
-8.3937	-55.176	3.0968	11.103	3.1697	4.9663	3.5469	-1.3475	1.1384	1.1112	-0.34868	1.7867	-0.74845	0.28661	-111.58	-1267.4	-89.535	487.96	40.494	34.653	164.81	11.26	78.135	72.311	-51.817	-26.673	33.05	12.285
-8.161	-54.88	2.4737	10.991	2.3399	5.4817	2.27	-1.3837	2.9846	0.6579	-0.90641	2.0109	-0.90736	0.47787	9.3091	11.831	-24.927	-4.4917	-33.191	20.617	-51.077	-1.4455	73.847	-18.131	-22.309	8.9682	-6.3566	7.6504
-7.8242	-39.65	5.8864	7.5341	0.99358	7.2031	-0.045436	-0.9	3.6457	1.2334	-2.123	0.23951	0.20922	0.35711	13.471	609.2	136.51	-138.27	-53.854	68.856	-92.618	19.348	26.443	23.019	-48.662	-70.854	44.663	-4.8304
-7.76	-46.185	2.781	7.731	2.4858	6.279	0.38012	-0.7616	3.8201	1.1535	-3.3384	0.91609	-0.36	-0.87118	2.5685	-261.42	-124.22	7.8738	59.69	-36.963	17.022	5.5358	6.977	-3.1967	-48.616	27.063	-22.769	-49.132
-8.043	-43.766	2.4423	7.8298	1.3709	6.1311	1.1809	-0.10833	3.1132	0.68039	-2.1085	1.6851	0.0023245	1.4405	-11.318	96.778	-13.546	3.9531	-44.597	-5.9187	32.032	26.131	-28.276	-18.923	49.196	30.76	14.493	92.467
-7.3206	-42.161	4.5574	5.7234	1.85	6.4742	0.79748	-0.78811	3.6563	-0.26754	-2.4099	0.94467	0.10098	0.49021	28.893	64.202	84.603	-84.257	19.164	13.726	-15.338	-27.191	21.723	-37.917	-12.056	-29.617	3.9463	-38.011
-6.9306	-24.582	8.8144	1.6972	-1.0655	5.2824	1.0208	-2.5639	3.2172	0.85901	-3.2445	3.4899	0.12705	-0.57128	15.603	703.17	170.28	-161.05	-116.62	-47.674	8.9309	-71.033	-17.565	45.062	-33.385	101.81	1.0427	-42.46
-6.1742	-12.556	5.7356	-2.8112	2.6552	2.3963	2.4903	1.2071	-1.0628	-0.31741	-0.39666	2.384	-0.31114	0.14793	30.256	481.04	-123.15	-180.33	148.83	-115.44	58.781	150.84	-171.2	-47.057	113.91	-44.237	-17.527	28.768
-4.2444	10.402	5.9674	-6.9488	2.1475	-2.2114	2.1099	2.1461	-1.8561	0.25234	1.9868	2.5064	-1.7123	0.61795	77.189	918.33	9.271	-165.51	-20.305	-184.31	-15.214	37.558	-31.731	22.79	95.339	4.8979	-56.045	18.801
-3.3157	20.579	7.4005	-10.741	1.6452	-2.3879	0.81786	4.0528	-4.5102	1.7425	1.6922	2.3129	-2.1219	0.17761	37.149	407.06	57.324	-151.69	-20.094	-7.0571	-51.683	76.268	-106.16	59.607	-11.786	-7.7407	-16.384	-17.614
-2.906	23.132	7.9301	-11.119	1.0017	-3.1527	1.1687	3.4466	-3.8417	1.9827	1.9567	2.8111	-2.7327	0.3379	16.39	102.13	21.186	-15.129	-25.738	-30.593	14.035	-24.248	26.737	9.6061	10.583	19.928	-24.433	6.4116
-2.7234	27.352	7.3724	-13.146	2.3367	-3.7776	0.63485	4.2657	-4.2712	2.0443	2.3944	2.1415	-2.5994	0.70416	7.3023	168.82	-22.31	-81.072	53.399	-24.997	-21.355	32.765	-17.179	2.4676	17.506	-26.784	5.3301	14.65
-2.7213	26.424	6.9108	-11.743	0.45283	-2.5821	-0.23156	4.5654	-4.2263	1.6926	3.0083	2.077	-2.2755	0.40564	0.083966	-37.121	-18.464	56.135	-75.355	47.822	-34.656	11.989	1.7947	-14.071	24.555	-2.5802	12.957	-11.941
-3.0479	21.309	7.5017	-9.8634	-0.60229	-2.1666	0.62533	3.139	-2.7073	1.1522	3.3737	2.5465	-2.6301	0.92281	-13.066	-204.62	23.637	75.177	-42.205	16.617	34.276	-57.058	60.763	-21.614	14.618	18.778	-14.184	20.687
-3.7645	15.928	6.889	-8.6017	-0.55971	-2.0864	1.0079	1.9808	-2.8519	1.9572	2.4584	2.656	-2.7314	0.93089	-28.663	-215.25	-24.511	50.465	1.703	3.2081	15.302	-46.328	-5.785	32.2	-36.61	4.3801	-4.0495	0.32292
-3.9749	12.954	6.2073	-7.5038	-0.1614	-0.58329	0.667	0.8398	-2.6501	3.1411	1.7959	2.4943	-2.4298	0.78816	-8.4155	-118.95	-27.267	43.919	15.932	60.125	-13.635	-45.638	8.0721	47.354	-26.502	-6.467	12.062	-5.7092
-4.1369	11.471	5.6754	-6.9502	0.99053	-1.1243	1.3629	-0.90729	-2.3497	4.2176	1.1112	2.3228	-2.6187	1.1413	-6.48	-59.312	-21.276	22.142	46.077	-21.639	27.836	-69.884	12.017	43.063	-27.387	-6.8597	-7.5538	14.127
-4.1523	8.9215	7.9295	-7.5336	1.3597	-0.45851	0.12945	-1.7934	-0.88925	3.6323	0.76819	2.6981	-3.3385	2.2119	-0.61376	-101.98	90.164	-23.334	14.765	26.63	-49.338	-35.445	58.416	-23.415	-13.722	15.012	-28.792	42.822
-4.28	9.3545	6.7274	-7.1076	3.1532	-0.77485	-1.3242	-1.7515	-0.098716	3.4677	0.74016	1.6335	-2.1553	1.8982	-5.1082	17.321	-48.081	17.04	71.741	-12.654	-58.146	1.6765	31.621	-6.5822	-1.1211	-42.583	47.327	-12.547
-4.5765	2.0667	7.091	-5.6337	4.2619	-0.92618	-1.5149	-2.975	0.82775	3.7388	-0.5247	2.3467	-1.642	1.3994	-11.863	-291.51	14.544	58.956	44.347	-6.053	-7.6269	-48.938	37.059	10.844	-50.594	28.527	20.531	-19.953
-5.1369	-6.6573	5.7684	-2.8688	6.4998	-2.4215	-1.1263	-2.9011	0.50765	4.4934	-0.77816	1.2626	-0.58189	1.9029	-22.414	-348.96	-52.904	110.59	89.516	-59.812	15.544	2.9543	-12.804	30.183	-10.139	-43.365	42.405	20.143
-6.0909	-13.759	3.4291	0.2325	7.5362	-3.4449	-0.39214	-1.5867	0.65675	3.5391	-0.93298	1.8205	-0.11169	1.1565	-38.161	-284.08	-93.574	124.05	41.458	-40.936	29.365	52.577	5.9641	-38.17	-6.1924	22.316	18.808	-29.859
-6.6467	-17.726	3.5209	1.2896	7.4133	-1.402	-1.3087	-2.2244	2.423	2.9472	-2.0921	1.4153	0.1781	1.393	-22.233	-158.67	3.6727	42.286	-4.9153	81.717	-36.664	-25.51	70.648	-23.675	-46.365	-16.206	11.591	9.4602
-7.2507	-31.559	2.5819	2.5948	6.997	-0.32843	-2.8041	-1.5545	2.6899	1.8969	-1.9815	1.3398	0.40364	1.7268	-24.16	-553.32	-37.56	52.206	-16.651	42.941	-59.814	26.796	10.677	-42.015	4.4252	-3.0223	9.0218	13.352
-7.9759	-27.321	-1.936	4.5448	7.2355	-1.2508	1.2728	-2.1124	3.6192	2.3603	-1.6119	1.4399	-0.8909	1.8652	-29.005	169.51	-180.72	78.002	9.537	-36.895	163.08	-22.313	37.173	18.539	14.781	4.006	-51.782	5.5387
-8.0731	-25.954	-2.8812	4.3757	6.9293	-2.0932	0.61414	-3.0847	3.4997	2.0715	-2.2645	0.6769	0.049255	1.9906	-3.8895	54.679	-37.807	-6.7646	-12.245	-33.695	-26.348	-38.894	-4.7809	-11.555	-26.102	-30.521	37.606	5.0127
-9.9483	-69.555	-8.72	10.273	2.4193	2.7118	3.1034	0.96502	0.31631	-0.91873	1.0664	0.73178	-0.98076	0.22334	-75.009	-1744	-233.55	235.87	-180.4	192.2	99.57	161.99	-127.34	-119.61	133.23	2.1951	-41.201	-70.689
-11.939	-76.46	-15.709	7.2234	0.92055	2.9473	3.5146	2.3064	2.0849	0.27009	1.3285	0.61767	-0.81981	-0.58202	-79.618	-276.19	-279.54	-121.96	-59.951	9.4213	16.45	53.654	70.744	47.553	10.487	-4.5646	6.4381	-32.214
-11.925	-79.719	-15.493	5.8577	-3.3788	0.87321	3.0363	0.1205	1.8957	0.13343	0.80426	1.7072	0.067976	0.32045	0.53375	-130.38	8.6319	-54.628	-171.98	-82.964	-19.134	-87.435	-7.5694	-5.4666	-20.971	43.581	35.511	36.099
-12.097	-81.109	-17.222	4.6352	-1.6575	0.51258	3.3236	-0.1514	1.1607	-0.52767	0.97265	2.2751	-0.27483	0.086196	-6.848	-55.616	-69.15	-48.901	68.854	-14.425	11.492	-10.876	-29.4	-26.444	6.7357	22.716	-13.712	-9.3703
