-8.0584	-20.098	-19.547	1.4393	-1.4628	-3.0695	0.68541	-1.1489	1.2004	1.2655	-0.27442	0.013139	1.9247	0.65382	0	0	0	0	0	0	0	0	0	0	0	0	0	0
-7.0956	-13.137	-20.398	3.03	-1.6888	-2.4392	1.4721	0.42166	1.1358	1.2557	0.37458	1.0312	1.029	0.83812	38.51	278.45	-34.037	63.629	-9.0425	25.213	31.467	62.824	-2.5841	-0.39231	25.96	40.722	-35.827	7.3719
-6.5252	-7.2288	-25.531	1.4442	-2.2564	-1.1963	0.95674	0.73627	0.46463	0.84088	2.0415	1.4464	0.59917	0.55156	22.819	236.31	-205.31	-63.431	-22.702	49.714	-20.614	12.584	-26.846	-16.592	66.677	16.608	-17.194	-11.462
-6.2322	0.17831	-23.25	3.573	-1.5639	-0.72811	0.48425	-0.21123	0.27014	-1.4672	-0.38865	-0.72346	1.0605	0.49627	11.72	296.28	91.246	85.152	27.697	18.729	-18.899	-37.9	-7.7799	-92.322	-97.207	-86.794	18.452	-2.2116
-5.6209	2.4206	-25.625	2.0793	-0.52986	0.58891	-0.067756	0.55469	0.72924	-1.9393	0.47304	-0.035552	-0.16393	0.17059	24.451	89.693	-95.001	-59.751	41.364	52.681	-22.08	30.637	18.364	-18.884	34.468	27.516	-48.976	-13.027
-5.0992	10.081	-26.511	0.99899	-0.38047	-0.24923	0.5349	1.5259	1.6189	0.57861	0.5831	-0.19767	-0.87951	-0.33767	20.869	306.4	-35.449	-43.211	5.9756	-33.526	24.106	38.848	35.584	100.71	4.4022	-6.4847	-28.623	-20.33
-4.7511	14.225	-27.555	0.20992	-0.29334	2.6434	-0.45937	1.178	1.6657	-0.033169	0.92731	-0.71576	-0.49035	0.54056	13.925	165.77	-41.761	-31.563	3.4852	115.7	-39.771	-13.917	1.8747	-24.471	13.768	-20.724	15.566	35.129
-4.2603	16.613	-26.915	-1.0898	0.080614	0.80536	0.065897	1.2227	-0.71496	0.020457	1.801	-0.43743	1.1238	1.2585	19.629	95.527	25.597	-51.988	14.958	-73.52	21.011	1.7892	-95.227	2.1451	34.949	11.133	64.567	28.717
-4.1736	16.703	-27.578	-0.91159	-0.6381	-0.26263	-0.14304	2.5509	-0.16141	-0.94611	0.61685	-0.48107	0.30488	0.87996	3.4709	3.6015	-26.509	7.1271	-28.749	-42.72	-8.3577	53.126	22.142	-38.663	-47.367	-1.7454	-32.758	-15.141
-4.4063	14.575	-25.64	0.097896	-0.67434	-0.79735	-1.3055	0.99385	0.94502	-2.0073	1.1358	1.6073	-0.79338	0.92793	-9.3096	-85.132	77.523	40.38	-1.4498	-21.389	-46.499	-62.28	44.257	-42.448	20.758	83.533	-43.93	1.9189
-4.9339	8.9265	-26.303	1.6824	0.7587	-0.44633	0.51378	1.5653	-0.70673	-0.99539	2.0686	0.54021	0.636	1.8441	-21.104	-225.93	-26.522	63.379	57.322	14.041	72.772	22.857	-66.07	40.476	37.313	-42.682	57.175	36.645
-5.0317	2.9452	-18.357	8.7973	5.169	1.7229	2.0289	0.62349	0.41723	-0.13687	0.697	-1.1717	0.28341	0.1864	-3.9119	-239.25	317.82	284.6	176.41	86.769	60.606	-37.671	44.958	34.341	-54.864	-68.479	-14.104	-66.307
-4.213	9.1973	-2.4383	9.822	9.8008	-1.3266	0.22969	0.24136	-1.0468	-0.17303	-0.51324	-0.79029	0.54867	-0.12316	32.748	250.09	636.76	40.989	185.27	-121.98	-71.97	-15.285	-58.561	-1.4464	-48.41	15.258	10.611	-12.382
-3.5269	11.614	1.4664	2.7274	14.424	-3.5811	0.22441	1.5385	-3.7904	0.47944	-1.7428	0.54267	0.25726	-0.10589	27.444	96.671	156.19	-283.78	184.91	-90.179	-0.21091	51.888	-109.74	26.099	-49.182	53.318	-11.657	0.69097
-3.2971	12.016	0.8196	2.3599	15.465	-4.6117	-0.10262	1.454	-2.6213	-0.17365	-1.9291	0.95125	-0.26473	0.66288	9.1921	16.089	-25.87	-14.703	41.64	-41.224	-13.082	-3.3811	46.764	-26.124	-7.4545	16.343	-20.879	30.751
-3.2208	11.259	0.82757	2.7432	15.628	-4.3298	-0.035431	1.5954	-2.1127	-0.91793	-1.3112	1.424	-0.5951	0.15611	3.0509	-30.277	0.31895	15.332	6.5272	11.276	2.6877	5.6547	20.345	-29.771	24.717	18.911	-13.215	-20.271
-3.2284	12.701	-1.063	5.6573	13.768	-2.063	-1.4947	2.2076	-1.5744	-1.7828	-1.2924	1.4119	-1.0122	0.55053	-0.30454	57.65	-75.623	116.57	-74.379	90.674	-58.369	24.488	21.532	-34.594	0.75341	-0.48526	-16.685	15.777
-3.2882	11.32	-2.6993	6.4194	14.052	-1.0455	-0.50772	1.2708	-1.3509	-2.1274	-1.4445	-0.19985	-0.06585	1.3989	-2.3892	-55.243	-65.453	30.483	11.334	40.699	39.478	-37.472	8.9378	-13.785	-6.0835	-64.47	37.855	33.933
-3.4677	10.16	-3.4302	9.4457	10.942	-0.10836	0.24781	0.040716	-0.8558	-2.7522	0.14235	-0.73942	-0.814	1.4338	-7.1826	-46.369	-29.236	121.05	-124.4	37.485	30.221	-49.202	19.804	-24.99	63.473	-21.582	-29.926	1.3985
-3.787	11.333	-5.99	10.107	10.039	0.80773	0.021522	-0.6432	1.5067	-3.0345	-0.075843	-0.36914	-0.89742	0.056935	-12.772	46.89	-102.39	26.444	-36.118	36.643	-9.0515	-27.357	94.501	-11.295	-8.7278	14.811	-3.3367	-55.076
-3.926	13.111	-5.9654	8.7512	9.5657	-0.43898	-0.72657	0.719	0.68162	-1.3462	0.49613	0.43747	-0.32034	0.024649	-5.5602	71.147	0.98636	-54.225	-18.916	-49.868	-29.924	54.488	-33.004	67.533	22.879	32.265	23.083	-1.2915
-3.8461	17.822	-4.2055	5.7507	9.3025	-0.12943	-1.9082	1.4194	1.5935	-0.35133	-1.0326	0.70233	-1.0358	0.18076	3.1976	188.43	70.393	-120.02	-10.529	12.382	-47.266	28.015	36.477	39.795	-61.15	10.594	-28.619	6.2446
-3.6516	17.874	-3.2338	4.7857	10	-0.44493	-1.1116	-0.15556	1.7632	-0.28227	-0.15137	1.2263	-0.038366	0.1816	7.7776	2.0919	38.87	-38.601	27.909	-12.62	31.866	-62.997	6.7848	2.7623	35.25	20.957	39.898	0.033413
-3.4085	23.192	-2.4669	3.8013	9.3963	-3.1381	-2.6381	1.151	3.5105	0.26176	0.30064	1.3003	-0.033438	0.17358	9.7244	212.71	30.677	-39.375	-24.156	-107.73	-61.063	52.261	69.893	21.761	18.08	2.9629	0.1971	-0.32095
-2.9883	26.259	-0.73278	2.7514	8.1566	-2.5794	-2.8442	-0.59537	3.1682	1.3949	1.6648	1.2454	-0.71727	-0.3376	16.808	122.69	69.363	-41.995	-49.588	22.346	-8.2446	-69.853	-13.693	45.328	54.565	-2.1966	-27.353	-20.447
-2.2775	28.444	4.0442	0.57846	5.7913	-4.0519	-2.8142	-0.67648	4.8257	1.0691	-0.0462	0.71321	0.61616	0.70705	28.436	87.402	191.08	-86.919	-94.61	-58.899	1.201	-3.2445	66.303	-13.036	-68.439	-21.288	53.337	41.786
-1.5115	35.308	7.041	-4.0548	5.2504	-7.1561	-0.72417	-1.2295	3.389	0.96491	1.0971	0.038332	1.092	1.3136	30.638	274.56	119.87	-185.33	-21.639	-124.17	83.602	-22.12	-57.47	-4.1657	45.733	-26.995	19.034	24.262
-1.0512	41.942	8.9336	-9.4001	4.3184	-6.5786	0.17059	-3.9232	3.3928	1.6534	1.0356	0.92145	0.3674	0.62504	18.411	265.35	75.707	-213.81	-37.28	23.098	35.79	-107.75	0.15312	27.538	-2.461	35.325	-28.984	-27.543
-0.76654	40.953	9.7093	-10.686	3.8659	-6.5722	-0.6801	-3.4018	2.899	2.7574	0.73955	1.2964	-0.43824	0.0007825	11.388	-39.56	31.027	-51.449	-18.099	0.25569	-34.028	20.856	-19.752	44.163	-11.842	14.998	-32.226	-24.97
-0.45028	44.456	7.8757	-11.628	3.0866	-6.7602	0.19662	-4.2914	2.9009	3.7535	0.99419	0.3872	-1.0638	0.29294	12.65	140.11	-73.346	-37.683	-31.171	-7.5185	35.069	-35.586	0.076589	39.842	10.186	-36.369	-25.024	11.686
-0.14051	44.666	9.6181	-13.481	2.3777	-6.8268	0.7865	-4.1223	3.6738	3.165	1.7339	-0.59736	-1.1354	0.18483	12.391	8.3926	69.696	-74.093	-28.357	-2.6658	23.595	6.765	30.914	-23.541	29.589	-39.382	-2.8625	-4.3245
-0.045956	46.884	9.7327	-14.767	-0.21906	-5.214	0.47123	-2.7172	3.166	3.7563	1.5205	-1.3856	-0.77608	0.18053	3.7823	88.714	4.5874	-51.448	-103.87	64.515	-12.611	56.203	-20.31	23.654	-8.5362	-31.531	14.373	-0.1719
-0.10219	45.334	10.202	-14.679	-3.1999	-2.7164	-0.60372	-1.5662	2.7851	2.9744	1.8885	-2.6719	-0.17556	-0.18706	-2.2495	-61.982	18.788	3.5087	-119.24	99.902	-42.998	46.041	-15.235	-31.275	14.72	-51.452	24.021	-14.704
-0.17915	45.135	10.651	-15.021	-2.8466	-3.2788	0.48739	-1.1135	2.6491	2.8564	2.0054	-3.0057	-0.35414	0.18311	-3.0783	-7.9673	17.94	-13.683	14.134	-22.496	43.644	18.108	-5.4399	-4.721	4.6762	-13.352	-7.1432	14.807
-0.13981	45.394	10.096	-14.55	-3.8964	-2.7898	0.39282	-1.0988	3.0341	2.4054	1.9297	-2.8564	-0.70998	0.4161	1.5736	10.362	-22.185	18.849	-41.99	19.562	-3.7828	0.58601	15.399	-18.038	-3.0306	5.9758	-14.234	9.3195
-0.092579	47.023	9.4844	-12.914	-3.8395	-2.8193	1.3989	-1.4641	3.0876	3.0267	1.4606	-2.6014	-0.58159	0.2893	1.8894	65.162	-24.479	65.441	2.2734	-1.1827	40.243	-14.609	2.1399	24.851	-18.761	10.196	5.1357	-5.0719
-0.062682	47.798	8.2989	-12.67	-4.1623	-3.3913	1.2314	-1.9828	3.1847	2.7192	2.3394	-2.9622	-0.46928	0.091473	1.1958	30.996	-47.418	9.7593	-12.912	-22.879	-6.698	-20.749	3.8827	-12.299	35.15	-14.429	4.4925	-7.9132
-0.10807	47.164	7.8458	-10.81	-4.0305	-3.3513	0.5113	-2.2651	3.048	2.8729	2.8515	-3.0681	0.17111	-0.22	-1.8157	-25.339	-18.125	74.405	5.272	1.6014	-28.806	-11.295	-5.4666	6.1469	20.485	-4.2366	25.616	-12.459
-0.34334	47.35	5.5972	-7.8499	-1.8374	-4.1205	-0.41189	-3.3881	3.6121	2.496	3.44	-2.7139	-0.15938	-0.26794	-9.4108	7.4455	-89.945	118.4	87.726	-30.767	-36.928	-44.92	22.563	-15.075	23.539	14.169	-13.22	-1.9175
-0.75405	43.709	5.6089	-4.3761	-1.2825	-3.2073	-1.7581	-3.5391	2.8123	2.5902	2.9696	-2.0297	0.13806	1.0722	-16.428	-145.65	0.47178	138.95	22.193	36.525	-53.849	-6.0378	-31.992	3.766	-18.816	27.365	11.897	53.606
-1.3547	38.431	5.3513	-0.71414	0.13191	-2.5752	-2.1885	-3.7589	2.1522	0.41738	2.3971	-0.13119	0.045921	1.6811	-24.025	-211.13	-10.305	146.48	56.578	25.283	-17.216	-8.7916	-26.403	-86.912	-22.899	75.942	-3.6854	24.356
-2.227	27.34	6.2317	0.6639	4.547	-1.7847	-0.90087	-3.4889	1.2552	-1.3954	0.73111	-0.51586	0.044069	0.98308	-34.894	-443.63	35.217	55.121	176.6	31.621	51.506	10.799	-35.88	-72.511	-66.639	-15.387	-0.074055	-27.922
-4.041	-13.016	6.8238	4.1024	4.3413	0.45282	-1.8172	-1.863	0.3335	-1.0218	-0.39778	0.028398	-0.87702	1.8374	-72.558	-1614.3	23.682	137.54	-8.2269	89.501	-36.654	65.038	-36.868	14.944	-45.155	21.77	-36.844	34.171
-7.5239	-24.188	-6.5433	10.687	1.0355	5.3066	2.6257	1.8603	0.4073	-3.0342	2.4549	-2.3635	1.7922	1.1206	-139.32	-446.89	-534.68	263.38	-132.23	194.15	177.72	148.93	2.9519	-80.498	114.11	-95.677	106.77	-28.672
-7.9921	-23.743	-8.3673	9.6395	0.048853	4.6191	2.6066	2.1419	0.38524	-3.3547	2.3489	-2.9206	1.6376	1.2372	-18.73	17.818	-72.96	-41.897	-39.465	-27.498	-0.76763	11.264	-0.88239	-12.816	-4.2417	-22.281	-6.1824	4.6657
-7.2118	-33.435	-4.528	7.4811	2.9612	0.32798	4.6979	0.59254	0.51048	-2.1807	0.37915	-0.28196	-0.25697	1.0999	31.214	-387.66	153.57	-86.338	116.49	-171.65	83.653	-61.975	5.0096	46.959	-78.789	105.54	-75.784	-5.4919
-6.7365	6.5962	-9.8476	1.6142	-0.74358	-4.1261	3.7272	-0.44231	1.2474	-2.4818	1.412	-0.097446	-0.1623	0.726	19.009	1601.2	-212.79	-234.68	-148.19	-178.16	-38.826	-41.394	29.477	-12.044	41.316	7.3804	3.7868	-14.956
-5.7738	3.7837	-8.9245	8.384	1.5679	-3.5833	3.2815	0.67582	-0.28432	-1.2232	1.8493	0.16067	-0.24332	1.0722	38.511	-112.5	36.926	270.79	92.457	21.713	-17.829	44.725	-61.269	50.343	17.492	10.325	-3.241	13.85
-4.6147	-1.8684	-5.503	9.7765	8.9481	0.32177	1.9021	-0.99399	-0.97619	-2.6019	-1.7015	-0.53895	-0.69765	0.88512	46.363	-226.09	136.86	55.7	295.21	156.2	-55.178	-66.792	-27.675	-55.146	-142.03	-27.985	-18.173	-7.4848
-3.6055	3.8035	-1.8932	7.2816	13.347	-1.5607	-0.57144	-3.6392	0.20488	-2.4065	-1.043	-0.5025	-0.87266	1.1801	40.369	226.88	144.39	-99.796	175.97	-75.298	-98.941	-105.81	47.243	7.8147	26.338	1.4579	-7.0002	11.798
-2.8045	11.58	-1.6829	4.4163	14.901	-2.0887	-0.1534	-5.428	1.1603	-4.3733	-0.91655	-1.2348	-0.95398	2.1922	32.04	311.06	8.4111	-114.61	62.15	-21.123	16.722	-71.553	38.216	-78.674	5.0593	-29.29	-3.2528	40.486
-2.3755	18.053	1.5165	2.4229	11.887	-2.9791	-0.85202	-5.3383	1.0196	-3.4423	-1.485	-1.0739	-0.51552	1.7137	17.157	258.91	127.98	-79.735	-120.56	-35.613	-27.945	3.5888	-5.625	37.24	-22.738	6.4329	17.538	-19.139
-2.2891	20.849	3.7878	1.6001	8.4318	-2.8044	-1.8782	-5.5351	2.066	-3.0169	-0.14213	-1.0644	-1.0426	1.2063	3.4587	111.86	90.852	-32.913	-138.21	6.9888	-41.047	-7.8705	41.855	17.016	53.715	0.38175	-21.082	-20.297
-2.2774	20.883	6.3119	0.52498	6.1479	-2.5544	-1.9812	-6.2711	2.101	-2.0826	1.1678	-0.42565	-0.58173	1.2699	0.4678	1.3339	100.96	-43.006	-91.358	9.9997	-4.1215	-29.441	1.398	37.374	52.395	25.55	18.433	2.5453
-2.0957	24.014	7.1898	-1.502	6.2217	-1.924	-3.6148	-5.5508	1.2985	-1.9551	1.5527	-0.27115	0.90417	0.84615	7.2653	125.26	35.116	-81.079	2.9543	25.213	-65.341	28.812	-32.1	5.0984	15.399	6.1797	59.436	-16.952
-1.8314	23.944	9.1422	-2.3885	5.4109	-2.6324	-3.5769	-5.2383	0.71085	-2.5358	2.1836	0.30001	0.29976	1.6794	10.572	-2.8132	78.096	-35.462	-32.433	-28.336	1.5138	12.499	-23.505	-23.229	25.236	22.846	-24.177	33.329
-1.6436	22.958	10.069	-2.4064	4.8254	-2.4991	-3.5194	-5.3264	0.52499	-2.651	1.7708	0.86524	0.25218	1.8453	7.5125	-39.415	37.056	-0.71552	-23.423	5.3328	2.3024	-3.5255	-7.4343	-4.6075	-16.513	22.609	-1.9032	6.6385
-1.6499	22.662	9.5169	-2.0608	5.3917	-1.9483	-4.0122	-4.4594	-0.35287	-2.4154	1.1901	0.74991	0.49321	1.7112	-0.24975	-11.853	-22.068	13.825	22.654	22.034	-19.713	34.683	-35.114	9.4245	-23.228	-4.6133	9.6413	-5.3657
-1.9851	19.459	8.7002	-0.78988	6.0125	-1.01	-4.2903	-3.705	-1.2448	-2.5914	0.92725	0.032931	0.99149	1.1121	-13.407	-128.13	-32.669	50.838	24.834	37.533	-11.124	30.176	-35.679	-7.0402	-10.515	-28.679	19.931	-23.963
-2.7869	13.218	8.9796	-0.22774	7.6647	0.33586	-3.4336	-3.8029	-1.5374	-1.3191	-1.0232	0.27958	0.63377	0.89433	-32.074	-249.63	11.178	22.485	66.086	53.833	34.268	-3.9183	-11.701	50.892	-78.019	9.866	-14.309	-8.7119
-4.0506	-11.971	8.3771	1.4163	7.3263	1.6984	-3.6168	-1.6053	-1.609	-0.20499	-1.3058	0.21727	0.20085	0.73458	-50.548	-1007.6	-24.103	65.761	-13.536	54.5	-7.3275	87.905	-2.8638	44.565	-11.304	-2.4925	-17.317	-6.3899
-8.0408	-52.636	4.8556	11.315	4.168	6.8742	-0.14829	-0.82231	-2.1716	-0.94445	0.58243	-0.46869	1.9007	0.92433	-159.61	-1626.6	-140.86	395.94	-126.33	207.03	138.74	31.32	-22.504	-29.578	75.53	-27.438	67.995	7.5902
-8.4774	-58.592	3.2505	12.294	4.3712	9.3102	-0.81724	-3.4327	-2.1891	-0.10536	0.44834	0.47254	1.891	-0.52921	-17.466	-238.22	-64.204	39.164	8.1247	97.439	-26.758	-104.42	-0.70058	33.563	-5.3639	37.649	-0.38812	-58.142
-9.0916	-61.214	0.061341	11.72	3.5562	7.6493	0.24643	-0.84026	-0.54886	-0.97548	0.32383	-0.23286	-0.12136	-0.2936	-24.567	-104.9	-127.57	-22.94	-32.6	-66.434	42.547	103.7	65.609	-34.805	-4.9802	-28.216	-80.495	9.4245
-9.9983	-64.577	-3.0811	9.43	3.2153	7.9853	1.7861	1.5771	-0.3536	-0.83847	0.2605	-1.2131	-0.13623	-1.1275	-36.269	-134.51	-125.7	-91.614	-13.634	13.439	61.588	96.693	7.8104	5.4805	-2.5332	-39.208	-0.595	-33.354
-10.966	-69.277	-5.2642	9.5908	1.3438	8.9292	2.6203	3.0406	-0.14873	0.19664	-0.63948	-1.7014	0.66673	-1.6233	-38.701	-188.01	-87.323	6.4303	-74.859	37.756	33.369	58.54	8.195	41.404	-35.999	-19.535	32.118	-19.833
-11.841	-73.651	-9.3903	5.0599	-2.8263	7.067	3.5944	3.5113	0.96954	1.6413	1.9615	0.15207	0.3989	-0.9454	-35.003	-174.96	-165.04	-181.23	-166.8	-74.486	38.961	18.83	44.731	57.784	104.04	74.14	-10.713	27.115
-5.1079	26.497	-9.1885	4.3997	-3.4153	-1.567	1.3392	-0.014081	-1.9597	-1.8954	0.084071	0.28236	1.0779	0.040927	269.32	4005.9	8.0724	-26.407	-23.559	-345.36	-90.205	-141.02	-117.17	-141.47	-75.099	5.2117	27.159	39.453
-2.7708	28.469	-5.5654	7.5268	-3.2604	1.0194	-0.58943	-0.92845	-0.69733	-0.28956	0.995	-0.71882	2.4743	0.79135	93.486	78.891	144.92	125.08	6.1922	103.45	-77.146	-36.575	50.495	64.234	36.437	-40.048	55.857	30.017
-1.79	33.629	8.6159	-2.3604	1.0751	-3.6769	-1.3811	-4.8611	-1.1928	1.8679	1.8057	0.42461	-0.023243	1.6163	39.233	206.39	567.25	-395.49	173.42	-187.85	-31.667	-157.3	-19.819	86.298	32.428	45.737	-99.901	32.998
-1.2971	40.816	3.0786	-1.7743	-3.0549	-2.304	-3.2508	-3.2579	-0.26401	1.1575	3.5569	0.20606	-1.1112	0.65036	19.714	287.46	-221.49	23.445	-165.2	54.918	-74.787	64.127	37.152	-28.416	70.048	-8.7421	-43.52	-38.637
-1.3572	39.644	5.2261	-4.2259	-5.6568	-2.6088	-2.6068	-0.68665	0.12584	1.5875	3.7534	-0.69763	-2.8123	1.125	-2.4019	-46.841	85.902	-98.067	-104.08	-12.192	25.759	102.85	15.594	17.201	7.8595	-36.147	-68.043	18.987
-1.1325	41.988	4.4007	-4.9717	-8.5396	-0.64898	-2.8871	1.994	-0.96846	1.9071	3.2343	-0.96536	-3.4663	0.86806	8.9849	93.758	-33.016	-29.829	-115.31	78.391	-11.212	107.23	-43.772	12.784	-20.763	-10.709	-26.159	-10.279
-0.97904	39.416	8.3356	-9.2232	-7.3185	-2.1136	-0.70569	3.075	-1.0171	0.83028	2.5823	-0.7137	-3.074	0.28992	6.1401	-102.88	157.4	-170.06	48.843	-58.583	87.256	43.238	-1.9441	-43.074	-26.079	10.066	15.692	-23.125
-1.0005	37.796	9.7826	-11.561	-6.5999	-2.9087	0.95985	2.997	-0.95651	0.39315	2.0309	-0.54974	-2.5427	-0.035637	-0.85992	-64.796	57.88	-93.531	28.743	-31.806	66.621	-3.1178	2.4221	-17.485	-22.057	6.5587	21.252	-13.022
-0.93556	37.694	10.29	-11.48	-7.5094	-2.4921	1.2781	3.7356	-1.708	0.97878	1.6809	-1.0031	-1.7753	-0.20027	2.5988	-4.1061	20.284	3.263	-36.381	16.664	12.73	29.542	-30.06	23.425	-14.002	-18.133	30.697	-6.5854
-0.81758	37.09	11.24	-12.048	-7.5429	-2.2892	2.6011	2.5459	0.13408	-0.58223	2.4436	-1.2093	-1.8265	0.7261	4.7192	-24.157	38.015	-22.729	-1.3378	8.1167	52.919	-47.587	73.683	-62.44	30.509	-8.2481	-2.0513	37.055
-0.82437	37.167	11.033	-11.486	-7.6867	-2.7324	3.8194	2.144	0.42452	-1.1472	2.8252	-1.3896	-1.5595	0.97283	-0.27145	3.0696	-8.2939	22.481	-5.7542	-17.729	48.733	-16.078	11.618	-22.598	15.263	-7.2139	10.683	9.869
-0.95589	35.794	11.449	-11.805	-8.3965	-2.5365	4.1521	1.5484	0.61919	-1.0864	2.281	-1.1369	-1.5919	0.80607	-5.2607	-54.914	16.652	-12.771	-28.388	7.8366	13.308	-23.824	7.7869	2.4306	-21.768	10.109	-1.2977	-6.6702
-1.0115	34.886	11.377	-11.04	-8.8531	-2.1878	4.4789	1.0826	1.3341	-1.5271	2.2095	-0.60527	-1.9327	0.81742	-2.2235	-36.292	-2.8994	30.599	-18.265	13.95	13.073	-18.632	28.598	-17.627	-2.861	21.264	-13.631	0.45383
-0.94655	35.811	10.503	-10.989	-8.5553	-1.7189	3.7333	1.6888	1.5143	-2.1626	2.5117	0.067863	-2.8401	1.3668	2.5968	36.975	-34.948	2.0363	11.912	18.755	-29.825	24.25	7.2077	-25.421	12.091	26.925	-36.296	21.975
-1.1658	33.982	10.858	-10.018	-9.1526	-1.2125	4.0351	1.2138	1.8567	-2.4579	2.7065	0.31629	-2.8849	0.93638	-8.7685	-73.143	14.204	38.849	-23.894	20.257	12.071	-19.002	13.693	-11.813	7.7909	9.9373	-1.7913	-17.217
-1.4439	31.605	11.452	-10.121	-8.3714	-1.4607	3.8639	0.42199	2.1573	-1.6339	1.9298	-0.056415	-2.0553	0.43446	-11.125	-95.109	23.769	-4.1172	31.248	-9.9282	-6.8468	-31.671	12.027	32.962	-31.07	-14.908	33.184	-20.077
-1.602	33.805	9.788	-9.0285	-8.5835	-0.53467	3.1831	-0.26259	3.0024	-1.066	0.74667	0.9414	-2.5361	0.12702	-6.3224	88.008	-66.567	43.71	-8.4822	37.04	-27.232	-27.383	33.803	22.716	-47.324	39.912	-19.235	-12.298
-1.5701	35.285	8.794	-8.9258	-7.4671	0.073668	1.8972	-1.1729	4.1988	-0.76839	0.12396	0.85507	-1.8163	-0.52173	1.2762	59.19	-39.76	4.1083	44.653	24.333	-51.435	-36.412	47.854	11.904	-24.908	-3.4531	28.793	-25.95
-1.9931	38.362	7.5875	-11.137	-5.0789	-0.74633	3.0399	-2.7995	3.9946	1.4346	-0.4762	-0.65867	-0.27989	-0.21481	-16.922	123.12	-48.262	-88.446	95.531	-32.8	45.706	-65.066	-8.1685	88.119	-24.007	-60.55	61.457	12.277
-2.7292	22.849	8.2236	-4.3024	-4.9701	1.7094	1.4764	-4.4368	6.4627	0.728	-0.78442	-1.1864	0.48833	0.89484	-29.442	-620.54	25.444	273.38	4.3506	98.229	-62.538	-65.49	98.727	-28.263	-12.329	-21.107	30.729	44.386
-4.4371	4.3213	6.344	0.33392	-4.8033	4.6055	0.78472	-6.2044	5.4953	2.1758	-0.21755	-0.75308	-1.2757	2.4553	-68.317	-741.11	-75.182	185.45	6.6724	115.84	-27.669	-70.705	-38.698	57.914	22.675	17.331	-70.561	62.417
-7.512	-35.153	-1.1999	1.9114	-3.1034	7.1353	1.2863	-3.3557	2.3942	1.9816	0.47906	-1.9217	-0.14999	3.1777	-122.99	-1579	-301.76	63.1	67.995	101.19	20.061	113.95	-124.04	-7.7705	27.865	-46.745	45.028	28.898
-11.812	-78.475	-13.713	0.64269	-3.7297	4.9113	1.132	1.7449	-0.20616	0.25341	0.23589	-0.37253	1.2225	1.7448	-171.98	-1732.8	-500.54	-50.749	-25.05	-88.96	-6.172	204.02	-104.02	-69.127	-9.7269	61.967	54.898	-57.317
-13.525	-78.43	-16.802	-1.4827	-5.3442	4.9218	0.84447	0.83431	1.0272	2.0444	1.6664	0.18949	1.8594	0.61781	-68.556	1.7838	-123.53	-85.014	-64.583	0.42183	-11.5	-36.423	49.336	71.638	57.221	22.481	25.479	-45.079
-13.744	-79.172	-17.184	0.5946	-4.6863	3.7791	1.1299	1.0378	1.0929	0.054808	2.8879	0.099814	1.4988	0.88514	-8.7517	-29.667	-15.284	83.091	26.318	-45.709	11.417	8.1386	2.627	-79.582	48.857	-3.5872	-14.423	10.693
-7.2996	-43.876	-0.97107	3.8976	-2.0331	5.4032	1.3839	1.4543	0.59947	0.51736	1.3059	-0.30592	1.0833	0.38618	257.79	1411.8	648.51	132.12	106.13	64.964	10.159	16.66	-19.738	18.502	-63.278	-16.23	-16.622	-19.958
-5.3064	14.3	-7.1972	-4.6278	-14.766	5.3571	2.8193	0.080071	-0.39792	-1.0153	2.553	0.075038	0.96623	0.82094	79.727	2327	-249.04	-341.02	-509.31	-1.8432	57.419	-54.968	-39.896	-61.307	49.884	15.238	-4.6827	17.39
-5.019	9.739	-7.3309	-1.6791	-12.576	5.5704	4.6583	0.88734	-0.070876	-1.3095	2.1656	0.8535	0.40155	-0.4729	11.499	-182.43	-5.3501	117.95	87.605	8.5318	73.559	32.291	13.082	-11.767	-15.495	31.138	-22.587	-51.754
-4.6307	20.153	-19.27	2.3158	-5.7221	4.9062	-1.6439	-1.7188	0.28686	0.49516	2.8888	0.18252	0.53747	0.68491	15.531	416.56	-477.55	159.8	274.14	-26.568	-252.09	-104.25	14.31	72.186	28.928	-26.839	5.4366	46.312
-3.5506	25.208	-22.758	3.1206	-7.8309	6.6579	-0.96224	0.64749	-0.21571	1.8903	2.1131	-1.225	1.1204	-0.34639	43.205	202.19	-139.52	32.19	-84.352	70.066	27.266	94.653	-20.103	55.804	-31.027	-56.302	23.317	-41.252
-3.2631	25.913	-22.966	4.8541	-9.8089	5.8971	-0.99846	1.3204	-0.70676	1.4668	2.0722	-0.11351	1.6903	-0.18221	11.498	28.21	-8.3136	69.342	-79.123	-30.429	-1.4489	26.915	-19.642	-16.937	-1.6378	44.461	22.795	6.5671
-3.4484	21.652	-21.395	6.6341	-7.8918	6.2083	0.75249	1.9548	-0.74779	2.656	0.61728	0.070339	0.33678	0.48143	-7.4132	-170.43	62.829	71.197	76.684	12.447	70.038	25.379	-1.6411	47.565	-58.196	7.3538	-54.139	26.546
-3.5594	14.716	-25.143	6.311	-8.2891	4.9244	1.8034	1.0048	-1.9931	-0.43972	0.65367	-0.22151	0.27226	0.035046	-4.4405	-277.44	-149.95	-12.921	-15.892	-51.359	42.037	-38.003	-49.814	-123.83	1.4555	-11.674	-2.5808	-17.855
-3.9106	11.263	-24.828	7.5407	-8.3794	4.143	-1.6757	2.8259	-1.3583	-0.71818	0.2631	-0.9757	-0.50774	0.79459	-14.046	-138.14	12.639	49.185	-3.6101	-31.254	-139.17	72.843	25.395	-11.138	-15.623	-30.168	-31.2	30.382
-4.1044	11.032	-22.93	7.013	-7.5198	3.502	-2.3023	2.2705	-0.71634	1.3677	0.76189	-1.4767	-0.45537	0.82003	-7.7546	-9.2329	75.893	-21.107	34.383	-25.639	-25.062	-22.213	25.677	83.435	19.952	-20.04	2.0949	1.0179
-4.1075	10.278	-23.734	7.6126	-8.0061	3.4444	-1.6523	1.5274	-1.0055	1.2935	0.77755	-2.1998	1.2068	1.5976	-0.12172	-30.135	-32.152	23.987	-19.45	-2.3052	25.999	-29.727	-11.567	-2.966	0.62654	-28.926	66.487	31.103
-3.8916	9.9791	-24.306	7.3998	-9.3422	3.4803	-2.5317	1.2042	-0.12945	2.331	1.4672	-1.2653	-0.70417	-0.49234	8.6347	-11.972	-22.894	-8.5146	-53.446	1.4359	-35.174	-12.926	35.043	41.5	27.584	37.384	-76.439	-83.598
-3.686	11.448	-23.668	7.4206	-9.9017	4.0703	-1.073	2.2787	-1.6722	-1.0682	0.47791	-1.4303	-0.26359	0.65377	8.2237	58.747	25.528	0.83342	-22.38	23.601	58.345	42.981	-61.712	-135.97	-39.57	-6.6003	17.623	45.844
-3.3696	11.628	-25.232	7.136	-10.191	5.7502	-1.3358	1.3366	-0.16169	0.70917	-0.211	-1.466	1.9599	2.5229	12.657	7.214	-62.553	-11.386	-11.575	67.194	-10.511	-37.685	60.422	71.096	-27.556	-1.4305	88.938	74.764
-3.3248	15.326	-24.782	7.3612	-8.4996	4.9476	-2.4494	1.4042	1.4183	0.50751	-0.11594	-0.78286	0.98661	0.49364	1.7931	147.92	18	9.0073	67.66	-32.106	-44.543	2.706	63.199	-8.0663	3.8025	27.327	-38.93	-81.169
-3.754	14.693	-25.519	5.8335	-7.9189	4.6689	-3.0623	0.28886	0.44558	2.3122	0.2721	-2.5654	1.1122	0.27385	-17.17	-25.305	-29.492	-61.108	23.228	-11.147	-24.515	-44.615	-38.908	72.189	15.521	-71.303	5.0233	-8.7918
-4.5206	9.8775	-21.136	4.258	-6.1092	6.7953	-2.3976	0.75771	2.6817	2.3039	1.9868	-2.1831	0.11345	2.2413	-30.662	-192.64	175.35	-63.021	72.388	85.055	26.585	18.754	89.446	-0.33133	68.587	15.294	-39.95	78.697
-3.1729	17.015	0.22996	8.0037	0.75061	5.4373	-2.1687	-3.4568	-0.61288	-0.34602	-1.1225	-1.1448	1.6324	0.84664	53.909	285.5	854.62	149.83	274.39	-54.319	9.1558	-168.58	-131.78	-106	-124.37	41.529	60.759	-55.786
-2.5766	19.692	7.4247	0.86018	7.307	0.96693	-2.3026	-5.6901	-1.9615	0.64689	-2.8787	1.4109	-1.0212	0.74287	23.849	107.07	287.79	-285.74	262.26	-178.81	-5.3525	-89.333	-53.945	39.716	-70.247	102.23	-106.15	-4.1507
-2.4601	18.054	6.5699	-2.032	9.0377	-0.55394	-2.4074	-4.7286	-1.2806	1.8892	-4.4667	1.0089	-1.2843	0.43061	4.6606	-65.508	-34.192	-115.69	69.227	-60.835	-4.1931	38.461	27.237	49.694	-63.52	-16.08	-10.52	-12.49
-2.7755	14.84	5.9526	-0.56748	9.178	-0.82408	-2.3578	-4.325	-1.2661	2.185	-4.6294	1.6645	-2.0078	-0.22988	-12.616	-128.57	-24.691	58.579	5.6114	-10.806	1.9848	16.145	0.5788	11.828	-6.5097	26.225	-28.942	-26.419
-3.0221	10.796	6.7875	-0.70738	9.7244	-0.67561	-2.8102	-3.527	-1.1495	1.8318	-5.0389	2.2319	-1.664	-1.0616	-9.864	-161.75	33.397	-5.5959	21.857	5.9389	-18.098	31.92	4.6633	-14.128	-16.379	22.696	13.753	-33.268
-3.2273	7.8847	7.1642	-0.063922	9.3169	0.48574	-3.3357	-2.874	-1.6602	1.8434	-4.4069	1.2353	-1.0812	-1.6942	-8.2091	-116.46	15.068	25.738	-16.298	46.454	-21.018	26.12	-20.428	0.4666	25.279	-39.863	23.309	-25.304
-3.2966	7.7042	5.7655	2.2418	6.6939	3.2076	-3.7797	-2.4351	-2.6922	1.9373	-3.8535	0.69822	-1.0403	-1.293	-2.7721	-7.2191	-55.949	92.228	-104.92	108.87	-17.762	17.557	-41.278	3.7568	22.139	-21.484	1.637	16.046
-3.2735	6.2352	6.2166	2.2632	6.6382	3.3037	-3.2389	-2.3338	-3.2225	1.9996	-3.7233	0.45619	-0.87859	-1.4353	0.92597	-58.762	18.045	0.8548	-2.2277	3.843	21.634	4.0492	-21.211	2.4921	5.2052	-9.6811	6.4693	-5.6923
-3.2744	2.1649	9.567	-0.6116	8.9669	1.5098	-1.6905	-2.8731	-3.2932	1.4364	-2.9925	0.18063	-1.0081	-1.7519	-0.034989	-162.81	134.02	-114.99	93.147	-71.754	61.934	-21.568	-2.8316	-22.53	29.235	-11.022	-5.1805	-12.663
-3.4062	-0.516	10.166	0.0060005	8.4612	1.531	-0.81006	-3.133	-3.7694	1.8128	-3.4496	0.84149	-1.6765	-1.7506	-5.2747	-107.24	23.944	24.704	-20.231	0.84909	35.219	-10.398	-19.045	15.057	-18.285	26.434	-26.738	0.054399
-3.5512	-1.3148	9.0577	1.5154	7.683	1.9507	-0.65346	-3.01	-3.8937	2.0331	-3.8987	1.2433	-1.6249	-1.9721	-5.7995	-31.95	-44.317	60.377	-31.125	16.786	6.2641	4.9188	-4.9719	8.8118	-17.965	16.071	2.0639	-8.8619
-3.5753	-3.7414	9.7537	1.4289	7.7763	2.4096	-0.12702	-3.5646	-3.6695	1.8326	-3.6024	0.99456	-1.0441	-2.3809	-0.96132	-97.065	27.842	-3.4612	3.7302	18.357	21.058	-22.183	8.9646	-8.0198	11.851	-9.9481	23.233	-16.354
-3.531	-6.1669	10.238	1.6868	7.9414	2.6902	-0.25675	-3.4243	-4.123	1.7805	-3.6798	1.0552	-0.93551	-2.2016	1.7719	-97.019	19.361	10.316	6.6055	11.223	-5.1893	5.6111	-18.139	-2.0854	-3.0932	2.4262	4.3447	7.1733
-3.6137	-4.5092	8.606	2.2033	8.339	2.8107	-0.76892	-3.4897	-3.5666	1.3126	-3.3944	0.3504	-0.19859	-2.7425	-3.309	66.308	-65.269	20.66	15.902	4.8221	-20.487	-2.6155	22.258	-18.717	11.415	-28.192	29.477	-21.637
-3.7059	-5.785	8.2143	1.637	10.159	3.06	-2.3289	-2.9184	-3.9957	1.7004	-3.187	-0.68194	-0.20961	-1.9494	-3.6899	-51.035	-15.67	-22.65	72.805	9.9698	-62.4	22.852	-17.167	15.515	8.2976	-41.294	-0.44107	31.727
-3.8398	-11.574	9.38	1.2828	10.81	4.7473	-3.7363	-2.5484	-3.4857	0.63143	-2.1011	-2.3702	-1.1449	-1.1303	-5.355	-231.55	46.627	-14.171	26.028	67.495	-56.294	14.801	20.402	-42.761	43.434	-67.532	-37.413	32.761
-4.3437	-18.123	9.5846	2.7839	8.4654	7.0401	-3.8793	-1.6759	-2.6811	-2.3485	-1.9651	-2.3146	-1.7458	-0.6448	-20.156	-261.95	8.1867	60.045	-93.774	91.71	-5.7191	34.9	32.184	-119.2	5.438	2.2249	-24.036	19.421
-5.6504	-38.092	6.2565	6.1653	5.2463	5.9526	-3.905	-0.053674	-1.3211	-2.6135	0.99888	-2.2164	-1.9637	0.32193	-52.268	-798.78	-133.13	135.25	-128.76	-43.501	-1.0317	64.888	54.4	-10.6	118.56	3.9267	-8.7162	38.67
-9.5522	-61.64	-0.62434	12.152	2.1934	6.4326	0.73587	0.32746	-1.2056	-0.92222	0.47962	-0.62529	0.72213	0.065644	-156.07	-941.9	-275.23	239.46	-122.12	19.202	185.64	15.245	4.6209	67.65	-20.77	63.646	107.43	-10.252
-11.431	-73.881	-12.116	3.6901	-2.6797	6.2785	3.217	2.631	-0.086436	0.17336	2.2991	0.21936	-0.65308	0.065851	-75.154	-489.66	-459.66	-338.47	-194.93	-6.165	99.246	92.143	44.765	43.823	72.78	33.786	-55.008	0.0082821
-13.727	-76.001	-13.958	3.4997	-4.0979	4.5214	1.624	2.8417	0.55538	0.10338	0.67331	-0.33365	0.94037	0.67077	-91.834	-84.778	-73.663	-7.6151	-56.727	-70.285	-63.72	8.427	25.673	-2.799	-65.033	-22.121	63.738	24.197
-13.851	-78.314	-17.091	1.2019	-4.7676	3.8342	1.426	2.0313	1.6575	0.12333	0.08424	-0.97941	-0.028778	0.16187	-4.9655	-92.548	-125.32	-91.91	-26.788	-27.486	-7.9196	-32.416	44.085	0.79811	-23.563	-25.83	-38.766	-20.356
-7.3782	-14.65	-7.8968	-3.6478	-1.9137	-2.3198	0.64013	-1.3996	2.5249	-0.47258	0.18316	-1.3304	0.99228	1.7847	258.92	2546.6	367.75	-193.99	114.15	-246.16	-31.437	-137.24	34.695	-23.837	3.9569	-14.04	40.842	64.913
-6.9238	8.9424	-12.418	-1.3441	-4.2559	-1.1145	-1.4649	-1.5669	2.6994	-0.47512	-0.67958	-1.3631	1.3405	2.2192	18.174	943.7	-180.85	92.145	-93.686	48.211	-84.202	-6.6888	6.9814	-0.10158	-34.51	-1.3064	13.927	17.38
-7.3558	-13.579	-16.637	1.4675	0.85255	3.3473	-3.6584	-3.222	3.4312	-2.301	-2.0725	-1.213	0.094773	2.311	-17.28	-900.84	-168.77	112.46	204.34	178.47	-87.74	-66.206	29.273	-73.034	-55.716	6.0026	-49.827	3.6711
-9.7707	-61.636	-13.499	0.68412	0.22325	6.4008	-2.6296	-0.5035	0.90764	-3.424	-1.059	-1.2263	-1.2592	0.43335	-96.595	-1922.3	125.54	-31.334	-25.172	122.14	41.154	108.74	-100.94	-44.92	40.539	-0.53014	-54.158	-75.106
-12.463	-76.986	-15.977	1.4978	-3.8637	4.4535	0.39778	0.58447	-0.79276	-1.8541	0.21916	-1.0971	-0.34483	-0.0092817	-107.71	-613.98	-99.12	32.548	-163.48	-77.893	121.09	43.519	-68.016	62.793	51.126	5.1671	36.574	-17.705
-13.912	-79.966	-16.653	0.51297	-4.4523	5.909	3.4594	2.5057	1.7235	0.7346	-0.29869	-0.18081	0.62873	-0.18742	-57.956	-119.22	-27.062	-39.394	-23.545	58.219	122.47	76.851	100.65	103.55	-20.714	36.651	38.942	-7.1256
-14.074	-79.575	-15.646	0.53452	-3.1063	4.7981	2.0085	2.65	0.49322	0.81411	0.13262	-1.4151	0.29349	1.4	-6.4717	15.653	40.292	0.86192	53.842	-44.437	-58.037	5.7705	-49.213	3.1803	17.252	-49.372	-13.41	63.496
-14.187	-82.31	-16.688	-0.054068	-2.3693	3.8472	0.47576	2.574	1.6162	1.3709	0.4171	-1.0026	-0.080723	0.014807	-4.5091	-109.39	-41.693	-23.543	29.481	-38.034	-61.31	-3.0402	44.918	22.271	11.379	16.502	-14.968	-55.407
-14.065	-81.053	-16.345	2.3013	-2.05	2.989	-0.62814	0.52575	0.16125	0.83134	0.32514	0.12591	0.68528	0.28837	4.8553	50.268	13.727	94.216	12.77	-34.33	-44.156	-81.93	-58.197	-21.582	-3.6785	45.139	30.64	10.942
-13.935	-78.479	-16.849	1.798	-4.2841	1.632	-0.66257	0.70683	0.28906	0.45266	1.0047	-1.0876	1.2693	1.1676	5.2086	102.98	-20.168	-20.135	-89.362	-54.281	-1.3775	7.2434	5.1123	-15.147	27.184	-48.54	23.359	35.17
-13.964	-81.115	-15.922	1.185	-4.4843	3.2108	0.50767	1.5623	0.18271	1.2424	2.2268	0.73927	0.67414	0.59293	-1.1711	-105.47	37.094	-24.518	-8.0068	63.153	46.81	34.218	-4.2537	31.589	48.884	73.074	-23.805	-22.988
-13.99	-79.003	-17.011	1.9606	-3.4369	4.2044	0.59075	0.11888	0.46878	1.091	0.31029	-0.42144	2.1515	1.0628	-1.0157	84.508	-43.546	31.022	41.893	39.745	3.3231	-57.736	11.443	-6.0561	-76.662	-46.429	59.093	18.797
-13.777	-79.656	-17.012	2.0822	-2.9447	4.9873	1.8114	1.3028	-0.80641	-0.41443	0.72685	-0.75296	1.6526	-0.0054861	8.5075	-26.121	-0.049484	4.8651	19.691	31.317	48.827	47.357	-51.008	-60.217	16.662	-13.261	-19.953	-42.733
-13.906	-78.171	-15.626	1.6207	-3.6948	4.551	2.0179	1.5989	1.8181	0.47356	2.8598	0.44916	0.77712	0.88082	-5.1716	59.374	55.426	-18.458	-30.005	-17.454	8.2592	11.845	104.98	35.52	85.319	48.084	-35.021	35.452
-13.791	-80.529	-14.934	2.7614	-4.5758	3.9823	0.79462	0.34108	0.072806	2.0575	1.6989	0.19289	2.5722	0.55341	4.6239	-94.305	27.683	45.625	-35.241	-22.746	-48.931	-50.314	-69.81	63.357	-46.436	-10.251	71.802	-13.097
-13.903	-81.074	-16.587	1.8006	-3.5524	4.797	0.88334	0.073559	-0.45556	0.9859	2.5113	-0.35669	1.3429	0.38237	-4.5033	-21.801	-66.113	-38.431	40.938	32.588	3.5486	-10.701	-21.135	-42.864	32.497	-21.983	-49.172	-6.8416
-13.854	-78.573	-15.228	2.5761	-1.577	4.6853	1.1904	0.87567	-0.61535	1.4658	2.2081	-0.66943	0.49668	1.0889	1.9626	100.02	54.35	31.022	79.015	-4.4702	12.281	32.085	-6.3916	19.197	-12.129	-12.51	-33.847	28.259
-13.869	-78.465	-15.501	0.8104	-4.8652	3.4368	0.5469	0.7732	0.27404	2.0607	1.5667	-0.75744	0.25726	-0.13887	-0.56827	4.3362	-10.906	-70.629	-131.53	-49.941	-25.739	-4.0988	35.576	23.793	-25.658	-3.5203	-9.5769	-49.109
-13.967	-79.293	-16.438	0.27471	-4.0552	2.0997	0.91401	2.4683	1.2554	1.6698	1.7404	-0.55695	0.65536	1.0017	-3.9241	-33.112	-37.49	-21.428	32.401	-53.482	14.685	67.803	39.252	-15.634	6.9491	8.0195	15.924	45.623
-13.769	-78.363	-15.375	1.6773	-3.5486	6.2841	0.37807	1.1108	1.2095	0.69241	0.61626	-0.37437	0.78623	0.26191	7.9103	37.203	42.517	56.104	20.264	167.38	-21.438	-54.298	-1.8354	-39.096	-44.966	7.3033	5.2351	-29.591
-13.844	-76.667	-15.44	1.9648	-3.1757	5.8501	1.4732	1.4819	1.0045	1.034	1.9187	-0.52313	-0.21287	0.3413	-3.0016	67.844	-2.5756	11.502	14.915	-17.364	43.807	14.842	-8.1967	13.662	52.099	-5.9505	-39.964	3.1754
-13.846	-78.792	-15.931	3.2154	-2.4199	5.2694	0.46591	0.21396	0.23999	0.29002	2.7036	0.365	-0.59015	-1.2935	-0.10078	-84.999	-19.651	50.02	30.234	-23.225	-40.293	-50.717	-30.582	-29.758	31.393	35.525	-15.091	-65.391
-13.981	-82.376	-17.745	1.1709	-2.6674	6.0011	0.77098	0.78249	1.415	1.9295	1.2185	-1.76	-0.46942	-1.2781	-5.3829	-143.39	-72.554	-81.776	-9.903	29.266	12.203	22.741	47	65.581	-59.404	-85	4.8291	0.61692
-13.828	-79.693	-15.15	2.3984	-3.6173	5.3241	-0.38716	0.13261	-0.52851	-0.37085	0.51776	-1.0687	0.55064	-0.45245	6.1369	107.35	103.78	49.098	-37.996	-27.078	-46.326	-25.995	-77.74	-92.016	-28.028	27.652	40.803	33.024
-13.696	-77.896	-15.457	1.7974	-2.2847	5.7173	1.5717	0.47194	0.39106	1.7049	1.2189	0.43506	0.92845	-0.31488	5.2681	71.886	-12.262	-24.04	53.304	15.728	78.355	13.573	36.783	83.03	28.044	60.15	15.112	5.5029
-13.811	-79.057	-19.205	-1.104	-2.247	3.3301	1.3252	1.3706	-0.61395	1.1524	1.6665	0.2973	1.149	-0.35326	-4.5859	-46.441	-149.91	-116.06	1.5086	-95.491	-9.8618	35.946	-40.2	-22.099	17.905	-5.5105	8.8207	-1.535
-7.3087	-56.354	-19.017	-2.4325	6.0894	-1.5368	-2.0463	1.3553	0.0052833	1.0408	0.036529	1.2169	0.013329	-0.942	260.08	908.09	7.5221	-53.14	333.46	-194.68	-134.86	-0.61077	24.769	-4.4632	-65.199	36.784	-45.425	-23.55
-4.9803	0.063674	-5.8123	-0.63129	12.75	-6.3534	-1.3348	0.31005	1.0641	-0.65704	-2.5082	2.825	-0.19681	0.16144	93.136	2256.7	528.18	72.048	266.43	-192.66	28.458	-41.811	42.353	-67.915	-101.79	64.325	-8.4057	44.138
-4.1265	14.198	2.2682	-1.1542	12.181	-7.2022	-2.713	-0.89928	0.39157	-1.6556	-1.8132	2.6446	-0.03672	1.4266	34.152	565.36	323.22	-20.918	-22.772	-33.951	-55.127	-48.373	-26.902	-39.943	27.802	-7.2171	6.4037	50.606
-3.8143	9.6625	3.6484	-0.16424	11.298	-5.9495	-3.3209	-0.69397	0.84672	-1.4033	-2.7834	3.4748	-0.6287	0.44188	12.485	-181.4	55.209	39.6	-35.298	50.11	-24.315	8.2123	18.206	10.091	-38.81	33.208	-23.679	-39.389
-4.0726	7.2826	4.2993	0.52813	11.589	-6.2303	-4.0071	0.47681	2.1222	-1.0577	-4.1042	3.5269	0.14442	-0.058848	-10.331	-95.195	26.035	27.695	11.629	-11.232	-27.449	46.832	51.018	13.826	-52.832	2.0849	30.925	-20.029
-4.2392	5.2999	4.8921	0.28939	11.629	-4.8594	-4.2923	0.17216	2.4665	-0.51935	-4.3813	2.8387	0.47819	0.25282	-6.6615	-79.311	23.714	-9.55	1.5812	54.833	-11.407	-12.186	13.771	21.533	-11.083	-27.528	13.35	12.467
-4.5122	-1.5806	6.9411	0.94549	8.8965	-1.1283	-4.6437	-1.2856	2.477	0.76884	-4.4521	1.2687	0.64972	0.80427	-10.922	-275.22	81.959	26.244	-109.28	149.25	-14.056	-58.309	0.42113	51.527	-2.832	-62.801	6.8616	22.058
-5.0902	-16.127	11.507	2.1173	3.1061	3.4324	-3.7585	-1.0008	1.5757	-0.39481	-1.884	0.72802	-0.076046	-0.16645	-23.12	-581.85	182.65	46.87	-231.61	182.43	35.409	11.389	-36.052	-46.546	102.72	-21.628	-29.031	-38.829
-5.375	-17.025	10.937	3.0074	2.6162	3.6191	-4.6366	0.37279	1.4718	-1.5577	-2.0834	0.89702	0.86694	-1.0972	-11.393	-35.928	-22.806	35.605	-19.595	7.4677	-35.127	54.946	-4.156	-46.516	-7.9769	6.76	37.72	-37.232
-5.3672	-16.746	10.166	3.4788	2.7018	3.0355	-4.8679	1.1313	1.0159	-1.2956	-2.0393	1.0562	0.50334	-0.94535	0.31322	11.149	-30.846	18.858	3.424	-23.343	-9.2507	30.342	-18.233	10.483	1.7627	6.3665	-14.544	6.0758
-5.3324	-10.547	5.1457	4.4925	4.3953	0.21238	-1.4501	-1.0831	0.97806	-0.78648	-2.5923	1.8414	0.08046	-0.84481	1.3913	247.96	-200.82	40.544	67.74	-112.93	136.71	-88.578	-1.5155	20.366	-22.12	31.41	-16.915	4.0217
-5.4475	12.401	-6.0871	2.1212	5.2892	-1.9724	3.1694	-2.8343	-0.042004	-0.25691	-0.40139	-0.47429	-0.24006	-0.84287	-4.6025	917.95	-449.31	-94.851	35.755	-87.392	184.78	-70.047	-40.803	21.183	87.638	-92.629	-12.821	0.077617
-5.6222	-8.074	0.27038	5.9716	5.879	-1.0634	1.1218	-2.3382	-0.25492	-0.29871	-1.8912	1.1948	-0.0042804	-0.96495	-6.9878	-819.01	254.3	154.02	23.593	36.361	-81.906	19.843	-8.5165	-1.6723	-59.594	66.762	9.4311	-4.8834
-6.1088	-30.528	8.7617	8.0373	3.0545	3.7361	-3.523	0.088082	1.2354	-1.7934	-2.4995	1.7108	0.29571	-1.8835	-19.467	-898.17	339.65	82.627	-112.98	191.98	-185.79	97.052	59.614	-59.786	-24.331	20.642	12	-36.741
-6.9614	-38.95	6.5938	10.35	1.0291	5.0288	-1.7426	0.81076	1.245	-2.071	-2.0253	0.37248	0.57622	-1.5811	-34.102	-336.88	-86.715	92.489	-81.018	51.709	71.219	28.907	0.38406	-11.103	18.969	-53.533	11.22	12.096
-7.9018	-47.981	4.7895	10.404	1.2584	4.1636	-2.0369	0.12508	-0.77482	-1.3418	-1.2957	0.63723	1.9192	-0.90987	-37.617	-361.23	-72.172	2.1764	9.1701	-34.608	-11.774	-27.427	-80.794	29.165	29.184	10.59	53.719	26.848
-6.6835	-26.848	-5.7863	-4.1241	-1.6814	4.9634	5.2079	-2.8852	-0.70601	0.36752	0.086299	-0.51745	-0.87514	1.6928	48.732	845.35	-423.03	-581.12	-117.59	31.993	289.79	-120.41	2.7526	68.374	55.28	-46.187	-111.77	104.11
-6.6347	6.525	-9.9112	-9.2092	-4.3487	2.9199	5.1471	-3.885	-0.21111	1.3467	0.93624	-0.027997	-0.93737	2.4036	1.9517	1334.9	-164.99	-203.4	-106.69	-81.741	-2.4333	-39.993	19.796	39.167	33.998	19.578	-2.4891	28.432
-5.8043	-13.658	-2.556	-0.56646	1.4743	6.5108	5.8236	-4.0273	-0.20609	1.7639	0.075596	-0.29027	0.20515	2.033	33.216	-807.3	294.21	345.71	232.92	143.64	27.058	-5.689	0.20079	16.689	-34.426	-10.491	45.701	-14.823
-4.6124	-3.465	5.038	3.2125	4.2204	4.6235	2.9025	-5.7416	-0.1245	1.3757	-0.84556	-1.2971	-1.8942	1.585	47.677	407.7	303.76	151.16	109.84	-75.493	-116.84	-68.573	3.2638	-15.528	-36.846	-40.275	-83.974	-17.92
-3.9168	-0.18092	10.817	1.6232	2.3215	4.719	2.5384	-6.5905	-0.94078	2.2919	-2.0942	-1.8596	0.14983	0.71398	27.823	131.36	231.14	-63.572	-75.957	3.8226	-14.562	-33.955	-32.651	36.646	-49.944	-22.498	81.761	-34.841
-3.5082	3.1283	11.919	1.1709	1.487	2.978	3.6132	-6.2819	-1.6938	2.9921	-3.14	-1.009	0.0018425	1.1085	16.344	132.37	44.094	-18.091	-33.376	-69.642	42.99	12.341	-30.123	28.01	-41.832	34.022	-5.9196	15.782
-3.2525	5.3366	11.979	0.43265	1.1356	2.9407	4.6662	-6.9268	-3.2985	3.9757	-3.3372	-0.93879	0.19077	0.99959	10.231	88.334	2.4199	-29.532	-14.06	-1.4915	42.12	-25.796	-64.186	39.342	-7.8913	2.81	7.5573	-4.3577
-3.2277	6.9513	12.561	-1.4995	1.4156	3.7538	3.6907	-7.3496	-3.0899	4.1626	-3.9965	-1.2324	1.1067	0.40801	0.98894	64.587	23.251	-77.287	11.203	32.525	-39.02	-16.909	8.343	7.476	-26.369	-11.743	36.638	-23.663
-3.1915	8.901	11.618	-1.9846	1.8878	3.4181	3.6513	-8.2515	-2.4701	4.5133	-4.9512	-1.2107	1.408	-0.13609	1.4507	77.99	-37.719	-19.403	18.885	-13.428	-1.5741	-36.078	24.791	14.03	-38.188	0.86576	12.052	-21.764
-3.2092	9.4643	10.153	-2.4676	4.5517	2.2122	2.9087	-8.8576	-1.5431	4.6539	-6.178	-0.32151	0.97928	-0.30788	-0.71013	22.531	-58.582	-19.32	106.56	-48.235	-29.704	-24.245	37.083	5.6227	-49.071	35.568	-17.149	-6.8714
-3.2981	10.628	7.4726	-1.3964	5.3606	1.4662	2.8491	-9.3894	-0.82265	4.767	-6.5565	-0.85161	1.7816	-1.0371	-3.5532	46.536	-107.22	42.847	32.357	-29.84	-2.3874	-21.27	28.816	4.5235	-15.143	-21.204	32.092	-29.169
-3.5643	9.9317	5.8112	-1.8073	8.1508	0.17151	1.6752	-9.0056	0.25545	3.9434	-6.8972	-0.12016	1.5338	-1.3329	-10.648	-27.842	-66.459	-16.437	111.61	-51.789	-46.954	15.352	43.124	-32.945	-13.626	29.258	-9.9125	-11.83
-3.6887	8.6157	4.0879	-1.2565	10.474	-1.076	0.48024	-6.5073	-0.48308	3.4081	-6.4093	0.69328	0.78852	-1.247	-4.9769	-52.64	-68.932	22.032	92.906	-49.899	-47.799	99.931	-29.541	-21.409	19.514	32.537	-29.81	3.4357
-3.6927	7.809	3.8552	-1.0898	12.531	-2.0351	-0.46084	-3.6763	-1.4211	1.6631	-4.9264	0.61594	-0.16342	-0.95281	-0.1614	-32.265	-9.3073	6.6697	82.295	-38.365	-37.643	113.24	-37.522	-69.803	59.317	-3.0935	-38.078	11.767
-3.5818	6.9193	4.1261	0.28115	12.755	-1.4433	-1.7299	-1.544	-1.34	-0.94878	-3.5076	0.78394	-0.57434	-1.0269	4.4351	-35.592	10.838	54.837	8.953	23.673	-50.763	85.293	3.2448	-104.47	56.754	6.7199	-16.437	-2.9618
-3.3968	6.7869	4.0985	2.0626	12.259	-1.2663	-0.60103	-1.8893	-1.3872	-1.6538	-2.8906	1.7037	-1.8332	-0.35094	7.4027	-5.2953	-1.1048	71.259	-19.824	7.0784	45.155	-13.812	-1.8863	-28.202	24.679	36.79	-50.354	27.037
-3.1989	8.0576	3.1221	2.2045	13.865	-1.8422	-0.0048295	-1.9978	-1.1693	-1.281	-2.6222	2.1042	-2.8271	0.21384	7.9143	50.829	-39.056	5.6742	64.24	-23.036	23.848	-4.34	8.7137	14.911	10.738	16.019	-39.758	22.591
-3.2331	11.366	2.1654	0.86864	13.638	0.072159	-2.1643	-0.89088	0.32308	-3.3621	-2.139	2.6162	-1.976	-0.51563	-1.368	132.33	-38.266	-53.434	-9.0843	76.575	-86.379	44.275	59.696	-83.242	19.327	20.482	34.046	-29.179
-3.5986	5.7758	-1.8121	7.3886	9.4357	4.9592	-2.5975	0.37635	0.39885	-3.8129	-1.9116	0.024468	-0.27487	-0.021127	-14.617	-223.6	-159.1	260.8	-168.09	195.48	-17.329	50.689	3.0307	-18.034	9.0971	-103.67	68.045	19.78
-4.4003	10.301	-7.8123	10.901	2.0101	7.6125	-2.6091	-1.0113	2.2737	-1.6316	-1.7302	0.21108	1.0032	-0.9782	-32.068	181.02	-240.01	140.48	-297.02	106.13	-0.46297	-55.507	74.995	87.253	7.2537	7.4644	51.124	-38.283
-5.0685	13.302	-18.057	6.0966	-1.1517	7.4059	-0.95548	1.2497	1.7103	1.1176	0.68132	-0.20197	1.0415	-0.48715	-26.73	120.04	-409.79	-192.16	-126.47	-8.2643	66.145	90.441	-22.539	109.97	96.461	-16.522	1.5326	19.642
-4.908	12.73	-22.875	2.7942	-6.3694	6.39	-2.4487	0.44355	0.39616	0.53745	-0.54557	-1.8963	2.3074	-0.18336	6.4208	-22.89	-192.72	-132.1	-208.71	-40.633	-59.731	-32.246	-52.564	-23.205	-49.076	-67.774	50.635	12.152
-4.6829	11.019	-25.01	3.7016	-8.7764	1.507	-2.9922	0.91563	1.456	1.0143	1.1702	1.0658	2.7053	0.62727	9.0028	-68.455	-85.376	36.296	-96.277	-195.32	-21.736	18.883	42.392	19.073	68.631	118.48	15.915	32.425
-4.7379	13.267	-25.777	1.7338	-6.1664	3.1851	-1.1736	1.2524	0.5161	0.84917	0.28348	0.5127	2.925	1.5721	-2.1994	89.939	-30.683	-78.711	104.4	67.121	72.741	13.471	-37.594	-6.6047	-35.468	-22.122	8.7861	37.793
-4.7993	12.381	-24.945	2.2471	-6.0223	3.6983	-1.4886	-0.18084	1.7404	1.6355	-0.29472	0.3817	1.3667	1.2925	-2.4572	-35.443	33.259	20.532	5.7642	20.528	-12.6	-57.331	48.972	31.453	-23.128	-5.24	-62.331	-11.185
-4.771	10.254	-26.015	1.7004	-8.925	2.3482	-0.58768	0.41879	1.761	1.0209	0.30068	0.38767	0.88144	0.20084	1.1325	-85.065	-42.805	-21.869	-116.11	-54.001	36.037	23.985	0.82425	-24.586	23.816	0.23864	-19.409	-43.665
-4.5281	16.781	-25.159	0.32438	-6.4405	3.309	-2.7135	1.5191	0.57472	0.59518	1.1512	-1.4083	1.4975	0.33153	9.7179	261.07	34.242	-55.039	99.379	38.429	-85.035	44.014	-47.452	-17.027	34.02	-71.837	24.643	5.2275
-4.2589	20.857	-23.077	3.562	-5.4718	3.1477	-4.2525	-0.40274	0.041673	-0.28323	-1.2807	-0.27496	1.441	0.53367	10.766	163.02	83.296	129.5	38.749	-6.4487	-61.557	-76.875	-21.322	-35.136	-97.277	45.332	-2.2619	8.0856
-4.2845	20.48	-21.757	4.5037	-6.4345	3.946	-3.9797	-0.15802	-0.35224	-0.19901	-0.48527	0.66585	2.2185	1.3541	-1.0214	-15.073	52.779	37.667	-38.51	31.93	10.91	9.7889	-15.757	3.3685	31.819	37.632	31.103	32.819
-4.6631	17.351	-21.967	3.1263	-6.5432	3.2146	-2.2029	1.8824	0.95948	-0.51236	0.12664	-1.8092	0.65876	-1.0507	-15.144	-125.16	-8.4018	-55.093	-4.3468	-29.255	71.074	81.616	52.469	-12.534	24.476	-99.002	-62.392	-96.192
-5.2838	14.514	-22.113	2.2744	-3.9111	3.9905	-1.6294	2.026	1.7688	-0.99605	2.0021	-1.122	1.0108	-0.5931	-24.831	-113.48	-5.8177	-34.077	105.28	31.034	22.94	5.7435	32.374	-19.347	75.019	27.487	14.08	18.302
-6.0476	5.1451	-19.104	2.8907	-3.2672	1.5032	0.17747	2.1881	1.8475	-3.0222	1.0009	-0.15979	0.5285	-0.038641	-30.551	-374.75	120.34	24.653	25.757	-99.491	72.274	6.4855	3.1488	-81.046	-40.048	38.489	-19.29	22.178
-4.8769	-0.037946	-7.7807	10.128	4.5353	3.3125	-0.62312	0.97843	2.1644	-2.5162	0.72191	-1.4993	0.18912	1.0263	46.827	-207.32	452.95	289.5	312.1	72.374	-32.024	-48.387	12.673	20.24	-11.161	-53.58	-13.575	42.597
-4.0281	9.0058	0.63754	6.5459	11.229	-1.0734	-2.127	0.63465	0.44044	-2.4684	-0.56787	1.941	-0.78981	0.11305	33.952	361.75	336.73	-143.29	267.74	-175.44	-60.154	-13.751	-68.957	1.912	-51.591	137.61	-39.157	-36.53
-3.6984	6.1778	1.4861	3.7945	13.629	-2.4857	-0.74261	0.12625	-1.7983	-0.84436	-1.4634	2.5665	-2.3366	1.0886	13.189	-113.12	33.943	-110.06	96.022	-56.492	55.375	-20.336	-89.55	64.961	-35.822	25.021	-61.871	39.02
-3.7341	3.9904	2.2687	3.4248	13.007	-2.5782	-0.27971	0.015967	-1.5324	-1.0372	-1.5332	1.9226	-1.4889	0.41781	-1.4275	-87.497	31.305	-14.787	-24.886	-3.6991	18.516	-4.4115	10.636	-7.7152	-2.79	-25.759	33.908	-26.83
-3.7111	0.76146	4.5108	1.9221	12.708	-0.20965	-0.69296	-1.8605	-0.9206	0.0006791	-3.2113	2.9104	-1.4626	-0.47494	0.92097	-129.16	89.683	-60.111	-11.986	94.741	-16.53	-75.059	24.473	41.517	-67.126	39.514	1.0517	-35.71
-3.6249	-0.083381	6.6637	1.234	10.34	1.8453	0.85081	-3.6486	-2.0763	1.1274	-2.5787	1.2629	-0.91565	-0.3973	3.4462	-33.794	86.117	-27.522	-94.704	82.196	61.751	-71.525	-46.23	45.068	25.306	-65.9	21.878	3.1055
-3.6863	-3.5969	10.445	2.0927	3.8841	3.1286	3.8596	-1.9928	-4.7908	0.032903	-1.5711	1.557	-2.0963	-0.92533	-2.4549	-140.54	151.25	34.349	-258.23	51.332	120.35	66.234	-108.58	-43.779	40.303	11.762	-47.225	-21.121
-4.0605	-10.961	11.738	5.0838	-0.061848	1.4489	4.7207	1.7955	-3.3821	-1.9036	-3.9788	1.6226	-0.66165	-1.8254	-14.968	-294.58	51.735	119.64	-157.84	-67.186	34.441	151.53	56.349	-77.462	-96.307	2.6257	57.385	-36.001
-4.7241	-17.99	11.771	8.2635	-1.5115	-0.20696	3.064	1.8803	-2.3113	-0.24626	-2.7439	-0.9542	0.21447	-1.3558	-26.544	-281.15	1.296	127.19	-57.987	-66.236	-66.266	3.3908	42.83	66.295	49.394	-103.07	35.045	18.784
-5.2505	-21.93	11.15	7.8888	-1.3788	-0.25322	1.9006	2.6807	-1.8891	-1.3547	-2.2152	-0.63607	0.2858	-0.57402	-21.057	-157.61	-24.818	-14.985	5.3079	-1.8503	-46.535	32.017	16.888	-44.337	21.148	12.725	2.8529	31.27
-5.1559	-20.409	10.085	8.1842	-1.9079	2.2188	-0.54033	1.1511	-0.52924	-0.81703	-2.1034	-2.3425	1.0912	-0.57088	3.7839	60.843	-42.616	11.815	-21.162	98.881	-97.639	-61.187	54.396	21.506	4.471	-68.258	32.216	0.12561
-4.7963	-17.969	12.692	8.6289	-2.3063	-1.3851	-0.90677	2.5925	-0.76317	0.47594	-4.2709	-1.3215	0.96061	0.21217	14.384	97.628	104.28	17.787	-15.936	-144.16	-14.658	57.657	-9.3571	51.719	-86.699	40.841	-5.2232	31.322
-3.997	-16.291	15.683	10.272	-2.4274	-4.8321	-2.5008	3.3059	-1.7178	0.15116	-2.3133	-0.22677	-0.38573	-0.5776	31.973	67.121	119.64	65.737	-4.8451	-137.88	-63.761	28.537	-38.183	-12.991	78.304	43.789	-53.854	-31.591
-3.1254	-9.3827	17.018	7.8277	-2.8424	-6.0726	-2.7715	2.659	-2.3941	-0.61201	-0.20578	-0.58285	0.27215	-0.66899	34.863	276.31	53.404	-97.784	-16.6	-49.619	-10.828	-25.878	-27.053	-30.527	84.301	-14.243	26.315	-3.6557
-2.5492	-1.2723	16.829	5.1684	-2.8177	-8.2891	-3.7523	3.2155	-2.8778	-0.27926	-0.56072	0.61881	0.2655	0.40049	23.048	324.42	-7.5465	-106.37	0.98719	-88.662	-39.231	22.262	-19.35	13.31	-14.198	48.066	-0.26601	42.779
-2.1463	9.2356	14.968	2.134	-4.9179	-8.788	-4.0069	4.8963	-3.0383	0.28478	0.072187	0.472	0.41641	0.68647	16.114	420.31	-74.432	-121.38	-84.007	-19.957	-10.185	67.231	-6.4171	22.562	25.316	-5.8722	6.0366	11.439
-1.8608	13.022	16.928	-3.4087	-3.3933	-10.54	-1.1143	5.6394	-2.6032	0.3373	0.15484	1.0305	0.81325	0.091675	11.42	151.44	78.394	-221.71	60.985	-70.091	115.7	29.723	17.401	2.1005	3.3061	22.339	15.873	-23.792
-1.4629	17.114	17.401	-7.0573	-3.9588	-11.076	-0.22142	6.3296	-3.1672	0.40431	0.1127	1.9979	0.39113	-0.93101	15.917	163.7	18.927	-145.95	-22.62	-21.443	35.715	27.607	-22.557	2.6807	-1.6857	38.695	-16.885	-40.908
-1.0505	22.225	16.944	-8.2976	-4.9756	-10.286	1.0625	6.8742	-2.9793	-0.079519	0.61296	1.8618	0.65725	-1.5206	16.495	204.44	-18.308	-49.61	-40.674	31.624	51.356	21.784	7.515	-19.353	20.011	-5.444	10.645	-23.584
-0.84687	23.511	17.194	-7.8575	-7.4649	-8.1831	1.4661	6.8452	-2.3993	-0.57394	1.3686	1.6363	0.73768	-2.0374	8.147	51.446	10.028	17.603	-99.572	84.106	16.143	-1.1573	23.2	-19.777	30.226	-9.0182	3.2171	-20.671
-0.8418	24.038	17.554	-8.9053	-7.3414	-8.8755	2.9022	6.3393	-2.3486	-0.27191	1.1285	2.0222	-0.21888	-2.1187	0.20281	21.078	14.381	-41.911	4.942	-27.694	57.445	-20.236	2.0299	12.081	-9.6062	15.437	-38.262	-3.2523
-0.76036	26.211	16.701	-9.6906	-7.9738	-7.5212	3.2965	5.681	-1.4676	-0.94436	1.1626	1.8493	-0.39383	-2.0529	3.2576	86.9	-34.107	-31.413	-25.299	54.171	15.773	-26.334	35.239	-26.898	1.3639	-6.9168	-6.9983	2.6315
-0.65159	27.562	15.743	-10.172	-7.3773	-7.3718	3.5076	5.8532	-1.1227	-1.4805	1.2683	1.494	-0.52679	-1.6457	4.3508	54.049	-38.33	-19.265	23.862	5.9756	8.4454	6.8876	13.796	-21.444	4.2294	-14.214	-5.3182	16.287
-0.8432	29.421	14.673	-11.491	-6.9965	-6.549	2.7557	6.0573	-1.0811	-1.2812	0.87512	1.2425	0.22459	-2.3538	-7.6645	74.372	-42.805	-52.736	15.232	32.914	-30.079	8.1641	1.6621	7.9691	-15.727	-10.057	30.055	-28.321
-0.90746	29.093	15.607	-12.708	-6.8539	-5.2002	2.2697	5.3794	0.579	-2.4787	1.7867	0.46914	0.34432	-2.0325	-2.5705	-13.127	37.37	-48.689	5.7045	53.951	-19.438	-27.114	66.405	-47.899	36.463	-30.936	4.7894	12.849
-0.94422	31.821	13.987	-12.157	-5.4935	-4.453	2.4487	4.8941	1.0481	-1.9268	1.399	0.83887	0.13693	-2.4974	-1.4702	109.12	-64.787	22.027	54.416	29.888	7.1607	-19.411	18.766	22.077	-15.507	14.789	-8.2957	-18.593
-1.1127	29.58	14.425	-12.747	-6.2126	-2.3071	1.2123	4.2736	1.5148	-1.6307	1.223	0.69107	-1.0689	-1.2553	-6.7401	-89.653	17.493	-23.6	-28.764	85.836	-49.458	-24.821	18.667	11.843	-7.0403	-5.912	-48.234	49.683
-1.6283	33.92	12.188	-14.495	-5.8251	0.90468	-0.6341	3.7797	1.0274	0.82923	0.86145	-0.12507	-1.4006	-0.22065	-20.622	173.62	-89.473	-69.897	15.498	128.47	-73.856	-19.756	-19.495	98.398	-14.463	-32.646	-13.27	41.386
-2.2748	28.684	7.193	-5.704	-9.4691	4.9484	-1.3506	3.5058	0.6651	1.5254	1.1516	0.2441	-2.3069	0.27423	-25.862	-209.44	-199.8	351.63	-145.76	161.75	-28.659	-10.957	-14.493	27.845	11.604	14.767	-36.25	19.795
-3.5285	21.044	6.2613	-5.3116	-4.3497	1.503	0.15658	1.2991	3.4363	1.1192	2.3856	-0.68909	-1.1696	0.21499	-50.148	-305.63	-37.268	15.695	204.78	-137.82	60.286	-88.268	110.85	-16.246	49.361	-37.328	45.494	-2.3695
-4.3875	17.081	-1.4106	-5.0394	-2.9586	3.8662	0.63942	1.4156	4.0517	2.3688	2.47	-0.42208	0.44167	0.88128	-34.357	-158.49	-306.88	10.888	55.642	94.528	19.313	4.6612	24.618	49.986	3.3779	10.68	64.449	26.651
-5.3436	13.954	-4.6542	-4.6193	-2.5586	3.2267	-0.77846	1.9026	5.2025	2.8398	1.5616	-0.70121	-0.29951	-0.50735	-38.246	-125.08	-129.74	16.804	15.999	-25.578	-56.715	19.478	46.031	18.838	-36.339	-11.165	-29.647	-55.545
-5.5315	12.258	-12.897	0.50342	-3.1849	1.1577	-0.25164	0.48193	3.2313	0.76502	0.59116	-0.74275	-0.60039	0.42027	-7.5137	-67.858	-329.7	204.91	-25.052	-82.761	21.073	-56.826	-78.847	-82.99	-38.816	-1.6616	-12.035	37.105
-5.1764	12.815	-22.625	1.3993	-5.0231	0.86762	2.0369	-0.021343	3.6047	1.0169	1.1447	-0.073399	2.775	2.2511	14.203	22.298	-389.13	35.834	-73.528	-11.602	91.543	-20.131	14.934	10.077	22.143	26.774	135.02	73.232
-4.8412	15.189	-22.643	4.9001	-5.4748	-0.25108	3.6768	0.24647	3.4966	0.36599	0.63623	0.23727	2.2658	0.17627	13.407	94.93	-0.73711	140.03	-18.066	-44.748	65.597	10.712	-4.325	-26.038	-20.34	12.427	-20.369	-82.992
-4.846	9.1244	-22.487	8.1046	-3.0721	1.4306	3.0426	0.27391	2.1176	-1.4949	2.3211	-0.4773	-1.6709	0.10388	-0.19263	-242.57	6.2698	128.18	96.104	67.268	-25.369	1.0978	-55.16	-74.435	67.394	-28.583	-157.47	-2.8956
-4.7603	8.6904	-24.649	6.5801	-3.1726	0.4525	2.1017	-1.7595	0.51259	-1.4523	1.1299	-0.63139	-0.35599	0.012669	3.4298	-17.36	-86.493	-60.981	-4.0174	-39.125	-37.638	-81.338	-64.199	1.7049	-47.649	-6.1635	52.596	-3.6482
-4.7046	7.6212	-27.142	5.3541	-1.3057	0.5187	3.3472	-0.52996	1.524	-1.2603	0.37319	-1.225	0.41607	1.8851	2.2256	-42.768	-99.704	-49.04	74.677	2.648	49.82	49.183	40.458	7.6796	-30.266	-23.746	30.882	74.897
-4.7619	11.817	-25.025	3.1708	-0.52562	-1.0965	4.005	-0.21816	1.849	0.088954	0.92403	-0.84136	-1.6769	0.17268	-2.2898	167.81	84.661	-87.332	31.202	-64.607	26.312	12.472	12.998	53.969	22.033	15.347	-83.718	-68.496
-4.8602	15.961	-21.206	-0.6362	-1.7762	-2.0354	2.2256	0.82592	3.0981	0.59171	0.41883	-0.93261	-1.0023	-0.27592	-3.9335	165.78	152.78	-152.28	-50.023	-37.558	-71.173	41.763	49.964	20.11	-20.208	-3.6501	26.981	-17.944
-5.4228	17.227	-19.54	-0.92131	-2.2522	0.25947	0.46091	0.40316	1.4111	0.76258	2.0435	-1.7577	0.41186	1.1697	-22.504	50.654	66.613	-11.404	-19.039	91.797	-70.589	-16.91	-67.48	6.8347	64.985	-33.002	56.568	57.824
-5.9843	10.039	-17.347	-1.1336	-2.069	1.0531	-1.4122	-1.2967	0.025932	0.26601	2.6928	-0.91012	-0.54554	-0.37105	-22.461	-287.55	87.711	-8.4896	7.3271	31.744	-74.923	-67.995	-55.406	-19.863	25.975	33.901	-38.296	-61.629
-6.9296	-0.02333	-12.455	-4.9182	-5.4187	2.9367	0.365	-1.9727	-0.51394	1.389	3.9343	0.41991	0.40116	-0.50438	-37.809	-402.48	195.72	-151.39	-133.99	75.346	71.086	-27.038	-21.595	44.919	49.658	53.201	37.868	-5.3329
-7.7779	-14.736	-9.476	-5.9278	-4.2839	3.5091	2.5774	-0.97661	-2.3957	-0.1878	3.2044	0.68159	0.27258	-0.50103	-33.935	-588.51	119.14	-40.383	45.395	22.893	88.495	39.842	-75.27	-63.072	-29.195	10.467	-5.1432	0.13372
-5.8447	-24.489	8.3706	3.112	-3.7083	1.9663	1.4349	1.9297	-0.2512	-1.6759	0.10646	-0.71738	0.61976	0.58673	77.33	-390.13	713.87	361.59	23.022	-61.709	-45.701	116.25	85.78	-59.525	-123.92	-55.959	13.887	43.511
-4.6831	-9.9621	18.215	4.9604	-5.6461	-2.3475	0.026522	2.4738	-1.159	-2.8993	-1.5676	1.3506	1.2495	0.6116	46.464	581.09	393.77	73.936	-77.51	-172.55	-56.333	21.766	-36.313	-48.936	-66.963	82.717	25.19	0.99457
-3.5346	-7.3354	19.383	3.8097	-6.2507	-4.3055	-1.3841	4.3286	-1.6424	-2.5935	-0.0069517	1.2542	1.4505	0.70858	45.938	105.07	46.733	-46.029	-24.186	-78.318	-56.424	74.19	-19.336	12.235	62.427	-3.854	8.0389	3.8793
-3.0377	-4.2237	18.91	3.0992	-6.7305	-6.2999	-1.6933	4.5092	-2.0786	-2.5927	-0.39246	1.6656	2.2357	0.83958	19.876	124.47	-18.923	-28.418	-19.19	-79.777	-12.37	7.2224	-17.447	0.030629	-15.42	16.457	31.408	5.2398
-2.8222	3.1676	18.402	0.72662	-6.56	-7.4843	-2.2134	5.3326	-1.5014	-2.38	-0.048807	1.2905	2.452	0.1653	8.6207	295.65	-20.341	-94.905	6.8173	-47.376	-20.802	32.939	23.087	8.5079	13.746	-15.003	8.6538	-26.971
-2.8536	9.1514	17.909	-2.1839	-6.6881	-7.5859	0.057747	4.7263	-1.8295	-0.91227	-0.54544	1.7409	2.3363	-1.0716	-1.2559	239.35	-19.711	-116.42	-5.1236	-4.064	90.845	-24.253	-13.124	58.709	-19.865	18.014	-4.6277	-49.475
-2.4311	12.23	16.584	-4.3853	-6.1369	-8.1912	0.64339	5.8374	-1.988	-1.251	0.064166	1.8852	1.6008	-1.6818	16.899	123.15	-52.987	-88.055	22.049	-24.21	23.426	44.443	-6.3397	-13.55	24.384	5.773	-29.42	-24.408
-2.2519	12.899	17.33	-6.3435	-6.5742	-6.8999	1.5147	5.1819	-1.3658	-0.70061	-0.46001	2.2431	1.7335	-2.343	7.169	26.767	29.827	-78.327	-17.491	51.652	34.854	-26.219	24.888	22.016	-20.967	14.314	5.3076	-26.447
-2.1834	14.164	17.071	-8.1806	-6.4978	-5.9502	0.90481	4.9507	-0.64786	-0.24882	-0.81054	2.5305	0.66221	-2.584	2.7385	50.603	-10.336	-73.484	3.0566	37.987	-24.397	-9.247	28.718	18.072	-14.021	11.496	-42.852	-9.6428
-2.0689	17.379	15.694	-8.5766	-6.3529	-6.1211	2.4376	3.794	0.17669	0.011523	-0.7433	2.1967	0.63352	-2.2756	4.5798	128.58	-55.095	-15.842	5.7925	-6.8358	61.313	-46.27	32.982	10.414	2.6896	-13.351	-1.1476	12.335
-2.0226	20.642	13.334	-9.2167	-5.2979	-6.4139	2.9876	2.9409	0.90505	-0.18361	-0.5743	2.2864	-0.26313	-1.7862	1.8536	130.53	-94.411	-25.604	42.203	-11.712	21.999	-34.125	29.134	-7.8052	6.7601	3.5873	-35.866	19.579
-2.0927	19.849	14.055	-9.5079	-6.1062	-5.2728	2.9051	2.3863	1.4446	-0.26801	-0.55299	1.903	-0.65908	-1.3692	-2.8046	-31.722	28.832	-11.647	-32.333	45.645	-3.3009	-22.182	21.583	-3.3763	0.85256	-15.335	-15.838	16.679
-2.2103	20.356	12.681	-8.3047	-6.2355	-5.1597	3.1042	2.046	1.6118	0.2523	-0.51546	1.6219	-1.0365	-1.1937	-4.7033	20.285	-54.922	48.128	-5.1714	4.5224	7.9663	-13.612	6.6887	20.813	1.5012	-11.243	-15.098	7.0209
-2.1144	20.677	13.327	-9.8856	-5.5669	-4.1667	2.1085	1.8568	1.7953	0.37477	-0.43276	1.4479	-1.349	-1.2071	3.8369	12.846	25.82	-63.235	26.742	39.72	-39.83	-7.5693	7.3381	4.8988	3.3081	-6.9623	-12.497	-0.53565
-2.1827	21.369	13.498	-9.6015	-5.9831	-2.9057	1.442	1.1504	2.3317	0.29678	0.63038	0.81187	-1.0903	-1.248	-2.7321	27.672	6.8359	11.366	-16.648	50.441	-26.66	-28.253	21.457	-3.1195	42.525	-25.44	10.346	-1.638
-2.1782	21.455	13.412	-9.399	-5.1431	-3.7772	1.5551	0.65351	0.84927	1.5838	0.27194	1.5191	-2.052	-0.60521	0.17872	3.4384	-3.4156	8.0977	33.603	-34.859	4.5274	-19.877	-59.297	51.479	-14.338	28.29	-38.468	25.712
-2.5512	24.743	9.2311	-5.0307	-6.0424	-2.8102	-0.15526	0.61125	-0.80432	2.4551	1.1011	1.2626	-1.6305	-0.55874	-14.919	131.53	-167.25	174.73	-35.973	38.678	-68.416	-1.6901	-66.144	34.852	33.168	-10.262	16.862	1.8586
-3.0894	15.984	8.3454	-0.35512	-6.0157	-0.24124	-2.3664	0.94343	-2.2704	1.657	2.806	-0.11316	-0.90831	-0.60393	-21.528	-350.37	-35.427	187.02	1.0686	102.76	-88.447	13.287	-58.642	-31.922	68.195	-55.03	28.887	-1.8074
-4.5816	-12.165	11.811	2.7975	-3.5321	2.8125	-3.0761	1.6674	-3.2879	-0.81315	2.3936	0.49374	-2.1188	0.41299	-59.687	-1126	138.61	126.1	99.342	122.15	-28.388	28.959	-40.699	-98.806	-16.494	24.276	-48.421	40.677
-3.8855	-1.2738	15.82	-3.5958	-2.0496	0.94257	-2.8365	-0.34375	-1.5253	-0.36491	2.5358	0.4525	-1.7215	1.6139	27.841	435.64	160.37	-255.73	59.3	-74.795	9.5847	-80.446	70.504	17.929	5.6866	-1.6496	15.893	48.037
-3.1725	8.8356	16.97	-7.0295	-3.0352	0.21433	-4.07	-0.43023	-0.92348	0.89194	2.8186	-0.022634	-0.86317	1.0912	28.522	404.37	45.982	-137.35	-39.421	-29.129	-49.338	-3.4591	24.072	50.274	11.313	-19.005	34.334	-20.908
-2.98	9.3498	16.685	-7.6673	-4.23	0.49997	-3.5034	0.2399	-0.38292	1.6335	1.795	-0.15555	-0.34768	0.23999	7.6989	20.568	-11.367	-25.513	-47.792	11.426	22.662	26.805	21.622	29.661	-40.946	-5.3165	20.62	-34.049
-3.0419	8.708	17.502	-8.4037	-5.4747	1.2717	-2.2866	-0.66884	0.17632	2.2702	0.70873	-0.50847	1.0115	-1.3227	-2.4745	-25.672	32.66	-29.455	-49.791	30.867	48.674	-36.35	22.37	25.469	-43.449	-14.117	54.369	-62.508
-3.0935	9.9737	16.847	-8.7217	-6.7036	2.3359	-2.0737	-0.42386	-0.44839	3.1446	0.088531	-0.9528	1.9448	-1.8137	-2.0649	50.628	-26.188	-12.718	-49.156	42.571	8.513	9.7992	-24.989	34.978	-24.808	-17.773	37.329	-19.64
-3.0296	8.3073	18.137	-9.0162	-7.6348	1.7913	-0.72296	-0.30272	-0.86138	2.9353	0.20351	-0.8543	2.1268	-2.6907	2.5536	-66.653	51.581	-11.781	-37.247	-21.784	54.031	4.8457	-16.52	-8.3733	4.5992	3.9403	7.2793	-35.08
-3.0823	9.4102	17.682	-8.8681	-9.0693	2.9031	-0.56915	-1.1932	-0.015728	2.6994	-0.2413	-0.65933	2.1805	-2.7859	-2.1049	44.113	-18.169	5.9229	-57.379	44.47	6.1527	-35.619	33.826	-9.4358	-17.792	7.7986	2.1493	-3.8066
-2.9833	9.8055	17.825	-9.3655	-9.227	0.91818	0.86796	-0.65804	-1.2018	2.1993	0.52408	-0.060836	0.84528	-2.7967	3.9577	15.814	5.6868	-19.893	-6.3086	-79.397	57.484	21.406	-47.443	-20.003	30.615	23.94	-53.408	-0.43151
-3.238	10.001	16.5	-8.952	-9.5929	1.1847	0.54661	-1.3274	-1.0148	2.9061	0.095462	-0.6614	0.91788	-2.5361	-10.189	7.8185	-52.964	16.538	-14.635	10.661	-12.854	-26.776	7.4817	28.272	-17.145	-24.022	2.9043	10.423
-3.4648	7.4333	14.602	-9.1043	-7.586	0.99353	-1.5114	-0.17758	-0.56934	3.5087	-0.99896	-0.69591	1.9424	-3.7444	-9.0703	-102.71	-75.935	-6.0923	80.276	-7.6472	-82.319	45.994	17.817	24.103	-43.777	-1.3805	40.98	-48.332
-3.5876	7.4189	14.265	-9.2439	-6.2963	-1.2503	-0.29831	0.56015	0.17247	1.9018	-1.7323	0.24577	1.0499	-3.0671	-4.9116	-0.57492	-13.478	-5.5817	51.585	-89.754	48.523	29.509	29.673	-64.275	-29.333	37.667	-35.699	27.092
-3.8604	6.9177	14.149	-8.7418	-6.0076	-1.4104	0.21774	2.3371	-0.41201	1.9622	-0.92738	0.55526	0.53743	-3.0527	-10.914	-20.048	-4.6481	20.084	11.548	-6.402	20.642	71.076	-23.379	2.4144	32.196	12.38	-20.5	0.5732
-3.5346	6.412	13.805	-8.1515	-5.5643	-3.0879	0.65594	2.5973	-0.21167	1.1853	-1.2546	1.5127	0.49231	-2.6048	13.033	-20.227	-13.774	23.609	17.733	-67.103	17.528	10.409	8.0135	-31.075	-13.089	38.296	-1.8049	17.916
-3.7693	10.449	14.948	-8.12	-7.5831	-2.6972	1.1868	2.5498	-1.0723	0.031364	0.3639	0.8516	-0.0066701	-1.6451	-9.3857	161.49	45.755	1.2606	-80.753	15.63	21.233	-1.8995	-34.425	-46.158	64.74	-26.442	-19.959	38.39
-3.2528	7.1979	15.5	-5.7646	-7.6343	-3.8729	2.4714	3.9139	-0.52003	-1.2795	0.48104	2.0369	-0.71356	-1.6889	20.659	-130.05	22.055	94.218	-2.0462	-47.027	51.385	54.563	22.091	-52.436	4.6855	47.413	-28.276	-1.7508
-2.9182	8.4141	15.927	-5.1067	-8.4636	-5.0623	3.2134	4.5265	-0.26401	-1.4302	0.049525	2.417	-1.336	-1.8635	13.385	48.647	17.082	26.313	-33.173	-47.576	29.68	24.506	10.241	-6.026	-17.261	15.205	-24.899	-6.9859
-2.9484	10.904	16.375	-4.0629	-7.9512	-7.2096	3.3165	4.9952	0.21083	-1.9816	-0.062562	1.5042	0.18828	-1.4429	-1.2076	99.611	17.912	41.754	20.497	-85.894	4.125	18.749	18.994	-22.057	-4.4835	-36.516	60.972	16.826
-2.7041	9.4474	15.382	-3.0274	-8.3829	-7.4608	3.6797	4.758	0.34311	-1.2369	-1.179	1.6386	0.13019	-0.91771	9.7714	-58.279	-39.702	41.419	-17.27	-10.047	14.527	-9.4896	5.2911	29.789	-44.657	5.3757	-2.3237	21.006
-2.6719	12.872	11.37	0.28816	-10.579	-4.6993	1.24	6.1126	0.62639	-1.739	-0.10841	0.10835	0.43525	0.097288	1.2874	136.97	-160.49	132.62	-87.843	110.46	-97.587	54.184	11.331	-20.084	42.823	-61.208	12.202	40.6
-2.6326	23.62	0.15534	10.464	-16.924	-1.9628	-0.18389	5.5986	1.6724	-2.1458	0.061472	-0.54878	0.86411	0.024753	1.572	429.93	-448.58	407.02	-253.78	109.46	-56.957	-20.562	41.838	-16.271	6.7954	-26.285	17.154	-2.9014
-2.5678	19.959	4.539	7.3275	-15.911	-1.8895	-0.33672	5.3603	1.0937	-1.6004	-0.04549	-0.36302	0.92629	-0.41119	2.5923	-146.44	175.35	-125.44	40.52	2.9327	-6.1129	-9.53	-23.145	21.814	-4.2785	7.4306	2.4873	-17.438
-2.5232	9.6001	14.557	-1.4278	-9.2162	-6.1758	2.1851	4.2897	0.49682	-0.96352	-0.26799	-0.11618	0.42222	0.68408	1.7819	-414.35	400.71	-350.21	267.77	-171.45	100.87	-42.823	-23.876	25.476	-8.9	9.8736	-20.163	43.811
-2.5233	9.5339	15.434	-1.3056	-9.4693	-7.0195	3.4766	3.3152	0.20423	-0.73994	-0.69255	0.79742	0.80686	-0.089041	-0.0024446	-2.6494	35.072	4.8889	-10.124	-33.749	51.661	-38.982	-11.704	8.9433	-16.982	36.544	15.386	-30.925
-2.6568	11.006	14.496	-1.6414	-7.5648	-8.1469	4.1921	3.6922	-0.33484	-1.7336	0.31483	1.8027	-0.093422	-0.20428	-5.3413	58.905	-37.483	-13.432	76.176	-45.096	28.621	15.081	-21.563	-39.747	40.295	40.212	-36.011	-4.6096
-2.7473	9.7858	14.71	-1.7488	-7.6753	-7.9453	4.6465	2.4876	-1.0432	-2.2038	2.1236	1.1407	-0.12309	-0.55835	-3.6173	-48.826	8.5578	-4.296	-4.417	8.0643	18.176	-48.183	-28.336	-18.808	72.35	-26.481	-1.1867	-14.163
-3.0226	8.6052	14.5	-2.2058	-6.4366	-6.7331	4.1569	1.5841	-1.612	-1.2151	1.6375	1.8365	-0.29826	-1.0077	-11.014	-47.224	-8.4213	-18.281	49.547	48.489	-19.584	-36.142	-22.751	39.548	-19.444	27.832	-7.0069	-17.972
-3.1155	9.8903	14.122	-2.5244	-6.211	-5.5041	4.8406	-0.79231	-2.6132	-0.21465	2.6885	1.7509	-0.85381	-1.2076	-3.7173	51.404	-15.124	-12.747	9.0245	49.162	27.347	-95.055	-40.048	40.019	42.042	-3.4233	-22.222	-7.9966
-3.3058	11.867	10.3	0.23819	-6.604	-2.5414	3.4232	-2.2244	-3.4674	0.96783	2.8313	1.4641	-1.1904	-0.64944	-7.6087	79.065	-152.89	110.51	-15.719	118.51	-56.696	-57.285	-34.167	47.299	5.7089	-11.474	-13.462	22.325
-3.5123	12.117	8.9233	-1.4765	-1.9262	-0.60283	0.70679	-3.8798	-2.2742	0.66903	2.3833	0.14187	-0.35642	0.69983	-8.2625	9.999	-55.053	-68.588	187.11	77.544	-108.66	-66.214	47.727	-11.952	-17.917	-52.887	33.357	53.971
-3.8532	7.2208	8.6428	-1.6637	3.4921	-0.27356	-0.18854	-4.908	-0.91363	0.43355	-0.96422	-0.092558	0.1077	1.7901	-13.634	-195.85	-11.222	-7.4889	216.73	13.171	-35.813	-41.13	54.423	-9.4191	-133.9	-9.3772	18.565	43.609
-4.1051	0.45586	7.1479	1.3484	6.4882	-0.52993	-1.2646	-2.8662	-0.80846	-1.7972	-2.6769	0.40648	0.7501	0.71332	-10.076	-270.6	-59.794	120.49	119.85	-10.255	-43.042	81.672	4.2068	-89.231	-68.505	19.961	25.696	-43.069
-4.5085	-1.7769	1.777	5.4175	6.6991	1.9203	-1.2629	-2.8183	0.79047	-4.4781	-1.7309	0.51692	0.76617	-0.24793	-16.136	-89.311	-214.84	162.76	8.4341	98.009	0.068877	1.9171	63.957	-107.23	37.837	4.4179	0.64269	-38.45
-4.7022	10.355	-9.3981	7.8097	6.0502	5.1146	-1.327	-3.4405	1.9619	-4.8126	0.31125	-1.5063	-0.19501	-0.35385	-7.751	485.27	-447	95.685	-25.955	127.77	-2.5639	-24.888	46.856	-13.38	81.687	-80.927	-38.447	-4.2369
-4.8295	9.5698	-12.071	9.1746	7.0158	6.2618	-1.166	-4.1396	2.5275	-4.4317	-0.24756	-2.1077	0.14625	-0.70374	-5.0911	-31.404	-106.9	54.6	38.624	45.889	6.4373	-27.963	22.624	15.236	-22.352	-24.058	13.65	-13.995
-4.9927	-10.095	-1.3795	6.6116	11.663	0.20037	0.49898	0.58511	-1.1979	-2.6736	-1.9272	-0.58664	-0.64112	-0.95359	-6.5256	-786.61	427.64	-102.52	185.89	-242.46	66.6	188.99	-149.02	70.324	-67.186	60.842	-31.495	-9.9941
-5.0044	-11.24	-2.7698	9.1066	10.967	0.51499	0.18525	1.4925	-1.8322	-2.0714	-2.0771	-1.8877	-0.084412	-1.1001	-0.47144	-45.778	-55.611	99.798	-27.852	12.585	-12.549	36.298	-25.37	24.087	-5.9939	-52.043	22.268	-5.8602
-4.9958	-14.121	0.18683	6.317	12.83	-0.50205	0.62687	1.5444	-1.9154	-2.7791	-2.2434	-0.64308	-0.79107	-0.82836	0.34423	-115.26	118.27	-111.58	74.546	-40.682	17.665	2.075	-3.3304	-28.308	-6.652	49.785	-28.266	10.869
-4.9881	-14.425	1.0171	6.2207	12.164	-0.68852	1.2066	1.2817	-2.3037	-2.3701	-2.6794	-0.0035573	-1.0931	-1.3467	0.3114	-12.165	33.21	-3.8524	-26.654	-7.4587	23.187	-10.509	-15.533	16.359	-17.443	25.581	-12.083	-20.732
-4.9589	-13.622	0.56124	6.1532	12.729	-1.0786	0.78904	0.75725	-1.7743	-1.7972	-3.0755	-0.50988	-0.36441	-1.3521	1.1681	32.137	-18.234	-2.7019	22.608	-15.604	-16.7	-20.978	21.176	22.916	-15.843	-20.253	29.149	-0.21817
-4.8583	-12.052	0.62939	5.9466	12.497	-0.9693	0.81079	0.92232	-2.8551	-2.1717	-1.7789	-0.64029	-0.37118	-1.4165	4.0241	62.806	2.7263	-8.2648	-9.2815	4.3728	0.87001	6.6031	-43.229	-14.978	51.863	-5.2166	-0.27084	-2.5737
-4.774	-8.274	0.78369	4.6826	12.743	-1.2399	-0.10197	1.0496	-2.8873	-2.0508	-1.9636	0.039939	-0.78496	-1.0736	3.3706	151.11	6.1719	-50.558	9.8445	-10.825	-36.511	5.0926	-1.2899	4.8367	-7.3866	27.209	-16.551	13.714
-4.6432	-7.0867	0.97208	5.0332	12.845	-1.9481	-0.30173	0.91198	-2.4252	-2.3487	-1.4656	-0.60002	-0.33812	-0.9097	5.2326	47.493	7.5355	14.021	4.0528	-28.326	-7.9904	-5.5064	18.483	-11.919	19.919	-25.598	17.873	6.5561
-4.5905	-5.64	1.3924	5.0322	12.289	-2.7664	0.17581	1.0669	-2.956	-2.3333	-1.3983	-0.49267	-0.21967	-0.67481	2.1056	57.869	16.815	-0.036866	-22.221	-32.735	19.102	6.1982	-21.232	0.61898	2.6918	4.2939	4.7381	9.3957
-4.5777	-5.0824	1.4131	4.7986	12.824	-3.0728	-1.1088	1.3425	-2.5595	-2.4832	-1.4203	-0.55677	0.19081	-0.74063	0.51252	22.304	0.82732	-9.3434	21.383	-12.253	-51.385	11.024	15.863	-5.9972	-0.87732	-2.5638	16.419	-2.6327
-4.5986	-3.1087	1.0014	4.1038	12.801	-2.7636	-1.3978	1.5268	-2.792	-2.3582	-2.0221	0.42551	0.51164	-0.9446	-0.83363	78.946	-16.469	-27.792	-0.91981	12.365	-11.561	7.369	-9.3006	4.9999	-24.072	39.291	12.833	-8.1589
-4.5954	-1.5177	2.0721	3.0167	12.499	-3.0599	-1.3203	0.70694	-2.394	-2.0502	-2.5704	1.069	-0.11692	-0.72739	0.12705	63.641	42.827	-43.485	-12.069	-11.851	3.1023	-32.793	15.919	12.321	-21.934	25.738	-25.142	8.6885
-4.4992	0.12998	2.0561	2.1469	13.455	-4.1011	-1.3487	0.89118	-2.6747	-2.5644	-1.8067	0.53713	0.70514	-0.48738	3.8461	65.906	-0.63904	-34.792	38.254	-41.647	-1.1357	7.3699	-11.227	-20.567	30.549	-21.273	32.883	9.6005
-4.4586	-0.03605	2.2281	2.5907	12.397	-2.9774	-2.6509	0.71477	-2.4517	-2.9073	-2.3781	1.0502	1.1312	-0.32041	1.6267	-6.641	6.8782	17.751	-42.343	44.946	-52.087	-7.0564	8.9212	-13.718	-22.858	20.525	17.043	6.6787
-4.2299	-0.28132	2.9815	2.0163	12.105	-3.3076	-2.8322	0.18176	-2.9083	-2.8993	-2.1743	1.1066	1.1958	-0.3316	9.1467	-9.8108	30.137	-22.975	-11.675	-13.206	-7.2536	-21.32	-18.267	0.31962	8.1546	2.2537	2.5849	-0.44777
-4.2779	0.8084	4.3119	0.51948	11.101	-3.0204	-2.8378	-1.137	-3.0236	-2.4831	-2.061	1.4011	0.6785	-0.23172	-1.9221	43.589	53.216	-59.873	-40.145	11.489	-0.22504	-52.75	-4.6118	16.648	4.5302	11.781	-20.694	3.9954
-4.2825	2.9263	3.9667	-0.95706	10.859	-2.7235	-3.5923	-1.9221	-2.4901	-0.68345	-1.7077	-0.1401	0.96805	-0.34018	-0.18352	84.717	-13.81	-59.062	-9.694	11.873	-30.18	-31.404	21.339	71.986	14.135	-61.649	11.582	-4.3382
-4.623	1.412	3.6725	-0.26312	10.198	-3.0504	-4.8101	-2.5518	-1.5083	0.21307	-1.6255	0.50808	0.91634	0.26993	-13.62	-60.572	-11.768	27.758	-26.444	-13.075	-48.712	-25.19	39.272	35.861	3.2867	25.927	-2.0683	24.404
-4.4796	1.7712	3.3304	-1.309	9.0345	-3.5885	-4.0742	-2.6197	-1.0096	1.0766	-0.97979	-0.51554	1.7826	0.019728	5.7386	14.368	-13.683	-41.835	-46.527	-21.523	29.436	-2.7165	19.951	34.54	25.828	-40.945	34.652	-10.008
-4.238	12.274	8.0535	-4.4328	5.3893	-3.9334	-3.3763	-1.0869	-2.863	1.6113	0.20929	0.28248	2.0946	0.43778	9.6635	420.12	188.93	-124.95	-145.81	-13.797	27.915	61.313	-74.137	21.389	47.563	31.921	12.478	16.722
-4.099	-9.7777	5.9316	-2.8831	3.314	-3.6335	-6.1396	-2.53	-2.4433	2.8297	1.0946	0.42163	2.769	1.5301	5.5605	-882.08	-84.876	61.987	-83.011	11.997	-110.53	-57.724	16.789	48.735	35.414	5.5662	26.975	43.691
-5.1254	7.2984	7.7662	-6.4128	3.6025	-2.0233	-5.1198	-2.3867	0.73475	2.7207	2.0041	-0.82678	-0.1091	1.9576	-41.056	683.04	73.382	-141.19	11.539	64.407	40.791	5.7321	127.12	-4.3569	36.377	-49.937	-115.12	17.103
-4.6587	-0.055714	8.8502	-3.434	-1.0645	-1.1761	-0.31228	-2.1709	0.32046	2.3297	1.8131	0.15048	-0.91048	1.212	18.666	-294.17	43.362	119.15	-186.68	33.89	192.3	8.6313	-16.572	-15.642	-7.6393	39.091	-32.055	-29.824
-4.7625	-2.833	8.2863	-2.8199	-2.1772	-1.3955	-0.79029	-3.1941	0.88648	3.3717	2.2812	0.26595	-1.1179	0.90337	-4.1497	-111.09	-22.559	24.562	-44.508	-8.7754	-19.12	-40.927	22.641	41.682	18.725	4.6186	-8.298	-12.346
-5.1929	11.97	4.5293	0.07174	-7.0561	1.8562	-2.2508	0.30857	-0.74362	1.7059	4.108	-1.1713	-1.2303	0.42401	-17.217	592.13	-150.28	115.67	-195.16	130.07	-58.421	140.11	-65.204	-66.632	73.07	-57.492	-4.4955	-19.175
-4.9355	3.8143	2.2012	1.2767	-5.0271	1.423	-1.5618	-0.26791	-0.64839	2.4825	4.4608	-1.0527	-2.7591	0.92452	10.296	-326.24	-93.124	48.198	81.16	-17.327	27.559	-23.059	3.8093	31.064	14.113	4.7452	-61.15	20.02
-5.7483	-1.6373	6.6335	-0.061208	-4.9365	-0.56757	2.2848	-0.83247	1.2961	0.7934	2.5814	-0.63742	-3.3279	1.3998	-32.515	-218.06	177.29	-53.516	3.6247	-79.623	153.86	-22.582	77.781	-67.565	-75.176	16.612	-22.752	19.01
-6.3496	-11.755	0.9147	0.0090959	-3.0349	1.8924	4.2489	1.5713	4.9451	1.6293	4.3179	-1.1189	-3.2214	0.09186	-24.049	-404.7	-228.75	2.8121	76.062	98.397	78.565	96.149	145.96	33.436	69.462	-19.258	4.2576	-52.316
-7.0326	-17.554	0.39069	-2.6232	-4.4396	4.9014	5.0139	2.33	4.4196	0.30237	4.8837	-2.0718	-2.0974	1.1294	-27.323	-231.96	-20.961	-105.29	-56.187	120.36	30.598	30.35	-21.019	-53.077	22.629	-38.118	44.96	41.501
-7.4122	-17.157	-1.804	-3.8421	-8.2162	4.5142	4.9639	3.2506	3.2893	-0.19151	4.1709	-3.6633	-0.31849	2.1388	-15.184	15.858	-87.786	-48.755	-151.07	-15.489	-1.9999	36.823	-45.215	-19.755	-28.511	-63.657	71.157	40.377
-7.871	-23.022	-4.7609	-3.6531	-7.7074	4.7703	2.8881	0.88952	1.3148	0.79578	5.2701	-2.653	-1.9434	2.0483	-18.351	-234.58	-118.28	7.5569	20.355	10.244	-83.033	-94.442	-78.98	39.492	43.968	40.41	-64.995	-3.6191
