-2.3223	-7.8079	18.192	3.0968	-3.3775	0.9646	-5.5786	0.23338	0.73448	0.72426	-1.8601	-3.4613	1.7888	1.8597	0	0	0	0	0	0	0	0	0	0	0	0	0	0
-1.2244	12.305	14.945	-2.0789	-4.4049	0.95702	-5.7577	2.9795	-1.8632	-0.10089	-3.0679	-1.4916	3.3072	0.57771	43.916	804.5	-129.89	-207.03	-41.097	-0.30339	-7.1633	109.85	-103.91	-33.006	-48.311	78.79	60.737	-51.278
-0.72907	17.421	16.134	-3.1823	-4.1457	-1.6036	-5.2705	2.9752	-2.7774	-0.94976	-3.0933	0.56167	3.6851	1.082	19.812	204.65	47.557	-44.135	10.369	-102.42	19.485	-0.17268	-36.569	-33.955	-1.0151	82.13	15.117	20.171
-0.63676	23.026	13.927	-4.956	-4.8473	-0.19734	-2.5224	2.0463	-3.1819	-1.6767	-0.18961	1.265	1.7494	1.4987	3.6924	224.21	-88.286	-70.949	-28.064	56.249	109.93	-37.156	-16.177	-29.076	116.15	28.133	-77.43	16.667
-0.53307	32.139	9.2105	-4.7948	-3.95	1.1486	-2.6641	0.12745	-3.9055	0.33118	0.14861	0.74681	2.5373	0.17252	4.1478	364.52	-188.65	6.4484	35.892	53.837	-5.6677	-76.755	-28.946	80.313	13.529	-20.727	31.518	-53.045
-0.69706	36.792	5.5747	-5.165	-2.6817	2.9155	-3.0895	-0.042246	-3.4632	-0.91957	1.3998	1.1424	2.1223	0.043911	-6.5595	186.12	-145.43	-14.81	50.734	70.676	-17.019	-6.7878	17.693	-50.03	50.046	15.822	-16.6	-5.1444
-1.1879	34.538	5.2594	-2.2494	-2.6062	3.0467	-2.5711	-0.95036	-1.0488	-2.3755	0.41676	1.0292	1.5145	-1.1303	-19.634	-90.155	-12.612	116.63	3.0199	5.248	20.736	-36.324	96.574	-58.235	-39.321	-4.5249	-24.313	-46.968
-2.0305	20.805	2.2276	-1.2632	-1.7161	2.4583	-1.2711	-1.5829	-0.070703	-3.2584	0.73223	1.3179	1.1767	-1.041	-33.704	-549.33	-121.27	39.446	35.603	-23.534	52.001	-25.301	39.125	-35.317	12.619	11.546	-13.513	3.5728
-4.7339	5.8726	-2.4098	-0.6943	-1.8335	2.8293	1.5365	1.9488	1.6411	-2.2454	0.5285	0.55536	-0.43252	-0.99682	-108.14	-597.29	-185.5	22.756	-4.6972	14.839	112.3	141.27	68.473	40.52	-8.1492	-30.501	-64.368	1.7655
-5.455	-2.6469	-3.6954	-0.77826	0.10095	4.7184	0.35129	2.2984	0.58439	-3.0067	-0.98167	0.635	2.2605	-0.59574	-28.844	-340.78	-51.425	-3.3582	77.379	75.562	-47.407	13.982	-42.27	-30.455	-60.407	3.1854	107.72	16.043
-5.7007	-9.8258	-5.6299	1.4328	-0.92842	5.7927	1.6511	1.6484	0.88677	-2.1347	0.29108	0.46667	0.42511	-0.29609	-9.8274	-287.16	-77.379	88.441	-41.175	42.972	51.992	-25.997	12.095	34.88	50.91	-6.733	-73.418	11.986
-3.7311	7.9155	-7.6129	2.0139	-0.62953	1.7687	0.071396	1.8389	1.0631	-1.4132	1.4254	0.86356	0.11248	-1.0379	78.782	709.65	-79.322	23.247	11.956	-160.96	-63.188	7.6187	7.0543	28.862	45.372	15.876	-12.505	-29.673
-2.002	31.528	-2.8314	1.3298	-0.87067	-0.2328	1.9208	-2.4429	-0.27165	-2.0585	2.063	1.0691	0.19485	-2.2146	69.166	944.5	191.26	-27.365	-9.6454	-80.058	73.976	-171.27	-53.391	-25.812	25.504	8.2225	3.295	-47.068
-1.0695	34.28	3.9136	-2.4927	-0.57178	5.2067	-1.3608	-2.569	-1.0622	-3.9073	1.9086	-0.031801	1.9049	-2.2256	37.3	110.07	269.8	-152.9	11.955	217.58	-131.27	-5.0445	-31.622	-73.954	-6.1768	-44.037	68.402	-0.44077
-0.75886	32.717	6.7945	-4.5975	-0.22056	5.964	-3.1683	-0.67901	-2.6683	-3.3433	1.8804	-0.26988	2.4158	-2.4775	12.425	-62.504	115.23	-84.192	14.049	30.29	-72.3	75.599	-64.243	22.561	-1.1262	-9.5232	20.434	-10.073
-0.97689	28.829	9.7114	-6.2875	-0.43185	5.4589	-2.2547	1.4075	-5.4149	-1.8874	1.0908	0.036651	0.93521	-0.30953	-8.721	-155.52	116.68	-67.599	-8.4515	-20.204	36.543	83.461	-109.86	58.238	-31.586	12.261	-59.222	86.717
-1.5933	18.41	13.676	-5.6847	-3.8435	5.2397	-0.18743	2.4431	-5.2205	-2.7772	2.0161	-0.9529	0.33522	0.5968	-24.656	-416.76	158.57	24.111	-136.46	-8.7664	82.692	41.424	7.7728	-35.593	37.013	-39.582	-24	36.253
-2.5882	-8.3844	16.06	-3.049	-5.1177	2.4893	3.5692	2.5289	-3.181	-1.6319	1.8274	-1.5496	0.27778	1.0016	-39.795	-1071.8	95.38	105.43	-50.967	-110.02	150.27	3.4311	81.581	45.811	-7.5468	-23.867	-2.2976	16.192
-5.6253	-45.11	12.041	6.1261	-3.7055	2.5519	3.83	3.9223	2.7319	-0.21584	-0.311	-2.839	-3.3627	-0.37749	-121.49	-1469	-160.76	367	56.488	2.5016	10.429	55.735	236.52	56.643	-85.537	-51.577	-145.62	-55.164
-6.6023	-51.524	8.8422	6.078	-1.4329	3.4291	3.4684	3.275	1.3726	0.49309	0.027263	-2.7079	-2.93	-0.39619	-39.079	-256.55	-127.95	-1.9247	90.9	35.09	-14.463	-25.893	-54.375	28.357	13.531	5.2429	17.31	-0.7478
-7.7897	-64.712	3.4237	7.9603	0.23411	3.8674	3.8248	5.3097	4.4787	0.94313	0.50763	-2.8016	-3.1372	-1.892	-47.499	-527.54	-216.74	75.293	66.682	17.533	14.256	81.39	124.25	18.002	19.215	-3.7466	-8.2902	-59.833
-8.911	-77.096	-4.9139	7.5625	2.8621	6.4718	4.143	5.845	4.1179	-0.99579	-0.40129	-2.6883	-2.8098	-2.7251	-44.85	-495.36	-333.5	-15.912	105.12	104.18	12.726	21.414	-14.432	-77.557	-36.357	4.53	13.098	-33.321
-11.151	-82.801	-11.887	4.5745	1.3069	6.8131	2.1298	1.8516	2.3523	-1.0154	-0.58201	-1.5353	-2.3661	-2.6006	-89.608	-228.19	-278.91	-119.52	-62.207	13.65	-80.528	-159.74	-70.624	-0.78439	-7.2284	46.12	17.748	4.9772
-13.054	-90.248	-14.942	2.3736	-1.1008	3.4237	-0.50054	0.22864	2.5983	-1.0768	1.0584	-0.38499	-1.1179	-0.54227	-76.112	-297.89	-122.21	-88.034	-96.309	-135.57	-105.21	-64.92	9.8408	-2.4563	65.616	46.014	49.928	82.334
-13.112	-92.955	-18.352	2.2288	-3.3242	1.7931	-0.33663	0.89456	2.1197	-0.94667	-0.11629	-0.52554	0.10545	-0.79652	-2.3201	-108.27	-136.39	-5.7943	-88.937	-65.222	6.5566	26.637	-19.144	5.2055	-46.988	-5.622	48.934	-10.17
-8.1155	-58.409	-3.5495	2.0416	0.65055	3.8687	0.73356	1.4848	2.5148	0.12301	1.3352	0.13794	0.31864	0.58611	199.86	1381.9	592.09	-7.4877	158.99	83.022	42.808	23.609	15.803	42.787	58.061	26.539	8.5276	55.305
-6.3738	-7.0799	-18.357	-1.5606	0.6569	1.9044	1.1152	3.4149	5.4144	0.56741	1.0673	0.4498	1.1842	1.8791	69.668	2053.1	-592.29	-144.09	0.25411	-78.572	15.267	77.205	115.98	17.776	-10.717	12.475	34.623	51.72
-4.3947	12.337	-11.729	-6.4175	-4.6998	3.9006	2.7887	-0.15989	0.85815	-1.4258	4.4509	1.6845	1.8333	0.472	79.164	776.68	265.11	-194.28	-214.27	79.85	66.939	-142.99	-182.25	-79.726	135.35	49.388	25.965	-56.284
-3.7698	16.871	-12.267	-5.4962	-6.3436	2.4572	3.307	1.3706	2.2554	-3.4079	1.8046	1.3532	1.8258	-0.019464	24.993	181.35	-21.513	36.852	-65.75	-57.736	20.73	61.219	55.892	-79.286	-105.85	-13.253	-0.30206	-19.658
-4	10.097	-8.3913	-7.6295	-5.3848	2.8457	3.8899	2.4785	1.1396	-3.2619	0.14702	0.066998	2.3592	0.56957	-9.2051	-270.95	155.02	-85.333	38.352	15.537	23.318	44.318	-44.634	5.8411	-66.305	-51.447	21.336	23.561
-3.2348	6.5657	-1.1901	-5.0146	-1.9932	4.5492	3.677	1.4983	1.5333	-2.0224	1.2423	0.22315	1.7581	1.3268	30.606	-141.26	288.05	104.59	135.66	68.144	-8.5182	-39.207	15.746	49.578	43.809	6.2461	-24.044	30.289
-2.253	12.172	12.523	-1.2672	-6.7075	3.4878	2.7871	2.4555	-2.0673	-3.5002	1.7123	0.57576	0.14704	0.077529	39.273	224.27	548.52	149.9	-188.57	-42.457	-35.597	38.287	-144.02	-59.112	18.8	14.104	-64.442	-49.97
-1.489	15.09	14.386	-1.9856	-10.817	7.7721	0.18499	3.0998	-2.7122	-5.0563	3.1164	-1.2164	-1.1993	0.6542	30.56	116.7	74.54	-28.738	-164.39	171.37	-104.08	25.77	-25.797	-62.243	56.166	-71.686	-53.853	23.067
-1.4079	14.886	15.213	-3.4972	-9.7559	8.2308	0.081512	3.3114	-3.7702	-5.2683	3.7632	-3.1343	-0.21907	0.37402	3.2436	-8.161	33.076	-60.465	42.458	18.349	-4.1393	8.4638	-42.317	-8.4795	25.871	-76.718	39.209	-11.207
-1.4949	10.815	14.749	-2.5194	-6.0741	6.485	-0.63417	3.2617	-6.121	-3.9396	4.0679	-3.8703	0.025197	0.46576	-3.4809	-162.83	-18.558	39.116	147.27	-69.834	-28.627	-1.9863	-94.033	53.148	12.19	-29.44	9.7706	3.6695
-1.541	11.243	14.129	-2.699	-4.561	5.8522	-1.2801	4.1442	-6.5042	-4.414	3.8637	-3.5098	0.39579	0.63298	-1.8427	17.131	-24.81	-7.1845	60.523	-25.309	-25.839	35.298	-15.331	-18.977	-8.1719	14.421	14.824	6.6889
-1.422	12.368	14.028	-3.9387	-3.8871	6.007	-0.82312	4.0498	-7.1156	-4.2926	3.5687	-2.9332	0.3719	0.67263	4.758	44.968	-4.0576	-49.59	26.958	6.1915	18.281	-3.7757	-24.453	4.8582	-11.798	23.063	-0.95551	1.5861
-1.3324	13.102	14.167	-5.09	-3.5633	6.7172	-0.73504	4.1707	-7.9592	-4.0767	3.5637	-2.9737	0.44277	0.87325	3.5857	29.384	5.5584	-46.049	12.952	28.406	3.5235	4.8363	-33.744	8.6354	-0.19957	-1.618	2.8345	8.0246
-1.3475	13.196	14.256	-5.2138	-3.4275	6.8743	-0.62148	4.1641	-7.888	-3.8454	3.0816	-2.7322	0.69715	0.66087	-0.6033	3.7704	3.5836	-4.952	5.4288	6.2859	4.5421	-0.2639	2.8484	9.2516	-19.285	9.6565	10.175	-8.495
-1.4038	12.328	14.735	-4.9645	-3.18	6.5559	-1.369	5.1158	-7.8642	-3.5377	2.6454	-2.823	0.39401	0.8548	-2.2546	-34.738	19.161	9.9702	9.9005	-12.736	-29.901	38.067	0.95044	12.307	-17.446	-3.6286	-12.125	7.7573
-1.5309	10.07	16.878	-5.8009	-3.0949	6.2598	-0.59195	4.0839	-6.9034	-2.603	2.1137	-3.1273	-0.35681	1.4327	-5.0805	-90.322	85.711	-33.455	3.4073	-11.846	31.082	-41.276	38.43	37.39	-21.268	-12.172	-30.033	23.115
-1.6171	8.7373	17.854	-5.9912	-3.5784	6.1331	-0.017796	1.65	-3.8026	-3.2739	2.0886	-3.1865	-0.58278	1.5236	-3.4482	-53.305	39.038	-7.6128	-19.343	-5.0661	22.966	-97.357	124.03	-26.836	-1.0063	-2.37	-9.0389	3.636
-2.0205	10.736	14.166	-3.2307	-5.0436	4.669	2.4223	-1.14	-1.3773	-2.5204	0.73198	-2.506	-1.1526	2.6356	-16.136	79.927	-147.5	110.42	-58.606	-58.564	97.603	-111.6	97.016	30.138	-54.264	27.219	-22.792	44.482
-2.6562	13.047	4.7584	0.14601	-2.6254	0.8797	1.9608	-0.42538	1.1541	-3.0856	0.20692	-1.6605	-0.73954	1.405	-25.431	92.444	-376.32	135.07	96.728	-151.57	-18.461	28.586	101.26	-22.608	-21.002	33.819	16.521	-49.224
-4.1042	1.2268	-1.2362	5.1972	-2.9756	0.65502	0.62274	0.196	1.4586	-1.5487	0.29716	-2.5216	0.78961	0.16274	-57.916	-472.79	-239.78	202.05	-14.009	-8.9871	-53.521	24.855	12.178	61.478	3.6095	-34.44	61.166	-49.691
-5.6944	-13.102	-7.3997	6.2521	-0.36709	0.59295	-0.18101	0.7562	2.6992	-0.035467	0.7533	-1.7023	-1.0753	0.74362	-63.612	-573.16	-246.54	42.197	104.34	-2.483	-32.15	22.408	49.624	60.528	18.246	32.769	-74.598	23.235
-7.7714	-21.301	-16.537	2.4367	0.85287	3.7748	1.0536	1.4616	3.552	0.17742	0.48589	0.10477	0.099422	0.33145	-83.077	-327.96	-365.49	-152.62	48.798	127.27	49.384	28.216	34.113	8.5155	-10.696	72.284	46.99	-16.487
-7.9379	-22.423	-19.426	-1.2997	-2.4826	3.6582	-0.1033	0.58574	2.0614	-1.1837	0.59459	-0.29244	-0.90127	-0.35611	-6.6626	-44.867	-115.57	-149.46	-133.42	-4.6637	-46.275	-35.034	-59.623	-54.447	4.348	-15.888	-40.028	-27.503
-7.9786	-25.223	-23.93	-2.7593	-3.7146	1.3812	1.1994	0.87991	3.2821	0.39853	1.613	-0.059638	-0.67308	0.91907	-1.6264	-112.02	-180.13	-58.386	-49.282	-91.078	52.108	11.767	48.827	63.291	40.735	9.312	9.1277	51.007
-8.2964	-26.424	-20.901	-2.0386	-2.0889	0.4022	-1.6621	-1.1721	0.76871	0.79847	2.4119	0.26156	-0.25191	-0.38266	-12.713	-48.032	121.15	28.831	65.027	-39.161	-114.46	-82.082	-100.54	15.998	31.956	12.848	16.847	-52.069
-9.4284	-48.377	-18.085	-4.7437	-5.8089	0.23902	0.69625	1.1475	1.5203	1.2999	1.6445	-0.5142	0.43437	0.41882	-45.281	-878.11	112.64	-108.21	-148.8	-6.527	94.334	92.784	30.064	20.057	-30.694	-31.031	27.451	32.059
-11.48	-72.844	-11.483	-4.826	-4.7883	0.98751	-0.13285	1.1682	2.6077	1.0639	0.80301	-0.81638	0.43542	2.0365	-82.077	-978.66	264.06	-3.2916	40.825	29.94	-33.164	0.83069	43.496	-9.4407	-33.66	-12.087	0.042114	64.707
-13.152	-88.972	-17.799	0.76582	-2.0661	1.3597	0.062611	1.0253	2.4978	-1.0165	0.4055	-0.15846	0.71897	1.2043	-66.875	-645.14	-252.62	223.67	108.89	14.887	7.8186	-5.7148	-4.398	-83.213	-15.901	26.317	11.342	-33.288
-13.927	-91.57	-18.583	0.97476	-2.1093	1.5274	-0.067147	1.5378	0.86482	-1.9475	0.93722	0.37369	0.95953	1.5565	-30.974	-103.9	-31.362	8.3575	-1.7299	6.7063	-5.1903	20.499	-65.317	-37.243	21.269	21.286	9.6221	14.088
-12.079	-75.579	-9.0817	1.3308	-6.112	-1.5379	0.17691	4.6134	2.0033	0.26778	1.5554	1.9526	-0.80436	0.35394	73.888	639.63	380.04	14.24	-160.1	-122.61	9.7623	123.02	45.537	88.613	24.729	63.156	-70.555	-48.103
-9.8367	-58.989	-12.835	-2.6161	-8.2174	-0.43983	1.6808	1.5119	1.7013	-1.3206	-0.10494	0.98365	-0.53233	1.8174	89.71	663.58	-150.15	-157.88	-84.216	43.922	60.155	-124.06	-12.079	-63.537	-66.415	-38.758	10.881	58.54
-5.4542	-19.375	-7.2513	-3.4816	-10.981	-2.537	1.8541	1.2737	1.662	-0.47344	0.42959	1.7447	0.23122	2.8166	175.3	1584.6	223.36	-34.62	-110.54	-83.886	6.9313	-9.5305	-1.5725	33.888	21.381	30.444	30.542	39.965
-4.0012	7.6657	-4.8444	0.47864	-8.1349	-1.7854	4.6666	-0.11727	1.4091	-1.8884	-0.22279	0.27797	0.26436	1.2919	58.12	1081.6	96.278	158.41	113.83	30.063	112.5	-55.638	-10.116	-56.599	-26.095	-58.671	1.3255	-60.985
-2.0004	12.089	6.1932	3.4538	-1.4144	-0.89613	0.58329	-1.724	1.4926	-3.7485	-1.0264	0.45891	0.94395	2.2689	80.031	176.91	441.5	119.01	268.82	35.571	-163.33	-64.27	3.3424	-74.403	-32.144	7.2374	27.184	39.079
-1.199	13.349	12.779	0.42967	-0.99492	-3.7622	-3.8768	1.6107	-0.40404	-3.2217	-1.8846	-1.7441	3.3279	0.39426	32.055	50.415	263.45	-120.96	16.778	-114.64	-178.4	133.39	-75.867	21.071	-34.327	-88.12	95.359	-74.985
-0.94908	13.036	12.56	2.8978	0.46041	-7.9784	-2.791	2.4175	0.032306	-3.4923	-1.8439	-1.1069	0.70589	0.62986	9.9983	-12.521	-8.7847	98.725	58.213	-168.65	43.432	32.269	17.454	-10.825	1.6261	25.487	-104.88	9.4243
-0.81969	10.424	13.313	3.7538	0.7763	-8.7391	-3.3377	2.1038	1.5484	-3.2398	-2.2434	-1.9697	0.86067	0.29436	5.1756	-104.46	30.112	34.24	12.636	-30.428	-21.871	-12.548	60.643	10.102	-15.982	-34.509	6.1912	-13.42
-1.1683	8.847	12.685	4.9139	1.1499	-8.9775	-2.4625	1.2099	1.8774	-2.1716	-3.1267	-0.72841	0.22131	-1.2615	-13.945	-63.088	-25.126	46.406	14.943	-9.5366	35.012	-35.757	13.159	42.725	-35.33	49.65	-25.574	-62.236
-1.1712	7.4142	12.229	5.468	1.9118	-9.6178	-2.1176	1.2214	1.4026	-0.96685	-3.5216	-0.35084	1.0071	-3.2461	-0.11362	-57.315	-18.204	22.162	30.477	-25.613	13.796	0.46004	-18.989	48.192	-15.795	15.103	31.431	-79.381
-1.2937	6.241	12.68	5.5515	2.2385	-9.9231	-1.8233	0.54371	1.3972	-0.31119	-3.5888	0.018282	1.2832	-3.8624	-4.8999	-46.926	18.04	3.3383	13.066	-12.212	11.771	-27.106	-0.21638	26.226	-2.6876	14.765	11.047	-24.652
-1.1939	7.9188	12.723	6.0451	2.3214	-10.85	-3.3928	1.3236	1.9302	-0.99746	-2.7089	-0.1182	1.5385	-3.6038	3.9919	67.111	1.7039	19.744	3.3181	-37.076	-62.779	31.196	21.32	-27.451	35.194	-5.4595	10.211	10.343
-0.31503	15.665	12.046	3.3712	1.0529	-10.402	-5.4041	2.2989	2.5704	-2.2795	-1.6085	0.28362	0.95799	-0.47286	35.153	309.86	-27.079	-106.96	-50.741	17.901	-80.452	39.01	25.607	-51.28	44.016	16.073	-23.221	125.24
0.16667	22.304	13.877	0.2512	-2.8533	-11.402	-4.3315	4.5695	0.82102	-1.4226	-0.56299	0.043891	0.94921	-0.036654	19.268	265.55	73.238	-124.8	-156.25	-39.99	42.901	90.827	-69.975	34.274	41.821	-9.589	-0.35142	17.448
0.34602	23.279	14.762	-1.0268	-4.0505	-12.511	-2.2081	4.3527	0.43888	-1.1736	0.51573	0.31829	1.2605	0.50364	7.1739	38.978	35.418	-51.119	-47.889	-44.332	84.938	-8.6725	-15.285	9.9586	43.149	10.976	12.451	21.612
0.49208	23.558	13.859	-1.8312	-3.5047	-11.123	-1.893	3.1461	0.29589	-1.1249	1.0824	1.1005	1.6136	0.53197	5.8427	11.194	-36.125	-32.179	21.831	55.486	12.601	-48.265	-5.7198	1.9497	22.665	31.287	14.124	1.1331
0.38994	25.837	12.139	-1.8723	-3.9399	-11.686	-1.6504	3.5402	1.8268	-3.2617	0.60449	1.9364	2.0109	0.22123	-4.0857	91.161	-68.814	-1.6445	-17.407	-22.5	9.7054	15.765	61.238	-85.473	-19.115	33.438	15.893	-12.43
0.4421	28.387	11.769	-2.6992	-3.8324	-11.307	-1.413	3.6726	3.3997	-3.1463	-0.2653	2.6114	2.2504	-0.18704	2.0865	102	-14.791	-33.075	4.301	15.158	9.4952	5.2945	62.914	4.6175	-34.792	27.002	9.5794	-16.331
0.63601	28.238	12.321	-3.1095	-4.7267	-11.599	-0.54371	3.026	4.0841	-2.9796	-0.52382	2.4237	1.4922	-0.056136	7.7562	-5.9802	22.057	-16.41	-35.773	-11.694	34.773	-25.864	27.377	6.6668	-10.341	-7.5083	-30.326	5.2361
0.49837	27.611	12.93	-4.5436	-4.0166	-11.483	-1.0108	2.5016	4.6477	-2.2359	-1.507	2.3563	2.0379	-0.20152	-5.5055	-25.073	24.393	-57.364	28.403	4.6569	-18.683	-20.977	22.545	29.749	-39.328	-2.6958	21.826	-5.8153
0.53713	27.105	13.385	-4.5846	-4.447	-11.546	-0.77865	2.7693	4.1858	-0.99614	-2.3803	2.7435	1.7665	-0.14294	1.5504	-20.26	18.169	-1.6413	-17.216	-2.5122	9.2857	10.709	-18.477	49.59	-34.931	15.487	-10.854	2.3431
0.7205	28.099	14.368	-5.2393	-4.2565	-12.114	1.1884	2.4669	3.1674	-0.048216	-1.7296	2.6195	1.1381	0.056585	7.335	39.789	39.332	-26.189	7.6213	-22.728	78.684	-12.097	-40.736	37.917	26.027	-4.96	-25.137	7.9811
0.79501	31.878	13.471	-5.657	-5.9622	-11.375	2.447	1.6455	1.0918	2.1853	-2.8562	3.0815	0.12151	0.97561	2.9801	151.16	-35.864	-16.707	-68.226	29.57	50.341	-32.855	-83.023	89.34	-45.064	18.478	-40.664	36.761
0.91893	36.133	14.128	-7.7663	-7.8347	-8.5565	4.8479	-1.8236	1.0449	4.1981	-3.9339	3.5204	-0.08604	1.7111	4.9567	170.19	26.284	-84.373	-74.903	112.73	96.039	-138.76	-1.8779	80.512	-43.107	17.557	-8.3022	29.418
0.65682	40.876	11.132	-9.2919	-6.4426	-5.3882	3.3428	-2.6381	1.1865	2.054	-2.8236	4.5206	-0.67945	1.3123	-10.484	189.71	-119.85	-61.022	55.687	126.73	-60.205	-32.581	5.6644	-85.766	44.412	40.009	-23.736	-15.952
-0.090228	40.985	9.4617	-10.848	-1.9578	-3.02	0.7073	-1.4502	-0.5033	2.1618	-1.9297	4.8908	-2.1173	1.2678	-29.882	4.3787	-66.819	-62.255	179.39	94.73	-105.42	47.517	-67.593	4.3134	35.755	14.807	-57.513	-1.7778
-0.649	38.436	7.0984	-8.8269	-1.133	-2.3528	2.5163	-3.3715	-0.44878	1.0907	0.63421	3.4797	-1.8396	-0.07284	-22.351	-101.97	-94.534	80.854	32.992	26.688	72.362	-76.853	2.181	-42.844	102.56	-56.443	11.106	-53.626
-2.0912	30.231	0.7533	-3.5152	1.6563	0.75554	1.0195	-3.1814	-0.91021	1.5096	0.94334	1.898	-1.1407	-0.76175	-57.69	-328.19	-253.8	212.47	111.57	124.33	-59.873	7.605	-18.457	16.755	12.365	-63.27	27.954	-27.556
-3.4123	13.213	-1.9664	-2.7418	2.4987	3.2874	1.1414	-1.4535	-0.77803	1.7442	1.1332	-0.0060796	-1.1796	0.12132	-52.842	-680.72	-108.79	30.936	33.696	101.27	4.8762	69.116	5.287	9.3849	7.5948	-76.161	-1.5559	35.323
-4.3069	11.12	-13.955	-3.5158	3.9001	4.874	-0.68252	-0.16043	0.4824	1.252	1.4494	2.2256	1.4971	-0.62125	-35.783	-83.754	-479.54	-30.959	56.057	63.467	-72.958	51.722	50.417	-19.689	12.649	89.268	107.07	-29.703
-3.8677	15.704	-20.643	-3.8143	5.1996	1.475	-2.1472	0.92933	0.81412	0.58099	0.13603	-0.14904	-1.2588	-1.5597	17.566	183.36	-267.54	-11.938	51.977	-135.96	-58.587	43.591	13.269	-26.84	-52.537	-94.987	-110.23	-37.537
-3.5248	17	-25.392	-2.5984	5.6719	-0.42646	-1.5589	2.2985	1.1771	-0.19787	-1.2507	-0.88475	-0.89324	-2.1855	13.715	51.841	-189.95	48.633	18.894	-76.058	23.53	54.767	14.521	-31.154	-55.468	-29.429	14.62	-25.033
-3.3517	16.145	-26.822	-1.1982	5.0778	1.666	-2.6643	-0.1464	0.75442	-1.1084	-1.1094	-1.298	-0.26401	-1.5511	6.9256	-34.19	-57.202	56.008	-23.765	83.698	-44.213	-97.796	-16.908	-36.422	5.65	-16.529	25.169	25.375
-3.3347	16.832	-27.48	-3.0326	2.8718	-0.42873	-1.4303	1.8338	2.2586	-0.08379	-1.0974	-1.5259	-0.077433	-0.20449	0.67932	27.467	-26.302	-73.374	-88.24	-83.789	49.361	79.207	60.166	40.985	0.47858	-9.1176	7.4632	53.865
-3.1966	18.91	-27.123	-2.6639	4.2513	-0.72394	-3.5388	0.20018	2.6042	-0.47845	0.13524	0.94336	1.7986	-0.56511	5.523	83.132	14.274	14.748	55.179	-11.808	-84.342	-65.344	13.825	-15.787	49.307	98.771	75.039	-14.425
-3.3291	21.549	-26.522	-3.5647	2.2018	1.4837	-3.6824	-0.35386	2.3573	-0.32902	1.1806	1.1571	2.1826	-1.3792	-5.2987	105.56	24.035	-36.031	-81.98	88.304	-5.7445	-22.162	-9.8758	5.9774	41.816	8.5502	15.362	-32.565
-3.9353	12.155	-25.977	-1.0759	3.5404	0.79561	-1.8482	0.40997	2.1788	0.69121	1.6229	0.23132	1.5674	-2.0785	-24.249	-375.76	21.819	99.55	53.543	-27.522	73.369	30.553	-7.1389	40.809	17.689	-37.032	-24.607	-27.97
-4.7934	3.9139	-22.076	-0.081449	3.5828	0.22336	-1.892	0.15196	2.7414	0.089187	1.5953	0.9925	0.66574	-1.0994	-34.323	-329.64	156.03	39.779	1.6981	-22.89	-1.7537	-10.32	22.504	-24.081	-1.1037	30.447	-36.067	39.165
-4.171	5.8458	-11.081	6.8645	7.279	1.3658	-0.65533	-1.2932	1.3104	-1.8294	0.68816	-0.41587	0.42879	-2.0281	24.894	77.275	439.78	277.84	147.85	45.698	49.468	-57.806	-57.24	-76.742	-36.285	-56.335	-9.4779	-37.151
-3.5557	10.11	-0.89195	3.3915	5.9141	-1.2194	1.7884	-0.40576	-2.382	-0.51125	0.15098	0.43563	-0.78611	-3.3758	24.615	170.56	407.58	-138.92	-54.595	-103.41	97.749	35.497	-147.7	52.724	-21.487	34.06	-48.596	-53.906
-3.4091	6.5906	-1.7505	4.3373	7.8841	-0.010512	0.46909	-0.18854	-0.91783	-1.6319	-0.53121	-0.66046	-0.14227	-2.5999	5.8606	-140.77	-34.34	37.834	78.801	48.354	-52.773	8.6891	58.567	-44.826	-27.288	-43.844	25.753	31.035
-3.5776	6.293	-7.2453	8.1062	8.1979	-0.5232	0.75714	0.642	-0.052078	-1.5837	-2.3255	0.61908	-0.48454	-2.2373	-6.7393	-11.903	-219.79	150.76	12.553	-20.508	11.522	33.222	34.63	1.9264	-71.773	51.182	-13.691	14.505
-3.8985	12.98	-14.505	9.7014	5.127	0.75964	2.3475	-1.3299	0.46557	0.24803	-1.137	0.43618	-0.83589	-3.0006	-12.835	267.46	-290.39	63.807	-122.84	51.314	63.613	-78.877	20.706	73.271	47.542	-7.3162	-14.054	-30.531
-3.9455	11.717	-17.575	11.515	2.6641	-0.26453	3.3233	-1.0514	-0.27196	0.2938	-0.97782	-0.49394	-0.31567	-1.6104	-1.8785	-50.489	-122.8	72.544	-98.517	-40.967	39.034	11.143	-29.501	1.8308	6.3659	-37.205	20.809	55.608
-4.2348	2.5233	-21.778	12.358	1.9506	0.11588	5.045	-1.4469	-0.50156	-0.71963	-1.0866	-0.29977	-0.22479	-0.53687	-11.573	-367.76	-168.11	33.739	-28.541	15.216	68.868	-15.82	-9.1841	-40.537	-4.3502	7.7667	3.6353	42.94
-4.2357	-1.8527	-25.703	9.7174	1.5171	-0.66453	5.4279	-0.20622	0.009718	0.88655	0.14809	-0.28105	-0.30693	-0.37312	-0.036191	-175.04	-157.01	-105.64	-17.339	-31.216	15.317	49.626	20.451	64.247	49.387	0.74893	-3.2856	6.5499
-3.777	-4.7981	-30.564	10.163	1.6475	-0.89124	4.8317	0.64765	2.8739	2.6466	-0.1535	0.079252	-0.12177	0.10227	18.347	-117.82	-194.45	17.805	5.2144	-9.0686	-23.849	34.155	114.57	70.402	-12.064	14.412	7.4064	19.016
-3.7424	3.1009	-29.489	6.7453	1.9403	-1.3638	3.8098	-1.9032	2.0975	2.2995	0.76274	1.4322	1.5594	-0.22484	1.3839	315.96	43.027	-136.69	11.713	-18.901	-40.875	-102.04	-31.057	-13.885	36.649	54.117	67.248	-13.085
-3.4475	19.436	-15.208	5.1408	2.4403	-0.071666	2.1836	-2.4512	0.20395	-0.9688	0.07295	1.672	0.44769	-1.1259	11.799	653.41	571.24	-64.177	19.999	51.684	-65.051	-21.92	-75.742	-130.73	-27.592	9.5933	-44.47	-36.044
-2.7378	21.804	-3.9085	4.4467	0.18723	-2.1067	0.50601	0.059205	-1.1839	-1.6933	-0.65866	2.4874	0.57574	-3.1671	28.387	94.724	451.96	-27.767	-90.121	-81.402	-67.102	100.42	-55.512	-28.979	-29.264	32.617	5.1221	-81.644
-2.0856	25.947	3.6751	-0.21024	-1.9184	-1.7865	1.8888	0.20823	-3.9934	-0.51129	-0.56951	0.61583	1.7055	-1.4451	26.086	165.71	303.35	-186.28	-84.224	12.807	55.31	5.9611	-112.38	47.279	3.566	-74.865	45.19	68.879
-1.3012	20.778	9.959	-2.8755	-2.0711	-2.0259	2.7844	-1.416	-4.1308	1.266	-2.188	1.1252	2.1524	-0.68898	31.376	-206.74	251.35	-106.61	-6.1076	-9.5735	35.823	-64.971	-5.4925	71.092	-64.738	20.374	17.878	30.244
-0.90424	16.684	16.467	-5.1067	-3.7682	-1.5976	1.6704	-0.21632	-5.5072	2.8177	-3.5227	1.7459	1.3741	0.47889	15.88	-163.78	260.34	-89.247	-67.884	17.131	-44.56	47.989	-55.057	62.07	-53.391	24.83	-31.134	46.715
-0.65862	15.951	17.445	-3.7842	-6.2924	-0.61241	1.7697	0.23312	-6.6786	2.4208	-2.215	1.497	1.062	0.9887	9.8245	-29.327	39.102	52.9	-100.97	39.407	3.9725	17.978	-46.858	-15.879	52.309	-9.9562	-12.484	20.392
-0.64777	15.231	18.071	-4.0532	-6.3983	0.4255	1.2241	0.37618	-6.9037	1.8438	-1.3642	1.1306	0.59149	1.3531	0.43413	-28.779	25.06	-10.762	-4.2344	41.517	-21.824	5.7223	-9.0016	-23.078	34.032	-14.659	-18.82	14.575
-0.71888	12.739	18.867	-4.3219	-6.486	1.1221	1.8582	0.48531	-7.6893	1.3493	-0.39083	0.56856	-0.021676	1.8074	-2.8445	-99.704	31.803	-10.745	-3.5081	27.863	25.364	4.3651	-31.427	-19.78	38.935	-22.48	-24.527	18.172
-1.3617	7.744	20.013	-4.7324	-6.0226	1.0432	2.9885	0.17161	-6.4417	-0.25643	0.40027	0.40509	0.026765	0.97242	-25.713	-199.79	45.842	-16.422	18.535	-3.155	45.214	-12.548	49.908	-64.23	31.644	-6.5389	1.9377	-33.398
-2.3876	-2.2786	16.566	-2.3158	-5.67	0.79351	3.2502	0.25285	-2.601	-2.2311	1.0168	0.16643	0.021687	0.67777	-41.035	-400.9	-137.85	96.663	14.103	-9.9874	10.468	3.2497	153.63	-78.986	24.662	-9.5464	-0.20316	-11.786
-4.0924	-8.7323	11.22	-2.6271	-3.8293	4.2684	0.835	0.90434	0.97093	-1.7454	1.2206	-1.2434	-0.00049066	0.77727	-68.193	-258.15	-213.87	-12.449	73.627	138.99	-96.609	26.059	142.88	19.427	8.1501	-56.393	-0.88709	3.98
-4.9252	-18.836	10.779	0.070101	-4.4303	4.4225	1.7483	1.2977	0.49554	-1.4938	0.77099	-1.176	0.14819	1.998	-33.312	-404.14	-17.642	107.89	-24.041	6.1664	36.534	15.736	-19.016	10.062	-17.984	2.6952	5.9474	48.828
-5.5172	-23.839	8.9287	0.50601	-1.6291	4.7372	0.40569	1.1479	0.88154	-1.4871	-0.64219	0.85777	1.8998	0.94021	-23.681	-200.12	-74.003	17.436	112.05	12.588	-53.706	-5.9933	15.44	0.26908	-56.527	81.351	70.065	-42.31
-6.166	-28.245	5.2313	3.5507	-0.32015	3.704	0.20315	0.49107	1.8889	-0.91983	0.72091	0.85508	0.79947	0.5022	-25.95	-176.26	-147.89	121.79	52.359	-41.33	-8.1014	-26.273	40.296	22.691	54.524	-0.1077	-44.014	-17.521
-6.3282	-33.804	4.1152	6.7344	-0.95389	3.0182	2.3537	0.81011	0.33421	-1.0895	1.612	-0.029808	-0.42939	0.65438	-6.49	-222.35	-44.644	127.35	-25.35	-27.43	86.023	12.761	-62.189	-6.7886	35.642	-35.395	-49.154	6.0871
-6.1082	-25.679	-0.31378	8.7543	-1.4313	4.2028	0.85911	0.8011	-0.54265	-1.2623	1.3823	0.073286	-0.61574	0.056015	8.7987	324.99	-177.16	80.794	-19.096	47.384	-59.784	-0.36043	-35.074	-6.9086	-9.1848	4.1238	-7.4542	-23.934
-5.3926	-17.237	0.22192	7.8371	-1.119	4.1222	0.01694	-0.073661	-1.4525	-1.6347	2.6865	0.083152	-1.2314	-0.4725	28.624	337.7	21.428	-36.689	12.491	-3.2231	-33.687	-34.99	-36.394	-14.899	52.166	0.39462	-24.628	-21.141
-3.4626	-8.2576	6.3745	3.9509	-2.8487	4.3297	2.4534	-1.7307	-3.6275	-1.4678	2.4826	-0.30185	0.6307	-1.4398	77.202	359.15	246.1	-155.45	-69.188	8.3	97.46	-66.281	-86.999	6.6756	-8.1545	-15.4	74.486	-38.692
-2.1583	0.73581	14.401	0.54181	-5.5014	2.2492	3.5945	-1.3717	-5.5555	-1.5137	1.7032	-0.2127	0.3658	0.013075	52.172	359.74	321.06	-136.36	-106.11	-83.221	45.644	14.361	-77.12	-1.8325	-31.176	3.566	-10.596	58.115
-1.4653	10.018	17.192	-2.8841	-4.861	-1.3561	4.6554	1.3191	-10.379	0.2561	2.041	-0.94524	1.6087	-0.7856	27.718	371.29	111.62	-137.04	25.618	-144.21	42.435	107.63	-192.94	70.79	13.51	-29.302	49.715	-31.947
-0.9233	15.379	16.206	-3.8139	-4.7072	-0.8339	4.0215	0.42541	-10.171	1.1573	1.4196	-0.54284	1.6908	-0.65164	21.682	214.43	-39.447	-37.193	6.1517	20.889	-25.358	-35.746	8.305	36.048	-24.857	16.096	3.2849	5.3584
-0.67888	18.188	15.934	-4.2427	-5.2142	-0.56023	4.1965	-0.037234	-9.703	0.80673	1.2788	-0.40134	1.8379	-0.5817	9.777	112.35	-10.851	-17.151	-20.28	10.947	6.9997	-18.506	18.729	-14.022	-5.6314	5.6601	5.8826	2.7977
-0.62064	20.399	15.382	-4.473	-4.9232	-0.98218	4.5757	-0.51979	-9.7017	0.90432	1.362	-0.62827	2.5455	-1.5006	2.3297	88.435	-22.074	-9.2142	11.642	-16.878	15.171	-19.302	0.051765	3.9036	3.3295	-9.0771	28.307	-36.757
-0.60444	21.991	14.512	-4.5323	-4.9165	-0.25509	4.4542	-1.0386	-9.6347	1.6394	0.70291	-0.48645	2.346	-1.4086	0.64778	63.681	-34.821	-2.3694	0.2645	29.084	-4.8621	-20.751	2.6821	29.402	-26.365	5.6729	-7.9815	3.6824
-0.48451	23.521	13.589	-4.2956	-4.7237	0.83734	3.4322	-0.98956	-9.2759	1.8821	0.51225	-0.39488	2.7169	-1.7388	4.7971	61.219	-36.924	9.4663	7.713	43.697	-40.881	1.9606	14.352	9.7107	-7.6265	3.6627	14.836	-13.212
-0.62287	23.345	13.689	-5.8598	-3.0286	0.78057	3.255	-1.774	-9.3925	2.1212	0.86877	-0.63066	2.1646	-1.5726	-5.5342	-7.0634	4.0158	-62.569	67.803	-2.2709	-7.0868	-31.377	-4.6649	9.561	14.261	-9.4314	-22.091	6.6481
-0.77807	23.341	13.475	-6.9869	-1.5764	1.4489	2.7397	-2.7442	-9.4585	3.1219	1.1239	-1.3698	1.2086	-0.99159	-6.2082	-0.16389	-8.5806	-45.083	58.089	26.734	-20.61	-38.81	-2.6407	40.028	10.205	-29.565	-38.24	23.242
-0.85357	22.513	12.75	-8.2121	1.4265	2.0855	1.6818	-3.1319	-7.8729	2.4005	1.2396	-1.6657	1.0679	-0.9029	-3.0196	-33.118	-28.999	-49.009	120.12	25.465	-42.317	-15.505	63.424	-28.857	4.6285	-11.834	-5.6304	3.5477
-1.2347	22.354	11.123	-8.2679	3.4917	2.6167	1.02	-3.7936	-7.1405	3.2646	0.88734	-3.1174	1.3186	-1.02	-15.246	-6.3355	-65.083	-2.2303	82.606	21.248	-26.471	-26.468	29.297	34.566	-14.091	-58.068	10.028	-4.6838
-1.503	21.248	8.4414	-6.7345	6.7707	1.2182	1.5426	-4.2007	-5.7165	4.3717	-1.9075	-2.1883	0.25197	-1.794	-10.731	-44.233	-107.25	61.335	131.16	-55.943	20.904	-16.287	56.958	44.284	-111.79	37.162	-42.664	-30.961
-1.696	19.313	4.5099	-3.2457	9.3043	-0.2315	2.5284	-2.7631	-5.3364	4.1098	-2.9116	-2.0134	-1.1225	-1.3158	-7.7216	-77.402	-157.26	139.55	101.34	-57.986	39.43	57.506	15.207	-10.476	-40.167	6.9961	-54.978	19.128
-2.2401	15.4	0.9541	-0.32184	9.2452	1.7635	3.4172	-2.4061	-4.9332	4.9765	-3.9442	-2.1392	-0.58911	-0.51047	-21.763	-156.53	-142.23	116.95	-2.364	79.802	35.552	14.278	16.128	34.669	-41.304	-5.0301	21.335	32.214
-2.9903	9.3882	-2.371	0.22752	12.714	-0.34526	3.3545	-0.072038	-3.6076	4.9588	-2.0416	-1.6918	-0.98542	-0.040781	-30.007	-240.48	-133.01	21.975	138.75	-84.352	-2.5082	93.363	53.021	-0.70807	76.107	17.893	-15.852	18.788
-3.4053	0.85715	-5.0658	4.0657	13.975	-0.55167	1.6666	1.7136	-1.2618	3.9501	-1.2077	-1.1486	-1.6913	1.3563	-16.6	-341.24	-107.79	153.53	50.425	-8.2563	-67.515	71.426	93.833	-40.35	33.356	21.731	-28.234	55.882
-3.697	-9.1065	-4.2744	7.132	13.79	0.40958	-0.22468	2.7816	0.34133	2.2012	0.34377	-0.9255	-2.7406	1.715	-11.666	-398.55	31.659	122.65	-7.3789	38.45	-75.652	42.719	64.126	-69.956	62.057	8.9231	-41.972	14.35
-3.901	-14.03	-4.0846	7.5995	12.667	3.3001	-0.37746	0.75776	0.76017	4.4222	0.36156	-2.2581	-1.7419	1.4517	-8.163	-196.93	7.5901	18.699	-44.904	115.62	-6.1111	-80.952	16.754	88.839	0.71149	-53.303	39.945	-10.533
-4.0101	-17.815	-4.4402	7.013	14.991	3.057	0.68285	-0.9728	0.92356	6.1616	-0.50355	-2.2124	-2.034	1.754	-4.3623	-151.4	-14.226	-23.461	92.932	-9.7239	42.413	-69.223	6.5357	69.576	-34.604	1.8265	-11.685	12.092
-4.0593	-16.215	-3.8191	5.3295	14.276	3.2642	1.2522	-0.21311	0.41628	4.8804	0.21662	-1.7483	-2.3945	1.6969	-1.9671	63.973	24.844	-67.339	-28.58	8.289	22.775	30.388	-20.291	-51.246	28.807	18.563	-14.419	-2.2846
-4.0583	-13.781	-3.0333	4.3165	13.697	2.4315	1.5599	0.17669	0.35605	3.8265	0.70617	-1.8154	-2.7675	2.5785	0.039156	97.39	31.435	-40.521	-23.158	-33.31	12.306	15.592	-2.4092	-42.155	19.582	-2.6817	-14.918	35.265
-3.913	-11.183	-3.1481	4.3023	13.617	2.3966	0.56499	0.67924	-0.23939	3.6119	0.52272	-1.9588	-2.3594	2.1576	5.8108	103.9	-4.5923	-0.56526	-3.1969	-1.3943	-39.794	20.102	-23.818	-8.5865	-7.3378	-5.7369	16.325	-16.837
-3.7038	-7.5088	-2.3722	2.9165	14.593	2.7125	-0.99251	0.12019	1.4312	2.5997	-1.5434	-0.34527	-2.3033	1.2314	8.3676	146.97	31.036	-55.433	39.03	12.633	-62.3	-22.362	66.822	-40.487	-82.645	64.541	2.2411	-37.046
-3.4336	-0.90756	-2.1017	1.8028	13.313	4.5043	-2.8666	0.77605	2.496	0.45303	-2.7786	0.59118	-2.2339	1.2177	10.81	264.05	10.818	-44.549	-51.195	71.676	-74.965	26.235	42.596	-85.867	-49.409	37.458	2.7777	-0.55051
-3.235	4.3656	-0.27201	0.65602	10.443	5.6644	-2.5965	0.36312	0.56009	0.69205	-2.2445	0.095542	-1.9377	0.72983	7.9435	210.93	73.189	-45.871	-114.83	46.403	10.804	-16.517	-77.438	9.5605	21.365	-19.825	11.847	-19.513
-2.8918	9.5566	0.27636	0.05931	7.5591	6.9008	-1.0088	-1.8732	-0.86807	2.4651	-2.8048	-0.45226	-2.7725	2.1993	13.726	207.64	21.935	-23.868	-115.34	49.456	63.508	-89.452	-57.126	70.923	-22.412	-21.912	-33.391	58.778
-2.7004	10.261	3.1301	-1.4375	5.8865	7.1042	-0.0045022	-2.5468	-2.1065	3.0488	-2.6726	-1.4498	-2.1394	1.8269	7.6555	28.168	114.15	-59.871	-66.902	8.1368	40.173	-26.944	-49.537	23.348	5.2864	-39.903	25.324	-14.896
-2.5681	15.6	1.767	-2.066	4.5165	8.907	-1.143	-2.7922	-1.191	1.5712	-2.0614	-1.0624	-2.0823	-0.21621	5.2945	213.59	-54.522	-25.143	-54.8	72.111	-45.539	-9.8152	36.621	-59.105	24.452	15.498	2.2842	-81.724
-2.7222	18.462	0.92032	-2.9019	4.8199	8.7657	-1.8434	-2.6415	-1.4306	1.4349	-1.5796	0.11034	-3.0338	-0.63255	-6.166	114.47	-33.869	-33.435	12.134	-5.6515	-28.017	6.028	-9.5858	-5.4534	19.27	46.909	-38.059	-16.654
-3.2418	11.204	-2.3851	-1.5235	6.6283	5.0347	1.1365	-3.2194	-1.004	-0.41665	-0.05224	-0.21831	-1.8606	-0.74351	-20.783	-290.33	-132.22	55.136	72.336	-149.24	119.2	-23.117	17.066	-74.06	61.095	-13.146	46.925	-4.4384
-4.4783	6.3707	-9.9338	1.9216	6.154	1.5853	3.1311	-2.4208	-1.8547	0.23654	-0.79828	0.85308	-0.54419	-0.4569	-49.458	-193.32	-301.95	137.81	-18.972	-137.98	79.781	31.943	-34.029	26.128	-29.842	42.855	52.658	11.464
-4.49	-1.6468	-21.183	4.3995	5.8753	-1.4745	4.7749	-0.79358	-0.38802	1.3554	0.15133	0.85969	-0.37071	-0.9003	-0.4705	-320.7	-449.97	99.115	-11.149	-122.39	65.751	65.089	58.667	44.755	37.985	0.26442	6.9393	-17.736
-4.2109	1.4539	-27.378	2.0839	3.773	-2.3496	3.6599	-0.86478	0.13681	2.1345	1.6592	0.26531	-0.53838	-0.3172	11.164	124.03	-247.79	-92.623	-84.089	-35.004	-44.597	-2.848	20.993	31.165	60.316	-23.775	-6.707	23.324
-3.7334	6.8985	-27.27	-0.3258	1.9172	-3.8438	2.3458	-0.11728	0.98943	0.83782	1.8195	-0.17001	-0.29379	1.1551	19.102	217.78	4.314	-96.388	-74.234	-59.769	-52.566	29.9	34.105	-51.869	6.4092	-17.413	9.7838	58.893
-3.369	7.8386	-31.629	-0.54191	2.0782	-4.4386	1.7752	-0.046662	0.79896	0.079764	0.97517	-0.40201	-1.1998	1.1839	14.574	37.605	-174.36	-8.6446	6.4395	-23.789	-22.822	2.8247	-7.6188	-30.322	-33.772	-9.28	-36.24	1.1506
-2.9961	6.8269	-33.033	-3.0275	0.10058	-5.434	2.5656	-0.025429	1.4729	2.2575	0.13521	-0.84518	0.4972	-0.052695	14.917	-40.469	-56.181	-99.422	-79.104	-39.819	31.617	0.84932	26.956	87.109	-33.599	-17.727	67.88	-49.464
-3.0871	9.3524	-30.181	-2.3589	-0.94124	-4.7443	2.249	-3.3988	-1.4283	1.6443	0.26725	0.38028	0.6208	-0.49573	-3.6376	101.02	114.1	26.744	-41.673	27.588	-12.668	-134.93	-116.05	-24.529	5.2817	49.018	4.9437	-17.721
-3.4479	3.6337	-28.709	-0.2279	-0.93305	-4.5122	1.524	-0.58964	0.73963	1.4078	0.17997	-0.15382	0.18854	-0.82367	-14.432	-228.75	58.864	85.238	0.32734	9.2861	-28.996	112.36	86.717	-9.4574	-3.4911	-21.364	-17.29	-13.118
-4.9787	-7.7229	-27.546	0.4247	0.58267	-2.5936	2.0762	1.1413	1.6756	1.1842	0.71362	-1.0278	-0.383	-0.47878	-61.234	-454.27	46.548	26.104	60.629	76.744	22.088	69.236	37.439	-8.9436	21.346	-34.959	-22.861	13.796
-6.3478	-12.537	-23.082	-0.43699	-0.95252	-0.68618	1.6591	0.83979	2.2803	3.4185	1.8831	-0.59629	-1.3473	-0.99071	-54.763	-192.55	178.53	-34.468	-61.407	76.296	-16.687	-12.058	24.187	89.371	46.778	17.26	-38.573	-20.477
-6.9962	-13.214	-21.802	-3.9674	-2.3097	0.89375	0.88266	-1.2036	1.4758	1.9291	1.4094	0.53293	0.045489	0.3374	-25.939	-27.084	51.191	-141.22	-54.288	63.197	-31.057	-81.734	-32.178	-59.577	-18.948	45.169	55.712	53.124
-7.6107	-22.237	-18.372	-1.3221	-2.4655	2.4439	0.21121	-2.5309	0.091362	-0.57297	1.3271	1.5647	-0.70449	-0.90698	-24.578	-360.91	137.23	105.81	-6.2327	62.008	-26.858	-53.095	-55.379	-100.08	-3.2897	41.273	-29.999	-49.775
-7.9736	-21.338	-17.36	-0.79995	-0.85043	1.9131	0.60423	-0.73512	0.91173	-0.7598	-1.1834	0.37038	-0.60349	-1.4672	-14.518	35.954	40.486	20.885	64.604	-21.234	15.721	71.832	32.815	-7.4733	-100.42	-47.775	4.0399	-22.409
-8.0527	-22.299	-16.728	-1.5232	-1.3648	1.2599	0.0064137	-1.7219	-1.4522	-0.51765	0.39306	2.9397	0.76502	0.56111	-3.1637	-38.439	25.265	-28.929	-20.576	-26.127	-23.913	-39.472	-94.558	9.6861	63.06	102.77	54.74	81.133
-8.4218	-26.414	-13.971	0.2561	-1.281	1.7794	0.25268	0.16822	0.20088	-1.3465	0.92212	0.84191	0.85677	0.53996	-14.761	-164.59	110.27	71.171	3.353	20.779	9.8508	75.606	66.124	-33.154	21.162	-83.911	3.67	-0.84596
-5.3598	-22.667	-1.6103	4.3626	-0.99009	0.15107	-0.53867	0.90914	1.523	-1.7169	0.69955	-0.33857	0.21883	0.59897	122.48	149.86	494.43	164.26	11.636	-65.132	-31.654	29.637	52.886	-14.817	-8.9025	-47.219	-25.518	2.3605
-3.1455	-10.297	12.08	5.4402	-2.5084	-0.47929	-2.6959	-1.9531	3.1562	-0.84793	-1.1892	-0.93731	0.7138	1.7381	88.571	494.79	547.63	43.104	-60.733	-25.214	-86.288	-114.49	65.324	34.76	-75.548	-23.949	19.799	45.564
-2.3746	-3.8469	14.152	2.3838	-1.2373	-2.3153	-6.3488	-0.13931	4.2967	-3.9212	-1.3228	-0.68577	1.5897	0.79777	30.837	258.02	82.881	-122.26	50.846	-73.441	-146.12	72.553	45.622	-122.93	-5.3455	10.061	35.036	-37.612
-2.2302	-3.8577	14.513	2.735	-0.49519	-3.241	-8.2713	0.4306	4.8509	-3.4217	-1.3297	-1.502	2.2432	0.28463	5.7782	-0.4318	14.429	14.045	29.682	-37.028	-76.9	22.796	22.169	19.981	-0.27746	-32.651	26.141	-20.526
-2.2494	-5.5014	13.805	3.8194	0.55174	-4.5554	-8.7982	1.5892	3.8789	-2.866	-0.52754	-1.933	2.1873	-0.60985	-0.76967	-65.749	-28.304	43.375	41.877	-52.575	-21.077	46.342	-38.881	22.225	32.087	-17.238	-2.2378	-35.779
-2.4393	-7.7325	12.958	4.7244	2.0305	-5.6769	-8.7231	1.4579	3.8054	-1.4033	-0.56412	-2.5627	2.4349	-1.2735	-7.5965	-89.243	-33.912	36.2	59.15	-44.86	3.0044	-5.2485	-2.9407	58.508	-1.4631	-25.19	9.905	-26.548
-2.7712	-11.766	12.378	6.2049	2.9411	-6.3239	-8.5625	1.4323	2.9624	-0.38344	-0.56442	-2.6519	1.8554	-1.0136	-13.277	-161.32	-23.181	59.219	36.426	-25.881	6.4244	-1.0262	-33.721	40.796	-0.011878	-3.5673	-23.179	10.396
-3.0408	-17.416	14.043	7.5258	1.4144	-6.4645	-7.331	1.4613	1.5716	0.63762	-0.11122	-2.4441	1.0813	-0.65242	-10.782	-226.01	66.592	52.837	-61.069	-5.6218	49.261	1.1605	-55.632	40.843	18.128	8.3123	-30.964	14.449
-3.0627	-19.596	13.364	8.8696	0.43799	-6.9683	-3.9494	-0.52703	1.3084	0.32287	1.1147	-1.7263	-0.16899	-0.15912	-0.87753	-87.195	-27.152	53.752	-39.056	-20.153	135.26	-79.533	-10.527	-12.59	49.037	28.711	-50.013	19.732
-3.216	-17.853	12.931	7.5288	0.01236	-4.3222	-6.4632	-0.49012	2.1763	0.54537	0.95903	-1.2495	0.35591	-0.77105	-6.1309	69.704	-17.331	-53.631	-17.025	105.84	-100.55	1.4764	34.715	8.8998	-6.2266	19.074	20.996	-24.477
-3.0159	-6.8819	10.085	3.871	2.2808	-6.3002	-6.3482	1.075	1.2961	1.8261	0.31833	-0.9432	-0.32342	-0.56742	8.0035	438.85	-113.82	-146.31	90.736	-79.119	4.5987	62.604	-35.208	51.231	-25.628	12.251	-27.173	8.1453
-2.9661	1.0494	7.0605	2.0878	2.6826	-8.2497	-4.8984	1.2087	2.8668	1.3141	-0.5009	-1.1645	-0.79714	0.29273	1.9925	317.25	-120.99	-71.331	16.076	-77.979	57.993	5.3509	62.828	-20.482	-32.769	-8.8514	-18.949	34.406
-2.9947	-6.1789	9.7482	2.7576	-1.9869	-7.0119	-2.693	1.6352	3.9343	-0.67104	-0.99365	-1.2199	-0.11921	2.1457	-1.1445	-289.13	107.51	26.794	-186.78	49.513	88.216	17.058	42.701	-79.405	-19.71	-2.2175	27.117	74.12
-3.4557	6.7729	5.5437	-2.2762	-0.57111	-6.9301	-0.26738	1.5741	2.8717	-1.7295	-3.1254	1.0713	-0.09059	3.9117	-18.439	518.07	-168.18	-201.35	56.632	3.2729	97.025	-2.4435	-42.504	-42.339	-85.269	91.648	1.1448	70.639
-3.7198	-5.7829	7.6852	0.93796	0.30996	-4.1694	0.96736	2.1825	2.4918	-3.3228	-3.5114	1.3315	0.51732	3.9778	-10.565	-502.23	85.657	128.57	35.243	110.43	49.39	24.335	-15.196	-63.733	-15.441	10.407	24.316	2.6437
-4.4514	-10.844	6.4157	2.1645	2.6809	-1.1467	-1.6376	-0.85801	1.1984	-2.5655	-0.62739	2.2592	-0.95641	1.488	-29.262	-202.44	-50.777	49.061	94.839	120.91	-104.2	-121.62	-51.734	30.294	115.36	37.11	-58.949	-99.592
-5.0295	-8.93	7.5255	0.59678	0.74932	2.431	0.62012	-3.2569	1.0255	-0.31016	0.4585	3.4176	-2.3362	0.35679	-23.126	76.56	44.391	-62.708	-77.265	143.11	90.308	-95.954	-6.9166	90.213	43.436	46.333	-55.19	-45.248
-4.8147	-5.8075	3.3298	-1.8656	-0.22436	1.8757	2.3046	-3.1346	0.64448	1.0951	0.87885	2.3907	-3.7569	1.3717	8.5935	124.9	-167.83	-98.494	-38.947	-22.212	67.379	4.8925	-15.241	56.209	16.814	-41.073	-56.831	40.594
-5.0161	-4.4495	1.2017	-1.1038	0.78979	2.3001	3.4078	-2.8918	0.31514	1.8621	0.40271	1.9714	-3.7496	0.63846	-8.0578	54.32	-85.125	30.473	40.566	16.976	44.13	9.7089	-13.173	30.682	-19.045	-16.774	0.29276	-29.328
-4.9053	-10.94	3.6655	3.0344	1.5101	2.6631	0.21464	0.46227	-0.54353	2.1138	0.67109	0.2994	-3.0138	0.50707	4.4315	-259.61	98.554	165.53	28.81	14.52	-127.73	134.16	-34.347	10.066	10.735	-66.879	29.432	-5.2559
-4.7127	-16.933	6.2659	2.3266	2.278	4.7026	-0.8574	0.43752	1.0983	0.49645	0.50952	0.036966	-1.4843	0.4446	7.706	-239.72	104.01	-28.312	30.719	81.581	-42.881	-0.98997	65.672	-64.692	-6.4631	-10.498	61.179	-2.4988
-4.7277	-21.54	7.7189	3.3067	1.6539	6.6212	-1.1558	-1.2331	3.7283	0.23023	-1.9959	2.1724	-1.1172	0.13416	-0.60346	-184.29	58.121	39.203	-24.967	76.742	-11.938	-66.826	105.2	-10.649	-100.21	85.416	14.687	-12.417
-4.7367	-22.752	7.8931	3.7916	1.7277	7.0073	-2.3623	-0.095032	3.7226	0.7729	-2.6497	2.2686	-1.7413	0.16239	-0.35683	-48.498	6.9702	19.395	2.9529	15.445	-48.26	45.524	-0.23037	21.707	-26.155	3.8483	-24.967	1.1291
-4.7494	-22.868	8.2882	1.7767	1.4825	6.9702	0.39064	0.18912	4.379	-1.1706	-2.0181	1.1101	-1.176	0.50415	-0.51094	-4.6084	15.804	-80.596	-9.8074	-1.4829	110.12	11.366	26.256	-77.739	25.265	-46.338	22.613	13.67
-4.9058	-23.925	6.7068	5.5027	0.94282	5.0654	0.50262	0.21606	5.127	-1.633	-3.0255	2.4173	-2.1172	-0.48557	-6.2525	-42.314	-63.256	149.04	-21.587	-76.192	4.4794	1.0774	29.92	-18.496	-40.298	52.287	-37.649	-39.589
-5.1254	-21.935	5.0918	3.6792	0.48014	6.3465	1.7531	-0.61153	4.3794	-1.7885	-2.2976	0.61186	-1.7023	0.15662	-8.7866	79.613	-64.602	-72.938	-18.507	51.245	50.02	-33.103	-29.901	-6.2193	29.118	-72.218	16.599	25.688
-5.4309	-15.607	-0.10385	5.7732	0.49242	4.5492	4.3306	-2.0631	3.8854	-2.2161	-2.2073	0.026078	-0.92824	-1.1936	-12.218	253.11	-207.83	83.762	0.49113	-71.894	103.1	-58.063	-19.762	-17.105	3.6099	-23.431	30.961	-54.007
-5.0765	-7.059	-10.009	8.0208	-1.6818	1.4748	6.5746	-1.2951	2.4601	-1.2217	1.0379	-1.4002	-1.7679	-0.68417	14.173	341.94	-396.21	89.902	-86.97	-122.97	89.761	30.721	-57.011	39.778	129.81	-57.051	-33.587	20.376
-4.1944	-8.6752	-26.592	12.442	1.0469	-0.94174	5.5038	-1.4336	3.6369	-2.62	0.42641	0.43156	-2.3261	-1.1731	35.287	-64.649	-663.33	176.84	109.15	-96.663	-42.833	-5.5381	47.071	-55.933	-24.458	73.27	-22.329	-19.555
-3.6893	-8.4262	-34.206	8.7878	-0.65455	-1.2024	4.4865	-1.8727	2.9856	0.97505	2.6282	0.10471	-1.8409	-0.2581	20.204	9.9608	-304.57	-146.16	-68.058	-10.428	-40.692	-17.566	-26.049	143.8	88.07	-13.074	19.409	36.598
-3.5069	-4.6166	-33.898	6.6139	-1.6147	0.15456	4.5792	-2.2095	2.5953	1.6059	2.3533	0.3044	-0.81745	0.52712	7.2969	152.38	12.339	-86.955	-38.405	54.28	3.709	-13.472	-15.614	25.234	-10.993	7.9876	40.938	31.409
-3.3656	-5.7144	-34.947	5.8762	-0.54169	-1.8634	6.1709	-1.9042	1.8961	0.43385	1.0008	0.13257	0.22699	2.1664	5.6499	-43.912	-41.956	-29.51	42.92	-80.72	63.669	12.213	-27.967	-46.882	-54.101	-6.873	41.778	65.57
-2.9581	-0.93054	-32.548	6.2451	-1.1411	-5.0069	3.0585	-2.0551	2.8411	-1.1361	0.69582	0.45332	-1.2136	2.4265	16.3	191.36	95.944	14.759	-23.975	-125.74	-124.5	-6.0375	37.799	-62.799	-12.199	12.83	-57.622	10.404
-3.0585	-0.54225	-33.638	4.6764	-1.5047	-5.1776	2.1302	-3.2092	2.6356	0.61759	1.2703	0.14802	-1.4562	0.71547	-4.0171	15.531	-43.602	-62.748	-14.545	-6.8301	-37.132	-46.162	-8.2197	70.149	22.98	-12.212	-9.7056	-68.44
-3.4365	1.1306	-31.911	3.0924	-1.0262	-4.3201	1.2093	-3.6854	2.3556	-0.33874	0.43621	-1.4566	-2.0924	0.14408	-15.12	66.915	69.089	-63.363	19.138	34.298	-36.834	-19.047	-11.198	-38.253	-33.365	-64.184	-25.446	-22.856
-3.7286	3.8462	-29.169	4.0844	0.96857	-1.6772	2.9303	-3.0232	2.141	0.28584	1.8707	-0.52229	-1.0678	0.81599	-11.683	108.62	109.68	39.681	79.792	105.72	68.837	26.486	-8.5833	24.983	57.381	37.371	40.981	26.877
-4.1122	4.8602	-26.644	1.3185	1.9566	-1.3684	0.91552	-4.1923	1.3168	1.4045	-0.39097	-1.0059	1.1034	2.3388	-15.343	40.557	100.99	-110.64	39.522	12.35	-80.59	-46.766	-32.97	44.747	-90.468	-19.345	86.851	60.911
-4.6644	2.5573	-22.993	0.292	3.2588	-1.3325	-0.80773	-3.6054	1.6173	0.65592	-1.7776	-0.12496	-0.89998	1.0203	-22.086	-92.117	146.06	-41.058	52.085	1.4354	-68.93	23.477	12.019	-29.944	-55.464	35.238	-80.136	-52.74
-5.3063	-2.766	-20.825	0.77564	2.3968	-0.61473	2.1461	-2.9291	1.513	-0.11886	-1.7315	1.6375	-0.61408	-1.828	-25.679	-212.93	86.715	19.345	-34.48	28.712	118.15	27.054	-4.171	-30.991	1.8445	70.499	11.436	-113.93
-6.0879	-16.899	-22.325	-2.5917	2.5379	1.2627	0.31284	-1.8881	2.1017	0.9895	0.55578	2.6037	-0.94849	-0.30929	-31.264	-565.31	-59.996	-134.69	5.644	75.097	-73.329	41.637	23.55	44.334	91.49	38.648	-13.377	60.749
-5.5589	-18.086	-8.8295	4.7855	7.838	2.9744	-0.29573	-1.9099	2.3128	1.0203	-1.9123	-0.25682	-2.2901	-0.51783	21.163	-47.499	539.82	295.09	212	68.468	-24.343	-0.87174	8.4417	1.2334	-98.722	-114.42	-53.663	-8.3417
-4.6702	-15.7	1.125	2.6362	11.165	6.3697	-3.377	-2.1781	2.6498	0.42514	-0.59226	-1.0538	-2.9151	0.15538	35.546	95.455	398.18	-85.97	133.06	135.81	-123.25	-10.728	13.481	-23.808	52.8	-31.877	-25	26.929
-4.2497	-5.8763	1.1049	-2.9996	11.679	7.4068	-3.7356	-1.1845	-0.24344	-0.37966	1.0027	-1.5544	-2.2966	0.54463	16.823	392.94	-0.80572	-225.43	20.577	41.484	-14.341	39.744	-115.73	-32.192	63.797	-20.027	24.739	15.57
-4.1524	-8.3256	1.813	-2.2068	13.558	5.2261	-1.8323	-2.3009	-1.2289	1.0187	-0.54542	-0.77871	-2.3347	0.96217	3.8888	-97.97	28.325	31.715	75.162	-87.231	76.132	-44.653	-39.418	55.936	-61.923	31.028	-1.5228	16.702
-3.9988	-8.5395	2.649	-2.415	12.162	7.3978	-3.4346	-1.1202	-0.6719	-0.73036	-0.59208	-0.83454	-2.1036	0.38349	6.1444	-8.5567	33.442	-8.3303	-55.837	86.868	-64.092	47.225	22.279	-69.964	-1.8664	-2.2333	9.2405	-23.147
-3.8049	-5.5267	3.1488	-2.568	11.108	6.376	-2.4885	-1.6103	-0.92689	-0.62945	-0.6344	-1.5995	-1.7328	0.064856	7.7554	120.51	19.991	-6.1211	-42.144	-40.87	37.843	-19.602	-10.199	4.0362	-1.6928	-30.6	14.834	-12.745
-3.6646	-0.98317	3.0114	-2.6733	10.903	5.7592	-4.0529	-1.7883	-1.7251	0.042684	-0.30338	-2.2499	-1.2486	0.62585	5.6138	181.74	-5.4953	-4.2098	-8.2161	-24.671	-62.575	-7.1208	-31.928	26.885	13.241	-26.016	19.369	22.44
-3.4348	-0.8209	3.6956	-1.2092	10.468	3.8221	-4.5384	-1.6814	-3.0666	-0.47176	0.93497	-1.9917	-1.2381	1.5972	9.1929	6.4906	27.365	58.563	-17.384	-77.487	-19.419	4.2759	-53.659	-20.578	49.534	10.328	0.41829	38.853
-2.6124	3.0314	3.6086	-2.3072	11.321	3.3613	-5.0547	-4.5609	-1.7366	-1.4717	1.3897	-0.64972	-1.7394	2.4343	32.893	154.09	-3.4771	-43.919	34.092	-18.429	-20.652	-115.18	53.196	-39.998	18.19	53.681	-20.052	33.487
-2.0942	11.491	5.2961	-4.6045	8.3352	2.1432	-5.3606	-5.6453	0.13142	-2.582	1.6407	-0.19685	-0.19639	2.9844	20.728	338.37	67.5	-91.891	-119.43	-48.725	-12.237	-43.376	74.723	-44.413	10.041	18.115	61.721	22.002
-1.8778	11.507	6.4892	-3.6401	5.5572	0.75905	-6.5677	-2.9328	-2.347	-0.13086	1.3993	1.1214	0.26374	2.1028	8.6594	0.63259	47.722	38.574	-111.12	-55.367	-48.284	108.5	-99.137	98.047	-9.6573	52.731	18.405	-35.263
-1.7686	13.371	7.319	-3.6806	2.8092	-1.1822	-4.3251	-3.1022	-1.7686	-0.8921	2.6276	2.1453	-0.30999	1.5388	4.3665	74.577	33.191	-1.619	-109.92	-77.649	89.704	-6.778	23.136	-30.45	49.131	40.956	-22.949	-22.562
-1.5251	13.143	9.2033	-4.1365	1.2289	-2.3046	-4.2352	-4.1898	0.61181	-0.70838	3.0701	2.4537	-0.18217	1.0888	9.7408	-9.0989	75.372	-18.239	-63.214	-44.896	3.5959	-43.503	95.216	7.3491	17.702	12.336	5.1128	-17.997
-1.3644	13.929	9.1254	-4.3488	0.6139	-2.5553	-5.9823	-0.73751	-0.57287	-0.2011	2.5931	4.3711	-1.044	0.10041	6.4256	31.402	-3.1147	-8.4886	-24.599	-10.03	-69.884	138.09	-47.387	20.291	-19.08	76.694	-34.473	-39.536
-1.2239	17.677	8.5124	-5.3973	-1.3997	-3.1668	-4.056	-0.38163	-0.79827	0.042938	2.233	4.4448	-0.70867	-1.1211	5.6208	149.96	-24.521	-41.94	-80.545	-24.461	77.054	14.235	-9.0162	9.7617	-14.406	2.9504	13.413	-48.861
-1.1375	17.609	9.0705	-5.3345	-1.8534	-4.6687	-2.7237	0.22171	-1.7259	2.1257	0.96304	4.2367	0.26314	-1.7673	3.4559	-2.7523	22.323	2.51	-18.146	-60.074	53.292	24.134	-37.104	83.31	-50.798	-8.3269	38.872	-25.847
-1.1981	19.177	8.8391	-5.4455	-3.5005	-4.5031	-1.2715	0.0090797	-1.3337	1.7018	1.9981	3.8476	-0.50923	-1.4954	-2.4217	62.737	-9.2547	-4.4411	-65.883	6.6233	58.087	-8.5054	15.686	-16.957	41.4	-15.564	-30.895	10.876
-1.3208	18.034	9.6845	-5.7547	-3.3589	-4.4374	-1.6806	0.75701	-1.5408	2.7598	0.9405	3.8529	-0.015701	-2.358	-4.909	-45.733	33.815	-12.365	5.6632	2.6261	-16.363	29.917	-8.2822	42.322	-42.302	0.21455	19.741	-34.506
-1.4467	18.31	8.6791	-5.1903	-2.7748	-5.0185	-1.4653	-0.33263	0.22685	2.5443	-0.020729	3.4941	1.1714	-2.6103	-5.0369	11.066	-40.214	22.576	23.364	-23.244	8.6122	-43.586	70.706	-8.6211	-38.449	-14.354	47.485	-10.089
-1.5091	17.421	9.0246	-4.6701	-3.6827	-4.4743	-1.7174	-0.56675	0.37066	3.4475	-0.46976	2.4292	1.8886	-2.5139	-2.4946	-35.572	13.819	20.808	-36.318	21.769	-10.086	-9.3649	5.7527	36.131	-17.961	-42.594	28.688	3.8544
-1.5617	19.575	7.6413	-3.4269	-5.005	-4.3054	-1.1121	-0.59148	0.51915	3.2062	-0.88468	2.9194	1.7045	-2.3426	-2.1033	86.142	-55.331	49.725	-52.89	6.7578	24.214	-0.9891	5.9396	-9.6546	-16.597	19.607	-7.3654	6.852
-1.5551	17.904	8.2659	-2.8505	-4.7695	-5.1932	-0.22486	-1.4705	1.5885	3.3373	-1.7607	2.128	2.8834	-2.1974	0.2604	-66.83	24.984	23.056	9.4198	-35.513	35.489	-35.163	42.772	5.2445	-35.042	-31.658	47.157	5.8074
-1.6428	13.636	10.999	-1.8916	-7.3791	-5.1834	1.1306	-0.50652	-1.8013	5.1528	-2.061	1.4613	3.4253	-2.6505	-3.5076	-170.71	109.33	38.358	-104.39	0.39189	54.219	38.561	-135.59	72.619	-12.01	-26.665	21.674	-18.122
-2.0696	12.107	10.768	-0.60255	-8.4144	-3.9849	2.379	-1.8999	-1.6418	4.3409	-3.1425	1.6575	4.3444	-1.7281	-17.071	-61.162	-9.2481	51.562	-41.411	47.941	49.937	-55.734	6.3822	-32.473	-43.26	7.8451	36.766	36.892
-2.9818	-0.32333	4.9551	-1.2213	-5.0126	-1.8525	-0.081987	-1.3377	2.4099	1.0997	0.93427	1.3054	4.7607	0.17096	-36.486	-497.22	-232.52	-24.752	136.07	85.294	-98.441	22.487	162.07	-129.65	163.07	-14.081	16.65	75.964
-6.732	-38.91	-0.90483	-0.73011	-1.7668	5.9395	0.58684	0.51846	5.337	0.37638	-1.0037	-2.6093	1.0585	0.8763	-150.01	-1543.5	-234.4	19.649	129.84	311.68	26.753	74.246	117.09	-28.931	-77.52	-156.59	-148.09	28.214
-4.5734	-8.9869	11.384	-4.0286	-4.4736	0.32552	-2.5903	2.3851	0.8591	1.9727	0.15446	-2.1261	1.6382	1.5079	86.342	1196.9	491.56	-131.94	-108.27	-224.56	-127.08	74.666	-179.12	63.854	46.328	19.328	23.186	25.263
-3.2181	-0.92642	12.758	-4.5007	-7.9536	0.42193	-2.4666	-1.316	3.0921	4.6978	-3.2958	-2.0424	2.5694	-0.11209	54.212	322.42	54.96	-18.884	-139.2	3.8563	4.9463	-148.05	89.321	109	-138.01	3.3455	37.249	-64.799
-2.4911	1.3534	16.585	-5.362	-8.2821	-1.0115	-1.621	-3.4034	4.2865	5.2641	-4.3914	-0.019542	1.7562	0.16157	29.082	91.194	153.07	-34.453	-13.143	-57.337	33.824	-83.495	47.774	22.649	-43.826	80.916	-32.526	10.947
-2.2508	-0.97022	15.237	-3.1669	-7.2985	-3.0824	-2.4196	-1.4478	5.073	4.2167	-2.7526	-0.76569	0.81179	-0.10159	9.6139	-92.946	-53.902	87.803	39.346	-82.837	-31.942	78.225	31.46	-41.894	65.554	-29.846	-37.777	-10.527
-2.232	-3.6931	15.291	-0.42689	-6.1515	-6.5836	-1.2119	-0.44161	4.6787	3.2215	-1.5126	-1.2377	-0.17702	-0.3413	0.75156	-108.91	2.1386	109.6	45.879	-140.05	48.306	40.246	-15.77	-39.809	49.6	-18.881	-39.553	-9.5881
-2.2235	-5.0916	14.474	3.2525	-9.288	-5.5415	0.80093	-2.1378	4.4466	5.6557	-3.2559	-0.18952	-1.4401	0.22642	0.33801	-55.94	-32.652	147.18	-125.46	41.684	80.514	-67.847	-9.284	97.368	-69.734	41.928	-50.524	22.709
-2.5289	-1.1302	12.621	-0.15746	-6.971	-3.8627	0.022454	-1.8611	5.5538	3.0654	-1.0501	-0.9036	-1.3726	-0.91711	-12.217	158.46	-74.141	-136.4	92.68	67.153	-31.139	11.068	44.285	-103.61	88.234	-28.563	2.7016	-45.741
-3.0865	-15.807	14.227	3.6281	-7.0673	-3.8588	0.048337	-0.63702	6.5582	2.8114	-0.91869	-0.21282	-3.5135	-0.5217	-22.303	-587.09	64.263	151.42	-3.8521	0.15276	1.0353	48.963	40.177	-10.163	5.2549	27.631	-85.636	15.816
-4.1097	-22.869	10.137	6.3931	-4.3329	-2.2298	-0.99997	-1.2228	6.5773	1.3389	-0.25572	-0.37254	-3.8572	-0.61508	-40.926	-282.47	-163.61	110.6	109.38	65.161	-41.932	-23.43	0.76353	-58.899	26.519	-6.389	-13.748	-3.7353
