-4.4002	-0.63009	-2.6595	3.3686	3.4655	0.83978	2.8921	-1.3419	0.40771	0.12053	1.1036	-0.3155	-0.098531	0.55082	0	0	0	0	0	0	0	0	0	0	0	0	0	0
-3.7785	14.537	5.2011	-3.3094	5.1613	-0.8666	0.34793	-1.3573	-3.5453	1.4422	-0.80187	1.6091	-0.76042	0.3088	24.87	606.67	314.42	-267.12	67.83	-68.255	-101.77	-0.61551	-158.12	52.866	-76.218	76.983	-26.476	-9.6809
-3.1425	22.622	2.9972	-4.0133	2.8756	-0.73078	0.055394	0.45396	-3.7011	2.0007	-0.69697	2.7837	-1.4924	0.022657	25.439	323.41	-88.155	-28.159	-91.428	5.4328	-11.701	72.451	-6.2325	22.343	4.1959	46.983	-29.279	-11.446
-2.8688	21.162	4.4311	-2.4135	0.095559	-0.66147	0.149	0.25412	-2.3322	1.1528	0.60971	2.833	-1.4375	-0.24232	10.946	-58.378	57.357	63.992	-111.2	2.7723	3.7444	-7.9934	54.757	-33.916	52.267	1.9745	2.1967	-10.599
-2.7077	19.643	6.8206	-3.8211	-0.71372	-1.0824	1.57	-0.2299	-1.9684	1.1898	0.56289	2.9861	-1.7714	0.85284	6.4443	-60.793	95.58	-56.301	-32.371	-16.838	56.841	-19.361	14.549	1.4796	-1.8731	6.1249	-13.358	43.806
-2.5857	22.436	5.204	-2.7283	-2.2574	-1.8556	1.3889	1.3918	-1.7348	0.31012	1.0345	3.1294	-0.9477	-0.66338	4.8821	111.74	-64.666	43.709	-61.749	-30.928	-7.243	64.868	9.3439	-35.189	18.865	5.7288	32.949	-60.649
-2.5291	20.73	5.5008	-1.3896	-2.6233	-2.0172	1.1926	2.2696	-0.54975	-0.9795	0.34058	3.0957	-0.31172	-0.17898	2.2615	-68.239	11.875	53.549	-14.634	-6.4648	-7.8519	35.112	47.403	-51.585	-27.757	-1.3443	25.439	19.376
-2.6917	16.134	8.3241	-1.5297	-3.7195	-2.2005	0.89681	3.7999	-0.45664	-1.9818	0.087111	3.5915	-1.0497	0.55735	-6.503	-183.84	112.93	-5.6036	-43.847	-7.3298	-11.834	61.211	3.7245	-40.093	-10.139	19.83	-29.519	29.453
-2.6764	14.939	8.4379	-0.79431	-4.3194	-2.1602	-0.24647	5.6566	-1.0451	-1.5897	-0.67884	3.0664	-0.2339	0.6278	0.61158	-47.824	4.5521	29.416	-23.999	1.6122	-45.731	74.268	-23.538	15.686	-30.638	-21.004	32.631	2.818
-2.8879	13.127	8.2388	0.49371	-4.4682	-2.4366	-0.57241	6.4069	-0.99226	-1.9153	-0.25875	1.7886	0.30684	0.76782	-8.4574	-72.476	-7.9628	51.521	-5.9489	-11.056	-13.038	30.012	2.1136	-13.026	16.804	-51.111	21.629	5.6009
-2.933	13.227	7.4099	0.96701	-4.3282	-1.9428	-0.61086	6.3802	-0.90827	-1.1075	-1.262	1.9157	0.58332	0.60574	-1.8062	4.002	-33.156	18.932	5.5985	19.751	-1.5381	-1.069	3.3596	32.313	-40.13	5.0823	11.059	-6.4833
-2.9453	16.698	5.0014	0.59294	-2.775	-4.1541	1.3726	5.0659	-1.0892	-0.52125	-2.0408	2.3516	0.21372	1.0689	-0.49022	138.85	-96.342	-14.963	62.129	-88.453	79.34	-52.571	-7.238	23.45	-31.152	17.438	-14.784	18.525
-3.2655	18.248	3.9653	0.5263	-2.085	-3.8906	1.5471	4.5183	-1.653	0.46729	-2.9459	2.7812	-0.24695	1.2163	-12.809	61.993	-41.441	-2.6655	27.598	10.542	6.978	-21.905	-22.553	39.542	-36.205	17.184	-18.427	5.8981
-3.2626	19.696	2.4149	-0.074294	-1.6569	-2.6209	1.6049	3.9425	-1.7939	0.50013	-2.8579	2.8649	0.16096	0.016934	0.11399	57.947	-62.018	-24.024	17.123	50.786	2.3117	-23.029	-5.6356	1.3135	3.5199	3.3453	16.316	-47.975
-3.9439	18.567	3.1856	-0.69386	-1.516	-1.5059	2.7807	0.85504	-1.7974	0.024725	-2.1461	2.9641	-0.34172	0.30527	-27.252	-45.173	30.828	-24.782	5.6394	44.599	47.031	-123.5	-0.13799	-19.016	28.475	3.9693	-20.107	11.533
-4.4901	-0.15229	-0.42387	3.773	2.3062	1.4511	3.5679	-1.0229	-1.2794	-1.4626	-3.2356	4.8204	-1.3617	-1.4468	-21.849	-748.78	-144.38	178.67	152.89	118.28	31.488	-75.117	20.717	-59.493	-43.581	74.253	-40.797	-70.083
-5.5847	-4.561	-2.318	7.0645	3.4805	2.5982	3.2868	-1.8934	-1.068	-1.4251	-3.3011	4.9563	-1.7743	-2.9468	-43.783	-176.35	-75.765	131.66	46.971	45.885	-11.243	-34.819	8.4575	1.4978	-2.6208	5.4348	-16.507	-60.001
-5.1627	-4.9961	-2.4147	7.461	3.9473	2.0771	2.7532	-1.9609	-1.0973	-0.77159	-2.6539	3.83	-1.9434	-2.8477	16.883	-17.402	-3.8671	15.861	18.675	-20.842	-21.343	-2.7024	-1.1739	26.142	25.89	-45.052	-6.7626	3.9668
-4.1737	11.666	-1.6126	1.0801	3.509	-0.46665	2.2429	0.96253	-4.8115	0.86144	-1.0157	1.2037	-1.7011	-0.55522	39.56	666.47	32.084	-255.24	-17.533	-101.75	-20.411	116.94	-148.57	65.321	65.527	-105.05	9.6906	91.698
-3.5351	22.72	0.23961	-2.6445	4.7451	-1.5065	-0.80416	0.56992	-5.0114	4.3826	-0.98747	1.4945	-1.0233	-0.57796	25.542	442.16	74.088	-148.99	49.443	-41.593	-121.88	-15.704	-7.9961	140.85	1.1286	11.633	27.111	-0.90979
-2.9265	27.923	-2.9503	-2.9397	3.602	-0.30621	-1.9563	1.4253	-3.4089	5.1507	-1.5838	1.7024	-0.86217	-0.53196	24.346	208.14	-127.6	-11.807	-45.722	48.01	-46.086	34.216	64.1	30.726	-23.854	8.3154	6.4464	1.84
-2.7934	30.069	-3.3038	-2.5447	2.4737	-0.059156	-2.8723	2.7185	-2.7895	4.8108	-1.3873	1.3948	-1.3141	0.0013689	5.3212	85.841	-14.14	15.801	-45.134	9.8821	-36.642	51.725	24.778	-13.598	7.8623	-12.306	-18.078	21.333
-2.5771	33.895	-4.2804	-3.0183	2.498	-0.079817	-3.4184	1.9023	-1.3966	4.9437	-1.3443	1.4608	-1.8599	0.50263	8.6557	153.03	-39.061	-18.942	0.97071	-0.82645	-21.842	-32.647	55.715	5.316	1.7188	2.6427	-21.831	20.051
-2.3345	30.923	-2.511	-3.5476	1.9225	0.16426	-3.4931	2.3027	-0.65515	4.0527	-0.72717	1.2313	-2.5717	0.63477	9.7008	-118.88	70.777	-21.174	-23.017	9.7631	-2.988	16.016	29.658	-35.638	24.685	-9.1793	-28.472	5.2856
-2.553	34.55	-2.5712	-5.6951	2.0164	0.26921	-2.9388	1.9302	-0.66171	3.9917	-0.58328	1.1129	-2.3364	0.24415	-8.7401	145.1	-2.4108	-85.901	3.757	4.1978	22.171	-14.9	-0.2623	-2.4406	5.7559	-4.7393	9.414	-15.625
-2.1974	31.46	-0.98973	-5.9387	1.1126	0.60708	-2.8334	1.8946	0.40715	3.1427	-0.2654	0.58161	-1.5576	-0.54742	14.225	-123.62	63.26	-9.7419	-36.155	13.515	4.2167	-1.4216	42.754	-33.961	12.715	-21.25	31.149	-31.662
-2.2551	35.191	-1.3714	-6.7553	0.98575	0.49504	-1.6706	0.69427	0.11367	3.3171	0.15993	0.060817	-1.4055	-0.61899	-2.3055	149.24	-15.267	-32.667	-5.0728	-4.4815	46.511	-48.015	-11.739	6.9772	17.013	-20.832	6.0834	-2.8628
-2.1981	33.929	-0.86586	-6.1929	1.2073	0.14843	-1.9864	0.8141	0.65376	3.5863	-0.04357	0.11505	-1.5138	-0.74157	2.2795	-50.467	20.222	22.497	8.862	-13.865	-12.63	4.7932	21.604	10.766	-8.1399	2.1693	-4.3291	-4.9033
-2.0874	32.564	-0.21358	-5.7144	0.1012	0.81341	-2.4086	1.3346	-0.37723	3.9873	0.043491	-0.15103	-1.3554	-0.91128	4.4248	-54.602	26.091	19.142	-44.244	26.599	-16.891	20.819	-41.24	16.042	3.4825	-10.643	6.3361	-6.7884
-2.3225	34.592	-0.95705	-5.3527	0.042602	0.7927	-2.7032	1.3379	-0.076444	3.548	-0.078191	-0.11746	-0.58834	-1.5677	-9.4007	81.116	-29.739	14.466	-2.3438	-0.82827	-11.784	0.13446	12.031	-17.572	-4.8673	1.3429	30.681	-26.258
-2.2014	32.732	-0.078935	-5.1299	-0.6054	0.86081	-2.0289	0.77757	0.071279	2.7866	0.58163	-0.28525	-0.12638	-2.0606	4.8407	-74.388	35.125	8.9126	-25.92	2.7245	26.976	-22.415	5.9089	-30.457	26.393	-6.7118	18.478	-19.716
-2.4876	31.918	0.5126	-4.8385	-0.98156	0.65201	-0.9877	-0.028832	-0.15485	3.0242	0.76163	-0.6839	0.58218	-2.2834	-11.445	-32.585	23.661	11.655	-15.046	-8.3522	41.646	-32.256	-9.0453	9.5036	7.2001	-15.946	28.342	-8.9102
-2.6043	30.061	-0.73015	-2.6112	-1.0881	0.96554	-1.7544	0.14925	-0.16975	2.4871	0.66222	-0.50763	0.69488	-1.9558	-4.6683	-74.266	-49.71	89.093	-4.2616	12.541	-30.667	7.1232	-0.59582	-21.484	-3.9765	7.051	4.508	13.103
-3.0472	25.43	0.73857	-1.497	-1.061	0.86092	-0.9483	-0.48765	-0.091415	1.7653	0.74461	-0.10355	0.49245	-1.7926	-17.716	-185.26	58.749	44.567	1.0854	-4.1849	32.243	-25.476	3.1333	-28.871	3.2957	16.163	-8.0973	6.5291
-4.0043	12.737	1.6937	2.2537	-1.4084	1.1957	-0.59274	-0.97852	0.65394	0.73037	0.76644	-1.1256	1.5518	-2.761	-38.286	-507.72	38.204	150.03	-13.898	13.392	14.222	-19.635	29.814	-41.397	0.87297	-40.881	42.373	-38.736
-4.9859	2.4229	-6.3652	10.626	-2.4493	1.5698	1.9222	-2.6724	2.3973	-1.8359	2.357	-0.445	-0.058766	-0.42023	-39.261	-412.55	-322.36	334.9	-41.637	14.963	100.6	-67.755	69.734	-102.65	63.621	27.224	-64.422	93.631
-5.875	-3.2179	-21.502	15.036	-3.4566	0.01877	4.2797	-0.76903	4.3473	-0.8515	1.5424	0.053955	0.031862	0.77474	-35.566	-225.64	-605.49	176.38	-40.289	-62.04	94.301	76.135	78.001	39.376	-32.584	19.958	3.6251	47.799
-5.085	-3.9722	-29.347	12.944	-4.5102	0.78879	3.9921	-0.24933	3.8629	-1.0736	0.56219	-1.4041	-1.1053	-0.26953	31.6	-30.17	-313.77	-83.665	-42.147	30.801	-11.503	20.788	-19.377	-8.8854	-39.207	-58.321	-45.486	-41.771
-4.3185	-1.0411	-30.539	13.376	-5.9386	-0.070694	5.0959	-0.16159	3.8393	-1.6341	1.1086	-1.6519	-1.2316	0.9208	30.662	117.24	-47.695	17.27	-57.136	-34.379	44.152	3.5093	-0.94165	-22.419	21.856	-9.9143	-5.0529	47.613
-4.1204	-0.64087	-31.45	13.456	-7.6745	-0.90057	4.0135	-3.8739	4.9421	-3.4366	0.03742	0.35636	-1.8163	1.3033	7.9227	16.01	-36.422	3.1976	-69.434	-33.195	-43.295	-148.49	44.112	-72.1	-42.846	80.332	-23.387	15.302
-4.0672	0.4635	-30.97	13.136	-5.5634	0.57807	3.8533	-3.473	3.8838	-3.1776	-1.0231	-0.62918	-2.0011	0.047787	2.129	44.175	19.165	-12.811	84.443	59.146	-6.4093	16.037	-42.332	10.358	-42.421	-39.422	-7.3923	-50.222
-4.3946	-1.936	-30.744	12.019	-6.5798	0.34308	5.3398	-1.3552	5.2159	-3.7539	-1.0395	-1.4061	-2.4415	1.2207	-13.097	-95.979	9.0543	-44.683	-40.656	-9.3997	59.459	84.713	53.284	-23.05	-0.65668	-31.076	-17.618	46.918
-4.5926	-1.9857	-30.526	13.11	-3.5946	-0.73382	7.2472	-2.3514	4.9078	-0.65985	-0.48144	-0.87413	-1.8405	0.64514	-7.9179	-1.987	8.7277	43.652	119.41	-43.076	76.296	-39.847	-12.323	123.76	22.323	21.278	24.041	-23.024
-4.8111	-4.4898	-30.461	11.669	-3.6811	-4.8697	6.5262	-2.1921	2.9029	1.8594	-0.63556	-1.4942	-1.3607	1.3945	-8.74	-100.16	2.583	-57.63	-3.4627	-165.44	-28.839	6.3698	-80.198	100.77	-6.1648	-24.804	19.194	29.974
-5.575	-3.2092	-24.541	6.2144	1.5779	-4.3811	5.5284	0.33787	1.6903	-0.079622	0.70337	-0.72232	-0.039973	2.4252	-30.557	51.224	236.82	-218.19	210.36	19.545	-39.912	101.2	-48.504	-77.56	53.557	30.877	52.828	41.229
-7.1806	-20.924	-18.237	3.7072	2.796	-0.21209	4.801	2.3471	2.9935	-1.2259	0.023067	-1.1539	-1.0969	0.27929	-64.226	-708.59	252.15	-100.29	48.726	166.76	-29.097	80.369	52.13	-45.851	-27.212	-17.262	-42.278	-85.837
-9.7176	-38.993	-15.267	3.4369	-2.4547	-1.869	3.1817	-1.4822	0.50945	-0.36474	-2.0082	0.26684	-2.0092	-1.1792	-101.48	-722.76	118.78	-10.81	-210.03	-66.276	-64.772	-153.17	-99.363	34.446	-81.252	56.828	-36.49	-58.342
-8.1676	-44.328	-8.633	10.887	1.6107	1.9035	5.0855	1.1828	1.7876	0.02852	-0.38829	0.74187	-0.29689	-1.2542	62.001	-213.42	265.38	298	162.62	150.9	76.151	106.6	51.127	15.73	64.798	19.001	68.492	-2.9967
-6.9741	-22.192	1.6516	8.1644	1.302	4.1925	6.095	-1.0113	0.11062	-1.5849	-2.7648	2.7132	0.39941	-1.2927	47.741	885.45	411.38	-108.9	-12.351	91.561	40.381	-87.766	-67.08	-64.536	-95.059	78.851	27.852	-1.5434
-6.5064	-23.027	2.4069	6.5805	1.1461	3.8487	5.2077	-1.044	0.14178	-1.2017	-3.1113	1.8725	-0.27719	-0.71765	18.706	-33.407	30.211	-63.358	-6.2351	-13.752	-35.492	-1.3072	1.2464	15.327	-13.862	-33.626	-27.064	23.004
-6.4555	-15.483	0.50359	5.2549	2.2737	2.7272	6.4293	-0.61993	-0.12945	-2.3856	-4.5899	2.0691	0.51021	-0.22859	2.0379	301.77	-76.132	-53.025	45.103	-44.862	48.866	16.964	-10.849	-47.354	-59.145	7.8651	31.496	19.562
-5.9769	-12.379	-0.8931	6.3013	1.254	2.2703	5.7326	-0.16781	1.3694	-2.311	-4.5602	0.086803	1.3099	0.033433	19.143	124.14	-55.868	41.857	-40.788	-18.274	-27.871	18.085	59.956	2.9823	1.1887	-79.293	31.986	10.481
-5.3198	-1.5279	1.2559	2.3218	1.5883	0.050877	4.4831	0.38479	-1.2479	-1.3566	-2.569	0.81867	0.45414	-0.17795	26.284	434.06	85.959	-159.18	13.373	-88.778	-49.977	22.104	-104.69	38.177	79.648	29.275	-34.229	-8.4553
-4.6224	8.7515	0.034633	-2.444	5.2963	1.3389	1.8936	-1.2016	-2.2261	2.7328	-1.8209	-0.42214	-0.45837	0.88005	27.895	411.18	-48.849	-190.63	148.32	51.521	-103.58	-63.457	-39.128	163.57	29.924	-49.632	-36.5	42.32
-4.1595	12.798	-2.041	-3.1721	9.0924	0.87055	-1.4886	-1.6749	-0.4386	4.04	-2.8924	-1.1616	0.73703	0.41693	18.518	161.88	-83.024	-29.124	151.84	-18.734	-135.29	-18.931	71.5	52.287	-42.861	-29.578	47.816	-18.525
-4.0111	13.94	-4.1024	-1.806	9.879	0.9214	-3.7078	-0.62181	0.53311	3.0662	-3.4776	-0.89692	1.8304	0.1667	5.9361	45.657	-82.456	54.645	31.463	2.0339	-88.769	42.125	38.868	-38.952	-23.405	10.587	43.735	-10.009
-4.0624	13.691	-4.8746	-0.29273	10.074	0.25679	-3.7091	0.37194	1.4324	0.69301	-2.2494	-1.4405	2.4119	-0.41283	-2.0525	-9.9518	-30.89	60.531	7.7877	-26.584	-0.0491	39.75	35.971	-94.926	49.125	-21.745	23.261	-23.181
-4.2043	10.837	-4.0108	-0.25681	11.449	-0.17456	-4.096	0.73268	0.38099	0.78036	-1.8328	-1.7715	2.9153	-0.4672	-5.6785	-114.16	34.555	1.4367	55.025	-17.254	-15.479	14.43	-42.056	3.4939	16.664	-13.238	20.136	-2.1752
-4.727	7.0966	-3.1458	-0.50777	11.795	-0.43463	-3.5664	0.13646	0.33564	1.1689	-1.4333	-2.3877	2.4017	0.20502	-20.908	-149.61	34.598	-10.039	13.809	-10.403	21.187	-23.849	-1.8141	15.54	15.981	-24.65	-20.546	26.889
-5.5158	-14.395	-4.3434	4.2573	11.186	2.4351	-2.533	0.26782	-0.86639	1.6109	-1.509	-2.2046	1.2471	0.32817	-31.551	-859.65	-47.904	190.6	-24.336	114.79	41.335	5.2543	-48.081	17.682	-3.0265	7.3264	-46.181	4.9257
-7.1898	-29.474	-1.104	9.5934	6.617	3.4057	0.60394	-0.36549	2.3396	1.1279	-3.8277	-1.241	-0.019409	-0.80851	-66.961	-603.18	129.58	213.44	-182.76	38.827	125.48	-25.332	128.24	-19.321	-92.749	38.545	-50.662	-45.467
-6.3009	-15.804	-4.2939	5.0145	9.75	2.635	-1.3261	-2.0263	0.70286	0.97056	-0.27914	-2.6387	-0.39105	0.62734	35.558	546.79	-127.6	-183.15	125.32	-30.828	-77.202	-66.434	-65.471	-6.2933	141.94	-55.91	-14.866	57.434
-5.2766	1.1606	-2.9247	0.28843	9.7854	0.28567	-1.5593	-1.9655	0.28891	-0.1142	-0.51445	-2.8942	1.6905	0.20152	40.972	678.6	54.768	-189.04	1.4164	-93.975	-9.3277	2.435	-16.558	-43.391	-9.4126	-10.218	83.264	-17.033
-4.6131	7.9351	-1.5876	-1.2553	9.8107	0.032849	-3.3879	-0.49719	-0.87716	0.71678	-1.819	-2.0641	2.01	-0.74442	26.54	270.98	53.482	-61.751	1.0128	-10.113	-73.144	58.731	-46.643	33.239	-52.184	33.203	12.779	-37.838
-4.0712	11.826	-2.5704	-0.69334	10.335	-0.099968	-2.837	-1.9089	0.28727	0.068415	-1.4655	-1.4922	1.3904	0.49692	21.676	155.63	-39.31	22.48	20.969	-5.3127	22.037	-56.469	46.577	-25.935	14.143	22.876	-24.783	49.653
-3.9771	12.473	-1.5481	-2.1878	11.233	0.12149	-3.1316	-1.1924	-0.70574	-0.013182	-1.7833	-1.3239	0.53022	1.3536	3.7631	25.901	40.891	-59.777	35.905	8.8584	-11.783	28.66	-39.72	-3.2639	-12.715	6.7342	-34.409	34.266
-4.1142	8.4485	0.070374	-1.8982	10.175	1.3629	-3.2394	-0.92066	-0.74347	-0.47054	-2.5625	-1.4034	1.0407	0.74781	-5.4841	-160.99	64.74	11.582	-42.304	49.655	-4.3121	10.869	-1.5094	-18.294	-31.168	-3.1827	20.418	-24.23
-4.5962	3.2657	-0.57447	-0.55409	9.8325	1.7462	-3.342	-0.21274	0.67876	0.18337	-4.3133	-1.6958	1.6284	-0.30168	-19.279	-207.31	-25.794	53.765	-13.698	15.332	-4.1048	28.317	56.889	26.156	-70.031	-11.693	23.51	-41.98
-5.3782	-7.3918	-3.2343	3.3912	9.7697	2.3223	-2.1894	-1.8586	4.2195	-1.229	-3.2356	-1.3315	0.41	-1.1633	-31.282	-426.3	-106.39	157.81	-2.512	23.045	46.102	-65.833	141.63	-56.494	43.109	14.571	-48.737	-34.465
-6.7797	-21.084	-9.5779	5.2523	4.1921	-1.3366	1.0859	-2.1644	3.7082	-2.6754	-2.8855	-1.0281	0.3734	-0.87713	-56.06	-547.68	-253.74	74.442	-223.11	-146.36	131.01	-12.232	-20.452	-57.857	14.001	12.136	-1.4642	11.447
-9.6492	-48.014	-7.0405	2.3388	-2.1232	-0.78576	0.67108	0.011896	5.272	0.20993	-1.3296	-0.85251	0.060669	-1.9228	-114.78	-1077.2	101.49	-116.54	-252.61	22.035	-16.591	87.051	62.551	115.41	62.236	7.0229	-12.509	-41.826
-11.812	-74.507	-12.346	6.932	-8.6787	-1.5968	1.7169	1.5711	5.8016	1.712	3.3607	2.1927	-0.74154	-0.80062	-86.496	-1059.7	-212.22	183.73	-262.22	-32.44	41.834	62.369	21.186	60.084	187.61	121.81	-32.088	44.886
-12.803	-81.704	-18.241	8.1647	-3.8535	-1.2058	0.61721	-0.55322	3.1962	-0.41096	1.8848	1.1244	0.33341	0.42951	-39.666	-287.89	-235.81	49.308	193.01	15.639	-43.989	-84.974	-104.22	-84.919	-59.039	-42.732	42.998	49.205
-13.207	-77.219	-13.11	7.0098	-6.7598	-0.11479	2.7094	-1.5088	2.3772	-0.20658	2.3008	1.7654	-0.14901	-1.8158	-16.152	179.43	205.24	-46.197	-116.25	43.639	83.689	-38.223	-32.762	8.1751	16.642	25.641	-19.297	-89.811
-13.279	-81.613	-15.574	8.7013	-5.3718	-0.5352	2.6628	-0.46084	2.9993	-0.57522	1.1977	0.046212	-0.6844	-0.21843	-2.876	-175.77	-98.552	67.659	55.522	-16.816	-1.8638	41.918	24.883	-14.746	-44.122	-68.769	-21.416	63.893
-13.642	-83.321	-17.374	8.5315	-2.0107	2.4215	3.33	0.048631	1.7162	-1.9843	-0.18712	-1.5876	-0.32611	0.83607	-14.512	-68.308	-72.001	-6.7925	134.44	118.27	26.686	20.379	-51.321	-56.365	-55.394	-65.352	14.332	42.18
-5.5308	-21.899	-13.326	0.18494	1.23	-3.0613	-1.7713	0.45063	1.4567	0.41238	0.081105	2.3329	1.8632	-0.44113	324.44	2456.9	161.92	-333.86	129.63	-219.31	-204.05	16.08	-10.383	95.869	10.729	156.82	87.574	-51.088
-4.6903	19.244	-13.766	-0.51056	2.4343	-1.1642	-1.3963	0.4365	1.1343	0.3875	-0.2845	1.0706	0.72957	-0.93394	33.62	1645.7	-17.581	-27.82	48.171	75.887	14.998	-0.56535	-12.893	-0.99529	-14.624	-50.494	-45.346	-19.712
-4.5197	18.706	-12.962	3.548	4.5852	-0.20038	-0.014966	-2.042	0.81836	-2.9113	-0.90864	-0.04115	-0.60113	-0.71868	6.8238	-21.525	32.147	162.34	86.037	38.552	55.255	-99.138	-12.639	-131.95	-24.966	-44.469	-53.228	8.6102
-5.1019	5.0703	-17.942	7.6764	8.8494	0.43426	0.941	-1.1215	3.0057	-4.2091	-1.0569	-0.55544	-0.71544	-1.7106	-23.288	-545.43	-199.21	165.14	170.57	25.386	38.239	36.818	87.495	-51.914	-5.9317	-20.572	-4.5724	-39.679
-5.7716	2.478	-14.639	6.9293	9.1076	-0.58053	1.1227	-0.41496	4.3615	-2.2682	0.35999	-1.1806	-0.14341	-1.2049	-26.787	-103.69	132.15	-29.884	10.327	-40.592	7.2675	28.261	54.23	77.639	56.677	-25.008	22.881	20.231
-5.8438	-2.9967	-11.602	1.1448	6.8967	-1.498	-1.8808	0.0056267	4.7071	-0.032956	1.3453	-2.1404	-0.92206	-0.39193	-2.8868	-218.99	121.47	-231.38	-88.435	-36.698	-120.14	16.824	13.825	89.409	39.413	-38.392	-31.146	32.518
-4.796	-1.1904	-2.1712	0.33518	9.45	0.026193	-2.9565	0.71169	5.3646	-1.0918	-0.21192	-2.0303	0.51075	0.060945	41.91	72.251	377.23	-32.385	102.13	60.967	-43.029	28.242	26.3	-42.354	-62.289	4.4031	57.312	18.115
-4.0446	9.7959	3.8328	-2.249	8.2804	-0.64637	-2.5336	-0.90473	2.0457	-0.31816	-1.9727	-1.5347	1.7978	0.31829	30.059	439.45	240.16	-103.37	-46.782	-26.903	16.916	-64.657	-132.76	30.946	-70.431	19.826	51.483	10.294
-3.4749	12.766	5.9985	-4.2524	6.4462	1.3772	-2.2804	-2.2634	0.27822	-0.77189	0.51082	-2.5843	1.2966	0.4737	22.785	118.8	86.629	-80.133	-73.37	80.944	10.129	-54.345	-70.699	-18.149	99.341	-41.983	-20.048	6.2165
-2.8749	18.799	6.3335	-6.9843	7.3411	0.36312	-1.5801	-2.2895	-1.1488	0.45252	0.45151	-2.2767	0.92005	0.56645	24.003	241.32	13.4	-109.28	35.799	-40.564	28.012	-1.0454	-57.081	48.976	-2.3722	12.304	-15.063	3.7098
-2.5059	24.542	5.0861	-7.7615	7.004	-0.1427	-2.0621	-2.2935	-1.2512	0.80319	0.57297	-2.0892	1.7321	0.44185	14.757	229.71	-49.895	-31.087	-13.485	-20.233	-19.281	-0.15873	-4.0956	14.027	4.8584	7.498	32.483	-4.9837
-2.3634	25.055	5.0771	-7.5437	5.6726	0.45691	-2.0971	-2.5404	-1.9256	0.84664	1.2893	-2.1185	2.3941	0.30966	5.7029	20.533	-0.36316	8.7127	-53.255	23.984	-1.4016	-9.8773	-26.978	1.7382	28.654	-1.1715	26.477	-5.2879
-2.1712	26.752	5.4885	-7.6155	5.0219	0.27935	-1.8137	-2.4056	-2.2535	1.7525	1.1203	-1.7111	2.2206	0.17238	7.6857	67.861	16.458	-2.8739	-26.028	-7.1024	11.336	5.3916	-13.113	36.235	-6.7617	16.297	-6.937	-5.4913
-2.0353	24.99	6.6133	-7.9273	3.6293	0.72124	-1.1643	-2.1465	-3.5218	2.0015	1.6789	-2.1362	2.1058	0.53195	5.4381	-70.447	44.991	-12.47	-55.707	17.676	25.976	10.365	-50.733	9.9588	22.346	-17.004	-4.5943	14.383
-2.0948	24.635	7.589	-8.4849	3.0912	0.42815	-0.27684	-2.3036	-4.502	2.578	2.0144	-1.79	1.9021	0.44879	-2.3822	-14.226	39.028	-22.306	-21.522	-11.724	35.499	-6.2858	-39.207	23.06	13.417	13.846	-8.1451	-3.3261
-2.1016	24.401	7.5973	-7.6856	1.4051	0.96141	0.25771	-1.6673	-5.3701	2.4649	2.829	-2.2347	1.8681	0.08404	-0.27041	-9.349	0.3344	31.975	-67.443	21.33	21.382	25.453	-34.726	-4.524	32.586	-17.789	-1.3633	-14.59
-1.7586	25.189	7.564	-6.7796	0.34895	0.91084	0.29454	-1.9887	-5.5973	3.1155	2.8921	-2.2162	1.815	-0.046394	13.718	31.525	-1.3352	36.237	-42.247	-2.0229	1.4732	-12.858	-9.0865	26.023	2.5225	0.74349	-2.1215	-5.2173
-1.8548	25.996	7.2792	-6.9591	-0.25743	1.155	1.0455	-2.0623	-6.3593	3.3382	3.1663	-2.0415	2.4783	-0.97821	-3.8468	32.257	-11.389	-7.179	-24.255	9.7659	30.038	-2.9433	-30.482	8.9104	10.971	6.9855	26.53	-37.273
-1.8415	25.211	7.6001	-5.7519	-1.1421	0.6577	2.0762	-2.2955	-5.8528	2.5533	3.6794	-1.6561	2.0179	-0.93951	0.53389	-31.395	12.836	48.288	-35.386	-19.892	41.227	-9.3282	20.26	-31.399	20.523	15.416	-18.413	1.5483
-1.7536	25.304	7.3508	-4.9	-2.2226	0.91047	2.4539	-2.1744	-5.6983	1.8535	3.8768	-1.4331	2.018	-0.55552	3.5156	3.7152	-9.9728	34.076	-43.221	10.111	15.109	4.8436	6.1814	-27.992	7.8958	8.9191	0.0022133	15.359
-1.9741	22.761	8.4028	-4.8957	-2.8712	1.2688	2.3149	-1.4571	-6.2265	1.899	3.5012	-1.6768	2.9583	-1.3919	-8.8221	-101.69	42.081	0.17033	-25.943	14.334	-5.5583	28.692	-21.127	1.8218	-15.023	-9.7459	37.611	-33.456
-1.9274	23.484	8.2873	-4.6347	-3.2945	0.94528	2.3146	-1.5174	-5.5203	1.0315	3.3828	-1.0705	2.6278	-0.90923	1.8708	28.904	-4.6202	10.441	-16.933	-12.942	-0.014125	-2.4097	28.247	-34.699	-4.7388	24.253	-13.219	19.308
-1.9484	23.294	8.4925	-5.0118	-2.7364	1.1767	1.9945	-0.90039	-5.8048	1.2697	3.0607	-0.98994	2.4973	-0.60185	-0.84262	-7.5836	8.2054	-15.082	22.323	9.2563	-12.802	24.679	-11.383	9.5249	-12.883	3.2204	-5.2195	12.295
-2.1817	21.543	8.8104	-5.1715	-2.2704	1.1606	1.2799	-0.60024	-5.7099	1.0629	2.5482	-0.565	2.2194	-0.1792	-9.3294	-70.045	12.715	-6.3893	18.641	-0.64334	-28.585	12.006	3.7992	-8.2723	-20.498	16.998	-11.114	16.906
-2.3364	20.257	8.9817	-5.4344	-1.2786	0.86254	1.7093	-1.049	-5.2979	0.76323	2.1203	0.019028	1.7028	-0.099939	-6.1908	-51.453	6.8539	-10.516	39.672	-11.922	17.174	-17.951	16.479	-11.985	-17.115	23.361	-20.667	3.1704
-2.3547	20.218	9.4613	-6.6908	0.19447	0.34373	1.4416	-0.45486	-4.8525	1.1739	1.7857	-0.37856	1.8825	-0.44029	-0.73026	-1.5595	19.185	-50.256	58.921	-20.753	-10.706	23.766	17.817	16.429	-13.387	-15.903	7.1884	-13.614
-2.5952	19.772	9.0432	-7.5538	1.8475	0.3109	0.91806	-1.1829	-4.7549	1.5225	1.3919	-0.51308	1.0957	-0.0039389	-9.621	-17.848	-16.724	-34.52	66.122	-1.3129	-20.942	-29.12	3.9019	13.942	-15.751	-5.3811	-31.47	17.454
-2.7736	16.885	8.48	-6.9001	3.3367	0.49497	0.6007	-2.7026	-3.5348	1.6396	1.0981	-1.4301	1.6423	0.080425	-7.1364	-115.46	-22.53	26.149	59.567	7.3627	-12.694	-60.789	48.804	4.6827	-11.752	-36.679	21.862	3.3746
-2.9541	18.445	7.0325	-7.7331	5.9314	-0.42459	-0.018261	-2.8114	-2.4893	1.3457	0.42414	-1.9028	2.3882	-0.33304	-7.2209	62.383	-57.9	-33.322	103.79	-36.782	-24.758	-4.3541	41.823	-11.756	-26.958	-18.908	29.836	-16.539
-3.0491	20.522	3.5543	-6.0191	7.3513	-0.51558	-0.89364	-3.4151	-0.51484	0.72705	-0.58375	-2.3338	2.5324	-0.54982	-3.799	83.104	-139.13	68.561	56.794	-3.6396	-35.015	-24.146	78.977	-24.744	-40.316	-17.241	5.7687	-8.6711
-3.179	17.499	2.3789	-4.5025	8.438	-0.010784	-1.4941	-3.2643	-0.40144	0.2403	-0.952	-2.3097	2.7714	-0.49265	-5.1945	-120.91	-47.016	60.665	43.47	20.192	-24.02	6.0294	4.5359	-19.47	-14.73	0.96334	9.5601	2.2865
-3.3845	16.31	2.9248	-3.3279	7.6631	-0.2177	-2.0688	-2.7884	0.61997	-0.53901	-1.6128	-2.8132	3.7616	-1.0578	-8.2218	-47.576	21.838	46.983	-30.994	-8.2768	-22.987	19.037	40.857	-31.173	-26.432	-20.14	39.607	-22.605
-3.3896	15.949	1.4905	-1.8149	7.155	0.045234	-2.0661	-3.7064	0.46641	0.066708	-2.4608	-1.2273	2.3637	-0.67164	-0.20206	-14.427	-57.375	60.519	-20.327	10.517	0.1072	-36.719	-6.1425	24.229	-33.92	63.436	-55.917	15.446
-3.5997	16.939	0.24388	-2.1385	6.5804	0.86824	-3.6658	-2.3487	-0.30621	1.6996	-3.1581	-0.96946	1.7245	-0.39795	-8.4039	39.567	-49.864	-12.944	-22.985	32.92	-63.987	54.309	-30.905	65.316	-27.893	10.314	-25.568	10.948
-3.8849	11.571	0.6157	-2.6064	4.4297	0.41666	-4.0498	-0.73191	0.75107	1.5964	-1.9681	-1.0636	3.0944	-0.5997	-11.411	-214.71	14.873	-18.713	-86.025	-18.063	-15.359	64.67	42.291	-4.1307	47.603	-3.7668	54.797	-8.0703
-4.1442	11.079	2.4399	-3.1774	3.0104	-0.07736	-3.6221	-0.22531	0.96082	1.3512	0.12661	-1.0807	1.588	0.42002	-10.37	-19.666	72.966	-22.841	-56.775	-19.761	17.109	20.264	8.39	-9.8066	83.787	-0.68443	-60.256	40.789
-3.9591	14.137	2.7124	-4.8351	2.2023	0.43891	-2.9939	-1.3042	0.36412	1.604	0.72121	-0.76585	-0.079357	0.98843	7.4017	122.32	10.901	-66.307	-32.323	20.651	25.127	-43.155	-23.868	10.112	23.784	12.596	-66.693	22.736
-3.8522	13.555	2.3518	-5.684	1.4742	0.43383	-2.8657	-0.18785	0.16871	1.5548	1.2296	-0.2103	-1.0481	1.2982	4.2791	-23.288	-14.423	-33.956	-29.122	-0.20306	5.1295	44.654	-7.8162	-1.9692	20.336	22.222	-38.751	12.39
-3.9837	12.244	4.647	-6.0328	1.2785	1.1976	-3.3959	0.81514	-0.93023	1.7684	0.76773	0.49621	-1.2465	0.97787	-5.2623	-52.44	91.809	-13.952	-7.8299	30.551	-21.211	40.119	-43.958	8.5442	-18.475	28.26	-7.9346	-12.812
-4.2381	9.8787	2.9726	-4.1481	0.20769	1.9425	-3.8441	3.0491	-1.7711	1.4931	1.7377	-0.48279	-2.1033	0.56099	-10.176	-94.614	-66.977	75.386	-42.831	29.796	-17.927	89.359	-33.636	-11.01	38.798	-39.16	-34.273	-16.675
-5.0368	1.0153	2.5805	-1.3051	0.37904	3.2196	-3.2358	3.0387	-1.3562	0.068711	1.619	0.5658	-3.36	0.14018	-31.945	-354.54	-15.683	113.72	6.8542	51.083	24.332	-0.41423	16.599	-56.976	-4.7477	41.944	-50.268	-16.833
-6.0664	-16.893	0.60514	4.6193	1.6928	4.409	-0.22061	-0.54977	-0.2904	-0.18529	-0.93683	1.9582	-2.9199	-1.9639	-41.186	-716.32	-79.015	236.97	52.548	47.574	120.61	-143.54	42.63	-10.16	-102.23	55.698	17.607	-84.162
-6.8457	-22.081	1.4898	6.6559	0.39702	5.6298	0.92633	-2.5191	-0.50702	0.8482	-2.3428	1.6789	-1.2352	-3.2379	-31.171	-207.52	35.386	81.464	-51.829	48.834	45.877	-78.774	-8.6645	41.34	-56.239	-11.173	67.384	-50.96
-6.0291	-14.175	1.8609	3.3469	-2.7177	6.6512	1.0136	-1.8103	0.0049436	-0.0054484	-2.1987	1.922	-1.1763	-1.1878	32.662	316.21	14.843	-132.36	-124.59	40.855	3.4925	28.353	20.478	-34.146	5.7658	9.7232	2.3596	82.002
-5.3765	-3.3891	4.9937	-1.5155	-3.2546	4.8828	0.16359	-1.2988	-0.90517	0.34121	-1.1093	1.9715	-1.2725	-0.34394	26.105	431.46	125.31	-194.5	-21.475	-70.735	-34.002	20.462	-36.405	13.866	43.574	1.9793	-3.849	33.755
-4.8279	2.4065	4.9927	-1.4219	-4.4836	3.3967	-0.18892	0.099083	-0.36836	0.58408	0.0427	2.1046	-0.57617	-0.85173	21.945	231.82	-0.038212	3.7441	-49.162	-59.444	-14.1	55.914	21.473	9.7148	46.08	5.326	27.852	-20.311
-4.5616	4.0147	5.0818	-0.98077	-6.3009	2.3633	-0.43636	2.196	-1.3824	0.14979	-0.30318	3.1805	-0.54865	-1.6409	10.653	64.329	3.5613	17.646	-72.691	-41.337	-9.8976	83.876	-40.56	-17.371	-13.835	43.033	1.1007	-31.565
-4.2316	2.5732	7.292	-0.37613	-8.0961	1.7022	-0.60304	3.859	-0.69872	-0.47194	-1.047	3.162	-0.74194	0.21808	13.199	-57.66	88.41	24.185	-71.805	-26.444	-6.6673	66.523	27.346	-24.869	-29.751	-0.73814	-7.7316	74.357
-4.0798	0.71028	8.5668	0.72692	-9.6187	1.9835	-2.5388	6.1382	0.086442	-1.8714	0.59906	0.58144	-0.1113	1.7168	6.0704	-74.516	50.993	44.122	-60.907	11.255	-77.432	91.166	31.407	-55.978	65.841	-103.22	25.226	59.947
-4.0263	-0.28998	9.6723	1.0972	-8.3237	-0.089078	-1.8547	5.1073	1.3393	-1.9447	-0.21267	0.43419	0.42136	2.4483	2.1403	-40.01	44.219	14.813	51.803	-82.905	27.364	-41.237	50.113	-2.9317	-32.469	-5.8902	21.306	29.264
-3.875	0.50659	8.7485	2.0732	-6.6271	-0.93595	-3.1364	4.9331	1.2531	-0.79201	0.0461	-0.37561	0.55664	1.6189	6.0537	31.863	-36.952	39.037	67.862	-33.875	-51.267	-6.9649	-3.4479	46.107	10.351	-32.392	5.4112	-33.178
-3.7331	-0.32697	9.9727	3.2657	-7.232	-2.2834	-3.1218	5.557	1.2796	-0.3054	-1.1019	-0.14697	0.50719	1.1891	5.6746	-33.342	48.968	47.699	-24.197	-53.898	0.58579	24.954	1.0597	19.464	-45.919	9.1452	-1.9777	-17.192
-3.6115	-0.68691	9.2501	3.6219	-4.9482	-4.4009	-2.6728	5.1144	0.6136	1.1157	-1.7888	0.010213	-0.13532	1.4467	4.8653	-14.398	-28.906	14.251	91.352	-84.701	17.957	-17.704	-26.639	56.843	-27.475	6.2875	-25.7	10.302
-3.7509	-3.281	9.4378	5.8207	-3.8867	-4.7788	-2.7162	4.4782	0.86175	1.474	-1.9751	-0.043742	-0.43301	0.73372	-5.5784	-103.76	7.5097	87.95	42.463	-15.113	-1.7352	-25.45	9.926	14.334	-7.4536	-2.1582	-11.908	-28.518
-3.7396	-1.7657	7.5852	7.4414	-3.3987	-5.612	-2.6192	3.4112	1.1099	1.8904	-2.1547	0.50687	-0.59129	0.3548	0.45238	60.613	-74.106	64.83	19.519	-33.329	3.882	-42.678	9.9245	16.656	-7.1828	22.025	-6.3311	-15.157
-3.7477	0.52759	6.3784	7.059	-1.7819	-6.8692	-2.4267	3.1887	0.6935	1.585	-1.8719	0.73321	-0.57256	0.52375	-0.32406	91.732	-48.271	-15.296	64.672	-50.288	7.6998	-8.9001	-16.655	-12.219	11.311	9.0536	0.74901	6.7583
-3.5027	0.2391	6.3747	6.5467	-0.86099	-7.4985	-1.7213	3.2367	0.92285	1.3494	-0.67436	0.22972	-1.2921	1.2343	9.8008	-11.539	-0.14809	-20.495	36.837	-25.174	28.214	1.9207	9.1741	-9.4202	47.901	-20.14	-28.781	28.42
-3.544	4.0292	5.5161	5.8623	-0.87603	-7.9055	-2.0173	3.5942	1.0765	0.48602	-0.18644	0.67826	-2.0495	1.6796	-1.6499	151.61	-34.343	-27.374	-0.60165	-16.278	-11.839	14.299	6.1479	-34.537	19.517	17.942	-30.298	17.812
-3.463	4.1517	5.9593	4.4924	-0.67931	-8.3287	-2.4278	5.2635	1.6478	0.07917	-1.5227	1.4415	-2.0816	1.4625	3.2377	4.8967	17.726	-54.796	7.8692	-16.927	-16.421	66.773	22.851	-16.274	-53.449	30.529	-1.2825	-8.6837
-3.5102	6.5355	5.2528	3.9039	-1.4548	-7.3412	-2.6572	5.4607	1.6519	-0.17017	-1.2956	1.1731	-1.9763	2.1283	-1.8878	95.352	-28.259	-23.541	-31.019	39.497	-9.173	7.8863	0.16453	-9.9734	9.081	-10.737	4.2116	26.635
-3.4112	7.8238	5.1881	2.548	-1.2256	-6.7129	-2.1531	6.8957	-0.44233	0.079793	-0.85434	1.3015	-1.7215	1.7741	3.959	51.533	-2.5885	-54.235	9.1681	25.132	20.161	57.401	-83.771	9.9983	17.652	5.1354	10.193	-14.171
-3.7183	10.115	4.8408	1.2125	-0.10496	-6.6049	-1.7656	6.549	-1.4461	-0.4223	-0.38316	1.3118	-0.93723	1.6231	-12.283	91.639	-13.892	-53.419	44.824	4.321	15.501	-13.869	-40.149	-20.084	18.847	0.41428	31.37	-6.0385
-3.9686	6.7614	5.296	0.90617	1.1354	-5.9466	-1.1269	6.1538	-2.3666	-1.2667	0.67369	0.53247	-1.0581	2.321	-10.011	-134.13	18.209	-12.254	49.615	26.332	25.55	-15.806	-36.82	-33.776	42.274	-31.174	-4.8363	27.914
-4.2336	6.1589	5.2801	-0.077672	1.4698	-4.8932	-1.1541	6.304	-2.3048	-2.8844	1.2674	0.23723	-0.52864	2.181	-10.602	-24.099	-0.63358	-39.354	13.376	42.135	-1.0876	6.0079	2.471	-64.709	23.748	-11.81	21.18	-5.5981
-4.3468	3.7395	6.0112	-0.90765	2.0111	-3.5776	-1.0155	6.0613	-2.6537	-2.9213	1.253	0.50971	-0.17175	1.0757	-4.5253	-96.778	29.242	-33.199	21.653	52.625	5.5429	-9.7101	-13.958	-1.4751	-0.57707	10.899	14.276	-44.213
-4.3161	13.542	0.1481	1.0748	1.8648	-2.1834	-0.45456	2.4024	0.11429	-3.6577	1.6602	-0.77122	1.889	0.40486	1.2267	392.12	-234.52	79.297	-5.8546	55.769	22.437	-146.36	110.72	-29.456	16.288	-51.237	82.43	-26.833
-3.9694	17.849	-0.53795	0.23806	2.746	-2.8097	-0.46855	1.8021	-0.42329	-2.5969	0.83739	0.98657	0.91421	0.32749	13.866	172.25	-27.442	-33.469	35.248	-25.053	-0.55943	-24.01	-21.503	42.431	-32.911	70.311	-38.992	-3.0945
-3.9323	17.701	-0.90991	0.35857	3.7216	-2.2078	-0.70475	0.4954	-0.91583	-1.9674	0.47068	1.8321	-0.094678	-0.13345	1.4857	-5.8943	-14.878	4.8206	39.025	24.077	-9.4479	-52.269	-19.702	25.181	-14.668	33.822	-40.355	-18.438
-4.019	13.25	2.0047	-2.6275	6.0897	-0.80584	-2.714	1.5854	-3.2411	1.3885	-2.0613	1.8853	-0.085796	0.051	-3.4661	-178.05	116.58	-119.44	94.725	56.078	-80.37	43.601	-93.012	134.24	-101.28	2.1284	0.3553	7.378
-4.0891	12.338	1.0822	-1.6002	5.6484	0.77339	-3.9764	1.0927	-2.2847	1.9568	-2.7381	0.91803	-0.12187	0.1323	-2.806	-36.478	-36.899	41.091	-17.652	63.169	-50.497	-19.709	38.256	22.731	-27.07	-38.692	-1.4428	3.2519
-4.124	10.484	2.1928	-3.1055	7.508	-0.24204	-2.9139	0.39266	-2.6216	1.2046	-2.3152	0.7205	-0.049212	0.29053	-1.3977	-74.181	44.422	-60.212	74.382	-40.617	42.499	-28.002	-13.474	-30.088	16.917	-7.9011	2.9062	6.3292
-4.1643	9.5775	2.1659	-2.074	6.8952	1.0916	-3.4625	0.19878	-2.5348	0.88214	-1.2801	-0.13943	-0.13519	0.3783	-1.6087	-36.246	-1.0739	41.261	-24.512	53.347	-21.941	-7.7552	3.4693	-12.898	41.404	-34.397	-3.439	3.5109
-4.4215	5.4575	5.1243	-3.498	5.9306	2.3421	-3.4911	0.72957	-2.8875	-0.21549	-0.51198	-1.0808	-0.17102	0.83252	-10.288	-164.8	118.34	-56.958	-38.585	50.018	-1.1451	21.232	-14.106	-43.905	30.723	-37.656	-1.4334	18.169
-4.5573	2.6999	6.9427	-4.2371	4.331	3.9626	-2.4771	0.54854	-2.5243	-1.0552	0.93682	-2.1096	-1.0512	1.6599	-5.4333	-110.3	72.737	-29.565	-63.982	64.821	40.561	-7.2412	14.526	-33.586	57.952	-41.152	-35.208	33.094
-4.2878	0.43234	9.7467	-4.2054	3.0908	4.1488	-1.0629	-0.32111	-3.3799	-1.8493	0.98724	-1.1499	-0.74848	0.91017	10.779	-90.703	112.16	1.2674	-49.61	7.4478	56.568	-34.786	-34.22	-31.766	2.0168	38.388	12.109	-29.988
-4.1822	-1.3975	12.241	-4.3241	0.75317	3.5187	0.082812	0.044329	-3.0228	-2.3405	0.48098	-1.6934	0.48339	0.39202	4.224	-73.193	99.788	-4.7455	-93.504	-25.205	45.827	14.617	14.282	-19.647	-20.251	-21.738	49.275	-20.726
-4.2355	-4.2955	13.436	-2.3525	-1.6845	2.9223	0.84404	-0.32304	-1.9761	-2.8965	0.069403	-1.6492	0.56625	1.0755	-2.1325	-115.92	47.793	78.862	-97.507	-23.855	30.449	-14.695	41.868	-22.24	-16.463	1.7682	3.3146	27.34
-4.2882	-7.5823	15.185	-0.93893	-5.0167	3.5531	0.94009	0.58389	-1.442	-3.8377	0.019713	-1.3818	0.91262	1.1858	-2.1052	-131.47	69.968	56.543	-133.29	25.234	3.8421	36.277	21.365	-37.651	-1.9876	10.696	13.855	4.4104
-4.309	-10.384	16.971	-0.53003	-5.9741	2.3307	1.5493	0.15392	-0.91485	-3.3097	-0.05082	-1.543	0.76535	1.9234	-0.83507	-112.05	71.434	16.356	-38.298	-48.898	24.368	-17.199	21.085	21.123	-2.8213	-6.4478	-5.8909	29.504
-4.1146	-8.0531	15.83	-0.57076	-6.1296	1.6377	1.5445	0.69039	-0.76745	-3.4192	0.47556	-2.1987	0.22616	3.6173	7.7761	93.216	-45.642	-1.629	-6.2181	-27.718	-0.19209	21.459	5.8961	-4.3803	21.055	-26.23	-21.568	67.755
-3.861	-4.6707	15.554	-0.035644	-7.2195	0.6118	2.1367	0.26721	-0.11806	-3.8374	0.089607	-1.2222	0.92144	2.9001	10.145	135.3	-11.041	21.405	-43.599	-41.038	23.689	-16.927	25.975	-16.729	-15.438	39.061	27.811	-28.685
-3.5203	-1.5778	16.09	-2.4917	-6.6274	0.82045	1.1983	0.77548	-0.64684	-3.1436	0.50059	-0.83785	1.4544	1.744	13.626	123.72	21.435	-98.242	23.687	8.3463	-37.539	20.331	-21.151	27.753	16.439	15.373	21.317	-46.245
-3.3529	2.8421	16.149	-4.7169	-5.9264	0.32601	1.0941	0.63945	-0.90697	-3.2881	1.987	-0.1307	1.1803	1.1616	6.6962	176.79	2.3416	-89.009	28.038	-19.778	-4.1659	-5.4414	-10.405	-5.7819	59.456	28.286	-10.962	-23.298
-2.8838	7.7582	14.436	-4.7622	-6.5569	0.70057	0.37319	0.28735	-1.2304	-2.5304	3.4591	-0.2002	1.1657	0.52605	18.765	196.64	-68.519	-1.8111	-25.22	14.982	-28.837	-14.084	-12.937	30.307	58.887	-2.7802	-0.58331	-25.42
-2.6318	10.158	12.65	-4.7786	-6.7813	1.3127	-0.29509	0.24147	-1.7472	-1.4822	4.3016	-0.68832	1.571	-0.41038	10.081	96.008	-71.427	-0.65663	-8.976	24.485	-26.731	-1.8352	-20.67	41.931	33.697	-19.525	16.211	-37.457
-2.4879	14.049	11.612	-6.2856	-6.2466	1.5909	-0.72373	0.61298	-1.3153	-1.7536	5.5666	-0.94054	1.1807	-1.2493	5.7568	155.64	-41.533	-60.282	21.387	11.127	-17.145	14.861	17.273	-10.856	50.6	-10.089	-15.61	-33.555
-2.4548	15.443	10.726	-7.063	-5.3025	1.0132	-0.93379	-0.039919	-0.84683	0.83979	4.0699	-1.3112	1.6571	-1.7914	1.3225	55.728	-35.438	-31.093	37.766	-23.105	-8.4025	-26.116	18.74	103.73	-59.868	-14.828	19.054	-21.687
-2.3857	17.81	9.2852	-7.3179	-5.3832	0.93526	-0.24031	0.44962	-0.06779	0.46143	3.9844	-2.027	1.9797	-2.4908	2.7659	94.712	-57.62	-10.198	-3.2298	-3.1192	27.739	19.581	31.162	-15.135	-3.4167	-28.629	12.904	-27.977
-2.3417	21.031	7.6422	-6.8725	-4.8165	0.17541	0.083451	0.41808	0.67674	0.53986	4.3319	-1.9594	1.864	-2.6995	1.7605	128.81	-65.72	17.815	22.671	-30.394	12.951	-1.2614	29.781	3.1371	13.899	2.7012	-4.6293	-8.3458
-2.2468	21.316	7.6523	-7.4219	-3.9403	-0.78181	-0.030859	0.73497	0.9575	0.71592	3.4652	-1.8668	1.6266	-2.9037	3.7944	11.412	0.40631	-21.976	35.046	-38.289	-4.5724	12.676	11.23	7.0428	-34.669	3.7063	-9.4957	-8.1697
-2.2409	22.149	8.1449	-8.3148	-2.7659	-1.3689	0.40694	-0.3582	1.5051	1.0371	3.1555	-1.7357	1.3772	-2.6367	0.23573	33.308	19.701	-35.716	46.979	-23.483	17.512	-43.727	21.904	12.847	-12.388	5.2418	-9.9748	10.683
-2.1775	22.957	7.2388	-8.8841	-2.5934	-0.87412	0.41861	-0.73763	1.6667	1.1468	3.7405	-2.4732	1.1432	-2.2732	2.5381	32.34	-36.244	-22.771	6.8997	19.791	0.467	-15.177	6.4625	4.3869	23.398	-29.499	-9.3605	14.538
-2.0396	24.749	6.3765	-8.5433	-1.9621	-2.0098	1.3654	-1.0605	1.6803	1.2341	3.321	-1.2336	0.43088	-2.2352	5.5128	71.659	-34.489	13.631	25.252	-45.427	37.87	-12.915	0.54368	3.4926	-16.779	49.586	-28.492	1.5221
-2.0252	23.72	7.7944	-9.2229	-1.9396	-1.523	1.5497	-1.4443	1.5951	1.5159	3.5793	-1.8553	0.82381	-2.17	0.57687	-41.156	56.715	-27.183	0.89791	19.474	7.3747	-15.352	-3.4068	11.273	10.334	-24.87	15.717	2.6077
-2.0272	25.076	6.1937	-8.4865	-1.6544	-1.8828	1.0898	-2.1904	2.1503	1.4616	3.6677	-1.8311	0.6668	-2.2498	-0.079538	54.268	-64.029	29.456	11.407	-14.395	-18.4	-29.845	22.207	-2.1731	3.5334	0.96738	-6.2805	-3.1924
-2.1274	24.13	7.0787	-9.7444	-0.90422	-2.2864	1.5198	-1.9983	2.0205	1.3787	2.9555	-1.1697	0.79262	-2.2183	-4.008	-37.84	35.401	-50.318	30.009	-16.143	17.202	7.6847	-5.1896	-3.3139	-28.489	26.458	5.0329	1.2586
-2.2073	24.096	6.3219	-8.5848	-0.84638	-1.9525	1.1675	-2.2965	2.3184	1.3106	3.4005	-2.3218	1.626	-1.7716	-3.1976	-1.3765	-30.271	46.384	2.3137	13.358	-14.091	-11.928	11.915	-2.7271	17.802	-46.087	33.334	17.867
-2.1969	24.827	5.9896	-8.2585	0.14377	-1.8736	1.0184	-2.204	0.85152	2.8974	1.8422	-0.90621	0.59653	-0.35753	0.4181	29.227	-13.293	13.052	39.606	3.1547	-5.9636	3.6996	-58.676	63.475	-62.331	56.625	-41.178	56.564
-2.2717	22.669	6.8117	-8.6281	0.53663	-1.6144	0.79114	-2.8899	0.22364	3.1307	1.6997	-0.94442	0.98541	0.15792	-2.993	-86.322	32.884	-14.781	15.714	10.367	-9.0914	-27.437	-25.115	9.3291	-5.7007	-1.5286	15.555	20.618
-2.4513	21.9	7.3559	-9.514	1.9912	-2.1212	0.98517	-2.9455	-1.3765	3.1746	1.7871	-0.52422	0.15392	0.98658	-7.1833	-30.764	21.767	-35.436	58.184	-20.269	7.7613	-2.2235	-64.005	1.7561	3.4937	16.808	-33.259	33.146
-2.75	17.401	7.2604	-7.465	1.9982	0.10495	-0.090858	-2.7775	-3.061	3.9483	1.0947	-0.79342	0.35756	1.7065	-11.948	-179.95	-3.8195	81.957	0.27963	89.045	-43.041	6.7191	-67.382	30.949	-27.693	-10.768	8.1454	28.799
-3.227	12.217	6.9329	-5.7668	2.8505	1.0174	-0.35886	-1.8768	-4.0324	2.8724	0.50614	-1.2835	0.58277	1.3001	-19.08	-207.36	-13.1	67.929	34.09	36.499	-10.72	36.028	-38.853	-43.036	-23.544	-19.604	9.0086	-16.256
-4.235	5.4415	5.1662	-2.9968	2.6958	2.7506	0.409	-2.4464	-3.4771	1.549	0.25796	-1.5699	-0.0062938	2.1411	-40.32	-271.01	-70.667	110.8	-6.1861	69.329	30.715	-22.78	22.212	-52.934	-9.9273	-11.454	-23.563	33.639
-5.4227	-8.7924	4.9797	-0.25744	1.2526	4.0047	0.52823	-2.7663	-2.6486	0.2711	0.79198	-1.9237	0.34119	1.1132	-47.511	-569.35	-7.4613	109.57	-57.728	50.16	4.7693	-12.796	33.137	-51.117	21.361	-14.154	13.899	-41.115
-6.3326	-21.017	4.4706	4.2204	-0.13592	4.6154	1.1997	-2.5399	-2.231	-1.2997	0.24508	-0.87757	0.20845	0.14757	-36.393	-488.99	-20.363	179.11	-55.541	24.431	26.858	9.0561	16.707	-62.832	-21.876	41.847	-5.3095	-38.627
-6.6697	-26.078	3.615	6.7862	0.32619	3.9018	1.6759	-3.2981	-0.93055	-1.9221	-1.2007	0.26611	0.52035	-0.88315	-13.486	-202.45	-34.224	102.63	18.484	-28.546	19.048	-30.331	52.016	-24.894	-57.829	45.747	12.476	-41.229
-6.7584	-27.71	3.1728	8.514	0.94707	2.015	1.2988	-1.8666	-0.55695	-2.5466	-2.59	1.8455	1.0469	-1.6543	-3.547	-65.262	-17.688	69.11	24.835	-75.474	-15.086	57.261	14.944	-24.981	-55.575	63.175	21.062	-30.848
-6.6166	-26.505	3.277	8.2813	0.44075	1.8088	0.83108	-2.1597	0.94826	-3.3709	-2.9322	2.1526	0.90762	-1.0849	5.6716	48.212	4.1661	-9.3068	-20.253	-8.2457	-18.707	-11.725	60.208	-32.971	-13.686	12.286	-5.5716	22.777
-6.0813	-21.665	4.9209	6.7863	-1.5427	2.8321	0.38958	-1.7193	0.91913	-3.7569	-2.0734	1.2213	1.2669	-0.28346	21.414	193.6	65.756	-59.799	-79.34	40.933	-17.66	17.617	-1.1654	-15.443	34.35	-37.252	14.37	32.058
-5.622	-13.044	6.7154	4.8577	-2.0885	-0.29716	2.0779	-1.324	0.54619	-3.8854	-1.0553	1.5915	0.18142	1.6579	18.372	344.82	71.784	-77.146	-21.83	-125.17	67.534	15.811	-14.918	-5.1399	40.726	14.805	-43.418	77.654
-5.3567	-11.669	7.6495	4.7088	-2.8624	-1.5001	0.6326	0.9963	1.5511	-4.5913	-0.61996	1.2727	0.36127	1.7348	10.61	55.016	37.362	-5.9539	-30.955	-48.118	-57.813	92.812	40.196	-28.235	17.413	-12.749	7.1937	3.0752
-5.0971	-6.447	3.1723	8.5935	-4.6714	-2.6047	0.33795	1.9702	2.704	-4.4015	-0.87785	-0.024976	0.57526	1.4212	10.386	208.87	-179.09	155.39	-72.363	-44.184	-11.786	38.956	46.115	7.5919	-10.315	-51.908	8.5597	-12.542
-4.8267	-9.7548	8.7748	5.3303	-3.3372	-4.0958	-0.99966	3.6579	2.0275	-3.9167	-2.1186	0.20611	1.2818	1.4299	10.816	-132.31	224.1	-130.53	53.368	-59.643	-53.504	67.507	-27.059	19.393	-49.632	9.2435	28.26	0.3492
-4.5821	-9.6407	10.045	4.4518	-4.2798	-4.7223	-1.0278	4.3777	2.1081	-4.1642	-2.0519	0.78825	1.2028	0.99606	9.7817	4.5654	50.801	-35.138	-37.704	-25.059	-1.1243	28.794	3.2245	-9.8987	2.67	23.286	-3.158	-17.355
-4.4493	-3.52	7.4665	4.7729	-5.5949	-3.9128	-1.2722	4.6	1.1596	-2.6136	-2.0304	0.64171	2.1962	-0.37648	5.3131	244.83	-103.14	12.842	-52.604	32.377	-9.7784	8.8895	-37.941	62.022	0.86112	-5.8614	39.736	-54.902
-4.2204	-1.7932	10.304	-0.8516	-3.3707	-5.1216	1.2042	2.7898	2.2837	-1.838	-1.4865	0.37938	2.1707	-0.05409	9.1545	69.072	113.48	-224.98	88.969	-48.349	99.055	-72.405	44.964	31.025	21.753	-10.493	-1.02	12.896
-3.9018	2.4604	9.3333	-2.7888	-3.7737	-5.1245	1.8792	1.606	3.1979	-1.4908	-1.1819	1.6132	0.51139	0.16486	12.748	170.14	-38.809	-77.488	-16.12	-0.11926	27.004	-47.355	36.57	13.886	12.188	49.352	-66.372	8.758
-3.6741	6.1941	7.5351	-3.6646	-4.3785	-5.2074	2.2815	1.1257	3.7406	-2.1334	-0.12225	1.6718	0.89828	-0.60428	9.1065	149.35	-71.929	-35.034	-24.193	-3.315	16.089	-19.211	21.707	-25.703	42.384	2.3453	15.476	-30.766
-3.5493	10.684	5.1774	-3.8866	-5.5634	-4.3341	2.6371	1.2447	3.7621	-2.4305	1.182	0.75722	1.2711	-1.6318	4.9927	179.6	-94.31	-8.8796	-47.396	34.935	14.226	4.7616	0.86249	-11.883	52.17	-36.584	14.914	-41.1
-3.4174	13.036	4.6957	-5.1032	-5.439	-4.3701	2.7112	0.64934	4.5353	-2.5462	0.73627	0.97323	0.71899	-1.6362	5.2748	94.093	-19.268	-48.665	4.9758	-1.441	2.9617	-23.815	30.926	-4.6285	-17.829	8.6403	-22.086	-0.17495
-3.4026	10.826	5.941	-6.634	-5.3349	-3.9446	3.167	0.26417	3.9423	-1.9216	0.92588	1.8405	-0.35979	-1.3911	0.59133	-88.405	49.814	-61.233	4.1649	17.018	18.234	-15.407	-23.721	24.985	7.5844	34.69	-43.152	9.8012
-3.569	8.6462	5.9142	-5.8865	-6.3983	-3.4465	3.2167	1.1954	1.5324	-1.0563	2.2121	0.28577	-0.89888	-0.74688	-6.6533	-87.208	-1.0717	29.904	-42.535	19.927	1.9883	37.249	-96.394	34.612	51.449	-62.189	-21.563	25.77
-3.7377	8.3401	5.8717	-6.581	-5.2699	-2.8721	2.7669	-0.027145	1.4869	0.26553	1.9873	-0.22373	-1.0681	-0.26113	-6.7512	-12.242	-1.7026	-27.783	45.134	22.974	-17.991	-48.901	-1.8219	52.871	-8.9907	-20.38	-6.7696	19.43
-3.8805	8.3523	5.9128	-7.8399	-3.5939	-1.6363	1.5232	-1.0628	1.7197	0.42582	2.2918	-0.52575	-1.2004	-0.33275	-5.7122	0.48711	1.6458	-50.354	67.04	49.434	-49.749	-41.428	9.3131	6.4117	12.178	-12.081	-5.2903	-2.8649
-4.2163	9.8258	3.1802	-5.8469	-3.4355	0.22137	-0.3346	-1.7643	1.9026	-0.066873	2.298	-0.7696	-0.55906	-0.41611	-13.432	58.941	-109.3	79.721	6.3354	74.305	-74.313	-28.058	7.3165	-19.708	0.24676	-9.754	25.653	-3.3344
-4.6672	4.2958	4.0613	-5.6432	0.38269	-1.0439	-0.51908	-2.2023	1.3812	0.90855	0.96773	-0.73826	0.017881	0.51599	-18.035	-221.2	35.243	8.1468	152.73	-50.612	-7.3791	-17.522	-20.855	39.017	-53.209	1.2535	23.078	37.284
-5.1297	1.0807	3.6599	-4.3485	2.7168	-0.3909	-1.337	-2.8666	0.29613	0.84746	-0.16787	-1.0611	0.31315	1.0374	-18.499	-128.61	-16.056	51.788	93.363	26.121	-32.716	-26.572	-43.403	-2.4436	-45.424	-12.913	11.811	20.857
-5.8761	-3.0317	-0.32181	0.03873	3.1437	1.7933	-3.081	-1.8951	1.1094	-0.60135	-0.97504	-1.9872	0.56182	1.0996	-29.857	-164.49	-159.27	175.49	17.076	87.367	-69.761	38.862	32.529	-57.952	-32.287	-37.045	9.9465	2.487
-6.8459	-17.646	-0.42348	2.1419	6.6375	1.9491	-5.2616	-0.6436	1.992	-0.47739	-3.876	-0.26995	0.81631	0.40792	-38.79	-584.57	-4.0667	84.127	139.75	6.2327	-87.221	50.059	35.306	4.9584	-116.04	68.691	10.18	-27.667
-8.2598	-38.15	-10.188	7.5642	8.2115	2.2175	-1.3342	-1.014	3.6518	-0.91851	-3.692	1.1044	-0.069217	0.47287	-56.558	-820.18	-390.6	216.89	62.958	10.737	157.09	-14.815	66.391	-17.645	7.36	54.973	-35.421	2.598
-10.229	-60.418	-19.245	8.5432	4.3639	2.589	1.2088	-1.9367	3.5723	-0.61961	-2.8285	0.78005	-0.63343	-0.67821	-78.764	-890.71	-362.27	39.161	-153.9	14.861	101.72	-36.911	-3.18	11.956	34.541	-12.973	-22.569	-46.043
-11.901	-68.654	-19.961	7.8991	0.98805	4.2072	0.88202	-2.9617	3.2416	-0.99116	-1.4876	-0.84605	-2.5127	-0.96309	-66.872	-329.44	-28.609	-25.767	-135.03	64.725	-13.069	-41	-13.228	-14.862	53.636	-65.044	-75.169	-11.395
-11.759	-67.87	-22.703	6.204	-2.9807	4.0083	0.5857	-1.7706	5.2799	-0.74204	-0.30411	-1.0191	0.56856	1.703	5.673	31.352	-109.7	-67.803	-158.75	-7.9556	-11.853	47.647	81.533	9.9648	47.34	-6.9224	123.25	106.64
-9.4563	-45.805	-10.311	10.521	-5.955	2.4851	0.21734	-2.3191	2.5392	-2.3982	1.5525	-0.8653	-0.55433	0.74192	92.106	882.61	495.67	172.68	-118.97	-60.928	-14.734	-21.941	-109.63	-66.248	74.264	6.1523	-44.916	-38.444
-9.2954	-25.254	-11.325	6.3844	-7.5164	3.0766	2.23	-3.6651	2.3335	-1.9271	1.6381	-1.0987	-0.63401	1.4867	6.4348	822.03	-40.537	-165.46	-62.453	23.661	80.504	-53.841	-8.2245	18.846	3.4259	-9.3343	-3.1871	29.79
-9.3353	-45.356	-21.021	8.7252	-5.9969	3.4098	1.0697	-2.9417	2.9376	-1.6776	1.0158	-2.3206	-0.72709	1.6486	-1.598	-804.07	-387.86	93.634	60.78	13.328	-46.411	28.934	24.164	9.9789	-24.895	-48.877	-3.7231	6.4755
-10.45	-51.103	-21.087	10.949	-3.7025	2.797	0.7185	-1.7047	3.1292	-1.1652	-0.22255	-3.1587	-1.0759	0.58496	-44.586	-229.89	-2.6327	88.965	91.776	-24.512	-14.047	49.482	7.6628	20.496	-49.533	-33.524	-13.952	-42.544
-10.282	-55.961	-23.125	9.9005	-4.8056	1.5816	1.0807	0.52965	3.7773	0.10765	1.957	-0.89378	-0.96874	0.48922	6.7291	-194.3	-81.514	-41.954	-44.125	-48.616	14.488	89.374	25.924	50.915	87.181	90.596	4.2856	-3.8295
-9.9618	-47.197	-20.876	11.581	-5.8263	2.1152	1.7198	0.71931	0.61479	-1.3033	0.41208	-0.55238	-1.2779	-0.42811	12.797	350.56	89.966	67.229	-40.83	21.343	25.565	7.5866	-126.5	-56.437	-61.796	13.656	-12.365	-36.693
-9.7485	-44.167	-21.221	10.826	-7.0176	0.276	2.1091	1.0526	1.3209	-2.2	1.263	0.090996	-1.6883	0.27461	8.5344	121.17	-13.793	-30.228	-47.649	-73.567	15.574	13.331	28.245	-35.868	34.038	25.735	-16.418	28.109
-9.8126	-41.666	-20.161	9.3918	-4.7672	1.4957	2.3489	-0.21002	3.409	-2.5524	2.0452	-0.87645	-2.9395	0.35538	-2.5658	100.05	42.393	-57.349	90.016	48.787	9.5906	-50.504	83.523	-14.099	31.286	-38.698	-50.048	3.2306
-9.8335	-41.508	-16.655	4.2355	-5.848	0.90456	0.91706	-1.8242	2.6091	0.45508	2.8045	-0.12931	-2.5851	0.062175	-0.83407	6.3215	140.23	-206.25	-43.232	-23.645	-57.274	-64.566	-31.994	120.3	30.372	29.885	14.178	-11.728
-8.264	-39.609	-6.3919	6.9968	-2.5302	4.3154	-1.2042	-1.0439	-0.68073	-2.4954	0.39572	2.2696	-2.5723	-0.20056	62.777	75.981	410.52	110.45	132.71	136.43	-84.849	31.21	-131.6	-118.02	-96.35	95.957	0.51342	-10.51
-5.9904	-15.686	1.33	6.9507	-2.5406	2.048	0.85889	-0.064523	-1.2956	2.4907	-0.49705	0.63423	-0.61115	0.93009	90.945	956.92	308.88	-1.8414	-0.41428	-90.697	82.522	39.176	-24.593	199.44	-35.711	-65.415	78.444	45.226
-5.1547	-3.3447	2.0782	3.3364	-1.9413	1.3085	-1.6188	-1.2915	-2.2242	1.2316	-0.44237	1.7369	-1.167	0.8724	33.428	493.64	29.928	-144.57	23.971	-29.577	-99.108	-49.078	-37.147	-50.363	2.187	44.106	-22.235	-2.3076
-4.4494	7.4826	-0.75028	0.37513	-0.80934	0.15703	-2.3398	-1.1046	-1.2867	1.1654	-0.67878	2.1681	-1.6309	0.86334	28.212	433.09	-113.14	-118.45	45.28	-46.06	-28.84	7.4755	37.5	-2.6488	-9.4563	17.249	-18.555	-0.36256
-4.0689	10.748	-1.0268	0.3213	-2.0481	-0.15621	-2.7554	-1.5392	-1.8861	2.1578	0.092441	2.1793	-2.2116	1.5136	15.219	130.6	-11.059	-2.1532	-49.549	-12.529	-16.622	-17.383	-23.974	39.697	30.849	0.44807	-23.23	26.012
-3.9289	12.476	0.081234	-3.1323	-0.55313	-1.1999	-2.3418	-1.727	-1.5784	2.0117	-0.23261	2.1885	-2.0281	1.1286	5.6009	69.131	44.32	-138.15	59.798	-41.75	16.544	-7.5122	12.309	-5.8466	-13.002	0.36694	7.3399	-15.401
-3.7612	16.027	-1.6276	-3.3739	-0.90089	-1.1705	-2.1643	-1.543	-1.3318	2.1098	-0.4132	2.8818	-1.9898	0.46531	6.7059	142.05	-68.355	-9.664	-13.911	1.1785	7.0976	7.3588	9.8637	3.9278	-7.2238	27.732	1.5342	-26.532
-3.5875	15.973	-0.48768	-3.7483	-0.92203	-1.6072	-2.2262	-0.74899	-0.90116	2.1869	-0.40015	2.4846	-2.2059	0.29454	6.9481	-2.176	45.598	-14.976	-0.84552	-17.467	-2.4729	31.761	17.224	3.0807	0.52211	-15.889	-8.6444	-6.8304
-3.5114	17.232	0.01356	-4.5471	-1.2267	-2.193	-1.7286	-1.0867	-1.1577	2.7797	0.56755	1.5065	-2.2245	0.93913	3.0473	50.359	20.049	-31.95	-12.189	-23.432	19.9	-13.51	-10.263	23.712	38.708	-39.122	-0.74282	25.783
-3.432	14.599	2.0586	-5.3328	-0.36688	-2.7046	-1.6137	-1.2784	0.2512	2.5985	0.29561	1.1657	-1.4461	-0.045217	3.1735	-105.3	81.803	-31.427	34.394	-20.465	4.5965	-7.6677	56.358	-7.2489	-10.878	-13.634	31.136	-39.374
-3.3668	15.85	1.845	-5.578	-1.3624	-1.8226	-3.2581	-0.36353	1.3424	1.4129	-0.3248	2.1249	-1.6602	-1.5484	2.6105	50.035	-8.546	-9.8108	-39.822	35.28	-65.773	36.595	43.649	-47.424	-24.816	38.37	-8.5641	-60.126
-3.3498	13.679	2.7852	-5.7117	-1.5197	-3.0027	-1.2938	-0.67105	0.30425	1.7486	1.1956	-0.018853	-1.6968	0.60339	0.67896	-86.847	37.609	-5.3444	-6.2903	-47.203	78.57	-12.301	-41.527	13.43	60.818	-85.752	-1.4659	86.071
-3.3762	15.086	2.4885	-6.0391	-2.0779	-2.472	-1.1589	-0.67521	0.24365	1.5352	1.2347	1.3356	-3.0545	0.83949	-1.0547	56.296	-11.87	-13.097	-22.33	21.226	5.3956	-0.16627	-2.424	-8.5375	1.5619	54.176	-54.308	9.4439
-3.3472	13.676	4.8637	-7.9233	-0.98982	-2.3839	-1.0001	-0.55166	0.55343	1.5506	0.27382	2.0051	-2.6793	-0.0077775	1.1588	-56.421	95.012	-75.369	43.524	3.524	6.3533	4.9419	12.391	0.61524	-38.435	26.783	15.01	-33.891
-3.4273	13.077	4.5994	-6.908	-1.5591	-2.2778	-0.92084	-1.0453	1.1329	0.76034	1.1438	1.7769	-2.6165	-0.24805	-3.2051	-23.963	-10.574	40.611	-22.769	4.2446	3.1701	-19.747	23.179	-31.609	34.8	-9.1306	2.5099	-9.611
-3.6512	10.213	5.2446	-6.3728	-1.2347	-1.5882	-1.4391	-0.47712	-0.63565	1.7939	1.2233	0.33152	-0.73717	-0.45458	-8.9568	-114.56	25.806	21.41	12.975	27.583	-20.731	22.729	-70.742	41.342	3.1775	-57.813	75.174	-8.2611
-4.1314	8.2988	3.6019	-3.5959	-2.0553	-0.18671	-2.7188	0.57466	-1.9739	1.9984	0.039703	1.2955	-1.1666	-0.0020949	-19.205	-76.564	-65.705	111.08	-32.826	56.061	-51.188	42.071	-53.53	8.1804	-47.343	38.557	-17.179	18.099
-4.792	-5.2714	5.7786	-1.6397	-1.0035	1.4485	-2.925	0.2243	-3.0416	0.65295	0.53148	0.95231	-0.78821	-1.086	-26.426	-542.81	87.066	78.249	42.073	65.409	-8.2462	-14.014	-42.707	-53.818	19.671	-13.726	15.137	-43.356
-5.9288	-16.545	6.5106	-0.85264	0.084861	3.0732	-2.479	-1.0281	-1.7828	-1.5099	0.29063	1.2452	0.012194	-1.2089	-45.474	-450.93	29.279	31.481	43.534	64.986	17.837	-50.097	50.352	-86.516	-9.6337	11.717	32.016	-4.9171
-7.246	-34.997	1.6633	2.9414	0.062691	2.0652	-1.7547	-3.1208	-0.63481	-4.3444	0.12816	1.1052	-0.27574	-1.0689	-52.685	-738.1	-193.89	151.76	-0.8868	-40.319	28.972	-83.706	45.918	-113.38	-6.4988	-5.6021	-11.517	5.6019
-11.116	-72.375	-12.026	9.0329	0.80316	3.3185	3.2467	-0.41099	-0.042021	-1.7398	0.5832	-0.41844	-0.89771	0.73291	-154.8	-1495.1	-547.58	243.66	29.619	50.132	200.06	108.39	23.712	104.18	18.202	-60.945	-24.879	72.072
-11.803	-75.813	-10.85	11.079	0.27544	5.391	4.9053	0.38829	3.293	-2.0232	-0.33397	-1.2002	-1.1559	0.091302	-27.464	-137.54	47.03	81.852	-21.109	82.901	66.344	31.971	133.4	-11.333	-36.687	-31.269	-10.327	-25.664
-11.699	-52.355	-7.7651	3.6029	-4.4426	2.4258	1.6898	-0.83014	3.54	-1.9097	-1.5578	1.3023	-0.098473	-1.0148	4.1463	938.34	123.41	-299.05	-188.72	-118.61	-128.62	-48.737	9.8811	4.5399	-48.954	100.1	42.296	-44.245
-11.661	-66.597	-10.777	8.4051	-4.5475	1.4734	1.3765	-2.0896	0.85481	-3.3511	-2.4328	1.0036	-0.16862	-0.50857	1.5171	-569.69	-120.47	192.09	-4.1982	-38.095	-12.535	-50.379	-107.41	-57.657	-34.999	-11.947	-2.806	20.25
-12.847	-73.878	-14.599	9.0098	-3.1061	1.1666	1.8149	-1.1695	-0.26157	-4.1227	-0.87864	0.032484	-0.68399	-0.85383	-47.426	-291.22	-152.9	24.187	57.657	-12.269	17.536	36.805	-44.655	-30.865	62.166	-38.844	-20.615	-13.811
-10.693	-64.425	-17.849	-2.0403	-3.5028	6.9955	4.8041	1.1543	1.0453	-2.2979	0.42172	-1.4378	-0.35135	1.1899	86.14	378.11	-129.98	-442	-15.869	233.16	119.57	92.951	52.277	72.991	52.014	-58.811	13.306	81.748
-10.678	-49.035	-17.758	-4.6952	-4.4454	7.0122	4.3162	1.2808	0.34806	-2.5512	0.37881	-2.0865	-0.90155	1.4398	0.61929	615.62	3.6291	-106.2	-37.703	0.66469	-19.517	5.0597	-27.891	-10.13	-1.7162	-25.949	-22.008	9.9979
-10.864	-76.549	-17.786	5.356	-4.0833	3.9007	2.4155	-1.0058	0.55743	-0.47556	0.033787	0.36818	-0.23403	-0.43232	-7.472	-1100.6	-1.1043	402.05	14.485	-124.46	-76.026	-91.465	8.3747	83.025	-13.801	98.188	26.701	-74.886
