Log_Energy MFCC_1 MFCC_2 MFCC_3 MFCC_4 MFCC_5 MFCC_6 MFCC_7 MFCC_8 MFCC_9 MFCC_10 MFCC_11 MFCC_12 MFCC_13 Log_Energy_D MFCC_1_D MFCC_2_D MFCC_3_D MFCC_4_D MFCC_5_D MFCC_6_D MFCC_7_D MFCC_8_D MFCC_9_D MFCC_10_D MFCC_11_D MFCC_12_D MFCC_13_D
-3.39787119512195 8.70955095528455 5.75053012195122 -2.37915021138211 0.734203528455285 0.782615056910569 -1.57409760731707 0.153694177642276 -0.425222280081301 -0.285082614634146 0.34385131300813 0.0811163577235773 -0.0899809918699187 0.173272850406504 -4.23012230081301 -44.4858096585366 -7.52312947154471 7.40114231707317 9.44349012195122 4.43635028455285 8.17300695121951 1.41077544715447 -4.57826737455285 -0.134387113821139 -0.0806839674796755 -1.54359299186992 -1.28741524390244 -2.31423787804878
-8.13662083333333 -28.0981958333333 -17.852225 4.40023708333333 -2.00294291666667 -1.89847166666667 3.82816958333333 0.636441375 0.152744333333333 1.22907666666667 -0.0964444583333334 -0.566018558333333 0.5022729875 -0.176760458333333 -21.9517891666667 -89.1598708333333 -120.471073333333 -81.7312708333333 -117.453333333333 -63.6694166666667 -17.26714125 -11.0508208333333 -10.4474375 12.37922875 3.93437916666667 6.88655 17.91375 18.6985020833333
-4.56372148648649 -1.01260062162162 2.3091545945946 -0.546678108108108 -0.155322837837838 0.888294162162162 0.078839945945946 -0.470962094594595 0.11400354054054 -0.347136972972973 -0.150717216216216 -0.0153993243243243 -0.151766 0.0779731351351351 -18.0325875675676 -219.423108108108 -6.58747189189189 32.1551324324324 -1.71712837837838 0.472752837837838 12.1658337837838 -3.55881891891892 6.55129148648648 2.87422689189189 -7.43739189189189 -5.87621808108108 -4.69538797297298 -0.221833783783784
-3.73201701438849 6.49111553956835 2.92679539568345 -1.60706928057554 -0.506249489208633 -0.580489568345324 -1.60709489208633 0.304047074100719 0.516011669064748 0.00583300000000003 -0.227369136690648 0.587007525179856 0.365935356834532 0.157009194244604 6.27274176258993 109.55018705036 -33.3317667625899 -11.7467032374101 1.52911100719424 -10.9168402877698 1.77502010791367 5.88623802158273 3.37469136690648 4.19386258992806 4.63307381294964 -0.281798179856115 3.93131280575539 -5.15835568345324
-4.30854489795918 7.41734489795918 -5.60246530612245 1.09329612244898 0.483034489795918 0.0366863469387756 0.432739571428571 -0.0620239591836735 -0.590306142857143 -0.610696540816327 0.144048979591837 -0.000931912244897968 -0.268950591836735 0.197691310204082 10.5775693877551 120.596723265306 157.183040816327 -77.5218918367347 -12.3386102040816 14.2408836734694 -43.7982448979592 7.99598959183673 -25.5201153061224 -20.508187755102 13.2953020408163 14.7293016326531 -11.323943877551 0.837279795918368
-4.53794870967742 3.68835483870968 -3.87337096774193 0.65012 -0.940631612903226 -1.5081344483871 0.62832464516129 -0.252255741935484 0.322408419354839 0.349778064516129 0.0272160967741935 0.306123419354839 0.299891031612903 -0.315609709677419 6.08805806451613 -172.274838709677 294.762580645161 -62.5496 -0.813315161290322 52.3372161290323 -24.6447483870968 1.25135580645161 0.372370967741936 0.27763870967742 -10.3674409677419 10.5472216129032 1.77352903225806 -2.66732129032258
-7.0658 -18.8885786486487 -6.87654297297297 2.86599805405405 -2.98443918918919 -2.03749040540541 2.07218666486487 -0.0990175675675677 0.306872135135135 0.773977218918919 -0.0344404567567567 -0.400082 0.0113896783783784 -0.172952945945946 -34.8435513513514 -620.456216216216 223.652035135135 52.3156810810811 -45.3315351351351 -3.07859378378378 -4.37992451351351 17.1239027027027 2.55982972972973 -7.31395675675676 3.90642972972973 8.46022432432432 1.3215872972973 5.67417567567568
-6.6866568627451 -24.4562231372549 -0.249458156862745 2.56089649019608 0.00528154901960784 2.11556156862745 2.10488364705882 0.21114968627451 0.888522647058823 -0.101121921568627 -0.495693058823529 -0.271812941176471 -0.544259882352941 -0.381417745098039 -35.5154721568628 -438.839215686275 -124.099023529412 60.3942862745098 12.5733823529412 21.3716450980392 41.0839654901961 8.29133039215686 19.2421803921569 -2.13339019607843 -17.9716382352941 4.21636921568627 -2.43791803921569 -4.64718843137255
-6.5289875 -24.1293166666667 -2.22665333333333 3.33467666666667 0.698386625 1.46099541666667 3.17950054166667 -0.342573958333333 -0.278776616666667 0.990350416666666 -0.172269791666667 -0.903904583333333 -0.106651166666667 -0.3563485 -78.9995166666667 -841.454583333334 -307.956708333333 149.885458333333 19.6821495833333 15.5725125 102.988447666667 41.00935 26.2246920833333 43.1248666666667 6.55090833333333 -21.0852291666667 18.6456833333333 -9.06954166666667
-3.56936 4.71668919230769 10.6918384615385 -0.244637307692308 -0.135938846153846 1.01538807692308 -1.02619280769231 -0.573060692307692 -0.678512076923077 -0.373028846153846 0.448528076923077 0.490974230769231 -0.249215384615385 -0.00660907692307692 77.3632692307692 599.288846153846 499.238076923077 -167.903576923077 33.9785923076923 73.5899423076923 -119.346096153846 16.9094423076923 -8.45589230769231 -45.3678538461538 -5.87845384615385 16.9816769230769 -12.1443565384615 10.12275
-5.24999318181818 -3.17457340909091 -3.65507159090909 0.940912386363636 -0.2678175 -0.398074522727273 0.349215909090909 -0.295894 0.492978159090909 -0.0366409181818182 -0.570532968181818 -0.334645181818182 0.240028331363636 -0.0623166090909091 32.4057840909091 392.209090909091 0.404608409090907 -18.5082954545455 14.9104413636364 -13.7727070454546 -21.175025 -12.4216318181818 -7.70806136363636 -4.52512272727273 -0.665477272727273 -0.0411040909090902 4.24075909090909 8.45854090909091
-4.72754285714286 7.96887857142857 -12.1732571428571 6.86406357142857 1.19377478571429 -2.42667571428571 4.57187142857143 -1.30249614285714 -0.560222142857143 0.895400928571429 0.576809285714286 0.00187899999999998 0.00381035714285713 -0.993409285714286 -38.4223571428571 -229.730857142857 -584.500714285714 234.930785714286 -56.4478571428571 -57.5055714285714 121.029857142857 -63.4143 74.1512214285714 80.4614 23.5734642857143 -17.6189428571429 -0.493830000000001 5.31345714285714
-5.56216666666667 -6.83728095238095 -4.8279580952381 1.96607 -0.197102857142857 -1.31604238095238 1.43086714285714 0.110674619047619 0.259081952380952 0.121298571428571 -0.204668809523809 -0.202652380952381 0.0266441428571428 -0.346595580952381 80.7849380952381 971.214761904762 -17.8506619047619 -61.5234904761905 4.45792380952381 -62.9779761904762 -77.9521428571429 -41.2883047619048 -2.0629619047619 -9.69872380952381 11.7791952380952 7.56240333333333 -4.50367142857143 -1.10879095238095
-5.47892105263158 2.52181052631579 -8.72705263157895 0.484571578947368 -0.696354736842105 -1.97517421052632 1.27269536842105 -0.632077052631579 -0.569066773684211 0.629289473684211 -0.209079157894737 -0.755118684210526 0.102829894736842 0.3241885 129.061894736842 1865.33684210526 119.476052631579 -105.202905263158 61.276947368421 -21.2862631578947 -93.1517 -71.9071578947368 -61.1247473684211 -17.8316152631579 17.6842473684211 -18.6187421052632 -17.1692147368421 9.74486157894737
-4.7032125 8.38071166666666 -15.82426625 5.13619541666667 2.64860541666667 -2.40149208333333 2.6129575 -0.456448333333333 -0.435976666666667 0.622985291666667 -0.0465229166666666 -0.941547083333333 -0.499072875 -0.524924791666667 1.17626666666667 212.065 -414.53875 63.4437625 13.2701208333333 -74.4149166666667 9.48072083333333 -9.95528333333333 36.5374208333333 20.634475 -1.654975 -21.5357291666667 -5.43181666666667 15.0588345833333
-8.37897272727273 -40.7322181818182 -13.494553 4.38141454545455 0.0557272727272726 -0.611831818181818 3.84192363636364 1.66121309090909 0.85069 0.605700181818182 -0.179639363636364 -0.252425454545455 0.868518181818182 -0.0852484545454546 -119.199090909091 -1450.5 -39.3479909090909 48.9254545454545 -134.498936363636 54.03 140.5226 44.0801272727273 11.8375545454545 -3.94012727272727 -18.7634545454545 7.29881818181818 30.4313363636364 4.31565454545455
