875449.047714317
797682.583145844
818762.827967467
836886.722247851
1577069.10796923
1359451.11845254
939383.80660836
1223629.45758827
1548355.00623706
602787.657753116
881610.725400043
1351329.66427722
977590.646419478
753247.737242331
904649.246163798
1279056.96379017
1239338.96267346
1212820.21949188
1068659.02400809
802110.900036866
1831152.35373391
759280.994606643
1048369.6143194
3718195.24750259
1741365.09724966
858066.029331249
1638191.78627428
897483.178078765
215343.988463118
769636.048870743
1344404.47440814
208482.281321414
36079842.5193473
257196634.876586
