Log_Energy MFCC_1 MFCC_2 MFCC_3 MFCC_4 MFCC_5 MFCC_6 MFCC_7 MFCC_8 MFCC_9 MFCC_10 MFCC_11 MFCC_12 MFCC_13 Log_Energy_D MFCC_1_D MFCC_2_D MFCC_3_D MFCC_4_D MFCC_5_D MFCC_6_D MFCC_7_D MFCC_8_D MFCC_9_D MFCC_10_D MFCC_11_D MFCC_12_D MFCC_13_D
-3.0245 2.79607823529412 2.00930705882353 1.49347588235294 1.024883 0.825125411764706 -0.27274 -1.23148823529412 -1.01135058823529 0.636711176470588 0.207092941176471 0.183109147058824 -0.393433882352941 0.0745691176470589 20.4446941176471 91.1151529411765 388.971176470588 -147.686823529412 -24.1640705882353 -70.5130058823529 3.73359411764706 -30.4125705882353 -32.5148235294118 33.3845229411765 4.19804117647059 9.7073695882353 1.11500294117647 -15.4182129411765
-5.19319090909091 -16.3969363636364 -13.4113090909091 -1.37090818181818 2.26375545454545 0.832770554545455 0.119447272727273 1.19057290909091 -1.22564090909091 0.693309363636363 -0.308060909090909 -0.552601818181818 0.493664545454545 0.674971818181818 112.553636363636 1455.56363636364 -121.184727272727 -152.230363636364 -4.41936363636364 -100.474 -67.5148181818182 -32.6656363636364 -27.2578545454545 19.1444090909091 12.1845727272727 -4.78393636363636 -9.60363636363636 6.36511818181818
-2.97941761029412 -1.84958786764706 0.414186065441176 -0.0915632573529411 -0.334976764705883 0.225375735294118 -0.388045894117647 0.236351713235294 -0.0154903099264705 -0.004241811764706 -0.0938417132352941 -0.244305389705882 -0.157974014705882 0.0219756551470588 -9.38346088235294 -154.113558823529 31.088794117647 12.2465628676471 1.43753294117647 5.10926460294117 -11.1735961176471 6.27581090441176 4.65176875 -2.2553370367647 -7.15291676470588 0.708851911764706 -1.12211752205882 4.41412897058824
-3.31359454237288 -7.60577576271187 2.32447152542373 2.43605976610169 0.701115762711865 0.371103898305085 -0.128731372881356 0.142680925423729 -0.0158219152542373 -0.429465468305085 0.0393220338983051 -0.212885423728814 -0.0283574406779661 -0.11461233559322 -28.0297776271186 -388.711016949153 14.6069305084746 67.6554949152543 22.7318542372881 28.8364966101695 10.3993169491525 12.2260593220339 -0.360044762711864 -2.47694983050848 -26.2062605084746 4.87880016949152 -2.73669861016949 0.0633286440677962
-5.20201227272727 -22.7642431818182 -11.3593772727273 5.427155 -0.777958295454545 3.62275768181818 1.50288409090909 0.175022727272727 0.685831545454545 0.542118954545454 0.245523454545455 -0.0602495 0.0579210000000001 -0.127595 -44.1127386363636 -378.026818181818 -356.728181818182 21.6669136363636 6.30422727272727 41.8728227272727 33.8203772727273 18.5200027272727 13.2866722727273 -2.24616818181818 5.20909090909091 13.5605909090909 -5.94505454545455 -1.18350454545454
-5.37594 -34.208668 -5.2944508 3.7771748 0.6399316 2.976419 0.43018976 -0.3288632 0.22692528 -0.1923946 -0.15742832 0.5822466 -0.0143340000000001 0.1701912 -64.36392 -766.8324 -4.45328 63.637848 -23.6486496 50.234724 38.34006 15.144784 35.672344 -41.963504 -8.006972 19.078104 -1.007152 -15.6578336
-1.84965288108108 9.63107540540541 2.82795848648649 -1.68266485891892 -0.394603724324324 -1.53252765243243 0.0710148702702704 -0.417293156756757 0.0908593491891892 0.0167376756756757 -0.0134695394594595 0.367244324324324 -0.081707354054054 0.234840154594595 6.74993870270271 101.190308108108 -9.57272497297297 -22.1963318918919 -10.5700200324324 -5.83914378378378 -1.33018010810811 -7.41354735135135 2.02334875675676 -0.545717081081081 6.72375021621622 -1.61171427027027 0.832501783783784 -2.97202318918919
-4.82681756756757 -19.8948 -15.4511968918919 5.89235378378378 -0.481192162162162 3.37430486486487 0.943477594594595 1.12385864864865 0.573342891891892 0.0889586756756756 -0.365875740540541 -0.493392027027027 0.428795389189189 0.127494486486486 -5.53017513513514 -38.3694972972973 -223.556324324324 -34.8922702702703 -18.6675027027027 2.22338783783784 0.93626972972973 15.2764108108108 2.44395486486487 1.33565891891892 -9.56496783783784 -7.64700135135135 13.9941864864865 5.94190108108108
-4.0630232 -7.339452 -2.27790112 0.9595804 -0.698412 1.2575208 0.4600088 0.91744068 -0.7790874 0.17659818 -0.56208476 0.28951758 -0.30576828 0.25970328 38.76569 702.2088 -34.37974 -98.07992 -41.4814736 -70.70908 -28.069988 5.2043728 -15.067628 41.21866 15.74882 -8.43118 9.572576 -3.60812448
-4.31322608695652 -5.91452608695652 -6.7139782173913 4.79439413043478 0.0556465217391305 3.00413173913044 0.28312347826087 0.332154130434783 0.164938782608696 -0.403889869565217 -0.363369565217391 -0.0495151739130435 -0.154703430434783 0.148602434782609 35.5711956521739 382.428260869565 355.022173913043 55.1832391304348 32.7726513043478 -22.4998739130435 -5.24494565217391 -36.589747826087 -10.2168632173913 -32.6675826086956 7.40124347826087 2.97807391304348 -12.9585173913043 9.0884047826087
-1.81317044680851 9.75002521276596 3.04622278014185 -1.87188678014184 -0.176602053191489 -1.24773182978724 -0.162732339716312 -0.201061269503546 0.143049946808511 -0.114741056737589 0.298377982978723 -0.0189037304964539 0.068211420212766 -0.27712225177305 -2.38932069503546 -24.5476740780142 4.28893021276596 14.6331270567376 5.66844815602837 4.27425393617021 -1.32110042553191 -0.0417403900709237 -1.25121034397163 -2.19792929078014 0.352138687943262 -1.43019775177305 0.0593390425531913 -1.1154205
-4.65741666666667 -11.9179777777778 -16.2994611111111 5.99080555555556 3.591915 3.43533722222222 0.727841277777778 0.795044444444444 -0.144436111111111 0.672206666666667 -0.0253114444444445 -0.120204666666667 -0.322701666666667 0.0791122222222222 9.46118444444444 159.188555555556 -455.110555555556 114.454888888889 -23.7856111111111 44.4895666666667 50.2785555555556 14.0214444444444 14.6790833333333 -7.36864444444444 -0.280522222222223 2.77289444444445 6.74374444444444 10.33465
-4.180375 -11.400675 -2.6865 -7.411125 -4.223425 -1.26862 1.42679 2.1743625 -1.5455875 -1.672015 -0.6376025 -0.108067 -0.690575 -0.502999 257.8685 2711.65 417.927 -159.86425 -70.33325 -122.555 39.88725 -80.699 -88.3715 -16.3589 -6.7295 -58.7285 -1.18325 32.470875
-3.722881 -8.76517333333334 -2.9077 5.17304166666667 3.18717166666667 2.82841333333333 0.535253908333333 -0.218975 -0.726300666666667 0.301326666666667 -0.305716166666667 -0.080245 0.386425416666667 -0.188979666666667 19.731 -139.569433333333 482.776666666667 163.8925 93.834475 14.5012583333333 -3.62958333333333 -6.4402076 -17.1806941666667 -9.951525 1.17591666666666 9.86548583333333 -12.980725 -18.5357166666667
-3.19230972972973 -0.807124324324324 0.86673972972973 -0.829910135135135 0.223329135135135 0.399173175675676 -0.215577581081081 0.150284324324324 -0.24967654054054 0.111697743243243 -0.432914297297297 -0.172306635135135 0.223361175675676 0.211831304054054 21.1962013513514 284.263783783784 11.2049810810811 -70.0617189189189 1.32122162162162 -34.7247936486486 4.10864324324324 0.640055986486488 -3.71792810810811 12.6665485135135 13.5155864864865 -8.45530810810811 3.93949054054054 -1.3936022972973
-6.73675625 -53.839875 -1.38046625 3.28886875 1.0775768125 3.7445 -0.59827875 0.117859375 -0.8594445625 0.8686741875 0.115650875 0.086097625 0.1325759375 0.05552375 -96.04625625 -1298.775 -163.9563125 73.3775625 6.8865625 92.00499375 18.6486125 30.614605 7.99746875 30.5561125 -1.69182375 21.087425 -13.24491875 23.2181625
