Log_Energy MFCC_1 MFCC_2 MFCC_3 MFCC_4 MFCC_5 MFCC_6 MFCC_7 MFCC_8 MFCC_9 MFCC_10 MFCC_11 MFCC_12 MFCC_13 Log_Energy_D MFCC_1_D MFCC_2_D MFCC_3_D MFCC_4_D MFCC_5_D MFCC_6_D MFCC_7_D MFCC_8_D MFCC_9_D MFCC_10_D MFCC_11_D MFCC_12_D MFCC_13_D
-4.27775666666667 7.12814845238095 1.45537714285714 -0.0655477142857143 -2.13526071428571 -2.62003316666667 0.587118333333333 -0.368118571428571 1.626031 0.0294281904761905 0.479731119047619 0.698503857142857 0.0761033095238095 0.516782335714286 3.91461761904762 136.043476190476 -84.6140523809524 -21.7143547619048 16.9690323809524 -24.1588826190476 39.0158169047619 -8.41483023809524 10.4399985714286 12.7605904761905 1.75423976190476 12.8340414285714 -15.633859047619 -0.0190383333333332
-6.68540833333333 -11.3396891666667 -1.57174166666667 2.8477225 -1.46119333333333 -0.00296083333333326 -0.370993333333333 0.58603 0.38026 -0.11650075 -1.07074 0.254835916666667 -0.0890265000000001 0.426675583333333 47.665675 549.2425 247.175675 217.378333333333 52.92125 27.9418 -41.1289666666667 -61.77755 -0.313829166666667 -7.002225 -17.5105 -39.5456083333333 -1.455475 0.935458333333334
-5.39658484848485 -5.5982703030303 3.07657575757576 -0.38946606060606 0.70802496969697 1.29857633333333 -0.927252121212121 0.668676421212121 -0.246422696969697 -0.303475303030303 -0.716533939393939 -0.080436606060606 0.302125 -0.652467419090909 -17.6893956969697 -329.22696969697 -5.97292424242424 16.3842424242424 75.6643454545455 17.9533090909091 -27.7892818181818 22.0896054545455 10.1894454545455 19.0612881818182 -27.2696363636364 -6.68721212121212 -15.4307863636364 3.77913333333333
-6.11929230769231 -19.6318653846154 -0.534092307692308 -0.271333461538462 0.364436923076923 1.00785615384615 -0.904989384615384 0.926369307692308 0.723808538461538 -0.244680484615385 -1.20634538461538 -0.0479015384615385 -0.0852169230769231 0.0783883076923077 -39.3328384615385 -950.052307692308 111.011246153846 17.9410307692308 -19.0634461538462 31.2591538461538 30.6952307692308 17.2900769230769 17.3268692307692 -11.695 -33.4744461538462 1.04981538461538 7.69971538461539 -6.80876230769231
-6.46548 -12.657703 -6.90089 2.118311 1.4517444 2.4965 0.2467329 2.253568 -0.3506405 -0.239962 -0.1401475 0.51100818 -1.0452849 0.4525002 -14.78708 18.08802 -348.729 53.38964 61.6108 45.61109 -20.28381 1.0947 35.7265 -26.8387 1.05075 19.9413 -25.988914 10.2766
-4.897690625 5.314440625 -7.187460625 -0.6311398125 0.599575 -1.1300253125 -0.36893090625 0.327769375 -0.0373837187499999 0.160191 0.07423021875 0.4756415625 -0.3533326875 -0.09211878125 23.31565 363.5375 -33.02495 -31.0060375 2.136653125 -38.3007484375 1.3402684375 -21.31484375 -20.98686875 7.5401046875 3.7185915625 -3.74136875 -2.0199475 5.162790625
-6.94909166666667 -15.5772583333333 -5.273475 -0.12645 2.01874166666667 1.98791333333333 -0.102908333333333 -0.316390833333333 -0.181656666666667 0.731988333333333 -0.44358125 -0.224165 -0.756208916666667 -0.4978296 -44.7440833333333 -579.670833333333 235.476041666667 -134.617916666667 -24.850675 -12.7430833333333 21.781 -16.9017833333333 -13.54496 19.9899 -8.93194083333333 -3.4515 -9.776775 -4.61395833333333
-4.54776 7.140975 -4.269332 0.4611755 1.7169187 0.5501645 -1.0454855 0.377103 0.09414965 0.0865082 -1.003818 -0.3661894075 -0.272803 -0.35052195 19.9221635 215.244 173.8767 -63.25985 -40.154345 18.69777 -7.503825 -17.618895 15.5607145 -28.738427 1.974364 -4.4992 1.532815 -8.1288785
-5.93036 -0.760284 -7.06122 -5.433928 0.48716 -5.05006 -0.842938 0.87838 -0.78598 0.014492 0.00747999999999999 -0.163411 -0.895564 0.20050796 299.604 2946.38 255.76 -260.4688 48.956 -247.1356 -43.21246 -96.7408 -64.8852 -26.90768 44.22408 -33.6478 -19.6896 -5.64618
-4.12720769230769 7.64346134615385 2.28449397435897 -0.450506615384616 -1.90998 -0.81363308974359 0.714782358974359 -1.16180042307692 1.03835126923077 -0.374205243589744 0.688457974358974 0.224612153846154 0.141337269230769 0.085384782051282 0.973389705128205 39.1425551282051 -27.2382574358974 -2.78813461538462 4.14892415384615 21.3070323076923 -3.70634884615385 -11.5232743589744 7.44518679487179 1.19404705128205 -3.06499641025641 -1.49482692307692 4.09696435897436 -11.6047844871795
-5.63005 -5.503648 1.580535 -2.22122 -1.03824 0.3353981 -0.898273 0.351577 0.456186 -1.153575 0.0123050000000001 0.6019864 0.1839363 0.060594 97.9329 1063.886 276.3091 -112.25192 -30.99056 -32.48164 -52.42302 -60.4912 0.0555599999999998 -35.13964 21.0088 1.13533 1.45994 11.6631
-6.11994444444445 -3.19547777777778 -18.386 0.706411111111111 1.00471555555556 -0.403637777777778 -0.982335555555556 1.76239122222222 0.498177777777778 -0.199718444444444 0.235363333333333 0.156867 -0.557121111111111 -0.0390543333333333 34.7566666666667 481.75 -389.954444444444 0.995111111111113 20.973 43.9862222222222 -31.9796111111111 -5.06788888888889 11.0646555555556 -10.3114444444444 6.531 -17.525313 18.9633555555556 -9.33543333333333
-3.77407741935484 12.4542535483871 1.78215161290323 -0.926385548387097 2.13963379677419 0.327345548387097 -1.05143550967742 -1.26787805806452 0.321404677419354 0.0699883064516129 0.171550048387097 -0.321816322580645 0.368136096774194 -0.128673379032258 -6.26886596774194 -101.9756 42.700038 -41.3233498387097 38.6786891935484 21.8118361290323 -11.5028222580645 13.7343975806452 -28.3108269354839 5.57208064516129 -1.33831693548387 -4.00742661290323 1.1961435483871 -0.564555806451613
-3.94650520547945 6.14457589041096 4.13453876712329 0.243476410958904 0.89852504109589 0.174905835616438 0.0581096712328766 -1.0317502739726 -0.399595616438356 -0.222718506849315 0.307944246575343 -0.452789068493151 0.340128102739726 0.140504361643836 -4.1036822739726 -46.3810887671233 -21.8908054794521 26.1174923287671 30.7556583561644 -6.48154265753425 -13.5110452054795 11.0118247945205 3.36735534246575 2.0607102739726 -7.60583867123288 -6.77910293150685 -3.08170164383562 10.4490420547945
-4.71882916666667 7.38068041666667 -2.8631875 0.238821666666667 -0.543983333333333 -1.19454483333333 0.194416666666667 0.083065 -0.46242125 -0.13816125 0.02040375 0.366018708333333 -0.200512916666667 0.129219666666667 -3.500430125 0.338675 186.519041666667 26.2712791666667 7.6700125 -9.5576375 -26.9672541666667 -22.0445879166667 -5.7987125 -3.64983333333333 -26.1807966666667 5.72572083333334 2.21677916666667 -1.47270416666667
-7.9949625 -42.795875 -4.8644625 0.75900375 0.3315375 1.51642875 0.0197250000000001 0.87470625 0.206545 0.80869875 -0.73730125 -0.02160125 -0.502341875 -0.25610125 -115.161125 -1695.7375 -33.2896 78.09645 -48.7912375 81.982975 -10.620375 46.817875 -34.684625 -1.48562499999999 -37.3419 6.105295 11.7641125 -27.2590625
-4.48623157894737 9.46092631578947 0.994012105263159 -0.904173684210526 -3.97668368421053 -0.576766894736842 -0.545138368421052 -0.422706631578947 0.977453157894737 -0.641176842105263 0.810785789473684 0.756210578947368 0.0218110526315789 0.0128363157894736 13.2239 547.932105263158 157.940789473684 -108.910105263158 -78.6831315789474 -39.9381789473684 -20.5195421052631 13.0291052631579 3.98243157894737 -25.2110526315789 21.1425936842105 16.1450421052632 3.27166842105263 14.9770363157895
-8.49934444444444 -38.1719222222222 -15.9837111111111 0.295441111111111 1.29990888888889 1.7229 0.367451111111111 0.250614444444444 -0.804082222222222 0.782189777777778 0.271868888888889 1.21115777777778 -0.187926666666667 0.376887333333333 -56.8159 -464.857777777778 -509.164444444444 -11.532 86.612 92.1773888888889 48.1312222222222 -4.09605555555556 46.7810666666667 24.8597555555556 12.4692111111111 -18.4567333333333 -9.24256666666666 25.7272
-4.399096 7.83741771428571 -3.641092 0.365337714285714 -0.249445605714285 -0.664248857142857 -1.56511108571429 0.392403714285714 0.473678857142857 0.0299154285714286 -0.0528096857142857 -0.0440365714285715 0.108432 -0.0773252857142857 7.52373628571428 165.131428571429 5.80639428571429 9.65684742857143 -39.1018028571429 -25.4694942857143 -16.1445771428571 -10.2463257142857 10.8560748571429 -7.86294971428571 6.33171962857143 -4.12058885714286 13.9891085714286 -9.46639142857143
-7.043768 -21.62164 -4.7201884 3.4259496 0.4198432 1.204596 0.7809928 1.7198428 0.1590004 0.28742052 -0.9776952 -0.076401972 -0.596964 -0.27410108 -19.7655092 -162.17492 -185.1404 50.8473004 38.552852 0.128854799999999 4.632644 45.171156 14.676272 2.56752 1.792932 -13.06924 1.885648 -4.69374
-4.02261818181818 11.5483090909091 3.48337272727273 0.630437272727273 1.98243727272727 0.0234136363636362 -1.06100472727273 0.944109272727273 -0.713520909090909 0.0590845454545455 -1.55981454545455 -0.329158181818182 -0.478925818181818 1.01991727272727 12.8259527272727 -223.390818181818 522.836363636364 135.023363636364 -0.317181818181822 -2.09712727272728 13.9841363636364 -3.79029090909091 -27.5259851818182 -20.1418181818182 -5.5317 -7.76171818181818 14.4411818181818 -10.8279
-6.04459642857143 -19.4709392857143 4.84768107142857 1.55406928571429 -1.15598642857143 2.3700475 0.55701325 0.866860071428571 0.981543928571429 -0.1526175 0.327782857142857 -0.0238507857142857 0.306898928571428 -0.878695714285714 -38.366625 -580.992142857143 -147.725535714286 95.2318571428571 8.72804285714286 54.4511071428572 18.280975 25.7703928571429 44.3978457142857 14.5757035714286 -7.05932142857143 9.37025357142857 -2.15791321428571 -8.53671285714286
-5.60271578947368 0.640963157894736 -10.6276784210526 -2.26794210526316 1.64552684210526 -0.658577894736842 -0.400468157894737 1.90363789473684 0.506169315789474 -0.0724148947368421 0.327697736842105 0.941096210526316 -0.996747894736842 0.0643264736842105 55.7397421052632 1092.62105263158 -250.080789473684 -67.9489263157895 8.4452947368421 -70.2955947368421 2.59651684210526 -5.62669473684211 -17.7409894736842 -9.93944421052631 25.0012210526316 2.04960526315789 -20.4195052631579 15.6679010526316
-7.64226666666667 -38.5923666666667 -0.676001333333333 0.289175333333333 0.290464666666667 1.92842466666667 0.766138666666667 1.34531466666667 0.276630266666667 0.2155224 -0.564999146666667 1.24395106666667 0.287279066666667 0.106438133333333 -82.3490466666667 -1081.97666666667 -228.150333333333 30.7919533333333 -31.49982 -21.6293133333333 41.9084 73.61046 24.3620666666667 8.1109 -2.19903333333333 77.684516 4.62144 15.1218313333333
-3.99762303030303 5.94395540909091 5.23155128787879 -0.715413212121212 -0.592574848484849 -0.798611060606061 1.25096663636364 -0.610064424242424 -1.70193603030303 0.308709865151515 0.720961693939394 -0.655622954545454 0.0694122727272727 0.343088742424242 1.13179121212121 -14.1012240909091 43.2971106060606 14.0992836363636 -46.5352060606061 -22.1754292424243 48.5284136212121 1.51696212121212 -2.08600318181818 -12.1949054545455 8.81464037878788 13.1882778787879 1.1096803030303 -1.86385818181818
-4.88116111111111 0.611573888888889 0.406941111111111 -0.0968499999999999 -0.739359444444444 -0.503268111111111 -0.738117233333333 -0.223321111111111 -0.274180555555556 -0.0702685 -1.16367277777778 0.430425555555556 0.225946666666667 0.152965676666667 3.77448944444445 -377.323888888889 199.403888888889 119.390722222222 -0.0499444444444461 35.5772833333333 -9.28311111111111 -31.4244666666667 -0.696622222222222 -1.57427777777778 -33.3866722222222 -6.62171666666667 9.2225 6.58502185
-3.44437666666667 10.3053013333333 6.47688766666667 -1.05827566666667 -0.909607333333334 0.0834406666666665 1.35654643333333 -0.0650916666666667 -1.48237133333333 -0.300371 0.792207033333334 -1.015762 0.334884166666667 -0.157569453333333 2.43963766666667 101.028513333333 -3.553577 -77.00519 43.5967104333333 60.0793933333333 -6.57986666666667 -10.2713033333333 -59.1419696 14.0238 37.4046233333333 -24.0264793333333 4.11004 -0.597689333333333
-4.87141666666667 8.93414166666667 -8.20574666666666 5.0995325 2.83675583333333 0.906249166666667 0.905375833333333 -0.176626666666667 -1.11441183333333 0.126339166666667 -0.7322235 -0.576385833333333 -0.641254166666667 -0.135378416666667 -2.34150833333333 111.556225 -297.590333333333 247.98 -92.9109333333333 -33.6721833333333 46.1184166666667 -49.8456833333333 14.8481583333333 3.97840833333333 6.22033333333333 6.725 -8.32124583333333 -3.60774166666667
-5.27420555555556 -6.64355 4.01514244444444 0.650600462962963 -0.0265337037037039 0.726284814814815 -0.234717907407407 0.42565962962963 -0.467705648148148 -0.132774074074074 -0.585284074074074 -0.288193425925926 0.347549462962963 -0.260647277777778 -10.4397616666667 -198.185314814815 43.5634451851852 36.710457037037 -52.1511759259259 3.89140555555556 15.3129296296296 26.605917962963 10.487297037037 -11.9192633333333 -0.101585185185185 -0.56416888888889 3.36527611111111 -4.04701240740741
-5.54785 5.27105875 -7.64555 -4.97684625 0.49427125 -0.859075 -0.3329435 0.912479875 1.309345375 1.672337625 -0.6449175 0.56040625 -0.2546364875 0.70188625 91.50025 1952.6375 -5.48483749999998 -236.58825 -35.27625 -82.102625 -81.2107125 -40.565375 20.49675 -2.222975 11.4200625 6.3612625 18.922575 14.2711125
-3.56195 15.94866125 6.8474875 -1.45032375 3.496391625 1.37840125 -0.99149 -0.84752 -2.5197315 0.75954625 -1.13736375 -0.1042680875 -0.56784875 0.28988225 32.7474625 -0.849999999999994 491.01875 -148.8232 5.940375 22.38 -42.24425 -21.47260625 -69.739 23.518625 27.8700625 -44.4469375 -0.121424999999999 -7.8753
-8.06210588235294 -29.5655882352941 -13.9720035294118 1.32234352941176 -0.0536904705882354 0.793804705882353 0.763343529411765 1.89569882352941 0.482600294117647 1.53573541176471 -0.253935058823529 0.681345176470588 -0.963086235294118 -0.151154529411765 -10.55417 -127.539658823529 -137.698002941176 -133.392294117647 -49.1375988235294 -48.5506882352941 -41.7327058823529 -8.10659411764706 -12.9915411764706 32.4953829411765 -0.799905882352941 19.7148058823529 11.0699176470588 9.37902764705882
