Log_Energy MFCC_1 MFCC_2 MFCC_3 MFCC_4 MFCC_5 MFCC_6 MFCC_7 MFCC_8 MFCC_9 MFCC_10 MFCC_11 MFCC_12 MFCC_13 Log_Energy_D MFCC_1_D MFCC_2_D MFCC_3_D MFCC_4_D MFCC_5_D MFCC_6_D MFCC_7_D MFCC_8_D MFCC_9_D MFCC_10_D MFCC_11_D MFCC_12_D MFCC_13_D
-3.56558088888889 7.13771111111111 6.08418444444444 0.0885888888888886 0.340173111111111 -1.50203195555556 -1.37400855555556 -0.590848666666667 0.0413704444444444 0.0979182222222222 0.1536588 0.138284888888889 -0.0867774222222223 -0.230646177777778 26.2610226666667 387.441555555556 38.8252844444444 -101.311794 30.5814073333333 -19.0427602222222 -27.4220955555556 -15.0906302222222 -5.32079333333333 11.8575322222222 -3.73293888888889 6.59716088888889 -5.72752744444444 -0.864271111111111
-6.128575 -14.56271875 1.0667875 -0.96368375 -2.804509375 -0.29674625 -0.615618125 0.525440875 -0.6001519375 -0.1941675 0.26146625 -0.47894075 -0.050535625 -0.0343549375 99.27831 1110.495625 432.083 -186.112725 -24.6443125 -112.1603 -53.8905375 -9.78341875 -32.816 -3.3262125 -29.587075 -1.46729375 -13.64738125 -8.4920925
-9.04401111111111 -38.9011555555556 -12.5029111111111 2.30320333333333 -1.0822 2.99999777777778 1.04064 0.182321111111111 1.00593111111111 -0.224881111111111 1.11327 -0.912502222222222 0.0132222222222223 0.0621388888888889 -46.6922666666667 -485.095555555556 -389.81 0.00188888888888725 37.8516022222222 38.0741444444444 29.4901444444445 -36.32322 21.4074233333333 14.0772111111111 33.9681555555556 14.1576444444444 -11.3075477777778 0.817422222222221
-8.41840769230769 -35.5953 -12.4424307692308 5.08582769230769 -2.76290769230769 2.30568769230769 3.35208461538461 0.432067692307692 1.30879692307692 -0.310983461538462 0.845064615384615 0.272237792307692 0.588649076923077 -0.424383076923077 -39.0834307692308 -343.787692307692 -86.9347384615385 -78.5919230769231 -123.635038461538 -61.8953 33.8867692307692 15.6181307692308 -1.63289230769231 21.1659230769231 11.9748538461538 -3.64761538461538 1.71943076923077 7.39854615384616
-5.25257714285714 0.103007678571429 -3.28257142857143 0.76504475 -0.316452 0.820319385714286 -0.138263892857143 -0.273101392857143 0.427577392857143 -0.113884428571429 0.0423125 -0.570590714285714 0.399041107142857 -0.168997 -16.2468107142857 -267.888321428571 201.589892857143 -85.2844178571429 2.47364642857143 -5.85248214285714 0.415514285714285 26.5405928571429 -17.7757821428571 7.59850357142857 -14.5054728571429 4.04643928571429 7.36921785714286 -3.64724492857143
-3.06222736734694 13.3034463265306 3.64118183673469 0.407989 0.232159795918367 -0.0633400204081631 -0.905748204081633 -0.306802346938776 -0.520266571428571 0.100721083673469 -0.756204836734694 0.176587916326531 -0.234527551020408 0.385460816326531 -4.49051081632653 -81.9297795918368 2.54058142857143 96.1516326530612 -69.9365124285714 3.36918163265306 10.9415871428571 3.7521693877551 19.0190612244898 -14.969173877551 5.41772938775511 1.77025897959184 2.51857346938775 2.39797337959184
-5.15031 1.80809 -4.928982 -1.89483 -3.2294156 -1.32633 -0.0650579999999999 0.08122 0.2690048 0.9354619 -0.3781213 -0.0998082 0.3153791 -0.1985408 236.2102 2795.34 326.39363 -221.0158 -71.52164 -150.49292 -57.5644 -68.855 -31.84526 71.8903 -45.3475 5.12889 -5.9262 -5.4574
-7.70265 -41.7748283333333 -3.81360388888889 2.82695944444444 -0.706204444444445 2.90203666666667 1.808925 -0.210232555555556 -0.585569555555556 0.1004715 0.0155977777777777 -0.351672611111111 0.582287888888889 -0.226389666666667 -95.1900111111111 -1358.56111111111 -81.2182888888889 48.4752777777778 -26.1595944444444 51.4381666666667 15.0713333333333 33.8881722222222 27.7035833333333 7.57339444444444 -11.5611594444444 12.2853611111111 21.4339838888889 -6.79721055555556
-3.16178534482759 14.996711954023 3.72327235632184 -2.6516736091954 0.178474942528736 -0.497998114942529 -0.00723217241379298 0.18335440229885 -0.910508528735632 0.175807356321839 -0.161342183908046 0.496627168965517 -0.439692988505747 0.427223052643678 -3.65306827586207 -81.9202816091954 49.3871800344828 -19.1622365517241 -5.26640034482759 1.2513 0.754120804597701 13.8978055172414 -5.43693689655172 -0.283644183908046 -1.24529793103448 5.08058091954023 3.99210977011494 -2.63704868965517
-5.28803333333333 -9.45057 3.46434333333333 3.60974666666667 -1.53745380952381 0.699616666666667 0.687799428571429 -0.37553180952381 0.249280238095238 -0.471890814285714 0.346245766666667 -0.191731142857143 -0.220589428571429 -0.441258 75.6470571428571 479.530952380952 373.573333333333 84.6237761904762 19.8088095238095 -44.8061857142857 -49.6321619047619 -48.1442857142857 -28.8320952380952 -29.5096857142857 -27.2897619047619 5.7527119047619 -21.2767142857143 -0.403133333333333
-8.04056666666667 -49.2855833333333 -3.72307166666667 4.95651708333333 1.97231583333333 5.19439 0.3353425 0.540671666666667 0.0186525833333334 -0.79397325 0.437863333333333 -0.3657589 -0.0931841666666667 -0.459516416666667 -148.58675 -1812.75 -334.376083333333 207.309833333333 -93.64475 118.3252 86.3525 40.3051666666667 92.78875 -15.5485833333333 37.2366916666667 12.6958333333333 -6.936325 -4.56366666666667
-5.54012 -4.152852 0.6176328 -1.54403 -2.0665788 0.335362 0.0673361360000001 0.56822724 0.1364192 -1.1942516 0.539878 -0.4758441 0.6459292 -0.165223304 53.88386 813.2056 21.081764 -142.5681256 -44.837932 -39.3869468 -28.251116 -22.533984 -22.874192 -3.559491 17.513704 2.180532 2.903968 7.682544
-5.13155214285714 -0.239057857142857 -10.6836864285714 5.36702642857143 -0.383548571428571 1.35221928571429 0.920422142857143 -0.586068571428571 1.85181785714286 -0.682205 -0.311212857142857 -0.327686785714286 0.273941428571429 -0.151185071428571 8.30375714285714 176.331571428571 -233.537428571429 125.741592857143 -87.8064285714286 -21.9665142857143 43.3833571428572 -22.0186428571429 29.4582857142857 1.18355714285714 14.4767857142857 -6.44563571428572 -19.9389142857143 28.9822285714286
-4.86592222222222 9.19340111111111 -18.7975111111111 2.94194888888889 0.317831111111111 0.826306666666667 0.947395555555556 -0.476815555555556 1.66861111111111 -1.25431222222222 1.57071222222222 0.343509455555556 -0.09626 -0.715200111111111 6.27534444444444 73.4348888888889 -565.378888888889 8.34877777777778 73.5023333333333 69.0012444444444 3.58293333333333 6.72138888888889 14.8582777777778 22.5015333333333 3.31289511111111 -11.1115222222222 -8.49145555555555 -6.62598666666667
-6.23955 -23.309675 4.2382315 2.967696 0.510744 1.6684685 0.59216865 -0.224673 -1.8083259 -0.52255855 -0.1896497 0.000891500000000012 0.6006864 -0.65688235 -62.6464122 -793.831 -181.55175 153.941115 36.641995 81.380135 21.681646 0.0716449999999984 9.52543 2.0033685 -4.2527 -28.05627 -4.78694 7.5480265
-4.47754085714286 1.28937971428571 2.79339857142857 -0.0121474285714286 0.514191885714286 -0.372603657142857 -0.766771142857143 -0.145420971428571 0.0912185714285715 0.0375424 -0.514174885714286 -0.264328942857143 0.516244542857143 -0.258166428571429 -30.1104457142857 -434.766857142857 52.76496 72.6145371428571 12.8126085714286 37.5023774285714 -1.36140285714286 -0.347119999999999 -3.74509228571429 -0.771875999999999 -11.3535571428571 -10.0296828571429 5.73669142857143 -12.6883885714286
-10.0825125 -54.79525 -6.76891875 3.2898125 -4.6114575 2.885 1.8183575 2.086765 1.380985 -0.417764 0.0917175000000002 -0.6998075 0.681960875 0.24839975 -153.99875 -906.815 -474.79 29.8957625 -21.928 103.359875 113.4336375 94.076125 79.744375 62.81445 -12.6323 -43.8879 -3.36875 -9.83735
-3.32691756097561 14.2858634146342 -1.47064753658537 -0.656583170731707 1.92109243902439 -0.515705926829268 -0.442052926829268 -0.139885707317073 0.0128029268292683 0.181157682926829 -0.0537100000000001 -0.449853512195122 -0.0567907536585366 0.0787020731707317 -0.640839512195122 42.1396446341463 -75.595887804878 52.6698724390244 27.1688609756098 -14.9029795121951 -29.0794073170732 14.6273726829268 13.7405731707317 2.49583414634146 16.4081802439024 -11.0148170731707 1.43567073170732 9.88132780487805
-7.6651 -25.021875 -19.45516875 5.078115625 -3.32799 1.540301875 2.1591308125 0.26473 1.6266665625 -0.253121125 1.1632763125 -0.0485416875 0.35623625 -0.223984375 -6.943825 -79.67524375 -77.68509375 -75.7136 -86.6941875 -73.55694375 -30.10426875 16.58565 1.836275 9.4844375 24.99162875 19.9538625 22.281375625 -0.298256250000001
-9.92456470588235 -48.0221801176471 -14.18793 4.88276764705882 -2.07834470588235 2.37605058823529 2.23801417647059 1.25682235294118 1.23626670588235 -0.949222941176471 0.0523653529411765 -0.239021911764706 -0.00343177058823529 0.114331176470588 -38.4447235294118 -194.270764705882 -181.025411764706 -90.42 -35.0421352941176 -4.09692941176471 24.5316941176471 -0.198741176470588 -14.0361935294118 -18.9108823529412 -18.7504235294118 1.17358235294117 -5.54527823529412 2.02337647058824
-4.5062453968254 -1.72019841269841 1.58337203174603 0.267699841269841 0.152024825396825 -0.714341920634921 0.531464920634921 0.080479919047619 -0.117650492063492 -0.143094920634921 -0.0510098571428571 0.613261380952381 0.0440781587301588 -0.176309476190476 -6.28866063492064 -56.3549695238095 -26.5208116825397 25.7545206349206 30.4037522222222 18.1442 14.2622828571429 -24.1641984126984 -16.2313955555556 -6.64221887301587 2.96582079365079 8.92423650793651 0.118316666666667 -7.96222523809524
-3.27893384722222 9.84796375 3.70422027777778 -2.64840680555556 -1.00387977777778 -1.18069663888889 -0.677993541666667 0.149209361111111 0.638000686111111 0.145584597222222 0.346307581944444 -0.2574450625 -0.0591834444444445 0.276021777777778 13.1075031944444 190.948611111111 -40.6508825 -53.2841347222222 24.6094719444445 -21.2183983333333 -0.324070555555557 16.9809852777778 1.30221458333333 -3.79203805555556 3.17034333333333 -4.03536847222222 0.741435 10.9106611111111
-7.55878125 -28.223429375 -2.26489375 0.55354375 -0.433130625 1.8119876875 0.959341875 1.16026 0.5886175 -0.047554375 0.789541875 0.1928619375 -0.7116225 0.11905 -11.529855 -79.4329375 -64.04306125 -69.5615 37.40426875 66.82625625 -9.657505625 -12.03055 51.0951625 26.09586225 9.3772825 2.42938125 -10.8317375 3.642916875
-5.0854282278481 -4.54581582278481 2.46778589873418 -0.343632405063291 1.0590946835443 0.230244544303797 -0.336564364556962 0.0811531772151899 -0.317458101265823 0.260832978481013 -0.70979911392405 0.0652813478481012 0.367400759493671 -0.0405732481012658 -16.0085875949367 -230.467341772152 7.63196607594937 42.628435443038 12.4988734177215 -0.917518227848101 14.0806836708861 -3.67659784810127 -2.38268556962025 -2.11543797468354 -3.01597721518987 -2.56407810126582 -2.57214455696203 0.594481898734177
-6.9038 -22.5192631578947 -1.98111842105263 4.58906736842105 1.48151 1.96325789473684 1.03393263157895 0.695467894736842 -0.0478108421052632 -0.851685263157895 -0.358018736842105 -0.398644421052632 0.499781157894737 -0.550893684210526 -31.0242373684211 -230.745894736842 -181.541789473684 64.2762526315789 81.3384210526316 55.9109631578947 -7.68347368421053 20.9610842105263 31.2772052631579 5.17418947368421 0.0874663157894709 -20.4466163157895 -0.390747368421053 -8.75745263157895
-3.706225 10.2528688861111 0.8307175 1.8096775 2.76079916666667 -0.452228888888889 -0.398922222222222 -0.665451388888889 -0.149133308333333 0.131011208333333 -0.386034722222222 0.0975343611111112 -0.369410777777778 0.0417406111111111 17.0677027777778 141.122555555556 154.014861111111 -53.1759411111111 -11.3050444444444 -25.1947222222222 2.84000361111111 -11.9995277777778 -30.8711083333333 24.2568188888889 0.757444444444444 15.6398958333333 -11.3045572222222 4.22925833333333
-6.16537916666667 -15.820826875 1.468555 2.70115958333333 0.656704 1.82295879166667 0.119504166666667 -0.440444583333334 -0.2097625 -0.128791625 -0.286145 -0.256621666666667 0.6743055425 -0.647589083333333 -49.26125 -543.672083333333 -100.144275 130.216029166667 0.336274999999997 43.4157208333333 -19.9141 19.8037154166667 44.9567458333333 -30.0682366666667 -0.418233333333333 -14.3053595833333 28.7199047916667 -10.8851583333333
-3.21933240994118 13.2339387058824 3.04530559411765 -2.88937130588235 0.519683176470588 -1.17387622941177 -0.645317929411764 0.0271875294117646 -0.1088482 0.413895129411765 -0.0332945882352941 0.31577793 -0.263189317352941 0.265833558823529 2.81453320352941 39.9516515882353 2.91797535294118 -18.2184687705882 -5.86389784117647 1.47790655294118 3.30505156470588 4.90560976470588 -1.71948135294118 -2.64964935294118 -0.588423970588236 2.32999611764706 1.63840852941176 -1.62010817647059
-5.52959230769231 -3.30813384615385 -4.06132076923077 1.98179384615385 -1.37262 1.85733538461538 1.49403076923077 0.261495384615385 0.436159230769231 0.0527791538461539 1.01361153846154 -0.501259230769231 -0.519924615384615 -0.153658923076923 20.0244923076923 -74.8657538461538 280.239230769231 147.538153846154 82.0451769230769 61.6753723076923 29.989 3.55675384615385 -9.25148461538462 9.0364 -3.87444615384615 -5.99699230769231 6.04239230769231 14.9508846153846
-4.95258787878788 4.55841818181818 -14.6969060606061 3.90760272727273 -0.784532909090909 0.168282121212121 1.13277424242424 -0.69567696969697 0.52648906969697 -0.200798666666667 0.628806242424243 -0.473870848484849 -0.393343454545454 -0.0628277272727273 16.8964854545455 212.798484848485 52.9644577060606 54.309303030303 -21.4901151515152 6.77340303030303 2.95121212121212 -38.1421172727273 -19.4371484848485 -3.43395757575758 6.83623939393939 -8.21872181818182 -6.68630803030303 -1.83805151515151
-3.909625 7.71894875 3.42675 1.297025 0.751615 0.471295 0.51716125 -0.858274625 -0.41358625 0.1208575 0.137975 -0.2551075 0.3160015 -0.7905975 53.945375 -96.906125 551.765 -69.0774125 28.7014125 12.0709625 -28.75985 -5.511175 -55.572875 -1.1274125 -65.80225 13.2077375 -10.27205 -31.59495
-5.2687125 2.083118125 -6.8410375 -2.36892875 -1.530405 -0.942314375 0.4567625 -0.27109875 -0.373625 -0.0130568750000001 0.5732404375 -0.6328225625 0.1925161875 -0.06679125 106.2791875 1657.16875 -78.5408125 -86.0455 39.75317625 -88.0741125 -49.81991875 -31.461575 -8.27128125 -10.2215 38.76189375 6.617175 -17.4755671875 15.485416875
