Log_Energy MFCC_1 MFCC_2 MFCC_3 MFCC_4 MFCC_5 MFCC_6 MFCC_7 MFCC_8 MFCC_9 MFCC_10 MFCC_11 MFCC_12 MFCC_13 Log_Energy_D MFCC_1_D MFCC_2_D MFCC_3_D MFCC_4_D MFCC_5_D MFCC_6_D MFCC_7_D MFCC_8_D MFCC_9_D MFCC_10_D MFCC_11_D MFCC_12_D MFCC_13_D
-5.04934375 -5.4086809375 -0.5866403125 0.427406875 0.36087553125 -0.2995935625 0.491816390625 0.627625625 0.6044425 0.0827881875 -0.4843176875 0.508645196875 0.34124621875 -0.7368245625 15.855128125 284.4865625 -6.0484125 -89.65403125 23.940903125 -24.350246875 -15.6033090625 13.1655409375 -25.99858375 11.7116578125 10.4730125 5.378875 5.605283125 2.1947153125
-7.36591428571428 -39.5700857142857 -7.49144285714286 0.1713 0.147284285714286 0.50713 1.357747 0.840808571428571 0.842038571428571 1.05583285714286 0.151215428571429 0.212347142857143 0.119564142857143 0.077764 -84.3944285714286 -1317.61428571429 -119.069285714286 -53.2285857142857 -4.34835714285714 61.2565714285714 22.0142857142857 28.1731142857143 62.0392857142857 18.6768614285714 -19.9895714285714 26.3698571428571 -15.4558571428571 -8.54257142857143
-5.58375789473684 -3.34712 -0.977436894736842 -1.63092263157895 -0.202287894736842 -0.886532631578948 0.687464736842105 0.179381684210526 0.214782315789474 0.267248894736842 -0.120742578947368 -0.304463578947368 -0.198618210526316 -0.448988157894737 52.5517368421053 846.184736842105 53.8931052631579 -95.5045789473684 12.4145789473684 -22.9075421052632 -45.7598105263158 -13.7742947368421 -60.0497789473684 -4.16438421052631 28.1952473684211 -53.0155457894737 7.09723473684211 0.515210526315786
-4.89731666666667 -7.39783333333333 6.70286666666667 3.17473166666667 1.30060666666667 -0.855203333333333 -0.203431666666667 0.807325 0.302305 -0.48663 -0.785975 1.63412333333333 -0.61175 -0.533005 49.8849666666667 285.5785 675.343333333333 174.7015 30.4326666666667 -7.56513333333333 -73.53585 13.2381833333333 -33.6460166666667 -40.5405 -26.8202 -22.9533333333333 7.04247666666667 -20.33235
-6.64104285714286 -8.33438714285714 -9.66062857142857 -2.97893428571429 -2.63455857142857 -1.5216 2.56081428571429 1.32501857142857 0.369615714285714 0.458521428571429 -0.172468571428571 0.826201428571429 0.147422857142857 -0.894951428571429 114.308285714286 1714.51428571429 144.121428571429 -84.0310857142857 -45.44 -50.3288571428571 -57.5892285714286 38.1976285714286 -54.7464285714286 -12.2757142857143 22.5078571428571 -11.4924285714286 21.7542857142857 0.569285714285716
-4.79286923076923 0.00852330769230713 3.49117115384615 -0.121201538461538 -1.10519092307692 0.264744230769231 -0.359758076923077 0.597693461538462 0.848031923076923 -0.136602807692308 -0.457514269230769 0.18307025 0.114155 -0.161758730769231 36.0514884615385 491.365384615385 100.486007692308 -65.2263346153846 -24.5259423076923 14.5698615384615 -37.3280384615385 -8.44540384615384 -5.03284615384616 7.9771223076923 2.55651923076923 -12.4047076923077 10.4986673076923 -8.93382730769231
-4.40083870967742 0.101526451612903 2.00285782258065 -0.785034725806452 0.0924388548387097 0.409663467741936 -0.797306112903226 0.318173838709677 -0.513626483870968 -0.248656693548387 0.47109849516129 -0.214288551612903 -0.0628735 -0.0531579032258065 -5.98163419354839 -150.269548387097 88.8173080645162 -21.0925332258064 -18.2970419354839 9.52183774193549 -25.3519708064516 8.23908548387097 -3.97953548387097 -9.55955580645161 13.0622801290323 -1.54460338709677 -0.764617333870967 -0.554440322580645
-3.80477346590909 7.94388102272727 0.933719280681818 -1.06184425795455 -0.302196795454546 0.371120596590909 -0.777172034090909 -0.240892045454545 -0.323668568181818 -0.213429886931818 0.428206965909091 -0.362879431079546 0.348196698863636 0.379629965909091 1.43117635795455 38.0277718579545 -5.46635727272727 -21.1800209204545 9.55520801136364 3.91221761363637 -6.24681323295454 2.02264797386364 -3.43319956818182 -1.22931625 3.01467102272727 0.740745170454546 4.97992369318182 -1.82198091477273
-6.21315 -12.6635361363636 -12.1898027272727 3.14478963636364 1.20934972727273 -0.932783181818182 2.77339790909091 0.157405204545454 0.354086818181818 1.09935793636364 -0.671247745454545 0.698146386363636 -1.30364465909091 -0.528021477272727 -7.25368772727273 -82.7800068181818 -147.094090909091 -13.4840613636364 -17.2385909090909 -18.2905590909091 0.471587954545455 8.64293843181818 9.28549090909091 7.94331045454545 1.22307272727273 7.50723636363637 -10.1403775 7.75630629545455
-6.618805 -19.695405 -7.7641697 2.723057 1.447709 -0.5472124 3.0241955 0.4912432 2.3434895 0.7529985 -1.2664775 1.08853675 -0.89698355 -0.632588 -42.12092 -359.48 -347.474 23.991 29.21348 -9.81052 58.084005 18.985595 32.12165 -8.1619 7.762685 21.818805 -14.249475 3.390015
-5.64983333333333 -4.23295 -8.33251166666667 -1.58434666666667 3.09139666666667 -1.37575 1.90195833333333 0.126943333333333 -0.587236166666667 0.872542666666667 0.136513333333333 0.884046666666667 0.173045 -0.788373333333333 -1.62318333333333 209.367833333333 -404.671666666667 -58.1381666666667 36.7258333333333 -77.7595 24.9156333333333 -1.10865666666667 -24.5215 -5.1331 8.60426666666667 -25.591 13.3978166666667 31.6786333333333
-6.22941186440678 -15.0577525423729 0.700886610169492 -0.118170610169492 -0.697485084745763 0.647358779661017 1.01707804067797 0.167765745762712 0.269679915254237 -0.248160627118644 -0.250608101694915 0.517826169491525 -0.535189305084746 -0.455370935593221 -22.1059827118644 -316.47593220339 2.10337288135593 50.1525918644068 -9.54287542372881 3.53910830508475 19.1803406779661 -0.774904237288135 24.4212218644068 7.08608983050847 -16.5687118644068 3.35028322033898 -3.00045474576271 2.50409372881356
-5.09764137931035 -0.138522413793104 -4.90763275862069 1.4539 1.25620379310345 -0.511203103448276 1.82536068965517 -0.630350689655172 -0.0597355172413794 0.0529504827586207 -0.807725344827586 0.98952048275862 -0.777473655172414 -0.618144620689655 12.7460724137931 48.4720620689655 254.221379310345 15.9362720689655 42.0186517241379 48.4668620689655 -7.26488620689655 -0.51182724137931 -19.0431448275862 -10.2377310344828 -8.10720379310345 -1.77373448275862 10.6046689655172 -8.59013
-6.26941538461539 -20.6669153846154 3.65730503846154 1.73106461538462 0.168838461538462 1.25824884615385 1.6534845 0.173565384615385 1.01849388461538 -0.0805769038461538 -1.14274446153846 0.812317307692308 -0.0590998461538461 -0.573188846153846 -43.7572653846154 -629.393846153846 -8.80805 105.397884615385 -21.1273692307692 31.7465923076923 47.7731346153846 -18.83135 59.1238076923077 23.2630961538462 -54.0165807692308 19.6993369230769 -19.1901619230769 -9.58554576923077
-3.45105649635036 9.69909364963503 3.9628725109489 -0.0882855343065693 -0.109930671532847 -0.132630669343065 -1.42118665766423 -0.255906182481752 -0.310411954744526 0.0371272262773724 0.266598248175183 -0.53799748759124 0.436267642335766 0.533191545985402 -2.94951137226277 -75.4822270072993 7.51599569343065 24.6518054744526 7.07737087591241 -2.41714430656934 8.84397672262774 -4.88411715328467 2.22594620437956 0.656752481751824 -4.55080481751825 -0.606934525547446 -3.66370868613139 -0.300802007299269
-4.41955316455696 3.66124784810127 -0.727821898734178 0.0657573797468354 -0.0915001822784809 -0.463402917721519 -0.184765629113924 -0.189249708860759 -0.304006417721519 -0.220604126582278 0.195221569620253 -0.24846734556962 0.0563939620253165 0.113639379746835 9.67833139240506 161.251696202532 -64.3697075949367 27.4582189873418 -17.1254835443038 -10.9808265696203 11.6304773417721 -9.67735189873418 -3.05032253164557 -4.9853149 10.2493201265823 -0.38600270886076 -1.39230316455696 5.15449683544304
