-3.3725	29.336	12.75	-4.3202	-6.9946	1.4266	1.5152	-4.2747	-0.12201	2.6427	-0.26892	1.4379	0.36885	-0.66632	0	0	0	0	0	0	0	0	0	0	0	0	0	0
-3.353	22.241	12.781	-0.67848	-5.2208	2.1277	1.7443	-5.2591	-1.1214	1.5128	-0.30006	3.0658	0.032038	0.087165	0.77988	-283.81	1.2453	145.67	70.951	28.045	9.1649	-39.376	-39.976	-45.196	-1.2455	65.115	-13.472	30.139
-4.0013	16.967	12.271	0.44629	-3.3667	1.6737	2.6913	-4.4805	-0.51623	0.33176	-0.76088	3.311	-0.24067	-0.055508	-25.933	-210.97	-20.402	44.991	74.168	-18.16	37.877	31.145	24.207	-47.243	-18.433	9.8082	-10.908	-5.7069
-5.3901	-2.1656	5.3863	3.7077	-1.8975	1.2102	5.2311	-1.7102	-1.9725	-0.56747	0.29686	3.2069	-1.9154	-0.52495	-55.549	-765.29	-275.39	130.45	58.767	-18.541	101.59	110.81	-58.25	-35.969	42.31	-4.1653	-66.988	-18.778
-9.0583	-38.667	-5.133	-1.1155	-4.5436	1.312	5.4623	0.52526	-1.6695	-0.028137	2.0461	5.2393	1.964	0.40825	-146.73	-1460	-420.77	-192.93	-105.85	4.0721	9.25	89.42	12.118	21.573	69.969	81.296	155.18	37.328
-11.848	-52.784	-15.42	-1.0808	-1.1275	2.246	7.5429	-1.3258	-1.1301	-1.6632	0.17841	3.073	0.33496	0.90282	-111.6	-564.69	-411.47	1.3899	136.64	37.359	83.221	-74.042	21.578	-65.403	-74.707	-86.649	-65.163	19.782
-12.314	-59.832	-18.158	0.99265	-2.1851	2.5033	4.5554	-1.4418	-0.10243	-2.0692	0.092539	2.4905	-1.0963	-0.32099	-18.618	-281.91	-109.51	82.938	-42.303	10.293	-119.5	-4.6416	41.106	-16.24	-3.4349	-23.301	-57.252	-48.952
-13.589	-69.59	-13.794	0.35358	-0.87362	-0.3389	-0.26857	0.62215	1.5702	0.016085	-0.12604	0.24867	1.2796	0.62059	-51.004	-390.32	174.54	-25.563	52.46	-113.69	-192.96	82.559	66.905	83.412	-8.7431	-89.673	95.039	37.664
-13.568	-66.463	-14.194	1.0164	1.2128	1.321	1.2124	1.6243	1.5428	0.8479	0.075631	0.37051	-0.44065	-0.7178	0.81178	125.06	-16.013	26.512	83.456	66.398	59.239	40.088	-1.0963	33.273	8.0668	4.8737	-68.811	-53.536
-6.8271	-23.149	1.7667	-1.1898	-4.837	-2.4803	2.8697	-1.5311	0.95054	0.15398	-0.95477	1.4447	0.18901	0.76946	269.65	1732.6	638.45	-88.249	-241.99	-152.05	66.293	-126.22	-23.69	-27.757	-41.216	42.968	25.187	59.49
-3.5206	28.271	-0.13831	-4.8537	-5.8216	-4.8471	2.4121	0.18816	-0.12199	-0.75987	-1.794	1.9197	0.032225	2.2246	132.26	2056.8	-76.201	-146.55	-39.385	-94.669	-18.306	68.772	-42.901	-36.554	-33.568	18.999	-6.2716	58.206
-2.8795	36.957	2.3454	-2.8439	-7.9801	-4.3354	2.3039	2.6676	-0.82336	-0.41525	-2.099	3.5234	1.0992	2.7155	25.646	347.43	99.349	80.391	-86.341	20.467	-4.3281	99.177	-28.055	13.785	-12.202	64.148	42.68	19.634
-2.8614	31.547	0.086669	-1.9983	-12.114	-5.0125	2.2193	3.0918	-0.70723	-0.13713	-1.8587	4.7249	0.46889	1.3061	0.72408	-216.39	-90.35	33.825	-165.36	-27.086	-3.3847	16.967	4.6452	11.125	9.6137	48.062	-25.213	-56.375
-3.3288	32.757	2.1162	1.4517	-8.4586	-4.5215	0.86739	0.92276	-1.1143	0.15071	-1.8324	3.4605	2.4211	1.7507	-18.698	48.388	81.182	138	146.22	19.641	-54.075	-86.76	-16.281	11.514	1.0532	-50.575	78.089	17.784
-4.4605	28.668	-1.826	-1.9101	-4.2911	-1.245	2.2134	-0.12662	-1.7611	-1.6772	-1.293	2.2558	0.91053	1.5711	-45.265	-163.55	-157.69	-134.47	166.7	131.06	53.842	-41.975	-25.876	-73.117	21.576	-48.192	-60.424	-7.1852
-5.2086	22.784	-2.915	-4.7044	-6.3662	-1.1644	-0.53583	-0.79228	-1.5415	-1.5616	-0.2844	0.38763	2.5461	1.631	-29.925	-235.38	-43.557	-111.77	-83.005	3.2208	-109.97	-26.626	8.7853	4.6233	40.342	-74.725	65.425	2.3995
-5.5008	16.177	-1.5066	-3.7219	-6.511	-2.4699	-0.39963	0.10556	2.2353	-0.46936	-0.39429	0.99103	1.904	0.25356	-11.69	-264.26	56.333	39.297	-5.792	-52.217	5.4482	35.913	151.07	43.691	-4.3957	24.136	-25.685	-55.099
-5.5475	13.248	0.4535	-0.51384	-7.3788	-3.3305	0.60732	1.3307	1.8301	-0.75529	-0.20095	-0.5063	1.4384	0.080064	-1.8668	-117.18	78.405	128.32	-34.709	-34.424	40.278	49.007	-16.208	-11.437	7.7338	-59.893	-18.623	-6.9399
-3.5926	14.398	11.16	5.2503	-5.3824	-1.3702	-0.55416	3.1371	1.1193	0.31096	-0.07814	-1.7035	0.991	-0.92166	78.197	45.998	428.25	230.57	79.856	78.411	-46.459	72.256	-28.431	42.65	4.9122	-47.89	-17.898	-40.069
-2.3474	21.882	15.217	7.2971	-8.2277	-2.1149	-3.8885	2.556	2.3694	3.938	-1.1123	-2.265	1.8711	-0.87032	49.808	299.37	162.29	81.873	-113.81	-29.788	-133.37	-23.245	50.002	145.08	-41.365	-22.459	35.205	2.0538
-1.8651	22.968	16.869	4.95	-9.1714	-2.1347	-3.0396	2.8378	1.1872	3.7017	-0.83103	-2.3387	2.7435	-1.4762	19.289	43.44	66.084	-93.883	-37.75	-0.79408	33.954	11.271	-47.289	-9.4538	11.249	-2.9486	34.895	-24.234
-1.4724	24.955	17.027	4.2627	-9.398	-1.3561	-2.9716	0.098561	0.54049	4.2697	-0.45175	-2.0635	2.6477	-0.73333	15.708	79.462	6.3154	-27.493	-9.0638	31.144	2.7194	-109.57	-25.867	22.722	15.171	11.01	-3.8324	29.714
-1.0613	27.618	17.472	3.7004	-9.7627	-1.4089	-3.8425	-0.50922	0.67635	4.5444	-0.67696	-2.7669	3.9345	0.016563	16.445	106.51	17.785	-22.493	-14.589	-2.1094	-34.837	-24.311	5.4344	10.987	-9.0086	-28.137	51.474	29.996
-0.95744	29.778	18.384	2.5132	-12.245	-0.28945	-3.9939	0.22008	1.1129	3.2234	-1.1516	-2.8495	5.1604	0.54609	4.1555	86.396	36.504	-47.486	-99.274	44.777	-6.0547	29.172	17.46	-52.838	-18.987	-3.3029	49.036	21.181
-0.88858	31.254	18.173	0.94416	-11.269	0.92764	-3.9699	0.28058	-0.49219	3.6156	-0.56606	-2.738	5.2	0.12601	2.7541	59.056	-8.4419	-62.763	39.018	48.684	0.96183	2.4201	-64.202	15.687	23.423	4.4583	1.5816	-16.803
-1.0273	33.405	17.573	-0.81764	-9.9808	1.8695	-3.6792	-0.42501	-1.3174	2.9378	1.1084	-2.3939	4.8203	-0.54852	-5.5471	86.057	-24.016	-70.472	51.531	37.674	11.625	-28.224	-33.009	-27.112	66.977	13.766	-15.189	-26.981
-0.96908	37.285	17.285	-2.7454	-9.8407	3.556	-2.8377	-0.52615	-2.8212	2.0217	2.6577	-2.1868	4.4021	-0.52492	2.3272	155.2	-11.508	-77.11	5.6042	67.459	33.66	-4.0456	-60.149	-36.644	61.972	8.2837	-16.726	0.9439
-0.90105	41.862	14.912	-4.9694	-7.9544	5.0413	-3.5669	-1.6024	-3.1469	1.5152	3.991	-1.8787	2.4417	0.45297	2.7212	183.07	-94.921	-88.96	75.453	59.415	-29.166	-43.051	-13.03	-20.26	53.334	12.324	-78.418	39.116
-1.1108	40.775	16.119	-7.7464	-4.3918	8.036	-7.4583	-2.0905	-2.1369	0.38308	5.5798	-2.4517	0.41334	1.3854	-8.3882	-43.487	48.291	-111.08	142.51	119.79	-155.66	-19.525	40.4	-45.286	63.55	-22.922	-81.133	37.298
-1.6369	34.758	15.671	-10.246	-0.010337	9.3417	-6.3732	-5.4565	-0.46513	1.466	2.1466	-0.5222	0.6738	0.75172	-21.048	-240.7	-17.923	-100	175.26	52.228	43.406	-134.64	66.871	43.316	-137.32	77.18	10.419	-25.348
-3.0847	24.017	3.9484	-5.7254	3.9248	7.1592	-1.5776	-5.8691	1.4806	1.4169	0.032599	0.79146	0.36433	0.55824	-57.909	-429.64	-468.92	180.84	157.4	-87.297	191.82	-16.502	77.829	-1.9615	-84.561	52.546	-12.379	-7.7392
-3.1942	35.766	6.1575	-6.7799	4.5788	4.1138	-5.3283	-2.9476	2.6979	2.0737	0.89047	0.20514	-0.84726	0.0098771	-4.3804	469.99	88.364	-42.18	26.16	-121.82	-150.03	116.86	48.692	26.272	34.315	-23.453	-48.464	-21.935
-2.861	38.351	4.7796	-8.7356	6.735	1.3615	-6.6259	-1.2109	0.7159	5.6868	-1.6214	0.13102	-1.0776	-1.1714	13.329	103.39	-55.117	-78.224	86.247	-110.09	-51.905	69.467	-79.28	144.52	-100.47	-2.9646	-9.2151	-47.252
-3.0633	37.009	1.9052	-6.7133	7.6146	-0.45907	-5.7283	-0.80848	2.261	5.6173	-3.4624	0.97199	-0.63037	-1.6302	-8.0923	-53.682	-114.97	80.888	35.185	-72.821	35.903	16.098	61.806	-2.7824	-73.641	33.639	17.891	-18.353
-3.4168	31.695	1.7894	-5.8519	9.0198	-1.5058	-4.9096	-0.84358	4.0098	3.3256	-2.6181	0.97236	0.084937	-2.8051	-14.14	-212.54	-4.6338	34.458	56.209	-41.868	32.747	-1.4041	69.952	-91.665	33.773	0.014854	28.612	-46.994
-4.0039	25.692	0.55228	-3.2963	9.0457	-0.70529	-6.2311	0.22303	4.6946	2.336	-3.0114	2.8816	-0.013592	-2.9135	-23.486	-240.12	-49.485	102.22	1.0355	32.019	-52.857	42.665	27.391	-39.584	-15.732	76.369	-3.9412	-4.3356
-4.5058	15.452	1.7481	-1.35	8.3486	-0.64724	-5.6876	0.60425	4.7444	1.3948	-3.611	4.1822	0.28578	-2.2514	-20.076	-409.61	47.835	77.853	-27.883	2.3221	21.737	15.249	1.9896	-37.648	-23.986	52.025	11.975	26.483
-5.4241	3.0125	3.9717	1.9656	4.6786	0.023314	-3.043	-0.27207	4.4041	-0.25127	-2.6923	4.5974	1.57	-2.449	-36.734	-497.59	88.943	132.62	-146.8	26.822	105.78	-35.053	-13.612	-65.844	36.749	16.606	51.37	-7.9022
-5.7113	-3.0783	6.9441	4.8761	-1.2	1.3704	1.6395	-3.6605	2.5906	1.4448	-1.4882	3.5027	-0.26489	-0.12619	-11.487	-243.63	118.9	116.42	-235.15	53.882	187.3	-135.54	-72.537	67.841	48.163	-43.784	-73.397	92.911
-5.8555	-5.5333	8.5646	3.8507	-0.23166	0.74794	1.8676	-3.1716	3.4284	-0.67114	-0.9132	5.0046	-1.6123	0.63283	-5.7661	-98.199	64.818	-41.014	38.735	-24.897	9.1239	19.557	33.511	-84.636	23	60.076	-53.897	30.361
-6.0056	-11.712	8.6154	5.4458	1.4096	0.14131	2.5428	-2.4458	2.9214	-1.2838	-0.98208	5.4548	-1.1742	0.89991	-6.0047	-247.15	2.0322	63.804	65.652	-24.265	27.008	29.029	-20.28	-24.505	-2.755	18.006	17.523	10.683
-6.4534	-17.137	8.5877	7.2348	0.50016	0.013117	2.4521	-0.021604	4.1789	-1.0671	-2.2133	3.5364	-0.61354	0.59094	-17.912	-217.02	-1.1068	71.561	-36.379	-5.1277	-3.6277	96.969	50.298	8.668	-49.248	-76.733	22.428	-12.359
-7.1581	-25.443	5.7817	7.6158	2.8307	0.75806	2.8591	0.47505	5.0871	0.64578	-2.3851	-0.75619	-2.3473	1.4986	-28.188	-332.23	-112.24	15.238	93.222	29.798	16.277	19.866	36.329	68.514	-6.8749	-171.71	-69.35	36.305
-6.8036	-18.574	-5.5845	0.58345	6.8781	0.69432	2.8333	0.082304	1.6862	0.75462	-0.74189	-0.40153	-0.59423	1.052	14.179	274.77	-454.65	-281.29	161.9	-2.5497	-1.0314	-15.71	-136.04	4.3533	65.731	14.186	70.122	-17.862
-5.3332	34.726	-13.049	-4.0216	1.1991	-2.6011	-1.7984	-4.805	1.1002	0.21929	0.20758	-0.70231	0.56528	1.6515	58.816	2132	-298.56	-184.2	-227.16	-131.82	-185.27	-195.49	-23.439	-21.413	37.979	-12.031	46.381	23.982
-4.7521	31.446	-12.283	0.6128	1.9264	-0.20769	-1.5394	-6.0933	2.029	1.0835	0.096252	-0.76152	0.65707	1.6629	23.245	-131.21	30.612	185.38	29.094	95.736	10.361	-51.53	37.152	34.569	-4.4532	-2.3685	3.6717	0.4558
-3.9835	33.788	4.2703	-0.85493	4.8062	-0.282	-1.2619	-4.8109	2.2749	2.7847	-2.6912	0.24169	-0.66767	-0.063736	30.745	93.712	662.14	-58.709	115.19	-2.9724	11.1	51.296	9.836	68.045	-111.5	40.128	-52.99	-69.067
-3.4926	34.076	7.2661	-4.3338	4.866	-1.6106	-1.5718	-3.5893	0.91044	3.0417	-1.987	2.1333	-1.1368	0.0037754	19.635	11.49	119.83	-139.16	2.3915	-53.145	-12.398	48.862	-54.579	10.282	28.169	75.664	-18.765	2.7005
-3.594	29.114	9.0844	-6.0804	4.7204	-0.74823	-1.7124	-1.4046	-2.3194	3.0738	-0.28156	0.18099	-2.0325	-0.91446	-4.0558	-198.46	72.733	-69.865	-5.8268	34.496	-5.6214	87.389	-129.19	1.2851	68.217	-78.092	-35.829	-36.729
-4.1162	18.393	12.223	-5.0467	2.3973	-0.67253	-0.40695	-0.62339	-2.6491	1.0239	0.51724	0.45266	-1.7583	-1.2934	-20.891	-428.83	125.54	41.349	-92.923	3.0279	52.216	31.247	-13.19	-81.997	31.952	10.867	10.971	-15.157
-4.9473	-1.2041	10.946	1.493	1.693	1.1654	1.9874	-1.5223	-1.9591	-1.3255	-0.97086	0.52361	-0.26427	0.41606	-33.241	-783.9	-51.081	261.59	-28.172	73.516	95.774	-35.957	27.602	-93.975	-59.524	2.8381	59.76	68.378
-5.3517	-2.4968	9.4854	1.5026	2.7955	3.0494	2.7245	-2.1343	-3.2884	-1.2073	-1.4711	0.36571	1.1014	0.53506	-16.178	-51.708	-58.416	0.38471	44.103	75.361	29.486	-24.481	-53.171	4.7269	-20.01	-6.3159	54.625	4.7598
-5.3405	-1.6234	8.109	2.6033	2.1417	3.6578	2.0605	-0.86159	-3.4688	-1.2691	-1.0982	-0.68352	1.4612	0.56002	0.44725	34.934	-55.056	44.027	-26.153	24.335	-26.563	50.91	-7.2164	-2.4734	14.915	-41.969	14.393	0.99857
-5.3165	-1.8694	8.1335	2.5212	1.8308	3.595	3.3133	-0.66407	-4.032	-0.96269	-1.2788	-1.1448	1.7793	0.78158	0.96117	-9.8395	0.98117	-3.2852	-12.436	-2.5111	50.112	7.9005	-22.53	12.258	-7.2214	-18.45	12.726	8.8624
-5.2795	-1.0641	7.6867	3.1212	1.0344	3.7754	3.8363	-0.60172	-3.3602	-1.5917	-1.4967	-0.6615	0.9432	1.3764	1.4807	32.215	-17.872	23.999	-31.855	7.2177	20.923	2.494	26.874	-25.162	-8.7183	19.331	-33.445	23.792
-5.2386	-0.99861	8.3603	2.6268	1.2529	3.1403	3.6499	0.93147	-3.9673	-1.7697	-0.90734	-1.4925	1.6492	1.2688	1.6351	2.6179	26.942	-19.773	8.7388	-25.407	-7.4574	61.328	-24.285	-7.1194	23.575	-33.239	28.239	-4.3052
-5.1867	-0.5341	8.7134	2.3474	1.3556	2.9777	3.7865	1.0295	-4.0455	-1.2655	-1.5132	-1.216	1.2014	1.5575	2.078	18.58	14.126	-11.177	4.107	-6.5036	5.4631	3.9213	-3.1299	20.167	-24.236	11.057	-17.911	11.55
-4.0593	8.0255	10.789	0.41984	0.013722	-0.3061	0.84726	2.4774	-1.9722	-0.27606	-0.95277	-1.731	-0.16805	1.731	45.094	342.39	83.012	-77.102	-53.674	-131.35	-117.57	57.916	82.932	39.579	22.419	-20.597	-54.778	6.938
-3.1131	25.082	16.618	-5.1934	-1.9842	-3.5755	-0.80384	4.7754	-0.9074	-2.2573	1.2866	-1.3831	-1.6295	1.8041	37.85	682.28	233.18	-224.53	-79.918	-130.78	-66.044	91.92	42.594	-79.248	89.575	13.915	-58.456	2.9245
-2.5745	32.351	12.839	-6.1241	-2.3419	-2.728	-0.97151	6.5043	-2.2254	-3.5378	2.417	-0.68042	-1.9061	2.2346	21.541	290.74	-151.17	-37.226	-14.308	33.9	-6.7067	69.155	-52.719	-51.223	45.216	28.106	-11.067	17.221
-2.4803	35.079	12.444	-7.9697	-1.3639	-2.3408	-0.45541	6.1366	-3.9182	-2.7509	2.6626	-0.46677	-1.3305	1.0728	3.7702	109.14	-15.801	-73.824	39.122	15.488	20.644	-14.706	-67.711	31.476	9.8242	8.5459	23.026	-46.471
-2.4623	36.813	11.686	-8.386	-1.4147	-1.8415	0.14612	5.5321	-4.5809	-2.0865	2.9558	-0.60599	-1.4949	0.84445	0.71824	69.363	-30.307	-16.654	-2.0345	19.973	24.061	-24.183	-26.508	26.577	11.729	-5.5687	-6.5762	-9.1342
-2.4966	37.94	10.889	-9.1104	-0.73275	-1.7665	0.25884	4.8899	-4.4429	-1.9337	3.0763	-0.71994	-1.1516	0.27331	-1.369	45.053	-31.892	-28.976	27.28	3.0015	4.509	-25.687	5.5188	6.1121	4.8184	-4.5579	13.731	-22.846
-2.5474	36.645	11.003	-8.9435	-0.9598	-0.86654	-0.60815	4.9901	-4.7707	-1.6236	3.201	-0.75246	-1.4256	0.24344	-2.0353	-51.803	4.5567	6.6764	-9.0821	35.997	-34.68	4.0098	-13.112	12.404	4.9872	-1.3009	-10.962	-1.1945
-2.5824	36.948	10.3	-8.1428	-1.5478	-0.30865	-0.84134	4.9531	-5.0898	-1.2211	3.3629	-1.0916	-1.3878	-0.11552	-1.3986	12.118	-28.122	32.027	-23.521	22.316	-9.3277	-1.4812	-12.765	16.1	6.4793	-13.566	1.515	-14.358
-2.551	38.293	10.327	-9.1626	-1.1742	-0.10164	-0.49881	4.1515	-4.5614	-1.0679	2.8522	-0.67407	-1.5252	0.062624	1.2564	53.805	1.0647	-40.793	14.945	8.2803	13.701	-32.062	21.137	6.1285	-20.431	16.702	-5.497	7.1256
-2.4656	38.647	10.612	-10.15	-0.4888	-0.29055	-0.31278	3.902	-5.0216	-0.80866	3.3678	-0.98249	-1.8304	-0.042733	3.4176	14.173	11.398	-39.507	27.416	-7.5565	7.4412	-9.9823	-18.408	10.37	20.627	-12.337	-12.207	-4.2143
-2.4075	41.472	9.7105	-11.06	0.52936	-0.54329	-0.090314	2.8278	-3.9109	-1.198	3.7388	-1.9242	-0.88654	-0.70522	2.3214	113	-36.04	-36.401	40.726	-10.11	8.8988	-42.969	44.426	-15.572	14.841	-37.668	37.753	-26.499
-2.375	43.076	9.0324	-11.898	0.67801	-0.30304	0.23474	2.0701	-3.3189	-1.3852	3.4298	-2.0033	-0.48081	-1.0227	1.3021	64.155	-27.125	-33.515	5.9459	9.6103	13.002	-30.306	23.682	-7.488	-12.361	-3.163	16.229	-12.699
-2.384	45.217	7.2151	-11.079	1.0893	-0.17644	-1.007	2.9263	-3.7552	-0.58478	2.7246	-2.0032	-0.40949	-1.1462	-0.36236	85.64	-72.691	32.755	16.453	5.0641	-49.668	34.247	-17.452	32.015	-28.209	0.0029591	2.8529	-4.9423
-2.3489	47.759	5.8316	-11.555	1.6395	0.71552	-1.5157	2.2514	-3.8134	0.73557	1.8557	-2.0487	-0.83169	-0.34432	1.4046	101.69	-55.343	-19.01	22.007	35.678	-20.348	-26.997	-2.3293	52.814	-34.754	-1.82	-16.888	32.077
-2.3512	48.488	5.2622	-11.321	2.1947	0.67435	-2.0577	1.7228	-3.1608	1.249	1.2951	-2.236	-0.9224	0.063935	-0.092257	29.138	-22.774	9.3366	22.207	-1.6467	-21.679	-21.141	26.106	20.538	-22.426	-7.4914	-3.6286	16.33
-2.475	50.387	2.204	-9.917	2.872	1.0296	-2.5901	1.5575	-2.7176	1.486	0.5699	-2.3139	-0.32774	-0.09084	-4.9502	75.99	-122.33	56.166	27.093	14.211	-21.299	-6.6139	17.728	9.4798	-29.008	-3.1187	23.786	-6.191
-2.6474	49.564	2.0213	-8.9506	3.1296	0.54001	-3.3702	1.5846	-2.2219	1.7869	-0.17416	-2.3676	0.11962	-0.06005	-6.8989	-32.945	-7.3103	38.658	10.305	-19.584	-31.202	1.0833	19.826	12.035	-29.762	-2.146	17.895	1.2316
-2.8468	48.639	0.90478	-7.9819	4.0917	0.48878	-4.0262	1.4886	-1.5663	1.6285	-0.37972	-2.4224	-0.05056	0.16783	-7.9741	-36.984	-44.66	38.747	38.484	-2.0491	-26.24	-3.8378	26.224	-6.3371	-8.2224	-2.1917	-6.8073	9.1151
-3.0797	45.039	1.0811	-6.6931	4.6116	-0.14519	-3.8888	1.348	-0.74418	0.96781	-0.74237	-1.8661	-0.30557	0.0081914	-9.3147	-144.02	7.0509	51.552	20.796	-25.359	5.4958	-5.6264	32.885	-26.426	-14.506	22.25	-10.2	-6.3854
-3.5411	39.818	1.9038	-5.1503	4.7875	0.05756	-4.1798	0.7484	0.3095	0.69249	-0.90465	-1.6031	-0.57707	-0.46419	-18.457	-208.82	32.909	61.713	7.0338	8.1102	-11.64	-23.983	42.147	-11.013	-6.4909	10.52	-10.86	-18.895
-4.3629	24.399	4.8611	-5.3776	6.7231	-1.3	-2.7425	-0.38647	0.21183	1.3811	-1.6056	-0.52295	-1.2721	-0.67817	-32.871	-616.74	118.29	-9.0942	77.425	-54.301	57.493	-45.395	-3.907	27.543	-28.036	43.207	-27.8	-8.5591
-5.9523	-7.0835	6.6949	4.7811	4.4129	0.63351	0.6012	-3.6037	2.1662	1.0612	-4.8881	1.537	-2.0709	0.52662	-63.579	-1259.3	73.35	406.35	-92.41	77.339	133.75	-128.69	78.176	-12.795	-131.3	82.4	-31.953	48.191
-6.2263	-16.265	6.649	8.4765	5.315	0.65687	-0.95799	-3.2145	3.6394	1.1213	-5.2642	1.1422	-1.1097	0.49068	-10.959	-367.25	-1.8351	147.82	36.086	0.93447	-62.368	15.566	58.927	2.405	-15.045	-15.792	38.45	-1.4374
-6.7055	-24.11	5.6358	10.204	5.8464	2.8613	-0.3765	-2.8584	3.3247	-0.19591	-3.5837	0.97074	-1.3302	1.3726	-19.167	-313.83	-40.529	69.107	21.257	88.179	23.26	14.246	-12.586	-52.689	67.221	-6.8604	-8.8233	35.278
-7.4192	-30.334	3.9759	9.0617	4.782	1.7722	1.6835	-0.23954	4.635	-0.80061	-1.9589	0.42301	-1.507	0.2262	-28.547	-248.93	-66.396	-45.701	-42.579	-43.567	82.4	104.75	52.412	-24.188	64.992	-21.909	-7.072	-45.857
-8.6263	-40.406	-4.8372	7.9794	4.1933	3.8384	3.3473	-0.21968	5.8213	0.29264	-0.49413	0.3552	-0.17212	0.22997	-48.285	-402.88	-352.52	-43.292	-23.547	82.649	66.551	0.79427	47.452	43.73	58.592	-2.7126	53.397	0.15078
-10.981	-57.067	-10.184	3.6163	3.1811	3.4966	3.5845	0.91252	2.2523	0.93482	-0.57576	0.29063	-0.13074	0.43861	-94.2	-666.44	-213.86	-174.52	-40.488	-13.67	9.4874	45.288	-142.76	25.687	-3.265	-2.5825	1.6553	8.3456
-12.818	-65.376	-12.06	3.5705	1.782	2.5193	2.6483	1.6345	0.67554	-0.24553	1.0339	-0.83188	1.1727	1.7632	-73.487	-332.37	-75.06	-1.8305	-55.963	-39.093	-37.447	28.88	-63.072	-47.214	64.386	-44.9	52.138	52.983
-5.279	20.275	-13.19	-5.9402	2.6557	-3.2404	-3.0454	2.3586	-0.96471	-1.1813	1.8529	-0.81162	0.19378	1.79	301.58	3426	-45.176	-380.43	34.949	-230.39	-227.75	28.963	-65.61	-37.431	32.763	0.81023	-39.157	1.0719
-4.7148	37.434	-15.969	-2.2131	3.749	-3.0124	-2.3535	1.7523	-0.24116	1.1835	1.4265	-0.54477	2.3907	1.1615	22.567	686.37	-111.16	149.08	43.732	9.1163	27.676	-24.252	28.942	94.594	-17.059	10.674	87.876	-25.139
-4.5743	31.739	-17.438	-1.5439	3.5852	-2.8694	-0.92895	-0.055675	0.89627	2.2384	-0.48218	0.21961	1.8201	-0.0013566	5.6194	-227.82	-58.76	26.769	-6.5505	5.723	56.984	-72.318	45.497	42.195	-76.346	30.575	-22.824	-46.515
-4.7107	34.367	-13.288	-2.4503	5.0599	-1.2383	-2.247	-1.5675	1.4023	0.77668	-2.7853	1.0036	2.1529	-0.96466	-5.455	105.13	166	-36.256	58.985	65.243	-52.721	-60.472	20.242	-58.469	-92.125	31.361	13.313	-38.532
-5.1207	27.318	-9.4955	-6.018	4.5491	2.5984	-3.7729	-3.1169	1.7443	0.65036	-1.7807	-1.1452	-0.48624	-2.3172	-16.398	-281.97	151.69	-142.71	-20.432	153.47	-61.039	-61.978	13.679	-5.0527	40.183	-85.952	-105.57	-54.101
-5.5887	16.555	-4.5102	-7.063	-2.3208	1.459	-2.3499	-3.6813	0.17652	2.1162	-1.5262	1.1434	0.7235	0.95475	-18.723	-430.5	199.41	-41.798	-274.79	-45.578	56.922	-22.576	-62.711	58.635	10.181	91.541	48.39	130.88
-6.1343	10.913	0.33638	-4.3095	-4.3457	0.42777	-3.0652	-2.2348	-0.28431	3.3977	-0.4174	-0.65009	-3.0053	0.98263	-21.822	-225.68	193.86	110.14	-80.996	-41.248	-28.612	57.861	-18.433	51.256	44.352	-71.738	-149.15	1.1148
-6.2075	5.7416	2.1389	-6.5411	-6.4865	4.1648	1.6088	-0.88851	1.3953	3.9834	0.4996	-0.11921	-3.2968	0.32155	-2.9295	-206.87	72.1	-89.262	-85.634	149.48	186.96	53.851	67.186	23.43	36.68	21.235	-11.66	-26.443
-4.4569	5.3146	10.305	0.64381	-5.4237	5.4744	1.8656	-0.80341	-2.9175	3.8649	0.50754	0.062216	-1.7941	-0.051512	70.024	-17.081	326.65	287.4	42.514	52.383	10.272	3.4042	-172.51	-4.7417	0.31756	7.257	60.108	-14.923
-3.5497	21.26	17.073	-0.89841	-11.052	3.8342	2.0543	0.67942	-5.9905	5.5862	1.0683	0.32479	-0.42435	-0.0085889	36.287	637.8	270.71	-61.689	-225.14	-65.608	7.549	59.313	-122.92	68.852	22.432	10.503	54.79	1.7169
-3.0967	17.998	16.535	-0.39065	-10.8	4.3305	2.4874	-0.7467	-7.7558	4.3935	0.69069	1.635	0.6672	0.14382	18.12	-130.47	-21.521	20.31	10.085	19.852	17.321	-57.045	-70.611	-47.706	-15.106	52.409	43.662	6.0965
-3.2646	13.135	18.025	1.4985	-11.389	3.8248	2.4368	-0.63372	-7.5446	3.7117	0.31928	1.7971	0.22914	-0.43337	-6.7133	-194.5	59.61	75.567	-23.573	-20.227	-2.0211	4.5192	8.4478	-27.274	-14.856	6.4831	-17.523	-23.088
-3.8039	8.1009	19.077	0.95494	-8.5504	2.054	1.6693	0.8716	-5.714	0.23146	1.3385	1.449	0.10454	0.074143	-21.574	-201.38	42.082	-21.744	113.56	-70.834	-30.7	60.213	73.224	-139.21	40.77	-13.924	-4.984	20.3
-4.7037	-2.0476	18.506	2.4143	-6.8401	1.68	1.6981	1.2039	-2.7499	-2.2025	1.2607	0.47339	0.17728	0.60722	-35.992	-405.94	-22.822	58.373	68.41	-14.96	1.1498	13.294	118.56	-97.36	-3.1121	-39.024	2.9095	21.323
-6.7434	-26.903	9.5057	4.429	-2.7846	-0.095351	3.8866	2.8253	-0.28769	-1.9202	-0.7578	-0.28364	0.63043	0.88216	-81.587	-994.21	-360.03	80.59	162.22	-71.013	87.542	64.856	98.489	11.293	-80.741	-30.281	18.126	10.997
-10.712	-57.311	-5.3607	6.2471	3.0655	0.51766	2.7498	3.3921	1.662	-0.75878	0.41619	-0.92321	-0.70026	0.14621	-158.75	-1216.3	-594.66	72.722	234.01	24.52	-45.473	22.671	77.988	46.458	46.96	-25.583	-53.227	-29.438
-13.208	-66.432	-11.951	1.8096	0.78371	2.0993	2.4515	2.7084	1.6824	1.7916	2.3408	-0.7012	1.2689	-0.015952	-99.819	-364.85	-263.61	-177.5	-91.272	63.267	-11.931	-27.347	0.81683	102.01	76.986	8.8806	78.765	-6.4866
-13.694	-69.253	-13.675	1.7169	1.4105	0.59779	1.2844	1.8289	1.2814	0.16357	1.5066	-1.03	-0.55994	-0.81136	-19.444	-112.84	-68.971	-3.7065	25.073	-60.061	-46.683	-35.182	-16.04	-65.12	-33.37	-13.151	-73.152	-31.817
-13.289	-66.336	-15.723	0.49815	1.0456	1.2638	0.021754	0.5615	0.77241	1.1066	2.1396	-0.33281	1.2907	0.95382	16.185	116.67	-81.905	-48.75	-14.597	26.639	-50.507	-50.695	-20.361	37.722	25.319	27.886	74.026	70.607
-12.365	-54.183	-14.474	1.0093	0.84078	0.25557	-0.90023	0.4504	2.1061	0.0086315	1.7518	0.70037	0.76416	0.69508	36.976	486.13	49.965	20.444	-8.1931	-40.328	-36.879	-4.4439	53.348	-43.92	-15.512	41.327	-21.062	-10.35
-11.646	-40.58	-14.058	1.5262	2.8126	1.7546	0.38855	-0.42619	1.5596	0.76424	0.73753	0.82254	0.41877	0.26883	28.754	544.14	16.613	20.678	78.873	59.962	51.551	-35.064	-21.86	30.224	-40.57	4.8868	-13.815	-17.05
-9.1224	-33.649	-6.5877	1.3336	2.0829	2.3629	2.3267	-1.7522	-0.28297	0.69954	1.1492	-0.18317	-0.69229	0.13425	100.94	277.24	298.83	-7.7057	-29.19	24.332	77.524	-53.04	-73.703	-2.5881	16.467	-40.229	-44.442	-5.3835
-4.5151	3.0895	13.298	-2.4643	1.4844	4.2086	-0.093654	-3.4934	-2.547	0.99887	0.031337	-1.586	1.0368	0.089724	184.29	1469.5	795.44	-151.92	-23.936	73.827	-96.812	-69.648	-90.562	11.973	-44.715	-56.112	69.163	-1.7809
-4.0082	25.395	11.668	-5.6527	3.2325	4.6729	-1.5153	-3.9044	-4.0645	0.54961	-0.41568	-2.3066	1.1757	-0.57359	20.276	892.22	-65.208	-127.54	69.921	18.571	-56.865	-16.438	-60.699	-17.971	-17.881	-28.825	5.5562	-26.533
-4.1725	19.39	8.8608	-4.3842	4.7086	4.1109	-3.1984	-3.0576	-1.9695	0.19443	-0.38107	-1.7743	-1.5221	0.39622	-6.5753	-240.18	-112.29	50.743	59.045	-22.478	-67.324	33.869	83.799	-14.207	1.3845	21.29	-107.91	38.792
-6.0052	-14.641	3.0248	-1.7419	8.1388	4.1487	-2.934	-1.5388	0.99579	-0.95488	-0.015431	-1.5071	-1.5271	0.35718	-73.305	-1361.3	-233.44	105.69	137.21	1.5117	10.574	60.752	118.61	-45.973	14.626	10.688	-0.19762	-1.5615
-10.244	-56.182	-4.8308	6.5976	7.3069	6.7388	2.9971	1.266	1.6866	-0.55811	-1.2301	-0.31216	0.46664	-0.10267	-169.54	-1661.6	-314.22	333.58	-33.277	103.6	237.24	112.19	27.631	15.871	-48.586	47.799	79.749	-18.394
-12.16	-64.719	-8.1623	4.1101	3.8363	3.0158	2.4565	2.6365	3.1507	-0.28446	-0.21066	0.35721	-0.27126	0.05078	-76.676	-341.5	-133.26	-99.497	-138.83	-148.92	-21.622	54.819	58.566	10.946	40.777	26.775	-29.516	6.138
-13.612	-68.581	-12.881	0.1382	0.29975	0.51279	-0.86639	0.39575	2.4826	-1.0438	-0.50801	-1.2333	-0.37813	2.0485	-58.047	-154.48	-188.74	-158.88	-141.46	-100.12	-132.92	-89.63	-26.727	-30.374	-11.894	-63.621	-4.275	79.908
-13.774	-66.027	-14.756	1.9163	2.3477	2.0668	1.3478	-0.14415	0.10253	-0.85237	0.38244	-0.88742	-0.76926	-0.38079	-6.4761	102.16	-75.022	71.124	81.919	62.162	88.568	-21.596	-95.201	7.657	35.618	13.836	-15.645	-97.171
-5.96	-20.005	-7.7379	-3.0901	1.262	-3.0964	4.0515	-0.33993	3.9475	1.9328	-2.2288	0.076967	0.22087	1.8069	312.54	1840.9	280.74	-200.25	-43.431	-206.53	108.15	-7.8315	153.8	111.41	-104.45	38.576	39.605	87.506
-4.2902	41.319	-13.514	0.55796	-2.2449	-5.1785	1.1872	-3.2968	4.0583	1.4602	-1.8344	0.77081	1.3662	2.8283	66.792	2453	-231.03	145.92	-140.27	-83.285	-114.57	-118.27	4.4328	-18.901	15.776	27.754	45.812	40.856
-3.9621	38.847	-15.88	3.4768	-0.19353	-3.8017	3.1816	-4.3205	1.9256	0.53826	-2.1373	1.1217	0.53985	3.1256	13.124	-98.868	-94.636	116.75	82.056	55.075	79.777	-40.95	-85.307	-36.879	-12.118	14.037	-33.053	11.893
-4.6589	29.752	-14.367	4.3173	4.3954	-3.9955	1.0965	-1.8558	2.0539	-0.31535	-1.5628	2.1711	-0.48847	0.4873	-27.87	-363.8	60.516	33.621	183.56	-7.7518	-83.406	98.591	5.1314	-34.144	22.982	41.973	-41.133	-105.53
-5.2688	26.516	-9.8604	-0.54392	2.3493	-3.296	-2.1137	0.11644	2.3169	-0.65914	-2.5869	-0.0051264	-2.1157	-0.52882	-24.396	-129.45	180.25	-194.45	-81.844	27.98	-128.4	78.888	10.52	-13.751	-40.967	-87.048	-65.089	-40.644
-5.3186	29.262	-2.531	-0.26216	-0.87537	0.11958	-3.3078	0.17642	1.6996	-1.6254	-0.91188	-0.95766	-1.2325	-1.3498	-1.9919	109.86	293.17	11.27	-128.99	136.62	-47.764	2.3995	-24.692	-38.65	67.002	-38.101	35.327	-32.839
-5.0695	28.629	-5.7023	0.46304	1.1491	1.2726	-3.6048	0.048913	3.7539	-1.4915	0.77147	0.61901	-0.69281	-1.1298	9.9642	-25.338	-126.85	29.008	80.977	46.121	-11.881	-5.1004	82.171	5.3569	67.334	63.067	21.588	8.7982
-5.0073	30.697	-6.7911	-2.7903	-3.3033	0.48587	-2.254	1.0247	4.7656	-1.4106	-0.71502	-1.844	-1.8113	-0.14919	2.4865	82.733	-43.55	-130.13	-178.1	-31.469	54.031	39.031	40.469	3.2329	-59.46	-98.52	-44.739	39.225
-4.6016	30.713	-10.319	-5.674	-5.3604	1.0328	-2.3462	0.84229	5.156	0.52676	0.72783	0.089626	-0.54784	0.92201	16.229	0.63827	-141.11	-115.35	-82.282	21.877	-3.6886	-7.2957	15.613	77.496	57.714	77.344	50.538	42.848
-4.428	32.446	-9.8557	-10.297	-8.8484	0.6871	-1.6216	1.0523	4.7575	0.43677	1.3617	1.5586	-0.023493	-1.2721	6.941	69.324	18.529	-184.91	-139.52	-13.828	28.984	8.3996	-15.938	-3.5997	25.356	58.759	20.974	-87.765
-3.9865	33.47	-7.7044	-8.2482	-10.078	-0.36466	-3.1582	-1.4107	2.3034	-0.91558	1.4501	1.4106	-1.9354	-1.5664	17.661	40.965	86.05	81.937	-49.199	-42.07	-61.464	-98.518	-98.163	-54.094	3.5353	-5.9203	-76.478	-11.77
-4.1179	32.459	-3.0549	-6.4129	-7.7521	0.87143	-3.1978	-0.7306	5.178	1.0288	1.2313	0.025549	-2.0733	1.1356	-5.253	-40.464	185.98	73.41	93.051	49.444	-1.5835	27.203	114.98	77.776	-8.7505	-55.402	-5.5144	108.08
-2.9339	37.527	6.4662	-3.1274	-2.2193	1.2423	-3.3482	0.74214	2.2979	2.0322	1.3812	-0.86312	-1.1017	-0.29998	47.359	202.74	380.84	131.42	221.31	14.836	-6.0145	58.91	-115.2	40.135	5.9925	-35.547	38.865	-57.424
-2.2925	47.638	8.6246	-6.4523	-0.89936	0.029939	-4.6805	-0.28839	0.29831	3.0377	-0.037529	0.8251	0.065709	-1.0424	25.654	404.45	86.337	-133	52.796	-48.496	-53.295	-41.221	-79.984	40.22	-56.747	67.529	46.695	-29.697
-1.9446	40.975	8.4357	-4.9899	0.54164	-0.051458	-7.3325	-1.2796	0.47777	3.7776	0.28272	0.86989	-0.56676	-1.3371	13.918	-266.53	-7.556	58.497	57.64	-3.2559	-106.08	-39.647	7.1781	29.596	12.81	1.7917	-25.299	-11.79
-1.8876	42.354	7.5879	-4.7713	1.3502	-0.18961	-8.1456	-1.0821	0.12999	3.146	-0.16388	0.96701	0.070915	-1.6823	2.2792	55.142	-33.914	8.7439	32.344	-5.5261	-32.523	7.8972	-13.911	-25.266	-17.864	3.8848	25.507	-13.809
-2.0008	39.767	8.9395	-5.1911	3.3137	-1.4589	-6.8431	-2.2443	0.90888	1.8596	-0.051476	0.46848	1.1085	-1.1416	-4.5272	-103.47	54.066	-16.794	78.54	-50.77	52.102	-46.485	31.155	-51.453	4.4963	-19.941	41.504	21.629
-2.2932	39.498	7.3762	-4.6617	5.4868	-1.3437	-6.3521	-2.8217	0.91584	1.9297	-1.3904	0.8429	1.0923	-1.2094	-11.698	-10.776	-62.532	21.175	86.921	4.6072	19.64	-23.097	0.27842	2.8035	-53.556	14.977	-0.65021	-2.712
-2.7056	36.538	5.132	-1.4192	5.8652	-0.19476	-7.0491	-2.3258	0.94473	1.84	-2.001	1.0839	0.47589	-1.2635	-16.495	-118.39	-89.771	129.7	15.139	45.957	-27.882	19.837	1.1557	-3.5899	-24.426	9.6396	-24.655	-2.164
-3.2316	29.972	4.7712	-0.12077	8.0358	0.050629	-6.1509	-2.7112	1.4802	2.3993	-3.8591	2.7799	-1.3044	-0.053438	-21.038	-262.61	-14.432	51.936	86.822	9.8154	35.931	-15.419	21.419	22.374	-74.323	67.842	-71.213	48.404
-3.99	20.912	3.8443	-0.28534	11.389	0.059834	-4.3028	-1.8825	1.0069	1.3865	-2.605	1.5427	-1.0124	1.1494	-30.337	-362.41	-37.073	-6.5825	134.12	0.36821	73.921	33.149	-18.932	-40.513	50.162	-49.49	11.683	48.112
-4.8344	23.209	-6.8968	2.4981	10.693	-1.2635	-1.6636	0.30549	3.2073	0.5134	-0.4752	-0.9522	0.5432	-0.31827	-33.778	91.888	-429.65	111.34	-27.834	-52.934	105.57	87.52	88.017	-34.923	85.193	-99.796	62.222	-58.705
-4.5805	31.595	-18.027	-0.94489	8.6455	-2.6208	-1.8007	1.0964	2.0207	0.29628	-0.25152	-1.0911	-0.10758	0.10491	10.157	335.42	-445.22	-137.72	-81.894	-54.292	-5.4839	31.638	-47.467	-8.685	8.9472	-5.5559	-26.031	16.927
-3.9535	33.918	-20.419	1.5364	7.9356	-3.0601	-1.7375	-0.58456	0.38677	0.96672	1.966	-0.96374	-0.083899	0.41422	25.079	92.917	-95.668	99.252	-28.396	-17.573	2.5279	-67.24	-65.355	26.818	88.701	5.0941	0.94714	12.372
-3.4179	36.633	-24.49	0.050564	10.103	-1.331	-0.87768	-0.50256	-0.9714	-0.9418	0.47862	0.15312	-0.3939	-1.1045	21.423	108.61	-162.83	-59.434	86.681	69.168	34.392	3.2801	-54.327	-76.341	-59.496	44.674	-12.4	-60.749
-3.1705	36.911	-28.231	-2.0241	6.6487	-2.1683	-1.055	0.1953	-0.4727	-0.23029	0.33162	-1.1744	-0.55132	-0.29072	9.8987	11.119	-149.63	-82.988	-138.16	-33.495	-7.0945	27.914	19.948	28.46	-5.88	-53.103	-6.2965	32.552
-3.2091	35.145	-28.482	0.82389	8.7769	-2.2895	-1.0355	1.277	-0.12247	1.6648	1.1782	-0.89109	0.86422	0.1246	-1.5462	-70.637	-10.067	113.92	85.128	-4.8476	0.78338	43.267	14.009	75.802	33.865	11.334	56.622	16.613
-3.1629	34.246	-29.409	-2.7304	6.9649	-1.0827	-2.2181	1.6727	0.80209	-0.10723	-0.2402	-1.8867	0.52975	-0.23964	1.8505	-35.942	-37.07	-142.17	-72.482	48.272	-47.307	15.83	36.982	-70.88	-56.738	-39.826	-13.379	-14.57
-3.2831	33.586	-30.25	-1.4055	7.0718	-3.0844	-1.609	0.38572	1.5146	1.2617	1.0605	-0.29737	1.0994	1.338	-4.8089	-26.431	-33.659	52.996	4.2754	-80.067	24.364	-51.481	28.502	54.757	52.029	63.575	22.786	63.106
-3.4876	27.116	-32.2	-0.84036	5.5222	-2.0461	-0.34011	-0.75327	1.491	1.6235	0.94159	-1.7808	1.3887	0.30191	-8.1794	-258.79	-77.978	22.607	-61.981	41.53	50.757	-45.56	-0.94433	14.473	-4.7579	-59.336	11.573	-41.444
-3.5742	22.882	-31.865	0.66137	8.9898	-2.4666	-1.9058	-0.18053	0.95901	2.337	1.2152	-3.2532	0.46502	0.4066	-3.4653	-169.34	13.377	60.069	138.7	-16.82	-62.629	22.91	-21.281	28.541	10.944	-58.896	-36.948	4.1877
-3.8624	15.658	-32.987	-2.7166	9.321	-3.654	-1.7338	-0.8987	-2.1359	1.3462	1.4568	-2.158	2.6035	2.538	-11.528	-288.98	-44.866	-135.12	13.248	-47.494	6.881	-28.727	-123.8	-39.634	9.6624	43.807	85.539	85.257
-5.1603	2.1636	-27.407	-2.2696	7.2087	-3.4512	0.64692	-0.59843	-1.6854	1.8924	2.0095	-0.57697	0.54738	0.78854	-51.916	-539.78	223.2	17.879	-84.493	8.1111	95.229	12.011	18.019	21.849	22.111	63.241	-82.245	-69.98
-6.9198	-18.624	-20.298	5.2031	11.844	-4.3671	0.14332	3.3649	-1.8556	-0.38703	2.8527	-2.0934	0.36691	1.0488	-70.382	-831.52	284.36	298.91	185.42	-36.634	-20.144	158.53	-6.8081	-91.179	33.726	-60.659	-7.2189	10.412
-6.8927	-11.497	4.9418	4.9607	5.0078	-0.92325	0.97678	-1.4975	-0.29458	1.5317	-0.74838	-1.8287	-1.8276	2.1373	1.0864	285.08	1009.6	-9.6952	-273.45	137.75	33.338	-194.5	62.442	76.748	-144.04	10.588	-87.781	43.539
-6.2864	-4.4062	5.3891	5.5329	1.9397	1.7904	1.0892	-3.9321	0.82666	0.9391	-2.2185	0.11097	-2.6928	0.78994	24.252	283.64	17.895	22.887	-122.73	108.54	4.4967	-97.382	44.85	-23.702	-58.803	77.588	-34.607	-53.895
-6.1505	-7.8322	6.3501	4.7717	3.2341	0.97314	1.6003	-5.0445	1.7986	1.455	-2.0175	-0.14233	-2.1748	-0.8025	5.4354	-137.04	38.44	-30.448	51.778	-32.689	20.442	-44.496	38.876	20.634	8.0387	-10.132	20.719	-63.698
-6.3789	-9.664	5.6963	5.1605	3.8518	1.0696	0.75218	-4.7458	2.0791	1.4024	-1.4405	0.37977	-3.2145	-0.65462	-9.1349	-73.271	-26.151	15.552	24.706	3.8583	-33.923	11.95	11.222	-2.1035	23.08	20.884	-41.587	5.9155
-6.2801	-4.0124	4.8117	0.17908	6.4002	-0.23371	0.60651	1.3092	-1.4457	-0.85713	0.43598	0.29092	-2.9147	-0.12112	3.9499	226.06	-35.384	-199.25	101.94	-52.133	-5.8268	242.2	-140.99	-90.38	75.059	-3.5538	11.994	21.34
-4.7459	22.528	4.7668	-6.6592	5.8339	-2.3746	-0.37965	3.6575	-2.9172	2.2915	-1.3337	0.090852	-2.7626	-0.18762	61.368	1061.6	-1.7959	-273.53	-22.654	-85.637	-39.446	93.933	-58.859	125.95	-70.786	-8.0029	6.0836	-2.66
-4.2462	29.229	7.1626	-7.0163	3.5763	-1.8079	-1.636	3.8419	-3.1669	3.4472	-1.0222	0.12278	-2.8041	-0.48598	19.991	268.06	95.828	-14.284	-90.302	22.671	-50.252	7.3738	-9.9903	46.228	12.459	1.2773	-1.6629	-11.934
-3.7521	31.571	7.3849	-6.6522	1.0424	-1.1237	-0.74769	1.8151	-1.6405	2.4129	0.046169	-0.56517	-1.7326	-1.4606	19.764	93.659	8.8924	14.562	-101.36	27.368	35.531	-81.069	61.056	-41.37	42.735	-27.518	42.861	-38.986
-3.3191	33.392	7.5619	-6.0797	-0.25646	-1.4777	-1.1468	1.7398	-0.7411	1.3583	1.4622	-0.8926	-1.1963	-2.1888	17.316	72.866	7.0832	22.902	-51.953	-14.162	-15.966	-3.014	35.978	-42.185	56.641	-13.097	21.454	-29.126
-3.3101	34.127	8.2315	-6.2098	-0.17312	-2.1418	-1.388	1.0877	-0.39785	0.86902	1.9371	-0.35602	-1.7302	-1.9478	0.36139	29.366	26.784	-5.2041	3.3334	-26.566	-9.6461	-26.083	13.73	-19.571	18.997	21.463	-21.358	9.6401
-3.5372	28.529	9.5395	-3.0519	-1.4435	-2.5637	-0.26323	-0.15795	-1.1195	1.4489	1.2403	1.0515	-2.0346	-1.7592	-9.0839	-223.89	52.32	126.31	-50.814	-16.873	44.99	-49.827	-28.866	23.193	-27.872	56.299	-12.174	7.5436
-4.0771	20.576	10.699	-2.0288	0.38248	-0.38419	-1.0713	0.15221	-1.6022	-0.478	1.4243	0.96146	-1.0739	-1.8972	-21.595	-318.15	46.385	40.926	73.038	87.18	-32.321	12.406	-19.307	-77.074	7.3573	-3.6	38.427	-5.5196
-4.827	9.4646	10.048	0.27213	-0.86194	1.8951	-0.16528	0.16802	-2.7429	-1.2115	0.2962	1.0164	0.40474	-3.224	-29.996	-444.44	-26.033	92.036	-49.777	91.173	36.239	0.63234	-45.63	-29.339	-45.122	2.1984	59.145	-53.072
-5.7938	2.7688	7.2409	2.2631	1.157	1.6512	0.43273	0.27947	-3.2734	-1.3548	-0.81052	1.1304	-0.013338	-1.7106	-38.674	-267.83	-112.3	79.64	80.756	-9.7569	23.92	4.4578	-21.22	-5.7323	-44.269	4.5574	-16.723	60.535
-6.5621	-9.3862	3.0225	4.4007	3.0439	1.6283	2.3696	-0.97618	-1.1432	-1.3063	-0.88976	-0.15132	0.37276	-0.70829	-30.729	-486.2	-168.73	85.504	75.478	-0.91774	77.474	-50.226	85.208	1.9394	-3.1695	-51.267	15.444	40.092
-8.4234	-11.31	-6.556	3.2302	5.1121	3.5147	4.1119	-1.3164	-0.73611	-1.0051	-0.1776	0.65577	0.4462	1.0143	-74.454	-76.954	-383.14	-46.822	82.727	75.458	69.693	-13.61	16.285	12.047	28.486	32.283	2.9375	68.902
-8.822	-16.512	-10.523	0.71046	4.4057	3.0921	4.6817	2.9751	1.2913	0.17926	1.2724	0.081499	0.81947	-0.013011	-15.943	-208.09	-158.66	-100.79	-28.256	-16.905	22.792	171.66	81.095	47.375	57.999	-22.971	14.931	-41.091
-7.1218	-8.5308	-8.7949	1.2407	1.2693	1.8648	2.0735	-0.24383	2.1273	-0.19828	1.169	1.1872	-0.18192	1.3718	68.005	319.26	69.108	21.208	-125.46	-49.094	-104.33	-128.76	33.44	-15.102	-4.1341	44.229	-40.056	55.391
-5.9418	22.567	-2.8966	-2.2818	0.010905	0.63703	0.08637	-0.57628	0.45578	0.87011	0.83795	0.42626	-0.17453	1.0054	47.201	1243.9	235.93	-140.9	-50.334	-49.109	-79.484	-13.298	-66.859	42.735	-13.242	-30.439	0.29566	-14.653
-4.4769	22.478	6.7062	0.46168	-0.47993	0.24778	-1.2544	-1.6957	-2.4589	-0.21393	-0.32173	2.0055	-0.44903	-3.0756	58.596	-3.5537	384.11	109.74	-19.634	-15.57	-53.63	-44.776	-116.59	-43.362	-46.387	63.169	-10.98	-163.24
-4.4969	19.529	9.9879	-2.3242	-0.10989	0.97243	-1.8441	-1.0851	-3.8829	-0.90283	-1.22	1.7617	0.66502	-3.5446	-0.79905	-117.96	131.27	-111.43	14.802	28.986	-23.588	24.424	-56.957	-27.556	-35.932	-9.7498	44.562	-18.758
-5.3038	-5.3841	11.695	-0.15164	0.94986	1.6848	-0.6119	-0.79374	-2.0902	-1.0449	-0.56208	1.9202	2.014	-3.1442	-32.275	-996.54	68.27	86.901	42.39	28.496	49.288	11.653	71.707	-5.683	26.318	6.338	53.958	16.016
-8.0911	-31.639	5.2826	0.62454	-0.038702	2.3879	2.1934	0.70964	-0.42747	-2.3607	-1.7033	0.11215	1.1034	-2.0958	-111.49	-1050.2	-256.48	31.047	-39.542	28.124	112.21	60.135	66.508	-52.633	-45.648	-72.321	-36.422	41.937
-13.017	-63.264	-10.64	3.4653	2.637	1.5927	0.94518	1.1925	1.9709	-1.6739	0.53488	0.68065	1.5876	1.1463	-197.06	-1265	-636.91	113.63	107.03	-31.81	-49.929	19.314	95.934	27.475	89.527	22.74	19.368	129.68
-13.921	-70.473	-16.534	-0.4278	0.82459	2.8175	3.2273	2.6313	1.5993	0.28634	1.4279	2.0821	1.9207	-0.41641	-36.143	-288.37	-235.75	-155.72	-72.495	48.994	91.285	57.553	-14.864	78.408	35.719	56.059	13.323	-62.507
-14.093	-71.1	-15.543	-0.13827	0.83154	-0.21782	-0.63459	0.15323	1.6569	0.15416	0.66167	0.83308	0.42193	0.41151	-6.8805	-25.092	39.648	11.581	0.27789	-121.41	-154.48	-99.123	2.303	-5.2869	-30.647	-49.962	-59.951	33.117
-13.829	-67.898	-14.939	-1.8565	-1.4484	-1.8414	-0.47325	0.84375	1.0796	-0.55422	-0.091077	-0.85536	-0.19014	0.50624	10.545	128.09	24.165	-68.731	-91.199	-64.943	6.4534	27.621	-23.09	-28.335	-30.11	-67.538	-24.482	3.7891
-13.786	-68.674	-16.236	-2.7652	-3.145	-1.1788	2.3997	2.7058	3.0544	1.0173	0.22101	-0.43398	0.66949	1.385	1.7354	-31.041	-51.888	-36.349	-67.862	26.502	114.92	74.481	78.992	62.862	12.483	16.855	34.385	35.152
-13.654	-66.006	-12.156	0.91533	-0.99792	-1.4755	-0.019956	1.6919	0.44563	-0.94857	0.88839	-1.0872	0.18122	0.4914	5.2733	106.72	163.18	147.22	85.882	-11.865	-96.786	-40.556	-104.35	-78.636	26.695	-26.129	-19.531	-35.746
-13.537	-67.166	-13.518	1.5301	-0.61201	0.28365	0.33289	0.18177	2.4359	1.6964	0.24467	-0.3358	-0.17212	0.081398	4.7065	-46.385	-54.452	24.592	15.436	70.365	14.114	-60.405	79.612	105.8	-25.749	30.056	-14.134	-16.4
-13.667	-65.462	-12.323	0.909	0.40384	1.1042	0.59949	-0.63309	1.3293	0.23108	-0.40349	0.93145	-0.051976	-0.75658	-5.234	68.173	47.8	-24.846	40.634	32.822	10.664	-32.594	-44.266	-58.612	-25.927	50.69	4.8056	-33.519
-8.6178	-32.743	-5.8775	-2.6307	-0.20397	0.30013	-0.4876	-0.07127	-0.5196	-0.027656	2.4682	0.35865	1.5348	0.64067	201.98	1308.7	257.8	-141.59	-24.312	-32.163	-43.484	22.473	-73.955	-10.35	114.87	-22.912	63.469	55.89
-7.4862	1.2874	-1.864	-0.99314	0.76718	0.21345	-0.17827	0.49236	0.51656	-1.2103	1.5435	0.73874	1.1516	0.38725	45.261	1361.2	160.54	65.503	38.846	-3.4673	12.373	22.545	41.446	-47.306	-36.991	15.204	-15.326	-10.137
-5.821	5.2307	2.8018	-4.3883	-6.0735	-1.7884	-0.089003	0.031722	2.0126	0.73632	0.67228	-0.41168	0.62657	0.8965	66.609	157.73	186.63	-135.81	-273.63	-80.075	3.5707	-18.425	59.842	77.865	-34.848	-46.017	-21.002	20.37
-5.4103	12.474	1.6389	-3.5059	-7.8552	-1.0785	-0.31368	2.1521	2.2296	-0.1056	1.1441	-0.23086	-0.11622	0.16306	16.429	289.74	-46.519	35.299	-71.269	28.396	-8.9872	84.816	8.6809	-33.677	18.871	7.2329	-29.712	-29.338
-5.433	7.9206	1.7773	-4.7354	-10.644	-0.4064	-0.050883	1.8117	2.2325	-0.6167	0.48342	-0.34207	0.57614	0.34012	-0.90857	-182.14	5.5377	-49.184	-111.54	26.885	10.512	-13.617	0.11617	-20.444	-26.425	-4.4484	27.694	7.0826
-5.3813	7.5834	0.67428	-4.7419	-12.877	1.1244	-0.29255	2.1535	1.6477	-0.7487	0.59575	-0.15339	0.091644	2.1561	2.0689	-13.489	-44.121	-0.2571	-89.331	61.233	-9.6666	13.672	-23.392	-5.28	4.4931	7.5471	-19.38	72.637
-4.8779	10.527	1.6259	-6.0511	-15.017	2.519	-0.61455	0.71154	3.2325	-1.2451	2.1429	1.512	0.17087	2.0674	20.135	117.75	38.064	-52.369	-85.61	55.783	-12.88	-57.678	63.391	-19.857	61.888	66.617	3.1691	-3.5455
-4.443	14.193	0.96177	-8.5291	-15.946	4.3581	-1.8668	-1.8113	5.517	-0.69033	4.0019	1.4066	0.0025447	1.5713	17.397	146.63	-26.564	-99.122	-37.136	73.564	-50.09	-100.91	91.381	22.192	74.358	-4.2176	-6.733	-19.844
-4.3517	16.125	2.9757	-10.16	-16.787	5.3356	-1.9524	-1.0129	3.7986	-1.129	1.8623	-1.8018	-0.88347	0.24914	3.6526	77.297	80.555	-65.221	-33.648	39.101	-3.4235	31.937	-68.738	-17.548	-85.583	-128.34	-35.441	-52.887
-4.6547	10.031	3.9185	-8.5578	-15.633	5.1992	-1.4839	0.60321	3.5008	-0.1629	3.3007	-1.4086	-0.25789	0.44822	-12.121	-243.77	37.712	64.076	46.142	-5.4559	18.737	64.644	-11.911	38.645	57.536	15.728	25.023	7.9632
-3.2846	13.358	12.005	-0.63106	-9.691	5.1191	0.51802	0.97839	1.7083	0.91392	1.8355	-1.266	-0.088325	0.002306	54.802	133.09	323.48	317.07	237.69	-3.2056	80.079	15.007	-71.699	43.073	-58.61	5.7056	6.7828	-17.837
-2.4097	32.944	16.498	-4.035	-11.24	3.0496	-1.3902	2.2922	2.1055	-0.15354	0.68413	-1.1258	1.9303	-0.79016	34.997	783.44	179.69	-136.16	-61.971	-82.778	-76.33	52.552	15.887	-42.699	-46.055	5.6081	80.746	-31.699
-1.9167	34.771	14.051	-6.4154	-10.214	1.8549	-1.5923	2.748	0.31067	0.5783	-0.12151	-0.60568	2.6669	-1.3284	19.721	73.083	-97.864	-95.216	41.06	-47.79	-8.0818	18.231	-71.793	29.274	-32.225	20.804	29.462	-21.53
-1.7946	38.099	12.371	-6.1467	-8.6949	0.84559	-3.0431	3.5496	0.75738	0.52134	-1.1731	-0.18421	2.2687	-2.0265	4.8852	133.1	-67.206	10.747	60.751	-40.372	-58.032	32.064	17.868	-2.2784	-42.064	16.859	-15.926	-27.925
-1.6312	36.804	13.09	-7.0085	-7.845	-0.15279	-2.9123	3.9164	1.3975	-0.0053464	-1.5688	-0.061437	2.5653	-2.788	6.5342	-51.791	28.779	-34.469	33.998	-39.935	5.2319	14.675	25.605	-21.067	-15.827	4.9111	11.863	-30.457
-1.6037	38.006	12.358	-6.3675	-8.168	-1.1296	-2.006	4.0871	1.018	-0.19981	-1.7275	0.85643	1.8459	-2.9775	1.0999	48.063	-29.318	25.638	-12.919	-39.074	36.25	6.8278	-15.18	-7.7787	-6.3505	36.715	-28.777	-7.5822
-1.6279	38.71	12.647	-6.9194	-8.028	-0.90166	-2.34	4.662	0.20148	0.25332	-1.5701	0.40836	1.9398	-3.1951	-0.96979	28.188	11.566	-22.075	5.598	9.1188	-13.358	22.996	-32.661	18.125	6.2995	-17.923	3.7579	-8.7048
-1.5172	40.772	12.044	-7.2299	-7.719	-1.7787	-0.9742	3.5977	1.0178	-0.55706	-1.0634	0.4125	1.7824	-3.1991	4.4283	82.458	-24.089	-12.419	12.36	-35.081	54.631	-42.574	32.654	-32.415	20.267	0.16544	-6.2984	-0.15874
-1.3347	41.981	11.838	-7.9777	-6.4798	-2.0742	-1.6085	4.0665	1.0751	-0.81075	-0.54967	0.025651	2.1939	-3.1063	7.3016	48.362	-8.2584	-29.911	49.57	-11.822	-25.372	18.753	2.2922	-10.148	20.549	-15.474	16.459	3.713
-1.2036	42.971	11.121	-7.6873	-7.2206	-2.1705	-1.5943	3.7947	0.8893	-0.80984	-0.8041	0.29543	1.6893	-3.0335	5.2439	39.595	-28.688	11.615	-29.635	-3.8492	0.56753	-10.872	-7.4332	0.036254	-10.177	10.791	-20.184	2.913
-1.1288	43.704	11.455	-8.3084	-6.9363	-2.4647	-1.2995	3.3408	1.2951	-1.4039	-0.38518	0.45992	1.3942	-2.6696	2.9903	29.321	13.384	-24.844	11.372	-11.77	11.794	-18.156	16.233	-23.764	16.757	6.5795	-11.803	14.554
-1.104	43.894	11.781	-8.1154	-6.7395	-2.3676	-1.6633	3.3936	1.2784	-1.145	-0.72059	0.57535	1.524	-2.8376	0.99481	7.6149	13.032	7.7199	7.8736	3.8833	-14.555	2.1133	-0.66712	10.359	-13.416	4.6176	5.1905	-6.7209
-1.171	43.843	11.902	-8.03	-6.1569	-3.2388	-1.5224	3.1652	1.1931	-1.152	-0.56518	0.41193	1.7397	-2.5628	-2.682	-2.0473	4.8154	3.413	23.305	-34.846	5.6356	-9.139	-3.4156	-0.28093	6.2163	-6.5369	8.6277	10.993
-1.3152	42.804	13.223	-7.7896	-5.7951	-3.7697	-2.0249	3.1609	1.1732	-1.3747	-0.2813	0.49229	1.79	-2.1697	-5.7653	-41.556	52.872	9.6178	14.47	-21.238	-20.097	-0.17186	-0.79286	-8.9075	11.355	3.2145	2.0145	15.724
-1.7636	37.784	15.678	-5.7789	-5.0901	-3.8565	-3.9741	3.386	0.95746	-1.3078	-1.0279	0.74715	2.2252	-1.8933	-17.937	-200.8	98.203	80.428	28.201	-3.4714	-77.968	9.0057	-8.6312	2.6735	-29.865	10.194	17.408	11.055
-2.4189	16.086	17.307	-1.4618	-2.7984	-4.7366	-3.6671	2.7933	1.1071	-1.8032	-1.1522	0.17141	2.4426	-1.3123	-26.211	-867.91	65.16	172.68	91.666	-35.203	12.281	-23.709	5.9871	-19.814	-4.9712	-23.03	8.6937	23.239
-5.4301	-23.266	12.132	6.2613	-0.062361	-2.2837	-0.18284	1.4257	1.2071	-1.8024	-1.3022	-0.99231	1.3189	-0.19587	-120.45	-1574.1	-207.03	308.92	109.44	98.117	139.37	-54.704	3.9991	0.030125	-5.9984	-46.549	-44.947	44.659
-7.5935	-31.796	9.7333	8.1632	1.9876	0.13946	0.91579	2.3783	0.79418	-3.681	-2.5251	-1.1403	1.6266	0.34796	-86.533	-341.21	-95.932	76.077	81.997	96.925	43.945	38.104	-16.517	-75.144	-48.917	-5.9188	12.311	21.753
-7.9089	-31.99	5.5998	8.6399	2.4223	-0.9002	1.6705	3.1589	0.89044	-2.857	-1.5857	-1.1484	0.70058	-0.45148	-12.618	-7.756	-165.34	19.067	17.389	-41.586	30.189	31.226	3.8506	32.963	37.576	-0.32377	-37.043	-31.978
-7.6166	-26.281	5.0686	6.6687	2.9195	-1.1843	1.889	1.4863	1.9856	-3.0557	-1.7412	-0.42827	0.67216	-1.0469	11.693	228.34	-21.248	-78.848	19.89	-11.365	8.737	-66.906	43.806	-7.9477	-6.2193	28.804	-1.1366	-23.818
-6.7638	-14.73	7.6049	7.7919	2.7396	-4.4008	2.2312	-0.42182	1.8074	-1.7575	-2.631	0.58353	-0.43485	-0.39379	34.113	462.06	101.45	44.93	-7.1971	-128.66	13.689	-76.325	-7.1289	51.925	-35.595	40.472	-44.28	26.126
-5.4847	-1.583	7.3597	7.0751	2.1249	-5.2781	1.1845	1.0812	1.8148	-2.2547	-3.2798	0.96441	-0.73489	0.22571	51.163	525.87	-9.8102	-28.675	-24.588	-35.09	-41.867	60.12	0.29593	-19.887	-25.949	15.235	-12.002	24.78
-4.9573	3.0352	8.9244	9.4031	1.2788	-6.5974	0.6412	0.23992	1.6669	-3.311	-3.1928	1.2586	-1.3218	0.087453	21.099	184.73	62.588	93.121	-33.846	-52.773	-21.733	-33.65	-5.9168	-42.251	3.4787	11.767	-23.478	-5.5302
-4.5059	2.9388	9.8472	9.8405	-0.84062	-4.995	-0.97976	0.56608	1.1654	-3.6796	-1.7103	-0.98284	-0.011681	-0.52764	18.054	-3.8574	36.912	17.497	-84.775	64.094	-64.838	13.046	-20.059	-14.745	59.301	-89.657	52.407	-24.604
-4.2224	4.7609	9.8213	9.4463	-0.59617	-5.0246	-2.3754	0.5782	1.1651	-3.4369	-1.5747	-1.0444	0.54095	-0.61781	11.34	72.882	-1.0344	-15.77	9.778	-1.1832	-55.826	0.48516	-0.012608	9.7089	5.4238	-2.4618	22.105	-3.6069
-3.9523	9.0994	10.394	9.1581	-0.67193	-6.78	-2.2482	1.5268	0.36516	-3.5768	-1.2314	-0.77241	0.24817	-0.25826	10.802	173.54	22.91	-11.525	-3.0306	-70.214	5.0902	37.945	-31.996	-5.595	13.73	10.879	-11.711	14.382
-3.9496	12.736	10.364	7.7169	-0.85991	-7.5545	-2.2843	2.4462	0.46155	-2.96	-1.2629	-0.4677	0.52446	-0.40041	0.11016	145.47	-1.2161	-57.65	-7.519	-30.982	-1.4471	36.775	3.8555	24.67	-1.2585	12.188	11.052	-5.6858
-3.9616	15.391	9.3487	5.3508	-2.8148	-8.273	-0.57701	3.3706	0.64139	-1.9114	1.32	-1.9443	0.72356	-0.28121	-0.4809	106.21	-40.6	-94.645	-78.197	-28.738	68.293	36.976	7.1937	41.947	103.32	-59.063	7.964	4.7678
-3.8448	18.367	8.8471	3.7146	-4.7891	-9.2798	0.6024	4.3086	-0.31045	-0.3165	1.6479	-2.1069	0.3984	0.20183	4.6736	119.02	-20.063	-65.445	-78.97	-40.274	47.176	37.519	-38.074	63.795	13.118	-6.5043	-13.006	19.322
-3.9756	16.229	9.6965	1.3852	-4.3679	-8.9998	0.95166	6.0295	-0.97123	0.27691	1.4605	-2.389	0.32748	0.51627	-5.2336	-85.523	33.976	-93.178	16.849	11.202	13.971	68.837	-26.431	23.736	-7.4964	-11.284	-2.8369	12.578
-3.8372	12.789	10.222	2.0513	-4.4235	-9.1544	1.6286	5.5379	-1.056	0.17241	1.6713	-2.7291	0.31649	0.88458	5.5362	-137.61	21.026	26.646	-2.2256	-6.1847	27.076	-19.664	-3.3908	-4.1799	8.4305	-13.605	-0.43929	14.733
-4.1998	18.18	9.9141	1.6847	-4.8163	-8.9417	1.8393	4.5789	-0.79378	-0.179	2.0315	-3.1534	-0.36743	1.5376	-14.506	215.63	-12.32	-14.666	-15.712	8.5082	8.4311	-38.362	10.489	-14.057	14.406	-16.971	-27.357	26.122
-4.3719	10.795	14.51	-0.83017	-1.8642	-6.7861	1.2273	3.3798	-1.5859	-0.52066	1.8302	-2.3773	-0.8541	3.049	-6.8824	-295.38	183.82	-100.59	118.08	86.223	-24.48	-47.962	-31.686	-13.666	-8.0491	31.042	-19.466	60.453
-5.1878	1.4975	10.802	0.82665	-1.834	-5.0753	1.551	1.9357	-1.3486	-0.0068638	1.4471	-1.8881	-1.0648	2.1893	-32.636	-371.9	-148.3	66.273	1.2088	68.433	12.947	-57.762	9.4916	20.552	-15.324	19.571	-8.43	-34.386
-6.3905	-0.72025	7.8345	0.45827	-0.78408	-3.5745	2.8472	0.85473	-1.5106	-0.6488	0.56343	-1.4251	-0.42984	2.3623	-48.108	-88.711	-118.7	-14.735	41.995	60.033	51.849	-43.241	-6.4785	-25.678	-35.348	18.518	25.4	6.9178
-7.2303	-8.9076	7.2543	-0.4697	1.007	0.40807	3.8741	2.0152	-0.92226	-1.9237	-1.2905	-1.7102	0.070996	1.8882	-33.592	-327.5	-23.209	-37.119	71.645	159.3	41.074	46.419	23.533	-50.998	-74.157	-11.406	20.034	-18.961
-7.3137	-5.769	5.1442	0.4431	1.4485	1.1907	4.4028	0.74715	-0.31283	-2.3779	-1.8193	-1.0358	-0.82322	1.6982	-3.334	125.55	-84.405	36.512	17.659	31.304	21.148	-50.722	24.378	-18.165	-21.153	26.978	-35.769	-7.5999
-7.2434	-15.287	8.1989	1.4756	0.024288	1.9483	4.1193	1.3602	-0.26197	-1.8601	-1.3711	-0.4977	0.031921	1.7427	2.8126	-380.7	122.19	41.302	-56.969	30.306	-11.339	24.522	2.0341	20.713	17.928	21.523	34.206	1.7789
-7.4853	-17.784	5.9045	2.9424	0.37874	0.4175	5.5235	0.36235	-0.31273	-1.2654	-1.4855	-0.87473	-1.0004	1.8809	-9.6783	-99.878	-91.775	58.668	14.178	-61.234	56.167	-39.914	-2.0303	23.787	-4.5753	-15.081	-41.291	5.5295
-7.7482	-19.283	6.3341	3.1359	2.3482	1.2725	5.4763	0.32714	-1.3198	-1.3065	-0.51185	-1.3932	-0.73045	1.613	-10.515	-59.964	17.185	7.7412	78.777	34.201	-1.8885	-1.4083	-40.283	-1.6438	38.945	-20.738	10.796	-10.719
-7.7477	-24.731	4.1679	4.5288	3.2377	1.9495	3.7623	-0.76455	-0.13529	-1.614	-0.99753	-1.0181	-0.16523	2.0027	0.020542	-217.95	-86.648	55.716	35.583	27.078	-68.558	-43.668	47.38	-12.3	-19.427	15.001	22.609	15.589
-8.0331	-26.239	4.6333	5.0292	3.3691	2.1881	4.712	-1.1471	0.7821	-2.3945	-0.98914	-0.28551	-1.8971	2.0724	-11.415	-60.305	18.616	20.018	5.2567	9.5448	37.987	-15.301	36.696	-31.221	0.33572	29.305	-69.275	2.7892
-8.3526	-34.192	3.0975	7.9445	4.98	2.43	4.7761	-0.67662	0.73904	-2.4958	-0.16212	-0.013964	-1.5871	1.2224	-12.782	-318.13	-61.432	116.61	64.433	9.6756	2.5658	18.818	-1.7226	-4.0542	33.081	10.862	12.402	-33.999
-8.3389	-36.33	0.43787	3.4787	5.7995	5.3715	6.4289	0.80531	-0.056757	-0.85583	-0.79351	0.27694	-0.2885	1.1482	0.54947	-85.493	-106.39	-178.63	32.781	117.66	66.111	59.277	-31.832	65.601	-25.255	11.636	51.943	-2.9686
-8.6103	-40.439	-2.6665	2.8596	7.4526	8.0478	7.0345	-0.25044	0.03958	-0.29832	1.767	1.8395	-1.0146	0.36892	-10.859	-164.38	-124.18	-24.764	66.124	107.05	24.222	-42.23	3.8535	22.301	102.42	62.502	-29.043	-31.172
-8.9205	-40.65	-1.1618	1.9984	4.5934	6.4847	6.1793	1.5055	1.3793	0.54838	3.1695	0.2973	-0.20869	0.96282	-12.408	-8.4248	60.19	-34.445	-114.37	-62.523	-34.208	70.239	53.589	33.868	56.101	-61.688	32.235	23.756
-9.5142	-42.023	-0.27181	3.0524	1.7598	4.8285	4.7696	1.0794	0.71875	-0.51524	2.0747	0.042975	0.29052	0.44062	-23.746	-54.938	35.598	42.157	-113.34	-66.249	-56.388	-17.044	-26.422	-42.545	-43.795	-10.173	19.968	-20.888
-10.419	-42.169	-1.3517	0.75565	0.76826	3.0171	4.1586	1.0634	-0.90723	-1.3513	1.0357	-0.070784	-0.64044	-0.071514	-36.197	-5.8342	-43.194	-91.869	-39.663	-72.456	-24.44	-0.64025	-65.039	-33.442	-41.556	-4.5503	-37.238	-20.485
-9.9326	-36.253	0.78552	-2.4629	-4.5018	0.083866	3.2282	0.14186	-0.31336	-0.60585	1.801	-0.99288	-1.9883	-0.70748	19.462	236.65	85.487	-128.74	-210.8	-117.33	-37.216	-36.862	23.755	29.818	30.612	-36.884	-53.915	-25.439
-9.1905	-35.769	0.57168	-3.2138	-8.9562	-2.4907	3.0317	2.6095	0.4963	-1.2052	2.1681	-1.8374	-2.1131	-1.2828	29.684	19.334	-8.5539	-30.034	-178.18	-102.98	-7.857	98.704	32.386	-23.974	14.684	-33.782	-4.9909	-23.012
-9.1922	-33.147	0.022807	-3.0006	-10.561	-4.2622	3.1194	2.4225	-0.27937	-0.68715	2.8118	-1.6365	-1.5526	-1.9501	-0.068835	104.88	-21.955	8.528	-64.18	-70.857	3.5043	-7.4796	-31.027	20.722	25.746	8.0356	22.418	-26.693
-9.5615	-37.091	-3.4763	-4.0151	-8.8663	-4.4245	1.8499	1.0509	-0.91602	0.44597	2.1648	-0.27487	0.21681	-1.3604	-14.773	-157.77	-139.97	-40.58	67.779	-6.4932	-50.779	-54.863	-25.466	45.325	-25.88	54.467	70.778	23.59
-10.367	-40.665	-4.4935	-3.82	-7.3814	-2.6394	1.8431	1.9829	-0.17422	0.67629	3.1807	-0.43501	-0.80527	-0.77259	-32.234	-142.94	-40.687	7.804	59.396	71.404	-0.2714	37.279	29.672	9.2128	40.637	-6.4055	-40.883	23.511
-10.763	-43.141	-4.9377	-4.4849	-5.6931	-2.6322	2.6282	1.9245	-1.0452	-0.081456	3.0759	-1.1188	-1.6233	-1.9511	-15.814	-99.034	-17.768	-26.597	67.532	0.2874	31.406	-2.337	-34.841	-30.31	-4.1913	-27.352	-32.723	-47.139
-11.054	-42.534	-3.8112	-2.6674	-5.1356	-1.7561	2.2547	0.75673	-2.2881	-1.969	1.9384	-0.47791	-1.5987	0.23081	-11.635	24.28	45.058	72.702	22.297	35.046	-14.943	-46.709	-49.716	-75.503	-45.503	25.636	0.98603	87.275
-11.448	-48.274	-6.4218	-3.1748	-7.146	-2.6543	2.5637	0.73568	-0.41536	-1.3296	2.6191	-0.17892	-1.8486	-1.4816	-15.758	-229.61	-104.42	-20.299	-80.415	-35.931	12.361	-0.84206	74.911	25.576	27.231	11.96	-9.9979	-68.498
-12.035	-52.329	-8.6161	-3.6869	-5.7062	-0.63455	3.8901	0.32093	-0.39019	0.18395	2.897	-0.74586	-1.3561	-1.3494	-23.481	-162.18	-87.772	-20.483	57.591	80.791	53.057	-16.59	1.0066	60.544	11.114	-22.677	19.702	5.289
-12.573	-59.115	-9.8828	-4.3784	-5.623	-0.082769	1.4705	-0.22089	-1.5095	-2.2734	0.78184	0.31221	0.22968	0.087516	-21.528	-271.46	-50.666	-27.658	3.3306	22.071	-96.785	-21.673	-44.774	-98.294	-84.605	42.323	63.431	57.477
-12.964	-55.339	-8.6231	-2.6808	-3.3067	0.08614	2.0794	1.6578	-0.42422	-0.91797	1.2902	-0.78598	-1.8727	0.66946	-15.636	151.06	50.389	67.905	92.653	6.7564	24.357	75.147	43.413	54.217	20.334	-43.928	-84.094	23.278
-12.846	-59.573	-14.205	-2.2922	-0.76505	0.24353	1.0157	1.1617	-1.0173	0.08604	2.4724	0.87113	-1.1556	-0.49387	4.7189	-169.39	-223.29	15.543	101.66	6.2955	-42.548	-19.845	-23.725	40.16	47.29	66.285	28.681	-46.533
-12.959	-58.019	-13.911	1.8708	-0.77999	2.6187	2.1495	0.80972	-0.5839	0.45516	0.86518	-0.324	-0.85649	0.79767	-4.5417	62.182	11.777	166.52	-0.59723	95.005	45.349	-14.077	17.338	14.765	-64.29	-47.805	11.966	51.661
-13.148	-62.246	-14.154	0.36532	-0.96484	-1.13	-0.053571	-0.13607	1.2988	0.68037	1.6967	-0.16372	-0.74056	-0.058558	-7.5456	-169.09	-9.7394	-60.22	-7.394	-149.95	-88.121	-37.832	75.307	9.0084	33.262	6.411	4.637	-34.249
-13.568	-64.147	-12.898	-0.72748	-0.66646	0.3619	0.43791	0.87118	1.2058	-1.1713	-0.0011198	-0.30622	0.90939	0.84273	-16.811	-76.037	50.259	-43.712	11.935	59.677	19.659	40.29	-3.7194	-74.067	-67.914	-5.6998	65.998	36.051
-13.771	-64.185	-13.914	0.37127	-0.99136	-1.1895	0.6551	0.48689	1.7694	-0.21508	2.0656	0.96948	0.4277	-0.13403	-8.1002	-1.5235	-40.632	43.95	-12.996	-62.055	8.6877	-15.372	22.547	38.25	82.667	51.028	-19.268	-39.07
-13.674	-68.433	-16.749	-0.97889	1.073	2.4309	2.993	1.4491	1.2179	-0.34582	1.4172	0.94784	0.34061	1.3197	3.8678	-169.9	-113.41	-54.006	82.574	144.82	93.516	38.489	-22.063	-5.2299	-25.934	-0.86585	-3.4837	58.15
-13.752	-67.421	-13.785	1.344	1.5181	2.0095	1.4279	2.3067	1.4708	-0.41534	0.67315	0.38153	-0.52741	0.5156	-3.1189	40.485	118.57	92.916	17.804	-16.858	-62.605	34.305	10.117	-2.7806	-29.762	-22.652	-34.721	-32.165
-13.891	-65.865	-13.948	-0.47741	0.026671	-0.78824	-0.11712	0.92874	0.07267	-1.4036	-0.78479	0.0067711	0.74229	1.4414	-5.5503	62.232	-6.5321	-72.857	-59.657	-111.91	-61.8	-55.12	-55.926	-39.53	-58.318	-14.99	50.788	37.033
-13.844	-66.545	-12.814	0.98811	1.4024	0.7148	-0.955	0.26291	0.064621	-1.3514	-0.13009	0.49285	1.656	1.1931	1.8676	-27.217	45.385	58.621	55.031	60.122	-33.515	-26.633	-0.32197	2.0864	26.188	19.443	36.548	-9.9336
-13.828	-66.949	-12.709	2.1537	1.9532	3.1456	1.617	0.34812	0.91899	-0.04486	0.31669	0.3573	-0.22219	-1.0287	0.65132	-16.146	4.1802	46.623	22.032	97.233	102.88	3.4084	34.175	52.263	17.871	-5.4224	-75.128	-88.873
-13.77	-67.501	-13.71	1.681	1.7529	1.0841	1.1678	1.1645	1.0083	0.52448	1.3385	-1.1977	-0.42182	-0.42613	2.3104	-22.067	-40.054	-18.908	-8.0137	-82.461	-17.967	32.656	3.5734	22.774	40.872	-62.199	-7.985	24.104
-13.671	-66.696	-14.7	0.68927	0.96393	-0.72449	-0.29357	0.56338	0.1121	-0.33638	-0.29096	-1.002	-0.84729	-0.73638	3.942	32.174	-39.586	-39.669	-31.559	-72.344	-58.457	-24.046	-35.849	-34.434	-65.178	7.8261	-17.019	-12.41
-13.786	-67.509	-14.545	1.4797	-0.9704	-0.27034	1.1664	-0.57164	1.3928	0.29179	0.21415	-0.11018	1.3017	-0.0098027	-4.5651	-32.513	6.1867	31.618	-77.373	18.166	58.401	-45.401	51.23	25.127	20.205	35.674	85.961	29.063
-13.936	-68.221	-14.013	0.41192	0.52803	0.35478	-0.4788	0.18105	1.6746	-0.74579	-0.85459	0.3475	-0.50843	0.94907	-6.0326	-28.494	21.313	-42.712	59.937	25.005	-65.81	30.107	11.271	-41.503	-42.75	18.307	-72.407	38.355
-13.933	-64.751	-12.861	-0.42129	-1.0047	0.80262	1.05	0.64281	2.0923	0.55109	1.8617	0.46799	0.038885	0.47184	0.12769	138.84	46.077	-33.328	-61.31	17.914	61.152	18.471	16.708	51.875	108.65	4.8192	21.893	-19.089
-13.986	-67.512	-14.115	-1.4503	-0.58366	0.69677	1.4393	0.537	0.18581	-0.56624	1.3044	0.43499	0.1355	-0.10019	-2.127	-110.46	-50.193	-41.162	16.842	-4.2339	15.573	-4.2326	-76.26	-44.693	-22.29	-1.3198	3.8647	-22.881
-14.038	-65.645	-12.229	0.58534	-0.21824	-1.5521	-0.36309	-0.5776	0.84912	-0.48641	1.6129	0.55652	0.17825	1.0756	-2.0535	74.659	75.476	81.427	14.617	-89.953	-72.097	-44.584	26.532	3.1929	12.339	4.8613	1.7098	47.032
-14.013	-70.14	-14.548	0.43045	1.3683	1.1854	-1.0872	-0.52459	1.2066	0.73724	0.94748	0.51982	1.3044	0.080219	0.99545	-179.78	-92.767	-6.1953	63.462	109.5	-28.964	2.1202	14.297	48.946	-26.616	-1.4681	45.046	-39.816
-14.017	-69.159	-14.853	0.1838	1.0619	0.94351	-0.47182	0.71151	1.1618	-0.17377	0.12087	-0.48209	0.30903	0.85099	-0.18774	39.221	-12.193	-9.8663	-12.257	-9.6758	24.614	49.444	-1.7903	-36.44	-33.065	-40.076	-39.814	30.831
-13.879	-66.76	-12.809	0.83027	-2.4592	-1.1905	-0.023215	0.68065	0.1223	0.72969	1.8019	0.36414	1.1977	1.4883	5.5267	95.966	81.754	25.859	-140.84	-85.36	17.944	-1.2344	-41.58	36.138	67.242	33.849	35.548	25.493
-13.888	-67.155	-14.717	-0.29886	-1.0551	-0.9226	0.83585	0.21199	1.6919	0.76854	0.051509	-0.31563	0.68611	-0.38559	-0.34345	-15.809	-76.338	-45.165	56.164	10.716	34.363	-18.746	62.783	1.5541	-70.016	-27.191	-20.465	-74.956
-14.007	-67.37	-14.501	-0.85929	-0.10817	1.0215	0.41466	-0.10105	2.8966	0.42107	-0.60584	-1.7967	0.12125	-0.067886	-4.7462	-8.5898	8.6307	-22.417	37.878	77.763	-16.848	-12.522	48.19	-13.899	-26.294	-59.243	-22.594	12.708
-14.052	-69.189	-14.015	0.031481	0.17821	-0.51836	-1.938	-0.051527	0.6584	-1.5219	0.97052	-1.3214	0.29589	0.075886	-1.8234	-72.74	19.465	35.631	11.455	-61.593	-94.107	1.9811	-89.529	-77.719	63.054	19.01	6.9857	5.7508
-13.694	-68.649	-14.444	-0.33979	1.1415	-0.073091	-1.0531	0.51737	1.1355	-0.30923	1.2252	1.1926	-0.063637	1.0787	14.334	21.59	-17.18	-14.851	38.533	17.811	35.395	22.756	19.086	48.507	10.189	100.56	-14.381	40.114
-5.1612	30.261	-13.484	-6.1504	0.85293	-7.4226	-2.5463	-2.1657	-1.6676	-0.17122	-1.4309	-0.52096	-0.27823	-0.28244	341.3	3956.4	38.423	-232.42	-11.545	-293.98	-59.728	-107.32	-112.13	5.5207	-106.25	-68.544	-8.5836	-54.447
-4.6082	39.855	-13.943	0.37444	-0.41453	-5.1181	-0.66629	-2.7681	0.64953	0.86353	-0.74596	-0.090492	1.3838	1.3332	22.122	383.76	-18.353	260.99	-50.698	92.177	75.202	-24.098	92.685	41.39	27.398	17.219	66.482	64.625
-4.6672	31.286	-19.536	-2.5717	1.7972	-1.7503	1.2281	-3.5519	0.63812	2.1679	-1.5557	-1.7228	2.1026	2.7763	-2.3605	-342.75	-223.74	-117.85	88.469	134.71	75.774	-31.35	-0.45623	52.176	-32.389	-65.294	28.752	57.724
-4.8304	34.794	-13.84	-2.0465	2.0156	-1.2936	0.17854	-1.9299	0.92104	2.2488	-0.19	0.65207	2.7688	1.904	-6.5284	140.33	227.86	21.01	8.7341	18.268	-41.981	64.877	11.317	3.2363	54.628	94.997	26.648	-34.892
-5.2702	32.598	-11.24	-1.3702	0.72891	-1.0172	-1.2701	-2.1563	1.7917	1.2323	-0.095725	-1.0485	1.3106	2.5883	-17.594	-87.863	104	27.051	-51.466	11.058	-57.945	-9.0556	34.825	-40.66	3.7708	-68.021	-58.326	27.373
-5.6006	25.49	-10.301	-2.0441	1.7559	-0.039996	-1.2031	-2.7931	0.58179	0.4139	-0.26158	-1.7913	1.296	1.5081	-13.215	-284.3	37.532	-26.956	41.082	39.087	2.6789	-25.473	-48.395	-32.737	-6.6342	-29.713	-0.58518	-43.207
-5.875	22.599	-7.5985	-0.83743	2.3384	-0.89761	-2.4148	-3.1033	0.77388	-1.9414	-2.508	-2.6468	-0.96231	1.858	-10.976	-115.66	108.11	48.268	23.297	-34.305	-48.465	-12.408	7.6836	-94.212	-89.858	-34.222	-90.333	13.997
-6.236	19.573	-6.37	-3.2251	1.0056	-1.4721	-3.0432	-2.3506	2.0355	-0.368	-1.0955	-1.7869	-0.036347	1.2012	-14.441	-121.02	49.142	-95.506	-53.31	-22.979	-25.137	30.108	50.466	62.936	56.503	34.396	37.038	-26.275
-6.6306	10.533	-6.5138	-1.8202	1.5199	-0.013869	-0.92832	-3.2607	2.1738	-0.0018834	0.40767	0.07082	1.0039	-0.28943	-15.784	-361.59	-5.7542	56.197	20.572	58.329	84.595	-36.402	5.5317	14.645	60.125	74.31	41.608	-59.624
-4.4234	14.183	0.58736	3.1234	4.8103	3.222	-2.5978	-2.4795	2.2586	0.60039	0.02317	-1.6464	-0.37325	1.3189	88.288	145.99	284.05	197.74	131.61	129.44	-66.78	31.249	3.3925	24.091	-15.38	-68.69	-55.085	64.332
-3.4086	36.053	4.0525	-0.63696	6.459	0.57759	-2.7633	-1.7063	-0.18102	1.4674	-1.0241	0.35327	-0.28008	0.95725	40.592	874.79	138.6	-150.42	65.949	-105.78	-6.6202	30.927	-97.586	34.682	-41.891	79.988	3.7267	-14.465
-2.8066	34.207	2.6858	-0.47989	8.1505	1.7405	-3.1566	-4.0296	-1.4612	-0.39024	-0.36686	1.4315	1.6661	1.3219	24.081	-73.842	-54.667	6.2826	67.662	46.518	-15.731	-92.932	-51.207	-74.307	26.289	43.128	77.849	14.585
-2.6256	29.086	3.7855	0.40453	9.4732	1.8187	-3.7309	-4.3946	-2.5838	0.26463	-0.26996	1.3134	1.6908	1.0161	7.24	-204.85	43.986	35.377	52.908	3.1267	-22.973	-14.6	-44.905	26.195	3.8759	-4.7247	0.98494	-12.233
-2.6633	25.714	4.9219	0.55878	9.1417	2.6073	-4.1632	-4.5896	-2.0832	0.091322	-0.97666	1.8827	1.141	0.6744	-1.5074	-134.86	45.458	6.1703	-13.259	31.545	-17.293	-7.801	20.025	-6.9324	-28.268	22.776	-21.991	-13.667
-2.8027	23.866	5.903	0.72258	7.6274	3.5401	-3.9861	-3.8432	-3.1049	0.095746	-1.1435	2.0048	1.0745	0.43514	-5.577	-73.911	39.242	6.5518	-60.574	37.313	7.0842	29.857	-40.868	0.17696	-6.672	4.8829	-2.6581	-9.5704
-2.8433	23.847	5.8393	1.4175	7.0196	2.0953	-2.7631	-3.5446	-2.6048	-1.1962	-1.2547	3.2014	0.80393	-0.63517	-1.6223	-0.78207	-2.545	27.796	-24.311	-57.796	48.923	11.943	20.001	-51.678	-4.4479	47.865	-10.825	-42.813
-2.8317	24.965	5.2754	1.8564	5.2011	2.8484	-1.5978	-3.7862	-3.0334	-1.3134	-1.2189	3.6324	0.36786	-0.26363	0.46454	44.737	-22.558	17.556	-72.741	30.126	46.61	-9.6637	-17.142	-4.6877	1.4321	17.24	-17.443	14.862
-2.8719	20.252	6.6783	3.8447	5.6907	0.46578	-1.9894	-2.4885	-1.7823	-2.1391	-2.3107	4.4892	0.77574	-0.16359	-1.6084	-188.55	56.115	79.533	19.584	-95.305	-15.663	51.909	50.043	-33.027	-43.675	34.271	16.315	4.0014
-3.0284	19.69	6.8652	5.5205	4.0929	-0.83875	0.17863	-3.0433	-1.114	-3.3693	-1.9818	3.625	1.5353	0.18746	-6.2609	-22.444	7.4782	67.034	-63.913	-52.181	86.72	-22.195	26.733	-49.207	13.155	-34.567	30.383	14.042
-3.4878	11.318	10.442	4.7114	3.3821	-1.4453	1.7058	-2.777	-1.8323	-3.4138	-2.138	2.8045	1.5712	1.3905	-18.375	-334.9	143.07	-32.366	-28.43	-24.261	61.087	10.651	-28.732	-1.7817	-6.2454	-32.823	1.4374	48.123
-4.0264	3.6234	9.7445	4.4287	3.6487	-2.1627	4.8513	-0.0065474	-1.0527	-4.7341	-2.0568	0.42839	2.4188	2.9803	-21.545	-307.78	-27.902	-11.305	10.661	-28.696	125.82	110.82	31.182	-52.812	3.2461	-95.043	33.904	63.59
-3.8289	5.5953	11.539	5.6357	2.3449	-2.9672	5.2023	-0.38711	-2.2673	-4.4296	-2.1928	1.7443	1.8483	1.4541	7.8991	78.875	71.801	48.277	-52.151	-32.183	14.041	-15.223	-48.584	12.179	-5.439	52.638	-22.821	-61.046
-3.3218	10.029	10.623	9.2851	-0.83983	-2.5845	2.8309	-0.45974	-0.62563	-4.6027	-2.2878	1.6042	1.6969	1.0742	20.286	177.34	-36.648	145.98	-127.39	15.31	-94.856	-2.9052	65.669	-6.9223	-3.8001	-5.6047	-6.057	-15.198
-2.9653	14.793	11.632	7.906	-1.2106	-3.2196	2.4892	-0.71084	-0.33344	-4.0637	-2.2827	1.0322	1.123	1.2664	14.26	190.57	40.332	-55.165	-14.832	-25.403	-13.668	-10.044	11.688	21.561	0.20246	-22.879	-22.955	7.6886
-2.7893	12.772	15.934	4.8943	0.24497	-5.2496	2.6646	-0.62179	-0.33669	-3.5052	-2.5906	0.95666	1.4756	-0.34879	7.039	-80.837	172.12	-120.47	58.224	-81.203	7.013	3.562	-0.13002	22.339	-12.313	-3.0233	14.102	-64.607
-2.733	16.595	15.547	5.0798	-1.4393	-5.2577	0.73857	1.0792	-0.63143	-2.7792	-1.5409	1.218	0.8163	-1.1101	2.2523	152.91	-15.485	7.4192	-67.371	-0.32047	-77.04	68.041	-11.789	29.039	41.986	10.453	-26.371	-30.453
-2.4402	31.451	11.5	1.2756	-4.4813	-6.4835	1.1987	2.7842	0.36305	-2.5762	1.0198	0.35719	0.6417	-1.0937	11.713	594.24	-161.88	-152.17	-121.68	-49.033	18.406	68.2	39.779	8.1181	102.43	-34.431	-6.9842	0.65693
-2.1837	35.029	10.841	-0.69012	-5.4223	-6.5026	1.4167	4.945	-0.93155	-1.3695	0.29334	0.1336	0.67171	-0.66846	10.258	143.12	-26.374	-78.629	-37.639	-0.76452	8.7214	86.429	-51.784	48.271	-29.061	-8.9436	1.2007	17.01
-2.1223	37.103	9.3826	-1.2086	-5.7816	-5.8793	0.91651	6.1797	-1.2418	-1.6138	0.55384	-0.63656	0.54233	-0.52386	2.4586	82.969	-58.336	-20.74	-14.375	24.933	-20.01	49.388	-12.412	-9.7732	10.42	-30.806	-5.1754	5.7837
-2.2251	36.341	9.6785	-2.4305	-5.1092	-5.8145	1.3262	6.2998	-1.7578	-0.84323	-0.22203	-0.57088	0.08742	0.17445	-4.1133	-30.476	11.833	-48.874	26.896	2.5932	16.387	4.8034	-20.637	30.823	-31.035	2.6272	-18.196	27.933
-2.3449	36.151	8.1421	-1.9017	-5.371	-4.9243	1.6677	6.5911	-2.5365	-1.5518	0.98607	-1.5595	0.59921	-0.24815	-4.7939	-7.6379	-61.456	21.148	-10.471	35.607	13.661	11.653	-31.148	-28.343	48.324	-39.544	20.472	-16.904
-2.3622	35.324	8.1834	-2.7073	-4.8433	-4.519	2.3042	6.4824	-3.0302	-1.7228	0.84334	-1.173	0.51635	-0.054473	-0.69079	-33.044	1.6542	-32.221	21.109	16.21	25.46	-4.3469	-19.751	-6.8381	-5.7092	15.458	-3.3144	7.747
-2.453	35.253	7.2969	-2.2655	-5.3213	-4.1476	3.2526	6.3705	-3.403	-2.1001	0.97182	-1.3268	0.81652	-0.25106	-3.6329	-2.8765	-35.462	17.672	-19.119	14.857	37.937	-4.4747	-14.909	-15.094	5.1393	-6.1509	12.007	-7.8636
-2.4227	34.625	7.1212	-2.5677	-4.7618	-3.6257	2.9425	6.6867	-3.8467	-2.6773	1.5791	-1.521	1.0408	-0.43515	1.215	-25.081	-7.0288	-12.088	22.381	20.875	-12.406	12.645	-17.748	-23.087	24.29	-7.7667	8.9724	-7.3633
-2.3463	36.546	7.0397	-3.6264	-4.8305	-3.2534	3.8044	6.3342	-3.7767	-2.9946	1.6957	-1.5196	1.053	-0.50993	3.054	76.822	-3.2586	-42.351	-2.7505	14.893	34.474	-14.098	2.7988	-12.693	4.665	0.053085	0.48822	-2.9915
-2.3948	38.103	6.3512	-4.0293	-4.9218	-2.3355	3.0848	6.9384	-4.4721	-2.972	2.0378	-1.4749	0.98443	-0.72444	-1.9386	62.282	-27.54	-16.115	-3.6507	36.714	-28.782	24.166	-27.816	0.90474	13.686	1.7914	-2.7445	-8.5802
-2.4456	38.151	5.8931	-3.9863	-4.9626	-2.1094	2.9894	7.0789	-4.8427	-2.914	2.2997	-1.6771	0.64816	-0.82779	-2.0338	1.9257	-18.326	1.7199	-1.6314	9.045	-3.8168	5.6203	-14.824	2.32	10.475	-8.0917	-13.451	-4.1341
-2.4525	39.382	5.8958	-4.4473	-4.5738	-1.418	2.7722	6.5257	-4.5245	-2.6974	2.1047	-1.2755	0.25146	-0.70772	-0.27643	49.233	0.10903	-18.442	15.549	27.658	-8.6888	-22.128	12.729	8.664	-7.8007	16.066	-15.868	4.8028
-2.4863	38.7	5.4936	-4.7791	-4.4826	-1.0068	2.443	6.2413	-4.6961	-2.1621	1.9583	-1.2701	-0.20025	-0.81299	-1.3492	-27.282	-16.088	-13.272	3.6511	16.448	-13.166	-11.376	-6.8655	21.411	-5.8557	0.21777	-18.068	-4.2108
-2.6301	40.357	5.0684	-5.4763	-3.7573	-0.91905	2.4752	5.8622	-4.6463	-1.9389	2.1901	-1.2231	-0.62541	-0.70097	-5.754	66.266	-17.009	-27.885	29.009	3.508	1.2858	-15.162	1.9937	8.9317	9.2713	1.8782	-17.007	4.4806
-2.6918	40.486	5.2444	-6.3501	-3.3151	-0.95288	2.4788	5.2854	-4.1483	-2.2982	2.3209	-0.95957	-0.84825	-0.88749	-2.466	5.1819	7.0416	-34.954	17.688	-1.3531	0.14443	-23.072	19.918	-14.372	5.2342	10.541	-8.9136	-7.4605
-2.6135	41.518	4.9205	-6.5528	-4.0001	0.14748	2.1228	5.0263	-4.1458	-1.5302	2.1021	-0.96037	-1.2311	-0.89769	3.1314	41.255	-12.955	-8.1069	-27.4	44.014	-14.239	-10.364	0.098924	30.717	-8.7537	-0.031886	-15.314	-0.40811
-2.5088	41.271	5.0614	-6.7076	-3.849	-0.13949	2.7355	4.2208	-3.8311	-1.5708	2.4025	-1.0131	-1.6679	-0.89028	4.1859	-9.8749	5.6366	-6.1918	6.0452	-11.479	24.507	-32.223	12.59	-1.6241	12.016	-2.1103	-17.472	0.29627
-2.7246	40.014	5.6334	-7.0264	-3.3414	0.038709	2.89	3.3933	-3.6375	-1.3072	2.5277	-1.2969	-1.5228	-0.94028	-8.6297	-50.252	22.877	-12.753	20.304	7.1278	6.1804	-33.098	7.744	10.543	5.01	-11.353	5.8034	-1.9999
-2.9054	40.197	4.595	-6.3544	-3.1639	0.60707	2.1195	3.0988	-3.2236	-0.88748	2.3931	-1.6477	-1.4336	-1.1555	-7.2339	7.3166	-41.534	26.881	7.101	22.734	-30.821	-11.782	16.557	16.791	-5.3861	-14.03	3.5677	-8.607
-2.9656	41.063	4.0547	-6.2485	-3.4207	1.5897	1.4834	2.7979	-3.2739	0.074575	1.9254	-1.9259	-1.0574	-1.3839	-2.4091	34.625	-21.613	4.2358	-10.275	39.304	-25.443	-12.034	-2.0128	38.482	-18.706	-11.129	15.049	-9.1378
-2.8799	42.162	3.9698	-6.5807	-2.9707	1.8789	1.3203	2.4649	-3.8759	1.533	0.85331	-1.9079	-0.92262	-0.95035	3.4277	43.981	-3.3974	-13.288	18.001	11.568	-6.5229	-13.321	-24.08	58.337	-42.885	0.72305	5.3913	17.342
-3.1322	40.209	4.2738	-6.2007	-2.166	1.5066	0.87338	2.2913	-3.305	1.6245	1.0713	-2.4961	-1.2127	-0.41131	-10.092	-78.129	12.162	15.201	32.188	-14.893	-17.877	-6.9445	22.836	3.6598	8.7214	-23.528	-11.605	21.562
-3.3641	39.904	3.2965	-4.9402	-1.7813	1.7046	0.32031	1.9724	-2.6357	1.3244	1.0718	-2.7336	-1.2087	-0.16967	-9.2755	-12.193	-39.094	50.42	15.39	7.9222	-22.123	-12.755	26.772	-12.005	0.018616	-9.4999	0.16066	9.6659
-3.5508	37.507	3.8504	-4.3837	-0.69816	1.3887	-0.0417	1.5825	-2.0889	1.4505	0.6986	-2.4054	-1.474	0.15226	-7.4664	-95.883	22.159	22.258	43.324	-12.637	-14.48	-15.598	21.872	5.0442	-14.929	13.125	-10.612	12.877
-3.6581	35.519	3.6954	-3.3864	-0.8242	1.471	-0.19406	1.0926	-1.6088	1.1748	0.687	-2.5237	-1.5831	0.16721	-4.2932	-79.532	-6.2018	39.893	-5.0416	3.2923	-6.0945	-19.594	19.203	-11.026	-0.46393	-4.7294	-4.3632	0.59813
-4.1267	28.502	5.4865	-2.1621	-0.18811	1.6026	-0.080837	0.27657	-1.3476	1.3705	0.22609	-1.9543	-1.9923	0.15558	-18.742	-280.68	71.645	48.973	25.444	5.2623	4.5291	-32.642	10.446	7.8263	-18.436	22.774	-16.366	-0.46533
-4.8488	15.923	6.9694	0.065212	-0.88429	2.944	0.42466	-0.33839	-1.9499	1.6572	0.16188	-1.6808	-2.4336	-0.19204	-28.886	-503.16	59.316	89.091	-27.847	53.658	20.22	-24.598	-24.092	11.469	-2.5684	10.943	-17.652	-13.905
-5.5729	-5.6863	7.2054	4.0784	0.81361	2.4328	2.0418	-3.1562	0.33917	1.386	-0.27748	-1.0475	-3.2239	-0.21088	-28.961	-864.37	9.441	160.53	67.916	-20.447	64.686	-112.71	91.565	-10.851	-17.575	25.33	-31.615	-0.75365
-6.3241	-17.076	8.4683	6.1694	4.0954	1.5959	0.52191	-3.8223	1.4183	1.5552	-0.89311	-0.85251	-3.4457	0.68118	-30.049	-455.58	50.513	83.641	131.27	-33.479	-60.796	-26.645	43.163	6.7687	-24.625	7.7997	-8.8708	35.683
-6.8043	-23.55	6.9432	9.6321	5.1148	0.77063	-0.034513	-3.1341	1.694	1.2916	-1.2207	-0.94446	-2.3195	0.6055	-19.21	-258.96	-61.004	138.51	40.778	-33.009	-22.257	27.527	11.029	-10.542	-13.104	-3.678	45.049	-3.0275
-7.5996	-36.822	4.1975	11.758	7.3366	0.57348	0.69166	-1.5842	1.3079	0.60005	-1.319	-0.066567	-1.5861	0.48879	-31.811	-530.88	-109.83	85.033	88.872	-7.8858	29.047	61.995	-15.443	-27.663	-3.9325	35.116	29.334	-4.6683
-9.0045	-48.24	-3.5274	10.806	6.9489	1.634	2.5292	-1.7301	1.145	-0.073763	0.32697	-0.10527	1.0242	1.0659	-56.198	-456.75	-309	-38.069	-15.509	42.421	73.501	-5.8329	-6.5165	-26.953	65.84	-1.5482	104.42	23.083
-5.665	7.6509	-15.133	-0.36392	-4.4194	-0.060477	-3.3844	-0.10153	1.3325	1.236	2.8229	-0.72626	0.53507	-0.2834	133.58	2235.7	-464.2	-446.8	-454.73	-67.779	-236.54	65.141	7.4999	52.391	99.838	-24.84	-19.567	-53.97
-4.028	14.083	-25.788	6.1665	-7.9467	-0.55761	-3.3157	-1.1695	1.6604	1.3102	3.0148	-0.59777	-0.19803	0.36601	65.48	257.3	-426.22	261.22	-141.09	-19.885	2.7492	-42.72	13.117	2.9667	7.6758	5.1396	-29.324	25.977
-3.6978	14.029	-27.549	11.498	-4.3214	0.74396	-0.8664	-0.52474	1.0941	-1.079	1.5234	0.28731	0.71645	0.61625	13.209	-2.1609	-70.432	213.27	145.01	52.063	97.971	25.792	-22.65	-95.569	-59.655	35.403	36.579	10.009
-3.7896	11.757	-27.572	9.23	-3.4339	2.0182	0.3042	-0.41352	2.1535	0.2298	1.8598	-0.30676	0.44293	0.48789	-3.6749	-90.882	-0.92787	-90.734	35.499	50.97	46.824	4.449	42.376	52.354	13.456	-23.763	-10.941	-5.1342
-3.9715	14.39	-25.484	10.223	-3.5536	0.9153	1.0765	0.28522	1.0507	-1.7933	1.7427	-1.3466	0.57288	-0.5133	-7.2726	105.3	83.533	39.737	-4.7887	-44.116	30.892	27.95	-44.113	-80.924	-4.6844	-41.593	5.198	-40.048
-4.4813	17.59	-21.445	10.351	-1.9506	1.9924	-0.37056	-3.2542	0.98531	-1.3828	1.2649	-1.3979	-0.43704	0.25568	-20.395	128	161.56	5.1159	64.121	43.082	-57.882	-141.58	-2.6162	16.42	-19.113	-2.0538	-40.397	30.759
-5.4999	7.8916	-23.179	5.6955	-1.2905	-2.4178	2.5306	-4.6587	0.84459	0.71471	0.50817	0.38515	0.68253	1.4215	-40.743	-387.92	-69.364	-186.23	26.403	-176.41	116.05	-56.179	-5.6289	83.9	-30.27	71.324	44.783	46.634
-6.5493	3.4869	-19.096	3.4956	2.1695	-4.1712	3.3391	-1.4911	-1.089	1.8181	0.11013	-1.2416	0.82758	-0.082363	-41.976	-176.19	163.33	-87.997	138.4	-70.135	32.34	126.7	-77.342	44.134	-15.921	-65.07	5.8018	-60.156
-8.0843	-11.658	-14.444	0.68954	6.9207	-2.6438	2.9102	1.15	1.0593	1.9031	1.5338	-0.75907	-0.47182	0.93178	-61.4	-605.8	186.07	-112.24	190.05	61.095	-17.157	105.65	85.929	3.4023	56.948	19.301	-51.976	40.566
-10.011	-31.944	-8.1078	3.047	5.1235	-1.8088	2.3217	-0.10721	0.90852	0.75014	2.0252	0.59127	0.091804	1.8025	-77.056	-811.43	253.44	94.298	-71.89	33.4	-23.538	-50.29	-6.0296	-46.119	19.653	54.014	22.545	34.828
-8.8523	-41.542	-5.1615	5.1649	4.0072	0.68357	3.799	-0.2101	1.3298	1.0785	0.94578	-0.21723	-2.1555	0.40692	46.335	-383.92	117.85	84.717	-44.651	99.696	59.092	-4.1158	16.849	13.132	-43.175	-32.34	-89.894	-55.823
-7.3368	-28.675	6.8976	7.4981	4.8413	3.4141	2.1421	-1.8059	-0.72685	-0.341	1.1657	0.45428	-0.73527	1.4086	60.623	514.68	482.37	93.326	33.364	109.22	-66.278	-63.831	-82.264	-56.778	8.798	26.86	56.811	40.066
-6.4692	-15.545	7.6903	6.2673	3.6558	2.0051	3.8391	-2.7889	-0.79256	-1.9778	0.2112	1.4289	-1.2452	1.3947	34.703	525.2	31.708	-49.229	-47.418	-56.362	67.881	-39.322	-2.6282	-65.474	-38.181	38.984	-20.397	-0.55568
-6.1947	-16.948	8.1377	7.2022	2.4104	3.0601	2.8251	-0.90832	-1.6804	-2.7428	0.12553	0.78829	-1.122	0.19512	10.98	-56.155	17.897	37.394	-49.82	42.198	-40.562	75.224	-35.515	-30.598	-3.4267	-25.623	4.9272	-47.982
-6.2539	-13.107	7.1519	5.499	3.4779	1.5123	3.0933	-1.0334	-1.1806	-2.7425	0.073168	-0.19056	-0.59097	0.24663	-2.3704	153.65	-39.434	-68.129	42.701	-61.908	10.731	-5.0028	19.992	0.011891	-2.0946	-39.154	21.242	2.0602
-6.2266	-14.878	8.2439	5.5697	2.2202	2.0838	3.4724	-1.0268	-1.0499	-3.1293	-0.02761	0.25235	-0.8433	0.31907	1.0955	-70.848	43.68	2.8293	-50.308	22.857	15.163	0.26217	5.2294	-15.472	-4.0311	17.716	-10.093	2.8977
-6.1924	-12.016	7.4087	4.6357	2.0905	2.723	3.182	-1.3109	-0.91076	-2.9601	-0.50342	0.71179	-1.082	0.23	1.3656	114.51	-33.409	-37.358	-5.1859	25.57	-11.616	-11.364	5.5653	6.7658	-19.032	18.378	-9.5471	-3.563
-5.148	6.2708	8.386	-0.61149	2.7979	-3.3141	2.3892	0.55054	-2.2795	-1.1962	1.3978	0.28069	-1.8285	-0.84061	41.776	731.46	39.093	-209.89	28.294	-241.48	-31.714	74.459	-54.75	70.558	76.047	-17.244	-29.861	-42.824
-4.4127	25.322	7.959	-3.11	1.4635	-4.9338	2.7043	-0.32953	-1.4241	-0.7339	2.0025	0.95476	-2.3348	-1.9137	29.412	762.05	-17.078	-99.942	-53.376	-64.789	12.605	-35.203	34.218	18.492	24.189	26.962	-20.252	-42.924
-4.0859	25.286	6.6312	-1.8328	0.035732	-3.7116	3.0029	-0.95059	-0.93148	-0.61626	1.6671	1.1717	-2.1893	-2.6871	13.073	-1.4319	-53.115	51.088	-57.11	48.887	11.944	-24.842	19.704	4.7058	-13.415	8.676	5.8209	-30.936
-4.2651	22.172	6.6849	0.14133	-0.34891	-3.3794	3.0095	-1.2159	-0.55898	-0.28705	1.9612	1.1454	-2.4028	-2.6687	-7.166	-124.55	2.15	78.967	-15.386	13.29	0.26497	-10.612	14.9	13.168	11.765	-1.0516	-8.5405	0.73738
-4.7756	14.865	7.0408	2.9716	-0.10692	-1.8607	2.2654	-2.2222	-0.011681	-0.26618	1.2555	2.083	-2.9155	-1.7721	-20.42	-292.29	14.235	113.21	9.6794	60.746	-29.767	-40.251	21.892	0.83458	-28.229	37.507	-20.509	35.862
-5.5038	13.256	-2.431	9.0419	-0.15411	2.1619	0.79399	-5.1968	2.3193	1.1071	1.7181	-1.3267	-0.90443	-0.88513	-29.129	-64.392	-378.87	242.81	-1.8874	160.9	-58.855	-118.98	93.241	54.933	18.503	-136.39	80.443	35.479
-5.5115	14.743	-15.854	9.8129	-0.68003	3.8111	3.2132	-2.4541	2.4141	0.46273	0.73276	-2.9252	1.0873	0.96122	-0.30919	59.485	-536.92	30.841	-21.037	65.97	96.769	109.71	3.789	-25.776	-39.413	-63.94	79.671	73.854
-5.4396	10.492	-22.842	7.3327	-3.6469	0.27435	0.62941	-1.8861	4.3312	1.5393	2.0462	-0.65979	1.3961	1.0271	2.8785	-170.01	-279.53	-99.209	-118.67	-141.47	-103.35	22.718	76.686	43.063	52.539	90.615	12.349	2.6365
-5.4696	2.1643	-22.707	10.828	-4.1258	1.2348	1.5017	-1.6939	2.2481	0.58519	1.382	-0.857	0.51826	1.0426	-1.2019	-333.12	5.4162	139.8	-19.158	38.416	34.889	7.6898	-83.323	-38.164	-26.57	-7.8884	-35.112	0.62017
-5.1519	-0.11508	-26.643	10.566	-3.2906	-0.79121	1.3291	-1.0462	2.7164	-0.51323	0.17959	0.2542	0.16654	1.475	12.707	-91.175	-157.42	-10.446	33.41	-81.039	-6.9019	25.907	18.73	-43.937	-48.096	44.448	-14.069	17.296
-4.8035	1.5262	-29.183	10.713	-2.4291	2.463	2.6088	-0.23549	2.0851	-0.36585	1.2624	0.18569	-0.66116	0.19122	13.938	65.652	-101.63	5.8593	34.458	130.17	51.187	32.429	-25.252	5.8955	43.312	-2.7405	-33.108	-51.352
-4.5725	4.5246	-29.325	11.155	-2.0782	-1.1321	3.8654	-3.2121	3.0031	1.8821	-0.23362	0.14568	0.41169	0.7032	9.2385	119.93	-5.6624	17.7	14.037	-143.8	50.264	-119.06	36.722	89.917	-59.84	-1.6005	42.914	20.479
-4.9676	13.159	-22.193	12.337	2.2197	-3.7042	3.2228	-4.0392	-0.092752	0.4029	-1.5281	0.85083	0.17407	0.39449	-15.804	345.36	285.29	47.248	171.91	-102.88	-25.705	-33.084	-123.84	-59.167	-51.778	28.206	-9.5045	-12.348
-6.2364	-7.615	-12.036	9.738	4.1531	-3.4609	1.727	-2.9964	-2.0021	-0.47144	0.33923	0.34315	0.016675	0.63093	-50.752	-830.94	406.27	-103.95	77.337	9.7309	-59.83	41.711	-76.375	-34.974	74.692	-20.307	-6.2959	9.4577
-11.574	-57.65	-13.305	5.1131	2.8529	-0.065261	1.5656	0.71127	0.21057	-0.12898	-1.3083	-0.40546	-1.2103	0.12724	-213.51	-2001.4	-50.748	-185	-52.008	135.83	-6.4559	148.31	88.508	13.698	-65.901	-29.944	-49.079	-20.148
-13.444	-68.746	-15.751	0.99516	1.3454	2.1392	1.8502	1.3777	1.6617	-0.016058	1.6548	1.2693	0.0085445	-0.7616	-74.816	-443.84	-97.868	-164.72	-60.3	88.178	11.384	26.656	58.045	4.517	118.52	66.99	48.754	-35.554
-13.722	-67.156	-15.05	0.53801	0.75789	0.84154	2.7125	-0.20685	1.032	0.19192	0.4713	-1.2609	0.15997	1.2429	-11.092	63.604	28.062	-18.286	-23.5	-51.906	34.491	-63.381	-25.187	8.319	-47.341	-101.21	6.057	80.179
-13.618	-65.524	-15.858	1.1726	1.3077	1.4835	1.8396	1.3564	1.0881	-1.5357	0.16412	-0.82736	-0.60712	0.28759	4.142	65.285	-32.343	25.384	21.993	25.68	-34.914	62.53	2.2438	-69.105	-12.287	17.342	-30.683	-38.211
-13.51	-63.258	-15.864	1.4548	0.37516	1.9105	1.1781	0.4758	1.144	-0.58955	2.0579	-0.367	0.17002	-0.25282	4.3468	90.628	-0.21987	11.287	-37.302	17.08	-26.46	-35.224	2.2354	37.846	75.752	18.415	31.085	-21.616
-13.356	-65.199	-16.953	1.9389	2.3399	1.3066	0.81608	-0.63191	-0.95363	-1.5983	-0.07666	-0.28306	0.1368	0.72161	6.1349	-77.626	-43.573	19.363	78.589	-24.158	-14.482	-44.308	-83.905	-40.351	-85.383	3.3573	-1.3288	38.977
-13.463	-68.675	-16.49	0.15996	-0.26836	2.4302	1.1516	-0.16416	0.80093	1.2178	2.2213	0.31369	2.513	0.37252	-4.263	-139.07	18.535	-71.156	-104.33	44.943	13.421	18.71	70.182	112.64	91.917	23.87	95.047	-13.964
-8.3285	-40.08	-3.1862	4.799	7.1666	-1.9531	-3.135	0.33253	1.7201	0.12603	-1.4065	-0.42786	1.356	-0.090607	205.37	1143.8	532.14	185.56	297.4	-175.33	-171.46	19.868	36.766	-43.67	-145.11	-29.662	-46.279	-18.525
-4.563	4.6103	2.9205	2.6162	10.185	-1.421	-3.0356	-0.64395	-0.38671	0.64468	-2.3745	-0.030559	0.6377	-0.18191	150.62	1787.6	244.27	-87.313	120.74	21.281	3.9734	-39.059	-84.272	20.746	-38.721	15.892	-28.733	-3.6522
-3.3039	39.089	1.601	-0.96513	11.027	0.062651	-4.0817	-2.5509	-0.63265	-0.18067	-3.2797	-0.15038	0.79329	-0.44537	50.364	1379.1	-52.78	-143.25	33.691	59.348	-41.841	-76.277	-9.8374	-33.014	-36.206	-4.7928	6.2238	-10.538
-2.9581	39.879	-0.41031	-0.92033	11.425	-0.64058	-5.3893	-2.6059	-0.08827	-0.77946	-3.9335	-0.079318	0.10032	-1.3142	13.835	31.621	-80.452	1.7917	15.921	-28.129	-52.306	-2.2008	21.775	-23.952	-26.153	2.8424	-27.719	-34.754
-3.0885	36.013	-1.6988	0.69542	12.227	-1.2004	-4.8157	-0.99024	0.71552	-1.1868	-3.8932	0.70215	-0.98028	-2.1959	-5.2161	-154.67	-51.54	64.63	32.051	-22.394	22.946	64.626	32.152	-16.294	1.6086	31.259	-43.224	-35.269
-3.098	31.895	-0.53849	0.80268	13.735	-2.3771	-3.5916	-1.0305	1.3873	-2.0317	-3.9079	0.82101	-1.4992	-2.5205	-0.38023	-164.71	46.413	4.2907	60.318	-47.066	48.964	-1.6084	26.873	-33.795	-0.58491	4.7545	-20.757	-12.985
-3.157	27.769	-0.71876	1.9872	13.504	-1.2337	-4.1353	0.055132	0.7861	-1.7011	-4.8551	1.3274	-1.8369	-2.8916	-2.361	-165.03	-7.2105	47.379	-9.2219	45.734	-21.748	43.423	-24.05	13.224	-37.888	20.255	-13.507	-14.844
-3.3455	28.074	-1.6526	1.8549	11.854	0.88838	-3.2616	-0.27056	0.44348	-2.9229	-4.1592	2.3192	-2.5715	-3.5337	-7.5424	12.171	-37.354	-5.291	-66.013	84.884	34.946	-13.028	-13.705	-48.872	27.834	39.672	-29.386	-25.68
-3.6831	20.205	0.90993	0.3039	13.788	0.75751	-2.6793	-1.4971	1.7782	-1.9399	-5.8242	1.2468	-1.8158	-2.5991	-13.503	-314.75	102.5	-62.04	77.388	-5.2349	23.293	-49.062	53.388	39.318	-66.598	-42.896	30.23	37.381
-4.345	7.1234	5.6775	-0.046006	12.696	1.3911	-1.5292	-2.3678	0.57821	0.34482	-5.9532	-0.035435	-1.686	-1.5861	-26.474	-523.26	190.7	-13.996	-43.691	25.342	46.005	-34.828	-47.999	91.39	-5.1599	-51.289	5.1909	40.522
-5.5871	-24.277	6.1815	6.0972	8.9783	2.7838	-2.1194	-1.7892	1.8927	-0.50552	-3.2895	-1.1619	-1.4933	-1.4628	-49.684	-1256	20.16	245.73	-148.72	55.709	-23.609	23.144	52.581	-34.014	106.55	-45.057	7.7086	4.9312
-10.697	-61.465	-7.8256	5.9619	4.707	3.3415	2.2939	1.3614	1.8458	1.3381	0.73766	-0.86024	0.38115	-0.050659	-204.42	-1487.5	-560.29	-5.4086	-170.85	22.31	176.53	126.03	-1.8785	73.744	161.09	12.065	74.977	56.485
-13.472	-67.41	-13.102	1.3217	2.1654	2.1292	2.4962	2.3978	1.5605	0.86798	0.5323	-0.19202	-0.73142	-0.44666	-110.97	-237.77	-211.04	-185.61	-101.67	-48.494	8.0919	41.454	-11.41	-18.804	-8.2145	26.729	-44.503	-15.84
-13.597	-69.998	-14.24	0.22653	-0.55625	0.90515	1.1764	1.6658	1.9488	0.099449	0.16482	-1.1853	0.00072656	1.1235	-4.9928	-103.54	-45.558	-43.806	-108.87	-48.962	-52.791	-29.278	15.532	-30.741	-14.699	-39.73	29.286	62.805
-13.714	-65.793	-12.831	1.4175	0.12358	0.52091	-1.1891	0.45278	0.50416	-1.6187	0.042376	0.51794	1.4073	1.408	-4.7094	168.21	56.361	47.64	27.193	-15.37	-94.623	-48.522	-57.787	-68.727	-4.8978	68.128	56.261	11.383
-13.641	-68	-15.17	1.5461	0.9719	0.96029	0.69892	1.1931	0.48688	-0.54155	0.046014	0.19465	0.53007	0.068392	2.9233	-88.275	-93.553	5.1432	33.933	17.576	75.522	29.611	-0.6914	43.087	0.1455	-12.932	-35.088	-53.586
-13.655	-66.315	-13.49	0.07963	0.4391	-0.44977	-0.024351	1.0136	2.2213	1.2386	0.23634	-0.88481	-0.55571	0.46115	-0.54889	67.398	67.199	-58.659	-21.312	-56.403	-28.931	-7.1793	69.375	71.204	7.6129	-43.178	-43.431	15.71
-7.9498	-38.115	1.2249	1.8525	0.54137	0.89327	-0.12451	-2.4746	0.15971	1.8002	0.55539	-0.35758	1.2834	0.54325	228.21	1128	588.61	70.915	4.0911	53.722	-4.0063	-139.53	-82.462	22.466	12.762	21.089	73.565	3.2841
-7.2187	-0.56908	5.3924	-0.055943	1.4372	-0.36876	1.1905	-3.3204	0.76631	1.5271	0.80943	0.028169	1.8501	1.2478	29.247	1501.8	166.7	-76.338	35.832	-50.481	52.599	-33.832	24.264	-10.926	10.162	15.43	22.668	28.183
-6.5558	-2.5273	3.098	-2.1352	-6.2912	0.75822	0.15498	2.127	1.4446	1.7989	1.1291	-0.020763	0.36467	0.30103	26.514	-78.328	-91.776	-83.17	-309.13	45.079	-41.419	217.9	27.132	10.873	12.785	-1.9573	-59.418	-37.871
-6.117	2.0136	-0.25053	-8.8127	-11.692	1.1112	0.068671	-0.30555	-2.7005	3.6052	0.76013	-0.0038259	1.6873	0.054857	17.554	181.64	-133.94	-267.1	-216.03	14.12	-3.4525	-97.302	-165.8	72.253	-14.757	0.67747	52.903	-9.8468
-6.0552	0.88847	0.66128	-7.8886	-13.026	1.1504	0.44536	-0.35764	-1.6006	4.5177	0.15289	-0.44319	-0.11672	-0.66847	2.4686	-45.007	36.473	36.964	-53.367	1.5673	15.067	-2.0838	43.994	36.499	-24.29	-17.575	-72.159	-28.933
-6.1416	-1.8272	3.6629	-4.6293	-13.253	2.5532	2.3341	-1.25	-2.2034	2.8762	1.7947	0.41692	-1.0896	-0.16406	-3.4551	-108.63	120.06	130.37	-9.0974	56.113	75.551	-35.695	-24.111	-65.657	65.672	34.405	-38.914	20.176
-4.6072	2.2845	11.42	3.7192	-10.761	3.2588	3.1599	0.082676	-1.9381	3.963	1.2518	0.37129	-0.56956	-0.41149	61.379	164.47	310.28	333.94	99.715	28.223	33.031	53.308	10.614	43.47	-21.715	-1.8255	20.8	-9.897
-3.693	21.124	15.523	2.2508	-13.037	2.8261	1.8054	0.017067	-4.2368	3.966	0.69101	-0.25124	1.2235	-0.36867	36.568	753.56	164.13	-58.736	-91.037	-17.308	-54.182	-2.6244	-91.948	0.12007	-22.432	-24.901	71.722	1.7126
-3.1899	19.477	15.605	0.3303	-11.169	1.9288	2.043	-2.0318	-4.8438	4.066	0.21534	0.76499	0.43459	-0.80139	20.123	-65.859	3.2908	-76.819	74.686	-35.89	9.5041	-81.955	-24.282	4.0014	-19.027	40.649	-31.556	-17.309
-3.1441	16.877	16.497	0.73833	-10.696	2.104	1.3233	-1.993	-5.8259	3.916	0.47926	1.1963	-0.01511	-0.68939	1.8309	-103.99	35.663	16.321	18.922	7.0049	-28.788	1.5512	-39.282	-5.9997	10.557	17.251	-17.988	4.4803
-3.2006	13.58	18.011	1.2086	-11.043	2.204	1.4863	-1.9779	-6.457	3.6931	0.78403	1.2173	0.12955	-0.81615	-2.2584	-131.91	60.573	18.809	-13.867	4.0025	6.5217	0.6042	-25.245	-8.9163	12.191	0.84155	5.7866	-5.0706
-3.5632	9.2099	18.415	2.7203	-10.39	1.7645	0.97247	-0.35949	-6.0426	2.0477	1.3413	0.21817	1.083	-1.2954	-14.505	-174.79	16.153	60.469	26.139	-17.583	-20.554	64.737	16.575	-65.817	22.291	-39.965	38.137	-19.169
-4.4374	-1.7244	18.588	5.0553	-9.1733	1.0179	1.8039	-0.039618	-4.8727	0.7079	1.4237	0.25365	0.17748	-0.17975	-34.969	-437.37	6.9267	93.402	48.65	-29.864	33.257	12.795	46.796	-53.593	3.2947	1.4191	-36.22	44.625
-6.2735	-29.008	11.011	6.5106	-4.6112	-0.65951	1.8099	0.37614	-1.0393	-0.58166	0.10696	0.5406	1.4035	0.22898	-73.444	-1091.3	-303.1	58.209	182.48	-67.095	0.24055	16.63	153.34	-51.582	-52.668	11.478	49.04	16.349
-10.921	-62.284	-6.501	5.9385	3.5992	2.6658	2.0474	1.3428	1.7011	0.24788	-0.77226	-0.21543	0.8467	1.1674	-185.88	-1331	-700.47	-22.883	328.42	133.01	9.5001	38.666	109.62	33.181	-35.169	-30.241	-22.271	37.539
-13.334	-65.514	-11.957	1.5814	0.027357	1.8736	1.2906	0.36152	1.7154	-0.4785	0.8004	0.48989	0.48154	1.5764	-96.516	-129.21	-218.24	-174.28	-142.87	-31.687	-30.271	-39.251	0.57377	-29.055	62.906	28.213	-14.606	16.359
-13.709	-67.723	-14.308	0.35522	1.3177	1.1041	0.71464	-1.1912	-0.16978	0.28764	0.61354	0.27949	-0.081118	-0.71365	-15.027	-88.369	-94.024	-49.046	51.614	-30.781	-23.04	-62.109	-75.409	30.646	-7.4743	-8.4161	-22.506	-91.603
-13.79	-68.072	-14.911	-0.40553	-0.036999	0.8811	-0.065286	0.11001	1.453	0.043404	0.99278	1.7453	1.1612	-0.79949	-3.2139	-13.967	-24.131	-30.43	-54.188	-8.9201	-31.197	52.048	64.912	-9.7695	15.169	58.633	49.694	-3.4335
-13.636	-68.679	-14.31	-2.267	0.78589	1.9399	0.95493	1.592	0.58794	0.033405	1.3352	0.46553	-0.074683	-0.16395	6.1313	-24.282	24.015	-74.459	32.915	42.352	40.809	59.28	-34.603	-0.39994	13.699	-51.192	-49.437	25.421
-10.373	-37.21	-3.5185	-1.5958	-1.4603	-0.20211	0.39406	-0.59532	1.5366	-0.64024	-0.3465	-1.8588	-0.64847	0.24201	130.55	1258.8	431.68	26.847	-89.848	-85.681	-22.435	-87.493	37.947	-26.946	-67.27	-92.975	-22.951	16.238
-9.8357	-20.485	-4.8214	-1.7723	-0.15042	0.24431	0.059953	-1.8575	1.373	-0.20544	0.21648	-1.014	-0.3736	1.2531	21.473	669	-52.113	-7.0603	52.396	17.857	-13.364	-50.487	-6.5436	17.392	22.519	33.795	10.994	40.443
-6.6161	-21.128	2.6134	4.6032	2.5727	5.6883	-3.0953	-2.2737	0.85287	1.9359	0.28804	-0.45039	0.033384	-0.298	128.78	-25.726	297.39	255.02	108.93	217.76	-126.21	-16.65	-20.806	85.655	2.8623	22.543	16.28	-62.043
-5.4369	20.15	6.883	-3.8864	4.5463	2.2353	-4.388	0.08158	0.2814	1.8132	-0.32201	-0.98075	0.35508	-1.5585	47.166	1651.1	170.78	-339.58	78.944	-138.12	-51.709	94.212	-22.859	-4.9087	-24.402	-21.214	12.868	-50.419
-5.3333	12.58	6.6095	-3.3081	6.3434	1.0053	-4.0924	-1.7235	0.98691	0.93725	-0.27507	-0.98967	-1.2121	-0.86252	4.147	-302.79	-10.94	23.13	71.881	-49.199	11.825	-72.204	28.22	-35.039	1.8775	-0.35663	-62.689	27.839
-6.1051	-16.368	6.5139	8.0766	4.131	0.86951	-0.26607	-3.0999	3.0835	-0.4396	-2.5864	0.61167	-2.1472	0.99702	-30.872	-1157.9	-3.824	455.39	-88.495	-5.4331	153.05	-55.056	83.862	-55.074	-92.451	64.054	-37.401	74.382
-6.5986	-19.635	5.8327	9.9704	3.3484	0.86112	0.71284	-3.4202	3.5562	-0.77332	-2.6571	1.1101	-1.6051	0.17981	-19.743	-130.69	-27.246	75.754	-31.302	-0.33566	39.156	-12.811	18.909	-13.349	-2.8313	19.935	21.683	-32.689
-6.759	-19.332	5.3941	9.6329	3.4421	0.61068	0.87629	-3.1491	3.3387	-1.1048	-2.0676	1.0499	-2.1631	0.81132	-6.4131	12.107	-17.545	-13.502	3.7483	-10.018	6.5382	10.844	-8.7003	-13.261	23.583	-2.4057	-22.319	25.261
-6.7643	-21.508	5.8299	9.8988	3.1388	0.8854	1.1328	-3.7313	3.0367	-0.29499	-1.9861	0.85278	-2.2471	0.60764	-0.21417	-87.02	17.432	10.639	-12.135	10.989	10.259	-23.287	-12.077	32.394	3.2581	-7.8852	-3.3626	-8.1472
-6.8626	-23.843	6.1204	10.385	3.4594	1.0176	0.17316	-2.886	2.3097	0.20762	-2.2536	0.51169	-1.5305	0.67573	-3.9296	-93.403	11.619	19.438	12.827	5.287	-38.384	33.809	-29.08	20.104	-10.701	-13.644	28.665	2.7234
-7.03	-26.186	6.1598	10.764	3.3598	1.8708	0.18012	-3.3845	2.2625	0.52294	-2.6151	1.9187	-2.2906	-0.045007	-6.6988	-93.711	1.5772	15.167	-3.9871	34.129	0.27817	-19.937	-1.8897	12.613	-14.458	56.28	-30.405	-28.829
-7.2669	-30.725	5.6318	11.631	4.9527	1.1158	0.9803	-3.6451	1.7528	0.30946	-1.4124	0.85779	-2.0786	0.17667	-9.4762	-181.59	-21.121	34.677	63.716	-30.201	32.007	-10.426	-20.388	-8.539	48.106	-42.436	8.482	8.867
-7.7196	-38.115	3.999	12.962	7.1362	1.2507	-0.42271	-2.3242	1.4564	0.72164	-0.9142	-1.0777	-1.1448	1.7147	-18.106	-295.6	-65.311	53.232	87.342	5.395	-56.12	52.838	-11.856	16.487	19.93	-77.421	37.349	61.521
-8.6781	-45.45	0.79744	12.433	6.1417	3.9424	1.3318	-0.62122	0.96015	-1.5807	-0.92517	-0.55238	0.3765	1.9131	-38.34	-293.39	-128.06	-21.162	-39.78	107.67	70.181	68.117	-19.85	-92.094	-0.43876	21.014	60.854	7.9369
-6.5085	19.345	-10.183	-4.9843	2.5127	-3.5893	1.8169	-0.19858	1.409	0.65752	0.11592	0.95279	1.0305	0.6164	86.784	2591.8	-439.21	-696.68	-145.16	-301.27	19.405	16.906	17.953	89.529	41.643	60.207	26.159	-51.868
-4.3014	30.925	-6.2118	3.5069	4.5585	-0.47512	1.2508	-2.572	0.83941	-1.0547	-0.19143	-0.55309	0.88433	0.74076	88.283	463.21	158.83	339.65	81.831	124.57	-22.647	-94.935	-22.782	-68.49	-12.294	-60.235	-5.8462	4.9746
-3.582	35.725	3.9381	-0.47636	5.8853	0.99698	-4.4057	-3.0651	-0.21379	-0.21837	-1.7824	-0.14716	0.042652	0.19554	28.777	191.98	406	-159.33	53.072	58.884	-226.26	-19.725	-42.128	33.454	-63.64	16.237	-33.667	-21.809
-3.162	35.808	3.4199	-1.3653	6.859	-0.10725	-5.4815	-2.2232	-0.99399	0.48593	-1.47	-0.26733	0.67107	-1.2234	16.798	3.3416	-20.726	-35.556	38.952	-44.169	-43.031	33.675	-31.208	28.172	12.497	-4.8071	25.137	-56.757
-3.0113	39.284	2.3888	-1.3691	7.1632	-0.73902	-5.6831	-2.292	-0.50029	0.21963	-1.1094	-0.5044	0.83771	-1.2058	6.028	139.03	-41.247	-0.1539	12.168	-25.271	-8.0642	-2.7525	19.748	-10.652	14.425	-9.4826	6.6656	0.70438
-2.922	37.434	2.5981	-0.53576	6.5977	0.016207	-6.5341	-2.0993	-0.4558	-0.061256	-1.1482	-0.42848	1.2142	-0.83263	3.5737	-73.99	8.3754	33.334	-22.624	30.209	-34.042	7.7097	1.7795	-11.235	-1.5515	3.0368	15.061	14.926
-3.1602	38.179	1.4098	-0.37104	7.0293	-0.022636	-6.6853	-1.7025	-0.13938	-0.0099812	-1.7726	0.022797	0.66963	-1.0242	-9.5299	29.782	-47.534	6.5887	17.268	-1.5537	-6.0448	15.869	12.657	2.051	-24.976	18.051	-21.784	-7.6648
-3.5046	33.368	1.0304	0.75773	8.284	-1.1399	-5.3778	-1.8772	0.76454	-0.63356	-2.1581	0.65834	0.17585	-1.7891	-13.775	-192.41	-15.178	45.151	50.185	-44.69	52.297	-6.9877	36.157	-24.943	-15.422	25.422	-19.752	-30.593
-3.9891	25.661	0.35671	2.1304	9.9545	-0.52435	-5.0446	-1.6148	2.0786	-1.3256	-2.9161	1.7671	-0.87388	-2.3711	-19.379	-308.29	-26.946	54.908	66.822	24.621	13.33	10.497	52.561	-27.68	-30.318	44.349	-41.989	-23.282
-4.8768	10.152	-0.39897	4.9999	10.052	0.13183	-4.0552	-0.84459	3.2293	-2.8614	-3.2869	1.8146	-1.146	-2.6717	-35.51	-620.37	-30.227	114.78	3.8999	26.247	39.572	30.808	46.03	-61.433	-14.833	1.9007	-10.884	-12.022
-6.4533	-10.137	-8.2436	5.3829	10.616	2.7822	-2.6242	-5.9628	5.2945	-2.3914	-4.6888	2.5031	-1.3877	-0.15782	-63.057	-811.57	-313.79	15.318	22.541	106.02	57.243	-204.73	82.608	18.8	-56.078	27.538	-9.6693	100.55
-8.7547	-28.814	-21.861	-0.79544	9.1759	5.5799	-1.7836	-5.47	7.3533	-1.7386	-4.8904	4.7149	-1.0795	0.904	-92.056	-747.07	-544.7	-247.13	-57.585	111.91	33.623	19.712	82.353	26.111	-8.0638	88.473	12.327	42.473
-10.975	-49.938	-25.775	0.96113	1.7478	0.50973	-2.5427	1.1618	4.1876	-1.4671	-3.1195	4.5333	-0.57612	-0.38452	-88.802	-844.98	-156.54	70.263	-297.12	-202.81	-30.365	265.27	-126.63	10.862	70.836	-7.2644	20.137	-51.541
-12.733	-65.623	-13.371	1.3213	1.3682	0.24538	1.1811	1.479	1.6552	-0.059214	0.46904	1.5866	1.0354	0.35844	-70.323	-627.38	496.16	14.407	-15.184	-10.574	148.95	12.688	-101.3	56.314	143.54	-117.87	64.46	29.719
-13.991	-67.246	-13.664	0.74505	1.1534	-0.90612	0.84184	1.4431	0.52889	-1.3163	-0.38429	1.651	0.83972	1.1807	-50.32	-64.947	-11.729	-23.05	-8.5936	-46.06	-13.57	-1.4345	-45.053	-50.283	-34.133	2.5753	-7.8262	32.891
-14.018	-68.218	-11.37	1.9949	-0.39117	-0.64733	-0.84966	0.32156	0.021581	-0.6493	1.1783	0.19448	0.40119	0.47709	-1.0892	-38.853	91.76	49.995	-61.782	10.351	-67.66	-44.862	-20.292	26.68	62.502	-58.26	-17.541	-28.145
-13.668	-66.521	-14.988	1.1724	0.68744	0.23698	0.19232	-0.61566	-0.3085	0.35658	-0.33863	1.0006	-0.051847	0.13285	14.014	67.856	-144.72	-32.9	43.144	35.372	41.679	-37.489	-13.203	40.235	-60.676	32.246	-18.122	-13.769
-8.7103	-46.347	-8.2758	0.33705	3.7895	1.7968	-0.64305	1.9778	2.0844	-0.08976	-0.75547	0.54247	0.18004	0.23728	198.3	806.96	268.5	-33.414	124.08	62.391	-33.415	103.74	95.718	-17.854	-16.674	-18.327	9.2755	4.1769
-5.5444	13.677	-7.7995	-4.2435	6.5586	-2.8313	-2.1845	0.87681	-0.34995	-0.44378	-2.8203	1.4059	-2.267	0.44372	126.63	2401	19.052	-183.22	110.76	-185.12	-61.657	-44.04	-97.376	-14.161	-82.595	34.537	-97.88	8.2578
-5.4597	26.328	-12.621	-6.1432	6.138	-5.379	-5.2431	0.60203	-0.51937	-0.95683	-1.007	2.6994	-1.5444	1.7403	3.3901	506.01	-192.88	-75.988	-16.821	-101.91	-122.34	-10.991	-6.7768	-20.522	72.532	51.742	28.901	51.864
-5.6276	2.438	-17.965	0.16111	7.8772	-1.5494	-2.6911	-0.15617	0.45818	0.0078341	-1.3993	2.5496	-1.9813	1.2246	-6.7171	-955.59	-213.76	252.17	69.568	153.18	102.08	-30.328	39.102	38.587	-15.693	-5.9953	-17.473	-20.628
-5.9485	-6.7283	-6.5635	6.8747	9.4204	1.8056	-2.0307	-0.9913	0.29964	-1.4826	-1.0443	2.5926	-0.68821	0.43964	-12.837	-366.65	456.08	268.54	61.727	134.2	26.414	-33.405	-6.3417	-59.619	14.204	1.7218	51.723	-31.399
-4.9851	17.669	3.1141	2.7415	7.3891	2.2001	-4.6207	-3.6216	1.0262	0.31514	-3.9578	1.6268	0.77628	0.46818	38.54	975.89	387.1	-165.33	-81.252	15.779	-103.6	-105.21	29.062	71.911	-116.54	-38.632	58.58	1.1416
-4.2933	22.595	3.4228	-0.45368	5.0877	2.0177	-4.6919	-4.7113	1.1471	1.2882	-3.893	0.78015	0.38176	-0.54708	27.669	197.04	12.351	-127.81	-92.057	-7.2943	-2.8466	-43.587	4.8371	38.922	2.5943	-33.866	-15.781	-40.61
-4.2958	24.757	4.6586	-0.8669	2.1536	2.353	-3.6375	-5.9908	0.74225	1.0364	-2.3892	0.46817	0.91568	-0.26359	-0.097078	86.484	49.432	-16.529	-117.36	13.413	42.173	-51.183	-16.195	-10.073	60.151	-12.479	21.357	11.34
-4.238	26.104	4.2422	-0.26092	0.34892	0.035768	-0.47595	-6.6919	1.2448	0.30057	-1.4478	1.0957	-0.030085	-0.53287	2.3111	53.877	-16.66	24.239	-72.189	-92.691	126.46	-28.043	20.1	-29.431	37.654	25.101	-37.83	-10.771
-4.6197	26.208	3.6937	-0.016952	-0.59662	-1.8259	2.4903	-6.0438	1.6857	-1.1385	-0.14955	1.8898	-0.77603	-1.1259	-15.271	4.1492	-21.94	9.7586	-37.822	-74.467	118.65	25.923	17.638	-57.563	51.932	31.762	-29.838	-23.721
-4.835	13.226	10.285	-2.9746	0.31594	-0.25315	-1.208	-0.49601	-1.7763	-2.3404	1.4061	0.11719	0.8083	-1.6887	-8.6093	-519.29	263.67	-118.31	36.503	62.911	-147.93	221.91	-138.48	-48.076	62.225	-70.903	63.373	-22.511
-4.9624	12.726	12.028	-4.3031	0.071581	2.0598	-4.9017	0.85441	-0.32369	-3.7019	3.2222	-0.8172	0.62528	-0.31922	-5.095	-19.965	69.707	-53.138	-9.7744	92.519	-147.75	54.017	58.106	-54.461	72.647	-37.376	-7.3211	54.777
-4.5571	12.42	14.675	-4.9822	-3.0236	2.3794	-3.7751	0.36216	-0.13709	-3.5981	3.2222	-0.44192	1.8589	-2.1607	16.209	-12.262	105.88	-27.162	-123.81	12.782	45.067	-19.69	7.4638	4.1539	-0.00055084	15.011	49.344	-73.657
-3.9737	18.748	13.412	-4.5963	-4.4743	1.4113	-3.4165	0.77754	-1.9458	-1.0684	2.2859	-0.66722	3.0924	-2.2751	23.336	253.13	-50.507	15.434	-58.028	-38.721	14.342	16.615	-72.35	101.19	-37.453	-9.0121	49.341	-4.5793
-3.8973	19.256	13.839	-4.4472	-5.8955	0.79018	-1.814	-0.21437	-3.0149	1.7355	0.80886	-0.25123	2.3159	-1.6308	3.0554	20.313	17.086	5.9646	-56.847	-24.847	64.099	-39.676	-42.761	112.15	-59.081	16.64	-31.059	25.773
-3.7447	19.189	13.947	-4.1569	-6.3298	0.53233	-1.5371	-1.0254	-2.7545	1.6202	0.55256	0.62992	1.2549	-1.0937	6.1047	-2.6915	4.2887	11.613	-17.373	-10.314	11.076	-32.442	10.415	-4.6116	-10.252	35.246	-42.44	21.485
-4.2198	18.853	14.501	-4.3583	-6.4425	1.0916	-1.3984	-0.11472	-3.4208	2.2551	0.40812	0.74782	0.065847	0.14815	-19.003	-13.414	22.183	-8.0581	-4.5062	22.371	5.5504	36.428	-26.651	25.396	-5.7777	4.716	-47.562	49.674
-4.3058	13.127	14.949	-2.9663	-6.7739	1.7219	0.4058	-1.7067	-2.6555	2.5563	0.3885	0.1173	0.0051121	0.028568	-3.4403	-229.05	17.927	55.681	-13.258	25.213	72.167	-63.681	30.609	12.049	-0.78477	-25.221	-2.4294	-4.7834
-4.3886	11.171	13.496	-1.9926	-7.5146	1.2028	1.7364	-3.0178	-2.3433	2.6571	1.4855	0.35106	-0.28425	0.45618	-3.3095	-78.249	-58.137	38.948	-29.629	-20.767	53.225	-52.442	12.488	4.0311	43.878	9.3503	-11.575	17.104
-5.0074	8.4333	16.739	-2.5623	-7.7403	1.5351	1.9006	-3.2645	-3.857	3.1108	1.9388	-1.7513	0.80471	0.27462	-24.755	-109.5	129.73	-22.79	-9.0282	13.292	6.5678	-9.8681	-60.547	18.147	18.135	-84.096	43.559	-7.2623
-4.9069	0.71332	16.683	0.76793	-7.3892	1.3958	2.3063	-3.2139	-2.8232	2.9737	2.4243	-1.2166	-0.4492	0.94956	4.0228	-308.8	-2.2489	133.21	14.046	-5.569	16.225	2.0253	41.353	-5.4836	19.419	21.391	-50.156	26.997
-5.3165	-1.4586	15.141	1.3197	-7.729	2.309	2.5235	-3.1365	-4.0355	2.3929	2.8297	-2.0681	-0.6306	1.3233	-16.384	-86.877	-61.684	22.071	-13.592	36.525	8.6914	3.0949	-48.493	-23.232	16.217	-34.061	-7.256	14.948
-5.8229	-4.6935	15.078	0.5918	-6.9615	2.425	3.2897	-3.1047	-4.4303	2.7421	2.161	-1.0644	-0.7703	0.98793	-20.259	-129.4	-2.5094	-29.117	30.698	4.6434	30.647	1.2723	-15.794	13.971	-26.747	40.15	-5.5881	-13.413
-6.3273	-11.191	13.317	4.8443	-2.8842	3.537	-0.48833	-2.5862	-1.6039	2.0589	2.6399	-0.85962	-1.311	0.029993	-20.174	-259.91	-70.431	170.1	163.09	44.477	-151.12	20.74	113.06	-27.328	19.156	8.1895	-21.628	-38.317
