828423.143290998
758824.397343147
1038270.47315704
1200561.11603292
2059847.65492976
2087772.98250295
803439.354753605
1265887.67924446
1219125.60061613
1130753.18863436
440368.660144318
1168075.39688603
922914.996084686
726959.296651334
438057.685300563
411006.162646634
698870.905366873
1773264.93000006
877268.927064741
939854.190154658
1304615.1437842
480400.429272232
1646182.69933909
491270.972606844
398601.950285873
1051833.04214001
605628.447250961
732640.151725964
1078759.41876489
264543.576155014
662492.202428114
1011175.72372435
30517690.4982828
192888860.940155
