Log_Energy MFCC_1 MFCC_2 MFCC_3 MFCC_4 MFCC_5 MFCC_6 MFCC_7 MFCC_8 MFCC_9 MFCC_10 MFCC_11 MFCC_12 MFCC_13 Log_Energy_D MFCC_1_D MFCC_2_D MFCC_3_D MFCC_4_D MFCC_5_D MFCC_6_D MFCC_7_D MFCC_8_D MFCC_9_D MFCC_10_D MFCC_11_D MFCC_12_D MFCC_13_D
-3.00012020652174 3.51276041304348 4.22206423913043 0.153922956521739 -1.07960217826087 -1.77719309782609 -0.687205032608695 0.716211260869565 -0.0541100108695651 0.1373545 -0.165389782608696 0.1112615 -0.281197847826087 0.130010261956522 10.8770687282609 197.067869565217 -9.06653023913044 -44.8074565217391 8.79444111956522 -1.26530902173913 -10.3756288369565 0.814359239130435 -3.25308655434783 5.92878880434783 -4.20425173913044 -2.07493804347826 5.25050456521739 1.36636817391304
-4.17462365079365 -8.23708873015873 -5.60771142857142 0.943619619047619 0.773881984126984 1.82616015873016 1.47112474603175 -1.11501466666667 0.147806666666667 -0.0873861698412699 0.78039346031746 -0.124984015873016 -0.564756195238095 0.157455593650794 -12.7165473015873 -134.0461 -105.936396825397 16.5572223809524 11.2029603174603 19.6095412698413 15.7245357142857 -18.6699177777778 4.59743015873016 3.64714873015873 4.1982253968254 -0.268406507936508 -13.9940412698413 0.293619047619047
-4.541174375 -5.4037625 -10.221199375 1.7442175 0.703261875 1.864478125 1.59458625 -1.7244875 1.0002875 0.448290625 0.2135429375 -0.1985672875 -0.47733875 0.3740291875 -11.59618125 198.12214375 -311.36 6.0209125 -159.7723125 -14.554025 38.52045 7.63653125 23.357175 8.0117125 37.26779375 0.291925000000002 -0.423125 -1.667155625
-3.13010315789474 6.02547894736842 5.6483252631579 -1.77223852631579 3.44453773684211 2.21397684210526 0.216287894736842 -0.967211578947369 -1.62304789473684 -0.638654736842105 0.0427052631578948 -0.409212105263158 -0.10797 -0.268516894736842 35.5986052631579 285.806789473684 339.704210526316 -220.694 115.457473684211 6.27 -97.6641736842105 35.608447368421 -57.0408631578948 9.43676842105263 -22.6723263157895 -8.34950526315789 -1.58663157894737 -11.6292757894737
-3.41086666666667 2.66130555555556 -0.0828611111111106 2.64138944444444 -0.433783333333333 2.53622266666667 2.67293938888889 -1.64956344444444 -0.329745 -1.06846472222222 0.423972333333333 -0.274507938888889 -0.447978888888889 0.00464433333333332 45.4970055555556 307.786888888889 626.737777777778 23.4985055555556 2.4523 24.5423555555556 -9.42496666666667 1.8085 -73.24605 -41.1836655555555 -20.5789166666667 -30.1875277777778 -24.7237333333333 -2.18878424444444
-2.39623263181818 8.57633395454545 1.62708223181818 -1.02662180590909 0.528359781818182 -0.924706331818182 -1.04230889090909 0.734729981818182 -0.272473981818182 0.344355758181818 -0.371058927272727 -0.0633793868181818 0.300141626545455 -0.202622232272727 0.760955968181818 15.732189 12.3702393181818 -13.3322599090909 -0.886560181818182 -1.00706366818182 -2.32469940909091 0.634574636363636 0.0984165590909092 -2.67126804545455 1.06578132909091 1.14734827272727 1.94288681818182 -0.410086909090909
-2.90422855 3.81218961 2.05986947 -0.155947092 -0.834306051 -0.45500807 -0.652734597 0.214580178 -0.02910201 -0.06324724 0.12234777 -0.20970526 0.3358595434 -0.21614956 -9.48033368 -154.49271 69.0039364 41.0329381 -14.694078 4.0393854 8.1692408 5.9408882 -0.9080785 -0.2519223 -3.06892 -5.6843858 -5.2016602 1.3695055
-4.31476153846154 -5.52371807692308 2.0759 1.27674115384615 0.659911384615385 0.655642307692308 0.806020384615384 -0.936072923076923 0.254818846153846 -0.172265576923077 -0.244580884615385 -0.0654083115384615 -0.518542576923077 -0.139798119230769 -35.4569646153846 -492.075 -83.7741153846154 150.102884615385 -22.1613115384615 25.578045 36.1990961538462 -14.4242961538462 41.2153269230769 5.20091769230769 10.2588615384615 13.6640038461538 -12.8272576923077 -10.1475807692308
-4.11246666666667 -1.5917 2.64968466666667 -4.04780286666667 0.0906286666666666 -0.780797333333333 -0.0977106 -0.444166 0.293634 0.0487483999999999 -0.432962893333333 0.339666333333333 -0.317472666666667 0.751863333333333 63.1765333333333 1243.66866666667 138.795533333333 -88.7916666666667 44.2292133333333 -113.1054 -42.84212 -24.4010333333333 -40.618606 5.34155333333333 -1.40520666666667 -7.82678733333333 -5.68917333333333 -5.91916
-5.04832 -11.4791108 -5.397232 0.2738612 -1.2754532 1.6800528 1.2267044 -0.94153996 0.5709 0.53571868 0.0501234 -0.0881390800000001 -0.011351652 0.3098952 -29.117684 -464.722 196.01452 -26.207184 11.875672 3.7158752 3.078284 30.548956 -23.9301 6.11946 -5.585808 8.58734 12.773032 4.244584
-6.32603636363636 -42.3751818181818 0.657476363636363 2.50731 0.304272727272727 3.53040909090909 1.57314145454545 -1.02008 -0.217889090909091 -0.131224545454545 0.486089090909091 0.551134545454545 0.306581818181818 -0.0181090909090909 -88.965 -1570.82727272727 -25.3443636363636 229.418090909091 -28.5501818181818 48.4568818181818 38.4100909090909 -1.6445 13.5251363636364 5.1255 9.35070909090909 42.6200909090909 2.38981818181818 -1.42162090909091
-4.31141515625 -0.2710515625 -2.6906009375 -0.48720296875 -0.621701875 0.2683896875 0.543134375 0.07010040625 0.8566778125 -0.7515600625 -0.37633375 0.28952784375 0.08397450625 0.24455459375 35.48816875 594.0390625 3.311825 -86.15184375 1.57485625 -31.9938334375 -22.49576875 -18.2894 -12.293978125 -7.026646875 -7.298478125 13.637053125 10.9672109375 -7.4889834375
-4.29771666666667 -7.35285 -6.48761666666667 -7.10781666666667 -2.91474 -2.43198983333333 1.16399 1.1173655 2.0354 -0.22458 1.00107666666667 0.362061833333333 0.664824 0.423 296.411666666667 2923.55 147.659833333333 -441.3425 27.5555 -160.0115 -41.9711666666667 -12.5531 -17.283 -24.2831666666667 10.6635833333333 -30.9021666666667 18.80845 -4.41916666666667
-6.09139090909091 -27.7800390909091 -22.7415272727273 5.01397090909091 0.447036363636364 0.225553636363636 2.75113545454545 -0.144553818181818 1.24606372727273 0.0114554545454546 0.901636090909091 0.565824545454546 0.281409090909091 0.589176363636364 -28.6596 -421.443636363636 -423.835454545455 -34.1779090909091 -59.3835454545455 -30.3431818181818 5.39893636363636 28.0526545454545 42.4223363636364 41.81056 17.7876363636364 14.0744545454545 21.8184454545455 -1.53455454545455
-6.57465333333333 -42.8259041666667 1.72133 3.20073429166667 -2.28222083333333 3.10629 1.88500916666667 -1.26523833333333 -0.0452154166666668 -0.435342375 0.388963416666667 1.00995583333333 -0.139890666666667 0.33147 -68.2082666666667 -981.852916666667 -154.565925 160.998916666667 -18.1301958333333 49.0391166666667 54.9470541666667 -18.2562208333333 36.0839541666667 10.6242458333333 -3.25707916666666 1.149225 4.13895916666667 23.19085
-3.05536666666667 13.2166 -14.461225 3.78513333333333 3.84448333333333 1.88672333333333 1.67141383333333 -1.19283666666667 0.344694166666667 -2.071075 1.38551583333333 -0.058995 -0.972781666666667 0.279464333333333 -7.848975 46.3033833333333 -630.845833333333 228.824166666667 50.5073333333333 -12.9075833333333 29.8287833333333 11.80185 56.4968333333333 -26.4009091666667 5.47725 9.6282 -1.66160166666667 14.6905666666667
